PLAYER,TEAM,W,L,ERA,GS,CG,SHO,SV,SVO,IP,H,R,ER,HR,HB,BB,SO,WHIP,AVG
Brad B Hand,SD,4,4,2.92,82,0,0,0,1,7,89.1,63,32,29,8,1,36,111,1.11,.195
Zach Z Duke,STL,2,1,2.36,81,0,0,0,2,5,61.0,48,16,16,2,4,29,68,1.26,.217
Addison A Reed,NYM,4,2,1.97,80,0,0,0,1,5,77.2,60,18,17,4,0,13,91,0.94,.210
Randall R Delgado,ARI,5,2,4.44,79,0,0,0,0,3,75.0,77,39,37,8,2,36,68,1.51,.265
Hector H Neris,PHI,4,4,2.58,79,0,0,0,2,6,80.1,59,26,23,9,3,30,102,1.11,.202
Jeurys J Familia,NYM,3,4,2.55,78,0,0,0,51,56,77.2,63,25,22,1,1,31,84,1.21,.220
Travis T Wood,CHC,4,0,2.95,77,0,0,0,0,1,61.0,45,24,20,8,1,24,47,1.13,.199
Seunghwan S Oh,STL,6,3,1.92,76,0,0,0,19,23,79.2,55,20,17,5,2,18,103,0.92,.190
Kyle K Barraclough,MIA,6,3,2.85,75,0,0,0,0,4,72.2,45,24,23,1,2,44,113,1.22,.176
Joe J Blanton,LAD,7,2,2.48,75,0,0,0,0,1,80.0,55,23,22,7,2,26,80,1.01,.194
Mark M Melancon,WSH,2,2,1.64,75,0,0,0,47,51,71.1,52,16,13,3,1,12,65,0.90,.204
Fernando F Salas,NYM,3,7,3.91,75,0,0,0,6,11,73.2,63,32,32,12,0,19,64,1.11,.232
Bryan B Shaw,CLE,2,5,3.24,75,0,0,0,1,4,66.2,56,26,24,8,1,28,69,1.26,.230
Felipe F Vázquez Vazquez,PIT,1,6,4.09,75,0,0,0,1,4,77.0,66,39,35,7,6,33,92,1.29,.231
Pedro P Báez Baez,LAD,3,2,3.04,73,0,0,0,0,2,74.0,52,27,25,11,2,22,83,1.00,.195
Dellin D Betances,NYY,3,6,3.08,73,0,0,0,12,17,73.0,54,31,25,5,1,28,126,1.12,.201
Jerry J Blevins,NYM,4,2,2.79,73,0,0,0,2,3,42.0,36,14,13,4,1,15,52,1.21,.229
Sam S Dyson,TEX,3,2,2.43,73,0,0,0,38,43,70.1,63,19,19,5,3,23,55,1.22,.244
Blake B Treinen,WSH,4,1,2.28,73,0,0,0,1,3,67.0,51,19,17,5,0,31,63,1.22,.224
Kelvin K Herrera,KC,2,6,2.75,72,0,0,0,12,15,72.0,57,23,22,6,3,12,86,0.96,.214
Roberto R Osuna,TOR,4,3,2.68,72,0,0,0,36,42,74.0,55,23,22,9,3,14,82,0.93,.206
Ryan R Pressly,MIN,6,7,3.70,72,0,0,0,1,6,75.1,79,34,31,8,2,23,67,1.35,.266
Hunter H Strickland,SF,3,3,3.10,72,0,0,0,3,8,61.0,50,21,21,4,2,19,57,1.13,.221
Carlos C Torres,MIL,3,3,2.73,72,0,0,0,2,5,82.1,65,26,25,8,4,30,78,1.15,.217
Brad B Brach,BAL,10,4,2.05,71,0,0,0,2,7,79.0,57,23,18,7,0,25,92,1.04,.201
Kenley K Jansen,LAD,3,2,1.83,71,0,0,0,47,53,68.2,35,14,14,4,2,11,104,0.67,.150
Nate N Jones,CWS,5,3,2.29,71,0,0,0,3,12,70.2,48,20,18,7,3,15,80,0.89,.190
Brandon B Maurer,SD,0,5,4.52,71,0,0,0,13,19,69.2,65,37,35,7,2,23,72,1.26,.238
Ryan R Dull,OAK,5,5,2.42,70,0,0,0,3,6,74.1,50,23,20,10,1,15,73,0.87,.186
Jeanmar J Gómez Gomez,PHI,3,5,4.85,70,0,0,0,37,43,68.2,78,38,37,6,2,22,47,1.46,.289
David D Hernandez,PHI,3,4,3.84,70,0,0,0,1,3,72.2,77,31,31,11,2,32,80,1.50,.270
Daniel D Hudson,ARI,3,2,5.22,70,0,0,0,5,7,60.1,65,40,35,6,4,22,58,1.44,.269
Andrew A Miller,CLE,10,1,1.45,70,0,0,0,12,14,74.1,42,13,12,8,2,9,123,0.69,.160
J C Ramírez Ramirez,LAA,3,4,4.35,70,0,0,0,2,6,78.2,77,41,38,12,4,22,59,1.26,.257
Marc M Rzepczynski,WSH,1,0,2.64,70,0,0,0,0,1,47.2,46,17,14,1,4,29,46,1.57,.256
Joakim J Soria,KC,5,8,4.05,70,0,0,0,1,8,66.2,70,31,30,10,2,27,68,1.46,.271
Tony T Watson,PIT,2,5,3.06,70,0,0,0,15,20,67.2,52,26,23,10,3,20,58,1.06,.215
Blake B Wood,CIN,6,5,3.99,70,0,0,0,1,6,76.2,72,38,34,9,2,38,81,1.43,.251
Antonio A Bastardo,PIT,3,0,4.52,69,0,0,0,0,2,67.2,60,37,34,11,4,32,74,1.36,.234
Zack Z Britton,BAL,2,1,0.54,69,0,0,0,47,47,67.0,38,7,4,1,0,18,74,0.84,.162
Tyler T Clippard,NYY,4,6,3.57,69,0,0,0,3,6,63.0,54,27,25,10,1,26,72,1.27,.231
Ken K Giles,HOU,2,5,4.11,69,0,0,0,15,20,65.2,60,32,30,8,2,25,102,1.29,.234
Brad B Ziegler,BOS,4,7,2.25,69,0,0,0,22,28,68.0,67,21,17,2,3,26,58,1.37,.261
John J Axford,OAK,6,4,3.97,68,0,0,0,3,10,65.2,65,30,29,6,3,30,60,1.45,.258
Jake J Barrett,ARI,1,2,3.49,68,0,0,0,4,9,59.1,47,25,23,6,3,28,56,1.26,.218
Hunter H Cervenka,MIA,1,0,3.53,68,0,0,0,0,0,43.1,31,19,17,3,1,28,42,1.36,.204
Justin J Grimm,CHC,2,1,4.10,68,0,0,0,0,0,52.2,47,24,24,5,1,23,65,1.33,.234
Javier J López Lopez,SF,1,3,4.05,68,0,0,0,1,3,26.2,24,13,12,3,2,15,15,1.46,.240
Hansel H Robles,NYM,6,4,3.48,68,0,0,0,1,3,77.2,69,32,30,7,1,36,85,1.35,.240
Cody C Allen,CLE,3,5,2.51,67,0,0,0,32,35,68.0,41,23,19,8,0,27,87,1.00,.177
Ryan R Buchter,SD,3,0,2.86,67,0,0,0,1,2,63.0,34,20,20,4,2,31,78,1.03,.160
Jason J Grilli,TOR,7,6,4.12,67,0,0,0,4,8,59.0,44,28,27,10,2,32,81,1.29,.206
Jared J Hughes,PIT,1,1,3.03,67,0,0,0,1,3,59.1,62,24,20,6,5,22,34,1.42,.277
Shawn S Kelley,WSH,3,2,2.64,67,0,0,0,7,9,58.0,41,19,17,9,0,11,80,0.90,.194
A J Ramos,MIA,1,4,2.81,67,0,0,0,40,43,64.0,52,21,20,1,4,35,73,1.36,.223
Fernando F Rodney,MIA,2,4,3.44,67,0,0,0,25,28,65.1,54,27,25,5,5,37,74,1.39,.228
Kevin K Siegrist,STL,6,3,2.77,67,0,0,0,3,8,61.2,42,20,19,10,1,26,66,1.10,.193
Tyler T Thornburg,MIL,8,5,2.15,67,0,0,0,13,21,67.0,38,19,16,6,2,25,90,0.94,.162
Jonathan J Broxton,STL,4,2,4.30,66,0,0,0,0,3,60.2,52,32,29,7,3,24,57,1.25,.229
Jake J Diekman,TEX,4,2,3.40,66,0,0,0,4,5,53.0,36,22,20,4,3,26,59,1.17,.189
Mychal M Givens,BAL,8,2,3.13,66,0,0,0,0,1,74.2,59,28,26,6,6,36,96,1.27,.220
Will W Harris,HOU,1,2,2.25,66,0,0,0,12,15,64.0,52,17,16,3,1,15,69,1.05,.220
Boone B Logan,COL,2,5,3.69,66,0,0,0,1,4,46.1,27,23,19,4,2,20,57,1.01,.166
Justin J Wilson,DET,4,5,4.14,66,0,0,0,1,6,58.2,61,29,27,6,1,17,65,1.33,.263
Tony T Cingrani,CIN,2,5,4.14,65,0,0,0,17,23,63.0,54,30,29,5,3,37,49,1.44,.236
Jim J Johnson,ATL,2,6,3.06,65,0,0,0,20,23,64.2,57,23,22,3,3,20,68,1.19,.236
Michael M Tonkin,MIN,3,2,5.02,65,0,0,0,0,2,71.2,80,46,40,13,3,24,80,1.45,.280
Jose J Álvarez Alvarez,LAA,1,3,3.45,64,0,0,0,0,1,57.1,71,29,22,4,1,15,51,1.50,.298
J. P. J Howell,LAD,1,1,4.09,64,0,0,0,0,0,50.2,56,23,23,4,3,15,44,1.40,.281
Dan D Jennings,CWS,4,3,2.08,64,0,0,0,1,3,60.2,57,18,14,1,3,28,46,1.40,.259
Ross R Ohlendorf,CIN,5,7,4.66,64,0,0,0,2,5,65.2,59,35,34,14,6,32,68,1.39,.237
Oliver O Pérez Perez,WSH,2,3,4.95,64,0,0,0,0,1,40.0,38,22,22,4,7,20,46,1.45,.248
David D Phelps,MIA,7,6,2.28,64,5,0,0,4,10,86.2,61,23,22,6,2,38,114,1.14,.197
Erasmo E Ramírez Ramirez,TB,7,11,3.77,64,1,0,0,2,6,90.2,90,39,38,14,4,26,63,1.28,.265
Carlos C Estévez Estevez,COL,3,7,5.24,63,0,0,0,11,18,55.0,50,32,32,6,5,28,59,1.42,.240
Ian I Krol,ATL,2,0,3.18,63,0,0,0,0,2,51.0,54,19,18,4,3,13,56,1.31,.271
Tommy T Layne,NYY,2,1,3.63,63,0,0,0,1,3,44.2,37,18,18,3,3,21,38,1.30,.230
Ryan R Madson,OAK,6,7,3.62,63,0,0,0,30,37,64.2,63,27,26,7,2,20,49,1.28,.257
Matt M Barnes,BOS,4,3,4.05,62,0,0,0,1,2,66.2,62,32,30,6,3,31,71,1.40,.248
Santiago S Casilla,SF,2,5,3.57,62,0,0,0,31,40,58.0,50,23,23,8,5,19,65,1.19,.235
Jesse J Chavez,LAD,2,2,4.43,62,0,0,0,0,3,67.0,71,36,33,12,2,18,63,1.33,.272
Steve S Cishek,SEA,4,6,2.81,62,0,0,0,25,32,64.0,44,21,20,8,4,21,76,1.02,.190
Neftali N Feliz,PIT,4,2,3.52,62,0,0,0,2,4,53.2,40,21,21,10,1,21,61,1.14,.207
Dan D Otero,CLE,5,1,1.53,62,0,0,0,1,2,70.2,54,14,12,2,0,10,57,0.91,.211
David D Robertson,CWS,5,3,3.47,62,0,0,0,37,44,62.1,53,24,24,6,1,32,75,1.36,.231
Alex A Wilson,DET,4,0,2.96,62,0,0,0,0,4,73.0,68,26,24,5,1,21,49,1.22,.252
Blaine B Boyer,MIL,2,4,3.95,61,0,0,0,1,3,66.0,80,30,29,4,1,17,26,1.47,.305
Louis L Coleman,LAD,2,1,4.69,61,0,0,0,0,2,48.0,45,27,25,5,3,24,45,1.44,.250
Derek D Law,SF,4,2,2.13,61,0,0,0,1,2,55.0,44,13,13,3,0,9,50,0.96,.215
Francisco F Rodríguez Rodriguez,DET,3,4,3.24,61,0,0,0,44,49,58.1,45,24,21,6,1,21,52,1.13,.214
Joe J Biagini,TOR,4,3,3.06,60,0,0,0,1,3,67.2,69,28,23,3,5,19,62,1.30,.259
Mike M Morin,LAA,2,2,4.37,60,0,0,0,0,1,55.2,52,31,27,6,1,15,49,1.20,.250
Pat P Neshek,HOU,2,2,3.06,60,0,0,0,0,0,47.0,33,17,16,6,0,11,43,0.94,.194
Kevin K Quackenbush,SD,7,7,3.92,60,0,0,0,2,3,59.2,55,27,26,8,0,22,42,1.29,.242
Tony T Sipp,HOU,1,2,4.95,60,0,0,0,1,2,43.2,52,26,24,12,1,18,40,1.60,.297
Nick N Vincent,SEA,4,4,3.73,60,0,0,0,3,9,60.1,53,26,25,11,1,15,65,1.13,.231
Matt M Bowman,STL,2,5,3.46,59,0,0,0,0,1,67.2,59,31,26,4,1,20,52,1.17,.229
Aroldis A Chapman,CHC,4,1,1.55,59,0,0,0,36,39,58.0,32,12,10,2,0,18,90,0.86,.158
Luke L Gregerson,HOU,4,3,3.28,59,0,0,0,15,21,57.2,38,23,21,5,2,18,67,0.97,.183
Jeremy J Jeffress,TEX,3,2,2.33,59,0,0,0,27,28,58.0,55,17,15,2,4,18,42,1.26,.255
Josh J Osich,SF,1,3,4.71,59,0,0,0,0,3,36.1,31,20,19,7,3,19,25,1.38,.228
Matt M Albers,CWS,2,6,6.31,58,1,0,0,0,4,51.1,67,44,36,10,3,19,30,1.68,.321
Matt M Bush,TEX,7,2,2.48,58,0,0,0,1,4,61.2,44,18,17,4,1,14,61,0.94,.196
Kevin K Jepsen,TB,2,6,5.98,58,0,0,0,7,11,49.2,62,35,33,12,0,21,35,1.67,.315
Adam A Liberatore,LAD,2,2,3.38,58,0,0,0,0,2,42.2,34,16,16,2,2,17,47,1.20,.219
Adam A Warren,NYY,7,4,4.68,58,1,0,0,0,3,65.1,59,37,34,11,1,29,52,1.35,.244
Fernando F Abad,BOS,1,6,3.66,57,0,0,0,1,5,46.2,40,20,19,4,1,22,41,1.33,.230
Arquimedes A Caminero,SEA,2,3,3.56,57,0,0,0,1,3,60.2,67,31,24,7,5,33,50,1.65,.280
Alex A Colomé Colome,TB,2,4,1.91,57,0,0,0,37,40,56.2,43,12,12,6,2,15,71,1.02,.206
Craig C Kimbrel,BOS,2,6,3.40,57,0,0,0,31,33,53.0,28,22,20,4,4,30,83,1.09,.152
George G Kontos,SF,3,2,2.53,57,0,0,0,0,2,53.1,42,19,15,3,2,20,35,1.16,.219
Jake J Mc Gee,COL,2,3,4.73,57,0,0,0,15,19,45.2,56,25,24,9,3,16,38,1.58,.301
Taylor T Rogers,MIN,3,1,3.96,57,0,0,0,0,0,61.1,63,29,27,7,5,16,64,1.29,.260
Drew D Storen,SEA,4,3,5.23,57,0,0,0,3,4,51.2,56,30,30,7,7,13,48,1.34,.271
Cory C Gearrin,SF,3,2,4.28,56,0,0,0,3,7,48.1,42,24,23,4,1,14,45,1.16,.233
Kyle K Ryan,DET,4,2,3.07,56,0,0,0,0,1,55.2,48,21,19,2,3,15,35,1.13,.234
Dustin D Mc Gowan,MIA,1,3,2.82,55,0,0,0,1,2,67.0,49,26,21,7,2,33,63,1.22,.202
Vidal V Nuño Nuno,SEA,1,1,3.53,55,1,0,0,0,2,58.2,67,23,23,11,2,11,51,1.33,.289
Brett B Cecil,TOR,1,7,3.93,54,0,0,0,0,4,36.2,39,17,16,6,2,8,45,1.28,.269
Xavier X Cedeño Cedeno,TB,3,4,3.70,54,0,0,0,0,5,41.1,36,17,17,2,0,13,43,1.19,.229
Brandon B Kintzler,MIN,0,2,3.15,54,0,0,0,17,20,54.1,59,22,19,5,2,8,35,1.23,.276
Mark M Lowe,DET,1,3,7.11,54,0,0,0,0,1,49.1,57,41,39,12,1,21,49,1.58,.291
Hector H Rondón Rondon,CHC,2,3,3.53,54,0,0,0,18,23,51.0,42,20,20,8,2,8,58,0.98,.225
Robbie R Ross,BOS,3,2,3.25,54,0,0,0,0,0,55.1,47,21,20,2,8,23,56,1.27,.228
Joe J Smith,CHC,2,5,3.46,54,0,0,0,6,9,52.0,47,20,20,8,6,18,40,1.25,.246
Pedro P Strop,CHC,2,2,2.85,54,0,0,0,0,4,47.1,27,16,15,4,4,15,60,0.89,.163
Tony T Barnette,TEX,7,3,2.09,53,0,0,0,0,1,60.1,54,16,14,4,4,16,49,1.16,.242
Liam L Hendriks,OAK,0,4,3.76,53,0,0,0,0,1,64.2,69,31,27,6,1,14,71,1.28,.270
Jeff J Manship,CLE,2,1,3.12,53,0,0,0,0,1,43.1,40,20,15,7,0,22,36,1.43,.241
Zach Z Mc Allister,CLE,3,2,3.44,53,2,0,0,0,1,52.1,53,21,20,6,2,23,54,1.45,.256
Will W Smith,SF,2,4,3.35,53,0,0,0,0,5,40.1,31,19,15,3,1,18,48,1.21,.212
Junichi J Tazawa,BOS,3,2,4.17,53,0,0,0,0,2,49.2,47,23,23,9,1,14,54,1.23,.245
Juan J Nicasio,PIT,10,7,4.50,52,12,0,0,0,2,118.0,117,64,59,15,7,45,138,1.37,.261
Enny E Romero,TB,2,0,5.91,52,0,0,0,1,2,45.2,42,31,30,7,0,28,50,1.53,.244
Joaquin J Benoit,TOR,3,1,2.81,51,0,0,0,1,5,48.0,37,17,15,5,1,24,52,1.27,.210
Mike M Dunn,MIA,6,1,3.40,51,0,0,0,0,4,42.1,43,16,16,5,3,11,38,1.28,.270
Carlos C Villanueva,SD,2,2,5.96,51,0,0,0,1,2,74.0,89,50,49,17,3,14,61,1.39,.297
Trevor T Cahill,CHC,4,4,2.74,50,1,0,0,0,1,65.2,49,22,20,7,5,35,66,1.28,.201
Shane S Greene,DET,5,4,5.82,50,3,0,0,2,3,60.1,58,39,39,3,4,22,59,1.33,.257
Peter P Moylan,KC,2,0,3.43,50,0,0,0,0,0,44.2,42,19,17,4,2,16,34,1.30,.251
Koji K Uehara,BOS,2,3,3.45,50,0,0,0,7,9,47.0,34,18,18,8,2,11,63,0.96,.200
Tom T Wilhelmsen,SEA,2,4,6.80,50,0,0,0,1,4,46.1,60,35,35,11,2,19,28,1.71,.321
Edwin E Díaz Diaz,SEA,0,4,2.79,49,0,0,0,18,21,51.2,45,16,16,5,3,15,88,1.16,.226
Mike M Montgomery,CHC,4,5,2.52,49,7,0,0,0,0,100.0,79,33,28,8,10,38,92,1.17,.219
Chris C Devenski,HOU,4,4,2.16,48,5,0,0,1,1,108.1,79,26,26,4,3,20,104,0.91,.206
Nick N Wittgren,MIA,4,3,3.14,48,0,0,0,0,2,51.2,50,18,18,6,1,10,42,1.16,.254
Michael M Feliz,HOU,8,1,4.43,47,0,0,0,0,3,65.0,55,33,32,10,0,22,95,1.18,.224
Jhan J Mariñez Marinez,MIL,0,1,3.18,46,0,0,0,0,0,62.1,62,25,22,4,6,21,50,1.33,.259
Chris C Withrow,ATL,3,0,3.58,46,0,0,0,0,3,37.2,29,16,15,5,2,17,28,1.22,.213
Andrew A Bailey,LAA,3,1,5.36,45,0,0,0,6,7,43.2,41,26,26,7,2,17,41,1.33,.248
Cam C Bedrosian,LAA,2,0,1.12,45,0,0,0,1,2,40.1,30,7,5,1,2,14,51,1.09,.207
Wade W Davis,KC,2,1,1.87,45,0,0,0,27,30,43.1,33,9,9,0,3,16,47,1.13,.210
Jumbo J Diaz,CIN,1,1,3.14,45,0,0,0,0,1,43.0,36,20,15,8,1,19,37,1.28,.224
Trevor T Rosenthal,STL,2,4,4.46,45,0,0,0,14,18,40.1,48,22,20,3,3,29,56,1.91,.293
Sean S Doolittle,OAK,2,3,3.23,44,0,0,0,4,6,39.0,33,14,14,6,0,8,45,1.05,.231
Deolis D Guerra,LAA,3,0,3.21,44,0,0,0,0,4,53.1,52,23,19,6,2,7,36,1.11,.249
Jim J Henderson,NYM,2,2,4.11,44,0,0,0,0,2,35.0,34,17,16,7,2,14,40,1.37,.248
Trevor T May,MIN,2,2,5.27,44,0,0,0,0,2,42.2,39,26,25,7,2,17,60,1.31,.232
Chad C Qualls,COL,2,0,5.23,44,0,0,0,0,1,32.2,43,22,19,5,0,9,22,1.59,.305
Enrique E Burgos,ARI,1,2,5.66,43,0,0,0,1,4,41.1,38,27,26,5,1,23,43,1.48,.253
Arodys A Vizcaíno Vizcaino,ATL,1,4,4.42,43,0,0,0,10,14,38.2,37,25,19,3,1,26,50,1.63,.240
Danny D Duffy,KC,12,3,3.51,42,26,1,0,0,0,179.2,163,71,70,27,7,42,188,1.14,.241
Edubray E Ramos,PHI,1,3,3.83,42,0,0,0,0,2,40.0,36,18,17,5,0,11,40,1.18,.243
Michael M Blazek,MIL,3,1,5.66,41,0,0,0,0,2,41.1,52,31,26,7,2,27,36,1.91,.311
Mauricio M Cabrera,ATL,5,1,2.82,41,0,0,0,6,7,38.1,31,14,12,0,1,19,32,1.30,.225
Kirby K Yates,NYY,2,1,5.23,41,0,0,0,0,2,41.1,41,24,24,5,4,19,50,1.45,.258
Matt M Belisle,WSH,0,0,1.76,40,0,0,0,0,0,46.0,43,13,9,2,1,7,32,1.09,.244
Scott S Feldman,TOR,7,4,3.97,40,5,0,0,0,1,77.0,87,42,34,10,3,19,56,1.38,.282
Gonzalez G Germen,COL,2,1,5.31,40,0,0,0,1,2,40.2,41,25,24,5,1,25,32,1.62,.266
Luke L Hochevar,KC,2,3,3.86,40,0,0,0,0,4,37.1,31,17,16,6,3,9,40,1.07,.226
Jordan J Lyles,COL,4,5,5.83,40,5,0,0,1,4,58.2,69,46,38,4,4,28,32,1.65,.291
Justin J Miller,COL,1,1,5.70,40,0,0,0,0,0,42.2,50,27,27,6,2,20,45,1.64,.298
Sergio S Romo,SF,1,0,2.64,40,0,0,0,4,4,30.2,26,9,9,5,0,7,33,1.08,.236
Alex A Claudio,TEX,4,1,2.79,39,0,0,0,0,0,51.2,55,19,16,2,1,10,34,1.26,.270
Casey C Fien,LAD,1,1,5.49,39,0,0,0,0,1,39.1,45,24,24,13,0,10,35,1.40,.285
Eric E O' Flaherty,ATL,1,4,6.91,39,0,0,0,0,1,28.2,39,25,22,3,2,11,22,1.74,.320
Heath H Hembree,BOS,4,1,2.65,38,0,0,0,0,2,51.0,51,23,15,6,0,17,47,1.33,.249
Chien- Ming C Wang,KC,6,0,4.22,38,0,0,0,0,0,53.1,60,27,25,6,2,18,30,1.46,.286
Buddy B Boshers,MIN,2,0,4.25,37,0,0,0,0,0,36.0,35,21,17,3,1,7,37,1.17,.248
Clay C Buchholz,BOS,8,10,4.78,37,21,0,0,0,0,139.1,130,80,74,21,5,55,93,1.33,.250
Josh J Fields,LAD,1,0,4.63,37,0,0,0,0,0,35.0,43,22,18,4,1,11,42,1.54,.297
Ryan R Garton,TB,1,2,4.35,37,0,0,0,1,1,39.1,44,20,19,5,0,11,33,1.40,.277
Chris C Hatcher,LAD,5,4,5.53,37,0,0,0,0,1,40.2,40,26,25,8,1,21,43,1.50,.253
Raisel R Iglesias,CIN,3,2,2.53,37,5,0,0,6,8,78.1,63,22,22,7,5,26,83,1.14,.216
Brett B Oberholtzer,LAA,3,3,5.89,37,2,0,0,1,1,70.1,85,47,46,18,1,29,54,1.62,.294
Jonathan J Papelbon,WSH,2,4,4.37,37,0,0,0,19,22,35.0,37,18,17,3,0,14,31,1.46,.270
Bruce B Rondón Rondon,DET,5,2,2.97,37,0,0,0,0,2,36.1,23,12,12,5,3,12,45,0.96,.181
Chasen C Shreve,NYY,2,1,5.18,37,0,0,0,1,1,33.0,29,19,19,8,3,13,33,1.27,.232
Sammy S Solís Solis,WSH,2,4,2.41,37,0,0,0,0,1,41.0,31,12,11,1,1,21,47,1.27,.211
Shawn S Tolleson,TEX,2,2,7.68,37,0,0,0,11,15,36.1,53,32,31,8,0,10,29,1.73,.338
Dylan D Bundy,BAL,10,6,4.02,36,14,0,0,0,0,109.2,109,52,49,18,6,42,104,1.38,.257
Patrick P Corbin,ARI,5,13,5.15,36,24,0,0,1,1,155.2,177,109,89,24,5,66,131,1.56,.286
Carl C Edwards,CHC,0,1,3.75,36,0,0,0,2,3,36.0,15,15,15,4,0,14,52,0.81,.123
Brian B Flynn,KC,1,2,2.60,36,1,0,0,0,0,55.1,38,19,16,5,1,23,44,1.10,.198
Erik E Goeddel,NYM,2,2,4.54,36,0,0,0,0,1,35.2,33,20,18,5,1,14,36,1.32,.234
Alexi A Ogando,ATL,2,1,3.94,36,0,0,0,0,0,32.0,32,18,14,2,1,23,29,1.72,.274
Yusmeiro Y Petit,WSH,3,5,4.50,36,1,0,0,1,2,62.0,67,33,31,12,0,15,49,1.32,.272
Clayton C Richard,SD,3,4,3.33,36,9,0,0,1,1,67.2,81,35,25,4,2,31,41,1.66,.300
A. J. A Schugel,PIT,2,2,3.63,36,0,0,0,1,2,52.0,41,22,21,4,1,13,46,1.04,.216
Trevor T Bauer,CLE,12,8,4.26,35,28,1,0,0,0,190.0,179,96,90,20,9,70,168,1.31,.248
Danny D Coulombe,OAK,3,1,4.53,35,0,0,0,0,1,47.2,37,24,24,6,0,17,54,1.13,.216
Danny D Farquhar,TB,1,0,3.06,35,0,0,0,0,1,35.1,33,14,12,8,4,15,46,1.36,.241
Keone K Kela,TEX,5,1,6.09,35,0,0,0,0,1,34.0,30,23,23,6,3,17,45,1.38,.236
Corey C Knebel,MIL,1,4,4.68,35,0,0,0,2,4,32.2,32,20,17,3,1,16,38,1.47,.252
Michael M Lorenzen,CIN,2,1,2.88,35,0,0,0,0,2,50.0,41,16,16,5,6,13,48,1.08,.224
Bud B Norris,LAD,6,10,5.10,35,19,0,0,0,0,113.0,116,67,64,14,3,49,102,1.46,.265
Luis L Perdomo,SD,9,10,5.71,35,20,1,0,0,0,146.2,187,99,93,23,7,46,105,1.59,.310
David D Price,BOS,17,9,3.99,35,35,2,0,0,0,230.0,227,106,102,30,7,50,228,1.20,.258
Anibal A Sánchez Sanchez,DET,7,13,5.87,35,26,0,0,0,0,153.1,171,108,100,30,5,53,135,1.46,.285
Logan L Verrett,NYM,3,8,5.20,35,12,0,0,0,0,91.2,100,55,53,16,4,43,66,1.56,.283
Vance V Worley,BAL,2,2,3.53,35,4,0,0,1,1,86.2,84,37,34,11,3,35,56,1.37,.261
Madison M Bumgarner,SF,15,9,2.74,34,34,4,1,0,0,226.2,179,79,69,26,8,54,251,1.03,.213
Jhoulys J Chacín Chacin,LAA,6,8,4.81,34,22,1,0,0,0,144.0,153,81,77,14,5,55,119,1.44,.272
Bartolo B Colon,NYM,15,8,3.43,34,33,0,0,0,0,191.2,200,81,73,24,3,32,128,1.21,.268
Jose J Domínguez Dominguez,SD,1,0,5.05,34,0,0,0,0,1,35.2,34,23,20,5,4,17,20,1.43,.258
Darren D O' Day,BAL,3,1,3.77,34,0,0,0,3,5,31.0,25,13,13,6,1,13,38,1.23,.214
Adam A Ottavino,COL,1,3,2.67,34,0,0,0,7,12,27.0,18,9,8,3,2,7,35,0.93,.184
Tanner T Roark,WSH,16,10,2.83,34,33,0,0,0,0,210.0,173,72,66,17,13,73,172,1.17,.228
Fernando F Rodriguez Jr.,OAK,2,0,4.20,34,0,0,0,0,0,40.2,30,19,19,3,1,17,37,1.16,.210
Max M Scherzer,WSH,20,7,2.96,34,34,1,0,0,0,228.1,165,77,75,31,6,56,284,0.97,.199
Dan D Straily,CIN,14,8,3.76,34,31,0,0,0,0,191.1,154,80,80,31,11,73,162,1.19,.220
Justin J Verlander,DET,16,9,3.04,34,34,2,0,0,0,227.2,171,81,77,30,8,57,254,1.00,.207
Edinson E Vólquez Volquez,KC,10,11,5.37,34,34,0,0,0,0,189.1,217,124,113,23,7,76,139,1.55,.286
Chris C Young,KC,3,9,6.19,34,13,0,0,1,1,88.2,104,63,61,28,1,43,94,1.66,.291
Chris C Archer,TB,9,19,4.02,33,33,0,0,0,0,201.1,183,100,90,30,3,67,233,1.24,.238
Jerad J Eickhoff,PHI,11,14,3.65,33,33,0,0,0,0,197.1,187,88,80,30,8,42,167,1.16,.251
Dana D Eveland,TB,0,1,9.00,33,0,0,0,0,0,23.0,32,23,23,3,3,19,21,2.22,.333
Dillon D Gee,KC,8,9,4.68,33,14,0,0,0,0,125.0,146,67,65,24,6,37,89,1.46,.291
Tommy T Hunter,BAL,2,2,3.18,33,0,0,0,0,1,34.0,35,13,12,1,2,8,23,1.26,.273
Hisashi H Iwakuma,SEA,16,12,4.12,33,33,0,0,0,0,199.0,218,95,91,28,5,46,147,1.33,.282
Ian I Kennedy,KC,11,11,3.68,33,33,0,0,0,0,195.2,173,81,80,33,13,66,184,1.22,.236
Tom T Koehler,MIA,9,13,4.33,33,33,0,0,0,0,176.2,176,93,85,22,5,83,147,1.47,.261
Collin C Mc Hugh,HOU,13,10,4.34,33,33,1,0,0,0,184.2,206,92,89,25,5,54,177,1.41,.282
Matt M Moore,SF,13,12,4.08,33,33,0,0,0,0,198.1,184,93,90,25,6,72,178,1.29,.245
Jake J Odorizzi,TB,10,6,3.69,33,33,0,0,0,0,187.2,170,80,77,29,4,54,166,1.19,.241
Martin M Pérez Perez,TEX,10,11,4.39,33,33,0,0,0,0,198.2,205,110,97,18,4,76,103,1.41,.270
Rick R Porcello,BOS,22,4,3.15,33,33,3,0,0,0,223.0,193,85,78,23,13,32,189,1.01,.230
Jose J Ramírez Ramirez,ATL,2,2,3.58,33,0,0,0,0,0,32.2,26,16,13,2,4,18,33,1.35,.220
Hector H Santiago,MIN,13,10,4.70,33,33,0,0,0,0,182.0,169,100,95,33,5,79,144,1.36,.245
James J Shields,CWS,6,19,5.85,33,33,1,0,0,0,181.2,208,122,118,40,8,82,135,1.60,.288
Adam A Wainwright,STL,13,9,4.62,33,33,1,1,0,0,198.2,220,108,102,22,5,59,161,1.40,.287
Elvis E Araujo,PHI,2,1,5.60,32,0,0,0,0,1,27.1,35,22,17,4,2,17,29,1.90,.313
Chad C Bettis,COL,14,8,4.79,32,32,1,1,0,0,186.0,204,107,99,22,7,59,138,1.41,.278
Andrew A Chafin,ARI,0,1,6.75,32,0,0,0,0,1,22.2,22,18,17,1,1,11,28,1.46,.259
Johnny J Cueto,SF,18,5,2.79,32,32,5,2,0,0,219.2,195,71,68,15,8,45,198,1.09,.238
Brian B Ellington,MIA,4,2,2.45,32,0,0,0,0,0,33.0,27,10,9,2,2,16,32,1.30,.223
Doug D Fister,HOU,12,13,4.64,32,32,0,0,0,0,180.1,195,98,93,24,7,62,115,1.43,.276
Jaime J García Garcia,STL,10,13,4.67,32,30,1,1,0,0,171.2,179,94,89,26,7,57,150,1.37,.268
Gio G Gonzalez,WSH,11,11,4.57,32,32,0,0,0,0,177.1,179,98,90,19,9,59,171,1.34,.262
Cole C Hamels,TEX,15,5,3.32,32,32,0,0,0,0,200.2,185,83,74,24,8,77,200,1.31,.243
J. A. J Happ,TOR,20,4,3.18,32,32,0,0,0,0,195.0,168,72,69,22,6,60,163,1.17,.231
Jeremy J Hellickson,PHI,12,10,3.71,32,32,1,1,0,0,189.0,173,86,78,24,6,45,154,1.15,.243
Corey C Kluber,CLE,18,9,3.14,32,32,3,2,0,0,215.0,170,82,75,22,7,57,227,1.06,.216
Jon J Lester,CHC,19,5,2.44,32,32,2,0,0,0,202.2,154,57,55,21,6,52,197,1.02,.211
Kenta K Maeda,LAD,16,11,3.48,32,32,0,0,0,0,175.2,150,72,68,20,8,50,179,1.14,.229
Jimmy J Nelson,MIL,8,16,4.62,32,32,0,0,0,0,179.1,186,108,92,25,17,86,140,1.52,.268
Ricky R Nolasco,LAA,8,14,4.42,32,32,1,1,0,0,197.2,202,104,97,26,5,44,144,1.24,.267
Ivan I Nova,PIT,12,8,4.17,32,26,3,0,1,1,162.0,175,81,75,23,9,28,127,1.25,.275
Michael M Pineda,NYY,6,12,4.82,32,32,0,0,0,0,175.2,184,98,94,27,6,53,207,1.35,.266
Jose J Quintana,CWS,13,12,3.20,32,32,0,0,0,0,208.0,192,76,74,22,4,50,181,1.16,.246
Robbie R Ray,ARI,8,15,4.90,32,32,0,0,0,0,174.1,185,105,95,24,6,71,218,1.47,.267
Chris C Sale,CWS,17,10,3.34,32,32,6,1,0,0,226.2,190,88,84,27,17,45,233,1.04,.227
Jeff J Samardzija,SF,12,11,3.81,32,32,1,0,0,0,203.1,190,88,86,24,1,54,167,1.20,.249
Josh A. J Smith,CIN,3,3,4.68,32,2,0,0,0,0,59.2,57,32,31,11,1,26,48,1.39,.247
Marcus M Stroman,TOR,9,10,4.37,32,32,0,0,0,0,204.0,209,104,99,21,4,54,166,1.29,.264
Yordano Y Ventura,KC,11,12,4.45,32,32,2,0,0,0,186.0,190,96,92,23,8,78,144,1.44,.263
Chase C Anderson,MIL,9,11,4.39,31,30,0,0,0,0,151.2,155,83,74,28,4,53,120,1.37,.266
Jake J Arrieta,CHC,18,8,3.10,31,31,1,1,0,0,197.1,138,72,68,16,6,76,190,1.08,.194
Mike M Fiers,HOU,11,8,4.48,31,30,0,0,0,0,168.2,187,89,84,26,7,42,134,1.36,.280
Brandon B Finnegan,CIN,10,11,3.98,31,31,1,0,0,0,172.0,150,86,76,29,4,84,145,1.36,.236
Kendall K Graveman,OAK,10,11,4.11,31,31,2,1,0,0,186.0,196,87,85,22,7,47,108,1.31,.271
Kyle K Hendricks,CHC,16,8,2.13,31,30,2,1,0,0,190.0,142,53,45,15,8,44,170,0.98,.207
Francisco F Liriano,TOR,8,13,4.69,31,29,0,0,0,0,163.0,157,98,85,26,9,85,168,1.48,.252
Carlos C Martínez Martinez,STL,16,9,3.04,31,31,0,0,0,0,195.1,169,68,66,15,11,70,174,1.22,.233
Jake J Peavy,SF,5,9,5.54,31,21,0,0,0,0,118.2,134,76,73,18,2,36,102,1.43,.282
Joel J Peralta,CHC,1,1,5.93,31,0,0,0,0,2,27.1,30,19,18,9,1,8,33,1.39,.275
Drew D Pomeranz,BOS,11,12,3.32,31,30,0,0,0,0,170.2,137,65,63,22,1,65,186,1.18,.217
Rob R Scahill,MIL,0,0,3.38,31,0,0,0,0,0,34.2,34,14,13,2,4,9,27,1.24,.256
Noah N Syndergaard,NYM,14,9,2.60,31,30,0,0,0,0,183.2,168,61,53,11,2,43,218,1.15,.243
Masahiro M Tanaka,NYY,14,4,3.07,31,31,0,0,0,0,199.2,179,75,68,22,3,36,165,1.08,.236
Jered J Weaver,LAA,12,12,5.06,31,31,1,1,0,0,178.0,209,106,100,37,4,51,103,1.46,.297
R. A. R Dickey,TOR,10,15,4.46,30,29,0,0,0,0,169.2,169,97,84,28,6,63,126,1.37,.258
Kevin K Gausman,BAL,9,12,3.61,30,30,0,0,0,0,179.2,183,76,72,28,5,47,174,1.28,.262
Jason J Hammel,CHC,15,10,3.83,30,30,0,0,0,0,166.2,148,77,71,25,9,53,144,1.21,.239
Mike M Leake,STL,9,12,4.69,30,30,0,0,0,0,176.2,203,101,92,20,7,30,125,1.32,.288
Jeff J Locke,PIT,9,8,5.44,30,19,1,1,0,0,127.1,151,81,77,17,3,44,73,1.53,.298
Tyler T Lyons,STL,2,0,3.38,30,0,0,0,0,0,48.0,35,18,18,9,0,14,46,1.02,.205
Wade W Miley,BAL,9,13,5.37,30,30,1,1,0,0,166.0,187,100,99,25,6,49,137,1.42,.288
Jason J Motte,COL,0,1,4.94,30,0,0,0,0,0,23.2,28,15,13,6,2,8,24,1.52,.286
Chaz C Roe,ATL,2,0,3.64,30,0,0,0,0,1,29.2,22,12,12,2,1,14,37,1.21,.206
C Sabathia,NYY,9,12,3.91,30,30,0,0,0,0,179.2,172,83,78,22,9,65,152,1.32,.250
Aaron A Sanchez,TOR,15,2,3.00,30,30,0,0,0,0,192.0,161,69,64,15,5,63,161,1.17,.224
Ervin E Santana,MIN,7,11,3.38,30,30,2,1,0,0,181.1,168,78,68,19,4,53,149,1.22,.245
Drew D Smyly,TB,7,12,4.88,30,30,0,0,0,0,175.1,174,103,95,32,2,49,167,1.27,.259
Julio J Teheran,ATL,7,10,3.21,30,30,1,1,0,0,188.0,157,70,67,22,9,41,167,1.05,.223
Chris C Tillman,BAL,16,6,3.77,30,30,0,0,0,0,172.0,155,73,72,19,7,66,140,1.28,.244
Josh J Tomlin,CLE,13,9,4.40,30,29,0,0,0,0,174.0,187,97,85,36,3,20,118,1.19,.269
Matt M Andriese,TB,8,8,4.37,29,19,1,1,1,1,127.2,131,64,62,17,1,25,109,1.22,.265
Kyle K Crockett,CLE,0,0,5.06,29,0,0,0,0,0,16.0,16,9,9,0,0,7,17,1.44,.258
Marco M Estrada,TOR,9,9,3.48,29,29,0,0,0,0,176.0,132,73,68,23,4,65,165,1.12,.203
Jose J Fernández Fernandez,MIA,16,8,2.86,29,29,0,0,0,0,182.1,149,63,58,13,6,55,253,1.12,.224
Jon J Gray,COL,10,10,4.61,29,29,1,1,0,0,168.0,153,92,86,18,12,59,185,1.26,.243
Ubaldo U Jiménez Jimenez,BAL,8,12,5.44,29,25,1,0,1,1,142.1,150,93,86,16,3,72,125,1.56,.268
Tommy T Kahnle,CWS,0,1,2.63,29,0,0,0,1,2,27.1,21,8,8,2,0,20,25,1.50,.212
John J Lackey,CHC,11,8,3.35,29,29,0,0,0,0,188.1,146,74,70,23,9,53,180,1.06,.218
Seth S Maness,STL,2,2,3.41,29,0,0,0,0,0,31.2,34,14,12,2,0,8,16,1.33,.274
Jonathon J Niese,NYM,8,7,5.50,29,20,0,0,0,0,121.0,145,77,74,25,3,47,88,1.59,.297
Chris C Rusin,COL,3,5,3.74,29,7,0,0,0,1,84.1,82,36,35,5,3,23,69,1.25,.259
Andrew A Cashner,MIA,5,11,5.25,28,27,0,0,0,0,132.0,142,83,77,19,7,60,112,1.53,.279
Zach Z Davies,MIL,11,7,3.97,28,28,0,0,0,0,163.1,166,79,72,20,6,38,135,1.25,.263
Gavin G Floyd,TOR,2,4,4.06,28,0,0,0,0,1,31.0,23,14,14,4,3,8,30,1.00,.205
Carlos C Rodón Rodon,CWS,9,10,4.04,28,28,0,0,0,0,165.0,176,82,74,23,6,54,168,1.39,.273
Jose J Ureña Urena,MIA,4,9,6.13,28,12,0,0,1,3,83.2,91,59,57,11,6,29,58,1.43,.275
A. J. A Achter,LAA,1,0,3.11,27,0,0,0,0,0,37.2,43,13,13,7,1,12,14,1.46,.295
Luis L Avilán Avilan,LAD,3,0,3.20,27,0,0,0,0,1,19.2,12,8,7,0,2,10,28,1.12,.176
Jacob J Barnes,MIL,0,1,2.70,27,0,0,0,1,1,26.2,24,9,8,1,0,6,26,1.13,.245
Brad B Boxberger,TB,4,3,4.81,27,0,0,0,0,3,24.1,23,13,13,3,2,19,22,1.73,.250
Tyler T Chatwood,COL,12,9,3.87,27,27,0,0,0,0,158.0,147,75,68,15,5,70,117,1.37,.250
Jorge J De La Rosa,COL,8,9,5.51,27,24,0,0,0,0,134.0,157,93,82,23,8,63,108,1.64,.293
Steve S Geltz,TB,0,2,5.74,27,0,0,0,0,1,26.2,24,17,17,11,1,9,23,1.24,.238
Zack Z Godley,ARI,5,4,6.39,27,9,0,0,0,1,74.2,86,54,53,13,4,25,60,1.49,.289
Severino S González Gonzalez,PHI,1,2,5.60,27,0,0,0,0,0,35.1,40,22,22,4,1,7,34,1.33,.286
Nick N Goody,NYY,0,0,4.66,27,0,0,0,0,0,29.0,30,15,15,7,1,12,34,1.45,.265
Matt M Shoemaker,LAA,9,13,3.88,27,27,1,1,0,0,160.0,166,71,69,18,7,30,143,1.23,.266
Michael M Wacha,STL,7,7,5.09,27,24,0,0,0,0,138.0,159,86,78,15,1,45,114,1.48,.289
Matt M Wisler,ATL,7,13,5.00,27,26,0,0,1,1,156.2,159,90,87,26,4,49,115,1.33,.259
Dario D Alvarez,TEX,3,1,5.06,26,0,0,0,0,0,26.2,28,16,15,6,3,7,41,1.31,.275
Silvino S Bracho,ARI,0,2,7.30,26,0,0,0,0,0,24.2,31,22,20,7,3,10,17,1.66,.295
Archie A Bradley,ARI,8,9,5.02,26,26,0,0,0,0,141.2,154,84,79,16,4,67,143,1.56,.276
Tyler T Duffey,MIN,9,12,6.43,26,26,0,0,0,0,133.0,167,103,95,25,6,32,114,1.50,.301
Michael M Fulmer,DET,11,7,3.06,26,26,1,1,0,0,159.0,136,57,54,16,9,42,132,1.12,.231
Zack Z Greinke,ARI,13,7,4.37,26,26,1,1,0,0,158.2,161,80,77,23,0,41,134,1.27,.262
Scott S Kazmir,LAD,10,6,4.56,26,26,0,0,0,0,136.1,133,71,69,21,7,52,134,1.36,.253
Dallas D Keuchel,HOU,9,12,4.55,26,26,1,1,0,0,168.0,168,88,85,20,2,48,144,1.29,.259
Dean D Kiekhefer,STL,0,0,5.32,26,0,0,0,0,0,22.0,24,13,13,2,2,7,14,1.41,.273
Ryan R O' Rourke,MIN,0,1,3.96,26,0,0,0,0,0,25.0,18,13,11,3,1,10,24,1.12,.207
Huston H Street,LAA,3,2,6.45,26,0,0,0,9,12,22.1,31,16,16,5,0,12,14,1.93,.337
Anthony A Swarzak,NYY,1,2,5.52,26,0,0,0,0,1,31.0,28,19,19,10,1,7,31,1.13,.243
Chris C Beck,CWS,2,2,6.39,25,0,0,0,0,1,25.1,31,18,18,3,2,17,20,1.89,.301
Carlos C Carrasco,CLE,11,8,3.32,25,25,1,1,0,0,146.1,134,64,54,21,3,34,150,1.15,.240
J T Chargois,MIN,1,1,4.70,25,0,0,0,0,0,23.0,25,12,12,0,1,12,17,1.61,.291
Adam A Conley,MIA,8,6,3.85,25,25,0,0,0,0,133.1,125,59,57,13,11,62,124,1.40,.250
Grant G Dayton,LAD,0,1,2.05,25,0,0,0,0,2,26.1,14,7,6,4,1,6,39,0.76,.149
Edwin E Escobar,ARI,1,2,7.23,25,2,0,0,0,1,23.2,33,21,19,4,4,12,17,1.90,.333
Kyle K Gibson,MIN,6,11,5.07,25,25,1,0,0,0,147.1,175,89,83,20,4,55,104,1.56,.298
Felix F Hernández Hernandez,SEA,11,8,3.82,25,25,0,0,0,0,153.1,138,76,65,19,10,65,122,1.32,.239
Dominic D Leone,ARI,0,1,6.33,25,0,0,0,0,1,27.0,45,21,19,7,1,12,23,2.11,.391
Sean S Manaea,OAK,7,9,3.86,25,24,0,0,0,0,144.2,135,65,62,20,4,37,124,1.19,.248
Michael M Mariot,PHI,1,0,5.82,25,0,0,0,2,3,21.2,18,14,14,5,0,14,23,1.48,.222
Zach Z Putnam,CWS,1,0,2.30,25,0,0,0,0,0,27.1,25,7,7,2,0,11,30,1.32,.248
Danny D Salazar,CLE,11,6,3.87,25,25,0,0,0,0,137.1,121,61,59,16,2,63,161,1.34,.235
Jose A. J Váldez Valdez,LAA,2,3,4.24,25,0,0,0,0,1,23.1,17,11,11,4,0,16,22,1.41,.202
Taijuan T Walker,SEA,8,11,4.22,25,25,1,1,0,0,134.1,129,75,63,27,8,37,119,1.24,.247
Nathan N Eovaldi,NYY,9,8,4.76,24,21,0,0,0,0,124.2,123,66,66,23,1,40,97,1.31,.255
Christian C Friedrich,SD,5,12,4.80,24,23,0,0,0,0,129.1,131,74,69,13,2,52,100,1.41,.259
Miguel M González Gonzalez,CWS,5,8,3.73,24,23,0,0,0,0,135.0,132,61,56,11,6,35,95,1.24,.254
Steve S Hathaway,ARI,0,0,4.91,24,0,0,0,0,0,14.2,18,8,8,1,0,6,15,1.64,.305
Greg G Mahle,LAA,1,0,5.40,24,0,0,0,0,0,18.1,23,13,11,4,2,10,14,1.80,.315
Bryan B Morris,MIA,0,0,3.06,24,0,0,0,1,3,17.2,15,7,6,4,1,10,13,1.42,.238
Colton C Murray,PHI,1,1,6.25,24,0,0,0,0,0,31.2,34,22,22,6,2,13,31,1.48,.276
Zach Z Neal,OAK,2,4,4.24,24,6,0,0,2,3,70.0,72,35,33,9,1,6,27,1.11,.265
Scott S Oberg,COL,1,1,5.19,24,0,0,0,1,2,26.0,26,15,15,3,1,11,20,1.42,.257
Mike M Pelfrey,DET,4,10,5.07,24,22,0,0,0,0,119.0,160,76,67,15,6,46,56,1.73,.332
Stephen S Strasburg,WSH,15,4,3.60,24,24,0,0,0,0,147.2,119,59,59,15,2,44,183,1.10,.218
Andrew A Triggs,OAK,1,1,4.31,24,6,0,0,0,0,56.1,56,30,27,5,3,13,55,1.22,.255
Vince V Velasquez,PHI,8,6,4.12,24,24,1,1,0,0,131.0,129,64,60,21,1,45,152,1.33,.263
Ryan R Vogelsong,PIT,3,7,4.81,24,14,0,0,0,0,82.1,80,51,44,11,4,40,61,1.46,.254
Tyler T Wilson,BAL,4,6,5.27,24,13,0,0,0,0,94.0,110,57,55,15,4,24,55,1.43,.288
Steven S Wright,BOS,13,6,3.33,24,24,4,1,0,0,156.2,138,74,58,12,8,57,127,1.24,.235
Jacob Jde Gromde Grom,NYM,7,8,3.04,24,24,1,1,0,0,148.0,142,53,50,15,3,36,143,1.20,.255
Richard R Bleier,NYY,0,0,1.96,23,0,0,0,0,0,23.0,20,6,5,0,1,4,13,1.04,.233
Caleb C Cotham,CIN,0,3,7.40,23,0,0,0,0,1,24.1,32,21,20,3,3,12,21,1.81,.323
Yovani Y Gallardo,BAL,6,8,5.42,23,23,0,0,0,0,118.0,126,74,71,16,1,61,85,1.58,.276
A. J. A Griffin,TEX,7,4,5.07,23,23,0,0,0,0,119.0,116,68,67,28,7,46,107,1.36,.256
Adam A Morgan,PHI,2,11,6.04,23,21,0,0,0,0,113.1,141,81,76,23,4,29,95,1.50,.303
Wily W Peralta,MIL,7,11,4.86,23,23,0,0,0,0,127.2,152,73,69,19,3,43,93,1.53,.305
Michael M Ynoa,CWS,1,0,3.00,23,0,0,0,0,0,30.0,20,11,10,0,5,17,30,1.23,.183
Wei- Yin W Chen,MIA,5,5,4.96,22,22,0,0,0,0,123.1,134,69,68,22,3,24,100,1.28,.276
Joel J De La Cruz,ATL,0,7,4.88,22,9,0,0,0,0,62.2,65,40,34,10,2,22,37,1.39,.263
Mike M Foltynewicz,ATL,9,5,4.31,22,22,0,0,0,0,123.1,125,61,59,18,6,35,111,1.30,.263
Sonny S Gray,OAK,5,11,5.69,22,22,0,0,0,0,117.0,133,80,74,18,2,42,94,1.50,.286
Donnie D Hart,BAL,0,0,0.49,22,0,0,0,0,0,18.1,12,1,1,1,0,6,12,0.98,.194
Derek D Holland,TEX,7,9,4.95,22,20,0,0,0,0,107.1,116,62,59,15,2,35,67,1.41,.276
James J Hoyt,HOU,1,1,4.50,22,0,0,0,0,1,22.0,16,12,11,5,1,9,28,1.14,.203
Nate N Karns,SEA,6,2,5.15,22,15,0,0,1,1,94.1,95,55,54,11,3,45,101,1.48,.259
Steven S Matz,NYM,9,8,3.40,22,22,0,0,0,0,132.1,129,53,50,14,5,31,129,1.21,.257
Luis L Severino,NYY,3,8,5.83,22,11,0,0,0,0,71.0,78,48,46,11,3,25,66,1.45,.275
Ross R Stripling,LAD,5,9,3.96,22,14,0,0,0,0,100.0,96,46,44,10,1,30,74,1.26,.250
Albert A Suárez Suarez,SF,3,5,4.29,22,12,0,0,0,0,84.0,84,42,40,11,4,26,54,1.31,.264
Matt M Cain,SF,4,8,5.64,21,17,0,0,0,0,89.1,103,58,56,16,6,32,72,1.51,.299
Gerrit G Cole,PIT,7,10,3.88,21,21,1,0,0,0,116.0,131,57,50,7,6,36,98,1.44,.289
Zac Z Curtis,ARI,0,1,6.75,21,0,0,0,0,1,13.1,13,10,10,2,3,13,10,1.95,.255
Blaine B Hardy,DET,1,0,3.51,21,0,0,0,0,0,25.2,25,11,10,2,0,12,20,1.44,.253
Edwin E Jackson,SD,5,7,5.89,21,13,0,0,0,0,84.0,92,56,55,14,1,41,61,1.58,.283
Clayton C Kershaw,LAD,12,4,1.69,21,21,3,3,0,0,149.0,97,31,28,8,2,11,172,0.72,.184
Aaron A Loup,TOR,0,0,5.02,21,0,0,0,0,1,14.1,15,8,8,2,3,4,15,1.33,.288
Matt M Strahm,KC,2,2,1.23,21,0,0,0,0,0,22.0,13,4,3,0,1,11,30,1.09,.173
Matthew M Boyd,DET,6,5,4.53,20,18,0,0,0,0,97.1,97,51,49,17,4,29,82,1.29,.258
Joba J Chamberlain,CLE,0,0,2.25,20,0,0,0,0,0,20.0,12,6,5,1,1,11,18,1.15,.176
Tyler T Cravy,MIL,0,1,2.86,20,2,0,0,0,0,28.1,21,9,9,3,1,12,22,1.16,.208
Anthony A De Sclafani,CIN,9,5,3.28,20,20,1,1,0,0,123.1,120,51,45,16,4,30,105,1.22,.259
John J Gant,ATL,1,4,4.86,20,7,0,0,0,0,50.0,54,32,27,7,2,21,49,1.50,.278
Junior J Guerra,MIL,9,3,2.81,20,20,0,0,0,0,121.2,94,40,38,10,3,43,100,1.13,.213
Rich R Hill,LAD,12,5,2.12,20,20,0,0,0,0,110.1,77,29,26,4,8,33,129,1.00,.195
Joe J Kelly,BOS,4,0,5.18,20,6,0,0,0,1,40.0,44,23,23,5,2,24,48,1.70,.278
Shelby S Miller,ARI,3,12,6.15,20,20,1,1,0,0,101.0,127,72,69,14,2,42,70,1.67,.310
Aaron A Nola,PHI,6,9,4.78,20,20,0,0,0,0,111.0,116,68,59,10,6,29,121,1.31,.264
James J Paxton,SEA,6,7,3.79,20,20,0,0,0,0,121.0,134,62,51,9,1,24,117,1.31,.279
Colin C Rea,MIA,5,5,4.82,20,19,0,0,0,0,102.2,102,63,55,12,8,44,80,1.42,.258
Eduardo E Rodriguez,BOS,3,7,4.71,20,20,0,0,0,0,107.0,99,58,56,16,3,40,100,1.30,.241
Josh J Smoker,NYM,3,0,4.70,20,0,0,0,0,0,15.1,16,10,8,4,1,4,25,1.30,.267
Ryan R Tepera,TOR,0,1,2.95,20,0,0,0,0,0,18.1,17,8,6,1,3,8,18,1.36,.233
Austin A Adams,CLE,0,0,9.82,19,0,0,0,0,0,18.1,27,22,20,5,0,7,17,1.85,.333
Cody C Anderson,CLE,2,5,6.68,19,9,0,0,0,0,60.2,85,45,45,13,1,13,54,1.62,.333
Tyler T Anderson,COL,5,6,3.54,19,19,0,0,0,0,114.1,119,50,45,12,3,28,99,1.29,.272
Matt M Carasiti,COL,1,0,9.19,19,0,0,0,0,0,15.2,25,17,16,1,3,11,17,2.30,.373
Miguel M Castro,COL,0,0,6.14,19,0,0,0,0,1,14.2,18,10,10,3,1,5,12,1.57,.300
Pat P Dean,MIN,1,6,6.28,19,9,0,0,0,0,67.1,88,47,47,13,0,23,50,1.65,.321
Odrisamer O Despaigne,MIA,0,2,5.93,19,0,0,0,0,2,30.1,36,21,20,3,1,16,17,1.71,.310
Matt M Garza,MIL,6,8,4.51,19,19,0,0,0,0,101.2,117,67,51,11,3,36,70,1.50,.283
Koda K Glover,WSH,2,0,5.03,19,0,0,0,0,2,19.2,15,12,11,3,1,7,16,1.12,.200
Wade W Le Blanc,PIT,4,0,3.77,19,8,0,0,2,2,62.0,59,30,26,14,0,11,51,1.13,.247
Colby C Lewis,TEX,6,5,3.71,19,19,1,0,0,0,116.1,103,53,48,19,3,28,73,1.13,.236
Tommy T Milone,MIN,3,5,5.71,19,12,0,0,0,0,69.1,84,53,44,15,1,22,49,1.53,.299
Cory C Rasmus,LAA,0,2,5.84,19,1,0,0,0,1,24.2,25,16,16,4,1,16,17,1.66,.260
Joe J Ross,WSH,7,5,3.43,19,19,0,0,0,0,105.0,108,43,40,9,6,29,93,1.30,.269
Blake B Snell,TB,6,8,3.54,19,19,0,0,0,0,89.0,93,44,35,5,0,51,98,1.62,.269
Drew D Ver Hagen,DET,1,0,7.11,19,0,0,0,0,0,19.0,28,15,15,3,1,7,10,1.84,.346
Jordan J Zimmermann,DET,9,7,4.87,19,18,0,0,0,0,105.1,118,63,57,14,2,26,66,1.37,.284
Leonel L Campos,SD,1,0,5.73,18,0,0,0,0,0,22.0,18,16,14,3,1,14,24,1.45,.222
Paul P Clemens,SD,4,5,4.04,18,14,0,0,0,1,71.1,72,39,32,14,4,31,53,1.44,.262
Josh J Collmenter,ATL,3,0,3.70,18,3,0,0,0,0,41.1,36,17,17,7,3,16,33,1.26,.238
Cody C Ege,LAA,1,0,3.86,18,0,0,0,0,0,11.2,16,5,5,2,1,5,11,1.80,.348
J. J Hoover,CIN,1,2,13.50,18,0,0,0,1,2,18.2,29,29,28,9,1,12,15,2.20,.345
Brandon B Morrow,SD,1,0,1.69,18,0,0,0,0,1,16.0,19,4,3,2,0,3,8,1.38,.306
Justin J Nicolino,MIA,3,6,4.99,18,13,0,0,0,0,79.1,96,45,44,8,3,20,37,1.46,.307
Neil N Ramírez Ramirez,MIN,0,0,6.00,18,0,0,0,0,0,24.0,22,16,16,8,0,18,24,1.67,.256
Keyvius K Sampson,CIN,0,1,4.35,18,2,0,0,0,0,39.1,40,24,19,9,2,27,42,1.70,.255
Jameson J Taillon,PIT,5,4,3.38,18,18,0,0,0,0,104.0,99,40,39,13,3,17,85,1.12,.252
Matt M Thornton,SD,1,0,5.82,18,0,0,0,0,0,17.0,22,12,11,2,1,6,9,1.65,.314
Jacob J Turner,CWS,1,2,6.57,18,2,0,0,0,0,24.2,33,27,18,5,2,16,18,1.99,.324
Julio J Urías Urias,LAD,5,2,3.39,18,15,0,0,0,0,77.0,81,32,29,5,4,31,84,1.45,.274
Ryan R Webb,TB,0,0,5.19,18,0,0,0,0,0,17.1,27,11,10,2,0,3,11,1.73,.370
Mike M Wright Jr.,BAL,3,4,5.79,18,12,0,0,0,0,74.2,81,53,48,12,9,26,50,1.43,.282
Scott S Alexander,KC,0,0,3.32,17,0,0,0,0,1,19.0,24,7,7,1,0,7,16,1.63,.316
Eddie E Butler,COL,2,5,7.17,17,9,0,0,0,0,64.0,87,57,51,13,3,21,47,1.69,.328
Luis L Cessa,NYY,4,4,4.35,17,9,0,0,0,0,70.1,64,36,34,16,3,14,46,1.11,.241
Mike M Clevinger,CLE,3,3,5.26,17,10,0,0,0,0,53.0,50,31,31,8,0,29,50,1.49,.246
Yu Y Darvish,TEX,7,5,3.41,17,17,0,0,0,0,100.1,81,43,38,12,3,31,132,1.12,.214
Luis L García Garcia,PHI,1,1,6.46,17,0,0,0,0,1,15.1,21,11,11,2,1,8,14,1.89,.318
Matt M Harvey,NYM,4,10,4.86,17,17,0,0,0,0,92.2,111,55,50,8,1,25,76,1.47,.302
Keith K Hessler,SD,1,0,4.15,17,0,0,0,0,0,21.2,24,10,10,2,1,13,11,1.71,.273
Mat M Latos,WSH,7,3,4.89,17,12,0,0,0,0,70.0,74,40,38,11,1,30,42,1.49,.273
Pat P Light,MIN,0,1,11.34,17,0,0,0,0,1,16.2,22,22,21,4,1,16,16,2.28,.297
Seth S Lugo,NYM,5,2,2.67,17,8,0,0,0,0,64.0,49,19,19,7,4,21,45,1.09,.220
Blake B Parker,NYY,1,0,4.67,17,0,0,0,1,1,17.1,17,9,9,1,2,9,15,1.50,.250
Chris C Capuano,MIL,1,1,4.13,16,0,0,0,0,1,24.0,23,11,11,7,1,15,27,1.58,.256
Ross R Detwiler,OAK,2,4,6.10,16,7,0,0,0,1,48.2,59,34,33,5,1,19,26,1.60,.296
Josh J Edgin,NYM,1,0,5.23,16,0,0,0,0,0,10.1,10,6,6,1,0,6,11,1.55,.270
Steve S Johnson,SEA,1,0,4.32,16,0,0,0,0,0,16.2,13,8,8,3,0,11,17,1.44,.206
T. J. T Mc Farland,BAL,2,2,6.93,16,0,0,0,0,3,24.2,33,19,19,3,2,10,7,1.74,.340
Steven S Okert,SF,0,0,3.21,16,0,0,0,0,1,14.0,14,5,5,2,0,4,14,1.29,.259
Spencer S Patton,CHC,1,1,5.48,16,0,0,0,0,0,21.1,20,16,13,3,1,14,22,1.59,.233
Cesar C Ramos,TEX,3,3,6.04,16,4,0,0,1,1,47.2,60,34,32,12,1,20,27,1.68,.319
Bo B Schultz,TOR,0,1,5.51,16,0,0,0,0,0,16.1,17,10,10,3,0,3,10,1.22,.266
Tyler T Sturdevant,TB,0,1,3.93,16,0,0,0,0,0,18.1,18,8,8,1,1,6,14,1.31,.273
Ryan R Weber,ATL,1,1,5.45,16,2,0,0,0,1,36.1,46,22,22,7,2,5,23,1.40,.309
Alex A Wimmers,MIN,1,3,4.15,16,0,0,0,0,1,17.1,14,8,8,2,0,11,14,1.44,.237
Dan D Altavilla,SEA,0,0,0.73,15,0,0,0,0,1,12.1,11,1,1,0,1,1,10,0.97,.244
Christian C Bergman,COL,1,3,8.39,15,1,0,0,0,1,24.2,39,24,23,7,0,6,22,1.82,.355
Aaron A Blair,ATL,2,7,7.59,15,15,0,0,0,0,70.0,82,61,59,14,6,34,46,1.66,.299
Craig C Breslow,MIA,0,2,4.50,15,0,0,0,0,1,14.0,21,9,7,1,0,4,7,1.79,.362
Austin A Brice,MIA,0,1,7.07,15,0,0,0,0,0,14.0,9,12,11,2,2,5,14,1.00,.173
Brandon B Cunniff,ATL,2,0,4.24,15,0,0,0,0,0,17.0,14,9,8,2,2,9,16,1.35,.233
Evan E Marshall,ARI,0,1,8.80,15,0,0,0,0,0,15.1,28,18,15,2,1,8,9,2.35,.400
Alfredo A Simon,CIN,2,7,9.36,15,11,0,0,0,0,58.2,89,64,61,15,8,31,39,2.05,.349
Miguel M Socolovich,STL,1,0,2.00,15,0,0,0,0,0,18.0,5,4,4,2,0,5,16,0.56,.086
Pat P Venditte,SEA,0,0,5.73,15,0,0,0,0,0,22.0,24,18,14,5,2,11,19,1.59,.279
Jose J Berríos Berrios,MIN,3,7,8.02,14,14,0,0,0,0,58.1,74,56,52,12,5,35,49,1.87,.310
Oliver O Drake,BAL,1,0,4.00,14,0,0,0,0,1,18.0,11,11,8,2,0,7,21,1.00,.167
Brian B Duensing,BAL,1,0,4.05,14,0,0,0,0,0,13.1,13,6,6,2,0,3,10,1.20,.250
Buck B Farmer,DET,0,1,4.60,14,1,0,0,0,0,29.1,25,15,15,4,1,20,27,1.53,.231
Sean S Gilmartin,NYM,0,1,7.13,14,1,0,0,0,0,17.2,21,14,14,4,1,7,11,1.58,.300
Chad C Girodo,TOR,0,0,4.35,14,0,0,0,0,0,10.1,11,5,5,3,1,2,5,1.26,.268
Jandel J Gustave,HOU,1,0,3.52,14,0,0,0,0,0,15.1,13,6,6,2,0,4,16,1.11,.232
Frank F Herrmann,PHI,1,2,8.40,14,0,0,0,0,0,15.0,20,16,14,7,1,5,14,1.67,.323
Tyrell T Jenkins,ATL,2,4,5.88,14,8,0,0,0,0,52.0,55,35,34,11,1,33,26,1.69,.279
Chad C Kuhl,PIT,5,4,4.20,14,14,0,0,0,0,70.2,73,34,33,7,4,20,53,1.32,.267
John J Lamb,CIN,1,7,6.43,14,14,0,0,0,0,70.0,84,54,50,14,1,31,58,1.64,.303
Kyle K Lobstein,PIT,2,0,3.96,14,0,0,0,0,0,25.0,25,11,11,2,2,12,15,1.48,.263
Lance L Mc Cullers,HOU,6,5,3.22,14,14,0,0,0,0,81.0,80,29,29,5,0,45,106,1.54,.261
Daniel D Mengden,OAK,2,9,6.50,14,14,0,0,0,0,72.0,83,54,52,9,4,33,71,1.61,.284
Daniel D Norris,DET,4,2,3.38,14,13,0,0,0,0,69.1,75,30,26,10,0,22,71,1.40,.271
Nefi N Ogando,MIA,0,0,2.30,14,0,0,0,0,0,15.2,10,5,4,0,0,8,8,1.15,.179
Noe N Ramirez,BOS,0,0,6.23,14,0,0,0,0,0,13.0,16,9,9,4,2,8,15,1.85,.327
Brent B Suter,MIL,2,2,3.32,14,2,0,0,0,0,21.2,25,8,8,3,1,5,15,1.38,.298
Alex A Wood,LAD,1,4,3.73,14,10,0,0,0,0,60.1,56,30,25,5,3,20,66,1.26,.245
Tim T Adleman,CIN,4,4,4.00,13,13,0,0,0,0,69.2,64,32,31,13,5,20,47,1.21,.251
Johnny J Barbato,NYY,1,2,7.62,13,0,0,0,0,0,13.0,13,11,11,2,2,5,15,1.38,.260
Jarred J Cosart,SD,0,4,6.00,13,13,0,0,0,0,57.0,61,41,38,4,2,39,38,1.75,.271
Rubby R De La Rosa,ARI,4,5,4.26,13,10,0,0,0,0,50.2,43,26,24,8,4,20,54,1.24,.219
Brooks B Pounders,KC,2,1,9.24,13,0,0,0,0,0,12.2,19,13,13,6,0,3,13,1.74,.352
Braden B Shipley,ARI,4,5,5.27,13,11,0,0,0,0,70.0,80,43,41,14,1,28,43,1.54,.293
Chris C Smith,OAK,0,0,2.92,13,0,0,0,0,0,24.2,14,9,8,2,0,13,29,1.09,.165
Nick N Tropeano,LAA,3,2,3.56,13,13,0,0,0,0,68.1,70,27,27,14,2,31,68,1.48,.270
Danny D Barnes,TOR,0,0,3.95,12,0,0,0,0,0,13.2,14,6,6,0,0,5,14,1.39,.275
Dylan D Floro,TB,0,1,4.20,12,0,0,0,0,0,15.0,23,8,7,0,0,5,14,1.87,.348
Chad C Green,NYY,2,4,4.73,12,8,0,0,1,1,45.2,49,26,24,12,1,15,52,1.40,.272
Phil P Hughes,MIN,1,7,5.95,12,11,1,0,0,0,59.0,76,40,39,11,0,13,34,1.51,.313
Phil P Klein,PHI,0,1,6.98,12,2,0,0,0,0,19.1,23,15,15,2,1,9,19,1.66,.315
Jose J Leclerc,TEX,0,0,1.80,12,0,0,0,0,0,15.0,11,4,3,0,0,13,15,1.60,.212
Nick N Martínez Martinez,TEX,2,3,5.59,12,5,0,0,0,0,38.2,45,24,24,8,5,19,16,1.66,.290
Ariel A Miranda,SEA,5,2,3.88,12,10,0,0,0,0,58.0,47,28,25,12,0,18,44,1.12,.222
Matt M Purke,CWS,0,1,5.50,12,0,0,0,0,0,18.0,20,12,11,0,0,12,15,1.78,.278
Alex A Reyes,STL,4,1,1.57,12,5,0,0,1,1,46.0,33,8,8,1,0,23,52,1.22,.201
Joely J Rodríguez Rodriguez,PHI,0,0,2.79,12,0,0,0,0,0,9.2,8,3,3,0,1,4,7,1.24,.235
Evan E Scribner,SEA,0,0,0.00,12,0,0,0,0,0,14.0,5,0,0,0,1,2,15,0.50,.111
Sam S Tuivailala,STL,0,0,6.00,12,0,0,0,0,0,9.0,12,6,6,0,2,6,7,2.00,.308
Tony T Zych,SEA,1,0,3.29,12,0,0,0,0,0,13.2,10,6,5,0,1,10,21,1.46,.208
Buddy B Baumann,SD,1,0,3.72,11,0,0,0,0,0,9.2,7,4,4,0,1,4,10,1.14,.200
Joe J Colón Colon,CLE,1,3,7.20,11,0,0,0,0,0,10.0,12,9,8,2,0,7,10,1.90,.279
Zach Z Eflin,PHI,3,5,5.54,11,11,2,1,0,0,63.1,67,42,39,12,1,17,31,1.33,.269
Reynaldo R López Lopez,WSH,5,3,4.91,11,6,0,0,0,0,44.0,47,27,24,4,0,22,42,1.57,.272
Juan J Minaya,CWS,1,0,4.35,11,0,0,0,0,0,10.1,10,6,5,0,2,5,6,1.45,.250
Joe J Musgrove,HOU,4,4,4.06,11,10,0,0,0,0,62.0,59,28,28,9,3,16,55,1.21,.250
Felix F Peña Pena,CHC,0,0,4.00,11,0,0,0,1,1,9.0,5,4,4,1,0,3,13,0.89,.156
Williams W Pérez Perez,ATL,2,3,6.04,11,11,0,0,0,0,53.2,57,37,36,7,2,15,27,1.34,.271
David D Rollins,SEA,1,0,7.71,11,0,0,0,0,0,9.1,12,8,8,2,0,7,6,2.04,.300
Patrick P Schuster,PHI,0,1,18.69,11,0,0,0,0,0,8.2,15,19,18,1,2,10,8,2.88,.375
Jerome J Williams,STL,0,0,5.71,11,0,0,0,0,0,17.1,22,15,11,4,2,6,8,1.62,.306
Shawn S Armstrong,CLE,0,0,2.53,10,0,0,0,0,0,10.2,9,3,3,1,0,5,7,1.31,.237
Sean S Burnett,WSH,0,0,3.18,10,0,0,0,0,0,5.2,5,2,2,1,0,1,3,1.06,.238
David D Goforth,MIL,0,0,10.97,10,0,0,0,0,0,10.2,18,14,13,3,0,4,9,2.06,.353
Ben B Heller,NYY,1,0,6.43,10,0,0,0,0,1,7.0,11,5,5,3,2,4,6,2.14,.324
Dalier D Hinojosa,PHI,0,1,3.27,10,0,0,0,0,1,11.0,10,4,4,1,0,3,8,1.18,.250
Casey C Kelly,ATL,0,3,5.82,10,1,0,0,0,1,21.2,30,14,14,1,2,7,7,1.71,.326
Brandon B Mc Carthy,LAD,2,3,4.95,10,9,0,0,0,1,40.0,29,24,22,2,2,26,44,1.38,.207
Kevin K Mc Carthy,KC,1,0,6.48,10,0,0,0,0,1,8.1,11,8,6,1,0,5,7,1.92,.314
Joe J Nathan,SF,2,0,0.00,10,0,0,0,0,1,6.1,5,0,0,0,0,4,9,1.42,.208
Brad B Peacock,HOU,0,1,3.69,10,5,0,0,0,0,31.2,21,15,13,6,0,14,28,1.11,.186
Wandy W Peralta,CIN,0,0,8.59,10,0,0,0,0,0,7.1,11,7,7,1,1,7,5,2.45,.355
Josh J Ravin,LAD,0,0,0.93,10,0,0,0,0,0,9.2,2,1,1,1,0,4,13,0.62,.065
Cody C Reed,CIN,0,7,7.36,10,10,0,0,0,0,47.2,67,47,39,12,4,19,43,1.80,.328
Tanner T Scheppers,TEX,1,1,4.15,10,0,0,0,1,1,8.2,6,4,4,0,0,3,5,1.04,.188
Tyler T Skaggs,LAA,3,4,4.17,10,10,0,0,0,0,49.2,51,23,23,5,2,23,50,1.49,.267
Jake J Thompson,PHI,3,6,5.70,10,10,0,0,0,0,53.2,53,34,34,10,4,28,32,1.51,.265
Gabriel G Ynoa,NYM,1,0,6.38,10,3,0,0,0,0,18.1,26,13,13,0,1,7,17,1.80,.333
Kevin K Chapman,HOU,0,0,9.00,9,0,0,0,0,0,8.0,15,8,8,0,0,4,6,2.38,.395
Andrew A Faulkner,TEX,0,0,6.75,9,0,0,0,0,0,6.2,8,7,5,3,0,4,1,1.80,.286
Yimi Y García Garcia,LAD,0,0,3.24,9,0,0,0,0,2,8.1,9,3,3,0,1,1,4,1.20,.310
Trevor T Gott,WSH,0,0,1.50,9,0,0,0,0,0,6.0,6,1,1,0,1,3,6,1.50,.250
Jesse J Hahn,OAK,2,4,6.02,9,9,0,0,0,0,46.1,57,32,31,8,0,19,23,1.64,.313
Lucas L Harrell,TEX,3,2,4.21,9,9,0,0,0,0,47.0,46,24,22,4,4,25,36,1.51,.263
Drew D Hutchison,PIT,1,0,5.25,9,3,0,0,0,1,24.0,28,14,14,6,2,7,22,1.46,.304
Tim T Lincecum,LAA,2,6,9.16,9,9,0,0,0,0,38.1,68,41,39,11,2,23,32,2.37,.395
Cory C Luebke,PIT,0,1,9.35,9,0,0,0,0,0,8.2,15,9,9,2,1,11,9,3.00,.385
Cody C Martin,SEA,1,2,3.86,9,2,0,0,0,0,25.2,28,11,11,5,1,9,15,1.44,.298
Rafael R Montero,NYM,0,1,8.05,9,3,0,0,0,0,19.0,23,17,17,4,0,16,20,2.05,.299
Jake J Petricka,CWS,0,0,4.50,9,0,0,0,0,0,8.0,8,5,4,1,0,8,7,2.00,.267
Anthony A Ranaudo,CWS,1,1,9.48,9,5,0,0,0,0,31.1,36,33,33,10,0,20,18,1.79,.281
Eric E Surkamp,OAK,0,5,6.98,9,9,0,0,0,0,38.2,55,32,30,8,5,21,22,1.97,.327
Luke L Weaver,STL,1,4,5.70,9,8,0,0,0,0,36.1,46,29,23,7,2,12,45,1.60,.311
Daniel D Wright,LAA,1,5,6.13,9,7,0,0,0,0,39.2,57,32,27,7,5,8,21,1.64,.352
Steven S Brault,PIT,0,3,4.86,8,7,0,0,0,0,33.1,45,26,18,5,2,17,29,1.86,.313
A. J. A Cole,WSH,1,2,5.17,8,8,0,0,0,0,38.1,37,24,22,7,2,14,39,1.33,.248
Carson C Fulmer,CWS,0,2,8.49,8,0,0,0,0,1,11.2,12,11,11,2,2,7,10,1.63,.273
Perci P Garner,CLE,0,0,4.82,8,0,0,0,0,0,9.1,12,6,5,0,2,5,12,1.82,.308
Robert R Gsellman,NYM,4,2,2.42,8,7,0,0,0,0,44.2,42,12,12,1,1,15,42,1.28,.258
Jeff J Hoffman,COL,0,4,4.88,8,6,0,0,0,0,31.1,37,29,17,7,0,17,22,1.72,.287
Jonathan J Holder,NYY,0,0,5.40,8,0,0,0,0,0,8.1,8,5,5,1,0,4,5,1.44,.258
Luke L Jackson,TEX,0,0,10.80,8,0,0,0,0,0,11.2,22,14,14,4,0,8,3,2.57,.415
Taylor T Jungmann,MIL,0,5,7.76,8,6,0,0,0,0,26.2,30,24,23,4,3,17,18,1.76,.291
Adam A Loewen,ARI,1,0,15.00,8,0,0,0,0,0,6.0,7,10,10,1,1,6,3,2.17,.318
Rafael R Martín Martin,WSH,0,0,2.45,8,0,0,0,0,0,3.2,0,1,1,0,0,1,5,0.27,.000
Brian B Matusz,CHC,0,0,14.00,8,1,0,0,0,0,9.0,17,14,14,6,1,9,3,2.89,.415
Zach Z Phillips,PIT,0,0,2.70,8,0,0,0,0,0,6.2,8,2,2,1,0,1,6,1.35,.296
Matt M Reynolds,SF,0,1,7.50,8,0,0,0,0,0,6.0,7,5,5,0,0,5,3,2.00,.292
Robert R Stephenson,CIN,2,3,6.08,8,8,0,0,0,0,37.0,41,26,25,9,4,19,31,1.62,.279
J. B. J Wendelken,OAK,0,0,9.95,8,0,0,0,0,0,12.2,18,15,14,3,0,9,12,2.13,.327
Madison M Younginer,ATL,0,0,6.43,8,0,0,0,0,0,7.0,12,5,5,0,1,4,4,2.29,.400
Rob R Zastryzny,CHC,1,0,1.13,8,1,0,0,0,0,16.0,12,3,2,0,1,5,17,1.06,.207
Steve S Delabar,CIN,0,0,6.75,7,0,0,0,0,0,8.0,5,6,6,1,1,10,10,1.88,.172
Sam S Freeman,MIL,0,0,12.91,7,0,0,0,0,0,7.2,13,11,11,2,0,9,8,2.87,.394
Eddie E Gamboa,TB,0,2,1.35,7,0,0,0,0,0,13.1,9,3,2,1,0,8,11,1.28,.196
Tyler T Glasnow,PIT,0,2,4.24,7,4,0,0,0,0,23.1,22,13,11,2,3,13,24,1.50,.250
Tom T Gorzelanny,CLE,1,0,21.00,7,0,0,0,0,0,3.0,4,7,7,1,0,5,4,3.00,.308
Javy J Guerra,LAA,0,0,5.68,7,0,0,0,0,0,6.1,5,4,4,1,1,7,4,1.89,.227
Matt M Koch,ARI,1,1,2.00,7,2,0,0,1,1,18.0,9,4,4,1,2,4,10,0.72,.145
Alex A Meyer,LAA,1,3,5.68,7,6,0,0,0,0,25.1,25,16,16,3,0,17,29,1.66,.255
A. J. A Morris,CIN,0,0,6.30,7,0,0,0,0,0,10.0,9,7,7,2,0,8,9,1.70,.237
Logan L Ondrusek,BAL,0,0,9.95,7,0,0,0,0,0,6.1,9,7,7,1,0,3,4,1.89,.346
Dillon D Overton,OAK,1,3,11.47,7,5,0,0,0,0,24.1,48,31,31,12,1,7,17,2.26,.407
James J Pazos,NYY,1,0,13.50,7,0,0,0,0,0,3.1,7,5,5,2,0,1,3,2.40,.438
James J Russell,PHI,0,0,18.69,7,0,0,0,0,1,4.1,9,9,9,2,0,5,4,3.23,.429
Robby R Scott,BOS,1,0,0.00,7,0,0,0,0,0,6.0,6,0,0,0,0,2,5,1.33,.273
Shae S Simmons,ATL,0,0,1.35,7,0,0,0,0,0,6.2,6,1,1,0,0,0,3,0.90,.240
Brock B Stewart,LAD,2,2,5.79,7,5,0,0,0,0,28.0,33,18,18,7,0,12,25,1.61,.292
Chris C Stratton,SF,1,0,3.60,7,0,0,0,0,0,10.0,11,4,4,1,0,5,6,1.60,.289
Daniel D Stumpf,PHI,0,0,10.80,7,0,0,0,0,0,5.0,9,6,6,1,0,2,2,2.20,.409
Cesar C Vargas,SD,0,3,5.03,7,7,0,0,0,0,34.0,41,19,19,5,1,15,28,1.65,.301
Trevor T Williams,PIT,1,1,7.82,7,1,0,0,0,1,12.2,19,13,11,4,0,5,11,1.89,.339
Andrew A Albers,MIN,0,0,5.82,6,2,0,0,0,0,17.0,27,16,11,5,0,6,16,1.94,.342
Homer H Bailey,CIN,2,3,6.65,6,6,0,0,0,0,23.0,35,19,17,2,2,7,27,1.83,.350
Mike M Bolsinger,LAD,1,4,6.83,6,6,0,0,0,0,27.2,33,21,21,7,2,9,25,1.52,.303
Wilfredo W Boscan,PIT,1,1,6.46,6,1,0,0,0,0,15.1,15,11,11,2,0,7,8,1.43,.254
Jed J Bradley,ATL,1,1,5.14,6,0,0,0,0,0,7.0,7,4,4,0,0,6,4,1.86,.269
Phil P Coke,PIT,0,0,3.60,6,0,0,0,0,0,10.0,10,5,4,1,1,7,4,1.70,.270
Dayan D Díaz Diaz,CIN,0,0,9.45,6,0,0,0,0,0,6.2,10,9,7,2,0,7,3,2.55,.370
Lucas L Giolito,WSH,0,1,6.75,6,4,0,0,0,0,21.1,26,18,16,7,1,12,11,1.78,.295
Jason J Gurka,COL,0,0,9.31,6,0,0,0,0,0,9.2,16,10,10,1,0,2,7,1.86,.381
Drew D Hayes,CIN,0,0,8.38,6,0,0,0,0,1,9.2,15,10,9,3,0,6,8,2.17,.357
Erik E Johnson,SD,0,6,8.33,6,6,0,0,0,0,31.1,46,29,29,14,0,11,21,1.82,.348
German G Márquez Marquez,COL,1,1,5.23,6,3,0,0,0,0,20.2,28,12,12,2,3,6,15,1.65,.326
Kris K Medlen,KC,1,3,7.77,6,6,0,0,0,0,24.1,30,25,21,2,0,20,18,2.05,.309
Chris C Narveson,MIA,1,0,8.64,6,0,0,0,0,1,8.1,10,8,8,3,1,2,6,1.44,.286
Bobby B Parnell,DET,0,0,6.75,6,0,0,0,0,0,5.1,7,4,4,1,0,5,4,2.25,.318
Garrett G Richards,LAA,1,3,2.34,6,6,0,0,0,0,34.2,31,16,9,2,1,15,34,1.33,.238
Warwick W Saupold,DET,1,1,7.45,6,0,0,0,0,0,9.2,17,8,8,0,1,3,10,2.07,.395
Raul R Alcántara Alcantara,OAK,1,3,7.25,5,5,0,0,0,0,22.1,31,18,18,9,4,4,14,1.57,.333
Alec A Asher,PHI,2,1,2.28,5,5,0,0,0,0,27.2,22,11,7,1,2,4,13,0.94,.216
Chris C Bassitt,OAK,0,2,6.11,5,5,0,0,0,0,28.0,35,20,19,5,0,14,23,1.75,.294
Alex A Cobb,TB,1,2,8.59,5,5,0,0,0,0,22.0,32,22,21,5,0,7,16,1.77,.337
Jharel J Cotton,OAK,2,0,2.15,5,5,0,0,0,0,29.1,20,10,7,4,0,4,23,0.82,.185
Abel A De Los Santos,CIN,0,0,11.12,5,0,0,0,0,0,5.2,7,7,7,1,1,4,2,1.94,.318
Matt M Dermody,TOR,0,0,12.00,5,0,0,0,0,0,3.0,6,4,4,1,1,0,5,2.00,.400
Matt M Grace,WSH,0,0,0.00,5,0,0,0,0,0,3.0,1,0,0,0,0,0,4,0.33,.100
Mayckol M Guaipe,SEA,0,0,4.91,5,0,0,0,0,0,7.1,8,6,4,0,0,4,5,1.64,.276
Matt M Magill,CIN,0,0,6.23,5,0,0,0,0,0,4.1,5,3,3,1,0,5,1,2.31,.357
Joe J Mantiply,DET,0,0,16.88,5,0,0,0,0,0,2.2,7,5,5,1,0,2,2,3.38,.538
Bryan B Mitchell,NYY,1,2,3.24,5,5,0,0,0,0,25.0,26,13,9,1,0,12,11,1.52,.277
Franklin F Morales,TOR,0,1,9.00,5,0,0,0,0,0,4.0,3,4,4,1,0,2,2,1.25,.214
Jon J Moscot,CIN,0,3,8.02,5,5,0,0,0,0,21.1,26,22,19,10,1,10,10,1.69,.292
Sean S O' Sullivan,BOS,2,0,6.75,5,4,0,0,0,0,21.1,30,17,16,3,2,6,13,1.69,.337
Henry H Owens,BOS,0,2,6.95,5,5,0,0,0,0,22.0,23,17,17,5,1,20,21,1.95,.284
Brady B Rodgers,HOU,0,1,15.12,5,1,0,0,0,0,8.1,15,14,14,0,1,7,3,2.64,.385
Blake B Smith,CWS,0,0,6.23,5,0,0,0,0,0,4.1,7,3,3,1,1,0,1,1.62,.350
Ashur A Tolliver,BAL,1,0,5.79,5,0,0,0,0,0,4.2,5,4,3,1,0,3,5,1.71,.263
Rob R Whalen,ATL,1,2,6.57,5,5,0,0,0,0,24.2,20,20,18,4,3,12,25,1.30,.217
Chase C Whitley,TB,0,0,2.51,5,1,0,0,0,0,14.1,13,7,4,2,0,3,15,1.12,.224
Brett B Anderson,LAD,1,2,11.91,4,3,0,0,0,0,11.1,25,15,15,4,0,4,5,2.56,.446
Ty T Blach,SF,1,0,1.06,4,2,0,0,0,0,17.0,8,2,2,1,0,5,10,0.76,.143
Mike M Broadway,SF,0,0,11.81,4,0,0,0,0,0,5.1,9,7,7,2,0,1,4,1.88,.375
John J Danks,CWS,0,4,7.25,4,4,0,0,0,0,22.1,28,20,18,5,0,11,16,1.75,.322
Jose J De León Leon,LAD,2,0,6.35,4,4,0,0,0,0,17.0,19,17,12,5,3,7,15,1.53,.288
Chris C Heston,SF,1,1,10.80,4,0,0,0,0,0,5.0,9,6,6,0,0,6,3,3.00,.409
T J House,CLE,0,0,3.38,4,0,0,0,0,0,2.2,6,1,1,0,1,0,2,2.25,.500
Justin J Marks,TB,0,0,1.00,4,0,0,0,0,0,9.0,7,1,1,1,0,9,6,1.78,.212
Matt M Marksberry,ATL,0,0,5.40,4,0,0,0,0,0,3.1,5,2,2,1,1,1,2,1.80,.333
Mike M Mayers,STL,1,1,27.00,4,1,0,0,0,0,5.1,16,16,16,3,1,3,2,3.56,.533
Ryan R Merritt,CLE,1,0,1.64,4,1,0,0,0,0,11.0,6,2,2,0,0,0,6,0.55,.167
Dustin D Molleken,DET,0,0,4.32,4,0,0,0,0,0,8.1,12,4,4,0,0,5,8,2.04,.333
Charlie C Morton,PHI,1,1,4.15,4,4,0,0,0,0,17.1,15,8,8,1,0,8,19,1.33,.242
Donn D Roach,SEA,2,0,8.44,4,0,0,0,0,0,5.1,7,5,5,1,1,2,2,1.69,.292
Ben B Rowen,MIL,0,0,15.00,4,0,0,0,0,0,3.0,10,6,5,0,0,0,2,3.33,.526
Jake J Smith,SD,1,0,4.50,4,0,0,0,0,0,4.0,5,2,2,1,1,1,3,1.50,.333
Jose J Torres,SD,0,0,0.00,4,0,0,0,0,0,3.0,3,0,0,0,0,2,3,1.67,.250
Jayson J Aquino,BAL,0,0,0.00,3,0,0,0,0,0,2.1,1,0,0,0,0,0,3,0.43,.125
Matt M Buschmann,ARI,0,0,2.08,3,0,0,0,0,0,4.1,2,1,1,1,0,1,3,0.69,.143
Scott S Carroll,CWS,0,0,11.57,3,0,0,0,0,0,2.1,2,3,3,0,1,1,2,1.29,.250
Gerardo G Concepción Concepcion,CHC,0,0,3.86,3,0,0,0,0,0,2.1,2,1,1,0,0,1,2,1.29,.250
William W Cuevas,BOS,0,1,3.60,3,0,0,0,0,0,5.0,5,2,2,0,0,6,3,2.20,.294
Tyler T Danish,CWS,0,0,10.80,3,0,0,0,0,0,1.2,6,2,2,0,0,3,0,5.40,.667
Roenis R Elías Elias,BOS,0,1,12.91,3,1,0,0,0,0,7.2,15,11,11,2,0,5,3,2.61,.417
Robbie R Erlin,SD,1,2,4.02,3,2,0,0,0,0,15.2,12,7,7,3,0,3,13,0.96,.218
Jake J Esch,MIA,0,1,5.54,3,3,0,0,0,0,13.0,17,8,8,4,1,6,10,1.77,.327
Chi C Gonzalez,TEX,0,2,8.71,3,3,0,0,0,0,10.1,21,13,10,1,0,9,7,2.90,.404
Logan L Kensing,DET,0,0,1.93,3,0,0,0,0,0,4.2,8,1,1,0,0,2,1,2.14,.421
Damien D Magnifico,MIL,0,0,6.00,3,0,0,0,0,0,3.0,2,2,2,0,1,3,0,1.67,.200
Tim T Melville,CIN,0,1,11.00,3,2,0,0,0,0,9.0,16,12,11,5,1,9,8,2.78,.381
Alec A Mills,KC,0,0,13.50,3,0,0,0,0,0,3.1,3,5,5,0,1,5,4,2.40,.231
Conor C Mullee,NYY,0,0,3.00,3,0,0,0,0,0,3.0,0,1,1,0,1,4,4,1.33,.000
David D Paulino,HOU,0,1,5.14,3,1,0,0,0,0,7.0,6,4,4,0,1,3,2,1.29,.240
Carson C Smith,BOS,0,0,0.00,3,0,0,0,0,0,2.2,2,1,0,0,0,1,2,1.13,.200
Jason J Vargas,KC,0,0,2.25,3,3,0,0,0,0,12.0,8,3,3,1,0,3,11,0.92,.182
Tyler T Wagner,ARI,1,0,1.80,3,0,0,0,0,0,10.0,9,3,2,0,0,2,7,1.10,.237
Dan D Winkler,ATL,0,0,0.00,3,0,0,0,0,0,2.1,0,0,0,0,0,1,4,0.43,.000
Al A Alburquerque,LAA,0,0,4.50,2,0,0,0,0,0,2.0,2,3,1,1,0,2,1,2.00,.200
Christian C Bethancourt,SD,0,0,0.00,2,0,0,0,0,0,1.2,1,0,0,0,1,3,1,2.40,.167
Parker P Bridwell,BAL,0,0,13.50,2,0,0,0,0,0,3.1,5,5,5,2,0,1,3,1.80,.357
Jake J Buchanan,CHC,1,0,1.50,2,1,0,0,0,0,6.0,3,1,1,1,0,1,4,0.67,.150
Drew D Butera,KC,0,0,0.00,2,0,0,0,0,0,1.1,1,0,0,0,0,0,1,0.75,.200
Yohan Y Flande,COL,0,0,12.27,2,0,0,0,0,0,3.2,8,6,5,0,0,3,0,3.00,.500
Chris C Gimenez,CLE,0,0,12.00,2,0,0,0,0,0,3.0,4,4,4,1,0,0,0,1.33,.308
David D Hale,COL,0,0,13.50,2,0,0,0,0,0,2.0,4,3,3,1,0,2,1,3.00,.400
Cody C Hall,MIA,0,0,12.00,2,0,0,0,0,0,3.0,4,4,4,1,0,3,3,2.33,.308
Roberto R Hernandez,ATL,1,1,8.00,2,2,0,0,0,0,9.0,13,8,8,4,0,1,6,1.56,.351
David D Huff,LAA,0,2,11.81,2,2,0,0,0,0,5.1,13,10,7,4,0,2,3,2.81,.464
Jason J Hursh,ATL,0,0,33.75,2,0,0,0,0,0,1.1,4,5,5,0,0,3,1,5.25,.500
Michael M Kirkman,MIL,0,0,19.29,2,0,0,0,0,0,2.1,7,5,5,0,0,1,1,3.43,.500
Erik E Kratz,PIT,0,0,4.50,2,0,0,0,0,0,2.0,5,2,1,0,0,0,1,2.50,.455
Arnold A Leon,TOR,0,0,7.71,2,0,0,0,0,1,2.1,3,2,2,1,0,1,2,1.71,.300
Kyle K Lohse,TEX,0,2,12.54,2,2,0,0,0,0,9.1,15,13,13,4,0,5,3,2.14,.357
Kelvin K Marte,PIT,0,0,0.00,2,0,0,0,0,0,3.1,5,5,0,2,0,2,1,2.10,.333
Vin V Mazzaro,SF,1,0,54.00,2,0,0,0,0,0,1.0,7,9,6,0,1,1,0,8.00,.636
Yohander Y Méndez Mendez,TEX,0,0,18.00,2,0,0,0,0,0,3.0,5,6,6,0,0,2,0,2.33,.333
Shawn S Morimando,CLE,0,0,11.57,2,0,0,0,0,0,4.2,9,6,6,2,0,5,5,3.00,.409
Curtis C Partch,PIT,0,0,40.50,2,0,0,0,0,0,0.2,2,3,3,0,0,2,0,6.00,.500
Glen G Perkins,MIN,0,0,9.00,2,0,0,0,0,1,2.0,5,2,2,0,0,1,3,3.00,.500
Adam A Plutko,CLE,0,0,7.36,2,0,0,0,0,0,3.2,5,3,3,1,0,2,3,1.91,.313
Jorge J Rondon,PIT,0,0,17.18,2,0,0,0,0,0,3.2,9,7,7,1,0,1,4,2.73,.474
Layne L Somsen,CIN,0,0,19.29,2,0,0,0,0,0,2.1,6,5,5,2,0,3,2,3.86,.462
Chin-hui C Tsao,LAD,0,1,5.40,2,0,0,0,0,0,1.2,1,1,1,0,0,3,0,2.40,.167
Alexi A Amarista S,SD,0,0,0.00,1,0,0,0,0,0,0.1,0,0,0,0,0,0,0,0.00,.000
Dustin D Antolin,TOR,0,0,13.50,1,0,0,0,0,0,2.0,4,3,3,1,0,1,1,2.50,.400
Jonathan J Aro,SEA,0,0,0.00,1,0,0,0,0,0,0.2,1,0,0,0,0,1,0,3.00,.333
Darwin D Barney,TOR,0,1,9.00,1,0,0,0,0,0,1.0,1,1,1,1,0,0,1,1.00,.250
Vicente V Campos,ARI,0,0,3.18,1,0,0,0,0,0,5.2,4,3,2,2,0,2,4,1.06,.182
Scott S Diamond,TOR,0,0,27.00,1,0,0,0,0,0,1.0,2,3,3,0,0,2,0,4.00,.400
Kyle K Drabek,ARI,0,0,4.50,1,0,0,0,0,0,2.0,1,1,1,0,0,4,2,2.50,.143
Eduardo E Escobar,MIN,0,0,0.00,1,0,0,0,0,0,1.0,1,0,0,0,0,0,0,1.00,.250
Ryan R Flaherty,BAL,0,0,18.00,1,0,0,0,0,0,1.0,3,2,2,1,0,0,0,3.00,.429
Kendry K Flores,MIA,0,0,0.00,1,1,0,0,0,0,3.0,1,0,0,0,0,3,1,1.33,.100
Carlos C Frías Frias,LAD,0,0,0.00,1,0,0,0,0,0,4.0,2,0,0,0,0,1,3,0.75,.143
Ryan R Goins,TOR,0,0,0.00,1,0,0,0,0,0,1.0,2,0,0,0,0,1,0,3.00,.500
J. R. J Graham,MIN,0,0,10.80,1,0,0,0,0,0,1.2,3,2,2,0,0,1,2,2.40,.375
Tayron T Guerrero,SD,0,0,4.50,1,0,0,0,0,0,2.0,3,1,1,0,0,1,0,2.00,.375
Andrew A Heaney,LAA,0,1,6.00,1,1,0,0,0,0,6.0,7,4,4,2,0,0,7,1.17,.280
Bryan B Holaday,TEX,0,0,0.00,1,0,0,0,0,0,1.1,0,0,0,0,0,0,0,0.00,.000
Tyler T Holt R,CIN,0,0,0.00,1,0,0,0,0,0,1.0,0,0,0,0,0,0,0,0.00,.000
Jared J Hoying L,TEX,0,0,9.00,1,0,0,0,0,0,1.0,1,1,1,1,0,0,0,1.00,.250
Ryan R La Marre,BOS,0,0,0.00,1,0,0,0,0,0,1.0,2,0,0,0,0,0,0,2.00,.400
Tyler T Ladendorf S,OAK,0,0,0.00,1,0,0,0,0,0,1.0,1,0,0,0,0,1,0,2.00,.250
Adalberto A Mejía Mejia,MIN,0,0,7.71,1,0,0,0,0,0,2.1,5,2,2,0,0,1,0,2.57,.455
Miguel M Montero,CHC,0,0,6.75,1,0,0,0,0,0,1.1,4,1,1,0,1,0,0,3.00,.500
Taylor T Motter,TB,0,0,0.00,1,0,0,0,0,0,0.1,1,0,0,0,0,0,0,3.00,.500
Tyler T Olson,NYY,0,0,6.75,1,0,0,0,0,0,2.2,3,2,2,0,0,2,0,1.88,.300
Ariel A Peña Pena,MIL,0,0,27.00,1,0,0,0,0,0,1.2,5,5,5,3,0,2,0,4.20,.556
Josh J Phegley,OAK,0,0,0.00,1,0,0,0,0,0,0.2,0,0,0,0,0,0,1,0.00,.000
Branden B Pinder,NYY,0,0,18.00,1,0,0,0,0,0,1.0,3,2,2,0,0,1,1,4.00,.600
Jo- Jo J Reyes,MIA,0,0,9.00,1,0,0,0,0,0,2.0,3,2,2,0,0,1,0,2.00,.333
Andrew An Romine,DET,0,0,0.00,1,0,0,0,0,0,0.2,0,0,0,0,0,2,0,3.00,.000
Tyson T Ross,SD,0,1,11.81,1,1,0,0,0,0,5.1,9,8,7,0,2,1,5,1.88,.375
Michael M Roth,TEX,0,0,14.73,1,0,0,0,0,0,3.2,10,6,6,3,0,1,3,3.00,.476
Hyun Jin H Ryu,LAD,0,1,11.57,1,1,0,0,0,0,4.2,8,6,6,1,0,2,4,2.14,.364
Adrian A Sampson,SEA,0,1,7.71,1,1,0,0,0,0,4.2,8,4,4,2,0,1,2,1.93,.400
Luis L Sardinas S,SEA,0,0,0.00,1,0,0,0,0,0,1.0,0,0,0,0,0,0,0,0.00,.000
J B Shuck L,CWS,0,0,9.00,1,0,0,0,0,0,1.0,1,1,1,0,0,0,0,1.00,.250
Ruben R Tejada,STL,0,0,18.00,1,0,0,0,0,0,1.0,2,2,2,2,0,0,0,2.00,.400
Nick N Tepesch,LAD,0,1,11.25,1,1,0,0,0,0,4.0,7,5,5,1,0,0,3,1.75,.368
Daniel D Webb,CWS,0,0,0.00,1,0,0,0,0,0,1.0,2,0,0,0,0,1,3,3.00,.400
Tyler T White,HOU,0,0,9.00,1,0,0,0,0,0,1.0,1,1,1,1,0,0,0,1.00,.250
Joe J Wieland,SEA,0,1,10.80,1,1,0,0,0,0,5.0,9,6,6,1,0,0,3,1.80,.391
