PLAYER,TEAM,W,L,ERA,GS,CG,SHO,SV,SVO,IP,H,R,ER,HR,HB,BB,SO,WHIP,AVG
Bryan B Shaw,CLE,6,7,3.49,81,0,0,0,2,8,77.1,69,33,30,10,1,38,71,1.38,.235
Tyler T Rogers,SF,7,1,2.22,80,0,0,0,13,19,81.0,74,23,20,5,5,13,55,1.07,.243
Tim T Hill,SD,6,6,3.62,78,0,0,0,1,6,59.2,51,34,24,9,6,23,56,1.24,.230
Yusmeiro Y Petit,OAK,8,3,3.92,78,0,0,0,2,8,78.0,69,35,34,12,1,12,37,1.04,.233
Steve S Cishek,LAA,0,2,3.42,74,0,0,0,0,5,68.1,61,32,26,2,6,41,64,1.49,.238
Hector H Neris,PHI,4,7,3.63,74,0,0,0,12,19,74.1,55,34,30,12,4,32,98,1.17,.202
Giovanny G Gallegos,STL,6,5,3.02,73,0,0,0,14,22,80.1,51,28,27,6,6,20,95,0.88,.183
Jake J Brentz,KC,5,2,3.66,72,0,0,0,2,7,64.0,45,32,26,7,6,37,76,1.28,.197
Adam A Cimber,TOR,3,4,2.26,72,0,0,0,1,2,71.2,61,24,18,2,7,16,51,1.07,.234
Mike M Mayers,LAA,5,5,3.84,72,2,0,0,2,5,75.0,71,32,32,11,3,26,90,1.29,.250
Hansel H Robles,BOS,3,5,4.43,72,0,0,0,14,16,69.0,58,39,34,8,5,37,76,1.38,.228
Ryne R Stanek,HOU,3,5,3.42,72,0,0,0,2,4,68.1,46,32,26,8,5,37,83,1.21,.186
Blake B Treinen,LAD,6,5,1.99,72,0,0,0,7,11,72.1,46,20,16,5,3,25,85,0.98,.179
Scott S Barlow,KC,5,3,2.42,71,0,0,0,16,22,74.1,61,20,20,4,2,28,91,1.20,.223
Brad B Boxberger,MIL,5,4,3.34,71,0,0,0,4,9,64.2,44,26,24,8,6,25,83,1.07,.192
Genesis G Cabrera,STL,4,5,3.73,71,0,0,0,0,3,70.0,52,31,29,3,5,36,77,1.26,.209
Andrew A Chafin,OAK,2,4,1.83,71,0,0,0,5,8,68.2,45,14,14,4,2,19,64,0.93,.186
Emmanuel E Clase,CLE,4,5,1.29,71,0,0,0,24,29,69.2,51,18,10,2,0,16,74,0.96,.195
Luke L Jackson,ATL,2,2,1.98,71,0,0,0,0,4,63.2,45,15,14,6,2,29,70,1.16,.198
Will W Smith,ATL,3,7,3.44,71,0,0,0,37,43,68.0,49,27,26,11,5,28,87,1.13,.198
Lou L Trivino,OAK,7,8,3.18,71,0,0,0,22,26,73.2,58,32,26,5,4,34,67,1.25,.216
Anthony A Bass,MIA,3,9,3.82,70,1,0,0,0,4,61.1,55,33,26,11,3,24,58,1.29,.241
Tyler T Kinley,COL,3,2,4.73,70,0,0,0,0,4,70.1,59,37,37,12,2,26,68,1.21,.223
Miguel M Castro,NYM,3,4,3.45,69,2,0,0,0,2,70.1,48,30,27,7,6,43,77,1.29,.189
Liam L Hendriks,CWS,8,3,2.54,69,0,0,0,38,44,71.0,45,23,20,11,1,7,113,0.73,.174
Clay C Holmes,NYY,8,4,3.60,69,0,0,0,0,2,70.0,53,32,28,5,4,29,78,1.17,.206
Kenley K Jansen,LAD,4,4,2.22,69,0,0,0,38,43,69.0,36,21,17,4,2,36,86,1.04,.153
Tyler T Matzek,ATL,0,4,2.57,69,0,0,0,0,1,63.0,40,19,18,3,2,37,77,1.22,.182
Adam A Ottavino,BOS,7,3,4.21,69,0,0,0,11,17,62.0,55,31,29,5,7,35,71,1.45,.239
Alex A Reyes,STL,10,8,3.24,69,0,0,0,29,34,72.1,46,32,26,9,2,52,95,1.35,.176
Richard R Bleier,MIA,3,2,2.95,68,0,0,0,0,6,58.0,51,20,19,4,3,6,44,0.98,.241
Kyle K Finnegan,WSH,5,9,3.55,68,0,0,0,11,15,66.0,64,39,26,9,2,34,68,1.48,.251
Dylan D Floro,MIA,6,6,2.81,68,0,0,0,15,21,64.0,53,25,20,2,0,25,62,1.22,.217
Brad B Hand,NYM,6,7,3.90,68,0,0,0,21,29,64.2,56,39,28,9,6,26,61,1.27,.235
Trevor T May,NYM,7,3,3.59,68,0,0,0,4,7,62.2,55,29,25,10,0,24,83,1.26,.227
Chris C Stratton,PIT,7,1,3.63,68,0,0,0,8,13,79.1,70,34,32,9,1,33,86,1.30,.233
Jose J Álvarez Alvarez,SF,5,2,2.37,67,1,0,0,0,0,64.2,53,23,17,2,0,19,42,1.11,.217
Daniel D Bard,COL,7,8,5.21,67,0,0,0,20,28,65.2,69,41,38,8,7,36,80,1.60,.265
Jose J Cisnero,DET,4,4,3.65,67,0,0,0,4,9,61.2,51,34,25,6,4,31,62,1.33,.226
Alex A Colomé Colome,MIN,4,4,4.15,67,0,0,0,17,24,65.0,68,41,30,8,4,23,58,1.40,.264
Jake J Diekman,OAK,3,3,3.86,67,0,0,0,7,14,60.2,47,29,26,10,4,34,83,1.34,.211
Chad C Green,NYY,10,7,3.12,67,0,0,0,6,12,83.2,57,32,29,14,0,17,99,0.88,.193
Emilio E Pagán Pagan,SD,4,3,4.83,67,0,0,0,0,5,63.1,56,35,34,16,2,18,69,1.17,.231
Craig C Stammen,SD,6,3,3.06,67,4,0,0,1,2,88.1,79,31,30,13,3,13,83,1.04,.235
Brett B Martin,TEX,4,4,3.18,66,0,0,0,0,2,62.1,67,31,22,5,0,14,42,1.30,.272
Anthony A Misiewicz,SEA,5,5,4.61,66,0,0,0,0,5,54.2,61,30,28,7,1,15,53,1.39,.280
Sergio S Romo,OAK,1,1,4.67,66,0,0,0,3,7,61.2,56,33,32,9,2,21,60,1.25,.238
Austin A Adams,SD,3,2,4.10,65,0,0,0,0,1,52.2,28,28,24,1,24,35,76,1.20,.159
Jeurys J Familia,NYM,9,4,3.94,65,0,0,0,1,7,59.1,57,31,26,10,2,27,72,1.42,.248
Codi C Heuer,CHC,7,4,4.28,65,0,0,0,2,5,67.1,65,34,32,7,2,23,56,1.31,.261
Raisel R Iglesias,LAA,7,5,2.57,65,0,0,0,34,39,70.0,53,25,20,11,1,12,103,0.93,.207
Aaron A Loup,NYM,6,0,0.95,65,2,0,0,0,4,56.2,37,9,6,1,4,16,57,0.94,.192
Phil P Maton,HOU,6,0,4.73,65,1,0,0,0,4,66.2,65,36,35,6,6,32,85,1.46,.256
Ryan R Tepera,CWS,0,2,2.79,65,0,0,0,2,5,61.1,35,19,19,4,4,19,74,0.88,.164
Jose J Alvarado,PHI,7,1,4.20,64,0,0,0,5,8,55.2,42,30,26,5,7,47,68,1.60,.213
Tyler T Duffey,MIN,3,3,3.18,64,0,0,0,3,5,62.1,48,25,22,4,2,28,61,1.22,.216
Carlos C Estévez Estevez,COL,3,5,4.38,64,0,0,0,11,17,61.2,71,32,30,8,2,21,60,1.49,.293
Mark M Melancon,SD,4,3,2.23,64,0,0,0,39,45,64.2,54,21,16,4,1,25,59,1.22,.228
Ryan R Pressly,HOU,5,3,2.25,64,0,0,0,26,28,64.0,49,19,16,4,0,13,81,0.97,.208
Richard R Rodríguez Rodriguez,ATL,5,4,2.94,64,0,0,0,14,17,64.1,50,21,21,8,2,10,42,0.93,.209
Josh J Staumont,KC,4,3,2.88,64,0,0,0,5,5,65.2,43,24,21,6,2,27,72,1.07,.183
Edwin E Díaz Diaz,NYM,5,6,3.45,63,0,0,0,32,38,62.2,43,27,24,3,9,23,89,1.05,.195
Amir A Garrett,CIN,0,4,6.04,63,0,0,0,7,11,47.2,46,34,32,9,0,29,61,1.57,.249
Pierce P Johnson,SD,3,4,3.22,63,2,0,0,0,2,58.2,47,21,21,6,1,27,77,1.26,.220
Craig C Kimbrel,CWS,4,5,2.26,63,0,0,0,24,29,59.2,31,19,15,6,3,23,100,0.91,.150
Zack Z Littell,SF,4,0,2.92,63,2,0,0,2,6,61.2,46,24,20,7,2,24,63,1.14,.207
Josh J Sborz,TEX,4,3,3.97,63,0,0,0,1,4,59.0,52,29,26,7,0,32,69,1.42,.234
Aaron A Bummer,CWS,5,5,3.51,62,0,0,0,2,8,56.1,42,28,22,3,4,29,75,1.26,.202
Yimi Y García Garcia,HOU,4,9,4.21,62,0,0,0,15,18,57.2,49,33,27,8,1,18,60,1.16,.230
Jake J Mc Gee,SF,3,2,2.72,62,0,0,0,31,36,59.2,44,25,18,7,2,10,58,0.91,.196
Jordan J Romano,TOR,7,1,2.14,62,0,0,0,23,24,63.0,41,17,15,7,1,25,85,1.05,.181
Tanner Tan Scott,BAL,5,4,5.17,62,0,0,0,0,2,54.0,48,34,31,6,6,37,70,1.57,.234
Paul P Sewald,SEA,10,3,3.06,62,0,0,0,11,16,64.2,42,24,22,10,0,24,104,1.02,.176
Gregory G Soto,DET,6,3,3.39,62,0,0,0,18,19,63.2,46,30,24,7,1,40,76,1.35,.198
Drew D Steckenrider,SEA,5,2,2.00,62,0,0,0,14,17,67.2,52,16,15,5,4,17,58,1.02,.214
Dillon D Tate,BAL,0,6,4.39,62,0,0,0,3,5,67.2,61,35,33,7,7,23,49,1.24,.245
Tony T Watson,SF,7,4,3.92,62,0,0,0,0,3,57.1,40,26,25,4,0,18,44,1.01,.193
David D Bednar,PIT,3,1,2.23,61,0,0,0,3,5,60.2,40,15,15,5,1,19,77,0.97,.185
Diego D Castillo,SEA,5,5,2.78,61,0,0,0,16,22,58.1,40,23,18,9,5,17,75,0.98,.194
Aroldis A Chapman,NYY,6,4,3.36,61,0,0,0,30,34,56.1,36,23,21,9,3,38,97,1.31,.182
Tim T Mayza,TOR,5,2,3.40,61,0,0,0,1,4,53.0,40,21,20,5,3,12,57,0.98,.206
A. J. A Minter,ATL,3,6,3.78,61,0,0,0,0,6,52.1,44,27,22,2,1,20,57,1.22,.226
Brent B Suter,MIL,12,5,3.07,61,1,0,0,1,9,73.1,72,34,25,9,1,24,69,1.31,.252
Josh J Taylor,BOS,1,0,3.40,61,0,0,0,1,2,47.2,45,18,18,2,3,23,60,1.43,.246
Matt M Barnes,BOS,6,5,3.79,60,0,0,0,24,30,54.2,41,25,23,8,2,20,84,1.12,.206
Anthony A Bender,MIA,3,2,2.79,60,1,0,0,3,5,61.1,45,22,19,5,6,20,71,1.06,.207
Josh J Hader,MIL,4,2,1.23,60,0,0,0,34,35,58.2,25,8,8,3,2,24,102,0.84,.127
Heath H Hembree,NYM,2,7,5.59,60,0,0,0,9,11,58.0,45,39,36,12,2,24,83,1.19,.207
James J Karinchak,CLE,7,4,4.07,60,0,0,0,11,16,55.1,35,27,25,9,2,32,78,1.21,.176
Cole C Sulser,BAL,5,4,2.70,60,0,0,0,8,11,63.1,48,20,19,5,0,23,73,1.12,.207
Nick N Wittgren,CLE,2,9,5.05,60,1,0,0,1,1,62.1,61,38,35,13,2,17,61,1.25,.261
Jorge J Alcala,MIN,3,6,3.92,59,0,0,0,1,5,59.2,45,29,26,10,2,13,61,0.97,.214
Jose J Ruiz,CWS,1,3,3.05,59,0,0,0,0,1,65.0,51,26,22,8,0,25,63,1.17,.210
Caleb C Thielbar,MIN,7,0,3.23,59,0,0,0,0,0,64.0,55,24,23,8,3,20,77,1.17,.232
Sam S Clay,WSH,0,5,5.60,58,0,0,0,0,1,45.0,55,32,28,4,5,22,34,1.71,.296
Jarlin J García Garcia,SF,6,3,2.62,58,0,0,0,1,3,68.2,48,26,20,9,2,18,68,0.96,.196
Brooks B Raley,HOU,2,3,4.78,58,0,0,0,2,5,49.0,43,30,26,6,3,16,65,1.20,.232
Devin D Williams,MIL,8,2,2.50,58,0,0,0,3,6,54.0,36,17,15,5,2,28,87,1.19,.186
Phil P Bickford,LAD,4,2,2.81,57,0,0,0,1,3,51.1,36,18,16,7,3,19,59,1.07,.197
Rex R Brothers,CHC,3,2,5.26,57,0,0,0,1,2,53.0,41,31,31,9,6,35,75,1.43,.212
Kyle K Funkhouser,DET,7,4,3.42,57,2,0,0,1,5,68.1,58,32,26,6,3,38,63,1.40,.229
Greg G Holland,KC,3,5,4.85,57,0,0,0,8,12,55.2,49,32,30,9,1,26,53,1.35,.229
Andrew A Kittredge,TB,9,3,1.88,57,4,0,0,8,9,71.2,55,21,15,7,3,15,77,0.98,.210
Dominic D Leone,SF,4,5,1.51,57,4,0,0,2,4,53.2,37,15,9,2,1,22,50,1.10,.195
Jonathan J Loáisiga Loaisiga,NYY,9,4,2.17,57,0,0,0,5,9,70.2,56,19,17,3,3,16,69,1.02,.215
Lucas L Luetge,NYY,4,2,2.74,57,1,0,0,1,3,72.1,67,30,22,6,3,15,78,1.13,.238
Joe J Mantiply,ARI,0,3,3.40,57,0,0,0,0,2,39.2,45,24,15,1,1,17,38,1.56,.292
Chasen C Shreve,PIT,3,3,3.20,57,0,0,0,0,2,56.1,43,20,20,7,1,28,45,1.26,.212
Hunter H Strickland,MIL,3,2,2.61,57,0,0,0,0,0,58.2,46,21,17,8,2,22,58,1.16,.213
Connor C Brogdon,PHI,5,4,3.43,56,1,0,0,1,5,57.2,47,27,22,6,1,18,50,1.13,.221
J T Chargois,TB,6,1,2.52,56,0,0,0,0,5,53.2,38,16,15,5,6,20,53,1.08,.202
Sean S Doolittle,SEA,3,1,4.53,56,0,0,0,1,5,49.2,50,27,25,7,2,23,53,1.47,.258
Daniel D Norris,MIL,2,3,6.16,56,0,0,0,1,4,57.0,55,41,39,9,2,30,58,1.49,.256
Wandy W Peralta,NYY,5,4,3.35,56,1,0,0,5,6,51.0,49,24,19,6,1,21,43,1.37,.251
J. P. J Feyereisen,TB,4,4,2.73,55,0,0,0,3,6,56.0,36,23,17,5,0,33,53,1.23,.183
Ian I Kennedy,PHI,3,1,3.20,55,0,0,0,26,30,56.1,45,21,20,12,2,17,62,1.10,.216
Dennis D Santana,TEX,2,4,4.28,55,0,0,0,0,3,54.2,48,31,26,4,3,32,46,1.46,.240
Hirokazu H Sawamura,BOS,5,1,3.06,55,0,0,0,0,1,53.0,45,24,18,9,2,32,61,1.45,.227
Garrett G Crochet,CWS,3,5,2.82,54,0,0,0,0,1,54.1,42,22,17,2,1,27,65,1.27,.213
Mychal M Givens,CIN,4,3,3.35,54,0,0,0,8,11,51.0,43,22,19,7,2,27,54,1.37,.234
Sam S Howard,PIT,3,4,5.60,54,1,0,0,0,1,45.0,34,29,28,7,3,32,60,1.47,.211
Daniel D Hudson,SD,5,3,3.31,54,0,0,0,0,3,51.2,40,22,19,8,0,16,75,1.08,.211
Archie A Bradley,PHI,7,3,3.71,53,0,0,0,2,5,51.0,51,24,21,5,3,22,40,1.43,.258
Luis L Cessa,CIN,5,2,2.51,53,0,0,0,0,0,64.2,55,24,18,5,0,19,54,1.14,.229
Ross R Detwiler,SD,3,1,4.64,53,5,0,0,0,0,52.1,44,28,27,10,8,20,62,1.22,.222
Kendall K Graveman,HOU,5,1,1.77,53,0,0,0,10,15,56.0,35,15,11,3,8,20,61,0.98,.180
Deolis D Guerra,OAK,4,1,4.11,53,0,0,0,0,0,65.2,53,34,30,8,4,20,62,1.11,.218
Trevor T Richards,TOR,7,2,3.50,53,0,0,0,1,6,64.1,40,26,25,12,0,22,78,0.96,.175
Paul P Fry,BAL,4,5,6.08,52,0,0,0,2,4,47.1,37,34,32,3,4,35,60,1.52,.213
Michael M Fulmer,DET,5,6,2.97,52,4,0,0,14,18,69.2,69,27,23,7,5,20,73,1.28,.256
Joe J Jiménez Jimenez,DET,6,1,5.96,52,0,0,0,1,2,45.1,34,33,30,6,8,35,57,1.52,.206
Joely J Rodríguez Rodriguez,NYY,2,3,4.66,52,0,0,0,1,3,46.1,53,27,24,4,0,18,47,1.53,.294
Kyle K Zimmer,KC,4,1,4.83,52,2,0,0,2,3,54.0,46,32,29,7,0,30,46,1.41,.243
Ryan R Helsley,STL,6,4,4.56,51,0,0,0,1,3,47.1,40,24,24,4,0,27,47,1.42,.227
Blake B Taylor,HOU,4,4,3.16,51,0,0,0,0,5,42.2,38,19,15,6,0,22,41,1.41,.233
Zach Z Pop,MIA,1,0,4.12,50,0,0,0,0,1,54.2,54,29,25,3,8,24,51,1.43,.254
Joe J Smith,SEA,4,4,4.99,50,0,0,0,0,3,39.2,47,23,22,5,3,8,34,1.39,.297
Robert R Stephenson,COL,2,1,3.13,49,0,0,0,1,2,46.0,42,20,16,5,2,18,52,1.30,.241
Austin A Voth,WSH,4,1,5.34,49,1,0,0,0,6,57.1,57,35,34,10,1,28,59,1.48,.266
Yency Y Almonte,COL,1,3,7.55,48,0,0,0,0,3,47.2,47,42,40,9,4,29,47,1.59,.260
Darwinzon D Hernandez,BOS,2,2,3.38,48,0,0,0,0,4,40.0,29,17,15,5,5,31,54,1.50,.203
Joe J Kelly,LAD,2,0,2.86,48,0,0,0,2,3,44.0,28,16,14,3,4,15,50,0.98,.174
Matt M Wisler,TB,3,5,3.70,48,0,0,0,1,4,48.2,41,24,20,6,1,11,62,1.07,.228
Pete P Fairbanks,TB,3,6,3.59,47,0,0,0,5,7,42.2,40,22,17,2,1,21,56,1.43,.241
Lucas L Gilbreath,COL,3,2,3.38,47,1,0,0,1,1,42.2,33,18,16,5,1,23,44,1.31,.208
Blake B Parker,CLE,2,1,3.09,47,0,0,0,0,0,43.2,43,15,15,5,2,14,37,1.31,.257
Lucas L Sims,CIN,5,3,4.40,47,0,0,0,7,10,47.0,34,26,23,6,4,18,76,1.11,.200
Dan D Winkler,CHC,1,3,5.22,47,0,0,0,0,1,39.2,32,24,23,5,9,30,40,1.56,.213
Brett Bde Geusde Geus,ARI,3,2,7.56,47,0,0,0,0,2,50.0,62,47,42,6,8,25,41,1.74,.308
Jhoulys J Chacín Chacin,COL,3,2,4.34,46,1,0,0,0,2,64.1,53,32,31,8,0,28,47,1.26,.222
Seth S Lugo,NYM,4,3,3.50,46,0,0,0,1,5,46.1,41,18,18,6,1,19,55,1.29,.237
Chris C Martin,ATL,2,4,3.95,46,0,0,0,1,5,43.1,49,20,19,4,3,6,33,1.27,.290
J. B. J Wendelken,ARI,4,3,4.33,46,0,0,0,2,3,43.2,44,24,21,4,0,22,39,1.51,.256
Garrett G Whitlock,BOS,8,4,1.96,46,0,0,0,2,5,73.1,64,22,16,6,3,17,81,1.10,.233
Nabil N Crismatt,SD,3,1,3.76,45,0,0,0,0,1,81.1,87,40,34,10,8,24,71,1.36,.274
Caleb C Smith,ARI,4,9,4.83,45,13,0,0,0,2,113.2,93,64,61,20,6,63,124,1.37,.217
Wander W Suero,WSH,2,3,6.33,45,0,0,0,0,3,42.2,45,35,30,11,4,15,44,1.41,.266
Victor V González Gonzalez,LAD,3,1,3.57,44,1,0,0,1,2,35.1,32,14,14,3,3,19,33,1.44,.244
Michael M Kopech,CWS,4,3,3.50,44,4,0,0,0,1,69.1,54,27,27,9,1,24,103,1.13,.210
Rafael R Montero,HOU,5,4,6.39,44,0,0,0,7,13,49.1,59,40,35,4,5,17,42,1.54,.296
Tyler T Wells,BAL,2,3,4.11,44,0,0,0,4,7,57.0,40,27,26,9,1,12,65,0.91,.192
Taylor T Clarke,ARI,1,3,4.98,43,0,0,0,0,1,43.1,52,28,24,4,0,14,39,1.52,.291
Jeffrey J Springs,TB,5,1,3.43,43,0,0,0,2,4,44.2,35,21,17,9,0,14,63,1.10,.216
Trevor T Stephan,CLE,3,1,4.41,43,0,0,0,1,1,63.1,58,32,31,15,3,31,75,1.41,.235
Duane D Underwood,PIT,2,3,4.33,43,0,0,0,0,0,72.2,77,40,35,9,4,27,65,1.43,.270
Sam S Coonrod,PHI,2,2,4.04,42,2,0,0,2,6,42.1,41,21,19,5,3,15,48,1.32,.247
Taylor T Hearn,TEX,6,6,4.66,42,11,0,0,0,1,104.1,96,58,54,17,3,42,92,1.32,.247
Spencer S Patton,TEX,2,2,3.83,42,0,0,0,2,5,42.1,36,20,18,4,0,15,48,1.20,.229
Casey C Sadler,SEA,0,1,0.67,42,0,0,0,0,0,40.1,19,4,3,1,1,10,37,0.72,.143
Justin J Wilson,CIN,1,1,5.29,42,0,0,0,0,1,34.0,32,22,20,6,1,16,29,1.41,.244
Tyler T Alexander,DET,2,4,3.81,41,15,0,0,0,0,106.1,106,47,45,16,4,28,87,1.26,.255
Alex A Claudio,LAA,1,2,5.51,41,0,0,0,1,1,32.2,37,22,20,6,0,15,30,1.59,.278
John J Curtiss,MIL,3,1,3.45,41,2,0,0,0,1,44.1,42,21,17,6,1,12,44,1.22,.244
Junior J Guerra,LAA,5,2,6.06,41,1,0,0,0,2,65.1,67,45,44,6,3,46,61,1.73,.262
Edgar E Santana,ATL,3,0,3.59,41,0,0,0,0,0,42.2,37,20,17,7,0,12,33,1.15,.228
Joakim J Soria,TOR,1,4,5.06,41,0,0,0,6,9,37.1,39,21,21,6,1,12,40,1.37,.269
Alex A Vesia,LAD,3,1,2.25,41,0,0,0,1,2,40.0,17,17,10,6,2,22,54,0.98,.126
Wade W Davis,KC,0,3,6.75,40,0,0,0,2,3,42.2,44,33,32,8,2,19,38,1.48,.270
Andres A Machado,WSH,1,2,3.53,40,0,0,0,0,3,35.2,30,17,14,4,5,15,30,1.26,.226
Andrew A Miller,STL,0,0,4.75,40,0,0,0,0,0,36.0,41,19,19,5,5,16,40,1.58,.293
Cal C Quantrill,CLE,8,3,2.89,40,22,0,0,0,0,149.2,129,55,48,16,9,47,121,1.18,.234
Garrett G Richards,BOS,7,8,4.87,40,22,0,0,3,3,136.2,158,86,74,19,5,60,115,1.60,.289
Taylor T Rogers,MIN,2,4,3.35,40,0,0,0,9,13,40.1,38,18,15,4,0,8,59,1.14,.247
Alex A Young,CLE,2,6,6.58,40,2,0,0,0,2,52.0,65,43,38,12,3,27,43,1.77,.307
Ben B Bowden,COL,3,2,6.56,39,0,0,0,0,1,35.2,44,30,26,6,1,21,42,1.82,.288
Rafael R Dolis,TOR,2,3,5.63,39,0,0,0,3,4,32.0,29,21,20,2,3,27,39,1.75,.232
John J Gant,MIN,5,11,4.09,39,21,0,0,0,0,110.0,95,56,50,10,6,71,92,1.51,.233
Bryan B Garcia,DET,3,2,7.55,39,0,0,0,2,3,39.1,48,38,33,10,2,25,32,1.86,.294
Derek D Holland,DET,3,2,5.07,39,1,0,0,0,0,49.2,58,29,28,6,1,20,51,1.57,.287
David D Price,LAD,5,2,4.03,39,11,0,0,1,1,73.2,79,35,33,8,4,26,58,1.43,.272
Ranger R Suárez Suarez,PHI,8,5,1.36,39,12,1,1,4,7,106.0,73,20,16,4,5,33,107,1.00,.194
Cesar C Valdez,BAL,2,2,5.87,39,0,0,0,8,13,46.0,62,32,30,8,1,14,45,1.65,.320
T. J. T Mc Farland,STL,4,1,2.56,38,0,0,0,0,1,38.2,32,11,11,3,0,9,21,1.06,.237
Adam A Plutko,BAL,1,2,6.71,38,1,0,0,1,4,56.1,65,43,42,17,3,27,44,1.63,.295
Tanner T Rainey,WSH,1,3,7.39,38,0,0,0,3,6,31.2,29,27,26,6,3,25,42,1.71,.238
Noe N Ramirez,ARI,0,2,3.00,38,0,0,0,1,3,36.0,23,14,12,3,3,12,29,0.97,.178
Ervin E Santana,KC,2,2,4.68,38,2,0,0,0,0,65.1,65,35,34,9,2,22,52,1.33,.259
Matt M Foster,CWS,2,1,6.00,37,0,0,0,1,2,39.0,43,27,26,9,2,13,40,1.44,.274
Collin C Mc Hugh,TB,6,1,1.55,37,7,0,0,1,3,64.0,48,15,11,3,2,12,74,0.94,.207
Joel J Payamps,KC,1,3,3.40,37,1,0,0,0,0,50.1,44,22,19,6,1,14,38,1.15,.232
Trent T Thornton,TOR,1,3,4.78,37,3,0,0,0,0,49.0,54,33,26,12,4,16,52,1.43,.278
Buck B Farmer,DET,0,0,6.37,36,0,0,0,0,1,35.1,40,25,25,9,5,21,37,1.73,.278
Ryan R Hendrix,CIN,5,1,5.97,36,0,0,0,0,1,31.2,33,23,21,8,1,16,35,1.55,.268
Cristian C Javier,HOU,4,1,3.55,36,9,0,0,2,4,101.1,67,41,40,16,7,53,130,1.18,.186
Alex A Lange,DET,1,3,4.04,36,0,0,0,1,4,35.2,37,18,16,5,3,16,39,1.49,.259
Martin M Pérez Perez,BOS,7,8,4.74,36,22,0,0,0,0,114.0,136,71,60,19,9,36,97,1.51,.296
Ryan R Thompson,TB,3,2,2.38,36,0,0,0,0,4,34.0,26,11,9,3,2,9,37,1.03,.211
Brad B Brach,CIN,1,2,6.30,35,0,0,0,1,3,30.0,30,26,21,5,1,18,33,1.60,.254
Paolo P Espino,WSH,5,5,4.27,35,19,0,0,1,1,109.2,108,53,52,19,1,25,92,1.21,.256
Matt M Peacock,ARI,5,7,4.90,35,8,0,0,0,0,86.1,107,55,47,13,1,28,50,1.56,.304
Drew D Rasmussen,TB,4,1,2.84,35,10,0,0,1,1,76.0,57,27,24,5,0,25,73,1.08,.204
Josh J Tomlin,ATL,4,0,6.57,35,0,0,0,0,0,49.1,69,36,36,10,1,5,37,1.50,.327
Matt M Andriese,SEA,2,3,5.21,34,0,0,0,1,4,48.1,65,35,28,7,4,13,50,1.61,.323
Ryan R Burr,CWS,2,1,2.45,34,1,0,0,0,1,36.2,28,11,10,3,1,21,33,1.34,.224
Luis L García Garcia,STL,1,1,3.24,34,0,0,0,2,3,33.1,25,12,12,2,1,8,34,0.99,.202
Brusdar B Graterol,LAD,3,0,4.59,34,1,0,0,0,2,33.1,34,18,17,2,5,13,27,1.41,.260
Ryne R Harper,WSH,0,2,4.04,34,0,0,0,0,1,35.2,28,16,16,6,2,14,31,1.18,.214
Adam A Morgan,CHC,2,1,4.26,34,0,0,0,2,4,25.1,22,15,12,6,1,12,28,1.34,.237
Steven S Okert,MIA,3,1,2.75,34,0,0,0,0,0,36.0,22,12,11,5,4,15,40,1.03,.183
Nick N Sandlin,CLE,1,1,2.94,34,0,0,0,0,1,33.2,21,15,11,2,4,17,48,1.13,.176
Domingo D Tapia,KC,4,1,2.67,34,0,0,0,0,3,33.2,25,10,10,1,0,15,26,1.19,.208
Jacob J Webb,ATL,5,4,4.19,34,0,0,0,1,3,34.1,38,22,16,4,1,14,33,1.51,.279
Sandy S Alcantara,MIA,9,15,3.19,33,33,1,0,0,0,205.2,171,85,73,21,10,50,201,1.07,.223
Walker W Buehler,LAD,16,4,2.47,33,33,0,0,0,0,207.2,149,61,57,19,6,52,212,0.97,.199
Luis L Castillo,CIN,8,16,3.98,33,33,0,0,0,0,187.2,181,94,83,19,7,75,192,1.36,.255
Enyel E De Los Santos,PIT,2,1,6.37,33,0,0,0,0,2,35.1,43,32,25,8,4,18,48,1.73,.291
Kevin K Gausman,SF,14,6,2.81,33,33,0,0,0,0,192.0,150,66,60,20,4,50,227,1.04,.210
Jorge J López Lopez,BAL,3,14,6.07,33,25,0,0,0,1,121.2,142,83,82,21,10,56,112,1.63,.293
Tyler T Mahle,CIN,13,6,3.75,33,33,0,0,0,0,180.0,158,78,75,24,10,64,210,1.23,.234
Charlie C Morton,ATL,14,6,3.34,33,33,0,0,0,0,185.2,136,77,69,16,17,58,216,1.04,.203
Marcus M Stroman,NYM,10,13,3.02,33,33,0,0,0,0,179.0,161,70,60,17,7,44,158,1.15,.242
Erik E Swanson,SEA,0,3,3.31,33,2,0,0,1,3,35.1,28,18,13,5,1,10,35,1.08,.212
Kolby K Allard,TEX,3,12,5.41,32,17,0,0,0,0,124.2,128,80,75,29,4,31,104,1.28,.258
Jose J Berríos Berrios,TOR,12,9,3.52,32,32,1,0,0,0,192.0,159,83,75,22,15,45,204,1.06,.223
Dylan D Cease,CWS,13,7,3.91,32,32,1,1,0,0,165.2,139,77,72,20,9,68,226,1.25,.223
Tyler T Chatwood,SF,1,3,5.63,32,0,0,0,1,2,32.0,26,22,20,2,4,21,38,1.47,.217
Zach Z Davies,CHC,6,12,5.78,32,32,0,0,0,0,148.0,162,99,95,25,5,75,114,1.60,.281
Nathan N Eovaldi,BOS,11,9,3.75,32,32,0,0,0,0,182.1,182,81,76,15,7,35,195,1.19,.253
Kevin K Ginkel,ARI,0,1,6.35,32,0,0,0,0,1,28.1,30,24,20,7,2,14,31,1.55,.268
Kyle K Hendricks,CHC,14,7,4.77,32,32,1,0,0,0,181.0,200,101,96,31,13,44,131,1.35,.278
Rich R Hill,NYM,7,8,3.86,32,31,0,0,0,0,158.2,137,70,68,21,16,55,150,1.21,.235
Cole C Irvin,OAK,10,15,4.24,32,32,0,0,0,0,178.1,195,94,84,23,9,42,125,1.33,.275
Kyle K Keller,PIT,1,1,6.48,32,0,0,0,0,0,33.1,30,27,24,9,5,22,36,1.56,.234
Dallas D Keuchel,CWS,9,9,5.28,32,30,0,0,0,0,162.0,189,105,95,25,7,59,95,1.53,.290
Jordan J Lyles,TEX,10,13,5.15,32,30,0,0,0,0,180.0,194,104,103,38,7,56,146,1.39,.278
Sean S Manaea,OAK,11,10,3.91,32,32,2,2,0,0,179.1,179,79,78,25,9,41,194,1.23,.255
German G Márquez Marquez,COL,12,11,4.40,32,32,3,1,0,0,180.0,165,92,88,21,4,64,176,1.27,.242
Keynan K Middleton,SEA,1,2,4.94,32,1,0,0,4,4,31.0,30,20,17,2,2,19,24,1.58,.252
Alec A Mills,CHC,6,7,5.07,32,20,0,0,1,1,119.0,137,75,67,16,7,34,87,1.44,.291
Frankie F Montas,OAK,13,9,3.37,32,32,0,0,0,0,187.0,164,79,70,20,7,57,207,1.18,.232
Joe J Musgrove,SD,11,9,3.18,32,31,2,2,0,0,181.1,142,68,64,22,18,54,203,1.08,.213
Sean S Newcomb,ATL,2,0,4.73,32,0,0,0,1,2,32.1,28,17,17,1,2,27,43,1.70,.235
Aaron A Nola,PHI,9,9,4.63,32,32,1,1,0,0,180.2,165,95,93,26,9,39,223,1.13,.237
Robbie R Ray,TOR,13,7,2.84,32,32,0,0,0,0,193.1,150,62,61,33,4,52,248,1.04,.210
Eduardo E Rodriguez,BOS,13,8,4.74,32,31,0,0,0,0,157.2,172,87,83,19,2,47,185,1.39,.277
Keegan K Thompson,CHC,3,3,3.38,32,6,0,0,1,2,53.1,48,22,20,9,2,31,55,1.48,.233
Julio J Urías Urias,LAD,20,3,2.96,32,32,0,0,0,0,185.2,151,67,61,19,7,38,195,1.02,.219
Will W Vest,SEA,1,0,6.17,32,0,0,0,0,1,35.0,38,25,24,2,3,18,27,1.60,.288
Adam A Wainwright,STL,17,7,3.05,32,32,3,1,0,0,206.1,168,72,70,21,9,50,174,1.06,.220
Zack Z Wheeler,PHI,14,10,2.78,32,32,3,2,0,0,213.1,169,72,66,16,8,46,247,1.01,.215
Bryan B Abreu,HOU,3,3,5.75,31,0,0,0,1,5,36.0,35,26,23,4,3,18,36,1.47,.254
Tyler T Anderson,SEA,7,11,4.53,31,31,0,0,0,0,167.0,170,87,84,27,1,38,134,1.25,.262
Shawn S Armstrong,TB,1,0,6.75,31,0,0,0,0,1,36.0,39,28,27,10,2,15,44,1.50,.265
Joe J Barlow,TEX,0,2,1.55,31,0,0,0,11,12,29.0,12,9,5,2,0,12,27,0.83,.124
Patrick P Corbin,WSH,9,16,5.82,31,31,0,0,0,0,171.2,192,114,111,37,3,60,143,1.47,.286
Stefan S Crichton,ARI,0,4,7.33,31,0,0,0,4,4,23.1,33,22,19,3,4,12,17,1.93,.333
Anthony A De Sclafani,SF,13,7,3.17,31,31,2,2,0,0,167.2,141,61,59,19,2,42,152,1.09,.225
Chris C Flexen,SEA,14,6,3.61,31,31,0,0,0,0,179.2,185,74,72,19,4,40,125,1.25,.268
Kyle K Gibson,PHI,10,9,3.71,31,30,0,0,0,0,182.0,158,78,75,17,8,64,155,1.22,.234
Lucas L Giolito,CWS,11,9,3.53,31,31,1,0,0,0,178.2,145,74,70,27,2,52,201,1.10,.219
Jeff J Hoffman,CIN,3,5,4.56,31,11,0,0,0,0,73.0,70,41,37,12,5,45,79,1.58,.248
Nick N Pivetta,BOS,9,8,4.53,31,30,0,0,1,1,155.0,137,80,78,24,5,65,175,1.30,.234
Hyun Jin H Ryu,TOR,14,10,4.37,31,31,1,1,0,0,169.0,170,85,82,24,2,37,143,1.22,.258
Tarik T Skubal,DET,8,12,4.34,31,29,0,0,0,0,149.1,141,76,72,35,6,47,164,1.26,.245
Drew D Smith,NYM,3,1,2.40,31,1,0,0,0,0,41.1,28,13,11,7,2,16,41,1.06,.192
Burch B Smith,OAK,1,1,5.40,31,0,0,0,0,1,43.1,49,27,26,5,1,11,28,1.38,.280
Mason M Thompson,WSH,1,3,4.01,31,0,0,0,0,3,24.2,32,15,11,4,1,15,23,1.91,.311
Tyler T Zuber,KC,0,3,6.26,31,0,0,0,0,0,27.1,26,20,19,6,1,17,25,1.57,.250
Anthony A Banda,PIT,2,2,4.28,30,0,0,0,0,4,33.2,39,18,16,6,2,13,32,1.54,.287
Jesse J Chavez,ATL,3,2,2.14,30,4,0,0,0,1,33.2,23,9,8,0,0,11,36,1.01,.192
Gerrit G Cole,NYY,16,8,3.23,30,30,2,1,0,0,181.1,151,69,65,24,2,41,243,1.06,.223
Jake J Cousins,MIL,1,0,2.70,30,0,0,0,0,0,30.0,16,9,9,3,4,19,44,1.17,.158
Yu Y Darvish,SD,8,11,4.22,30,30,0,0,0,0,166.1,138,81,78,28,8,44,199,1.09,.222
Luis L Garcia,HOU,11,8,3.48,30,28,0,0,0,0,155.1,133,62,60,19,3,50,167,1.18,.232
Zack Z Greinke,HOU,11,6,4.16,30,29,1,0,0,0,171.0,164,82,79,30,2,36,120,1.17,.252
J. A. J Happ,STL,10,8,5.79,30,30,0,0,0,0,152.1,177,100,98,30,3,48,122,1.48,.288
Andrew A Heaney,NYY,8,9,5.83,30,23,0,0,0,1,129.2,130,85,84,29,6,41,150,1.32,.256
Sam S Hentges,CLE,1,4,6.68,30,12,0,0,0,0,68.2,90,54,51,10,0,32,68,1.78,.318
Nick N Mears,PIT,1,0,5.01,30,0,0,0,0,5,23.1,25,14,13,5,0,13,23,1.63,.269
Casey C Mize,DET,7,9,3.71,30,30,1,0,0,0,150.1,130,64,62,24,11,41,118,1.14,.234
Jordan J Montgomery,NYY,6,7,3.83,30,30,0,0,0,0,157.1,150,73,67,19,2,51,162,1.28,.250
Max M Scherzer,LAD,15,4,2.46,30,30,1,0,0,0,179.1,119,53,49,23,10,36,236,0.86,.185
Jordan J Sheffield,COL,0,0,3.38,30,0,0,0,0,0,29.1,19,11,11,2,2,13,20,1.09,.190
Taijuan T Walker,NYM,7,11,4.47,30,29,0,0,0,0,159.0,133,84,79,26,4,55,146,1.18,.225
Ryan R Weathers,SD,4,7,5.32,30,18,0,0,1,1,94.2,101,57,56,20,3,30,72,1.38,.279
Brandon B Woodruff,MIL,9,10,2.56,30,30,0,0,0,0,179.1,130,54,51,18,7,43,211,0.96,.200
Ryan R Yarbrough,TB,9,7,5.11,30,21,1,0,0,0,155.0,163,96,88,25,9,27,117,1.23,.267
Adbert A Alzolay,CHC,5,13,4.58,29,21,0,0,1,1,125.2,112,66,64,25,5,34,128,1.16,.236
Jacob J Barnes,TOR,1,2,6.28,29,0,0,0,2,2,28.2,31,20,20,7,1,11,33,1.47,.270
Kris K Bubic,KC,6,7,4.43,29,20,0,0,0,0,130.0,121,67,64,22,7,59,114,1.38,.248
Danny D Coulombe,MIN,3,2,3.67,29,1,0,0,0,1,34.1,35,17,14,5,0,7,33,1.22,.267
Austin A Davis,BOS,1,2,5.13,29,0,0,0,0,3,26.1,24,17,15,4,1,12,28,1.37,.235
Camilo C Doval,SF,5,1,3.00,29,0,0,0,3,6,27.0,19,10,9,4,1,9,37,1.04,.192
Erick E Fedde,WSH,7,9,5.47,29,27,0,0,0,1,133.1,144,90,81,23,4,48,128,1.44,.275
Jon J Gray,COL,8,12,4.59,29,29,0,0,0,0,149.0,140,83,76,21,8,58,157,1.33,.245
Yusei Y Kikuchi,SEA,7,9,4.41,29,29,0,0,0,0,157.0,145,82,77,27,5,62,163,1.32,.243
Brandon B Kintzler,PHI,2,1,6.37,29,1,0,0,0,2,29.2,45,23,21,7,1,8,22,1.79,.344
Steven S Matz,TOR,14,7,3.82,29,29,0,0,0,0,150.2,158,70,64,18,6,43,144,1.33,.265
Juan J Minaya,MIN,2,1,2.48,29,0,0,0,0,0,40.0,27,12,11,4,2,20,43,1.18,.189
Jose J Quintana,SF,0,3,6.43,29,10,0,0,0,0,63.0,74,50,45,12,1,35,85,1.73,.286
Tayler T Saucedo,TOR,0,0,4.56,29,0,0,0,0,2,25.2,22,14,13,1,2,10,19,1.25,.229
Aaron A Slegers,LAA,2,2,6.97,29,0,0,0,0,2,31.0,43,24,24,6,1,15,25,1.87,.326
Drew D Smyly,ATL,11,4,4.48,29,23,0,0,0,0,126.2,133,69,63,27,2,41,117,1.37,.269
Jameson J Taillon,NYY,8,6,4.30,29,29,0,0,0,0,144.1,130,73,69,24,6,44,140,1.21,.238
Michael M Wacha,TB,3,5,5.05,29,23,0,0,0,0,124.2,132,73,70,23,4,31,121,1.31,.270
Brandon B Workman,BOS,1,2,5.46,29,0,0,0,0,0,28.0,36,20,17,4,0,21,25,2.04,.313
Albert A Abreu,NYY,2,0,5.15,28,0,0,0,1,1,36.2,27,21,21,8,3,19,35,1.25,.206
Brandon B Bielak,HOU,3,4,4.50,28,2,0,0,1,2,50.0,48,29,25,5,3,21,46,1.38,.254
Corbin C Burnes,MIL,11,5,2.43,28,28,0,0,0,0,167.0,123,47,45,7,6,34,234,0.94,.201
Mike M Foltynewicz,TEX,2,12,5.44,28,24,0,0,0,0,139.0,139,86,84,35,9,36,97,1.26,.260
Max M Fried,ATL,14,7,3.04,28,28,2,2,0,0,165.2,139,61,56,15,7,41,158,1.09,.227
Shane S Greene,LAD,0,1,7.23,28,0,0,0,1,2,23.2,25,19,19,6,4,14,24,1.65,.263
Matt M Harvey,BAL,6,14,6.27,28,28,0,0,0,0,127.2,160,96,89,19,5,37,95,1.54,.299
Adrian A Houser,MIL,10,6,3.22,28,26,1,1,0,0,142.1,118,61,51,12,9,64,105,1.28,.228
Chad C Kuhl,PIT,5,7,4.82,28,14,0,0,0,2,80.1,73,50,43,13,9,42,75,1.43,.252
Jon J Lester,STL,7,6,4.71,28,28,0,0,0,0,141.1,159,84,74,25,3,55,91,1.51,.285
Lance L Lynn,CWS,11,6,2.69,28,28,1,1,0,0,157.0,123,52,47,18,2,45,176,1.07,.209
Dillon D Maples,CHC,1,0,2.59,28,0,0,0,0,0,31.1,15,10,9,2,8,25,40,1.28,.144
Lance L Mc Cullers,HOU,13,5,3.16,28,28,0,0,0,0,162.1,122,59,57,13,10,76,185,1.22,.205
Trevor T Megill,CHC,1,2,8.37,28,0,0,0,0,0,23.2,36,24,22,7,1,8,30,1.86,.343
Wade W Miley,CIN,12,7,3.37,28,28,1,1,0,0,163.0,166,64,61,17,3,50,125,1.33,.265
Mike M Minor,KC,8,12,5.05,28,28,0,0,0,0,158.2,156,92,89,26,5,41,149,1.24,.252
Jimmy J Nelson,LAD,1,2,1.86,28,1,0,0,0,1,29.0,14,8,6,0,4,13,44,0.93,.143
Freddy F Peralta,MIL,10,5,2.81,28,27,1,0,0,0,144.1,84,47,45,14,11,56,195,0.97,.165
Miguel M Sánchez Sanchez,MIL,2,1,4.15,28,0,0,0,0,1,26.0,27,14,12,4,2,14,23,1.58,.267
Antonio A Senzatela,COL,4,10,4.42,28,28,0,0,0,0,156.2,178,84,77,12,9,32,105,1.34,.287
Phillips P Valdez,BOS,2,0,5.85,28,0,0,0,1,1,40.0,35,29,26,4,7,19,35,1.35,.238
Chris C Bassitt,OAK,12,4,3.15,27,27,1,1,0,0,157.1,127,55,55,15,11,39,159,1.06,.218
Kyle K Crick,PIT,1,1,4.44,27,0,0,0,0,1,24.1,14,14,12,0,5,19,21,1.36,.175
Dane D Dunning,TEX,5,10,4.51,27,25,0,0,0,0,117.2,126,61,59,13,7,43,114,1.44,.275
Ralph R Garza Jr.,MIN,1,4,3.56,27,0,0,0,1,2,30.1,24,15,12,5,1,14,29,1.25,.214
Louis L Head,TB,2,0,2.31,27,2,0,0,0,0,35.0,21,10,9,2,3,9,32,0.86,.175
Merrill M Kelly,ARI,7,11,4.44,27,27,0,0,0,0,158.0,163,82,78,21,4,41,130,1.29,.266
Kwang Hyun K Kim,STL,7,7,3.46,27,21,0,0,1,1,106.2,98,46,41,12,4,39,80,1.28,.242
John J King,TEX,7,5,3.52,27,0,0,0,0,1,46.0,41,24,18,3,4,12,40,1.15,.233
Corey C Knebel,LAD,4,0,2.45,27,4,0,0,3,5,25.2,16,8,7,2,0,9,30,0.97,.176
Michael M Lorenzen,CIN,1,2,5.59,27,0,0,0,4,4,29.0,26,18,18,2,1,14,21,1.38,.241
Evan E Marshall,CWS,0,2,5.60,27,0,0,0,0,4,27.1,28,17,17,5,0,9,26,1.35,.277
Kyle K Mc Gowin,WSH,0,0,4.20,27,0,0,0,0,0,30.0,21,14,14,5,2,14,35,1.17,.188
Tommy T Nance,CHC,1,1,7.22,27,0,0,0,0,0,28.2,25,23,23,5,3,13,30,1.33,.227
Drew D Pomeranz,SD,1,0,1.75,27,0,0,0,0,0,25.2,19,6,5,2,0,10,30,1.13,.211
Brady B Singer,KC,5,10,4.91,27,27,1,0,0,0,128.1,146,81,70,14,11,53,131,1.55,.281
Blake B Snell,SD,7,6,4.20,27,27,0,0,0,0,128.2,101,61,60,16,3,69,170,1.32,.214
Logan L Webb,SF,11,3,3.03,27,26,0,0,0,0,148.1,128,53,50,9,8,36,158,1.11,.234
Cam C Bedrosian,PHI,0,0,5.04,26,1,0,0,0,1,25.0,27,14,14,6,0,17,23,1.76,.278
Madison M Bumgarner,ARI,7,10,4.67,26,26,1,1,0,0,146.1,134,82,76,24,11,39,124,1.18,.242
Tyler T Clippard,ARI,1,1,3.20,26,0,0,0,6,9,25.1,22,12,9,3,3,11,21,1.30,.232
Wil W Crowe,PIT,4,8,5.48,26,25,0,0,0,0,116.2,126,75,71,25,6,57,111,1.57,.276
Josh J Fleming,TB,10,8,5.09,26,11,0,0,1,1,104.1,110,60,59,11,3,31,65,1.35,.268
Sonny S Gray,CIN,7,9,4.19,26,26,0,0,0,0,135.1,115,67,63,19,8,50,155,1.22,.225
Brad B Keller,KC,8,12,5.39,26,26,0,0,0,0,133.2,158,89,80,18,7,64,120,1.66,.297
John J Means,BAL,6,9,3.62,26,26,1,1,0,0,146.2,125,64,59,30,4,26,134,1.03,.224
Jose J Quijada,LAA,0,2,4.56,26,0,0,0,0,0,25.2,20,14,13,2,1,15,38,1.36,.213
Tony T Santillan,CIN,1,3,2.91,26,4,0,0,0,0,43.1,34,15,14,7,7,21,56,1.27,.217
Zach Z Thompson,MIA,3,7,3.24,26,14,0,0,0,0,75.0,63,35,27,6,3,28,66,1.21,.227
Jose J Ureña Urena,DET,4,8,5.81,26,18,0,0,0,0,100.2,119,70,65,14,4,42,67,1.60,.292
Art A Warren,CIN,3,0,1.29,26,0,0,0,0,0,21.0,11,3,3,1,1,8,34,0.90,.153
Alex A Wood,SF,10,4,3.83,26,26,0,0,0,0,138.2,125,63,59,14,16,39,152,1.18,.236
Jake J Woodford,STL,3,4,3.99,26,8,0,0,0,0,67.2,66,32,30,7,8,25,50,1.34,.261
Caleb C Baragar,SF,2,1,1.57,25,0,0,0,2,3,23.0,19,7,4,1,3,12,16,1.35,.235
Anthony A Castro,TOR,1,2,4.74,25,0,0,0,1,2,24.2,23,15,13,4,3,8,32,1.26,.237
Miguel M Diaz,SD,3,1,3.64,25,2,0,0,1,1,42.0,31,19,17,8,0,19,46,1.19,.204
Demarcus D Evans,TEX,0,2,5.13,25,0,0,0,0,2,26.1,24,16,15,4,1,16,33,1.52,.238
Marco M Gonzales,SEA,10,6,3.96,25,25,1,0,0,0,143.1,125,64,63,29,5,42,108,1.17,.234
Jesus J Luzardo,MIA,6,9,6.61,25,18,0,0,0,0,95.1,106,73,70,20,4,48,98,1.62,.280
Shane S Mc Clanahan,TB,10,6,3.43,25,25,0,0,0,0,123.1,120,49,47,14,2,37,141,1.27,.252
Triston T Mc Kenzie,CLE,5,9,4.95,25,24,0,0,0,0,120.0,84,66,66,21,3,58,136,1.18,.194
Patrick P Murphy,WSH,0,3,5.14,25,0,0,0,0,0,28.0,31,18,16,3,4,10,29,1.46,.272
Cionel C Pérez Perez,CIN,1,2,6.38,25,0,0,0,0,0,24.0,21,21,17,5,0,20,25,1.71,.233
Zach Z Plesac,CLE,10,6,4.67,25,25,0,0,0,0,142.2,137,79,74,23,7,34,100,1.20,.248
Yohan Y Ramirez,SEA,1,3,3.90,25,0,0,0,2,2,27.2,18,14,12,6,3,12,35,1.08,.188
Trevor T Rogers,MIA,7,8,2.64,25,25,0,0,0,0,133.0,107,46,39,6,5,46,157,1.15,.218
Sam S Selman,LAA,0,1,5.76,25,0,0,0,0,1,25.0,20,17,16,3,5,12,19,1.28,.222
Vince V Velasquez,SD,3,9,6.30,25,21,0,0,0,0,94.1,91,68,66,23,4,49,101,1.48,.251
Kodi K Whitley,STL,0,0,2.49,25,0,0,0,0,0,25.1,15,8,7,1,0,12,27,1.07,.172
Keegan K Akin,BAL,2,10,6.63,24,17,0,0,0,0,95.0,110,70,70,17,2,40,82,1.58,.290
Brett B Anderson,MIL,4,9,4.22,24,24,0,0,0,0,96.0,102,52,45,11,2,28,58,1.35,.276
Ian I Anderson,ATL,9,5,3.58,24,24,0,0,0,0,128.1,105,51,51,16,1,53,124,1.23,.221
Jake J Arrieta,SD,5,14,7.39,24,24,0,0,0,0,98.2,131,91,81,24,6,44,83,1.77,.320
Ryan R Borucki,TOR,3,1,4.94,24,0,0,0,0,1,23.2,18,14,13,5,1,11,21,1.23,.214
J T Brubaker,PIT,5,13,5.36,24,24,0,0,0,0,124.1,123,75,74,28,9,38,129,1.29,.254
Logan L Gilbert,SEA,6,5,4.68,24,24,0,0,0,0,119.1,112,63,62,17,6,28,128,1.17,.241
Chi C Gonzalez,COL,3,7,6.46,24,18,0,0,0,0,101.2,127,74,73,18,6,28,56,1.52,.311
Conner C Greene,BAL,1,3,7.11,24,1,0,0,0,4,25.1,32,20,20,1,3,12,26,1.74,.308
Carlos C Hernández Hernandez,KC,6,2,3.68,24,11,0,0,0,1,85.2,69,36,35,7,4,41,74,1.28,.223
James J Kaprielian,OAK,8,5,4.07,24,21,0,0,0,0,119.1,105,55,54,19,5,41,123,1.22,.233
Travis T Lakins Sr.,BAL,1,4,5.79,24,1,0,0,0,1,28.0,23,20,18,4,1,17,24,1.43,.221
Eric E Lauer,MIL,7,5,3.19,24,20,0,0,0,0,118.2,94,46,42,16,2,41,117,1.14,.215
Matt M Moore,PHI,2,4,6.29,24,13,0,0,0,0,73.0,78,54,51,15,2,38,63,1.59,.274
Jake J Odorizzi,HOU,6,7,4.21,24,23,0,0,0,0,104.2,97,51,49,16,3,34,91,1.25,.243
Daniel D Poncede Leon,STL,1,1,6.21,24,2,0,0,2,3,33.1,32,24,23,5,5,22,24,1.62,.252
Sean S Poppen,ARI,1,1,5.16,24,0,0,0,1,1,22.2,31,18,13,2,3,9,26,1.76,.316
Carlos C Rodón Rodon,CWS,13,5,2.37,24,24,1,1,0,0,132.2,91,39,35,13,8,36,185,0.96,.189
Riley R Smith,ARI,1,4,6.01,24,6,0,0,1,1,67.1,86,46,45,10,4,15,36,1.50,.308
Ross R Stripling,TOR,5,7,4.80,24,19,0,0,0,0,101.1,99,55,54,23,2,30,94,1.27,.251
Tejay T Antone,CIN,2,0,2.14,23,0,0,0,3,7,33.2,17,8,8,3,3,13,42,0.89,.152
Dylan D Bundy,LAA,2,9,6.06,23,19,0,0,0,0,90.2,89,64,61,20,6,34,84,1.36,.253
Jharel J Cotton,TEX,2,0,3.52,23,0,0,0,0,0,30.2,28,12,12,2,2,15,30,1.40,.237
Marcos M Diplán Diplan,BAL,2,0,4.50,23,0,0,0,0,0,30.0,22,16,15,6,0,15,24,1.23,.206
Jake J Faria,ARI,0,0,5.51,23,3,0,0,0,0,32.2,39,21,20,5,2,13,32,1.59,.285
Kyle K Freeland,COL,7,8,4.33,23,23,0,0,0,0,120.2,133,59,58,20,4,38,105,1.42,.284
Zac Z Gallen,ARI,4,10,4.30,23,23,1,1,0,0,121.1,108,61,58,19,5,49,139,1.29,.233
Austin A Gomber,COL,9,9,4.53,23,23,0,0,0,0,115.1,102,64,58,20,3,41,113,1.24,.232
Jay J Jackson,SF,2,1,3.74,23,1,0,0,0,2,21.2,15,9,9,3,0,12,28,1.25,.197
Mitch M Keller,PIT,5,11,6.17,23,23,0,0,0,0,100.2,131,69,69,10,7,49,92,1.79,.322
Justin J Miller,STL,1,0,6.16,23,0,0,0,1,1,19.0,20,13,13,5,2,6,13,1.37,.278
Shohei S Ohtani,LAA,9,2,3.18,23,23,0,0,0,0,130.1,98,48,46,15,10,44,156,1.09,.207
Chris C Paddack,SD,7,7,5.07,23,22,0,0,0,1,108.1,115,67,61,15,1,22,99,1.26,.269
Yacksel Y Ríos Rios,BOS,3,0,4.28,23,0,0,0,0,0,27.1,18,13,13,3,2,16,23,1.24,.189
Jose J Suarez,LAA,8,8,3.75,23,14,1,0,0,0,98.1,85,45,41,11,4,36,85,1.23,.230
Taylor T Widener,ARI,2,1,4.35,23,13,0,0,0,0,70.1,65,38,34,14,7,37,73,1.45,.241
Trevor T Williams,NYM,4,2,4.35,23,15,0,0,0,0,91.0,105,51,44,11,3,31,90,1.49,.287
Zack Z Britton,NYY,0,1,5.89,22,0,0,0,1,4,18.1,17,14,12,2,2,14,16,1.69,.262
Garrett G Cleavinger,LAD,2,4,3.00,22,1,0,0,0,1,18.0,20,11,6,4,1,12,21,1.78,.290
Nestor N Cortes,NYY,2,3,2.90,22,14,0,0,0,0,93.0,75,32,30,14,2,25,103,1.08,.217
Johnny J Cueto,SF,7,7,4.08,22,21,0,0,0,0,114.2,127,57,52,15,4,30,98,1.37,.285
Bailey B Falter,PHI,2,1,5.61,22,1,0,0,0,0,33.2,34,21,21,5,2,6,34,1.19,.262
Domingo D Germán German,NYY,4,5,4.58,22,18,0,0,0,0,98.1,89,52,50,17,2,27,98,1.18,.234
Vladimir V Gutierrez,CIN,9,6,4.74,22,22,0,0,0,0,114.0,115,61,60,20,4,46,88,1.41,.263
Clayton C Kershaw,LAD,10,8,3.55,22,22,0,0,0,0,121.2,103,51,48,15,3,21,144,1.02,.224
Michael M King,NYY,2,4,3.55,22,6,0,0,0,0,63.1,57,29,25,6,6,24,62,1.28,.236
Dinelson D Lamet,SD,2,4,4.40,22,9,0,0,0,0,47.0,48,24,23,6,2,22,57,1.49,.262
Luis L Oviedo,PIT,1,2,8.80,22,1,0,0,0,0,29.2,33,32,29,4,2,26,31,1.99,.282
Michael M Pineda,MIN,9,8,3.62,22,21,0,0,0,0,109.1,114,49,44,17,2,21,88,1.23,.265
Framber F Valdez,HOU,11,6,3.14,22,22,1,0,0,0,134.2,110,52,47,12,11,58,125,1.25,.220
Tyler T Webb,STL,0,0,13.22,22,0,0,0,0,0,16.1,22,26,24,1,0,19,14,2.51,.310
Rowan R Wick,CHC,0,1,4.30,22,0,0,0,5,8,23.0,17,12,11,1,1,14,29,1.35,.205
Justin J Bruihl,LAD,0,1,2.89,21,2,0,0,0,0,18.2,13,7,6,1,1,7,11,1.07,.203
J. B. J Bukauskas,ARI,2,2,7.79,21,0,0,0,0,1,17.1,24,19,15,4,0,7,14,1.79,.333
Aaron A Civale,CLE,12,5,3.84,21,21,0,0,0,0,124.1,108,56,53,23,4,31,99,1.12,.236
Michael M Feliz,OAK,0,0,7.20,21,0,0,0,1,1,20.0,26,17,16,4,0,7,22,1.65,.313
Justin J Garza,CLE,2,1,4.71,21,0,0,0,0,1,28.2,27,16,15,5,0,18,29,1.57,.250
Kenta K Maeda,MIN,6,5,4.66,21,21,0,0,0,0,106.1,106,60,55,16,7,32,113,1.30,.258
Justus J Sheffield,SEA,7,8,6.83,21,15,0,0,0,0,80.1,105,69,61,14,5,43,63,1.84,.316
Andrew A Wantz,LAA,1,0,4.94,21,0,0,0,0,1,27.1,23,17,15,5,3,11,38,1.24,.219
Mitch M White,LAD,1,3,3.66,21,4,0,0,0,2,46.2,38,28,19,6,0,17,49,1.18,.215
Yennsy Y Díaz Diaz,NYM,0,2,5.40,20,0,0,0,0,0,25.0,25,16,15,5,1,12,21,1.48,.255
Luke L Farrell,MIN,1,1,4.74,20,1,0,0,0,0,24.2,28,13,13,4,0,13,25,1.66,.280
Carson C Fulmer,CIN,0,0,6.66,20,0,0,0,0,0,25.2,26,20,19,3,3,13,24,1.52,.265
J D Hammer,PHI,1,1,4.95,20,0,0,0,0,0,20.0,21,11,11,3,2,11,22,1.60,.259
Nate N Jones,LAD,0,2,5.68,20,0,0,0,0,1,19.0,16,15,12,7,1,12,14,1.47,.219
Pablo P López Lopez,MIA,5,5,3.07,20,20,0,0,0,0,102.2,89,37,35,11,7,26,115,1.12,.233
Reynaldo R López Lopez,CWS,4,4,3.43,20,9,0,0,0,0,57.2,42,27,22,10,0,13,55,0.95,.205
Richard R Lovelady,KC,2,0,3.48,20,0,0,0,1,1,20.2,16,9,8,3,1,6,23,1.06,.211
Alek A Manoah,TOR,9,2,3.22,20,20,0,0,0,0,111.2,77,44,40,12,16,40,127,1.05,.192
Bailey B Ober,MIN,3,3,4.19,20,20,0,0,0,0,92.1,92,45,43,20,1,19,96,1.20,.258
Manuel M Rodríguez Rodriguez,CHC,3,3,6.11,20,0,0,0,1,2,17.2,18,18,12,3,1,12,16,1.70,.257
Joe J Ross,WSH,5,9,4.17,20,19,0,0,0,0,108.0,98,57,50,17,8,34,109,1.22,.237
Michael M Rucker,CHC,0,0,6.99,20,0,0,0,1,2,28.1,32,25,22,5,2,11,30,1.52,.286
Justin J Steele,CHC,4,4,4.26,20,9,0,0,0,0,57.0,50,29,27,12,5,27,59,1.35,.233
Jose J Urquidy,HOU,8,3,3.62,20,20,0,0,0,0,107.0,87,43,43,17,2,19,90,0.99,.218
Spencer S Howard,TEX,0,5,7.43,19,15,0,0,0,0,49.2,53,45,41,7,3,27,52,1.61,.269
Justin J Lawrence,COL,1,0,8.64,19,0,0,0,0,1,16.2,21,16,16,0,0,19,17,2.40,.333
Hoby H Milner,MIL,0,0,5.40,19,0,0,0,0,0,21.2,30,15,13,8,2,3,30,1.52,.323
Luis L Patiño Patino,TB,5,3,4.31,19,15,0,0,0,0,77.1,69,40,37,12,3,29,74,1.27,.232
Wily W Peralta,DET,4,5,3.07,19,18,0,0,0,0,93.2,87,41,32,12,4,38,58,1.33,.247
Angel A Perdomo,MIL,1,0,6.35,19,0,0,0,0,0,17.0,12,12,12,4,2,16,28,1.65,.200
Sal S Romano,NYY,0,2,6.12,19,0,0,0,0,0,25.0,31,20,17,5,1,11,17,1.68,.292
Scott S Alexander,LAD,0,2,2.93,18,0,0,0,0,1,15.1,15,6,5,2,1,4,8,1.24,.242
John J Brebbia,SF,0,1,5.89,18,0,0,0,0,1,18.1,25,13,12,4,2,4,22,1.58,.316
Ryan R Buchter,ARI,0,2,6.61,18,0,0,0,0,1,16.1,16,13,12,5,2,13,16,1.78,.258
Alex A Cobb,LAA,8,3,3.76,18,18,0,0,0,0,93.1,85,46,39,5,3,33,98,1.26,.240
Zach Z Eflin,PHI,4,7,4.17,18,18,0,0,0,0,105.2,116,52,49,15,3,16,99,1.25,.276
Junior J Fernández Fernandez,STL,1,0,5.66,18,0,0,0,0,0,20.2,25,13,13,2,0,15,15,1.94,.305
Jimmy J Herget,LAA,2,3,5.30,18,0,0,0,0,2,18.2,20,12,11,1,3,4,20,1.29,.286
Tanner T Houck,BOS,1,5,3.52,18,13,0,0,1,1,69.0,57,32,27,4,6,21,87,1.13,.223
Griffin G Jax,MIN,4,5,6.37,18,14,0,0,0,0,82.0,82,62,58,23,5,29,65,1.35,.256
Ian I Krol,DET,0,0,4.34,18,0,0,0,0,0,18.2,23,10,9,2,0,8,18,1.66,.303
Wade W Le Blanc,STL,0,2,4.41,18,9,0,0,0,0,49.0,56,24,24,8,4,17,29,1.49,.283
Matt M Manning,DET,4,7,5.80,18,18,0,0,0,0,85.1,96,59,55,10,3,33,57,1.51,.279
Tylor T Megill,NYM,4,6,4.52,18,18,1,0,0,0,89.2,88,46,45,19,2,27,99,1.28,.255
Eli E Morgan,CLE,5,7,5.34,18,18,0,0,0,0,89.1,90,54,53,20,4,22,81,1.25,.259
Andre A Scrubb,HOU,1,1,5.03,18,0,0,0,0,2,19.2,15,11,11,5,0,14,21,1.47,.214
Huascar H Ynoa,ATL,4,6,4.05,18,17,0,0,0,0,91.0,76,42,41,14,4,25,100,1.11,.224
Trevor T Bauer,LAD,8,5,2.59,17,17,1,0,0,0,107.2,71,36,31,19,3,37,137,1.00,.182
Adam A Conley,TB,0,0,2.29,17,0,0,0,0,0,19.2,14,5,5,2,2,6,16,1.02,.212
Jack J Flaherty,STL,9,2,3.22,17,15,0,0,0,0,78.1,57,35,28,12,6,26,85,1.06,.199
Robert R Gsellman,NYM,0,1,3.77,17,1,0,0,0,0,28.2,27,14,12,3,2,7,17,1.19,.248
David D Hale,PHI,0,2,6.41,17,1,0,0,0,1,26.2,30,20,19,5,1,9,21,1.46,.283
J. C. J Mejía Mejia,CLE,1,7,8.25,17,11,0,0,0,0,52.1,60,48,48,13,3,24,47,1.61,.286
Josh J Osich,CIN,2,0,5.02,17,0,0,0,1,3,14.1,15,9,8,4,0,5,9,1.40,.273
Erasmo E Ramírez Ramirez,DET,1,1,5.74,17,0,0,0,0,0,26.2,24,17,17,4,1,5,20,1.09,.238
Patrick P Sandoval,LAA,3,6,3.62,17,14,0,0,1,1,87.0,69,38,35,11,4,36,94,1.21,.215
Eric E Yardley,MIL,0,0,6.75,17,0,0,0,0,1,18.2,24,15,14,3,3,10,5,1.82,.324
Fernando F Abad,BAL,0,0,5.60,16,0,0,0,0,0,17.2,23,12,11,1,0,7,10,1.70,.307
Shaun S Anderson,SD,0,0,8.49,16,0,0,0,0,0,23.1,36,30,22,4,2,12,19,2.06,.330
Shane S Bieber,CLE,7,4,3.17,16,16,0,0,0,0,96.2,84,36,34,11,4,33,134,1.21,.229
Paul P Campbell,MIA,2,3,6.41,16,1,0,0,0,0,26.2,32,24,19,5,2,10,26,1.58,.288
Ashton A Goudeau,COL,2,1,4.19,16,1,0,0,0,2,34.1,24,16,16,4,2,17,22,1.19,.202
Jakob J Junis,KC,2,4,5.26,16,6,0,0,0,2,39.1,43,24,23,7,0,12,41,1.40,.279
Corey C Kluber,NYY,5,3,3.83,16,16,1,1,0,0,80.0,74,37,34,8,5,33,82,1.34,.247
Carlos C Martínez Martinez,STL,4,9,6.23,16,16,0,0,0,0,82.1,77,58,57,8,11,36,57,1.37,.246
Ryan R Sherriff,TB,0,1,5.52,16,0,0,0,1,2,14.2,14,11,9,0,4,9,16,1.57,.241
Matt M Shoemaker,MIN,3,8,8.06,16,11,0,0,0,0,60.1,73,56,54,15,3,27,40,1.66,.297
Austin A Warren,LAA,3,0,1.77,16,0,0,0,1,1,20.1,16,5,4,0,1,5,20,1.03,.205
Spenser S Watkins,BAL,2,7,8.07,16,10,0,0,0,0,54.2,74,50,49,14,2,19,35,1.70,.322
Bryse Bry Wilson,PIT,3,7,5.35,16,16,0,0,0,0,74.0,85,45,44,15,1,22,46,1.45,.290
Matthew M Boyd,DET,3,8,3.89,15,15,0,0,0,0,78.2,77,37,34,9,7,23,67,1.27,.255
Tony T Gonsolin,LAD,4,1,3.23,15,13,0,0,0,0,55.2,41,20,20,8,0,34,65,1.35,.202
David D Hess,TB,2,2,9.90,15,1,0,0,0,2,20.0,32,24,22,10,1,11,18,2.15,.364
Daniel D Lynch,KC,4,6,5.69,15,15,0,0,0,0,68.0,80,46,43,9,4,31,55,1.63,.295
David D Peterson,NYM,2,6,5.54,15,15,0,0,0,0,66.2,64,44,41,11,5,29,69,1.40,.255
Cody C Ponce,PIT,0,6,7.04,15,2,0,0,0,0,38.1,56,34,30,8,1,11,36,1.75,.344
Chris C Rodriguez,LAA,2,1,3.64,15,2,0,0,0,1,29.2,28,14,12,0,4,15,29,1.45,.243
Cody C Stashak,MIN,0,0,6.89,15,0,0,0,0,0,15.2,16,12,12,2,1,10,26,1.66,.258
Brad B Wieck,CHC,0,0,0.00,15,0,0,0,0,0,17.0,10,0,0,0,0,10,28,1.18,.164
Jacob Jde Gromde Grom,NYM,7,2,1.08,15,15,1,1,0,0,92.0,40,14,11,6,1,11,146,0.55,.129
Logan L Allen,CLE,2,7,6.26,14,11,0,0,0,0,50.1,58,39,35,12,4,17,37,1.49,.291
Chase C Anderson,PHI,2,4,6.75,14,9,0,0,0,0,48.0,51,36,36,10,3,20,35,1.48,.268
Alberto A Baldonado,WSH,0,1,8.44,14,0,0,0,0,4,10.2,10,10,10,3,0,7,12,1.59,.244
Griffin G Canning,LAA,5,4,5.60,14,13,0,0,0,0,62.2,65,41,39,14,1,28,62,1.48,.264
Humberto H Castellanos,ARI,2,2,4.93,14,7,0,0,0,1,45.2,48,26,25,7,2,15,29,1.38,.277
Randy R Dobnak,MIN,1,7,7.64,14,6,0,0,1,1,50.2,66,44,43,11,1,12,27,1.54,.310
Scott S Effross,CHC,2,1,3.68,14,0,0,0,0,1,14.2,13,6,6,2,3,1,18,0.95,.250
Tyler T Glasnow,TB,5,2,2.66,14,14,0,0,0,0,88.0,55,26,26,10,0,27,123,0.93,.176
Josiah J Gray,WSH,2,2,5.48,14,13,0,0,0,0,70.2,63,44,43,19,2,33,76,1.36,.238
Sean S Guenther,MIA,0,1,9.30,14,0,0,0,0,0,20.1,31,22,21,1,2,10,15,2.02,.348
Jandel J Gustave,MIL,1,2,3.44,14,0,0,0,0,1,18.1,15,10,7,2,4,5,13,1.09,.224
Chris C Mazza,TB,0,0,4.61,14,0,0,0,1,1,27.1,26,14,14,3,2,7,21,1.21,.257
Johan J Oviedo,STL,0,5,4.91,14,13,0,0,0,0,62.1,61,39,34,8,6,37,51,1.57,.251
Jefry J Rodriguez,WSH,0,0,5.92,14,1,0,0,0,0,24.1,25,16,16,6,1,17,20,1.73,.266
James J Sherfy,LAD,2,1,4.20,14,0,0,0,0,0,15.0,12,8,7,3,2,4,12,1.07,.218
Edwin E Uceta,LAD,0,3,6.64,14,1,0,0,0,1,20.1,19,18,15,3,0,12,25,1.52,.253
Bruce B Zimmermann,BAL,4,5,5.04,14,13,0,0,0,0,64.1,75,37,36,14,2,22,56,1.51,.291
Aaron A Ashby,MIL,3,2,4.55,13,4,0,0,1,2,31.2,25,20,16,4,1,12,39,1.17,.210
Jaime J Barria,LAA,2,4,4.61,13,11,0,0,0,0,56.2,70,29,29,8,2,19,35,1.57,.307
Wes W Benjamin,TEX,0,2,8.74,13,2,0,0,0,1,22.2,29,23,22,6,0,17,19,2.03,.309
Ryan R Brasier,BOS,1,1,1.50,13,0,0,0,0,1,12.0,12,5,2,2,0,4,9,1.33,.267
Austin A Brice,BOS,0,0,6.59,13,0,0,0,0,0,13.2,14,10,10,2,4,7,12,1.54,.264
Grant G Dayton,ATL,0,0,6.23,13,0,0,0,0,0,13.0,15,10,9,2,0,6,14,1.62,.283
Danny D Duffy,KC,4,3,2.51,13,12,0,0,0,0,61.0,52,19,17,6,0,22,65,1.21,.226
Jordan J Holloway,MIA,2,3,4.00,13,4,0,0,0,0,36.0,23,19,16,3,0,26,36,1.36,.177
Dean D Kremer,BAL,0,7,7.55,13,13,0,0,0,0,53.2,63,46,45,17,1,25,47,1.64,.292
Yoan Y Lopez,ARI,0,0,6.57,13,0,0,0,0,3,12.1,18,10,9,3,0,6,13,1.95,.333
Julian J Merryweather,TOR,0,1,4.85,13,1,0,0,2,2,13.0,13,7,7,4,1,4,12,1.31,.265
Shelby S Miller,PIT,0,1,9.24,13,0,0,0,0,0,12.2,16,13,13,3,1,11,8,2.13,.327
Nick N Ramirez,SD,1,1,5.75,13,0,0,0,0,0,20.1,23,15,13,2,0,7,14,1.48,.277
Kyle K Ryan,CHC,0,0,6.75,13,0,0,0,1,1,13.1,17,10,10,3,0,6,8,1.73,.315
Hector H Santiago,SEA,1,1,3.42,13,1,0,0,0,0,26.1,27,10,10,2,0,11,30,1.44,.257
Anthony A Swarzak,KC,0,1,9.49,13,0,0,0,0,0,12.1,20,13,13,4,1,1,9,1.70,.370
Luke L Weaver,ARI,3,6,4.25,13,13,0,0,0,0,65.2,58,34,31,11,1,20,62,1.19,.233
Mike M Wright Jr.,CWS,0,1,5.50,13,0,0,0,0,0,18.0,17,12,11,1,2,11,11,1.56,.254
Jason J Adam,CHC,1,0,5.91,12,0,0,0,0,0,10.2,10,7,7,1,3,6,19,1.50,.244
Carlos C Carrasco,NYM,1,5,6.04,12,12,0,0,0,0,53.2,59,39,36,12,0,18,50,1.43,.272
Robert R Dugger,SEA,0,2,7.36,12,4,0,0,0,0,25.2,34,24,21,4,1,12,19,1.79,.324
Keone K Kela,SD,2,2,5.06,12,0,0,0,0,2,10.2,11,8,6,3,0,3,13,1.31,.244
Reiss R Knehr,SD,1,2,4.97,12,5,0,0,0,0,29.0,23,16,16,2,2,20,20,1.48,.221
Adam A Kolarek,OAK,0,0,8.00,12,0,0,0,0,0,9.0,15,10,8,2,1,5,4,2.22,.341
Brooks B Kriske,BAL,2,1,14.29,12,0,0,0,0,1,11.1,17,19,18,7,1,6,11,2.03,.362
Sammy S Long,SF,2,1,5.53,12,5,0,0,0,0,40.2,37,27,25,5,3,15,38,1.28,.237
Darren D O' Day,NYY,0,0,3.38,12,0,0,0,0,0,10.2,9,4,4,2,1,4,11,1.22,.220
Enoli E Paredes,HOU,0,0,6.23,12,0,0,0,0,0,8.2,7,10,6,0,2,17,15,2.77,.212
Nate N Pearson,TOR,1,1,4.20,12,1,0,0,0,0,15.0,14,8,7,2,0,12,20,1.73,.237
A. J. A Puk,OAK,0,3,6.08,12,0,0,0,0,2,13.1,18,9,9,1,1,6,16,1.80,.310
Cody C Reed,TB,0,1,3.72,12,0,0,0,0,0,9.2,8,5,4,1,1,6,7,1.45,.235
Sean S Reid- Foley,NYM,2,1,5.23,12,0,0,0,0,0,20.2,22,15,12,3,0,9,26,1.50,.265
David D Robertson,TB,0,0,4.50,12,1,0,0,0,2,12.0,11,7,6,2,0,4,16,1.25,.239
Hyeon- Jong H Yang,TEX,0,3,5.60,12,4,0,0,0,0,35.1,42,24,22,9,1,16,25,1.64,.296
Justin J Dunn,SEA,1,3,3.75,11,11,0,0,0,0,50.1,37,21,21,6,4,29,49,1.31,.201
Seth S Elledge,STL,0,0,4.63,11,0,0,0,0,0,11.2,13,6,6,1,1,7,11,1.71,.302
Jason J Foley,DET,0,0,2.61,11,0,0,0,0,0,10.1,8,3,3,1,3,5,6,1.26,.216
Edgar E García Garcia,MIN,0,1,12.27,11,0,0,0,0,1,14.2,19,22,20,5,1,8,12,1.84,.302
Reymin R Guduan,OAK,0,0,6.28,11,0,0,0,0,1,14.1,19,11,10,1,0,5,5,1.67,.345
Elieser E Hernandez,MIA,1,3,4.18,11,11,0,0,0,0,51.2,54,26,24,13,3,14,53,1.32,.265
Anthony A Kay,TOR,1,2,5.61,11,5,0,0,0,0,33.2,38,22,21,7,3,18,39,1.66,.281
Gabe G Klobosits,WSH,0,1,5.56,11,0,0,0,0,0,11.1,13,8,7,0,1,5,5,1.59,.283
Joey J Lucchesi,NYM,1,4,4.46,11,8,0,0,0,0,38.1,34,20,19,4,2,11,41,1.17,.245
Wyatt W Mills,SEA,0,0,9.95,11,0,0,0,0,0,12.2,19,14,14,1,1,7,11,2.05,.352
Nick N Nelson,NYY,0,2,8.79,11,2,0,0,0,1,14.1,15,16,14,0,3,16,22,2.16,.263
David D Phelps,TOR,0,0,0.87,11,1,0,0,0,0,10.1,8,2,1,0,1,4,15,1.16,.216
Jo J Romero,PHI,0,0,7.00,11,0,0,0,0,0,9.0,12,8,7,4,1,4,8,1.78,.308
Touki T Toussaint,ATL,3,3,4.50,11,10,0,0,0,0,50.0,43,28,25,11,6,22,48,1.30,.234
Alexander A Wells,BAL,2,3,6.75,11,8,0,0,0,0,42.2,53,32,32,10,3,16,26,1.62,.299
Taylor T Williams,MIA,0,0,4.63,11,0,0,0,0,0,11.2,12,7,6,1,2,8,9,1.71,.273
Domingo D Acevedo,OAK,0,0,3.27,10,0,0,0,0,0,11.0,9,4,4,3,0,4,9,1.18,.225
Kohei K Arihara,TEX,2,4,6.64,10,10,0,0,0,0,40.2,45,31,30,11,4,13,24,1.43,.281
Kyle K Barraclough,MIN,2,0,5.54,10,0,0,0,0,0,13.0,12,8,8,4,2,8,18,1.54,.245
Travis T Bergen,TOR,2,0,1.69,10,1,0,0,0,1,10.2,5,2,2,1,2,8,6,1.22,.139
Kervin K Castro,SF,1,1,0.00,10,0,0,0,0,0,13.1,13,1,0,0,0,4,13,1.28,.260
Kent K Emanuel,HOU,1,0,2.55,10,0,0,0,0,0,17.2,12,5,5,4,1,4,13,0.91,.190
Eric E Hanhold,BAL,0,0,6.97,10,0,0,0,0,1,10.1,13,9,8,2,1,3,6,1.55,.302
Jordan J Hicks,STL,0,0,5.40,10,0,0,0,0,0,10.0,5,6,6,0,0,10,10,1.50,.147
Jake J Jewell,CHC,0,2,9.90,10,0,0,0,0,0,10.0,18,12,11,5,0,5,10,2.30,.391
Zac Z Lowther,BAL,1,3,6.67,10,6,0,0,0,0,29.2,36,23,22,6,4,13,30,1.65,.298
Kyle K Nelson,CLE,0,0,9.31,10,0,0,0,0,0,9.2,10,10,10,0,2,8,8,1.86,.256
Sean S Nolin,WSH,0,2,4.39,10,5,0,0,0,0,26.2,32,13,13,4,2,13,20,1.69,.302
Jake J Reed,NYM,0,1,3.60,10,1,0,0,0,1,10.0,10,6,4,1,0,2,10,1.20,.250
Adrian A Sampson,CHC,1,2,2.80,10,5,0,0,0,0,35.1,30,15,11,8,6,8,28,1.08,.231
Miguel M Aguilar,ARI,1,1,6.43,9,0,0,0,0,0,7.0,6,6,5,0,0,4,3,1.43,.250
Drew D Anderson,TEX,1,1,3.27,9,1,0,0,0,0,22.0,20,8,8,1,1,6,9,1.18,.238
Charlie C Barnes,MIN,0,3,5.92,9,8,0,0,0,0,38.0,46,27,25,4,4,16,20,1.63,.303
Paul P Blackburn,OAK,1,4,5.87,9,9,0,0,0,0,38.1,52,26,25,8,2,10,26,1.62,.319
Trevor T Cahill,PIT,1,5,6.57,9,8,0,0,0,0,37.0,42,29,27,4,1,14,32,1.51,.286
Chase C De Jong,PIT,1,4,5.77,9,9,0,0,0,0,43.2,49,28,28,11,1,19,39,1.56,.280
Jose J De León Leon,CIN,0,1,8.35,9,2,0,0,0,0,18.1,22,17,17,4,2,11,33,1.80,.289
Dietrich D Enns,TB,2,0,2.82,9,0,0,0,2,2,22.1,17,8,7,1,0,6,25,1.03,.207
Thomas T Eshelman,BAL,0,3,7.16,9,6,0,0,0,0,27.2,34,22,22,6,1,10,11,1.59,.298
Tyler T Gilbert,ARI,2,2,3.15,9,6,1,1,0,0,40.0,28,17,14,4,1,13,25,1.03,.200
Hunter H Harvey,BAL,0,0,4.15,9,0,0,0,0,0,8.2,8,4,4,1,0,3,6,1.27,.242
James J Hoyt,LAA,0,0,6.75,9,0,0,0,0,0,8.0,12,10,6,0,2,7,11,2.38,.324
Drew D Hutchison,DET,3,1,2.11,9,2,0,0,0,1,21.1,20,11,5,1,0,11,10,1.45,.260
Jackson J Kowar,KC,0,6,11.27,9,8,0,0,0,0,30.1,43,38,38,7,2,20,29,2.08,.336
Max M Kranick,PIT,2,3,6.28,9,9,0,0,0,0,38.2,47,28,27,4,4,19,32,1.71,.301
Derek D Law,MIN,0,0,4.20,9,0,0,0,0,0,15.0,16,7,7,2,0,8,14,1.60,.276
Miles M Mikolas,STL,2,3,4.23,9,9,0,0,0,0,44.2,43,24,21,6,2,11,31,1.21,.253
Kyle K Muller,ATL,2,4,4.17,9,8,0,0,0,0,36.2,26,17,17,2,2,20,37,1.25,.202
Connor C Overton,PIT,0,1,4.70,9,3,0,0,0,0,15.1,14,8,8,2,0,5,15,1.24,.250
Chris C Sale,BOS,5,1,3.16,9,9,0,0,0,0,42.2,45,19,15,6,4,12,52,1.34,.269
Aaron A Sanchez,SF,1,1,3.06,9,7,0,0,0,0,35.1,32,12,12,2,4,15,26,1.33,.234
Spencer S Turnbull,DET,4,2,2.88,9,9,1,1,0,0,50.0,37,18,16,2,5,12,44,0.98,.203
Brandon B Waddell,STL,0,1,6.75,9,0,0,0,0,0,9.1,14,8,7,2,0,9,7,2.46,.333
Jeremy J Beasley,TOR,0,1,7.71,8,0,0,0,0,0,9.1,7,9,8,3,2,9,13,1.71,.200
Jesse J Biddle,ATL,0,0,8.44,8,0,0,0,0,0,10.2,10,10,10,1,2,8,11,1.69,.263
Chris C Devenski,ARI,1,0,8.59,8,0,0,0,1,3,7.1,11,7,7,2,1,2,5,1.77,.344
Braxton B Garrett,MIA,1,2,5.03,8,7,0,0,0,0,34.0,42,20,19,3,2,20,32,1.82,.318
Will W Harris,WSH,0,1,9.00,8,0,0,0,0,0,6.0,7,6,6,1,0,3,9,1.67,.259
Josh J Lindblom,MIL,0,0,9.72,8,0,0,0,0,0,16.2,23,18,18,5,3,10,17,1.98,.324
Conner C Menez,SF,1,0,3.86,8,1,0,0,0,0,14.0,16,10,6,2,0,3,15,1.36,.276
Sam S Moll,OAK,0,0,3.48,8,0,0,0,0,0,10.1,8,4,4,1,2,5,8,1.26,.216
Nick N Neidert,MIA,1,2,4.54,8,7,0,0,0,0,35.2,31,18,18,4,5,23,21,1.51,.246
Oliver O Ortega,LAA,1,0,4.82,8,0,0,0,0,0,9.1,12,5,5,1,1,2,4,1.50,.333
Evan E Phillips,LAD,1,1,3.38,8,0,0,0,1,1,13.1,11,6,5,1,1,5,11,1.20,.212
Ben B Rowen,LAA,0,0,5.56,8,0,0,0,0,0,11.1,12,8,7,3,2,2,8,1.24,.273
Cory C Abbott,CHC,0,0,6.75,7,1,0,0,0,0,17.1,20,15,13,7,0,11,12,1.79,.286
Steven S Brault,PIT,0,3,5.86,7,7,0,0,0,0,27.2,33,18,18,3,1,12,19,1.63,.292
Zack Z Burdi,BAL,0,0,5.40,7,0,0,0,0,0,10.0,13,7,6,3,2,5,7,1.80,.325
Edward E Cabrera,MIA,0,3,5.81,7,7,0,0,0,0,26.1,24,20,17,6,4,19,28,1.63,.247
Kyle K Cody,TEX,0,2,7.94,7,0,0,0,0,1,11.1,16,11,10,3,3,2,14,1.59,.327
Carl C Edwards,TOR,0,0,11.12,7,0,0,0,0,1,5.2,11,7,7,3,0,3,6,2.47,.407
Chris C Ellis,BAL,1,0,2.15,7,6,0,0,0,0,29.1,21,7,7,3,2,14,23,1.19,.200
Geoff G Hartlieb,NYM,0,0,11.00,7,0,0,0,0,0,9.0,10,11,11,0,3,11,9,2.33,.278
Dusten D Knight,BAL,0,0,9.35,7,0,0,0,0,0,8.2,11,10,9,1,0,5,11,1.85,.289
Ryan R Meisinger,CHC,0,0,12.27,7,0,0,0,0,0,7.1,11,10,10,2,0,5,6,2.18,.355
Packy P Naughton,LAA,0,4,6.35,7,5,0,0,0,0,22.2,27,18,16,3,1,14,12,1.81,.290
Ljay L Newsome,SEA,1,1,7.98,7,1,0,0,0,0,14.2,20,14,13,5,0,3,16,1.57,.317
Jake J Petricka,LAA,0,1,15.00,7,0,0,0,0,1,6.0,6,10,10,1,1,7,8,2.17,.261
Cody C Poteet,MIA,2,3,4.99,7,7,0,0,0,0,30.2,25,17,17,7,0,16,32,1.34,.216
Ramon R Rosso,PHI,0,0,5.63,7,0,0,0,0,0,8.0,10,6,5,2,0,3,7,1.63,.313
Cristopher C Sánchez Sanchez,PHI,1,0,4.97,7,1,0,0,0,0,12.2,16,8,7,1,0,7,13,1.82,.320
Antonio A Santos,COL,0,1,4.76,7,0,0,0,0,0,11.1,9,7,6,1,0,5,10,1.24,.220
Kirby K Snead,TOR,0,1,2.35,7,0,0,0,0,0,7.2,7,3,2,0,1,2,7,1.17,.259
Gabe G Speier,KC,0,0,1.17,7,0,0,0,0,0,7.2,10,3,1,0,1,0,5,1.30,.313
Nick N Vincent,MIN,1,0,0.71,7,0,0,0,0,0,12.2,6,1,1,1,1,5,9,0.87,.146
Konner K Wade,BAL,0,0,11.68,7,0,0,0,0,0,12.1,23,16,16,3,0,5,11,2.27,.390
Jordan J Weems,ARI,0,1,15.88,7,0,0,0,0,1,5.2,6,10,10,2,1,6,7,2.12,.261
Nick N Anderson,TB,0,1,4.50,6,0,0,0,1,1,6.0,4,3,3,2,0,2,1,1.00,.190
Chris C Archer,TB,1,1,4.66,6,5,0,0,0,0,19.1,18,11,10,3,0,8,21,1.34,.240
Beau B Burrows,MIN,0,1,13.91,6,1,0,0,0,0,11.0,16,18,17,5,0,10,8,2.36,.364
Daniel D Camarena,SD,0,1,9.64,6,0,0,0,0,0,9.1,16,12,10,2,0,3,7,2.04,.364
A. J. A Cole,TOR,0,0,1.13,6,0,0,0,1,2,8.0,6,1,1,1,0,1,7,0.88,.207
Julian J Fernández Fernandez,COL,0,0,10.80,6,0,0,0,0,0,6.2,9,8,8,2,0,4,4,1.95,.310
Jace J Fry,CWS,0,1,10.80,6,0,0,0,0,0,6.2,10,8,8,1,1,6,3,2.40,.417
Luis L Gil,NYY,1,1,3.07,6,6,0,0,0,0,29.1,20,11,10,4,1,19,38,1.33,.183
Anthony A Gose,CLE,0,0,1.35,6,0,0,0,0,0,6.2,2,1,1,0,0,2,9,0.60,.091
Javy J Guerra,WSH,0,1,16.50,6,0,0,0,0,0,6.0,12,13,11,3,3,3,4,2.50,.429
Joey J Krehbiel,BAL,0,0,4.32,6,0,0,0,0,0,8.1,5,4,4,1,0,5,7,1.20,.172
Sandy S Leon,MIA,0,0,7.50,6,0,0,0,0,0,6.0,7,5,5,3,0,1,2,1.33,.280
Mauricio M Llovera,PHI,1,0,9.45,6,0,0,0,0,0,6.2,10,7,7,5,1,4,7,2.10,.333
Luis L Madero,MIA,0,0,9.00,6,0,0,0,0,0,12.0,13,12,12,3,1,8,4,1.75,.277
Tommy T Milone,TOR,1,0,6.43,6,1,0,0,1,1,14.0,20,10,10,3,0,3,17,1.64,.323
Darien D Núñez Nunez,LAD,0,1,8.22,6,1,0,0,0,1,7.2,8,8,7,3,0,4,8,1.57,.276
Glenn G Otto,TEX,0,3,9.26,6,6,0,0,0,0,23.1,32,24,24,2,2,8,28,1.71,.320
Dillon D Peters,PIT,1,2,3.71,6,6,0,0,0,0,26.2,26,12,11,2,1,10,23,1.35,.245
Austin A Pruitt,MIA,0,1,3.68,6,0,0,0,0,0,7.1,7,3,3,2,1,0,5,0.95,.250
Josh J Rogers,WSH,2,2,3.28,6,6,0,0,0,0,35.2,32,13,13,7,2,14,22,1.29,.241
Peter P Solomon,HOU,1,0,1.29,6,0,0,0,0,0,14.0,10,2,2,0,0,8,10,1.29,.217
Matt M Strahm,SD,0,1,8.10,6,1,0,0,0,1,6.2,15,6,6,0,0,1,4,2.40,.441
Andrew A Albers,MIN,1,2,7.58,5,3,0,0,0,0,19.0,24,16,16,9,1,9,12,1.74,.304
A. J. A Alexy,TEX,3,1,4.70,5,4,0,0,0,0,23.0,13,12,12,4,1,17,17,1.30,.167
Daniel D Castano,MIA,0,2,4.87,5,4,0,0,0,0,20.1,22,12,11,3,1,8,13,1.48,.268
Dylan D Coleman,KC,0,0,1.42,5,0,0,0,0,0,6.1,5,1,1,0,0,1,7,0.95,.208
Miguel M Del Pozo,DET,0,0,3.38,5,0,0,0,0,0,5.1,8,2,2,0,0,2,4,1.88,.348
Reid R Detmers,LAA,1,3,7.40,5,5,0,0,0,0,20.2,26,17,17,5,2,11,19,1.79,.295
Jerad J Eickhoff,NYM,0,2,8.69,5,4,0,0,0,0,19.2,30,24,19,9,3,10,13,2.03,.333
Neftali N Feliz,LAD,0,1,9.00,5,0,0,0,0,1,4.0,5,4,4,1,1,1,3,1.50,.294
Jesse J Hahn,KC,0,0,13.50,5,0,0,0,1,3,3.1,5,5,5,2,1,4,3,2.70,.357
Josh J James,HOU,0,0,5.40,5,0,0,0,0,0,5.0,4,3,3,1,0,2,8,1.20,.211
Daulton D Jefferies,OAK,1,0,3.60,5,1,0,0,0,0,15.0,11,6,6,1,1,4,8,1.00,.208
Scott S Kazmir,SF,0,1,6.35,5,4,0,0,0,0,11.1,15,9,8,3,0,6,10,1.85,.313
Nick N Margevicius,SEA,0,2,8.25,5,3,0,0,0,0,12.0,13,16,11,2,1,7,12,1.67,.250
Corbin Co Martin,ARI,0,3,10.69,5,3,0,0,0,0,16.0,23,19,19,5,1,14,13,2.31,.338
Dustin D May,LAD,1,1,2.74,5,5,0,0,0,0,23.0,16,8,7,4,1,6,35,0.96,.186
Humberto H Mejía Mejia,ARI,0,3,7.25,5,5,0,0,0,0,22.1,32,19,18,5,0,9,20,1.84,.340
Jovani J Moran,MIN,0,0,7.88,5,0,0,0,0,0,8.0,9,7,7,0,0,7,10,2.00,.290
Aaron A Northcraft,SD,1,0,2.25,5,0,0,0,0,0,8.0,5,2,2,1,0,8,5,1.63,.192
James J Norwood,SD,0,0,0.00,5,0,0,0,0,1,5.0,6,0,0,0,0,3,3,1.80,.300
Oliver O Pérez Perez,CLE,0,1,0.00,5,0,0,0,0,0,3.2,5,1,0,0,0,1,4,1.64,.294
Stephen S Ridings,NYY,0,0,1.80,5,0,0,0,0,0,5.0,4,2,1,0,0,2,7,1.20,.235
Jhon J Romero,WSH,0,0,4.50,5,0,0,0,0,0,4.0,5,2,2,0,0,0,3,1.25,.313
Joe J Ryan,MIN,2,1,4.05,5,5,0,0,0,0,26.2,16,12,12,4,0,5,30,0.79,.168
Mac M Sceroler,BAL,0,0,14.09,5,0,0,0,0,0,7.2,15,15,12,6,1,7,11,2.87,.375
Brandyn B Sittinger,ARI,0,1,7.71,5,0,0,0,0,2,4.2,5,4,4,3,1,2,1,1.50,.294
Eric E Sogard,CHC,0,0,6.23,5,0,0,0,0,0,4.1,7,3,3,2,1,0,1,1.62,.350
Shea S Spitzbarth,PIT,0,0,3.60,5,0,0,0,0,0,5.0,4,2,2,1,1,2,1,1.20,.211
Stephen S Strasburg,WSH,1,2,4.57,5,5,0,0,0,0,21.2,16,12,11,4,1,14,21,1.38,.200
Lewis L Thorpe,MIN,0,2,4.70,5,4,0,0,0,0,15.1,14,11,8,2,0,7,6,1.37,.237
Ty T Tice,ATL,0,0,4.50,5,0,0,0,0,0,8.0,10,4,4,1,1,5,6,1.88,.303
Nick N Tropeano,NYM,1,0,2.25,5,0,0,0,0,0,8.0,8,3,2,1,0,3,2,1.38,.267
Kyle K Tyler,LAA,0,0,2.92,5,0,0,0,0,0,12.1,8,4,4,1,2,6,6,1.14,.190
Hunter H Wood,TEX,0,0,3.60,5,0,0,0,0,0,5.0,2,2,2,1,0,2,5,0.80,.125
T. J. T Zeuch,TOR,0,2,6.60,5,3,0,0,0,0,15.0,21,16,11,6,0,9,8,2.00,.323
Willians W Astudillo,MIN,0,0,2.25,4,0,0,0,0,0,4.0,1,1,1,1,0,2,0,0.75,.071
Luis L Avilán Avilan,WSH,0,1,12.60,4,0,0,0,0,0,5.0,7,7,7,1,1,3,4,2.00,.333
Pedro P Báez Baez,HOU,0,0,2.08,4,0,0,0,0,0,4.1,2,1,1,1,0,1,5,0.69,.143
Mike M Baumann,BAL,1,1,9.90,4,0,0,0,0,0,10.0,13,12,11,2,1,6,5,1.90,.302
Alec A Bettinger,MIL,0,1,13.50,4,1,0,0,0,0,10.0,18,15,15,3,1,3,5,2.10,.391
Alex A Blandino,CIN,0,0,9.82,4,0,0,0,0,0,3.2,4,5,4,1,0,4,1,2.18,.286
Matt M Bush,TEX,0,0,6.75,4,0,0,0,0,0,4.0,4,3,3,3,0,1,5,1.25,.250
Drew D Carlton,DET,0,0,4.91,4,0,0,0,0,0,3.2,6,2,2,1,0,4,1,2.73,.429
Tucker T Davidson,ATL,0,0,3.60,4,4,0,0,0,0,20.0,15,8,8,3,0,8,18,1.15,.205
Jon J Duplantier,ARI,0,3,13.15,4,4,0,0,0,0,13.0,19,19,19,5,2,8,12,2.08,.322
Aaron A Fletcher,SEA,0,0,12.27,4,0,0,0,0,0,3.2,7,5,5,1,0,1,2,2.18,.368
Seth S Frankoff,ARI,0,2,9.20,4,3,0,0,0,0,14.2,20,15,15,4,2,9,11,1.98,.333
Javy J Guerra,SD,0,0,4.91,4,0,0,0,0,0,3.2,4,2,2,0,0,2,3,1.64,.250
Tommy T Hunter,NYM,0,0,0.00,4,1,0,0,0,0,8.0,4,0,0,0,1,3,6,0.88,.148
D J Johnson,TB,0,0,2.08,4,0,0,0,0,0,4.1,2,1,1,1,0,0,5,0.46,.133
Janson J Junk,LAA,0,1,3.86,4,4,0,0,0,0,16.1,20,11,7,5,0,2,10,1.35,.294
Jimmy J Lambert,CWS,1,1,6.23,4,3,0,0,0,0,13.0,16,9,9,3,2,6,10,1.69,.314
Jose J Marte,LAA,0,1,9.00,4,0,0,0,0,1,4.0,4,5,4,1,0,3,5,1.75,.267
Isaac I Mattson,BAL,0,0,6.23,4,0,0,0,0,0,4.1,5,3,3,0,0,5,3,2.31,.278
Adonis A Medina,PHI,0,0,3.52,4,1,0,0,0,0,7.2,9,3,3,0,3,4,6,1.70,.310
Dauri D Moreta,CIN,0,0,2.45,4,0,0,0,0,0,3.2,2,1,1,1,0,1,4,0.82,.154
Shawn S Morimando,MIA,0,0,9.58,4,0,0,0,0,0,10.1,18,11,11,2,0,5,9,2.23,.375
Reyes R Moronta,SF,0,0,2.25,4,0,0,0,0,0,4.0,1,1,1,1,0,0,2,0.25,.077
Jake J Newberry,KC,0,0,16.62,4,0,0,0,0,0,4.1,10,8,8,2,0,3,5,3.00,.476
Francisco F Perez,CLE,0,0,4.05,4,0,0,0,0,0,6.2,6,3,3,0,0,3,5,1.35,.250
A J Ramos,LAA,0,0,0.00,4,0,0,0,0,0,4.2,0,0,0,0,0,2,3,0.43,.000
Nivaldo N Rodriguez,HOU,0,0,2.45,4,0,0,0,0,0,7.1,4,2,2,2,3,4,3,1.09,.167
Zac Z Rosscup,COL,0,0,3.00,4,0,0,0,0,0,3.0,3,1,1,1,1,1,4,1.33,.300
Luis L Severino,NYY,1,0,0.00,4,0,0,0,0,0,6.0,2,0,0,0,1,1,8,0.50,.100
Nick N Snyder,TEX,0,0,4.91,4,0,0,0,0,0,3.2,3,2,2,0,0,3,1,1.64,.250
Kohl K Stewart,CHC,1,1,5.27,4,3,0,0,0,0,13.2,17,12,8,2,2,6,11,1.68,.309
Justin J Topa,MIL,0,0,29.70,4,0,0,0,0,1,3.1,12,11,11,2,0,1,1,3.90,.545
Ryan R Weber,SEA,0,0,12.10,4,0,0,0,0,0,9.2,15,13,13,5,1,4,8,1.97,.385
Miguel M Yajure,PIT,0,2,8.40,4,3,0,0,0,0,15.0,17,14,14,6,1,7,11,1.60,.283
Daniel D Zamora,SEA,2,0,6.23,4,0,0,0,0,0,4.1,5,4,3,1,0,1,3,1.38,.294
R. J. R Alaniz,CIN,0,0,3.38,3,0,0,0,0,0,2.2,1,1,1,1,1,3,3,1.50,.111
Manny M Barreda,BAL,1,0,13.50,3,0,0,0,0,0,2.2,4,4,4,2,0,2,2,2.25,.333
Shane S Baz,TB,2,0,2.03,3,3,0,0,0,0,13.1,6,3,3,3,0,3,18,0.68,.130
Andrew A Bellatti,MIA,0,0,13.50,3,0,0,0,0,0,3.1,6,5,5,0,0,2,4,2.40,.353
Scott S Blewett,KC,0,0,1.80,3,0,0,0,0,0,5.0,3,1,1,0,0,5,4,1.60,.188
Ronald R Bolaños Bolanos,KC,0,0,1.42,3,0,0,0,0,0,6.1,4,1,1,0,0,2,10,0.95,.174
Harold H Castro,DET,0,0,0.00,3,0,0,0,0,0,2.2,0,0,0,0,0,3,0,1.13,.000
Jhonathan J Diaz,LAA,1,0,4.15,3,2,0,0,0,0,13.0,11,6,6,1,1,7,9,1.38,.220
Luis L Frías Frias,ARI,0,0,2.70,3,0,0,0,0,0,3.1,2,1,1,0,0,5,3,2.10,.200
Ian I Gibaut,MIN,0,0,2.70,3,0,0,0,0,0,6.2,7,2,2,2,1,2,4,1.35,.280
Stephen S Gonsalves,BOS,0,0,4.15,3,0,0,0,0,0,4.1,2,2,2,0,1,2,4,0.92,.133
Thomas T Hatch,TOR,0,1,6.75,3,2,0,0,0,0,9.1,11,7,7,2,1,6,8,1.82,.289
Jon J Heasley,KC,1,1,4.91,3,3,0,0,0,0,14.2,15,8,8,3,2,3,6,1.23,.278
Brent B Honeywell Jr.,TB,0,0,8.31,3,2,0,0,0,0,4.1,5,4,4,2,0,3,4,1.85,.278
Andre A Jackson,LAD,0,1,2.31,3,0,0,0,1,1,11.2,10,3,3,1,0,6,10,1.37,.238
Kyle K Lobstein,WSH,0,0,20.25,3,0,0,0,0,0,1.1,3,3,3,1,0,1,1,3.00,.429
Seth S Martinez,HOU,0,0,15.00,3,0,0,0,0,0,3.0,5,5,5,0,0,3,3,2.67,.385
John J Nogowski,PIT,0,0,15.00,3,0,0,0,0,0,3.0,8,5,5,0,0,0,0,2.67,.500
Corey C Oswalt,NYM,1,1,3.48,3,1,0,0,0,0,10.1,12,4,4,1,0,2,10,1.35,.300
Elvis E Peguero,LAA,0,1,27.00,3,0,0,0,0,0,2.1,7,7,7,0,1,3,0,4.29,.538
Tanner T Roark,TOR,0,1,6.43,3,1,0,0,0,0,7.0,7,7,5,3,0,2,5,1.29,.241
Gregory G Santos,SF,0,2,22.50,3,0,0,0,0,0,2.0,5,6,5,3,0,2,3,3.50,.455
Robert R Stock,NYM,0,2,8.00,3,3,0,0,0,0,9.0,10,8,8,3,1,9,9,2.11,.286
Patrick P Weigel,MIL,0,0,4.50,3,0,0,0,0,0,4.0,4,2,2,1,1,4,9,2.00,.250
Dan D Altavilla,SD,0,0,6.75,2,0,0,0,0,1,1.1,1,1,1,1,0,0,2,0.75,.200
Eduard E Bazardo,BOS,0,0,0.00,2,0,0,0,0,0,3.0,1,0,0,0,0,2,3,1.00,.100
Asdrubal A Cabrera,ARI,0,0,0.00,2,0,0,0,0,0,1.1,1,0,0,0,0,0,0,0.75,.250
Hans H Crouse,PHI,0,2,5.14,2,2,0,0,0,0,7.0,4,4,4,2,0,7,2,1.57,.167
Charlie C Culberson,TEX,0,0,0.00,2,0,0,0,0,0,2.0,2,0,0,0,0,0,0,1.00,.286
Brandon B Dickson,STL,0,0,13.50,2,0,0,0,0,0,2.0,5,3,3,1,0,0,1,2.50,.500
Wilmer W Difo C,PIT,0,0,36.00,2,0,0,0,0,0,2.0,9,8,8,1,0,3,1,6.00,.643
Ryan R Feltner,COL,0,1,11.37,2,2,0,0,0,0,6.1,9,8,8,3,1,5,6,2.21,.346
Mike M Fiers,OAK,0,2,7.71,2,2,0,0,0,0,9.1,15,8,8,4,0,4,5,2.04,.366
Jay J Flaa,ATL,0,0,13.50,2,0,0,0,0,0,2.2,3,4,4,2,0,3,3,2.25,.300
Deivi D García Garcia,NYY,0,2,6.48,2,2,0,0,0,0,8.1,8,7,6,1,1,4,7,1.44,.250
Rony R García Garcia,DET,0,0,2.45,2,0,0,0,0,1,3.2,1,1,1,1,0,2,2,0.82,.100
Zack Z Godley,MIL,0,1,16.20,2,1,0,0,0,1,3.1,4,7,6,2,1,5,5,2.70,.286
Preston P Guilmet,MIA,0,0,4.50,2,0,0,0,0,0,2.0,2,1,1,1,0,0,1,1.00,.286
Jorge J Guzman,MIA,0,0,32.40,2,0,0,0,0,0,1.2,4,6,6,0,0,6,3,6.00,.444
Trevor T Hildenberger,NYM,0,0,15.43,2,0,0,0,0,0,2.1,3,4,4,1,1,3,4,2.57,.300
Dakota D Hudson,STL,1,0,2.08,2,1,0,0,0,0,8.2,7,2,2,0,1,1,6,0.92,.219
Brody B Koerner,NYY,0,0,3.00,2,0,0,0,0,0,3.0,2,1,1,0,1,2,1,1.33,.200
Brady B Lail,SEA,0,0,13.50,2,0,0,0,0,0,2.0,4,3,3,1,0,0,1,2.00,.400
Peter P Lambert,COL,0,0,11.12,2,2,0,0,0,0,5.2,12,7,7,2,0,2,3,2.47,.429
Dylan D Lee,ATL,0,0,9.00,2,0,0,0,0,0,2.0,3,2,2,1,0,0,3,1.50,.333
Darren D Mc Caughan,SEA,0,0,8.00,2,1,0,0,0,0,9.0,8,8,8,3,1,4,2,1.33,.250
Alex A Mc Rae,CWS,0,0,4.50,2,0,0,0,0,0,2.0,3,1,1,0,0,1,1,2.00,.333
Francisco F Mejía Mejia,TB,0,0,27.00,2,0,0,0,0,0,2.0,6,6,6,1,2,0,0,3.00,.500
Keury K Mella,ARI,0,0,32.40,2,0,0,0,0,0,1.2,8,6,6,2,0,2,2,6.00,.615
Bryan B Mitchell,MIA,0,0,4.50,2,0,0,0,0,0,4.0,5,2,2,0,0,2,4,1.75,.313
Adrian A Morejon,SD,0,0,3.86,2,2,0,0,0,0,4.2,5,2,2,2,0,2,3,1.50,.278
Brad B Peacock,BOS,0,1,15.19,2,1,0,0,0,0,5.1,6,9,9,2,1,3,3,1.69,.273
Felix F Peña Pena,LAA,0,0,37.80,2,0,0,0,0,0,1.2,7,7,7,0,0,4,2,6.60,.583
Hernan H Pérez,WSH,0,0,0.00,2,0,0,0,0,0,2.0,1,0,0,0,0,0,2,0.50,.143
Jace J Peterson,MIL,0,0,9.00,2,0,0,0,0,0,2.0,4,2,2,0,0,1,2,2.50,.400
Angel A Rondón Rondon,STL,0,0,0.00,2,0,0,0,0,0,2.0,1,0,0,0,0,1,1,1.00,.167
Reiver R Sanmartin,CIN,2,0,1.54,2,2,0,0,0,0,11.2,12,2,2,0,0,2,11,1.20,.267
Clarke C Schmidt,NYY,0,0,5.68,2,1,0,0,0,0,6.1,11,8,4,1,1,5,6,2.53,.355
Max M Schrock,CIN,0,0,0.00,2,0,0,0,0,0,1.2,0,0,0,0,0,0,1,0.00,.000
Spencer S Strider,ATL,1,0,3.86,2,0,0,0,0,0,2.1,2,1,1,1,0,1,0,1.29,.250
Pedro P Strop,CHC,1,0,0.00,2,0,0,0,0,0,2.0,2,0,0,0,0,2,3,2.00,.250
Noah N Syndergaard,NYM,0,1,9.00,2,2,0,0,0,0,2.0,3,2,2,1,0,0,2,1.50,.375
Ronald R Torreyes S,PHI,0,0,13.50,2,0,0,0,0,0,2.2,6,4,4,2,0,0,1,2.25,.429
Pat P Valaika,BAL,0,0,0.00,2,0,0,0,0,0,1.1,0,0,0,0,0,0,0,0.00,.000
Andrew A Vasquez,LAD,0,0,0.00,2,0,0,0,0,1,1.2,1,1,0,0,0,0,3,0.60,.167
Kyle K Wright,ATL,0,1,9.95,2,2,0,0,0,0,6.1,7,7,7,2,4,5,6,1.89,.292
Jordan J Yamamoto,NYM,1,1,4.05,2,1,0,0,0,0,6.2,10,6,3,0,2,2,3,1.80,.345
Jordan J Zimmermann,MIL,0,0,7.94,2,0,0,0,0,0,5.2,8,5,5,1,1,2,0,1.76,.348
Joan J Adon,WSH,0,0,3.38,1,1,0,0,0,0,5.1,6,2,2,1,1,3,9,1.69,.300
Hanser H Alberto,KC,0,0,0.00,1,0,0,0,0,0,0.1,0,0,0,0,0,0,0,0.00,.000
Sergio S Alcántara Alcantara,CHC,0,0,0.00,1,0,0,0,0,0,0.1,0,0,0,0,0,0,0,0.00,.000
Nick N Allgeyer,TOR,0,0,0.00,1,0,0,0,0,0,1.0,0,0,0,0,0,0,0,0.00,.000
Albert A Almora C,NYM,0,0,27.00,1,0,0,0,0,0,1.0,1,3,3,1,1,1,0,2.00,.250
Tanner T Anderson,PIT,0,0,3.60,1,0,0,0,0,0,5.0,5,2,2,0,0,0,1,1.00,.263
Jonathan J Araúz,BOS,0,0,9.00,1,0,0,0,0,0,1.0,2,1,1,0,0,0,0,2.00,.500
Christian C Arroyo,BOS,0,0,0.00,1,0,0,0,0,0,1.0,1,2,0,1,0,1,0,2.00,.250
Pedro P Avila,SD,0,1,2.25,1,1,0,0,0,0,4.0,4,2,1,1,0,3,5,1.75,.235
John J Axford,MIL,0,0,54.00,1,0,0,0,0,0,0.1,2,2,2,0,1,1,0,9.00,.667
Bryan B Baker,TOR,0,0,0.00,1,0,0,0,0,0,1.0,1,0,0,0,0,0,1,1.00,.250
Tyler T Beede,SF,0,0,27.00,1,0,0,0,0,0,1.0,2,3,3,0,1,0,2,2.00,.400
Anthony A Bemboom,LAA,0,0,18.00,1,0,0,0,0,0,1.0,3,2,2,1,0,0,0,3.00,.429
Dellin D Betances,NYM,0,0,9.00,1,0,0,0,0,0,1.0,0,1,1,0,1,1,1,1.00,.000
Joe J Biagini,CHC,1,0,0.00,1,0,0,0,0,0,3.0,2,0,0,0,1,1,2,1.00,.200
Akeem A Bostick,NYM,0,0,0.00,1,0,0,0,0,0,1.0,0,0,0,0,0,1,0,1.00,.000
Brandon B Brennan,BOS,0,0,0.00,1,0,0,0,0,0,3.0,3,0,0,0,0,2,1,1.67,.333
Colten C Brewer,BOS,0,0,36.00,1,0,0,0,0,0,1.0,4,4,4,0,0,3,1,7.00,.667
Andy A Burns,LAD,0,0,18.00,1,0,0,0,0,0,1.0,3,2,2,1,0,0,1,3.00,.500
Matt M Carpenter,STL,0,0,0.00,1,0,0,0,0,0,1.1,2,0,0,0,1,0,0,1.50,.400
Ryan R Castellani,COL,0,0,5.40,1,1,0,0,0,0,3.1,5,2,2,1,1,4,2,2.70,.417
Roansy R Contreras,PIT,0,0,0.00,1,1,0,0,0,0,3.0,3,0,0,0,0,1,4,1.33,.273
Kutter K Crawford,BOS,0,1,22.50,1,1,0,0,0,0,2.0,5,5,5,1,0,2,2,3.50,.556
Cooper C Criswell,LAA,0,1,20.25,1,1,0,0,0,0,1.1,6,3,3,0,0,0,0,4.50,.600
Jake J Cronenworth,SD,0,0,0.00,1,0,0,0,0,0,0.2,1,0,0,0,0,0,1,1.50,.500
Kyle K Dohy,PHI,0,0,0.00,1,0,0,0,0,0,1.0,1,0,0,0,0,1,1,2.00,.250
Seranthony S Domínguez Dominguez,PHI,0,0,0.00,1,0,0,0,0,0,1.0,0,0,0,0,0,0,1,0.00,.000
Brandon B Drury,NYM,0,0,27.00,1,0,0,0,0,0,0.2,3,2,2,1,1,1,0,6.00,.600
Matt M Duffy,CHC,0,0,0.00,1,0,0,0,0,0,0.1,0,0,0,0,0,0,0,0.00,.000
Adam A Eaton R,LAA,0,0,0.00,1,0,0,0,0,0,1.0,2,0,0,0,0,0,0,2.00,.400
Raynel R Espinal,BOS,0,0,9.00,1,0,0,0,0,0,2.0,2,2,2,0,0,1,0,1.50,.286
Phillip P Evans L,PIT,0,0,0.00,1,0,0,0,0,0,1.0,0,0,0,0,0,0,0,0.00,.000
Bernardo B Flores Jr.,STL,0,0,-.--,1,0,0,0,0,0,0.0,1,1,1,0,0,2,0,-.--,1.000
Mike M Freeman,CIN,0,0,0.00,1,0,0,0,0,0,0.1,0,0,0,0,0,0,1,0.00,.000
Joshua J Fuentes,COL,0,0,0.00,1,0,0,0,0,0,1.0,1,0,0,0,0,0,0,1.00,.250
Robel R García,HOU,0,0,36.00,1,0,0,0,0,0,1.0,5,4,4,2,0,0,0,5.00,.625
Marwin M Gonzalez,BOS,0,0,0.00,1,0,0,0,0,0,1.0,0,0,0,0,0,0,0,0.00,.000
Romy R Gonzalez S,CWS,0,0,0.00,1,0,0,0,0,0,0.1,0,0,0,0,0,0,1,0.00,.000
Luis L Guillorme,NYM,0,0,18.00,1,0,0,0,0,0,1.0,3,2,2,0,0,1,0,4.00,.500
Blaine B Hardy,MIL,0,1,18.00,1,0,0,0,0,0,1.0,3,3,2,0,0,1,1,4.00,.600
Ryan R Hartman,HOU,0,0,3.86,1,0,0,0,0,0,2.1,3,1,1,1,0,0,2,1.29,.300
Bryan B Holaday,ARI,0,0,9.00,1,0,0,0,0,0,1.0,1,1,1,1,1,1,0,2.00,.333
Brock B Holt,TEX,0,0,0.00,1,0,0,0,0,0,1.0,1,0,0,0,0,0,0,1.00,.333
Tyler T Ivey,HOU,0,0,7.71,1,1,0,0,0,0,4.2,6,4,4,1,0,1,3,1.50,.316
Mickey M Jannis,BAL,0,0,18.90,1,0,0,0,0,0,3.1,8,7,7,3,0,4,1,3.60,.471
Damon D Jones,PHI,0,0,0.00,1,0,0,0,0,0,0.1,1,0,0,0,0,2,0,9.00,.500
Mike M Kickham,LAD,0,0,13.50,1,0,0,0,0,0,2.0,5,3,3,1,1,1,2,3.00,.500
Andrew A Knapp,PHI,0,0,0.00,1,0,0,0,0,0,0.1,0,0,0,0,0,0,0,0.00,.000
Jake J Latz,TEX,0,1,5.79,1,1,0,0,0,0,4.2,5,3,3,3,0,0,4,1.07,.263
Jordan J Luplow C,TB,0,0,9.00,1,0,0,0,0,0,1.0,2,1,1,1,0,0,0,2.00,.400
Luke L Maile,MIL,0,0,9.00,1,0,0,0,0,0,1.0,2,1,1,1,0,0,0,2.00,.400
Wyatt W Mathisen,ARI,0,0,0.00,1,0,0,0,0,0,1.0,1,0,0,0,0,0,0,1.00,.250
Nick N Maton,PHI,0,0,0.00,1,0,0,0,0,0,0.1,0,0,0,0,0,0,1,0.00,.000
Jack J Mayfield,SEA,0,0,0.00,1,0,0,0,0,0,0.1,0,0,0,0,0,0,0,0.00,.000
Danny D Mendick S,CWS,0,0,0.00,1,0,0,0,0,0,1.0,1,0,0,0,1,0,1,1.00,.250
Yermin Y Mercedes,CWS,0,0,9.00,1,0,0,0,0,0,1.0,3,1,1,0,0,2,0,5.00,.600
Mitch M Moreland,OAK,0,0,0.00,1,0,0,0,0,0,1.0,1,0,0,0,0,0,1,1.00,.250
Andres A Muñoz Munoz,SEA,0,0,0.00,1,0,0,0,0,0,0.2,0,0,0,0,0,2,1,3.00,.000
Vinny V Nittoli,SEA,0,0,18.00,1,0,0,0,0,0,1.0,1,2,2,1,0,2,1,3.00,.250
Stephen S Nogosek,NYM,0,1,6.00,1,0,0,0,0,0,3.0,3,2,2,2,0,0,5,1.00,.250
Riley R O' Brien,CIN,0,1,13.50,1,1,0,0,0,0,1.1,2,2,2,2,0,3,2,3.75,.333
Kaleb K Ort,BOS,0,0,0.00,1,0,0,0,0,0,0.1,1,0,0,0,0,1,0,6.00,.500
David D Paulino,PHI,0,0,9.00,1,0,0,0,0,0,2.0,3,2,2,1,0,0,0,1.50,.333
James J Paxton,SEA,0,0,6.75,1,1,0,0,0,0,1.1,0,1,1,0,0,1,2,0.75,.000
David D Peralta L,ARI,0,0,27.00,1,0,0,0,0,0,1.0,4,3,3,1,1,0,1,4.00,.500
Brett B Phillips C,TB,0,0,9.00,1,0,0,0,0,0,1.0,2,1,1,0,0,2,0,4.00,.400
Kevin K Pillar C,NYM,0,0,0.00,1,0,0,0,0,0,0.1,0,0,0,0,0,0,0,0.00,.000
Kevin K Plawecki,BOS,0,0,0.00,1,0,0,0,0,0,1.0,0,0,0,0,0,0,0,0.00,.000
Kevin K Quackenbush,LAD,0,0,27.00,1,0,0,0,0,0,0.1,3,1,1,0,0,0,1,9.00,.750
Roel R Ramírez Ramirez,STL,0,0,81.00,1,0,0,0,0,0,0.1,1,3,3,0,0,2,0,9.00,.500
Yefry Ramírez, Y Ramirez,LAD,0,0,0.00,1,0,0,0,0,0,2.0,0,0,0,0,0,1,2,0.50,.000
Colin C Rea,MIL,0,0,7.50,1,0,0,0,0,0,6.0,7,5,5,2,0,0,5,1.17,.304
Josh J Reddick O,ARI,0,0,13.50,1,0,0,0,0,0,0.2,2,1,1,1,0,1,0,4.50,.500
Anthony A Rizzo,CHC,0,0,0.00,1,0,0,0,0,0,0.2,0,0,0,0,0,1,1,1.50,.000
Daniel D Robertson S,MIL,0,0,0.00,1,0,0,0,0,0,1.0,1,0,0,0,0,0,0,1.00,.250
Chaz C Roe,TB,0,0,27.00,1,0,0,0,0,0,0.2,1,2,2,0,0,1,2,3.00,.333
Jake J Rogers,DET,0,0,18.00,1,0,0,0,0,0,1.0,2,2,2,0,0,1,0,3.00,.400
Andrew An Romine,CHC,0,0,9.00,1,0,0,0,0,0,1.0,2,1,1,1,0,0,1,2.00,.400
Darin D Ruf L,SF,0,0,18.00,1,0,0,0,0,0,1.0,3,2,2,0,0,0,0,3.00,.600
John J Schreiber,BOS,0,0,3.00,1,0,0,0,0,0,3.0,4,1,1,0,0,1,5,1.67,.333
Connor C Seabold,BOS,0,0,6.00,1,1,0,0,0,0,3.0,3,2,2,1,0,2,0,1.67,.300
Austin A Slater C,SF,0,0,0.00,1,0,0,0,0,0,0.1,0,0,0,0,0,1,0,3.00,.000
Devin D Smeltzer,MIN,0,0,0.00,1,0,0,0,0,0,4.2,1,1,0,0,2,1,3,0.43,.077
Jonathan J Stiever,CWS,0,0,-.--,1,0,0,0,0,0,0.0,4,3,3,0,0,0,0,-.--,1.000
Thomas T Szapucki,NYM,0,0,14.73,1,0,0,0,0,0,3.2,7,6,6,2,0,3,4,2.73,.412
Stephen S Tarpley,NYM,0,0,-.--,1,0,0,0,0,0,0.0,1,2,2,0,1,2,0,-.--,1.000
Mike M Tauchman L,SF,0,0,9.00,1,0,0,0,0,0,1.0,3,1,1,0,0,0,0,3.00,.500
Julio J Teheran,DET,1,0,1.80,1,1,0,0,0,0,5.0,4,1,1,1,0,3,3,1.40,.235
Jesus J Tinoco,COL,0,0,33.75,1,0,0,0,0,1,1.1,5,5,5,3,1,1,0,4.50,.625
Ka'ai K Tom O,OAK,0,0,0.00,1,0,0,0,0,0,1.0,1,0,0,0,0,0,0,1.00,.250
Justin J Turner,LAD,0,0,0.00,1,0,0,0,0,0,1.0,2,0,0,0,0,0,0,2.00,.400
Stevie S Wilkerson,BAL,0,0,9.00,1,0,0,0,0,0,1.0,2,1,1,1,0,0,0,2.00,.400
Asher A Wojciechowski,NYY,0,0,4.50,1,1,0,0,0,0,4.0,3,2,2,1,1,3,4,1.50,.200
Austin A Wynns,BAL,0,0,9.00,1,0,0,0,0,0,1.0,1,1,1,1,0,0,0,1.00,.250
Angel A Zerpa,KC,0,1,0.00,1,1,0,0,0,0,5.0,3,2,0,0,0,1,4,0.80,.176
