PLAYER,TEAM,W,L,ERA,GS,CG,SHO,SV,SVO,IP,H,R,ER,HR,HB,BB,SO,WHIP,AVG
Jon J Rauch,WSH,8,4,3.61,88,0,0,0,4,10,87.1,75,37,35,7,0,21,71,1.10,.230
Saul S Rivera,WSH,4,6,3.68,85,0,0,0,3,6,93.0,88,39,38,1,2,42,64,1.40,.255
Joe J Beimel,LAD,4,2,3.88,83,0,0,0,1,1,67.1,63,30,29,1,1,24,39,1.29,.253
Jonathan J Broxton,LAD,4,4,2.85,83,0,0,0,2,8,82.0,69,30,26,6,1,25,99,1.15,.225
Scott S Proctor,LAD,5,5,3.65,83,0,0,0,0,6,86.1,78,41,35,12,6,44,64,1.41,.242
Heath H Bell,SD,6,4,2.02,81,0,0,0,2,6,93.2,60,21,21,3,2,30,102,0.96,.185
Scott S Downs,TOR,4,2,2.17,81,0,0,0,1,4,58.0,47,15,14,3,1,24,57,1.22,.223
Aaron A Heilman,NYM,7,7,3.03,81,0,0,0,1,6,86.0,72,36,29,8,5,20,63,1.07,.224
Jamie J Walker,BAL,3,2,3.23,81,0,0,0,7,13,61.1,57,25,22,6,2,17,41,1.21,.244
Cla C Meredith,SD,5,6,3.50,80,0,0,0,0,5,79.2,94,38,31,6,3,17,59,1.39,.296
Peter P Moylan,ATL,5,3,1.80,80,0,0,0,1,2,90.0,65,27,18,6,7,31,63,1.07,.208
Chad C Qualls,HOU,6,5,3.05,79,0,0,0,5,11,82.2,84,29,28,10,3,25,78,1.32,.272
Chad C Bradford,BAL,4,7,3.34,78,0,0,0,2,7,64.2,77,28,24,1,6,16,29,1.44,.294
Manny M Corpas,COL,4,2,2.08,78,0,0,0,19,22,78.0,63,20,18,6,2,20,58,1.06,.224
Pedro P Feliciano,NYM,2,2,3.09,78,0,0,0,2,4,64.0,47,26,22,3,5,31,61,1.22,.200
Bob B Howry,CHC,6,7,3.32,78,0,0,0,8,12,81.1,76,31,30,8,2,19,72,1.17,.245
Derrick D Turnbow,MIL,4,5,4.63,77,0,0,0,1,4,68.0,44,36,35,4,2,46,84,1.32,.183
Luis L Vizcaino,NYY,8,2,4.30,77,0,0,0,0,3,75.1,66,37,36,6,2,43,62,1.45,.235
Matt M Capps,PIT,4,7,2.28,76,0,0,0,18,21,79.0,64,22,20,5,3,16,64,1.01,.220
Chad C Cordero,WSH,3,3,3.36,76,0,0,0,37,46,75.0,75,31,28,8,0,29,62,1.39,.260
Trever T Miller,HOU,0,0,4.86,76,0,0,0,1,3,46.1,45,26,25,6,4,23,46,1.47,.249
Russ R Springer,STL,8,1,2.18,76,0,0,0,0,2,66.0,41,18,16,3,3,19,66,0.91,.181
Jeremy J Affeldt,COL,4,3,3.51,75,0,0,0,0,4,59.0,47,26,23,3,3,33,46,1.36,.226
Ramon R Pena,ARI,5,4,3.27,75,0,0,0,2,5,85.1,63,36,31,8,5,31,63,1.10,.207
Tyler T Yates,ATL,2,3,5.18,75,0,0,0,2,3,66.0,64,44,38,6,3,31,69,1.44,.251
Jimmy J Gobble,KC,4,1,3.02,74,0,0,0,1,3,53.2,56,23,18,6,2,23,50,1.47,.277
Kevin K Gregg,FLA,0,5,3.54,74,0,0,0,32,36,84.0,63,34,33,7,6,40,87,1.23,.206
Pat P Neshek,MIN,7,2,2.94,74,0,0,0,0,3,70.1,44,25,23,7,2,27,74,1.01,.183
J. C. J Romero,PHI,2,2,1.92,74,0,0,0,1,2,56.1,39,12,12,3,2,40,42,1.40,.202
Matt M Guerrier,MIN,2,4,2.35,73,0,0,0,1,4,88.0,71,23,23,9,5,21,68,1.05,.220
Brandon B Lyon,ARI,6,4,2.68,73,0,0,0,2,5,74.0,70,25,22,2,1,22,40,1.24,.251
Rudy R Seanez,LAD,6,3,3.79,73,0,0,0,1,3,76.0,78,33,32,10,4,27,73,1.38,.266
George G Sherrill,SEA,2,0,2.36,73,0,0,0,3,7,45.2,28,12,12,4,1,17,56,0.99,.179
Brian B Shouse,MIL,1,1,3.02,73,0,0,0,1,4,47.2,46,19,16,0,2,14,32,1.26,.257
Michael M Wuertz,CHC,2,3,3.48,73,0,0,0,0,0,72.1,64,30,28,8,0,35,79,1.37,.234
Mike M Myers,CWS,4,0,4.80,72,0,0,0,0,3,54.1,59,33,29,6,3,23,27,1.51,.277
Matt M Lindstrom,FLA,3,4,3.09,71,0,0,0,0,2,67.0,66,27,23,2,3,21,62,1.30,.258
Scott S Linebrink,MIL,5,6,3.71,71,0,0,0,1,8,70.1,68,33,29,12,1,25,50,1.32,.253
Scot S Shields,LAA,4,5,3.86,71,0,0,0,2,8,77.0,62,36,33,7,4,33,77,1.23,.220
Rafael R Soriano,ATL,3,3,3.00,71,0,0,0,9,12,72.0,47,26,24,12,2,15,70,0.86,.181
Joaquin J Benoit,TEX,7,4,2.85,70,0,0,0,6,13,82.0,68,28,26,6,2,28,87,1.17,.225
Randy R Flores,STL,3,0,4.25,70,0,0,0,1,2,55.0,71,31,26,2,3,15,47,1.56,.310
Casey C Janssen,TOR,2,3,2.35,70,0,0,0,6,11,72.2,67,22,19,4,3,20,39,1.20,.247
Scott S Schoeneweis,NYM,0,2,5.03,70,0,0,0,2,3,59.0,62,36,33,8,3,28,41,1.53,.271
David D Weathers,CIN,2,6,3.59,70,0,0,0,33,39,77.2,67,33,31,4,5,27,48,1.21,.233
Dan D Wheeler,TB,1,9,5.30,70,0,0,0,11,18,74.2,74,48,44,11,3,23,82,1.30,.256
Joe J Borowski,CLE,4,5,5.07,69,0,0,0,45,53,65.2,77,39,37,9,2,17,58,1.43,.289
Ryan R Franklin,STL,4,4,3.04,69,0,0,0,1,6,80.0,70,28,27,8,3,11,44,1.01,.234
Brad B Hennessey,SF,4,5,3.42,69,0,0,0,19,24,68.1,66,26,26,7,3,23,40,1.30,.257
Mike M Stanton,CIN,1,3,5.93,69,0,0,0,0,3,57.2,75,39,38,6,5,18,40,1.61,.315
Rafael R Betancourt,CLE,5,1,1.47,68,0,0,0,3,6,79.1,51,13,13,4,0,9,80,0.76,.183
Alan A Embree,OAK,1,2,3.97,68,0,0,0,17,21,68.0,67,30,30,5,0,19,51,1.26,.258
Jorge J Julio,COL,0,5,5.23,68,0,0,0,0,8,62.0,68,39,36,8,3,31,56,1.60,.283
Steve S Kline,SF,1,2,4.70,68,0,0,0,2,4,46.0,58,25,24,2,2,18,17,1.65,.301
Boone B Logan,CWS,2,1,4.97,68,0,0,0,0,2,50.2,59,30,28,7,0,20,35,1.56,.298
Joe J Nathan,MIN,4,2,1.88,68,0,0,0,37,41,71.2,54,15,15,4,1,19,77,1.02,.209
J. J Putz,SEA,6,1,1.38,68,0,0,0,40,42,71.2,37,11,11,6,2,13,82,0.70,.153
Matt M Thornton,CWS,4,4,4.79,68,0,0,0,2,7,56.1,59,31,30,4,2,26,55,1.51,.269
Doug D Brocail,SD,5,1,3.05,67,0,0,0,0,0,76.2,66,33,26,8,2,24,43,1.17,.228
Gary G Glover,TB,6,5,4.89,67,0,0,0,2,4,77.1,87,44,42,12,1,27,51,1.47,.288
Ray R King,MIL,1,1,4.76,67,0,0,0,0,0,39.2,37,21,21,6,2,21,25,1.46,.248
Mariano M Rivera,NYY,3,4,3.15,67,0,0,0,30,34,71.1,68,25,25,4,6,12,74,1.12,.248
Taylor T Tankersley,FLA,6,1,3.99,67,0,0,0,1,3,47.1,42,22,21,4,3,29,49,1.50,.246
Francisco F Cordero,MIL,0,4,2.98,66,0,0,0,44,51,63.1,52,23,21,4,1,18,86,1.11,.218
Ryan R Dempster,CHC,2,7,4.73,66,0,0,0,28,31,66.2,59,36,35,8,1,30,55,1.34,.240
Bobby B Jenks,CWS,3,5,2.77,66,0,0,0,40,46,65.0,45,20,20,2,1,13,56,0.89,.198
Brad B Lidge,HOU,5,3,3.36,66,0,0,0,19,27,67.0,54,29,25,9,4,30,88,1.25,.219
Hideki H Okajima,BOS,3,2,2.22,66,0,0,0,5,7,69.0,50,17,17,6,1,17,63,0.97,.202
Billy B Wagner,NYM,2,2,2.63,66,0,0,0,34,39,68.1,55,22,20,6,2,22,80,1.13,.216
C. J. C Wilson,TEX,2,1,3.03,66,0,0,0,12,14,68.1,50,25,23,4,6,33,63,1.21,.208
Damaso D Marte,PIT,2,0,2.38,65,0,0,0,0,0,45.1,32,14,12,2,2,18,51,1.10,.200
David D Riske,KC,1,4,2.45,65,0,0,0,4,8,69.2,61,19,19,8,1,27,52,1.26,.240
Jose J Valverde,ARI,1,4,2.66,65,0,0,0,47,54,64.1,46,21,19,7,3,26,78,1.12,.196
Jeremy J Accardo,TOR,4,4,2.14,64,0,0,0,30,35,67.1,51,19,16,4,2,24,57,1.11,.206
Dave D Borkowski,HOU,5,3,5.15,64,0,0,0,1,4,71.2,76,46,41,8,4,34,63,1.53,.273
Shawn S Chacon,PIT,5,4,3.94,64,4,0,0,1,8,96.0,95,42,42,9,7,48,79,1.49,.265
Jon J Coutlangus,CIN,4,2,4.39,64,0,0,0,0,3,41.0,38,22,20,3,4,27,38,1.59,.250
Kyle K Farnsworth,NYY,2,1,4.80,64,0,0,0,0,3,60.0,60,35,32,9,2,27,48,1.45,.256
Brian B Fuentes,COL,3,5,3.08,64,0,0,0,20,27,61.1,46,26,21,6,7,23,56,1.13,.206
Sean S Green,SEA,5,2,3.84,64,0,0,0,0,3,68.0,77,31,29,2,3,34,53,1.63,.298
Francisco F Rodríguez Rodriguez,LAA,5,2,2.81,64,0,0,0,40,46,67.1,50,22,21,3,1,34,90,1.25,.204
John J Grabow,PIT,3,2,4.53,63,0,0,0,1,2,51.2,56,27,26,6,1,19,42,1.45,.277
Jason J Isringhausen,STL,4,0,2.48,63,0,0,0,32,34,65.1,42,21,18,4,2,28,54,1.07,.179
Todd T Jones,DET,1,4,4.26,63,0,0,0,38,44,61.1,64,29,29,3,0,23,33,1.42,.267
Juan J Rincon,MIN,3,3,5.13,63,0,0,0,0,2,59.2,65,38,34,9,3,28,49,1.56,.273
Takashi T Saito,LAD,2,1,1.40,63,0,0,0,39,43,64.1,33,10,10,5,3,13,78,0.72,.151
Jack J Taschner,SF,3,1,5.40,63,0,0,0,0,2,50.0,44,31,30,4,1,29,51,1.46,.235
Lee L Gardner,FLA,3,4,1.94,62,0,0,0,2,2,74.1,72,19,16,2,3,18,52,1.21,.254
La Troy L Hawkins,COL,2,5,3.42,62,0,0,0,0,5,55.1,52,21,21,6,0,16,29,1.23,.252
Justin J Miller,FLA,5,0,3.65,62,0,0,0,0,3,61.2,53,27,25,5,0,24,74,1.25,.228
Joel J Peralta,KC,1,3,3.80,62,0,0,0,1,5,87.2,93,39,37,9,2,19,66,1.28,.274
Joakim J Soria,KC,2,3,2.48,62,0,0,0,17,21,69.0,46,20,19,3,1,19,75,0.94,.187
Antonio A Alfonseca,PHI,5,2,5.44,61,0,0,0,8,13,49.2,65,31,30,3,1,27,24,1.85,.314
Jesus J Colome,WSH,5,1,3.82,61,0,0,0,1,4,66.0,64,30,28,6,1,27,43,1.38,.258
Trevor T Hoffman,SD,4,5,2.98,61,0,0,0,42,49,57.1,49,21,19,2,0,15,44,1.12,.228
Javier J López Lopez,BOS,2,1,3.10,61,0,0,0,0,2,40.2,36,16,14,2,4,18,26,1.33,.240
Darren D Oliver,LAA,3,1,3.78,61,0,0,0,0,0,64.1,58,31,27,5,1,23,51,1.26,.239
Al A Reyes,TB,2,4,4.90,61,0,0,0,26,30,60.2,49,35,33,13,2,21,70,1.15,.215
Doug D Slaten,ARI,3,2,2.72,61,0,0,0,0,1,36.1,41,15,11,4,0,14,28,1.51,.275
Randy R Messenger,SF,2,4,4.20,60,0,0,0,1,5,64.1,85,30,30,4,1,21,34,1.65,.329
Brandon B Morrow,SEA,3,4,4.12,60,0,0,0,0,2,63.1,56,29,29,3,1,50,66,1.67,.243
Kevin K Correia,SF,4,7,3.45,59,8,0,0,0,3,101.2,94,39,39,9,2,40,80,1.32,.242
Frank F Francisco,TEX,1,1,4.55,59,0,0,0,0,0,59.1,57,33,30,3,2,38,49,1.60,.258
Carlos C Marmol,CHC,5,1,1.43,59,0,0,0,1,2,69.1,41,11,11,3,4,35,96,1.10,.169
Jonathan J Papelbon,BOS,1,3,1.85,59,0,0,0,37,40,58.1,30,12,12,5,4,15,84,0.77,.146
Brian B Stokes,TB,2,7,7.07,59,0,0,0,0,2,62.1,90,49,49,11,3,25,35,1.84,.344
Carlos C Villanueva,MIL,8,5,3.94,59,6,0,0,1,3,114.1,101,52,50,16,3,53,99,1.35,.236
Brian B Bruney,NYY,3,2,4.68,58,0,0,0,0,2,50.0,44,28,26,5,3,37,39,1.62,.243
Todd T Coffey,CIN,2,1,5.82,58,0,0,0,0,3,51.0,70,36,33,12,5,19,43,1.75,.323
Ron R Mahay,ATL,3,0,2.55,58,0,0,0,1,3,67.0,52,20,19,4,1,37,55,1.33,.218
Bobby B Seay,DET,3,0,2.33,58,0,0,0,1,2,46.1,38,12,12,1,2,15,38,1.14,.228
Vinnie V Chulk,SF,5,4,3.57,57,0,0,0,0,2,53.0,53,22,21,3,2,14,41,1.26,.264
Geoff G Geary,PHI,3,2,4.41,57,0,0,0,0,3,67.1,72,44,33,8,9,25,38,1.44,.283
Jason J Grilli,DET,5,3,4.74,57,0,0,0,0,2,79.2,81,46,42,5,5,32,62,1.42,.263
Renyel R Pinto,FLA,2,4,3.68,57,0,0,0,1,6,58.2,45,25,24,7,3,32,56,1.31,.222
Bob B Wickman,ARI,3,4,3.58,57,0,0,0,20,26,50.1,54,24,20,4,3,21,37,1.49,.263
Jose J Mesa,PHI,2,3,7.11,56,0,0,0,1,1,50.2,53,48,40,9,2,25,29,1.54,.273
Eric E O' Flaherty,SEA,7,1,4.47,56,0,0,0,0,1,52.1,45,26,26,1,5,20,36,1.24,.232
Will W Ohman,CHC,2,4,4.95,56,0,0,0,1,1,36.1,42,20,20,3,1,16,33,1.60,.282
Salomon S Torres,PIT,2,4,5.47,56,0,0,0,12,18,52.2,57,34,32,7,4,17,45,1.41,.277
Matt M Wise,MIL,3,2,4.19,56,0,0,0,1,2,53.2,61,30,25,5,1,17,43,1.45,.285
Armando A Benitez,FLA,2,8,5.36,55,0,0,0,9,16,50.1,49,37,30,8,1,29,57,1.55,.257
Scott S Eyre,CHC,2,1,4.13,55,0,0,0,0,4,52.1,59,26,24,3,1,35,45,1.80,.294
Tyler T Johnson,STL,1,1,4.03,55,0,0,0,0,1,38.0,31,18,17,4,3,16,24,1.24,.217
Eric E Gagne,BOS,4,2,3.81,54,0,0,0,16,20,52.0,49,22,22,3,1,21,51,1.35,.245
Mike M Mac Dougal,CWS,2,5,6.80,54,0,0,0,0,3,42.1,50,37,32,3,2,33,39,1.96,.291
Joe J Smith,NYM,3,2,3.45,54,0,0,0,0,0,44.1,48,18,17,3,7,21,45,1.56,.274
Danys D Baez,BAL,0,6,6.44,53,0,0,0,3,5,50.1,50,36,36,8,7,29,29,1.57,.259
Juan J Cruz,ARI,6,1,3.10,53,0,0,0,0,0,61.0,45,28,21,7,5,32,87,1.26,.205
John J Parrish,SEA,2,2,5.71,53,0,0,0,0,2,52.0,63,34,33,2,2,37,41,1.92,.296
Zack Z Greinke,KC,7,7,3.69,52,14,0,0,1,1,122.0,122,52,50,12,3,36,106,1.30,.265
Guillermo G Mota,NYM,2,2,5.76,52,0,0,0,0,3,59.1,63,39,38,8,2,18,47,1.37,.264
Chris C Bootcheck,LAA,3,3,4.77,51,0,0,0,0,1,77.1,81,43,41,7,5,24,56,1.36,.274
Jason J Frasor,TOR,1,5,4.58,51,0,0,0,3,6,57.0,47,29,29,3,2,23,59,1.23,.220
Jay J Marshall,OAK,1,2,6.43,51,0,0,0,0,2,42.0,50,33,30,3,4,22,18,1.71,.298
Tom T Mastny,CLE,7,2,4.68,51,0,0,0,0,0,57.2,63,30,30,6,2,32,52,1.65,.283
Brett B Myers,PHI,5,7,4.33,51,3,0,0,21,24,68.2,61,33,33,9,1,27,83,1.28,.234
Justin J Speier,LAA,2,3,2.88,51,0,0,0,0,1,50.0,36,17,16,6,4,12,47,0.96,.202
Oscar O Villarreal,ATL,2,2,4.24,51,0,0,0,1,2,76.1,75,40,36,6,4,32,58,1.40,.260
Shawn S Camp,TB,0,3,7.20,50,0,0,0,0,2,40.0,63,33,32,7,3,18,36,2.03,.368
Roberto R Hernandez,LAD,3,3,6.41,50,0,0,0,0,1,46.1,59,37,33,5,3,25,31,1.81,.312
Dennys D Reyes,MIN,2,1,3.99,50,0,0,0,0,0,29.1,34,14,13,1,2,21,21,1.88,.309
Mike M Timlin,BOS,2,1,3.42,50,0,0,0,1,2,55.1,46,23,21,7,3,14,31,1.08,.232
Aaron A Fultz,CLE,4,3,2.92,49,0,0,0,0,1,37.0,31,12,12,2,1,18,28,1.32,.228
Chris C Spurling,MIL,2,1,4.68,49,0,0,0,0,0,50.0,63,31,26,6,2,14,28,1.54,.303
Kevin K Cameron,SD,2,0,2.79,48,0,0,0,0,0,58.0,55,24,18,0,0,36,50,1.57,.249
Fernando F Rodney,DET,2,6,4.26,48,0,0,0,1,3,50.2,46,27,24,5,3,21,54,1.32,.238
Huston H Street,OAK,5,2,2.88,48,0,0,0,16,21,50.0,35,20,16,5,0,12,63,0.94,.190
Brian B Tallet,TOR,2,4,3.47,48,0,0,0,0,3,62.1,49,26,24,1,6,28,54,1.24,.215
Jared J Burton,CIN,4,2,2.51,47,0,0,0,0,3,43.0,28,15,12,2,2,22,36,1.16,.187
Kiko K Calero,OAK,1,5,5.75,46,0,0,0,1,4,40.2,46,26,26,3,2,21,31,1.65,.293
Santiago S Casilla,OAK,3,1,4.44,46,0,0,0,2,5,50.2,43,25,25,6,1,23,52,1.30,.224
Dustin D Moseley,LAA,4,3,4.40,46,8,0,0,0,0,92.0,97,45,45,7,3,27,50,1.35,.277
Kyle K Snyder,BOS,2,3,3.81,46,0,0,0,0,0,54.1,45,29,23,7,6,32,41,1.42,.223
Ryan R Bukvich,CWS,1,0,5.05,45,0,0,0,0,1,35.2,36,23,20,5,3,24,18,1.68,.257
Luis L Ayala,WSH,2,2,3.19,44,0,0,0,1,2,42.1,43,16,15,5,1,12,28,1.30,.267
Manny M Delcarmen,BOS,0,0,2.05,44,0,0,0,1,2,44.0,28,11,10,4,2,17,41,1.02,.183
Tom T Gordon,PHI,3,2,4.73,44,0,0,0,6,11,40.0,40,21,21,7,2,13,32,1.33,.263
Wilfredo W Ledezma,SD,3,3,5.61,44,1,0,0,0,2,59.1,70,42,37,7,0,38,47,1.82,.295
Rafael R Perez,CLE,1,2,1.78,44,0,0,0,1,2,60.2,41,15,12,5,0,15,62,0.92,.187
Brad B Thompson,STL,8,6,4.73,44,17,0,0,0,0,129.1,157,76,68,23,13,40,53,1.52,.301
Chad C Billingsley,LAD,12,5,3.31,43,20,1,0,0,1,147.0,131,56,54,15,3,64,141,1.33,.241
Chris C Ray,BAL,5,6,4.43,43,0,0,0,16,20,42.2,35,22,21,5,2,18,44,1.24,.222
Brian B Moehler,HOU,1,4,4.07,42,0,0,0,1,1,59.2,67,29,27,8,0,17,36,1.41,.282
Joel J Pineiro,STL,7,5,4.33,42,11,0,0,0,0,97.2,110,49,47,14,2,26,60,1.39,.284
Jorge J Sosa,NYM,9,8,4.47,42,14,0,0,0,2,112.2,109,58,56,10,0,41,69,1.33,.255
Taylor T Buchholz,COL,6,5,4.23,41,8,0,0,0,0,93.2,105,47,44,8,2,20,61,1.33,.288
Chad C Paronto,ATL,3,1,3.57,41,0,0,0,1,2,40.1,47,20,16,1,3,19,14,1.64,.307
Casey C Fossum,TB,5,8,7.70,40,10,0,0,0,4,76.0,109,71,65,15,6,27,53,1.79,.339
Brett B Tomko,SD,4,12,5.55,40,19,0,0,0,0,131.1,149,89,81,18,2,48,105,1.50,.284
Jonah J Bayliss,PIT,4,3,8.36,39,0,0,0,0,1,37.2,51,36,35,8,2,18,29,1.83,.323
Tim T Byrdak,DET,3,0,3.20,39,0,0,0,1,2,45.0,38,23,16,3,1,26,49,1.42,.230
Clay C Condrey,PHI,5,0,5.04,39,0,0,0,2,2,50.0,61,30,28,4,5,16,27,1.54,.300
Justin J Hampson,SD,2,3,2.70,39,0,0,0,0,0,53.1,48,17,16,1,3,16,34,1.20,.242
Mark M Hendrickson,LAD,4,8,5.21,39,15,0,0,0,1,122.2,142,75,71,15,1,29,92,1.39,.292
Joe J Kennedy,TOR,4,9,4.80,39,16,0,0,0,1,110.2,119,66,59,9,9,55,51,1.57,.282
Ruddy R Lugo,OAK,6,0,5.40,38,0,0,0,0,2,48.1,48,29,29,3,2,37,34,1.76,.261
Ryan R Madson,PHI,2,2,3.05,38,0,0,0,1,2,56.0,48,19,19,5,2,23,43,1.27,.231
Shaun S Marcum,TOR,12,6,4.13,38,25,0,0,1,2,159.0,149,76,73,27,5,49,122,1.25,.249
Macay M Mc Bride,DET,1,1,4.96,38,0,0,0,0,0,32.2,33,21,18,4,2,25,30,1.78,.258
Ramon R Ortiz,COL,5,4,5.45,38,10,0,0,0,0,104.0,127,65,63,16,6,22,51,1.43,.299
Brian B Wolfe,TOR,3,1,2.98,38,0,0,0,0,2,45.1,36,17,15,5,2,9,22,0.99,.224
Brian B Burres,BAL,6,8,5.95,37,17,0,0,0,0,121.0,140,81,80,14,5,66,96,1.70,.288
Chris C Schroder,WSH,2,3,3.18,37,0,0,0,0,0,45.1,36,19,16,2,2,15,43,1.13,.208
Ron R Villone,NYY,0,0,4.25,37,0,0,0,0,1,42.1,36,20,20,5,3,18,25,1.28,.234
Chad C Durbin,DET,8,7,4.72,36,19,0,0,1,2,127.2,133,71,67,21,8,49,66,1.43,.268
Dustin D Nippert,ARI,1,1,5.56,36,0,0,0,0,0,45.1,48,30,28,5,0,16,38,1.41,.267
Andy A Pettitte,NYY,15,9,4.05,36,34,0,0,0,0,215.1,238,106,97,16,1,69,141,1.43,.286
Victor V Santos,BAL,1,6,5.83,36,3,0,0,0,0,63.1,71,41,41,15,3,33,48,1.64,.296
Jay J Witasick,TB,1,0,5.17,36,0,0,0,0,1,31.1,31,19,18,2,1,27,18,1.85,.267
Lenny L Di Nardo,OAK,8,10,4.11,35,20,0,0,0,0,131.1,136,74,60,13,3,50,59,1.42,.278
Matt M Herges,COL,5,1,2.96,35,0,0,0,0,2,48.2,34,17,16,4,0,15,30,1.01,.198
Wes W Littleton,TEX,3,2,4.31,35,0,0,0,2,3,48.0,48,23,23,6,3,16,24,1.33,.262
Dontrelle D Willis,FLA,10,15,5.17,35,35,0,0,0,0,205.1,241,131,118,29,14,87,146,1.60,.294
Bronson B Arroyo,CIN,9,15,4.23,34,34,1,0,0,0,210.2,232,109,99,28,13,63,156,1.40,.280
Joe J Blanton,OAK,14,10,3.95,34,34,3,1,0,0,230.0,240,106,101,16,4,40,140,1.22,.269
Daniel D Cabrera,BAL,9,18,5.55,34,34,1,0,0,0,204.1,207,133,126,25,15,108,166,1.54,.265
Jeff J Francis,COL,17,9,4.22,34,34,1,1,0,0,215.1,234,103,101,25,7,63,165,1.38,.278
Chad C Gaudin,OAK,11,13,4.42,34,34,1,0,0,0,199.1,205,108,98,21,8,100,154,1.53,.267
Tom T Glavine,NYM,13,8,4.45,34,34,1,1,0,0,200.1,219,102,99,23,4,64,89,1.41,.281
Aaron A Harang,CIN,16,6,3.73,34,34,2,1,0,0,231.2,213,100,96,28,8,52,218,1.14,.242
Dan D Haren,OAK,15,9,3.07,34,34,0,0,0,0,222.2,214,91,76,24,3,55,192,1.21,.247
Tim T Hudson,ATL,16,10,3.33,34,34,1,1,0,0,224.1,221,87,83,10,8,53,132,1.22,.261
Kelvin K Jimenez,STL,3,0,7.50,34,0,0,0,0,0,42.0,56,36,35,2,4,17,24,1.74,.320
Scott S Kazmir,TB,13,9,3.48,34,34,0,0,0,0,206.2,196,91,80,18,7,89,239,1.38,.251
Ted T Lilly,CHC,15,8,3.83,34,34,0,0,0,0,207.0,181,91,88,28,3,55,174,1.14,.236
Kyle K Lohse,PHI,9,12,4.62,34,32,2,1,0,0,192.2,207,109,99,22,12,57,122,1.37,.279
Greg G Maddux,SD,14,11,4.14,34,34,1,0,0,0,198.0,221,92,91,14,6,25,104,1.24,.285
Jason J Marquis,CHC,12,9,4.60,34,33,1,1,0,0,191.2,190,111,98,22,13,76,109,1.39,.256
Gil G Meche,KC,9,13,3.67,34,34,1,0,0,0,216.0,218,98,88,22,3,62,156,1.30,.263
Zach Z Miner,DET,3,4,3.02,34,1,0,0,0,2,53.2,56,22,18,3,0,22,34,1.45,.273
Akinori A Otsuka,TEX,2,1,2.51,34,0,0,0,4,7,32.1,26,10,9,0,0,9,23,1.08,.218
Jake J Peavy,SD,19,6,2.54,34,34,0,0,0,0,223.1,169,67,63,13,6,68,240,1.06,.208
Troy T Percival,STL,3,0,1.80,34,1,0,0,0,0,40.0,24,8,8,3,0,10,36,0.85,.171
Kirk K Saarloos,CIN,1,5,7.17,34,3,0,0,0,1,42.2,54,36,34,8,3,19,27,1.71,.305
C Sabathia,CLE,19,7,3.21,34,34,4,1,0,0,241.0,238,94,86,20,8,37,209,1.14,.259
Juan J Salas,TB,1,1,3.72,34,0,0,0,0,1,36.1,36,19,15,7,5,17,26,1.46,.248
Aaron A Sele,NYM,3,2,5.37,34,0,0,0,0,0,53.2,78,34,32,5,2,21,29,1.84,.358
Jeff J Suppan,MIL,12,12,4.62,34,34,1,0,0,0,206.2,243,113,106,18,11,68,114,1.50,.298
Julian J Tavarez,BOS,7,11,5.15,34,23,0,0,0,0,134.2,151,89,77,14,7,51,77,1.50,.281
Brandon B Webb,ARI,18,10,3.01,34,34,4,3,0,0,236.1,209,91,79,12,5,72,194,1.19,.237
Kip K Wells,STL,7,17,5.70,34,26,0,0,0,0,162.2,186,116,103,19,9,78,122,1.62,.287
Carlos C Zambrano,CHC,18,13,3.95,34,34,1,0,0,0,216.1,187,100,95,23,14,101,177,1.33,.233
Barry B Zito,SF,11,13,4.53,34,33,0,0,0,0,196.2,182,105,99,24,4,83,131,1.35,.244
Miguel M Batista,SEA,16,11,4.29,33,32,0,0,0,0,193.0,209,101,92,18,8,85,133,1.52,.276
Andrew A Brown,OAK,3,3,4.54,33,0,0,0,0,2,41.2,38,21,21,1,3,17,43,1.32,.245
Dave D Bush,MIL,12,10,5.12,33,31,0,0,0,0,186.1,217,110,106,27,11,44,134,1.40,.290
Fernando F Cabrera,BAL,1,2,7.21,33,0,0,0,1,1,43.2,50,36,35,9,0,31,48,1.85,.287
Doug D Davis,ARI,13,12,4.25,33,33,0,0,0,0,192.2,211,100,91,21,5,95,144,1.59,.281
Octavio O Dotel,ATL,2,1,4.11,33,0,0,0,11,15,30.2,29,16,14,4,4,12,41,1.34,.242
Willie W Eyre,TEX,4,6,5.16,33,2,0,0,1,1,68.0,78,42,39,8,1,32,42,1.62,.291
Livan L Hernandez,ARI,11,11,4.93,33,33,1,0,0,0,204.1,247,116,112,34,6,79,90,1.60,.308
John J Lackey,LAA,19,9,3.01,33,33,2,2,0,0,224.0,219,87,75,18,12,52,179,1.21,.254
Derek D Lowe,LAD,12,14,3.88,33,32,3,0,0,0,199.1,194,100,86,20,1,59,147,1.27,.254
Jamie J Moyer,PHI,14,12,5.01,33,33,1,0,0,0,199.1,222,118,111,30,5,66,133,1.44,.285
Scott S Olsen,FLA,10,15,5.81,33,33,0,0,0,0,176.2,226,134,114,29,1,85,133,1.76,.315
Roy R Oswalt,HOU,14,7,3.18,33,32,1,0,0,0,212.0,221,80,75,14,7,60,154,1.33,.265
Brad B Penny,LAD,16,4,3.03,33,33,0,0,0,0,208.0,199,75,70,9,5,73,135,1.31,.260
Jonathan J Sánchez Sanchez,SF,1,5,5.88,33,4,0,0,0,0,52.0,57,34,34,8,5,28,62,1.63,.284
Johan J Santana,MIN,15,13,3.33,33,33,1,1,0,0,219.0,183,88,81,33,4,52,235,1.07,.225
Carlos C Silva,MIN,13,14,4.19,33,33,2,1,0,0,202.0,229,99,94,20,4,36,89,1.31,.287
Ehren E Wassermann,CWS,1,1,2.74,33,0,0,0,0,1,23.0,20,9,7,0,2,7,14,1.17,.238
Woody W Williams,HOU,8,15,5.27,33,31,0,0,0,0,188.0,216,114,110,35,12,53,101,1.43,.286
Matt M Cain,SF,7,16,3.65,32,32,1,0,0,0,200.0,173,84,81,14,5,79,163,1.26,.235
Jose J Contreras,CWS,10,17,5.57,32,30,2,2,0,0,189.0,232,134,117,21,15,62,113,1.56,.304
Jon J Garland,CWS,10,13,4.23,32,32,2,1,0,0,208.1,219,114,98,19,4,57,98,1.32,.270
Edgar E Gonzalez,ARI,8,4,5.03,32,12,0,0,0,0,102.0,110,61,57,18,4,28,62,1.35,.276
Tom T Gorzelanny,PIT,14,10,3.88,32,32,1,1,0,0,201.2,214,90,87,18,11,68,135,1.40,.273
Jeremy J Guthrie,BAL,7,5,3.70,32,26,0,0,0,1,175.1,165,78,72,23,4,47,123,1.21,.249
Roberto R Hernandez,CLE,19,8,3.06,32,32,2,1,0,0,215.0,199,78,73,16,11,61,137,1.21,.248
Rich R Hill,CHC,11,8,3.92,32,32,0,0,0,0,195.0,170,89,85,27,12,63,183,1.19,.235
Edwin E Jackson,TB,5,15,5.76,32,31,1,1,0,0,161.0,195,116,103,19,4,88,128,1.76,.299
John J Maine,NYM,15,10,3.91,32,32,1,1,0,0,191.0,168,90,83,23,5,75,180,1.27,.235
Gary G Majewski,CIN,0,4,8.22,32,0,0,0,0,3,23.0,43,22,21,3,2,3,10,2.00,.398
Daisuke D Matsuzaka,BOS,15,12,4.40,32,32,1,0,0,0,204.2,191,100,100,25,13,80,201,1.32,.246
Matt M Morris,PIT,10,11,4.89,32,32,3,0,0,0,198.2,240,123,108,18,9,61,102,1.52,.302
John J Smoltz,ATL,14,8,3.11,32,32,0,0,0,0,205.2,196,78,71,18,4,47,197,1.18,.249
Ian I Snell,PIT,9,12,3.76,32,32,1,0,0,0,208.0,209,94,87,22,8,68,177,1.33,.264
Javier J Vazquez,CWS,15,8,3.74,32,32,2,0,0,0,216.2,197,95,90,29,7,50,213,1.14,.242
Justin J Verlander,DET,18,6,3.66,32,32,1,1,0,0,201.2,181,88,82,20,19,67,183,1.23,.233
Adam A Wainwright,STL,14,12,3.70,32,32,1,0,0,0,202.0,212,93,83,13,9,70,136,1.40,.269
Jarrod J Washburn,SEA,10,15,4.32,32,32,1,1,0,0,193.2,201,102,93,23,8,67,114,1.38,.268
Todd T Wellemeyer,STL,3,3,4.54,32,11,0,0,0,0,79.1,77,50,40,11,3,40,60,1.47,.254
Matt M Albers,HOU,4,11,5.86,31,18,0,0,0,0,110.2,127,77,72,18,7,50,71,1.60,.291
Tony T Armas,PIT,4,5,6.03,31,15,0,0,0,0,97.0,111,68,65,18,8,38,73,1.54,.287
Boof B Bonser,MIN,8,12,5.10,31,30,0,0,0,0,173.0,199,108,98,27,5,65,136,1.53,.286
Paul P Byrd,CLE,15,8,4.59,31,31,2,2,0,0,192.1,239,107,98,27,6,28,88,1.39,.301
Matt M Chico,WSH,7,9,4.63,31,31,0,0,0,0,167.0,183,96,86,26,5,74,94,1.54,.281
Scott S Dohmann,TB,3,0,3.31,31,0,0,0,0,0,32.2,29,13,12,3,0,18,26,1.44,.257
Roy R Halladay,TOR,16,7,3.71,31,31,7,1,0,0,225.1,232,101,93,15,3,48,139,1.24,.268
Braden B Looper,STL,12,12,4.94,31,30,0,0,0,0,175.0,183,100,96,22,4,51,87,1.34,.269
Kevin K Millwood,TEX,10,14,5.16,31,31,0,0,0,0,172.2,213,111,99,19,8,67,123,1.62,.301
Wandy W Rodriguez,HOU,9,13,4.58,31,31,1,1,0,0,182.2,179,102,93,22,5,62,158,1.32,.254
James J Shields,TB,12,8,3.85,31,31,1,0,0,0,215.0,202,98,92,28,10,36,184,1.11,.247
Tim T Wakefield,BOS,17,12,4.76,31,31,0,0,0,0,189.0,191,104,100,22,4,64,110,1.35,.264
Josh J Beckett,BOS,20,7,3.27,30,30,1,0,0,0,200.2,189,76,73,17,5,40,194,1.14,.245
Matt M Belisle,CIN,8,9,5.32,30,30,1,0,0,0,177.2,212,111,105,26,7,43,125,1.44,.301
Rob R Bell,BAL,4,3,5.94,30,0,0,0,0,0,53.0,73,37,35,7,0,24,28,1.83,.327
Micah M Bowie,WSH,4,3,4.55,30,8,0,0,0,1,57.1,55,30,29,7,2,27,42,1.43,.261
Mark M Buehrle,CWS,10,9,3.63,30,30,3,1,0,0,201.0,208,86,81,22,5,45,115,1.26,.269
Adam A Eaton,PHI,10,10,6.29,30,30,0,0,0,0,161.2,192,117,113,30,11,71,97,1.63,.301
Kelvim K Escobar,LAA,18,7,3.40,30,30,3,1,0,0,195.2,182,79,74,11,3,66,160,1.27,.248
Josh J Fogg,COL,10,9,4.94,30,29,0,0,0,0,165.2,194,99,91,23,13,59,94,1.53,.293
Felix F Hernández Hernandez,SEA,14,7,3.92,30,30,1,1,0,0,190.1,209,88,83,20,3,53,165,1.38,.281
Chuck C James,ATL,11,10,4.24,30,30,0,0,0,0,161.1,164,77,76,32,1,58,116,1.38,.265
Brandon B Medders,ARI,1,2,4.30,30,0,0,0,0,1,29.1,30,16,14,9,1,16,23,1.57,.273
Nate N Robertson,DET,9,13,4.76,30,30,0,0,0,0,177.2,199,98,94,22,3,63,119,1.47,.283
Chien- Ming C Wang,NYY,19,7,3.70,30,30,1,0,0,0,199.1,199,84,82,9,8,59,104,1.29,.265
Chris C Young,SD,9,8,3.12,30,30,0,0,0,0,173.0,118,66,60,10,7,72,167,1.10,.192
Mike M Bacsik,WSH,5,8,5.11,29,20,0,0,0,0,118.0,141,73,67,26,6,29,45,1.44,.295
Chris C Capuano,MIL,5,12,5.10,29,25,0,0,0,0,150.0,170,93,85,20,8,54,132,1.49,.286
Hector H Carrasco,LAA,2,1,6.57,29,1,0,0,0,0,38.1,44,34,28,8,1,23,33,1.75,.272
Scott S Feldman,TEX,1,2,5.77,29,0,0,0,0,0,39.0,44,26,25,3,3,32,19,1.95,.284
Sean S Henn,NYY,2,2,7.12,29,1,0,0,0,0,36.2,44,32,29,6,3,27,28,1.94,.293
Paul P Maholm,PIT,10,15,5.02,29,29,2,1,0,0,177.2,204,110,99,22,6,49,105,1.42,.295
Mark M Mc Lemore,HOU,3,0,3.86,29,0,0,0,0,2,35.0,38,17,15,5,1,18,35,1.60,.270
Micah M Owings,ARI,8,8,4.30,29,27,2,1,0,0,152.2,146,81,73,20,14,50,106,1.28,.253
Oliver O Pérez Perez,NYM,15,10,3.56,29,29,0,0,0,0,177.0,153,90,70,22,7,79,174,1.31,.229
Steve S Trachsel,CHC,7,11,4.90,29,29,1,0,0,0,158.0,176,89,86,19,2,76,56,1.59,.289
Claudio C Vargas,MIL,11,6,5.09,29,23,0,0,1,2,134.1,153,80,76,23,2,54,107,1.54,.285
David D Wells,LAD,9,9,5.43,29,29,0,0,0,0,157.1,201,97,95,22,3,42,82,1.54,.316
Rick R White,SEA,1,1,7.79,29,0,0,0,0,1,34.2,47,31,30,4,0,18,18,1.88,.331
Erik E Bedard,BAL,13,5,3.16,28,28,1,1,0,0,182.0,141,66,64,19,5,57,221,1.09,.212
Jeremy J Bonderman,DET,11,9,5.01,28,28,0,0,0,0,174.1,193,105,97,23,4,48,145,1.38,.278
Kyle K Davies,KC,7,15,6.09,28,28,0,0,0,0,136.0,155,102,92,22,5,70,99,1.65,.284
Cole C Hamels,PHI,15,5,3.39,28,28,2,0,0,0,183.1,163,72,69,25,3,43,177,1.12,.237
Byung- Hyun B Kim,FLA,10,8,6.08,28,22,0,0,0,0,118.1,131,90,80,20,16,68,107,1.68,.280
Kameron K Loe,TEX,6,11,5.36,28,23,0,0,0,0,136.0,162,96,81,13,4,56,78,1.60,.295
Mike M Mussina,NYY,11,10,5.15,28,27,0,0,0,0,152.0,188,90,87,14,4,35,91,1.47,.311
Ervin E Santana,LAA,7,14,5.76,28,26,0,0,0,0,150.0,174,103,96,26,8,58,126,1.55,.288
Billy B Traber,WSH,2,2,4.76,28,2,0,0,0,1,39.2,50,22,21,4,2,13,27,1.59,.314
Jered J Weaver,LAA,13,7,3.91,28,28,0,0,0,0,161.0,178,77,70,17,2,45,115,1.39,.280
Joel J Zumaya,DET,2,3,4.28,28,0,0,0,1,5,33.2,23,16,16,3,1,17,27,1.19,.189
Brian B Bannister,KC,12,9,3.87,27,27,1,0,0,0,165.0,156,76,71,15,6,44,77,1.21,.249
Brendan B Donnelly,BOS,2,1,3.05,27,0,0,0,0,0,20.2,19,8,7,0,4,5,15,1.16,.235
Orlando O Hernandez,NYM,9,5,3.72,27,24,0,0,0,0,147.2,109,64,61,23,5,64,128,1.17,.206
Mike M Maroth,STL,5,7,6.89,27,20,0,0,0,0,116.1,168,103,89,26,5,50,51,1.87,.347
Nick N Masset,CWS,2,3,7.09,27,1,0,0,0,1,39.1,52,33,31,2,2,26,21,1.98,.323
Dustin D Mc Gowan,TOR,12,10,4.08,27,27,2,1,0,0,169.2,146,80,77,14,2,61,144,1.22,.230
Sergio S Mitre,FLA,5,8,4.65,27,27,0,0,0,0,149.0,180,88,77,9,10,41,80,1.48,.303
Jeff J Weaver,SEA,7,13,6.20,27,27,3,2,0,0,146.2,190,105,101,23,8,35,80,1.53,.315
Winston W Abreu,WSH,0,1,5.93,26,0,0,0,0,1,30.1,37,21,20,7,0,9,26,1.52,.303
John J Bale,KC,1,1,4.05,26,0,0,0,0,1,40.0,45,18,18,1,1,17,42,1.55,.290
Ryan R Braun,KC,2,0,6.64,26,0,0,0,0,0,39.1,46,32,29,4,0,22,24,1.73,.299
John J Danks,CWS,6,13,5.50,26,26,0,0,0,0,139.0,160,92,85,28,4,54,109,1.54,.289
Jorge J De La Rosa,KC,8,12,5.82,26,23,0,0,0,0,130.0,160,88,84,20,3,53,82,1.64,.304
Brandon B Duckworth,KC,3,5,4.63,26,3,0,0,1,1,46.2,51,30,24,3,1,23,21,1.59,.276
Justin J Germano,SD,7,10,4.46,26,23,0,0,0,0,133.1,133,72,66,14,8,40,78,1.30,.259
Colby C Lewis,OAK,0,2,6.45,26,1,0,0,0,1,37.2,44,28,27,7,3,14,23,1.54,.293
Jensen J Lewis,CLE,1,1,2.15,26,0,0,0,0,0,29.1,26,8,7,1,1,10,34,1.23,.234
Noah N Lowry,SF,14,8,3.92,26,26,1,0,0,0,156.0,155,76,68,12,5,87,87,1.55,.266
Tom T Martin,COL,0,0,4.91,26,0,0,0,0,0,25.2,32,14,14,4,1,9,10,1.60,.302
Odalis O Perez,KC,8,11,5.57,26,26,0,0,0,0,137.1,178,90,85,14,4,50,64,1.66,.318
Chris C Reitsma,SEA,0,2,7.61,26,0,0,0,0,1,23.2,37,22,20,3,0,9,11,1.94,.359
Royce R Ring,ATL,1,0,2.70,26,0,0,0,0,0,20.0,13,8,6,1,0,17,21,1.50,.186
Ryan R Rowland- Smith,SEA,1,0,3.96,26,0,0,0,0,0,38.2,39,19,17,4,2,15,42,1.40,.269
Brad B Salmon,CIN,0,1,4.13,26,0,0,0,0,1,24.0,22,11,11,3,1,10,22,1.33,.244
David D Aardsma,CWS,2,1,6.40,25,0,0,0,0,3,32.1,39,24,23,4,1,17,36,1.73,.300
Grant G Balfour,TB,1,2,7.66,25,0,0,0,0,0,24.2,30,21,21,2,1,20,30,2.03,.316
A. J. A Burnett,TOR,10,8,3.75,25,25,2,0,0,0,165.2,131,74,69,23,12,66,176,1.19,.214
Aaron A Cook,COL,8,7,4.12,25,25,2,0,0,0,166.0,178,87,76,15,6,44,61,1.34,.279
Franquelis F Osoria,PIT,0,2,4.76,25,0,0,0,0,0,28.1,33,16,15,3,4,8,13,1.45,.289
Paul P Shuey,BAL,0,1,9.82,25,0,0,0,1,1,25.2,33,28,28,3,0,21,22,2.10,.317
Josh J Towers,TOR,5,10,5.38,25,15,0,0,0,0,107.0,129,73,64,18,6,22,76,1.41,.297
Jake J Westbrook,CLE,6,9,4.32,25,25,0,0,0,0,152.0,159,78,73,13,6,55,93,1.41,.276
Mike M Zagurski,PHI,1,0,5.91,25,0,0,0,0,2,21.1,25,14,14,3,1,11,21,1.69,.287
Scott S Baker,MIN,9,9,4.26,24,23,2,1,0,0,143.2,162,70,68,15,5,29,102,1.33,.287
Carmen C Cali,MIN,0,1,4.71,24,0,0,0,0,1,21.0,22,11,11,2,2,16,14,1.81,.265
Jason J Davis,SEA,2,0,5.84,24,0,0,0,0,1,37.0,42,27,24,4,2,25,19,1.81,.288
Jason J Hammel,TB,3,5,6.14,24,14,0,0,0,0,85.0,100,58,58,12,2,40,64,1.65,.294
Tim T Lincecum,SF,7,5,4.00,24,24,0,0,0,0,146.1,122,70,65,12,2,65,150,1.28,.226
Chris C Sampson,HOU,7,8,4.59,24,19,0,0,0,0,121.2,138,64,62,20,7,30,51,1.38,.292
Curt C Schilling,BOS,9,8,3.87,24,24,1,1,0,0,151.0,165,68,65,21,2,23,101,1.25,.275
Ben B Sheets,MIL,12,5,3.82,24,24,2,0,0,0,141.1,138,62,60,17,1,37,106,1.24,.253
Brian B Wilson,SF,1,2,2.28,24,0,0,0,6,7,23.2,16,6,6,1,1,7,18,0.97,.188
Francisco F Del Rosario,PHI,0,3,5.47,23,0,0,0,1,1,26.1,34,16,16,3,4,13,25,1.78,.321
Mike M Gosling,CIN,2,0,4.91,23,0,0,0,0,1,33.0,42,22,18,5,1,28,32,2.12,.318
Jim J Hoey,BAL,3,4,7.30,23,0,0,0,0,3,24.2,25,21,20,2,1,18,18,1.74,.272
Marcus M Mc Beth O,CIN,3,2,5.95,23,0,0,0,0,2,19.2,22,13,13,2,1,7,17,1.47,.286
Brandon B Mc Carthy,TEX,5,10,4.87,23,22,0,0,0,0,101.2,111,62,55,9,3,48,59,1.56,.278
Vicente V Padilla,TEX,6,10,5.76,23,23,0,0,0,0,120.1,146,88,77,16,9,50,71,1.63,.299
John J Rheinecker,TEX,4,3,5.36,23,7,0,0,0,0,50.1,61,38,30,9,2,28,40,1.77,.295
Scott S Atchison,SF,0,0,4.11,22,0,0,0,0,1,30.2,32,14,14,5,1,10,25,1.37,.274
Buddy B Carlyle,ATL,8,7,5.21,22,20,0,0,0,0,107.0,117,67,62,19,2,32,74,1.39,.284
Rocky R Cherry,BAL,1,1,5.46,22,0,0,0,0,1,31.1,30,20,19,4,3,19,23,1.56,.252
Henry H Owens,FLA,2,0,1.96,22,0,0,0,4,5,23.0,19,7,5,3,0,10,16,1.26,.216
Ramon E R Ramirez,COL,2,2,8.31,22,0,0,0,0,0,17.1,21,16,16,2,1,6,15,1.56,.313
Anthony A Reyes,STL,2,14,6.04,22,20,1,0,0,0,107.1,108,77,72,16,9,43,74,1.41,.261
Andy A Sonnanstine,TB,6,10,5.85,22,22,0,0,0,0,130.2,151,87,85,18,5,26,97,1.35,.293
Joe J Thatcher,SD,2,2,1.29,22,0,0,0,0,0,21.0,13,6,3,1,1,6,16,0.90,.167
Kerry K Wood,CHC,1,1,3.33,22,0,0,0,0,0,24.1,18,9,9,0,0,13,24,1.27,.207
Manny M Acosta,ATL,1,1,2.28,21,0,0,0,0,0,23.2,13,6,6,2,0,14,22,1.14,.165
Jason J Bergmann,WSH,6,6,4.45,21,21,0,0,0,0,115.1,99,59,57,18,2,42,86,1.22,.231
Sean S Marshall,CHC,7,8,3.92,21,19,0,0,0,0,103.1,107,52,45,13,1,35,67,1.37,.267
Edwar E Ramirez,NYY,1,1,8.14,21,0,0,0,1,3,21.0,24,19,19,6,3,14,31,1.81,.286
Jon J Switzer,TB,0,2,8.05,21,0,0,0,0,1,19.0,27,17,17,2,0,7,13,1.79,.338
Chin-hui C Tsao,LAD,0,1,4.38,21,0,0,0,0,1,24.2,18,12,12,3,1,8,16,1.05,.205
Mike M Wood,TEX,3,2,5.33,21,4,0,0,0,1,50.2,68,36,30,9,4,15,25,1.64,.321
Dallas D Braden,OAK,1,8,6.72,20,14,0,0,0,0,72.1,91,59,54,9,2,26,55,1.62,.303
Zach Z Duke,PIT,3,8,5.53,20,19,0,0,0,0,107.1,161,74,66,14,3,25,41,1.73,.359
Yovani Y Gallardo,MIL,9,5,3.67,20,17,0,0,0,0,110.1,103,48,45,8,2,37,101,1.27,.245
Kyle K Kendrick,PHI,10,4,3.87,20,20,0,0,0,0,121.0,129,53,52,16,7,25,49,1.27,.280
Cliff C Lee,CLE,5,8,6.29,20,16,1,0,0,0,97.1,112,73,68,17,7,36,66,1.52,.284
Jesse J Litsch,TOR,7,9,3.81,20,20,0,0,0,0,111.0,116,56,47,14,7,36,50,1.37,.270
Horacio H Ramirez,SEA,8,7,7.16,20,20,0,0,0,0,98.0,139,86,78,13,2,42,40,1.85,.337
Ryan R Speier,COL,3,1,4.00,20,0,0,0,0,1,18.0,20,8,8,1,1,8,13,1.56,.299
Jamey J Wright,TEX,4,5,3.62,20,9,0,0,0,0,77.0,72,35,31,6,5,41,39,1.47,.259
Kurt K Birkins,BAL,1,2,8.13,19,2,0,0,0,0,34.1,52,31,31,3,3,14,30,1.92,.340
Bill B Bray,CIN,3,3,6.28,19,0,0,0,1,1,14.1,16,10,10,1,0,5,14,1.47,.281
Joba J Chamberlain,NYY,2,0,0.38,19,0,0,0,1,1,24.0,12,2,1,1,1,6,34,0.75,.145
Bartolo B Colon,LAA,6,8,6.34,19,18,0,0,0,0,99.1,132,74,70,15,5,29,76,1.62,.320
J. D. J Durbin,PHI,6,5,6.06,19,10,1,1,1,1,65.1,78,49,44,6,2,37,40,1.76,.299
Jason J Hirsh,COL,5,7,4.81,19,19,1,0,0,0,112.1,103,63,60,18,2,48,75,1.34,.243
Jason J Jennings,HOU,2,9,6.45,19,18,0,0,0,0,99.0,119,73,71,19,2,34,71,1.55,.301
Masumi M Kuwata,PIT,0,1,9.43,19,0,0,0,0,0,21.0,25,23,22,6,1,15,12,1.90,.301
Glen G Perkins,MIN,0,0,3.14,19,0,0,0,0,0,28.2,23,10,10,2,2,12,20,1.22,.232
Andrew A Sisco,CWS,0,1,8.36,19,0,0,0,0,0,14.0,19,13,13,2,1,11,13,2.14,.306
Levale L Speigner,WSH,2,3,8.78,19,6,0,0,0,0,40.0,58,39,39,4,0,23,19,2.03,.341
Robinson R Tejeda,TEX,5,9,6.61,19,19,0,0,0,0,95.1,110,78,70,17,6,60,69,1.78,.290
Roger R Clemens,NYY,6,6,4.18,18,17,0,0,0,0,99.0,99,52,46,9,5,31,68,1.31,.261
Jesse J Crain,MIN,1,2,5.51,18,0,0,0,0,0,16.1,19,16,10,4,1,4,10,1.41,.292
Michael M Gonzalez,ATL,2,0,1.59,18,0,0,0,2,2,17.0,15,3,3,0,0,8,13,1.35,.246
D. J. D Houlton,LAD,0,2,4.18,18,0,0,0,0,0,28.0,28,14,13,5,0,7,21,1.25,.267
Pat P Misch,SF,0,4,4.24,18,4,0,0,0,0,40.1,47,21,19,3,2,12,26,1.46,.296
Wes W Obermueller,FLA,2,3,6.56,18,7,0,0,0,0,59.0,72,49,43,7,4,36,35,1.83,.306
Jailen J Peguero,ARI,1,0,9.20,18,0,0,0,0,0,14.2,17,15,15,2,1,13,9,2.05,.309
Joe J Saunders,LAA,8,5,4.44,18,18,0,0,0,0,107.1,129,56,53,11,1,34,69,1.52,.298
Rick R Van Den Hurk,FLA,4,6,6.83,18,17,0,0,0,0,81.2,94,63,62,15,3,48,82,1.74,.294
Randy R Wolf,LAD,9,6,4.73,18,18,0,0,0,0,102.2,110,55,54,10,6,39,94,1.45,.273
Ambiorix A Burgos,NYM,1,0,3.42,17,0,0,0,0,0,23.2,17,10,9,3,2,9,19,1.10,.200
Jose J Capellan,DET,0,3,5.54,17,0,0,0,0,0,26.0,28,19,16,7,1,9,20,1.42,.269
Andy A Cavazos,STL,0,0,10.35,17,0,0,0,0,0,20.0,27,27,23,5,2,16,15,2.15,.333
Elmer E Dessens,COL,2,2,7.15,17,5,0,0,0,0,34.0,45,32,27,6,0,12,22,1.68,.319
Justin J Duchscherer,OAK,3,3,4.96,17,0,0,0,0,2,16.1,18,9,9,3,0,8,13,1.59,.281
Ron R Flores,OAK,0,2,3.57,17,0,0,0,0,1,17.2,16,8,7,2,0,12,15,1.58,.235
Neal N Musser,KC,0,1,4.38,17,0,0,0,0,0,24.2,32,13,12,5,0,14,19,1.86,.314
Juan Pablo J Perez,PIT,0,0,4.38,17,0,0,0,0,0,12.1,14,7,6,2,0,8,10,1.78,.286
Jae Kuk J Ryu,TB,1,2,7.33,17,0,0,0,0,1,23.1,31,19,19,2,4,11,14,1.80,.326
Daniel D Barone,FLA,1,3,5.71,16,6,0,0,0,0,41.0,50,29,26,11,1,19,18,1.68,.311
Neal N Cotts,CHC,0,1,4.86,16,0,0,0,0,0,16.2,15,9,9,1,3,9,14,1.44,.246
Julio J De Paula,MIN,0,1,8.55,16,0,0,0,0,0,20.0,30,20,19,5,3,10,8,2.00,.357
Brian B Falkenborg,STL,0,1,4.82,16,0,0,0,0,0,18.2,22,10,10,2,1,8,16,1.61,.293
Gavin G Floyd,CWS,1,5,5.27,16,10,0,0,0,0,70.0,85,45,41,17,6,19,49,1.49,.299
Matt M Garza,MIN,5,7,3.69,16,15,0,0,0,0,83.0,96,44,34,8,4,32,67,1.54,.294
Shawn S Hill,WSH,4,5,3.42,16,16,0,0,0,0,97.1,86,42,37,9,5,25,65,1.14,.235
Romulo R Sanchez,PIT,1,0,5.00,16,0,0,0,0,0,18.0,16,10,10,2,1,8,11,1.33,.254
Scott S Williamson,BAL,1,0,4.40,16,0,0,0,0,1,14.1,12,8,7,1,0,8,16,1.40,.235
Shane S Youman,PIT,3,5,5.97,16,8,0,0,0,0,57.1,65,40,38,5,4,23,29,1.53,.298
Greg G Aquino,MIL,0,1,4.50,15,0,0,0,0,2,14.0,13,9,7,2,0,5,12,1.29,.245
Kason K Gabbard,TEX,6,1,4.65,15,15,1,1,0,0,81.1,68,42,42,8,7,41,55,1.34,.231
Eddie E Guardado,CIN,0,0,7.24,15,0,0,0,0,2,13.2,16,11,11,2,1,4,8,1.46,.286
Ubaldo U Jiménez Jimenez,COL,4,4,4.28,15,15,0,0,0,0,82.0,70,46,39,10,6,37,68,1.30,.228
Mike M Pelfrey,NYM,3,8,5.57,15,13,0,0,0,0,72.2,85,47,45,6,9,39,45,1.71,.298
Tim T Redding,WSH,3,6,3.64,15,15,0,0,0,0,84.0,84,35,34,10,4,38,47,1.45,.265
Tyler T Walker,SF,2,0,1.26,15,0,0,0,0,1,14.1,12,2,2,0,0,4,9,1.12,.250
Sean S White,SEA,1,1,5.60,15,0,0,0,0,0,35.1,35,24,22,2,8,20,16,1.56,.261
Jonathan J Albaladejo,WSH,1,1,1.88,14,0,0,0,0,1,14.1,7,3,3,1,1,2,12,0.63,.149
Cha Seung C Baek,SEA,4,3,5.15,14,12,1,0,0,0,73.1,87,45,42,6,3,14,49,1.38,.288
Troy T Cate,STL,0,0,3.38,14,0,0,0,0,0,16.0,18,7,6,1,0,9,12,1.69,.290
Yoel Y Hernandez,PHI,0,0,5.28,14,0,0,0,0,1,15.1,20,9,9,2,0,1,13,1.37,.303
Kei K Igawa,NYY,2,3,6.25,14,12,0,0,0,0,67.2,76,48,47,15,4,37,53,1.67,.279
Brandon B League,TOR,0,0,6.17,14,0,0,0,0,1,11.2,19,8,8,1,0,7,7,2.23,.380
Jon J Lieber,PHI,3,6,4.73,14,12,1,1,0,0,78.0,91,44,41,7,3,22,54,1.45,.293
Rodrigo R Lopez,COL,5,4,4.42,14,14,0,0,0,0,79.1,83,43,39,11,0,21,43,1.31,.273
Seth S Mc Clung,MIL,0,1,3.75,14,0,0,0,0,0,12.0,11,9,5,0,1,5,11,1.33,.250
A. J. A Murray,TEX,1,2,4.50,14,2,0,0,0,0,28.0,25,15,14,6,0,15,18,1.43,.238
Yusmeiro Y Petit,ARI,3,4,4.58,14,10,0,0,0,0,57.0,58,30,29,12,0,18,40,1.33,.260
Stephen S Randolph,HOU,0,1,12.15,14,0,0,0,0,0,13.1,21,19,18,4,1,17,22,2.85,.362
Ryan R Wagner,WSH,0,2,5.74,14,0,0,0,0,0,15.2,20,11,10,2,0,8,9,1.79,.313
Todd T Williams,BAL,0,2,7.53,14,0,0,0,0,1,14.1,19,12,12,2,1,4,9,1.60,.328
Ross R Wolf,FLA,0,1,11.68,14,0,0,0,0,0,12.1,24,16,16,4,1,3,6,2.19,.393
Jose J Ascanio,ATL,1,1,5.06,13,0,0,0,0,0,16.0,17,11,9,3,0,6,13,1.44,.254
Dewon D Day,CWS,0,1,11.25,13,0,0,0,0,0,12.0,19,15,15,1,2,9,7,2.33,.352
Ryan R Feierabend,SEA,1,6,8.03,13,9,0,0,0,0,49.1,73,44,44,10,4,23,27,1.95,.353
Clay C Hensley,SD,2,3,6.84,13,9,0,0,0,0,50.0,62,40,38,5,1,32,30,1.88,.307
Phil P Hughes,NYY,5,3,4.46,13,13,0,0,0,0,72.2,64,39,36,8,2,29,58,1.28,.235
Andrew A Miller,DET,5,5,5.63,13,13,0,0,0,0,64.0,73,43,40,8,7,39,56,1.75,.282
Arnie A Munoz,WSH,0,0,6.75,13,0,0,0,0,1,5.1,6,4,4,2,2,7,3,2.44,.273
Juan Carlos J Oviedo,KC,2,4,3.92,13,6,0,0,0,0,43.2,44,21,19,8,0,10,37,1.24,.259
Jason J Simontacchi,WSH,6,7,6.37,13,13,0,0,0,0,70.2,95,53,50,13,3,23,42,1.67,.330
Kevin K Slowey,MIN,4,1,4.73,13,11,0,0,0,0,66.2,82,39,35,16,0,11,47,1.40,.288
Jeremy J Sowers,CLE,1,6,6.42,13,13,0,0,0,0,67.1,84,49,48,10,4,21,24,1.56,.308
Victor V Zambrano,BAL,0,3,10.17,13,4,0,0,0,0,23.0,32,26,26,6,5,22,16,2.35,.340
Angel A Guzman,CHC,0,1,3.56,12,3,0,0,0,1,30.1,32,12,12,2,2,9,26,1.35,.278
Joel J Hanrahan,WSH,5,3,6.00,12,11,0,0,0,0,51.0,59,35,34,9,0,38,43,1.90,.286
Jon J Lester,BOS,4,0,4.57,12,11,0,0,0,0,63.0,61,33,32,10,1,31,50,1.46,.257
Zach Z Mc Clellan,COL,1,0,5.79,12,0,0,0,0,1,14.0,20,9,9,0,0,5,13,1.79,.351
Scott S Munter,SF,1,1,4.22,12,0,0,0,0,0,10.2,14,5,5,0,0,4,4,1.69,.368
Russ R Ortiz,SF,2,3,5.51,12,8,0,0,0,0,49.0,57,32,30,4,6,20,27,1.57,.295
Brian B Sanches,PHI,1,1,5.52,12,0,0,0,0,0,14.2,13,11,9,6,1,12,9,1.70,.241
Eric E Stults,LAD,1,4,5.82,12,5,0,0,0,0,38.2,50,26,25,5,1,17,30,1.73,.314
John J Wasdin,PIT,1,1,5.95,12,0,0,0,0,0,19.2,32,13,13,1,0,8,10,2.03,.381
Yorman Y Bazardo,DET,2,1,2.28,11,2,0,0,0,0,23.2,19,7,6,2,3,5,15,1.01,.218
Chris C Britton,NYY,0,1,3.55,11,0,0,0,0,0,12.2,9,5,5,2,0,4,5,1.03,.196
Kane K Davis,PHI,0,1,5.56,11,0,0,0,0,0,11.1,17,7,7,2,0,8,10,2.21,.340
Freddy F Garcia,PHI,1,5,5.90,11,11,0,0,0,0,58.0,74,39,38,12,5,19,50,1.60,.318
Mark M Redman,COL,2,4,7.62,11,8,0,0,0,0,41.1,59,37,35,6,2,17,27,1.84,.331
Jo- Jo J Reyes,ATL,2,2,6.22,11,10,0,0,0,0,50.2,55,39,35,9,1,30,27,1.68,.286
Kenny K Rogers,DET,3,4,4.43,11,11,0,0,0,0,63.0,65,36,31,8,1,25,36,1.43,.264
Jae Weong J Seo,TB,3,4,8.13,11,10,0,0,0,0,52.0,84,53,47,11,4,16,28,1.92,.372
John J Van Benschoten,PIT,0,7,10.15,11,9,0,0,0,0,39.0,55,45,44,4,5,29,26,2.15,.335
Fabio F Castro,PHI,0,0,6.00,10,1,0,0,0,0,12.0,9,8,8,2,0,13,14,1.83,.209
Lance L Cormier,ATL,2,6,7.09,10,9,0,0,0,0,45.2,56,38,36,16,0,22,27,1.71,.303
Joey J Devine,ATL,1,0,1.08,10,0,0,0,0,0,8.1,7,1,1,0,0,8,7,1.80,.241
J. P. J Howell,TB,1,6,7.59,10,10,0,0,0,0,51.0,69,45,43,8,3,21,49,1.76,.318
Randy R Johnson,ARI,4,3,3.81,10,10,0,0,0,0,56.2,52,26,24,7,4,13,72,1.15,.245
Jon J Leicester,BAL,2,3,7.59,10,5,1,0,0,0,32.0,36,27,27,3,3,13,16,1.53,.283
Bobby B Livingston,CIN,3,3,5.27,10,10,0,0,0,0,56.1,77,35,33,8,1,8,27,1.51,.325
Aquilino A Lopez,DET,0,0,5.19,10,0,0,0,1,1,17.1,18,10,10,2,2,6,7,1.38,.273
Edward E Mujica,CLE,0,0,8.31,10,0,0,0,0,0,13.0,19,12,12,3,0,2,7,1.62,.333
Bill B Murphy,ARI,0,0,5.68,10,0,0,0,0,0,6.1,9,4,4,0,1,7,2,2.53,.346
Tomo T Ohka,TOR,2,5,5.79,10,10,0,0,0,0,56.0,68,39,36,10,0,22,21,1.61,.300
Chad C Orvella,TB,0,2,14.63,10,0,0,0,0,0,8.0,18,16,13,3,1,10,6,3.50,.400
Homer H Bailey,CIN,4,2,5.76,9,9,0,0,0,0,45.1,43,32,29,3,3,28,28,1.57,.257
Denny D Bautista,COL,2,1,12.46,9,1,0,0,0,0,8.2,18,12,12,0,1,4,8,2.54,.429
Tim T Corcoran,TB,0,0,6.75,9,0,0,0,0,0,17.1,17,14,13,2,1,12,6,1.67,.258
Bryan B Corey,BOS,1,0,1.93,9,0,0,0,0,0,9.1,6,2,2,0,0,4,6,1.07,.231
Scott S Elarton,KC,2,4,10.46,9,9,0,0,0,0,37.0,53,44,43,12,3,21,13,2.00,.338
Jon J Huber,SEA,0,0,4.76,9,0,0,0,0,0,11.1,13,6,6,1,0,4,8,1.50,.302
Greg G Jones,LAA,0,0,6.23,9,0,0,0,0,0,8.2,10,6,6,2,1,5,5,1.73,.278
Logan L Kensing,FLA,3,0,1.35,9,0,0,0,0,0,13.1,11,2,2,0,2,7,13,1.35,.224
Aaron A Laffey,CLE,4,2,4.56,9,9,0,0,0,0,49.1,54,26,25,2,4,12,25,1.34,.287
Radhames R Liz,BAL,0,2,6.93,9,4,0,0,0,0,24.2,25,21,19,3,1,23,24,1.95,.260
Julio J Mateo,SEA,1,0,3.75,9,0,0,0,0,2,12.0,12,5,5,0,0,5,4,1.42,.255
Manny M Parra,MIL,0,1,3.76,9,2,0,0,0,0,26.1,25,13,11,1,2,12,26,1.41,.255
Matt M Smith,PHI,0,0,11.25,9,0,0,0,0,0,4.0,4,5,5,0,0,11,1,3.75,.250
Jose J Veras,NYY,0,0,5.79,9,0,0,0,2,2,9.1,6,6,6,0,0,7,7,1.39,.176
Bill B White,TEX,2,0,4.82,9,0,0,0,0,0,9.1,8,5,5,1,2,7,9,1.61,.242
Sean S Gallagher,CHC,0,0,8.59,8,0,0,0,1,1,14.2,19,15,14,3,1,12,5,2.11,.317
Harvey H Garcia,FLA,0,1,4.38,8,0,0,0,0,0,12.1,14,6,6,3,0,7,15,1.70,.298
Dan D Giese,SF,0,2,4.82,8,0,0,0,0,0,9.1,8,5,5,4,0,2,7,1.07,.235
Charlie C Haeger,CWS,0,1,7.15,8,0,0,0,0,0,11.1,17,11,9,3,1,8,1,2.21,.354
Josh J Hancock,STL,0,1,3.55,8,0,0,0,0,0,12.2,14,6,5,2,0,5,9,1.50,.286
Kevin K Hart,CHC,0,0,0.82,8,0,0,0,0,0,11.0,7,1,1,0,0,4,13,1.00,.189
Hung- Chih H Kuo,LAD,1,4,7.42,8,6,0,0,0,0,30.1,35,26,25,3,1,14,27,1.62,.285
Franklin F Morales,COL,3,2,3.43,8,8,0,0,0,0,39.1,34,15,15,2,2,14,26,1.22,.241
Billy B Petrick,CHC,0,0,7.45,8,0,0,0,0,0,9.2,8,8,8,3,0,7,6,1.55,.229
Jason J Stanford,CLE,1,1,4.78,8,2,0,0,0,0,26.1,32,15,14,1,2,7,16,1.48,.296
Billy B Buckner,KC,1,2,5.29,7,5,0,0,0,0,34.0,37,20,20,5,0,16,17,1.56,.294
Steve S Colyer,ATL,0,1,4.91,7,0,0,0,0,0,3.2,9,2,2,1,0,4,4,3.55,.500
Matt M De Salvo,NYY,1,3,6.18,7,6,0,0,0,0,27.2,34,20,19,2,3,18,10,1.88,.304
Juan J Gutierrez,HOU,1,1,5.91,7,3,0,0,0,0,21.1,25,14,14,3,0,6,16,1.45,.298
Rich R Harden,OAK,1,2,2.45,7,4,0,0,0,0,25.2,18,7,7,3,0,11,27,1.13,.202
Jair J Jurrjens,DET,3,1,4.70,7,7,0,0,0,0,30.2,24,16,16,4,1,11,13,1.14,.220
Jeff J Karstens,NYY,1,4,11.05,7,3,0,0,0,0,14.2,27,21,18,4,0,9,5,2.45,.397
Esteban E Loaiza,LAD,2,4,5.79,7,7,0,0,0,0,37.1,36,24,24,10,1,20,20,1.50,.259
Garrett G Olson,BAL,1,3,7.79,7,7,0,0,0,0,32.1,42,28,28,4,2,28,28,2.16,.326
John J Patterson,WSH,1,5,7.47,7,7,0,0,0,0,31.1,39,26,26,5,0,22,15,1.95,.310
Sidney S Ponson,MIN,2,5,6.93,7,7,0,0,0,0,37.2,54,31,29,7,3,17,23,1.88,.335
Erasmo E Ramirez,FLA,0,0,2.84,7,0,0,0,0,0,6.1,7,2,2,0,0,3,1,1.58,.280
Dennis D Sarfate,HOU,1,0,1.08,7,0,0,0,0,0,8.1,5,1,1,0,0,1,14,0.72,.172
Chris C Seddon,FLA,0,2,8.83,7,4,0,0,0,0,17.1,29,19,17,2,1,5,10,1.96,.349
Tom T Shearn,CIN,3,0,4.96,7,6,0,0,0,0,32.2,32,18,18,8,0,13,16,1.38,.262
Mike M Thompson,SD,0,1,6.89,7,0,0,0,0,0,15.2,19,15,12,2,3,7,5,1.66,.317
Rich R Thompson,LAA,0,0,10.80,7,0,0,0,0,0,6.2,10,8,8,4,0,3,9,1.95,.345
Alberto A Arias,COL,1,0,4.91,6,0,0,0,0,1,7.1,8,4,4,1,0,5,3,1.77,.308
Nick N Blackburn,MIN,0,2,7.71,6,0,0,0,0,1,11.2,19,12,10,2,0,2,8,1.80,.365
Jerry J Blevins,OAK,0,1,9.64,6,0,0,0,0,0,4.2,8,6,5,1,0,2,3,2.14,.348
Jason J Bulger,LAA,0,0,2.84,6,0,0,0,0,0,6.1,5,2,2,0,0,3,8,1.26,.227
Jack J Cassel,SD,1,1,3.97,6,4,0,0,0,0,22.2,30,10,10,1,1,5,11,1.54,.326
Tyler T Clippard,NYY,3,1,6.33,6,6,0,0,0,0,27.0,29,19,19,6,0,17,18,1.70,.271
Willie W Collazo,NYM,0,0,6.35,6,0,0,0,0,0,5.2,7,4,4,0,0,5,0,2.12,.318
Rheal R Cormier,CIN,0,0,9.00,6,0,0,0,0,0,3.0,4,3,3,1,1,1,1,1.67,.364
Jordan J De Jong,TOR,0,0,8.00,6,0,0,0,0,0,9.0,11,9,8,0,0,5,7,1.78,.297
Frankie F De La Cruz,DET,0,0,6.75,6,0,0,0,0,0,6.2,10,8,5,1,0,4,5,2.10,.357
Phil P Dumatrait,CIN,0,4,15.00,6,6,0,0,0,0,18.0,39,30,30,6,1,12,9,2.83,.448
John J Lannan,WSH,2,2,4.15,6,6,0,0,0,0,34.2,36,17,16,3,2,17,10,1.53,.273
Brian B Lawrence,NYM,1,2,6.83,6,6,0,0,0,0,29.0,43,22,22,4,1,13,18,1.93,.347
Adam A Loewen,BAL,2,0,3.56,6,6,0,0,0,0,30.1,27,14,12,1,3,26,22,1.75,.239
Luis L Mendoza,TEX,1,0,2.25,6,3,0,0,0,0,16.0,13,4,4,1,2,4,7,1.06,.232
Dan D Meyer,OAK,0,2,8.82,6,3,0,0,0,0,16.1,20,19,16,2,0,9,11,1.78,.294
Eric E Milton,CIN,0,4,5.17,6,6,0,0,0,0,31.1,39,21,18,4,0,9,18,1.53,.298
Ross R Ohlendorf,NYY,0,0,2.84,6,0,0,0,0,0,6.1,5,2,2,1,0,2,9,1.11,.208
Heath H Phillips,CWS,1,1,3.68,6,0,0,0,0,0,7.1,10,3,3,1,0,4,2,1.91,.333
Darrell D Rasner,NYY,1,3,4.01,6,6,0,0,0,0,24.2,29,14,11,4,2,8,11,1.50,.290
Anibal A Sánchez Sanchez,FLA,2,1,4.80,6,6,0,0,0,0,30.0,43,17,16,3,2,19,14,2.07,.341
Jason J Schmidt,LAD,1,4,6.31,6,6,0,0,0,0,25.2,32,20,18,4,1,14,22,1.79,.296
Josh J Sharpless,PIT,0,1,12.46,6,0,0,0,0,0,4.1,7,6,6,3,0,1,1,1.85,.368
Mitch M Stetter,MIL,1,0,3.60,6,0,0,0,0,0,5.0,2,2,2,0,2,2,4,0.80,.133
Edinson E Vólquez Volquez,TEX,2,1,4.50,6,6,0,0,0,0,34.0,34,18,17,4,2,15,29,1.44,.262
Jerome J Williams,WSH,0,5,7.20,6,6,0,0,0,0,30.0,34,26,24,6,0,18,15,1.73,.283
Brandon B Backe,HOU,3,1,3.77,5,5,0,0,0,0,28.2,27,13,12,4,2,11,11,1.33,.248
Blaine B Boyer,ATL,0,0,3.38,5,0,0,0,0,0,5.1,10,3,2,0,0,1,3,2.06,.417
Bryan B Bullington,PIT,0,3,5.29,5,3,0,0,0,0,17.0,24,11,10,3,0,5,7,1.71,.343
Jorge J Campillo,SEA,0,0,6.75,5,0,0,0,0,0,13.1,18,12,10,2,1,6,9,1.80,.333
Gustavo G Chacin,TOR,2,1,5.60,5,5,0,0,0,0,27.1,29,17,17,6,2,7,11,1.32,.266
Bruce B Chen,TEX,0,0,7.20,5,0,0,0,0,0,10.0,11,11,8,3,0,6,7,1.70,.275
Cory C Doyne,BAL,0,0,14.73,5,0,0,0,0,0,3.2,7,6,6,1,1,3,2,2.73,.412
Dana D Eveland,ARI,1,0,14.40,5,1,0,0,0,0,5.0,8,8,8,0,0,5,3,2.60,.364
Eric E Hull,LAD,0,0,4.05,5,0,0,0,0,0,6.2,4,3,3,0,0,3,5,1.05,.174
Mike M Koplove,CLE,0,0,6.00,5,0,0,0,0,0,6.0,6,4,4,0,1,2,4,1.33,.261
Pedro P Martinez,NYM,3,1,2.57,5,5,0,0,0,0,28.0,33,11,8,0,2,7,32,1.43,.284
Jon J Meloan,LAD,0,0,11.05,5,0,0,0,0,0,7.1,8,9,9,1,1,8,7,2.18,.286
Ricky R Nolasco,FLA,1,2,5.48,5,4,0,0,0,0,21.1,26,16,13,3,1,9,11,1.64,.321
Felipe F Paulino,HOU,2,1,7.11,5,3,0,0,0,0,19.0,22,15,15,5,0,7,11,1.53,.289
Clay C Rapada,DET,0,0,10.13,5,0,0,0,0,0,2.2,3,3,3,2,0,2,4,1.88,.273
B. J. B Ryan,TOR,0,2,12.46,5,0,0,0,3,5,4.1,7,7,6,1,0,4,3,2.54,.333
Ricky R Stone,CIN,0,0,10.13,5,0,0,0,0,0,5.1,7,6,6,4,1,0,3,1.31,.318
Virgil V Vasquez,DET,0,1,8.64,5,3,0,0,0,0,16.2,27,16,16,7,1,5,7,1.92,.360
Yhency Y Brazoban,LAD,0,0,16.20,4,0,0,0,0,0,1.2,3,4,3,0,0,3,5,3.60,.333
Lance L Broadway,CWS,1,1,0.87,4,1,0,0,0,0,10.1,5,2,1,0,0,5,14,0.97,.143
Clay C Buchholz,BOS,3,1,1.59,4,3,1,1,0,0,22.2,14,6,4,0,1,10,22,1.06,.184
Luke L Hochevar,KC,0,1,2.13,4,1,0,0,0,0,12.2,11,4,3,1,3,4,5,1.18,.239
Josh J Johnson,FLA,0,3,7.47,4,4,0,0,0,0,15.2,26,17,13,1,0,12,14,2.43,.388
Randy R Keisler,STL,0,0,5.19,4,3,0,0,0,0,17.1,21,12,10,3,0,5,5,1.50,.309
Bob B Keppel,COL,0,0,11.25,4,0,0,0,0,0,4.0,6,5,5,1,0,3,1,2.25,.353
Mark M Lowe,SEA,0,0,6.75,4,0,0,0,0,0,2.2,2,2,2,1,0,3,3,1.88,.200
Marty M Mc Leary,PIT,0,0,8.22,4,0,0,0,0,1,7.2,9,8,7,4,0,2,5,1.43,.281
Jason J Miller,MIN,0,0,18.00,4,0,0,0,0,0,4.0,7,8,8,2,0,3,2,2.50,.368
Juan J Morillo,COL,0,0,9.82,4,0,0,0,0,0,3.2,3,4,4,1,1,1,3,1.09,.214
Carmen C Pignatiello,CHC,0,0,4.50,4,0,0,0,0,0,2.0,3,1,1,1,0,0,3,1.50,.375
Bret B Prinz,CWS,0,0,8.10,4,0,0,0,0,0,3.1,4,3,3,1,0,2,1,1.80,.286
Elizardo E Ramirez,CIN,0,2,7.71,4,3,0,0,0,0,16.1,20,14,14,5,0,8,8,1.71,.313
Chris C Resop,LAA,0,0,4.15,4,0,0,0,0,0,4.1,4,2,2,1,0,1,2,1.15,.308
Jason J Standridge,KC,0,1,8.22,4,0,0,0,0,0,7.2,11,10,7,2,0,5,6,2.09,.314
Jake J Woods,SEA,0,0,5.91,4,0,0,0,0,0,10.2,9,8,7,1,1,7,4,1.50,.220
Mauro M Zarate,FLA,0,0,10.80,4,0,0,0,0,0,5.0,11,7,6,3,1,1,3,2.40,.393
Josh J Banks,TOR,0,0,7.36,3,1,0,0,0,0,7.1,11,6,6,1,0,2,2,1.77,.344
Colter C Bean,NYY,0,1,12.00,3,0,0,0,0,0,3.0,5,4,4,0,0,5,2,3.33,.357
Jeff J Bennett,ATL,2,1,3.46,3,2,0,0,0,0,13.0,14,5,5,3,0,3,14,1.31,.269
Chris C Booker,WSH,0,1,18.00,3,0,0,0,0,1,1.0,1,2,2,1,0,1,1,2.00,.333
Jim J Brower,NYY,0,0,13.50,3,0,0,0,0,0,3.1,8,7,5,0,1,2,1,3.00,.500
Marcos M Carvajal,FLA,0,0,6.75,3,0,0,0,0,0,4.0,8,4,3,0,0,2,2,2.50,.381
Dennis D Dove,STL,0,0,15.00,3,0,0,0,0,0,3.0,5,5,5,2,0,1,1,2.00,.357
John J Ennis,PHI,0,0,8.22,3,1,0,0,1,1,7.2,12,7,7,1,0,3,8,1.96,.343
Armando A Galarraga,TEX,0,0,6.23,3,1,0,0,0,0,8.2,8,6,6,2,0,7,6,1.73,.250
Marcus M Gwyn,LAA,0,0,11.81,3,0,0,0,1,1,5.1,9,9,7,3,0,5,3,2.63,.360
Devern D Hansack,BOS,0,1,4.70,3,1,0,0,0,0,7.2,9,5,4,2,0,5,5,1.83,.273
Philip P Humber,NYM,0,0,7.71,3,1,0,0,0,0,7.0,9,6,6,1,0,2,2,1.57,.300
Ian I Kennedy,NYY,1,0,1.89,3,3,0,0,0,0,19.0,13,6,4,1,0,9,15,1.16,.191
Dan D Kolb,PIT,0,0,9.00,3,0,0,0,0,0,3.0,6,3,3,1,0,2,2,2.67,.462
Anthony A Lerew,ATL,0,2,7.71,3,3,0,0,0,0,11.2,14,10,10,4,0,7,9,1.80,.298
Wade W Miller,CHC,0,1,10.54,3,3,0,0,0,0,13.2,24,16,16,5,0,6,6,2.20,.381
Mark M Mulder,STL,0,3,12.27,3,3,0,0,0,0,11.0,22,17,15,4,1,7,3,2.64,.440
Troy T Patton,HOU,0,2,3.55,3,2,0,0,0,0,12.2,10,6,5,3,2,4,8,1.11,.213
Jeff J Ridgway,TB,0,0,189.00,3,0,0,0,0,0,0.1,7,7,7,1,1,1,0,24.00,.875
Connor C Robertson,OAK,0,0,18.00,3,0,0,0,0,0,2.0,6,4,4,0,1,2,2,4.00,.545
Brian B Rogers,PIT,0,0,13.50,3,0,0,0,0,0,2.0,3,3,3,2,0,1,1,2.00,.500
Dan D Serafini,COL,0,0,54.00,3,0,0,0,0,0,0.1,0,2,2,0,1,2,0,6.00,.000
Jordan J Tata,DET,1,1,7.71,3,3,0,0,0,0,14.0,16,12,12,1,2,8,8,1.71,.302
Erick E Threets,SF,0,0,19.29,3,0,0,0,0,0,2.1,5,5,5,0,0,3,1,3.43,.417
Jaret J Wright,BAL,0,3,6.97,3,3,0,0,0,0,10.1,12,11,8,1,0,9,7,2.03,.308
Chase C Wright,NYY,2,0,7.20,3,2,0,0,0,0,10.0,12,8,8,5,2,6,8,1.80,.293
Joe J Bisenius,PHI,0,0,0.00,2,0,0,0,0,0,2.0,2,0,0,0,0,2,3,2.00,.286
Travis T Blackley,SF,0,0,7.27,2,2,0,0,0,0,8.2,10,7,7,2,0,5,5,1.73,.294
Randy R Choate,ARI,0,0,-.--,2,0,0,0,0,0,0.0,3,0,0,0,0,0,0,-.--,1.000
Darren D Clarke,COL,0,0,0.00,2,0,0,0,0,0,1.1,2,0,0,0,0,1,1,2.25,.333
David D Davidson,PIT,0,0,22.50,2,0,0,0,0,0,2.0,6,6,5,1,2,2,0,4.00,.462
Travis T Driskill,HOU,0,1,4.50,2,0,0,0,0,0,6.0,10,6,3,1,0,1,4,1.83,.370
Shane S Komine,OAK,0,0,4.70,2,0,0,0,0,0,7.2,6,4,4,2,1,1,1,0.91,.214
John J Koronka,TEX,0,2,7.84,2,2,0,0,0,0,10.1,16,9,9,0,1,5,2,2.03,.372
Carlos C Martinez,FLA,0,0,13.50,2,0,0,0,0,0,2.2,4,4,4,3,0,1,2,1.88,.333
Aaron A Miles,STL,0,0,9.00,2,0,0,0,0,0,2.0,3,2,2,1,1,0,0,1.50,.375
Matt M Miller,CLE,0,0,0.00,2,0,0,0,0,0,1.0,2,0,0,0,0,0,0,2.00,.400
Carlos C Muniz,NYM,0,0,7.71,2,0,0,0,0,0,2.1,1,2,2,0,0,2,2,1.29,.125
Josh J Newman,COL,0,0,4.50,2,0,0,0,0,0,2.0,2,1,1,0,0,0,3,1.00,.250
Carl C Pavano,NYY,1,0,4.76,2,2,0,0,0,0,11.1,12,7,6,1,0,2,4,1.24,.273
Tim T Stauffer,SD,0,1,21.13,2,2,0,0,0,0,7.2,15,18,18,5,1,6,6,2.74,.395
John J Thomson,KC,1,1,3.38,2,2,0,0,0,0,10.2,13,5,4,0,0,3,3,1.50,.317
Lino L Urdaneta,NYM,0,0,9.00,2,0,0,0,0,0,1.0,2,1,1,1,0,0,0,2.00,.400
Jason J Vargas,NYM,0,1,12.19,2,2,0,0,0,0,10.1,17,14,14,4,0,2,4,1.84,.347
Jamie J Vermilyea,TOR,0,0,0.00,2,0,0,0,0,0,6.0,5,0,0,0,0,0,2,0.83,.227
Dave D Williams,NYM,0,1,22.85,2,1,0,0,0,0,4.1,12,11,11,2,0,5,2,3.92,.522
Jon J Adkins,NYM,0,0,0.00,1,0,0,0,0,0,1.0,0,0,0,0,0,0,0,0.00,.000
Kevin K Barry,ATL,0,0,22.50,1,0,0,0,0,0,2.0,6,5,5,0,0,2,4,4.00,.500
Chris C Carpenter,STL,0,1,7.50,1,1,0,0,0,0,6.0,9,5,5,0,1,1,3,1.67,.346
Jeff J Cirillo,ARI,0,0,0.00,1,0,0,0,0,0,1.0,0,0,0,0,0,2,1,2.00,.000
Ross R Detwiler,WSH,0,0,0.00,1,0,0,0,0,0,1.0,0,0,0,0,0,0,1,0.00,.000
Nate N Field,FLA,0,0,27.00,1,0,0,0,0,0,1.0,3,3,3,0,0,1,2,4.00,.500
Anderson A Garcia,PHI,0,0,13.50,1,0,0,0,0,0,0.2,2,1,1,0,0,0,0,3.00,.500
Enrique E Gonzalez,ARI,0,0,13.50,1,0,0,0,0,0,2.0,4,4,3,0,0,1,0,2.50,.400
Lee L Gronkiewicz,TOR,0,0,2.25,1,0,0,0,0,0,4.0,2,1,1,1,0,2,2,1.00,.154
J. A. J Happ,PHI,0,1,11.25,1,1,0,0,0,0,4.0,7,5,5,3,0,2,5,2.25,.368
Tim T Harikkala,COL,0,0,8.10,1,1,0,0,0,0,3.1,9,3,3,0,0,1,2,3.00,.500
Luke L Hudson,KC,0,1,18.00,1,1,0,0,0,0,2.0,2,5,4,1,0,4,0,3.00,.222
Jim J Johnson,BAL,0,0,9.00,1,0,0,0,0,0,2.0,3,2,2,0,0,2,1,2.50,.375
Juan J Lara,CLE,0,0,13.50,1,0,0,0,0,0,1.1,2,2,2,1,0,1,2,2.25,.333
Augie A Ojeda S,ARI,0,0,0.00,1,0,0,0,0,0,1.0,0,0,0,0,0,0,0,0.00,.000
Chan Ho C Park,NYM,0,1,15.75,1,1,0,0,0,0,4.0,6,7,7,2,0,2,4,2.00,.333
Aaron A Rakers,SD,0,0,0.00,1,0,0,0,0,0,1.0,1,0,0,0,0,0,0,1.00,.250
Mike M Schultz,ARI,0,0,0.00,1,0,0,0,0,0,1.0,1,0,0,0,0,0,1,1.00,.333
Zack Z Segovia,PHI,0,1,9.00,1,1,0,0,0,0,5.0,8,5,5,1,0,1,2,1.80,.400
Scott S Spiezio,STL,0,0,0.00,1,0,0,0,0,0,1.0,0,0,0,0,0,1,0,1.00,.000
Ty T Taubenheim,TOR,0,0,9.00,1,1,0,0,0,0,5.0,5,5,5,1,1,4,4,1.80,.278
Josh J Wilson S,TB,0,0,0.00,1,0,0,0,0,0,1.0,1,0,0,0,0,1,0,2.00,.250
Jason J Wood,FLA,0,0,0.00,1,0,0,0,0,0,1.0,0,0,0,0,0,0,0,0.00,.000
