PLAYER,TEAM,AB,R,H,2B,3B,HR,RBI,BB,SO,SB,CS,AVG,OBP,SLG,OPS
Justin J Morneau,MIN,163,623,97,187,47,4,23,129,76,85,0,1,.300,.374,.499,.873
Adrian A González,SD,162,616,103,172,32,1,36,119,74,142,0,0,.279,.361,.510,.871
Ryan R Howard,PHI,162,610,105,153,26,4,48,146,81,199,1,1,.251,.339,.543,.881
Raul R Ibanez L,SEA,162,635,85,186,43,3,23,110,64,110,2,4,.293,.358,.479,.837
Ichiro I Suzuki R,SEA,162,686,103,213,20,7,6,42,51,65,43,4,.310,.361,.386,.747
Carlos C Beltrán Beltran,NYM,161,606,116,172,40,5,27,112,92,96,25,3,.284,.376,.500,.876
Orlando O Cabrera S,CWS,161,661,93,186,33,1,8,57,56,71,19,6,.281,.334,.371,.705
James J Loney,LAD,161,595,66,172,35,6,13,90,45,85,7,4,.289,.338,.434,.772
Miguel M Cabrera,DET,160,616,85,180,36,2,37,127,56,126,1,0,.292,.349,.537,.887
David D Wright,NYM,160,626,115,189,42,2,33,124,94,118,15,5,.302,.390,.534,.924
Chris C Young,ARI,160,625,85,155,42,7,22,85,62,165,14,5,.248,.315,.443,.758
Lance L Berkman,HOU,159,554,114,173,46,4,29,106,99,108,18,4,.312,.420,.567,.986
Robinson R Canó,NYY,159,597,70,162,35,3,14,72,26,65,2,4,.271,.305,.410,.715
Carlos C Delgado,NYM,159,598,96,162,32,1,38,115,72,124,1,1,.271,.353,.518,.871
Prince P Fielder,MIL,159,588,86,162,30,2,34,102,84,134,3,2,.276,.372,.507,.879
Jose J Lopez,SEA,159,644,80,191,41,1,17,89,27,67,6,3,.297,.322,.443,.764
Jose J Reyes S,NYM,159,688,113,204,37,19,16,68,66,82,56,15,.297,.358,.475,.833
Chase C Utley,PHI,159,607,113,177,41,4,33,104,64,104,14,2,.292,.380,.535,.915
Adam A Dunn,ARI,158,517,79,122,23,0,40,100,122,164,2,1,.236,.386,.513,.898
Lyle L Overbay,TOR,158,544,74,147,32,2,15,69,74,116,1,2,.270,.358,.419,.777
Miguel M Tejada S,HOU,158,632,92,179,38,3,13,66,24,72,7,7,.283,.314,.415,.729
Pat P Burrell L,PHI,157,536,74,134,33,3,33,86,102,136,0,0,.250,.367,.507,.875
Corey C Hart R,MIL,157,612,76,164,45,6,20,91,27,109,23,7,.268,.300,.459,.759
Nick N Markakis R,BAL,157,595,106,182,48,1,20,87,99,113,10,7,.306,.406,.491,.897
Dustin D Pedroia,BOS,157,653,118,213,54,2,17,83,50,52,20,1,.326,.376,.493,.869
Hunter H Pence R,HOU,157,595,78,160,34,4,25,83,40,124,11,10,.269,.318,.466,.783
Grady G Sizemore C,CLE,157,634,101,170,39,5,33,90,98,130,38,5,.268,.374,.502,.876
Mark M Teixeira,LAA,157,574,102,177,41,0,33,121,97,93,2,0,.308,.410,.552,.962
Bobby B Abreu R,NYY,156,609,100,180,39,4,20,100,73,109,22,11,.296,.371,.471,.843
Josh J Hamilton C,TEX,156,624,98,190,35,5,32,130,64,126,9,1,.304,.371,.530,.901
Garrett G Atkins,COL,155,611,86,175,32,3,21,99,40,100,1,1,.286,.328,.452,.780
Jason J Bay L,BOS,155,577,111,165,35,4,31,101,81,137,10,0,.286,.373,.522,.895
Jorge J Cantu,FLA,155,628,92,174,41,0,29,95,40,111,6,2,.277,.327,.481,.808
Jeff J Francoeur R,ATL,155,599,70,143,33,3,11,71,39,111,0,1,.239,.294,.359,.653
Matt M Kemp C,LAD,155,606,93,176,38,5,18,76,46,153,35,11,.290,.340,.459,.799
Derrek D Lee,CHC,155,623,93,181,41,3,20,90,71,119,8,2,.291,.361,.462,.823
Russell R Martin,LAD,155,553,87,155,25,0,13,69,90,83,18,6,.280,.385,.396,.781
Alex A Rios R,TOR,155,635,91,185,47,8,15,79,44,112,32,8,.291,.337,.461,.798
Brian B Roberts,BAL,155,611,107,181,51,8,9,57,82,104,40,10,.296,.378,.450,.828
Randy R Winn,SF,155,598,84,183,38,2,10,64,59,88,25,2,.306,.363,.426,.790
Michael M Young S,TEX,155,645,102,183,36,2,12,82,55,109,10,0,.284,.339,.402,.740
Jermaine J Dye R,CWS,154,590,96,172,41,2,34,96,44,104,3,2,.292,.344,.541,.885
Aubrey A Huff D,BAL,154,598,96,182,48,2,32,108,53,89,4,0,.304,.360,.552,.912
Kevin K Kouzmanoff,SD,154,624,71,162,31,4,23,84,23,139,0,0,.260,.299,.433,.732
Jhonny J Peralta S,CLE,154,605,104,167,42,4,23,89,48,126,3,1,.276,.331,.473,.804
Yuniesky Y Betancourt S,SEA,153,559,66,156,36,3,7,51,17,42,4,4,.279,.300,.392,.691
Carlos C Gómez Gomez,MIN,153,577,79,149,24,7,7,59,25,142,33,11,.258,.296,.360,.657
Jose J Guillen R,KC,153,598,66,158,42,1,20,97,23,106,2,1,.264,.300,.438,.738
Hanley H Ramirez S,FLA,153,589,125,177,34,4,33,67,92,122,35,12,.301,.400,.540,.940
Manny M Ramirez L,LAD,153,552,102,183,36,1,37,121,87,124,3,0,.332,.430,.601,1.031
Skip S Schumaker C,STL,153,540,87,163,22,5,8,46,47,60,8,2,.302,.359,.406,.765
Nick N Swisher,CWS,153,497,86,109,21,1,24,69,82,135,3,3,.219,.332,.410,.743
Casey C Blake,LAD,152,536,71,147,36,1,21,81,49,120,3,0,.274,.345,.463,.808
Stephen S Drew,ARI,152,611,91,178,44,11,21,67,41,109,3,3,.291,.333,.502,.836
Akinori A Iwamura,TB,152,627,91,172,30,9,6,48,70,131,8,6,.274,.349,.380,.729
Ryan R Ludwick,STL,152,538,104,161,40,3,37,113,62,146,4,4,.299,.375,.591,.966
Nate N Mc Louth C,PIT,152,597,113,165,46,4,26,94,65,93,23,3,.276,.356,.497,.853
Mark M Reynolds,ARI,152,539,87,129,28,3,28,97,64,204,11,2,.239,.320,.458,.778
Aaron A Rowand C,SF,152,549,57,149,37,0,13,70,44,126,2,4,.271,.339,.410,.749
Delmon D Young L,MIN,152,575,80,167,28,4,10,69,35,105,14,5,.290,.336,.405,.741
Ryan R Braun L,MIL,151,611,92,174,39,7,37,106,42,129,14,4,.285,.335,.553,.888
Troy T Glaus,STL,151,544,69,147,33,1,27,99,87,104,0,1,.270,.372,.483,.856
Jason J Kendall,MIL,151,516,46,127,30,2,2,49,50,45,8,3,.246,.327,.324,.651
Joey J Votto,CIN,151,526,69,156,32,3,24,84,59,102,7,5,.297,.368,.506,.874
Kosuke K Fukudome R,CHC,150,501,79,129,25,3,10,58,81,104,12,4,.257,.359,.379,.738
Derek D Jeter S,NYY,150,596,88,179,25,3,11,69,52,85,11,5,.300,.363,.408,.771
Kelly K Johnson,ATL,150,547,86,157,39,6,12,69,52,113,11,6,.287,.349,.446,.795
Mark M De Rosa,CHC,149,505,103,144,30,3,21,87,69,106,6,0,.285,.376,.481,.857
Aramis A Ramirez,CHC,149,554,97,160,44,1,27,111,74,94,2,2,.289,.380,.518,.898
Mark M Teahen R,KC,149,572,66,146,31,4,15,59,46,131,4,3,.255,.313,.402,.715
Ryan R Theriot S,CHC,149,580,85,178,19,4,1,38,73,58,22,13,.307,.387,.359,.745
Jim J Thome D,CWS,149,503,93,123,28,0,34,90,91,147,1,0,.245,.362,.503,.865
Jack J Cust L,OAK,148,481,77,111,19,0,33,77,111,197,0,0,.231,.375,.476,.851
Xavier X Nady L,NYY,148,555,76,169,37,1,25,97,39,103,2,1,.305,.357,.510,.867
Albert A Pujols,STL,148,524,100,187,44,0,37,116,104,54,7,3,.357,.462,.653,1.114
Luke L Scott,BAL,148,475,67,122,29,2,23,65,53,102,2,2,.257,.336,.472,.807
Kurt K Suzuki,OAK,148,530,54,148,25,1,7,42,44,69,2,3,.279,.346,.370,.716
Brian B Giles R,SD,147,559,81,171,40,4,12,63,87,52,2,2,.306,.398,.456,.854
Edwin E Encarnación,CIN,146,506,75,127,29,1,26,68,61,102,1,0,.251,.340,.466,.807
J. J Hardy S,MIL,146,569,78,161,31,4,24,74,52,98,2,1,.283,.343,.478,.821
Torii T Hunter C,LAA,146,551,85,153,37,2,21,78,50,108,19,5,.278,.344,.466,.810
Joe J Mauer,MIN,146,536,98,176,31,4,9,85,84,50,1,1,.328,.413,.451,.864
Magglio M Ordonez R,DET,146,561,72,178,32,2,21,103,53,76,1,5,.317,.376,.494,.869
Dan D Uggla,FLA,146,531,97,138,37,1,32,92,77,171,5,5,.260,.360,.514,.874
Shane S Victorino C,PHI,146,570,102,167,30,8,14,58,45,69,36,11,.293,.352,.447,.800
Garret G Anderson L,LAA,145,557,66,163,27,3,15,84,29,77,7,4,.293,.325,.433,.758
Bobby B Crosby S,OAK,145,556,66,132,39,1,7,61,47,96,7,3,.237,.296,.349,.645
Jacoby J Ellsbury C,BOS,145,554,98,155,22,7,9,47,41,80,50,11,.280,.336,.394,.729
Jason J Giambi,NYY,145,458,68,113,19,1,32,96,76,111,2,1,.247,.373,.502,.876
Brian B Mc Cann,ATL,145,509,68,153,42,1,23,87,57,64,5,0,.301,.373,.523,.896
Kevin K Millar,BAL,145,531,73,124,25,0,20,72,71,93,0,1,.234,.323,.394,.716
Bengie B Molina,SF,145,530,47,155,33,0,16,95,19,38,0,0,.292,.322,.445,.767
Cody C Ross,FLA,145,461,59,120,29,5,22,73,33,116,6,1,.260,.316,.488,.804
Freddy F Sanchez,PIT,145,569,75,154,26,2,9,52,21,63,0,1,.271,.298,.371,.669
Marco M Scutaro S,TOR,145,517,76,138,23,1,7,60,57,65,7,2,.267,.341,.356,.697
B. J. B Upton C,TB,145,531,85,145,37,2,9,67,97,134,44,16,.273,.383,.401,.784
Kevin K Youkilis,BOS,145,538,91,168,43,4,29,115,62,108,3,5,.312,.390,.569,.958
Gregor G Blanco L,ATL,144,430,52,108,14,4,1,38,74,99,13,5,.251,.366,.309,.676
Conor C Jackson L,ARI,144,540,87,162,31,6,12,75,59,61,10,2,.300,.376,.446,.823
Adrian A Beltré,SEA,143,556,74,148,29,1,25,77,50,90,8,2,.266,.327,.457,.784
Johnny J Damon L,NYY,143,555,95,168,27,5,17,71,64,82,29,8,.303,.375,.461,.836
Ken K Griffey C,CWS,143,490,67,122,30,1,18,71,78,89,0,1,.249,.353,.424,.778
Gabe G Gross R,TB,143,345,46,82,16,3,13,40,50,82,4,2,.238,.336,.414,.750
Vladimir V Guerrero R,LAA,143,541,85,164,31,3,27,91,51,77,5,3,.303,.365,.521,.886
Jack J Hannahan,OAK,143,436,48,95,27,0,9,47,55,131,2,0,.218,.305,.342,.647
Casey C Kotchman,ATL,143,525,65,143,28,1,14,74,36,39,2,1,.272,.328,.410,.738
Felipe F Lopez,STL,143,481,64,136,28,2,6,46,43,82,8,8,.283,.343,.387,.730
Jeremy J Hermida R,FLA,142,502,74,125,22,3,17,61,48,138,6,1,.249,.323,.406,.729
Andre A Ethier R,LAD,141,525,90,160,38,5,20,77,59,88,6,3,.305,.375,.510,.885
Ryan R Garko,CLE,141,495,61,135,21,1,14,90,45,86,0,0,.273,.346,.404,.750
Curtis C Granderson,DET,141,553,112,155,26,13,22,66,71,111,12,4,.280,.365,.494,.858
Mike M Jacobs,FLA,141,477,67,118,27,2,32,93,36,119,1,0,.247,.299,.514,.812
Jason J Kubel D,MIN,141,463,74,126,22,5,20,78,47,91,0,1,.272,.335,.471,.806
Brandon B Phillips,CIN,141,559,80,146,24,7,21,78,39,93,23,10,.261,.312,.442,.754
Placido P Polanco,DET,141,580,90,178,34,3,8,58,35,43,7,1,.307,.350,.417,.768
Geovany G Soto,CHC,141,494,66,141,35,2,23,86,62,121,0,1,.285,.364,.504,.868
Rich R Aurilia,SF,140,407,33,115,21,1,10,52,30,56,1,1,.283,.332,.413,.745
Daric D Barton,OAK,140,446,59,101,17,5,9,47,65,99,2,1,.226,.327,.348,.674
Darin D Erstad L,HOU,140,322,49,89,16,0,4,31,14,68,2,3,.276,.309,.363,.672
Willie W Harris L,WSH,140,367,58,92,14,4,13,43,50,66,13,3,.251,.344,.417,.761
Matt M Holliday L,COL,139,539,107,173,38,2,25,88,74,104,28,2,.321,.409,.538,.947
Carlos C Pena,TB,139,490,76,121,24,2,31,102,96,166,1,1,.247,.377,.494,.871
Michael M Bourn C,HOU,138,467,57,107,10,4,5,29,37,111,41,10,.229,.288,.300,.588
Cristian C Guzman S,WSH,138,579,77,183,35,5,9,55,23,57,6,5,.316,.345,.440,.786
Brad B Hawpe R,COL,138,488,69,138,24,3,25,85,76,134,2,2,.283,.381,.498,.879
Lastings L Milledge C,WSH,138,523,65,140,24,2,14,61,38,96,24,9,.268,.330,.402,.731
Edgar E Renteria S,DET,138,503,69,136,22,2,10,55,37,64,6,3,.270,.317,.382,.699
Alex A Rodriguez,NYY,138,510,104,154,33,0,35,103,65,117,18,3,.302,.392,.573,.965
Jimmy J Rollins S,PHI,137,556,76,154,38,9,11,59,58,55,47,3,.277,.349,.437,.786
Yunel Y Escobar S,ATL,136,514,71,148,24,2,10,60,59,62,2,5,.288,.366,.401,.766
Luis L Gonzalez,FLA,136,341,30,89,26,1,8,47,41,43,1,2,.261,.336,.413,.749
Adam A La Roche,PIT,136,492,66,133,32,3,25,85,54,122,1,1,.270,.341,.500,.841
Alexei A Ramirez,CWS,136,480,65,139,22,2,21,77,18,61,13,9,.290,.317,.475,.792
David D De Jesus L,KC,135,518,70,159,25,7,12,73,46,71,11,8,.307,.366,.452,.818
Cesar C Izturis S,STL,135,414,50,109,10,3,1,24,29,26,24,6,.263,.319,.309,.628
Melvin M Mora,BAL,135,513,77,146,29,2,23,104,37,70,3,7,.285,.342,.483,.826
Corey C Patterson,CIN,135,366,46,75,17,2,10,34,16,57,14,9,.205,.238,.344,.582
Alex A Gordon,KC,134,493,72,128,35,1,16,59,66,120,9,2,.260,.351,.432,.783
Franklin F Gutierrez R,CLE,134,399,54,99,26,2,8,41,27,87,9,3,.248,.307,.383,.691
Aaron A Miles,STL,134,379,49,120,15,2,4,31,23,37,3,3,.317,.355,.398,.753
A. J. A Pierzynski,CWS,134,534,66,150,31,1,13,60,19,71,1,0,.281,.312,.416,.728
Jayson J Werth R,PHI,134,418,73,114,16,3,24,67,57,119,20,1,.273,.363,.498,.861
Endy E Chavez R,NYM,133,270,30,72,10,2,1,12,17,22,6,1,.267,.308,.330,.638
Pedro P Feliz,PHI,133,425,43,106,19,2,14,58,33,54,0,0,.249,.302,.402,.704
Ramon R Hernandez,BAL,133,463,49,119,22,1,15,65,32,62,0,0,.257,.308,.406,.714
Eric E Hinske R,TB,133,381,59,94,21,1,20,60,47,88,10,3,.247,.333,.465,.798
Fred F Lewis L,SF,133,468,81,132,25,11,9,40,51,124,21,7,.282,.351,.440,.791
Willy W Taveras C,COL,133,479,64,120,15,2,1,26,36,79,68,7,.251,.308,.296,.604
Wes W Helms,FLA,132,251,28,61,11,0,5,31,17,65,0,0,.243,.299,.347,.645
Adam A Jones C,BAL,132,477,61,129,21,7,9,57,23,108,10,3,.270,.311,.400,.711
Jason J Varitek,BOS,131,423,37,93,20,0,13,43,52,122,0,1,.220,.313,.359,.672
Brendan B Harris S,MIN,130,434,57,115,29,3,7,49,39,98,1,1,.265,.327,.394,.721
Carlos C Quentin L,CWS,130,480,96,138,26,1,36,100,66,80,7,3,.288,.394,.571,.964
Melky M Cabrera C,NYY,129,414,42,103,12,1,8,37,29,58,9,2,.249,.301,.341,.641
Rickie R Weeks Jr.,MIL,129,475,89,111,22,7,14,46,66,115,19,5,.234,.342,.398,.740
Jason J Bartlett S,TB,128,454,48,130,25,3,1,37,22,69,20,6,.286,.329,.361,.690
Jose J Bautista,TOR,128,370,45,88,17,0,15,54,40,91,1,1,.238,.313,.405,.718
Greg G Dobbs,PHI,128,226,30,68,14,1,9,40,11,40,3,1,.301,.333,.491,.824
Ray R Durham,MIL,128,370,64,107,35,0,6,45,53,72,8,4,.289,.380,.432,.813
Bill B Hall,MIL,128,404,50,91,22,1,15,55,37,124,5,6,.225,.293,.396,.689
Chipper C Jones,ATL,128,439,82,160,24,1,22,75,90,61,4,0,.364,.470,.574,1.044
Jose J Castillo,HOU,127,426,46,105,29,4,6,37,27,81,2,2,.246,.292,.376,.668
Gary G Matthews R,LAA,127,426,53,103,19,3,8,46,45,95,8,3,.242,.319,.357,.676
Jay J Payton L,BAL,127,338,41,82,10,2,7,41,22,53,8,1,.243,.291,.346,.637
Milton M Bradley D,TEX,126,414,78,133,32,1,22,77,80,112,5,3,.321,.436,.563,.999
Alfredo A Amezaga C,FLA,125,311,41,82,13,5,3,32,19,47,8,2,.264,.312,.367,.679
Doug D Mientkiewicz,PIT,125,285,37,79,19,2,2,30,44,28,0,0,.277,.374,.379,.753
Billy B Butler D,KC,124,443,44,122,22,0,11,55,33,57,0,1,.275,.324,.400,.724
Yadier Y Molina,STL,124,444,37,135,18,0,7,56,32,29,0,2,.304,.349,.392,.740
Jason J Michaels,PIT,123,286,28,64,13,1,8,53,27,65,2,1,.224,.292,.360,.652
Marlon M Byrd C,TEX,122,403,70,120,28,4,10,53,46,62,7,2,.298,.380,.462,.842
Ross R Gload,KC,122,388,46,106,18,1,3,37,23,39,3,4,.273,.317,.348,.664
Paul P Konerko,CWS,122,438,59,105,19,1,22,62,65,80,2,0,.240,.344,.438,.783
Evan E Longoria,TB,122,448,67,122,31,2,27,85,46,122,7,0,.272,.343,.531,.874
Ben B Francisco L,CLE,121,447,65,119,32,0,15,54,40,86,4,3,.266,.332,.438,.770
Jeff J Kent,LAD,121,440,42,123,23,1,12,59,25,52,0,1,.280,.327,.418,.745
Jeff J Keppinger S,CIN,121,459,45,122,24,2,3,43,30,24,3,1,.266,.310,.346,.657
Ian I Kinsler,TEX,121,518,102,165,41,4,18,71,45,67,26,2,.319,.375,.517,.892
Matt M Stairs,PHI,121,337,46,85,12,1,13,49,42,90,1,1,.252,.341,.409,.751
Rick R Ankiel C,STL,120,413,65,109,21,2,25,71,42,100,2,1,.264,.337,.506,.843
Eric E Bruntlett S,PHI,120,212,37,46,9,1,2,15,21,35,9,2,.217,.297,.297,.594
Mike M Cameron C,MIL,120,444,69,108,25,2,25,70,54,142,17,5,.243,.331,.477,.809
Dioner D Navarro,TB,120,427,43,126,27,0,7,54,34,49,0,4,.295,.349,.407,.756
Mike M Fontenot,CHC,119,243,42,74,22,1,9,40,34,51,2,0,.305,.395,.514,.909
Juan J Pierre L,LAD,119,375,44,106,10,2,1,28,22,24,40,12,.283,.327,.328,.655
Coco C Crisp,BOS,118,361,55,102,18,3,7,41,35,59,20,7,.283,.344,.407,.751
Emil E Brown L,OAK,117,402,48,98,14,2,13,59,27,65,4,2,.244,.297,.386,.682
Blake B De Witt,LAD,117,368,45,97,13,2,9,52,45,68,3,0,.264,.344,.383,.728
Mark M Ellis,OAK,117,442,55,103,20,3,12,41,53,65,14,2,.233,.321,.373,.694
Greg G Norton,ATL,117,187,29,49,12,0,7,35,33,44,0,0,.262,.373,.439,.811
Carlos C Ruiz,PHI,117,320,47,70,14,0,4,31,44,38,1,2,.219,.320,.300,.620
Ryan R Doumit,PIT,116,431,71,137,34,0,15,69,23,55,2,2,.318,.357,.501,.858
Chone C Figgins,LAA,116,453,72,125,14,1,1,22,62,80,34,13,.276,.367,.318,.685
Geoff G Jenkins R,PHI,115,293,27,72,16,0,9,29,24,68,1,1,.246,.301,.392,.694
Adam A Kennedy,STL,115,339,42,95,17,4,2,36,21,43,7,1,.280,.321,.372,.692
Carlos C Lee L,HOU,115,436,61,137,27,0,28,100,37,49,4,1,.314,.368,.569,.937
Ivan I Rodriguez,NYY,115,398,44,110,20,3,7,35,23,67,10,1,.276,.319,.394,.714
Scott S Rolen,TOR,115,408,58,107,30,3,11,50,46,71,5,0,.262,.349,.431,.780
Chris C Snyder,ARI,115,334,47,79,22,1,16,64,56,101,0,0,.237,.348,.452,.800
Ryan R Sweeney,OAK,115,384,53,110,18,2,5,45,38,67,9,1,.286,.350,.383,.733
Geoff G Blum,HOU,114,325,36,78,14,1,14,53,21,54,1,2,.240,.287,.418,.705
Asdrubal A Cabrera,CLE,114,352,48,91,20,0,6,47,46,77,4,4,.259,.346,.366,.713
Gary G Sheffield D,DET,114,418,52,94,16,0,19,57,58,83,9,2,.225,.326,.400,.725
Jamey J Carroll,CLE,113,347,60,96,13,4,1,36,34,65,7,3,.277,.355,.346,.700
Rajai R Davis C,OAK,113,214,30,52,5,4,3,19,8,40,29,6,.243,.272,.346,.618
David D Dellucci L,CLE,113,336,41,80,19,2,11,47,24,76,3,2,.238,.307,.405,.711
Damion D Easley,NYM,113,316,33,85,10,2,6,44,19,38,0,0,.269,.322,.370,.692
Carlos C Guillen,DET,113,420,68,120,29,2,10,54,60,67,9,3,.286,.376,.436,.812
Brandon B Inge,DET,113,347,41,71,16,4,11,51,43,94,4,3,.205,.303,.369,.672
Mike M Lowell,BOS,113,419,58,115,27,0,17,73,38,61,2,2,.274,.338,.461,.798
Scott S Hairston C,SD,112,326,42,81,18,3,17,31,28,84,3,1,.248,.312,.479,.790
Kenji K Johjima,SEA,112,379,29,86,19,0,7,39,19,33,2,0,.227,.277,.332,.609
Kelly K Shoppach,CLE,112,352,67,92,27,0,21,55,36,133,0,0,.261,.348,.517,.864
John J Bowker,SF,111,326,31,83,14,3,10,43,19,74,1,1,.255,.300,.408,.708
Jim J Edmonds C,CHC,111,340,53,80,19,2,20,55,55,82,2,2,.235,.343,.479,.822
Edgar E Gonzalez,SD,111,325,38,89,15,0,7,33,25,76,1,3,.274,.329,.385,.713
Ty T Wigginton,HOU,111,386,50,110,22,1,23,58,32,69,4,6,.285,.350,.526,.876
Craig C Counsell,MIL,110,248,31,56,14,1,1,14,46,42,3,1,.226,.355,.302,.658
Mark M Kotsay R,BOS,110,402,45,111,25,4,6,49,32,45,2,4,.276,.329,.403,.732
Brian B Schneider,NYM,110,335,30,86,10,0,9,38,42,53,0,0,.257,.339,.367,.707
Juan J Uribe,CWS,110,324,38,80,22,1,7,40,22,64,1,3,.247,.296,.386,.682
Brian B Anderson C,CWS,109,181,24,42,13,0,8,26,10,45,5,1,.232,.272,.436,.709
John J Buck,KC,109,370,48,83,23,1,9,48,38,96,0,3,.224,.304,.365,.669
Carl C Crawford L,TB,109,443,69,121,12,10,8,57,30,60,25,7,.273,.319,.400,.718
J. D. J Drew R,BOS,109,368,79,103,23,4,19,64,79,80,4,1,.280,.408,.519,.927
Joe J Inglett,TOR,109,344,45,102,15,7,3,39,28,43,9,2,.297,.355,.407,.762
Reed R Johnson C,CHC,109,333,52,101,21,0,6,50,19,68,5,6,.303,.358,.420,.778
David D Ortiz,BOS,109,416,74,110,30,1,23,89,70,74,1,0,.264,.369,.507,.877
Alfonso A Soriano L,CHC,109,453,76,127,27,0,29,75,43,103,19,3,.280,.344,.532,.876
Jay J Bruce R,CIN,108,413,63,105,17,1,21,52,33,110,4,6,.254,.314,.453,.767
Miguel M Cairo,SEA,108,221,34,55,14,2,0,23,18,32,5,2,.249,.316,.330,.646
Tony T Clark,ARI,108,151,12,34,5,0,3,24,31,55,0,0,.225,.359,.318,.677
David D Murphy R,TEX,108,415,64,114,28,3,15,74,31,70,7,2,.275,.321,.465,.786
Justin J Upton R,ARI,108,356,52,89,19,6,15,42,54,121,1,4,.250,.353,.463,.816
Vernon V Wells C,TOR,108,427,63,128,22,1,20,78,29,46,4,2,.300,.343,.496,.840
Clint C Barmes,COL,107,393,47,114,25,6,11,44,17,69,13,4,.290,.322,.468,.790
Orlando O Hudson,ARI,107,407,54,124,29,3,8,41,40,62,4,1,.305,.367,.450,.817
Ryan R Zimmerman,WSH,106,428,51,121,24,1,14,51,31,71,1,1,.283,.333,.442,.774
Joey J Gathright C,KC,105,279,41,71,3,1,0,22,20,40,21,4,.254,.311,.272,.584
Khalil K Greene S,SD,105,389,30,83,15,2,10,35,22,100,5,1,.213,.260,.339,.599
Augie A Ojeda,ARI,105,231,27,56,9,2,0,17,26,24,0,0,.242,.343,.299,.642
Ramon R Vázquez,TEX,105,300,44,87,18,3,6,40,38,66,0,1,.290,.365,.430,.796
Jeff J Baker,COL,104,299,55,80,22,1,12,48,26,85,4,0,.268,.322,.468,.790
Rod R Barajas,TOR,104,349,44,87,23,0,11,49,17,61,0,0,.249,.294,.410,.704
Aaron A Boone,WSH,104,232,23,56,13,1,6,28,18,52,0,1,.241,.299,.384,.683
Chris C Iannetta,COL,104,333,50,88,22,2,18,65,56,92,0,0,.264,.390,.505,.895
Brad B Wilkerson R,TOR,104,264,21,58,12,2,4,28,35,68,3,5,.220,.308,.326,.634
Marcus M Thames L,DET,103,316,50,76,12,0,25,56,24,95,0,3,.241,.292,.516,.808
Mike M Aviles S,KC,102,419,68,136,27,4,10,51,18,58,8,3,.325,.354,.480,.834
Josh J Willingham L,FLA,102,351,54,89,21,5,15,51,48,82,3,2,.254,.364,.470,.834
Brandon B Boggs L,TEX,101,283,30,64,17,4,8,41,44,93,3,2,.226,.333,.399,.733
Mark M Loretta,HOU,101,261,27,73,15,0,4,38,29,30,0,0,.280,.350,.383,.733
Troy T Tulowitzki S,COL,101,377,48,99,24,2,8,46,38,56,1,6,.263,.332,.401,.732
Jody J Gerut C,SD,100,328,46,97,15,4,14,43,28,52,6,4,.296,.351,.494,.845
Jose J Molina,NYY,100,268,32,58,17,0,3,18,12,52,0,0,.216,.263,.313,.576
Paul P Bako,CIN,99,299,30,65,11,2,6,35,34,90,0,2,.217,.299,.328,.626
Ronny R Cedeno,CHC,99,216,36,58,12,0,2,28,18,41,4,1,.269,.328,.352,.680
Nick N Punto S,MIN,99,338,43,96,19,4,2,28,32,57,15,6,.284,.344,.382,.726
Erick E Aybar S,LAA,98,346,53,96,18,5,3,39,14,45,7,2,.277,.314,.384,.699
Alexi A Casilla,MIN,98,385,58,108,15,0,7,50,31,45,7,2,.281,.333,.374,.707
Chris C Coste,PHI,98,274,28,72,17,0,9,36,16,51,0,1,.263,.325,.423,.748
Mark M Sweeney,LAD,98,92,2,12,3,0,0,5,15,28,0,0,.130,.250,.163,.413
Eugenio E Velez,SF,98,275,32,72,16,7,1,30,14,40,15,6,.262,.299,.382,.681
Joe J Crede,CWS,97,335,41,83,18,1,17,55,30,45,0,3,.248,.314,.460,.773
Jeremy J Reed C,SEA,97,286,30,77,18,1,2,31,18,38,2,3,.269,.314,.360,.674
Ronnie R Belliard,WSH,96,296,37,85,22,0,11,46,37,58,3,2,.287,.372,.473,.845
Omar O Infante L,ATL,96,317,45,93,24,3,3,40,22,44,0,1,.293,.338,.416,.755
Gabe G Kapler C,MIL,96,229,36,69,17,2,8,38,13,39,3,1,.301,.340,.498,.838
Kazuo K Matsui,HOU,96,375,58,110,26,3,6,33,37,53,20,5,.293,.354,.427,.781
Richie R Sexson,NYY,96,280,29,62,9,0,12,36,43,86,1,0,.221,.321,.382,.703
Willy W Aybar,TB,95,324,33,82,17,2,10,33,32,44,2,2,.253,.327,.410,.737
Emmanuel E Burriss S,SF,95,240,36,68,6,1,1,18,23,24,13,5,.283,.357,.329,.686
Gerald G Laird,TEX,95,344,54,95,24,0,6,41,23,63,2,4,.276,.329,.398,.727
Tony T Pena S,KC,95,225,22,38,4,1,1,14,6,49,3,1,.169,.189,.209,.398
Shin- Soo S Choo R,CLE,94,317,68,98,28,3,14,66,44,78,4,3,.309,.397,.549,.946
David D Eckstein,ARI,94,324,32,86,21,0,2,27,31,32,2,1,.265,.343,.349,.692
Jeff J Mathis,LAA,94,283,35,55,8,0,9,42,30,90,2,2,.194,.275,.318,.593
Javier J Valentin,CIN,94,129,10,33,8,0,4,18,14,27,0,0,.256,.326,.411,.737
Hideki H Matsui D,NYY,93,337,43,99,17,0,9,45,38,47,0,0,.294,.370,.424,.795
Scott S Podsednik,COL,93,162,22,41,8,1,1,15,16,28,12,4,.253,.322,.333,.656
Denard D Span R,MIN,93,347,70,102,16,7,6,47,50,60,18,7,.294,.387,.432,.819
Matt M Joyce L,DET,92,242,40,61,16,3,12,33,31,65,0,2,.252,.339,.492,.831
Howie H Kendrick,LAA,92,340,43,104,26,2,3,37,12,58,11,4,.306,.333,.421,.754
Mike M Lamb,MIL,92,247,22,58,12,3,1,32,17,33,0,1,.235,.276,.320,.596
Ryan R Raburn L,DET,92,182,26,43,10,1,4,20,16,49,3,1,.236,.298,.368,.666
Fernando F Tatis L,NYM,92,273,33,81,16,1,11,47,29,59,3,0,.297,.369,.484,.853
Omar O Vizquel S,SF,92,266,24,59,10,1,0,23,24,29,5,4,.222,.283,.267,.550
Chase C Headley L,SD,91,331,34,89,19,2,9,38,30,104,4,1,.269,.337,.420,.757
Ryan R Church,NYM,90,319,54,88,14,1,12,49,33,83,2,3,.276,.346,.439,.785
Jesus J Flores,WSH,90,301,23,77,18,1,8,59,15,78,0,1,.256,.296,.402,.698
Chris C Gomez,PIT,90,183,26,50,8,0,1,20,13,30,0,0,.273,.322,.333,.655
Jeff J Salazar,ARI,90,128,17,27,5,3,2,12,21,41,0,2,.211,.331,.344,.675
Esteban E German L,KC,89,216,30,53,14,3,0,22,18,42,7,3,.245,.303,.338,.640
Juan J Rivera L,LAA,89,256,31,63,13,0,12,45,16,33,1,1,.246,.282,.438,.720
Ryan R Spilborghs,COL,89,233,38,73,14,2,6,36,38,41,7,4,.313,.407,.468,.875
Daryle D Ward,CHC,89,102,8,22,7,0,4,17,16,24,0,0,.216,.319,.402,.721
Frank F Catalanotto,TEX,88,248,28,68,23,1,2,21,20,29,1,1,.274,.342,.399,.741
Ruben R Gotay,ATL,88,102,10,24,5,0,2,8,13,32,1,1,.235,.322,.343,.665
Adam A Lind L,TOR,88,326,48,92,16,4,9,40,16,59,2,0,.282,.316,.439,.755
So S Taguchi L,PHI,88,91,18,20,5,1,0,9,8,14,3,0,.220,.283,.297,.580
Chad C Tracy,ARI,88,273,25,73,16,0,8,39,16,49,0,0,.267,.308,.414,.722
Marlon M Anderson,NYM,87,138,16,29,6,0,1,10,9,27,2,1,.210,.255,.275,.530
Wilson W Betemit,NYY,87,189,24,50,13,0,6,25,6,56,0,1,.265,.289,.429,.718
Luis L Castillo,NYM,87,298,46,73,7,1,3,28,50,35,17,2,.245,.355,.305,.660
Jack J Wilson S,PIT,87,305,24,83,18,1,1,22,13,27,2,2,.272,.312,.348,.659
Chris C Burke,ARI,86,165,20,32,5,1,2,12,27,33,5,0,.194,.310,.273,.582
Mark M Grudzielanek,KC,86,331,36,99,24,0,3,24,19,41,2,1,.299,.345,.399,.743
Austin A Kearns R,WSH,86,313,40,68,10,0,7,32,35,63,2,2,.217,.311,.316,.627
Gregg G Zaun,TOR,86,245,29,58,12,0,6,30,38,38,2,1,.237,.340,.359,.700
Carlos C González Gonzalez,OAK,85,302,31,73,22,1,4,26,13,81,4,1,.242,.273,.361,.634
Tadahito T Iguchi,PHI,85,310,29,72,15,1,2,24,26,75,8,1,.232,.292,.306,.598
Jose J Vidro D,SEA,85,308,28,72,11,0,7,45,18,36,2,1,.234,.274,.338,.612
Angel A Berroa S,LAD,84,226,26,52,13,1,1,16,20,41,0,0,.230,.304,.310,.614
Pedro P Feliciano,NYM,84,0,0,0,0,0,0,0,0,0,0,0,.000,.000,.000,.000
John J Mc Donald S,TOR,84,186,21,39,8,0,1,18,10,25,3,1,.210,.255,.269,.524
Miguel M Olivo,KC,84,306,29,78,22,0,12,41,7,82,7,0,.255,.278,.444,.722
Todd T Helton,COL,83,299,39,79,16,0,7,29,61,50,0,0,.264,.391,.388,.778
Delwyn D Young,LAD,83,126,10,31,9,0,1,7,14,34,0,0,.246,.321,.341,.663
Brian B Barton,STL,82,153,23,41,9,2,2,13,19,39,3,1,.268,.354,.392,.746
Julio J Lugo S,BOS,82,261,27,70,13,0,1,22,34,51,12,4,.268,.355,.330,.685
Reggie R Willits L,LAA,82,108,21,21,4,0,0,7,21,26,2,1,.194,.321,.231,.552
Brad B Ausmus,HOU,81,216,15,47,8,0,3,24,25,41,0,2,.218,.303,.296,.600
Elijah E Dukes R,WSH,81,276,48,73,16,2,13,44,50,79,13,4,.264,.386,.478,.864
Jed J Lowrie S,BOS,81,260,34,67,25,3,2,46,35,68,1,0,.258,.339,.400,.739
Omar O Quintanilla,COL,81,210,28,50,17,0,2,15,15,46,0,0,.238,.288,.348,.635
Ian I Stewart,COL,81,266,33,69,18,2,10,41,30,94,1,1,.259,.349,.455,.804
Chris C Davis,TEX,80,295,51,84,23,2,17,55,20,88,1,2,.285,.331,.549,.880
Cliff C Floyd D,TB,80,246,32,66,13,0,11,39,28,58,1,0,.268,.349,.455,.804
Jerry J Hairston S,CIN,80,261,47,85,20,2,6,36,23,36,15,3,.326,.384,.487,.871
Andy A Marte,CLE,80,235,21,52,11,1,3,17,14,52,1,2,.221,.268,.315,.583
Will W Ohman,ATL,80,0,0,0,0,0,0,0,1,0,0,0,.000,1.000,.000,1.000
Brendan B Ryan S,STL,80,197,30,48,9,0,0,10,16,31,7,2,.244,.307,.289,.596
Joe J Smith,NYM,80,1,0,0,0,0,0,0,0,1,0,0,.000,.000,.000,.000
Luis L Ayala,NYM,79,1,0,0,0,0,0,0,0,0,0,0,.000,.000,.000,.000
Maicer M Izturis S,LAA,79,290,44,78,14,2,3,37,26,27,11,2,.269,.329,.362,.691
Brandon B Moss L,PIT,79,236,19,58,15,3,8,34,21,70,1,2,.246,.304,.436,.741
Luis L Rivas S,PIT,79,206,25,45,6,2,3,20,13,27,3,2,.218,.267,.311,.578
Carlos C Marmol,CHC,78,1,0,0,0,0,0,0,0,1,0,0,.000,.000,.000,.000
Mike M Napoli,LAA,78,227,39,62,9,1,20,49,35,70,7,3,.273,.374,.586,.960
Martin M Prado,ATL,78,228,36,73,18,4,2,33,21,29,3,1,.320,.377,.461,.838
Alex A Romero R,ARI,78,135,13,31,8,2,1,12,3,20,4,0,.230,.250,.341,.591
Jonny J Gomes D,TB,77,154,23,28,5,1,8,21,15,46,8,1,.182,.282,.383,.666
J. C. J Romero,PHI,77,0,0,0,0,0,0,0,0,0,0,0,.000,.000,.000,.000
Chris C Duncan L,STL,76,222,26,55,8,0,6,27,34,52,2,1,.248,.346,.365,.711
Andy A La Roche,PIT,76,223,17,37,5,0,5,18,24,37,2,0,.166,.252,.256,.508
Alex A Cora S,BOS,75,152,14,41,8,2,0,9,16,13,1,1,.270,.371,.349,.720
Aaron A Heilman,NYM,75,1,0,0,0,0,0,0,0,0,0,0,.000,.000,.000,.000
Andruw A Jones C,LAD,75,209,21,33,8,1,3,14,27,76,0,1,.158,.256,.249,.505
Chad C Qualls,ARI,75,2,0,0,0,0,0,0,0,1,0,0,.000,.000,.000,.000
Alberto A Callaspo,KC,74,213,21,65,8,3,0,16,19,14,2,1,.305,.361,.371,.731
Manny M Corpas,COL,74,1,0,0,0,0,0,0,0,0,0,0,.000,.000,.000,.000
Ryan R Langerhans,WSH,73,111,17,26,5,2,3,12,25,31,2,0,.234,.380,.396,.776
Ryan R Madson,PHI,73,2,0,0,0,0,0,0,0,2,0,0,.000,.000,.000,.000
Victor V Martinez,CLE,73,266,30,74,17,0,2,35,24,32,0,0,.278,.337,.365,.701
Blaine B Boyer,ATL,72,2,0,0,0,0,0,0,0,1,0,0,.000,.000,.000,.000
Saul S Rivera,WSH,72,1,0,0,0,0,0,0,0,0,0,0,.000,.000,.000,.000
Ron R Villone,STL,72,1,0,0,0,0,0,0,0,1,0,0,.000,.000,.000,.000
Wladimir W Balentien R,SEA,71,243,23,49,13,0,7,24,16,79,0,1,.202,.250,.342,.592
Willie W Bloomquist C,SEA,71,165,32,46,1,0,0,9,25,29,14,3,.279,.377,.285,.662
Michael M Cuddyer R,MIN,71,249,30,62,13,4,3,36,25,40,5,1,.249,.330,.369,.699
John J Grabow,PIT,71,1,0,0,0,0,0,0,0,0,0,0,.000,.000,.000,.000
Brad B Lidge,PHI,71,0,0,0,0,0,0,0,0,0,0,0,.000,.000,.000,.000
Scott S Schoeneweis,NYM,71,1,0,0,0,0,0,0,0,0,0,0,.000,.000,.000,.000
Frank F Thomas D,OAK,71,246,27,59,7,1,8,30,39,57,0,0,.240,.349,.374,.724
Heath H Bell,SD,70,0,0,0,0,0,0,0,0,0,0,0,.000,.000,.000,.000
Jonathan J Broxton,LAD,70,2,0,0,0,0,0,0,1,0,0,0,.000,.333,.000,.333
Brian B Buscher,MIN,70,218,29,64,9,0,4,47,19,42,0,2,.294,.340,.390,.730
Ryan R Franklin,STL,70,0,0,0,0,0,0,0,0,0,0,0,.000,.000,.000,.000
Miguel M Montero,ARI,70,184,24,47,16,1,5,18,19,49,0,0,.255,.330,.435,.765
Ramon R Pena,ARI,70,0,0,0,0,0,0,0,0,0,0,0,.000,.000,.000,.000
Jon J Rauch,ARI,70,1,0,0,0,0,0,0,0,1,0,0,.000,.000,.000,.000
Yorvit Y Torrealba,COL,70,236,19,58,17,0,6,31,12,44,0,4,.246,.293,.394,.687
Tyler T Yates,PIT,70,0,0,0,0,0,0,0,0,0,0,0,.000,.000,.000,.000
Joe J Beimel,LAD,69,0,0,0,0,0,0,0,0,0,0,0,.000,.000,.000,.000
Sean S Casey,BOS,69,199,14,64,14,0,0,17,17,25,1,0,.322,.381,.392,.773
Francisco F Cordero,CIN,69,1,0,0,0,0,0,0,0,0,0,0,.000,.000,.000,.000
Chad C Durbin,PHI,69,9,0,1,0,0,0,0,0,3,0,0,.111,.111,.111,.222
Kevin K Gregg,FLA,69,1,0,0,0,0,0,0,0,1,0,0,.000,.000,.000,.000
Bob B Howry,CHC,69,1,0,0,0,0,0,0,0,1,0,0,.000,.000,.000,.000
Salomon S Torres,MIL,69,1,0,0,0,0,0,0,0,0,0,0,.000,.000,.000,.000
Jose J Valverde,HOU,69,1,0,0,0,0,0,0,0,1,0,0,.000,.000,.000,.000
Jeremy J Affeldt,CIN,68,1,0,0,0,0,0,0,0,0,0,0,.000,.000,.000,.000
Jeff J Bennett,ATL,68,9,0,2,1,0,0,1,2,2,0,0,.222,.364,.333,.697
Wil W Nieves,WSH,68,176,15,46,9,1,1,20,13,29,0,1,.261,.309,.341,.650
Pablo P Ozuna,LAD,68,96,11,25,3,1,1,9,3,8,1,3,.260,.290,.344,.634
Robb R Quinlan,LAA,68,164,15,43,1,2,1,11,14,28,4,2,.262,.326,.311,.637
Wesley W Wright,HOU,68,0,0,0,0,0,0,0,0,0,0,0,.000,.000,.000,.000
Paul P Lo Duca,FLA,67,173,16,42,9,0,0,15,15,11,1,0,.243,.321,.295,.616
Cla C Meredith,SD,67,1,0,0,0,0,0,0,0,1,0,0,.000,.000,.000,.000
Seth S Smith,COL,67,108,13,28,7,0,4,15,15,23,1,0,.259,.350,.435,.785
David D Weathers,CIN,67,0,0,0,0,0,0,0,0,0,0,0,.000,.000,.000,.000
Kory K Casto,WSH,66,163,15,35,10,0,2,16,19,36,1,0,.215,.297,.313,.610
Jeff J Clement,SEA,66,203,17,46,10,1,5,23,15,63,0,1,.227,.295,.360,.654
Paul P Mc Anulty L,SD,66,135,9,28,7,1,3,13,26,41,0,0,.207,.341,.341,.682
Hank H Blalock,TEX,65,258,37,74,19,1,12,38,19,40,1,0,.287,.338,.508,.846
Doug D Brocail,HOU,65,0,0,0,0,0,0,0,0,0,0,0,.000,.000,.000,.000
Joel J Hanrahan,WSH,65,2,0,0,0,0,0,0,0,0,0,0,.000,.000,.000,.000
Chin- Lung C Hu S,LAD,65,116,16,21,2,2,0,9,11,23,2,0,.181,.252,.233,.485
Matt M Lindstrom,FLA,65,0,0,0,0,0,0,0,0,0,0,0,.000,.000,.000,.000
Brian B Shouse,MIL,65,0,0,0,0,0,0,0,0,0,0,0,.000,.000,.000,.000
Matt M Treanor,FLA,65,206,18,49,7,0,2,23,18,53,1,0,.238,.306,.301,.607
David D Newhan,HOU,64,104,11,27,5,2,2,12,6,28,1,0,.260,.297,.404,.701
Wily Mo W Peña Pena L,WSH,64,195,10,40,6,0,2,10,10,48,0,1,.205,.243,.267,.509
Luis Antonio L Rodriguez S,SD,64,202,22,58,11,1,0,12,13,13,1,1,.287,.326,.351,.677
Duaner D Sanchez,NYM,64,0,0,0,0,0,0,0,0,0,0,0,.000,.000,.000,.000
Russ R Springer,STL,64,0,0,0,0,0,0,0,0,0,0,0,.000,.000,.000,.000
Kerry K Wood,CHC,64,0,0,0,0,0,0,0,0,0,0,0,.000,.000,.000,.000
Brian B Fuentes,COL,63,0,0,0,0,0,0,0,0,0,0,0,.000,.000,.000,.000
Kyle K Mc Clellan,STL,62,5,0,0,0,0,0,0,0,4,0,0,.000,.000,.000,.000
Renyel R Pinto,FLA,62,1,0,0,0,0,0,0,1,1,0,0,.000,.500,.000,.500
Jack J Taschner,SF,62,0,0,0,0,0,0,0,0,0,0,0,.000,.000,.000,.000
Ben B Zobrist S,TB,62,198,32,50,10,2,12,30,25,37,3,0,.253,.339,.505,.844
John J Baker,FLA,61,197,32,59,14,0,5,32,30,48,0,0,.299,.392,.447,.839
Kevin K Cash,BOS,61,142,11,32,7,0,3,15,18,50,0,0,.225,.309,.338,.647
Juan J Castro S,BAL,61,161,16,31,6,0,2,16,11,26,0,0,.193,.246,.267,.513
Alex A Cintron S,BAL,61,133,12,38,5,1,1,10,7,15,0,2,.286,.321,.361,.682
Jason J La Rue,STL,61,164,17,35,8,1,4,21,15,20,0,0,.213,.296,.348,.643
Mike M Lincoln,CIN,61,2,0,0,0,0,0,0,0,0,0,0,.000,.000,.000,.000
Jarrod J Saltalamacchia,TEX,61,198,27,50,13,0,3,26,31,74,0,2,.253,.352,.364,.716
Tyler T Walker,SF,61,0,0,0,0,0,0,0,0,0,0,0,.000,.000,.000,.000
Brian B Wilson,SF,61,0,0,0,0,0,0,0,0,0,0,0,.000,.000,.000,.000
German G Duran,TEX,60,143,22,33,6,1,3,16,7,32,1,1,.231,.275,.350,.624
Nick N Hundley,SD,60,198,21,47,7,1,5,24,11,52,0,0,.237,.278,.359,.636
Brandon B Lyon,ARI,60,0,0,0,0,0,0,0,0,0,0,0,.000,.000,.000,.000
David D Ross,BOS,60,142,18,32,9,0,3,13,32,39,0,1,.225,.369,.352,.721
Taylor T Buchholz,COL,59,0,0,0,0,0,0,1,1,0,0,0,.000,1.000,.000,1.000
Humberto H Quintero,HOU,59,168,16,38,6,0,2,12,6,34,0,0,.226,.270,.298,.567
Sean S Rodríguez,LAA,59,167,18,34,8,1,3,10,14,55,3,1,.204,.276,.317,.593
Henry H Blanco,CHC,58,120,15,35,3,0,3,12,6,22,0,0,.292,.325,.392,.717
Bill B Bray,CIN,58,0,0,0,0,0,0,0,0,0,0,0,.000,.000,.000,.000
Jesus J Colome,WSH,58,0,0,0,0,0,0,0,0,0,0,0,.000,.000,.000,.000
Brandon B Fahey S,BAL,58,106,8,24,9,2,0,12,3,25,0,0,.226,.252,.349,.601
Craig C Monroe D,MIN,58,163,22,33,9,0,8,29,16,48,0,1,.202,.274,.405,.679
Nyjer N Morgan L,PIT,58,160,26,47,13,0,0,7,10,32,9,5,.294,.345,.375,.720
Ramon R Santiago S,DET,58,124,30,35,6,2,4,18,22,17,1,0,.282,.411,.460,.870
Josh J Bard,SD,57,178,11,36,9,0,1,16,18,25,0,0,.202,.279,.270,.549
Travis T Hafner D,CLE,57,198,21,39,10,0,5,24,27,55,1,1,.197,.305,.323,.628
Guillermo G Mota,MIL,57,0,0,0,0,0,0,0,0,0,0,0,.000,.000,.000,.000
Dewayne D Wise L,CWS,57,129,20,32,4,2,6,18,8,32,9,0,.248,.293,.450,.742
Keiichi K Yabu,SF,57,1,1,0,0,0,0,0,1,0,0,0,.000,.500,.000,.500
Tim T Byrdak,HOU,56,6,0,1,0,0,0,0,0,2,0,0,.167,.167,.167,.333
Joe J Dillon,MIL,56,75,13,16,3,0,1,6,13,21,1,0,.213,.337,.293,.630
Charlie C Manning,WSH,56,0,0,0,0,0,0,0,0,0,0,0,.000,.000,.000,.000
Andy A Phillips,CIN,56,78,12,18,3,0,3,10,6,14,0,0,.231,.294,.385,.679
Guillermo G Quiroz,BAL,56,134,12,25,5,0,2,14,12,34,0,0,.187,.259,.269,.527
Sean S Burnett,PIT,55,3,1,1,1,0,0,0,0,2,0,0,.333,.333,.667,1.000
Clay C Condrey,PHI,55,3,1,1,1,0,0,0,0,2,0,0,.333,.333,.667,1.000
Nomar N Garciaparra S,LAD,55,163,24,43,9,0,8,28,15,11,1,1,.264,.326,.466,.792
Aaron A Hill,TOR,55,205,19,54,14,0,2,20,16,31,4,2,.263,.324,.361,.685
Joe J Nelson,FLA,55,1,1,0,0,0,0,0,0,0,0,0,.000,.000,.000,.000
Brandon B Wood,LAA,55,150,12,30,4,0,5,13,4,43,4,0,.200,.224,.327,.551
Juan J Cruz,ARI,54,0,0,0,0,0,0,0,0,0,0,0,.000,.000,.000,.000
Matt M Herges,COL,54,3,0,0,0,0,0,0,0,3,0,0,.000,.000,.000,.000
Joe J Mather L,STL,54,133,20,32,7,0,8,18,12,32,1,0,.241,.306,.474,.780
J. R. J Towles,HOU,54,146,10,20,5,0,4,16,16,40,0,0,.137,.250,.253,.503
Geoff G Geary,HOU,53,1,0,0,0,0,0,0,0,0,0,0,.000,.000,.000,.000
Chan Ho C Park,LAD,53,9,0,1,0,0,0,0,0,5,0,0,.111,.111,.111,.222
Cory C Wade,LAD,53,0,0,0,0,0,0,0,1,0,0,0,.000,1.000,.000,1.000
Eric E Byrnes L,ARI,52,206,28,43,13,1,6,23,16,36,4,4,.209,.272,.369,.641
Ramon R Castro,NYM,52,143,15,35,7,0,7,24,13,34,0,0,.245,.312,.441,.753
Dave D Roberts L,SF,52,107,18,24,2,2,0,9,20,18,5,3,.224,.341,.280,.622
Chris C Sampson,HOU,52,22,0,3,0,0,0,0,1,9,0,0,.136,.174,.136,.310
Shannon S Stewart L,TOR,52,175,14,42,4,2,1,14,22,18,3,1,.240,.325,.303,.628
Mike M Adams,SD,51,2,0,0,0,0,0,0,0,0,0,0,.000,.000,.000,.000
Kevin K Mench,TOR,51,115,18,28,11,1,0,10,14,18,2,0,.243,.321,.357,.677
Jorge J Posada,NYY,51,168,18,45,13,1,3,22,24,38,0,0,.268,.364,.411,.775
Brian B Bixler S,PIT,50,108,16,17,2,1,0,2,6,36,1,0,.157,.229,.194,.423
Russell R Branyan,MIL,50,132,24,33,8,0,12,20,19,42,1,0,.250,.342,.583,.925
Jared J Burton,CIN,50,1,0,0,0,0,0,0,0,1,0,0,.000,.000,.000,.000
Nick N Evans L,NYM,50,109,18,28,10,0,2,9,7,24,0,0,.257,.303,.404,.706
Eric E Gagne,MIL,50,0,0,0,0,0,0,0,0,0,0,0,.000,.000,.000,.000
Dmitri D Young,WSH,50,150,15,42,6,0,4,10,28,28,0,0,.280,.394,.400,.794
Emilio E Bonifácio,WSH,49,169,29,41,6,5,0,14,14,46,7,4,.243,.296,.337,.633
Steve S Holm,SF,49,84,10,22,9,0,1,6,10,16,0,1,.262,.357,.405,.762
Daniel D Murphy L,NYM,49,131,24,41,9,3,2,17,18,28,0,2,.313,.397,.473,.871
Pete P Orr,WSH,49,75,10,19,2,1,0,7,2,16,1,0,.253,.282,.307,.589
Argenis A Reyes,NYM,49,110,13,24,0,0,1,3,4,20,2,0,.218,.259,.245,.504
Jamie J Burke,SEA,48,92,10,24,3,0,1,8,5,7,0,1,.261,.303,.326,.629
Jolbert J Cabrera L,CIN,48,115,17,29,6,1,3,12,8,29,2,0,.252,.310,.400,.710
Matt M Capps,PIT,48,1,0,0,0,0,0,0,0,1,0,0,.000,.000,.000,.000
Adam A Everett S,MIN,48,127,19,27,6,1,2,20,12,15,0,0,.213,.278,.323,.601
Ryan R Freel C,CIN,48,131,17,39,8,0,0,10,8,18,6,4,.298,.340,.359,.699
Jason J Grilli,COL,47,3,0,0,0,0,0,0,0,0,0,0,.000,.000,.000,.000
Trevor T Hoffman,SD,47,0,0,0,0,0,0,0,0,0,0,0,.000,.000,.000,.000
Ivan I Ochoa S,SF,47,120,7,24,8,0,0,3,4,28,0,1,.200,.244,.267,.511
Logan L Kensing,FLA,46,2,0,0,0,0,0,0,0,0,0,0,.000,.000,.000,.000
Donnie D Murphy,OAK,46,103,10,19,3,0,3,13,11,38,2,1,.184,.274,.301,.574
Buddy B Carlyle,ATL,45,9,1,2,0,0,0,0,1,1,0,0,.222,.300,.222,.522
Alberto A Gonzalez S,WSH,45,101,13,26,8,0,1,10,8,14,0,1,.257,.318,.366,.684
Bryan B La Hair,SEA,45,136,15,34,4,0,3,10,13,40,0,1,.250,.315,.346,.661
Luis L Maza,LAD,45,79,7,18,1,0,1,4,5,11,0,0,.228,.282,.278,.561
Justin J Ruggiano L,TB,45,76,9,15,4,0,2,7,4,27,2,0,.197,.247,.329,.576
Carlos C Villanueva,MIL,45,17,1,2,0,0,0,2,1,8,0,0,.118,.167,.118,.284
Robert R Andino,FLA,44,63,7,13,2,0,2,9,4,23,0,0,.206,.254,.333,.587
Neal N Cotts,CHC,44,1,0,0,0,0,0,0,0,1,0,0,.000,.000,.000,.000
Alex A Hinshaw,SF,44,0,0,0,0,0,0,0,0,0,0,0,.000,.000,.000,.000
Damaso D Marte,PIT,44,0,0,0,0,0,0,0,0,0,0,0,.000,.000,.000,.000
Shawn S Riggans,TB,44,135,21,30,7,0,6,24,12,30,0,0,.222,.287,.407,.694
David D Riske,MIL,44,1,0,0,0,0,0,0,0,0,0,0,.000,.000,.000,.000
Doug D Waechter,FLA,44,6,0,1,0,0,0,0,0,1,0,0,.167,.167,.167,.333
Manny M Acosta,ATL,43,5,0,0,0,0,0,0,0,3,0,0,.000,.000,.000,.000
Matt M Diaz L,ATL,43,135,9,33,2,0,2,14,3,32,4,2,.244,.264,.304,.568
Eric E Patterson,OAK,43,130,16,25,4,0,1,15,17,36,10,1,.192,.284,.246,.530
Felix F Pie C,CHC,43,83,9,20,2,1,1,10,7,29,3,0,.241,.312,.325,.637
Takashi T Saito,LAD,43,1,0,0,0,0,0,0,0,1,0,0,.000,.000,.000,.000
Doug D Slaten,ARI,43,0,0,0,0,0,0,0,0,0,0,0,.000,.000,.000,.000
Julian J Tavarez,ATL,43,0,0,0,0,0,0,0,0,0,0,0,.000,.000,.000,.000
Raul R Chavez,PIT,42,116,12,30,4,0,1,10,4,14,0,0,.259,.287,.319,.606
Brett B Gardner C,NYY,42,127,18,29,5,2,0,16,8,30,13,1,.228,.283,.299,.582
Jacque J Jones,FLA,42,116,15,17,2,1,1,7,14,26,0,1,.147,.239,.207,.446
Jeff J Larish D,DET,42,104,12,27,6,0,2,16,7,34,2,2,.260,.306,.375,.681
Justin J Miller,FLA,42,1,0,0,0,0,0,0,0,1,0,0,.000,.000,.000,.000
Mike M Sweeney D,OAK,42,126,13,36,8,0,2,12,7,6,0,0,.286,.331,.397,.728
Billy B Wagner,NYM,42,0,0,0,0,0,0,0,0,0,0,0,.000,.000,.000,.000
Randy R Flores,STL,41,0,0,0,0,0,0,0,0,0,0,0,.000,.000,.000,.000
Toby T Hall,CWS,41,127,7,33,3,0,2,7,6,19,0,0,.260,.304,.331,.634
Brandon B Jones L,ATL,41,116,16,31,10,1,1,17,7,28,1,0,.267,.312,.397,.709
Hung- Chih H Kuo,LAD,41,12,1,3,1,0,0,0,0,4,0,0,.250,.250,.333,.583
Chad C Moeller,NYY,41,91,13,21,6,0,1,9,7,18,0,0,.231,.311,.330,.640
Franquelis F Osoria,PIT,41,6,1,2,0,0,0,1,0,3,0,0,.333,.333,.333,.667
Pablo P Sandoval,SF,41,145,24,50,10,1,3,24,4,14,0,0,.345,.357,.490,.847
Rudy R Seanez,PHI,41,0,0,0,0,0,0,0,0,0,0,0,.000,.000,.000,.000
Chris C Shelton,TEX,41,97,14,21,5,0,2,11,17,33,1,0,.216,.333,.330,.663
Matt M Tolbert,MIN,41,113,18,32,6,3,0,6,7,19,7,1,.283,.322,.389,.712
Luis L Vizcaino,COL,41,2,0,0,0,0,0,0,0,1,0,0,.000,.000,.000,.000
Josh J Anderson C,ATL,40,136,21,40,7,1,3,12,8,33,10,1,.294,.338,.426,.764
Freddie F Bynum S,BAL,40,112,13,20,3,1,0,8,5,31,2,3,.179,.220,.223,.444
Braden B Looper,STL,40,63,5,16,3,1,0,4,4,21,0,0,.254,.299,.333,.632
Ronny R Paulino,PIT,40,118,8,25,5,0,2,18,11,24,0,0,.212,.277,.305,.582
Clete C Thomas L,DET,40,116,7,33,9,1,1,9,14,26,2,0,.284,.366,.405,.772
Michael M Wuertz,CHC,40,1,0,0,0,0,0,0,0,1,0,0,.000,.000,.000,.000
Micah M Owings,CIN,39,56,7,17,3,0,1,6,5,21,0,0,.304,.361,.411,.771
Royce R Ring,ATL,39,0,0,0,0,0,0,0,0,0,0,0,.000,.000,.000,.000
Steven S Shell,WSH,39,4,0,0,0,0,0,0,0,2,0,0,.000,.000,.000,.000
Bronson B Arroyo,CIN,38,61,4,12,3,0,1,6,4,21,1,0,.197,.246,.295,.541
Travis T Buck R,OAK,38,155,16,35,9,1,7,25,11,38,1,0,.226,.291,.432,.723
Jorge J Campillo,ATL,38,45,4,8,1,0,0,2,1,16,0,0,.178,.196,.200,.396
Jose J Cruz,HOU,38,49,6,6,1,0,0,1,11,9,0,0,.122,.283,.143,.426
Paul P Janish S,CIN,38,80,5,15,2,0,1,6,7,18,0,0,.188,.270,.250,.520
Nick N Johnson,WSH,38,109,15,24,8,0,5,20,33,25,0,0,.220,.415,.431,.846
Rob R Mackowiak,WSH,38,53,7,7,1,0,1,4,8,17,0,0,.132,.254,.208,.462
Jason J Marquis,CHC,38,59,8,12,3,0,2,10,3,17,0,0,.203,.242,.356,.598
Luis L Montanez,BAL,38,112,18,33,6,1,3,14,4,20,0,0,.295,.316,.446,.763
Daniel D Ortmeier,SF,38,64,4,14,6,0,0,5,7,18,2,2,.219,.315,.313,.628
Chris C Perez,STL,38,1,0,0,0,0,0,0,0,1,0,0,.000,.000,.000,.000
Scott S Proctor,LAD,38,0,0,0,0,0,0,0,0,0,0,0,.000,.000,.000,.000
Mike M Redmond,MIN,38,129,14,37,6,0,0,12,5,11,0,0,.287,.321,.333,.654
Ryan R Speier,COL,38,3,0,0,0,0,0,0,0,3,0,0,.000,.000,.000,.000
Rob R Bowen,OAK,37,91,6,16,5,1,1,9,4,38,0,0,.176,.219,.286,.504
Jason J Isringhausen,STL,37,2,0,0,0,0,0,0,0,1,0,0,.000,.000,.000,.000
Steve S Pearce R,PIT,37,109,6,27,7,0,4,15,5,22,2,0,.248,.294,.422,.716
Carlos C Zambrano,CHC,37,83,9,28,4,1,4,14,0,24,0,0,.337,.337,.554,.892
Luke L Carlin,SD,36,94,12,14,3,1,1,6,10,34,0,0,.149,.238,.234,.472
Rafael R Furcal S,LAD,36,143,34,51,12,2,5,16,20,17,8,3,.357,.439,.573,1.012
Luis L Hernandez S,BAL,36,79,9,19,1,0,0,3,7,11,2,0,.241,.295,.253,.549
Jair J Jurrjens,ATL,36,58,7,6,0,1,0,0,6,18,0,0,.103,.188,.138,.325
Cliff C Pennington,OAK,36,99,14,24,5,0,0,9,13,18,4,1,.242,.339,.293,.632
Glendon G Rusch,COL,36,20,0,1,0,0,0,0,0,3,0,0,.050,.050,.050,.100
Denny D Bautista,PIT,35,5,0,1,0,0,0,1,0,3,0,0,.200,.200,.200,.400
Chad C Billingsley,LAD,35,63,1,6,0,0,0,3,4,36,0,0,.095,.149,.095,.244
Aaron A Cook,COL,35,60,1,14,1,0,0,4,2,21,0,0,.233,.258,.250,.508
Bryan B Corey,SD,35,0,0,0,0,0,0,0,0,0,0,0,.000,.000,.000,.000
Cole C Hamels,PHI,35,76,3,17,2,0,0,3,0,29,0,0,.224,.234,.250,.484
Mark M Hendrickson,FLA,35,35,4,9,2,1,0,1,1,21,0,0,.257,.278,.371,.649
Seth S Mc Clung,MIL,35,19,2,5,1,0,0,0,0,10,0,0,.263,.263,.316,.579
Reggie R Abercrombie L,HOU,34,55,10,17,5,0,2,5,1,23,5,2,.309,.339,.509,.848
Scott S Eyre,PHI,34,0,0,0,0,0,0,0,0,0,0,0,.000,.000,.000,.000
Michael M Gonzalez,ATL,34,1,0,0,0,0,0,0,0,0,0,0,.000,.000,.000,.000
Scott S Hatteberg,CIN,34,52,3,9,3,0,0,7,7,7,0,1,.173,.262,.231,.493
Mitch M Maier C,KC,34,91,9,26,1,1,0,9,2,18,0,2,.286,.316,.319,.634
Mike M Rabelo,FLA,34,109,9,22,1,0,3,10,8,25,0,1,.202,.256,.294,.550
Tim T Redding,WSH,34,47,2,8,1,0,0,3,5,14,0,0,.170,.250,.191,.442
Oscar O Salazar,BAL,34,81,13,23,3,0,5,15,12,13,0,1,.284,.372,.506,.878
Randy R Wolf,HOU,34,58,6,8,1,0,0,2,4,23,0,0,.138,.194,.155,.349
Tom T Gordon,PHI,33,0,0,0,0,0,0,0,0,0,0,0,.000,.000,.000,.000
Justin J Hampson,SD,33,1,0,0,0,0,0,0,0,1,0,0,.000,.000,.000,.000
Dan D Haren,ARI,33,76,8,16,7,0,0,6,3,15,0,0,.211,.238,.303,.540
Micah M Hoffpauir,CHC,33,73,14,25,8,0,2,8,6,24,1,0,.342,.400,.534,.934
Justin J Huber L,SD,33,61,5,15,3,0,2,8,3,19,0,0,.246,.303,.393,.696
Travis T Ishikawa,SF,33,95,12,26,6,0,3,15,9,27,1,0,.274,.337,.432,.768
Ubaldo U Jiménez Jimenez,COL,33,67,1,3,0,0,0,0,3,28,0,0,.045,.086,.045,.130
Ted T Lilly,CHC,33,62,2,11,2,0,0,5,1,29,1,0,.177,.190,.210,.400
Greg G Maddux,LAD,33,55,1,6,0,0,0,3,1,15,1,0,.109,.125,.109,.234
Gary G Majewski,CIN,33,1,0,0,0,0,0,0,0,0,0,0,.000,.000,.000,.000
Sean S Marshall,CHC,33,15,0,5,0,0,0,1,0,7,0,0,.333,.333,.333,.667
Scott S Olsen,FLA,33,62,1,8,0,0,0,3,3,28,0,0,.129,.169,.129,.298
Cody C Ransom,NYY,33,43,9,13,3,0,4,8,6,12,0,0,.302,.400,.651,1.051
Oscar O Villarreal,HOU,33,1,0,0,0,0,0,0,0,1,0,0,.000,.000,.000,.000
Brandon B Webb,ARI,33,67,2,10,4,0,0,11,1,30,0,0,.149,.162,.209,.371
Joaquin J Arias,TEX,32,110,15,32,7,3,0,9,7,12,4,1,.291,.345,.409,.754
T. J. T Beam,PIT,32,4,0,0,0,0,0,0,0,2,0,0,.000,.000,.000,.000
Brian B Bocock S,SF,32,77,4,11,1,0,0,2,12,29,4,2,.143,.258,.156,.414
Matt M Cain,SF,32,62,3,7,1,0,2,3,4,34,0,0,.113,.167,.226,.392
Clay C Hensley,SD,32,2,0,0,0,0,0,0,0,1,0,0,.000,.000,.000,.000
Tim T Lincecum,SF,32,70,7,11,1,1,0,5,5,32,0,0,.157,.213,.200,.413
Derek D Lowe,LAD,32,65,4,9,0,0,0,5,3,20,0,0,.138,.176,.138,.315
Ricky R Nolasco,FLA,32,63,1,9,2,0,0,5,2,35,0,0,.143,.169,.175,.344
Oliver O Pérez Perez,NYM,32,56,2,6,1,0,0,3,4,23,1,0,.107,.167,.125,.292
Johan J Santana,NYM,32,78,5,11,5,0,0,1,3,24,0,0,.141,.173,.205,.378
Jeff J Suppan,MIL,32,50,2,7,1,0,0,1,3,13,0,0,.140,.189,.160,.349
Ramon R Troncoso,LAD,32,0,0,0,0,0,0,0,0,0,0,0,.000,.000,.000,.000
Todd T Wellemeyer,STL,32,58,2,9,0,0,0,5,1,29,0,0,.155,.167,.155,.322
Dave D Bush,MIL,31,57,2,5,1,0,0,0,1,21,0,0,.088,.103,.105,.209
Nelson N Cruz R,TEX,31,115,19,38,9,1,7,26,17,28,3,1,.330,.421,.609,1.030
Ryan R Dempster,CHC,31,61,4,10,2,0,0,2,2,19,0,0,.164,.190,.197,.387
Chris C Dickerson L,CIN,31,102,20,31,9,2,6,15,17,35,5,3,.304,.413,.608,1.021
Zach Z Duke,PIT,31,57,2,9,0,0,0,1,2,20,0,0,.158,.186,.158,.344
Ryan R Hanigan,CIN,31,85,9,23,2,0,2,9,10,9,0,0,.271,.367,.365,.732
Kyle K Kendrick,PHI,31,50,3,5,1,0,0,2,3,24,0,0,.100,.151,.120,.271
Kyle K Lohse,STL,31,63,1,7,1,0,0,5,0,20,0,1,.111,.111,.127,.238
Corky C Miller,ATL,31,60,4,5,0,0,1,5,5,15,0,0,.083,.152,.133,.285
Jamie J Moyer,PHI,31,51,4,4,1,0,0,1,7,19,0,0,.078,.190,.098,.288
Angel A Pagán Pagan L,NYM,31,91,12,25,7,1,0,13,11,18,4,0,.275,.346,.374,.720
Manny M Parra,MIL,31,53,2,12,5,1,0,6,2,18,0,0,.226,.255,.358,.613
Ian I Snell,PIT,31,48,2,6,1,0,0,1,2,18,0,0,.125,.160,.146,.306
Edinson E Vólquez Volquez,CIN,31,61,3,6,0,0,0,1,0,31,0,0,.098,.098,.098,.197
Barry B Zito,SF,31,51,1,6,0,0,0,2,4,10,0,0,.118,.182,.118,.300
Michael M Barrett,SD,30,94,9,19,3,0,2,9,9,16,0,0,.202,.274,.298,.572
Johnny J Cueto,CIN,30,45,4,2,0,0,0,1,2,15,0,0,.044,.104,.044,.149
Tug T Hulett D,SEA,30,49,2,11,1,0,1,2,5,17,0,0,.224,.309,.306,.615
Hiroki H Kuroda,LAD,30,54,2,8,1,0,0,2,5,16,0,0,.148,.220,.167,.387
Paul P Maholm,PIT,30,65,4,8,0,0,0,3,6,28,0,0,.123,.197,.123,.320
Brian B Moehler,HOU,30,44,1,1,1,0,0,0,4,27,0,0,.023,.104,.045,.150
Brett B Myers,PHI,30,58,3,4,1,0,0,1,4,19,0,0,.069,.129,.086,.215
Roy R Oswalt,HOU,30,70,3,15,0,0,0,5,0,18,0,0,.214,.214,.214,.429
Mike M Pelfrey,NYM,30,59,4,5,0,0,0,2,4,18,0,0,.085,.156,.085,.241
Odalis O Perez,WSH,30,53,4,8,2,0,0,2,0,12,0,0,.151,.151,.189,.340
Joel J Pineiro,STL,30,51,3,5,3,0,0,4,3,35,0,0,.098,.148,.157,.305
Billy B Sadler,SF,30,1,0,0,0,0,0,0,0,1,0,0,.000,.000,.000,.000
Ben B Sheets,MIL,30,67,2,5,2,0,0,5,2,24,0,0,.075,.101,.104,.206
Brandon B Backe,HOU,29,47,8,13,2,0,2,3,3,18,0,0,.277,.333,.447,.780
Jason J Bergmann,WSH,29,40,0,0,0,0,0,0,0,20,0,0,.000,.000,.000,.000
Chris C Denorfia L,OAK,29,62,10,18,3,0,1,9,6,16,2,0,.290,.362,.387,.749
Tony A Gwynn Jr.,MIL,29,42,5,8,1,0,0,1,4,7,3,1,.190,.271,.214,.485
Aaron A Harang,CIN,29,54,0,7,1,0,0,2,0,20,0,0,.130,.130,.148,.278
John J Lannan,WSH,29,45,0,1,0,0,0,0,4,24,0,0,.022,.102,.022,.124
Brent B Lillibridge S,ATL,29,80,9,16,6,1,1,8,3,23,2,0,.200,.238,.338,.576
Arthur A Rhodes,FLA,29,0,0,0,0,0,0,0,0,0,0,0,.000,.000,.000,.000
Nick N Stavinoha L,STL,29,57,4,11,1,0,0,4,2,11,0,0,.193,.217,.211,.427
Mitch M Stetter,MIL,29,1,0,0,0,0,0,0,0,1,0,0,.000,.000,.000,.000
Rocco R Baldelli D,TB,28,80,12,21,5,0,4,13,7,25,0,0,.263,.344,.475,.819
Morgan M Ensberg,NYY,28,74,6,15,0,0,1,4,6,22,0,1,.203,.263,.243,.506
Chad C Gaudin,CHC,28,0,0,0,0,0,0,0,0,0,0,0,.000,.000,.000,.000
Anderson A Hernandez,WSH,28,81,11,27,4,0,0,17,10,8,0,0,.333,.407,.383,.789
Jonathan J Herrera,COL,28,61,5,14,1,1,0,3,4,10,1,1,.230,.277,.279,.556
Randy R Johnson,ARI,28,50,2,7,1,0,0,5,4,26,0,0,.140,.204,.160,.364
Wilfredo W Ledezma,ARI,28,10,1,0,0,0,0,0,1,6,0,0,.000,.091,.000,.091
Matt M Murton L,OAK,28,70,3,13,3,0,0,8,2,12,0,0,.186,.219,.229,.448
Jake J Peavy,SD,28,49,4,13,2,0,0,2,3,12,0,1,.265,.302,.306,.608
Jonathan J Sánchez Sanchez,SF,28,49,2,5,1,0,0,4,1,22,0,0,.102,.120,.122,.242
Will W Venable C,SD,28,110,16,29,4,2,2,10,13,21,1,1,.264,.339,.391,.730
Jeff J Bailey,BOS,27,50,10,14,1,1,2,6,9,17,0,0,.280,.390,.460,.850
Robinson R Cancel,NYM,27,49,5,12,2,0,1,5,3,6,1,2,.245,.288,.347,.635
Andrew A Miller,FLA,27,30,1,2,0,0,0,3,0,16,0,0,.067,.067,.067,.133
Kendrys K Morales R,LAA,27,61,7,13,2,0,3,8,4,7,0,1,.213,.273,.393,.666
Sergio S Romo,SF,27,1,0,0,0,0,0,0,0,0,0,0,.000,.000,.000,.000
Roger R Bernadina C,WSH,26,76,10,16,1,1,0,2,9,21,4,3,.211,.294,.250,.544
Ben B Broussard,TEX,26,82,8,13,0,0,3,8,5,20,0,0,.159,.225,.268,.493
Brett B Carroll,FLA,26,17,5,1,0,1,0,1,1,6,0,0,.059,.111,.176,.288
Vinnie V Chulk,SF,26,0,0,0,0,0,0,0,0,0,0,0,.000,.000,.000,.000
Todd T Coffey,MIL,26,0,0,0,0,0,0,0,0,0,0,0,.000,.000,.000,.000
Jorge J De La Rosa,COL,26,40,2,6,0,0,0,6,0,14,0,0,.150,.146,.150,.296
La Troy L Hawkins,HOU,26,0,0,0,0,0,0,0,0,0,0,0,.000,.000,.000,.000
Norris N Hopper,CIN,26,50,3,10,0,0,0,1,5,6,1,0,.200,.286,.200,.486
John J Maine,NYM,26,46,3,5,0,0,0,3,6,23,0,0,.109,.212,.109,.320
Garrett G Mock,WSH,26,4,0,0,0,0,0,0,0,3,0,0,.000,.200,.000,.200
Leo L Rosales,ARI,26,0,0,0,0,0,0,0,0,0,0,0,.000,.000,.000,.000
Jeff J Samardzija,CHC,26,1,0,0,0,0,0,0,0,1,0,0,.000,.000,.000,.000
Brad B Thompson,STL,26,12,2,3,0,0,0,2,2,6,1,0,.250,.357,.250,.607
Dave D Borkowski,HOU,25,0,0,0,0,0,0,0,0,0,0,0,.000,.000,.000,.000
Doug D Davis,ARI,25,42,0,4,0,0,0,3,0,13,0,0,.095,.095,.095,.190
Brian B Falkenborg,SD,25,1,0,0,0,0,0,0,0,1,0,0,.000,.000,.000,.000
Taylor T Tankersley,FLA,25,0,0,0,0,0,0,0,0,0,0,0,.000,.000,.000,.000
Joe J Thatcher,SD,25,1,0,0,0,0,0,0,0,1,0,0,.000,.000,.000,.000
Adam A Wainwright,STL,25,60,5,16,2,0,1,6,2,20,0,1,.267,.286,.350,.636
Chip C Ambres,SD,24,41,3,8,1,0,0,0,7,15,1,0,.195,.313,.220,.532
Danny D Ardoin,LAD,24,51,3,12,1,0,1,4,2,10,1,0,.235,.278,.314,.592
Justin J Christian,NYY,24,40,6,10,3,0,0,6,3,4,7,1,.250,.302,.325,.627
Travis T Denker,SF,24,37,6,9,4,1,1,3,5,10,0,0,.243,.333,.486,.820
Jon J Lieber,CHC,24,5,0,0,0,0,0,0,0,4,0,0,.000,.000,.000,.000
Wandy W Rodriguez,HOU,24,41,3,5,1,0,0,1,0,11,0,0,.122,.122,.146,.268
Travis T Snider L,TOR,24,73,9,22,6,0,2,13,5,23,0,0,.301,.338,.466,.803
Brian B Stokes,NYM,24,3,0,2,0,0,0,0,0,1,0,0,.667,.667,.667,1.333
Cha Seung C Baek,SD,23,29,2,5,1,0,1,2,1,7,0,0,.172,.200,.310,.510
Eric E Chavez,OAK,23,89,10,22,7,0,2,14,6,18,0,0,.247,.295,.393,.688
Kevin K Correia,SF,23,27,1,3,0,0,0,2,1,12,0,0,.111,.143,.111,.254
Shelley S Duncan,NYY,23,57,7,10,3,0,1,6,7,13,0,0,.175,.262,.281,.542
Johnny J Estrada,WSH,23,53,0,9,0,0,0,4,1,4,0,0,.170,.200,.170,.370
Josh J Fogg,CIN,23,22,3,3,1,0,0,0,1,9,0,0,.136,.174,.182,.356
Travis T Metcalf,TEX,23,56,11,13,2,0,6,14,3,12,0,0,.232,.279,.589,.868
Vladimir V Nunez,ATL,23,1,0,0,0,0,0,0,0,1,0,0,.000,.000,.000,.000
Fernando F Perez C,TB,23,60,18,15,2,0,3,8,8,16,5,0,.250,.348,.433,.781
Clint C Sammons,ATL,23,54,2,8,0,0,1,4,5,12,0,0,.148,.220,.204,.424
Luis Alfonso L Cruz S,PIT,22,67,6,15,3,0,0,3,3,2,1,1,.224,.278,.269,.546
Aaron A Cunningham L,OAK,22,80,7,20,7,1,1,14,6,24,2,0,.250,.310,.400,.710
Adam A Eaton,PHI,22,28,1,5,2,0,0,1,5,6,0,0,.179,.303,.250,.553
Jeff J Francis,COL,22,39,1,5,1,0,0,1,0,11,0,0,.128,.128,.154,.282
Jayson J Nix,COL,22,56,2,7,2,0,0,2,7,17,1,0,.125,.234,.161,.395
Jason J Repko L,LAD,22,18,0,3,1,0,0,0,2,9,1,0,.167,.250,.222,.472
Jo- Jo J Reyes,ATL,22,30,2,4,2,0,0,2,1,8,0,0,.133,.161,.200,.361
Randy R Ruiz D,MIN,22,62,13,17,2,0,1,7,6,21,0,0,.274,.338,.355,.693
Jason J Smith,KC,22,28,6,6,2,0,0,1,0,12,0,1,.214,.214,.286,.500
Matt M Antonelli,SD,21,57,6,11,2,0,1,3,5,11,0,0,.193,.292,.281,.573
Callix C Crabbe,SD,21,34,4,6,1,0,0,2,4,6,1,0,.176,.282,.206,.488
Kevin K Hart,CHC,21,5,1,0,0,0,0,0,0,2,0,0,.000,.000,.000,.000
Brian B Horwitz,SF,21,36,5,8,0,0,2,4,5,10,0,0,.222,.310,.389,.698
Tim T Hudson,ATL,21,41,2,6,1,0,0,2,1,14,0,0,.146,.167,.171,.337
Clayton C Kershaw,LAD,21,29,1,2,0,0,0,0,0,13,0,0,.069,.069,.069,.138
Brian B Myrow,SD,21,21,1,3,0,0,1,3,2,5,0,0,.143,.208,.286,.494
Mike M Rivera,MIL,21,62,8,19,5,0,1,14,6,10,2,0,.306,.377,.435,.812
Ryan R Rohlinger,SF,21,32,2,3,1,1,0,2,1,8,0,1,.094,.121,.188,.309
Raul R Casanova,NYM,20,55,5,15,2,0,1,6,6,10,0,0,.273,.344,.364,.708
Tom T Gorzelanny,PIT,20,28,2,3,0,0,0,3,2,12,0,0,.107,.167,.107,.274
Craig C Hansen,PIT,20,0,0,0,0,0,0,0,0,0,0,0,.000,.000,.000,.000
Nathan N Haynes R,TB,20,44,3,10,0,0,0,3,3,12,4,1,.227,.277,.227,.504
Pedro P Martinez,NYM,20,39,3,6,1,0,0,4,0,15,0,0,.154,.154,.179,.333
Osiris O Matos,SF,20,2,0,0,0,0,0,0,0,2,0,0,.000,.000,.000,.000
Ryan R Shealy,KC,20,73,12,22,1,0,7,20,5,19,0,0,.301,.354,.603,.957
Jorge J Sosa,NYM,20,1,0,0,0,0,0,0,1,1,0,0,.000,.500,.000,.500
Phil P Dumatrait,PIT,19,21,0,1,0,0,0,1,0,7,0,0,.048,.048,.048,.095
Sean S Kazmar,SD,19,39,2,8,1,0,0,2,5,14,0,0,.205,.289,.231,.520
Yusmeiro Y Petit,ARI,19,13,0,0,0,0,0,0,0,7,0,0,.000,.000,.000,.000
Josh J Phelps,STL,19,34,4,9,1,0,0,1,2,11,0,0,.265,.306,.294,.600
Nate N Schierholtz R,SF,19,75,12,24,8,1,1,5,3,8,0,1,.320,.370,.493,.864
Josh J Banks,SD,18,23,3,3,0,0,0,0,2,6,0,0,.130,.200,.130,.330
Wilkin W Castillo,CIN,18,32,6,9,1,0,0,1,1,5,0,0,.281,.303,.313,.616
Jamie J D' Antona,ARI,18,17,2,3,0,0,0,1,2,4,0,0,.176,.263,.176,.440
Robby R Hammock,ARI,18,42,4,8,1,0,0,2,5,9,0,0,.190,.292,.214,.506
Brad B Hennessey,SF,18,8,1,2,1,0,0,1,0,2,1,0,.250,.250,.375,.625
Joe J Koshansky,COL,18,38,5,8,3,0,3,8,1,17,0,0,.211,.250,.526,.776
Matt M Macri,MIN,18,34,3,11,1,0,1,4,2,10,1,1,.324,.361,.441,.802
Brandon B Medders,ARI,18,0,0,0,0,0,0,0,0,0,0,0,.000,.000,.000,.000
Brad B Penny,LAD,18,26,2,5,0,0,0,2,0,7,0,0,.192,.192,.192,.385
Adam A Rosales,CIN,18,29,0,6,1,0,0,2,1,4,1,0,.207,.233,.241,.475
C Sabathia,MIL,18,51,4,12,2,0,2,7,0,12,0,0,.235,.235,.392,.628
Cory C Sullivan,COL,18,23,3,5,0,1,0,4,0,5,1,0,.217,.250,.304,.554
Luis L Valbuena,SEA,18,49,6,12,5,0,0,1,4,11,0,0,.245,.315,.347,.662
Wes W Bankston,OAK,17,59,4,12,3,0,1,4,2,15,0,0,.203,.238,.305,.543
Edgar E Gonzalez,ARI,17,10,0,1,1,0,0,2,0,3,0,0,.100,.100,.200,.300
Drew D Macias,SD,17,20,2,4,0,0,2,5,2,6,0,0,.200,.250,.500,.750
Carlos C Muniz,NYM,17,0,0,0,0,0,0,0,0,0,0,0,.000,.000,.000,.000
Max M Ramirez,TEX,17,46,8,10,1,0,2,9,6,15,0,0,.217,.345,.370,.715
Dane D Sardinha,DET,17,44,2,7,0,1,0,3,4,11,0,0,.159,.229,.205,.434
Max M Scherzer,ARI,17,13,1,0,0,0,0,0,1,4,0,0,.000,.071,.000,.071
Merkin M Valdez,SF,17,0,0,0,0,0,0,0,0,0,0,0,.000,.000,.000,.000
Chris C Young,SD,17,28,3,3,1,0,1,2,1,11,0,0,.107,.133,.250,.383
Nelson N Figueroa,NYM,16,12,0,1,0,0,0,0,2,6,0,0,.083,.214,.083,.298
Jason J Johnson,LAD,16,7,0,0,0,0,0,0,0,4,0,0,.000,.000,.000,.000
Chris C Resop,ATL,16,0,0,0,0,0,0,0,0,0,0,0,.000,.000,.000,.000
Danny D Richar,CIN,16,36,4,8,2,0,0,3,0,9,1,0,.222,.222,.278,.500
Taylor T Teagarden,TEX,16,47,10,15,5,0,6,17,5,19,0,0,.319,.396,.809,1.205
Moises M Alou L,NYM,15,49,4,17,2,0,0,9,2,4,1,1,.347,.389,.388,.777
Alberto A Arias,HOU,15,3,0,0,0,0,0,0,0,2,0,0,.000,.000,.000,.000
Michael M Aubrey,CLE,15,45,2,9,0,0,2,3,5,5,0,0,.200,.280,.333,.613
Collin C Balester,WSH,15,15,1,3,0,0,0,1,1,8,0,0,.200,.294,.200,.494
Jason J Botts,TEX,15,38,2,6,3,0,2,5,8,18,0,0,.158,.304,.395,.699
Jesse J Chavez,PIT,15,0,0,0,0,0,0,0,0,0,0,0,.000,.000,.000,.000
Geno G Espineli,SF,15,0,0,0,0,0,0,0,0,0,0,0,.000,.000,.000,.000
Sal S Fasano,CLE,15,46,5,12,4,0,0,6,3,17,0,0,.261,.340,.348,.687
Kelvin K Jimenez,STL,15,3,0,0,0,0,0,0,0,1,0,0,.000,.000,.000,.000
Adam A Melhuse,COL,15,30,3,5,1,0,0,2,2,15,0,0,.167,.219,.200,.419
Kent K Mercker,CIN,15,0,0,0,0,0,0,0,0,0,0,0,.000,.000,.000,.000
Pat P Misch,SF,15,9,0,1,0,0,0,1,1,2,0,0,.111,.200,.111,.311
Dusty D Ryan,DET,15,44,6,14,2,0,2,7,5,13,0,0,.318,.380,.500,.880
Chris C Volstad,FLA,15,26,2,3,2,0,0,0,0,14,0,0,.115,.115,.192,.308
Kip K Wells,COL,15,5,0,0,0,0,0,0,0,3,0,0,.000,.000,.000,.000
Jeff J Baisley,OAK,14,43,1,11,1,0,0,5,4,7,0,0,.256,.319,.279,.598
Joe J Blanton,PHI,14,17,0,1,0,0,0,1,0,11,0,0,.059,.056,.059,.114
T. J. T Bohn L,PHI,14,5,1,2,1,0,0,3,0,1,0,0,.400,.400,.600,1.000
Jason J Davis,PIT,14,8,0,0,0,0,0,0,0,4,0,0,.000,.000,.000,.000
Mark M Di Felice,MIL,14,0,0,0,0,0,0,0,0,0,0,0,.000,.000,.000,.000
Josh J Fields,CWS,14,32,3,5,1,0,0,2,3,17,0,0,.156,.229,.188,.416
Tom T Glavine,ATL,14,19,2,2,0,0,0,1,3,5,0,0,.105,.227,.105,.332
Rich R Harden,CHC,14,27,1,3,0,0,0,1,0,13,0,0,.111,.111,.111,.222
Mike M Hinckley,WSH,14,0,0,0,0,0,0,0,0,0,0,0,.000,.000,.000,.000
Josh J Johnson,FLA,14,30,1,4,2,0,0,2,1,18,0,0,.133,.161,.200,.361
Rob R Johnson,SEA,14,31,2,4,0,0,1,2,0,6,0,0,.129,.129,.226,.355
Jorge J Julio,ATL,14,0,0,0,0,0,0,0,0,0,0,0,.000,.000,.000,.000
Scott S Mc Clain,SF,14,33,7,9,1,0,2,7,5,8,0,1,.273,.368,.485,.853
Charlie C Morton,ATL,14,17,0,1,1,0,0,0,0,9,0,1,.059,.059,.118,.176
Brayan B Peña Pena,ATL,14,14,3,4,1,0,0,0,1,2,0,0,.286,.333,.357,.690
Gregorio G Petit,OAK,14,23,4,8,2,0,0,0,2,9,0,0,.348,.400,.435,.835
Rafael R Soriano,ATL,14,0,0,0,0,0,0,0,0,0,0,0,.000,.000,.000,.000
Matt M Tuiasosopo,SEA,14,44,1,7,2,1,0,2,2,16,0,0,.159,.213,.250,.463
Rico R Washington,STL,14,19,2,3,2,0,0,3,3,6,0,0,.158,.273,.263,.536
Shawn S Chacon,HOU,13,24,1,3,0,0,0,0,2,10,0,0,.125,.192,.125,.317
Tim T Dillard,MIL,13,1,0,1,0,0,0,0,0,0,0,0,1.000,1.000,1.000,2.000
Dexter D Fowler C,COL,13,26,3,4,0,0,0,0,0,5,0,1,.154,.185,.154,.339
Mike M Hampton,ATL,13,24,3,5,2,0,0,4,2,11,0,0,.208,.269,.292,.561
Paul P Hoover,FLA,13,40,1,8,1,0,0,2,2,17,0,0,.200,.238,.225,.463
Nick N Masset,CIN,13,3,0,0,0,0,0,0,0,3,0,0,.000,.000,.000,.000
Greg G Reynolds,COL,13,15,1,3,2,0,0,0,1,5,0,0,.200,.250,.333,.583
Burke B Badenhop,FLA,12,12,0,1,0,0,0,0,0,7,0,0,.083,.083,.083,.167
Josh J Barfield,CLE,12,33,3,6,1,0,0,2,0,10,0,0,.182,.182,.212,.394
Justin J Germano,SD,12,9,1,4,1,0,0,1,0,3,0,0,.444,.444,.556,1.000
Mike M Hessman,DET,12,27,6,8,1,0,5,7,2,9,0,0,.296,.387,.889,1.276
Hernan H Iribarren,MIL,12,14,1,2,1,0,0,1,1,3,0,0,.143,.200,.214,.414
Kila K Ka'aihue D,KC,12,21,4,6,0,0,1,1,3,2,0,0,.286,.375,.429,.804
Ray R King,WSH,12,0,0,0,0,0,0,0,0,0,0,0,.000,.000,.000,.000
Jason J Motte,STL,12,0,0,0,0,0,0,0,0,0,0,0,.000,.000,.000,.000
Jerry J Owens L,CWS,12,16,1,4,0,0,0,1,0,4,2,1,.250,.250,.250,.500
Craig C Stansberry,SD,12,16,4,6,1,0,0,2,2,3,0,0,.375,.444,.438,.882
Matthew M Brown,LAA,11,19,0,1,1,0,0,3,1,10,0,0,.053,.100,.105,.205
Brent B Clevlen L,DET,11,24,4,5,0,0,0,1,3,8,0,0,.208,.296,.208,.505
Marco M Estrada,WSH,11,0,1,0,0,0,0,0,1,0,0,0,.000,1.000,.000,1.000
Michael M Hollimon S,DET,11,23,4,6,2,1,1,2,1,6,0,0,.261,.280,.565,.845
Dan D Johnson,TB,11,26,3,5,0,0,2,4,3,7,0,0,.192,.276,.423,.699
Dallas D Mc Pherson,FLA,11,11,3,2,2,0,0,0,4,5,0,0,.182,.400,.364,.764
Trot T Nixon L,NYM,11,35,2,6,1,0,1,1,6,9,1,0,.171,.293,.286,.578
Marino M Salas,PIT,11,0,0,0,0,0,0,0,0,0,0,0,.000,.000,.000,.000
Omir O Santos,BAL,11,10,0,1,0,0,0,0,0,2,0,0,.100,.100,.100,.200
Ryan R Tucker,FLA,11,7,0,0,0,0,0,0,0,4,0,0,.000,.000,.000,.000
Jonathan J Van Every R,BOS,11,17,0,4,0,1,0,5,1,6,0,0,.235,.278,.353,.631
Gary G Bennett,LAD,10,21,1,4,1,0,1,4,2,0,0,0,.190,.261,.381,.642
Micah M Bowie,COL,10,0,0,0,0,0,0,0,0,0,0,0,.000,.000,.000,.000
Billy B Buckner,ARI,10,1,0,0,0,0,0,0,0,0,0,0,.000,.000,.000,.000
Kevin K Cameron,SD,10,1,0,0,0,0,0,0,0,1,0,0,.000,.000,.000,.000
Mike M Cervenak,PHI,10,13,0,2,0,0,0,1,0,5,0,0,.154,.154,.154,.308
Matt M Chico,WSH,10,13,2,2,0,0,0,0,0,4,0,0,.154,.154,.154,.308
Scott S Elbert,LAD,10,1,0,0,0,0,0,0,0,0,0,0,.000,.000,.000,.000
Shawn S Estes,SD,10,9,1,2,1,0,0,0,0,3,0,0,.222,.222,.333,.556
Jaime J García Garcia,STL,10,1,0,0,0,0,0,0,2,1,0,0,.000,.667,.000,.667
Chris C Getz,CWS,10,7,2,2,0,0,0,1,0,1,1,1,.286,.286,.286,.571
Andy A Gonzalez,CLE,10,24,3,5,0,0,1,2,6,5,0,1,.208,.367,.333,.700
Dirk D Hayhurst,SD,10,3,0,0,0,0,0,0,1,3,0,0,.000,.250,.000,.250
Koyie K Hill,CHC,10,21,0,2,1,0,0,1,0,12,0,0,.095,.095,.143,.238
Mark M Johnson,STL,10,17,1,5,0,0,0,2,1,2,0,0,.294,.333,.294,.628
Luke L Montz,WSH,10,21,2,3,0,0,1,3,5,9,0,0,.143,.308,.286,.593
Fernando F Nieve,HOU,10,1,0,0,0,0,0,0,0,0,0,0,.000,.000,.000,.000
Laynce L Nix,MIL,10,12,1,1,0,0,0,0,1,3,0,0,.083,.154,.083,.237
Mike M Parisi,STL,10,4,0,1,1,0,0,2,0,1,0,0,.250,.250,.500,.750
Jason J Pridie,MIN,10,4,3,0,0,0,0,0,1,1,0,0,.000,.200,.000,.200
Mark M Redman,COL,10,12,0,0,0,0,0,0,0,6,0,0,.000,.000,.000,.000
Steven S Register,COL,10,0,0,0,0,0,0,0,0,0,0,0,.000,.000,.000,.000
Anthony A Reyes,STL,10,1,0,0,0,0,0,0,1,1,0,0,.000,.500,.000,.500
Mark M Saccomanno,HOU,10,10,1,2,1,0,1,2,0,3,0,0,.200,.200,.600,.800
Brian B Sanches,WSH,10,0,0,0,0,0,0,0,0,0,0,0,.000,.000,.000,.000
Anibal A Sánchez Sanchez,FLA,10,17,0,0,0,0,0,0,1,7,0,0,.000,.056,.000,.056
Romulo R Sanchez,PIT,10,0,0,0,0,0,0,0,0,0,0,0,.000,.000,.000,.000
Curtis C Thigpen,TOR,10,17,2,3,0,0,1,1,1,8,0,0,.176,.263,.353,.616
Claudio C Vargas,NYM,10,8,1,0,0,0,0,0,0,6,0,0,.000,.000,.000,.000
Jorge J Velandia,CLE,10,15,1,3,1,0,0,0,1,4,0,0,.200,.250,.267,.517
Brian B Barden,STL,9,9,0,2,0,0,0,1,0,4,0,0,.222,.222,.222,.444
Chris C Carter,BOS,9,18,5,6,0,0,0,3,2,5,0,0,.333,.400,.333,.733
Jack J Cassel,HOU,9,9,0,2,0,0,0,1,0,4,0,0,.222,.222,.222,.444
Jason J Ellison D,TEX,9,13,5,3,0,0,0,2,1,1,0,0,.231,.286,.231,.516
Alcides A Escobar,MIL,9,4,2,2,0,0,0,0,0,1,0,0,.500,.500,.500,1.000
Sean S Gallagher,CHC,9,10,0,0,0,0,0,0,0,6,0,0,.000,.000,.000,.000
Livan L Hernandez,COL,9,19,1,5,0,0,0,2,0,1,0,0,.263,.263,.263,.526
Shawn S Hill,WSH,9,7,0,0,0,0,0,0,3,2,0,0,.000,.300,.000,.300
Jeff J Karstens,PIT,9,14,3,2,0,0,0,0,2,8,0,0,.143,.250,.143,.393
Casey C Mc Gehee,CHC,9,24,1,4,1,0,0,5,0,8,0,0,.167,.160,.208,.368
Evan E Meek,PIT,9,0,0,0,0,0,0,0,0,0,0,0,.000,.000,.000,.000
Colt C Morton,SD,9,15,2,1,0,0,0,1,2,5,0,0,.067,.167,.067,.233
Brad B Nelson,MIL,9,7,0,2,2,0,0,0,1,0,0,0,.286,.375,.571,.946
Eric E Stults,LAD,9,15,3,2,0,0,0,2,2,6,0,0,.133,.222,.133,.356
John J Van Benschoten,PIT,9,6,0,0,0,0,0,0,1,2,0,0,.000,.143,.000,.143
Chris C Aguila L,NYM,8,12,0,2,0,0,0,0,2,4,0,0,.167,.286,.167,.452
Homer H Bailey,CIN,8,10,0,1,1,0,0,0,0,5,0,0,.100,.100,.200,.300
Ryan R Budde,LAA,8,2,0,0,0,0,0,0,0,0,0,0,.000,.000,.000,.000
Buck B Coats L,TOR,8,5,0,1,0,0,0,0,1,2,1,0,.200,.333,.200,.533
Mike M Ekstrom,SD,8,1,0,0,0,0,0,0,0,1,0,0,.000,.000,.000,.000
Conor C Gillaspie,SF,8,5,1,1,0,0,0,0,2,0,0,0,.200,.429,.200,.629
Carlos C Guevara,SD,8,0,0,0,0,0,0,0,0,0,0,0,.000,.000,.000,.000
J. A. J Happ,PHI,8,7,0,0,0,0,0,0,0,4,0,0,.000,.000,.000,.000
Cameron C Maybin,FLA,8,32,9,16,2,0,0,2,3,8,4,0,.500,.543,.563,1.105
Josh J Newman,COL,8,0,0,0,0,0,0,0,0,0,0,0,.000,.000,.000,.000
Ross R Ohlendorf,PIT,8,7,0,0,0,0,0,0,0,2,0,0,.000,.000,.000,.000
Tomas T Perez,HOU,8,10,0,2,0,0,0,0,0,2,0,0,.200,.200,.200,.400
Jeff J Ridgway,ATL,8,0,0,0,0,0,0,0,0,0,0,0,.000,.000,.000,.000
Ricardo R Rincon,NYM,8,0,0,0,0,0,0,0,0,0,0,0,.000,.000,.000,.000
Eider E Torres,BAL,8,9,2,2,0,0,0,0,0,2,0,0,.222,.222,.222,.444
Derrick D Turnbow,MIL,8,0,0,0,0,0,0,0,0,0,0,0,.000,.000,.000,.000
Matt M Wise,NYM,8,0,0,0,0,0,0,0,0,0,0,0,.000,.000,.000,.000
Brady B Clark,NYM,7,8,0,2,0,0,0,1,1,2,1,0,.250,.400,.250,.650
Mike M Di Felice,TB,7,20,1,6,1,0,0,4,1,1,0,0,.300,.364,.350,.714
Lee L Gardner,FLA,7,1,0,0,0,0,0,0,0,0,0,0,.000,.000,.000,.000
Daniel D Herrera,CIN,7,0,0,0,0,0,0,0,0,0,0,0,.000,.000,.000,.000
Chuck C James,ATL,7,8,0,0,0,0,0,0,0,4,0,0,.000,.000,.000,.000
Elliot E Johnson D,TB,7,19,0,3,0,0,0,0,0,7,0,1,.158,.158,.158,.316
Josh J Kinney,STL,7,0,0,0,0,0,0,0,0,0,0,0,.000,.000,.000,.000
Esteban E Loaiza,LAD,7,6,1,2,0,0,0,1,0,1,0,0,.333,.333,.333,.667
Ramon R Martinez,NYM,7,16,0,4,3,0,0,3,2,3,0,0,.250,.333,.438,.771
Edwin E Maysonet S,HOU,7,7,0,1,0,0,0,0,0,2,0,0,.143,.143,.143,.286
Peter P Moylan,ATL,7,0,0,0,0,0,0,0,0,0,0,0,.000,.000,.000,.000
Jailen J Peguero,ARI,7,0,0,0,0,0,0,0,0,0,0,0,.000,.000,.000,.000
Levale L Speigner,WSH,7,0,0,0,0,0,0,0,0,0,0,0,.000,.000,.000,.000
Erick E Threets,SF,7,0,0,0,0,0,0,0,0,0,0,0,.000,.000,.000,.000
Brett B Tomko,SD,7,4,0,0,0,0,0,0,0,2,0,0,.000,.000,.000,.000
Josh J Whitesell,ARI,7,7,1,2,0,0,1,1,1,2,0,0,.286,.444,.714,1.159
Bobby B Wilson,LAA,7,6,0,1,0,0,0,1,1,3,0,0,.167,.286,.167,.452
Matt M Belisle,CIN,6,8,0,1,0,0,0,0,0,3,0,0,.125,.125,.125,.250
Mitchell M Boggs,STL,6,8,0,0,0,0,0,0,0,5,0,0,.000,.000,.000,.000
Jason J Bourgeois,CWS,6,3,0,1,1,0,0,0,0,0,0,0,.333,.333,.667,1.000
Brooks B Conrad,OAK,6,19,0,3,1,0,0,2,0,9,0,0,.158,.158,.211,.368
Chad C Cordero,WSH,6,0,0,0,0,0,0,0,0,0,0,0,.000,.000,.000,.000
Frankie F De La Cruz,FLA,6,2,0,0,0,0,0,0,0,2,0,0,.000,.000,.000,.000
Greg G Golson,PHI,6,6,2,0,0,0,0,0,0,4,1,0,.000,.000,.000,.000
Angel A Guzman,CHC,6,0,0,0,0,0,0,0,0,0,0,0,.000,.000,.000,.000
Brad B Harman,PHI,6,10,1,1,1,0,0,1,1,1,0,0,.100,.182,.200,.382
Zach Z Miner,DET,6,0,0,0,0,0,0,0,0,0,0,0,.000,.000,.000,.000
Bobby B Parnell,NYM,6,0,0,0,0,0,0,0,0,0,0,0,.000,.000,.000,.000
Chad C Paronto,HOU,6,2,0,0,0,0,0,0,0,2,0,0,.000,.000,.000,.000
James J Parr,ATL,6,8,1,2,1,0,0,0,2,4,0,0,.250,.400,.375,.775
Rafael R Perez,CLE,6,0,0,0,0,0,0,0,0,0,0,0,.000,.000,.000,.000
Dennys D Reyes,MIN,6,0,0,0,0,0,0,0,0,0,0,0,.000,.000,.000,.000
Connor C Robertson,ARI,6,0,0,0,0,0,0,0,0,0,0,0,.000,.000,.000,.000
Freddy F Sandoval D,LAA,6,6,0,1,0,0,0,0,1,0,0,0,.167,.286,.167,.452
John J Smoltz,ATL,6,8,0,0,0,0,0,1,0,2,0,0,.000,.000,.000,.000
Phil P Stockman,ATL,6,0,0,0,0,0,0,0,0,0,0,0,.000,.000,.000,.000
Terry T Tiffee,LAD,6,4,0,1,0,0,0,0,0,0,0,0,.250,.400,.250,.650
Les L Walrond,PHI,6,1,0,0,0,0,0,0,0,0,0,0,.000,.000,.000,.000
David D Aardsma,BOS,5,1,0,0,0,0,0,0,0,1,0,0,.000,.000,.000,.000
Eliezer E Alfonzo,SF,5,11,0,1,0,0,0,1,0,4,0,0,.091,.091,.091,.182
Jose J Ascanio,CHC,5,0,0,0,0,0,0,0,0,0,0,0,.000,.000,.000,.000
Cedrick C Bowers,COL,5,0,1,0,0,0,0,0,1,0,0,0,.000,1.000,.000,1.000
Chad C Bradford,BAL,5,0,0,0,0,0,0,0,0,0,0,0,.000,.000,.000,.000
Roy R Corcoran,SEA,5,1,0,0,0,0,0,0,0,1,0,0,.000,.000,.000,.000
Lance L Cormier,BAL,5,4,0,0,0,0,0,0,0,3,0,0,.000,.000,.000,.000
Jesse J Crain,MIN,5,0,0,0,0,0,0,0,0,0,0,0,.000,.000,.000,.000
Octavio O Dotel,CWS,5,0,0,0,0,0,0,0,0,0,0,0,.000,.000,.000,.000
Kyle K Farnsworth,NYY,5,0,0,0,0,0,0,0,0,0,0,0,.000,.000,.000,.000
Keith K Foulke,OAK,5,0,0,0,0,0,0,0,0,0,0,0,.000,.000,.000,.000
Jason J Frasor,TOR,5,0,0,0,0,0,0,0,0,0,0,0,.000,.000,.000,.000
Josh J Geer,SD,5,9,1,1,0,0,0,1,1,4,0,0,.111,.200,.111,.311
Matt M Guerrier,MIN,5,0,0,0,0,0,0,0,0,0,0,0,.000,.000,.000,.000
Michel M Hernandez,TB,5,15,2,3,0,0,0,0,0,3,0,0,.200,.200,.200,.400
Yoslan Y Herrera,PIT,5,7,1,1,0,0,0,0,0,1,0,0,.143,.143,.143,.286
Rich R Hill,CHC,5,7,0,0,0,0,0,0,0,2,0,0,.000,.000,.000,.000
J. P. J Howell,TB,5,1,0,0,0,0,0,0,0,1,0,0,.000,.000,.000,.000
John J Jaso,TB,5,10,2,2,0,0,0,0,0,2,0,0,.200,.200,.200,.400
Wade W Le Blanc,SD,5,8,0,3,0,0,0,0,0,3,0,0,.375,.375,.375,.750
Scott S Linebrink,CWS,5,0,0,0,0,0,0,0,0,0,0,0,.000,.000,.000,.000
Ron R Mahay,KC,5,0,0,0,0,0,0,0,0,0,0,0,.000,.000,.000,.000
Shairon S Martis,WSH,5,7,0,0,0,0,0,0,1,2,0,0,.000,.125,.000,.125
Juan J Miranda,NYY,5,10,2,4,1,0,0,1,2,4,0,0,.400,.500,.500,1.000
Franklin F Morales,COL,5,10,1,1,0,0,0,0,0,2,0,0,.100,.100,.100,.200
Matt M Morris,PIT,5,7,0,2,1,0,0,1,0,4,0,0,.286,.286,.429,.714
Michael M Morse R,SEA,5,9,0,2,1,0,0,0,1,4,0,0,.222,.364,.333,.697
Joe J Nathan,MIN,5,0,0,0,0,0,0,0,0,0,0,0,.000,.000,.000,.000
Michael M O' Connor,WSH,5,2,0,0,0,0,0,0,0,1,0,0,.000,.000,.000,.000
Hideki H Okajima,BOS,5,0,0,0,0,0,0,0,0,0,0,0,.000,.000,.000,.000
Ramon R Ramirez,CIN,5,10,1,1,0,0,0,0,0,3,0,0,.100,.100,.100,.200
Ramon E R Ramirez,KC,5,0,0,0,0,0,0,0,0,0,0,0,.000,.000,.000,.000
Josh J Roenicke,CIN,5,0,0,0,0,0,0,0,0,0,0,0,.000,.000,.000,.000
Josh J Rupe,TEX,5,0,0,0,0,0,0,0,0,0,0,0,.000,.000,.000,.000
B. J. B Ryan,TOR,5,0,0,0,0,0,0,0,0,0,0,0,.000,.000,.000,.000
Gaby G Sanchez,FLA,5,8,0,3,2,0,0,1,0,2,0,0,.375,.375,.625,1.000
Dennis D Sarfate,BAL,5,0,0,0,0,0,0,0,0,0,0,0,.000,.000,.000,.000
Bobby B Seay,DET,5,0,0,0,0,0,0,0,0,0,0,0,.000,.000,.000,.000
George G Sherrill,BAL,5,0,0,0,0,0,0,0,0,0,0,0,.000,.000,.000,.000
Jose J Veras,NYY,5,0,0,0,0,0,0,0,0,0,0,0,.000,.000,.000,.000
Dan D Wheeler,TB,5,0,0,0,0,0,0,0,0,0,0,0,.000,.000,.000,.000
Jon J Adkins,CIN,4,0,0,0,0,0,0,0,0,0,0,0,.000,.000,.000,.000
Jose J Arredondo,LAA,4,0,0,0,0,0,0,0,0,0,0,0,.000,.000,.000,.000
Brian B Bass,MIN,4,0,0,0,0,0,0,0,0,0,0,0,.000,.000,.000,.000
Miguel M Batista,SEA,4,0,0,0,0,0,0,0,0,0,0,0,.000,.000,.000,.000
Reid R Brignac S,TB,4,10,1,0,0,0,0,0,1,5,0,0,.000,.091,.000,.091
Jesse J Carlson,TOR,4,0,0,0,0,0,0,0,0,0,0,0,.000,.000,.000,.000
Chris C Carpenter,STL,4,5,0,0,0,0,0,0,0,3,0,0,.000,.000,.000,.000
Howie H Clark,MIN,4,8,0,2,2,0,0,1,0,2,0,0,.250,.250,.500,.750
Manny M Delcarmen,BOS,4,0,0,0,0,0,0,0,0,0,0,0,.000,.000,.000,.000
Elmer E Dessens,ATL,4,0,0,0,0,0,0,0,0,0,0,0,.000,.000,.000,.000
Freddy F Dolsi,DET,4,1,0,0,0,0,0,0,0,1,0,0,.000,.000,.000,.000
Scott S Downs,TOR,4,0,0,0,0,0,0,0,0,0,0,0,.000,.000,.000,.000
A. J. A Ellis,LAD,4,3,1,0,0,0,0,0,0,2,0,0,.000,.000,.000,.000
Alan A Embree,OAK,4,0,0,0,0,0,0,0,0,0,0,0,.000,.000,.000,.000
Frank F Francisco,TEX,4,0,0,0,0,0,0,0,0,0,0,0,.000,.000,.000,.000
Yovani Y Gallardo,MIL,4,9,0,1,1,0,0,0,0,1,0,0,.111,.111,.222,.333
Gary G Glover,TB,4,0,0,0,0,0,0,0,0,0,0,0,.000,.000,.000,.000
Enrique E Gonzalez,SD,4,0,0,0,0,0,0,0,0,0,0,0,.000,.000,.000,.000
Sean S Green,SEA,4,1,0,0,0,0,0,0,0,1,0,0,.000,.000,.000,.000
Charlie C Haeger,SD,4,1,0,1,0,0,0,0,0,0,0,0,1.000,1.000,1.000,2.000
Sean S Henn,SD,4,0,0,0,0,0,0,0,0,0,0,0,.000,.000,.000,.000
Runelvys R Hernandez,HOU,4,4,0,1,0,0,0,1,1,2,0,0,.250,.400,.250,.650
Jason J Hirsh,COL,4,4,0,0,0,0,0,0,0,2,0,0,.000,.000,.000,.000
Bobby B Jenks,CWS,4,0,0,0,0,0,0,0,0,0,0,0,.000,.000,.000,.000
Todd T Jones,DET,4,0,0,0,0,0,0,0,0,0,0,0,.000,.000,.000,.000
Brandon B Knight,NYM,4,3,0,0,0,0,0,0,0,2,0,0,.000,.000,.000,.000
Masa M Kobayashi,CLE,4,0,0,0,0,0,0,0,0,0,0,0,.000,.000,.000,.000
Eddie E Kunz,NYM,4,0,0,0,0,0,0,0,0,0,0,0,.000,.000,.000,.000
Mark M Lowe,SEA,4,1,0,0,0,0,0,0,0,1,0,0,.000,.000,.000,.000
James J Mc Donald,LAD,4,0,0,0,0,0,0,0,0,0,0,0,.000,.000,.000,.000
Trever T Miller,TB,4,0,0,0,0,0,0,0,0,0,0,0,.000,.000,.000,.000
Scott S Moore,BAL,4,8,1,1,0,0,1,1,1,3,0,0,.125,.222,.500,.722
Jonathan J Papelbon,BOS,4,0,0,0,0,0,0,0,0,0,0,0,.000,.000,.000,.000
Troy T Percival,TB,4,0,0,0,0,0,0,0,0,0,0,0,.000,.000,.000,.000
Jason J Perry R,ATL,4,17,0,2,0,1,0,1,0,4,0,0,.118,.118,.235,.353
Paul P Phillips,CWS,4,2,0,0,0,0,0,0,0,1,0,0,.000,.000,.000,.000
Edwar E Ramirez,NYY,4,0,0,0,0,0,0,0,0,0,0,0,.000,.000,.000,.000
Chad C Reineke,SD,4,6,1,1,0,0,0,1,0,4,0,0,.167,.167,.167,.333
Francisco F Rodríguez Rodriguez,LAA,4,0,0,0,0,0,0,0,0,0,0,0,.000,.000,.000,.000
Ryan R Rowland- Smith,SEA,4,0,0,0,0,0,0,0,0,0,0,0,.000,.000,.000,.000
Chris C Schroder,WSH,4,0,0,0,0,0,0,0,0,0,0,0,.000,.000,.000,.000
Kevin K Slowey,MIN,4,8,1,2,1,0,0,2,0,1,0,0,.250,.250,.375,.625
Chris C Snelling,PHI,4,4,1,2,1,0,1,1,0,0,0,0,.500,.500,1.500,2.000
Joakim J Soria,KC,4,0,0,0,0,0,0,0,0,0,0,0,.000,.000,.000,.000
Huston H Street,OAK,4,0,0,0,0,0,0,0,0,0,0,0,.000,.000,.000,.000
Matt M Thornton,CWS,4,0,0,0,0,0,0,0,0,0,0,0,.000,.000,.000,.000
Joe J Thurston L,BOS,4,8,0,0,0,0,0,0,0,1,0,0,.000,.111,.000,.111
Andy A Tracy,PHI,4,2,0,0,0,0,0,1,1,1,0,0,.000,.250,.000,.250
Rick R Van Den Hurk,FLA,4,3,0,0,0,0,0,0,0,2,0,0,.000,.000,.000,.000
Jarrod J Washburn,SEA,4,6,1,0,0,0,0,0,0,2,0,0,.000,.000,.000,.000
Mark M Worrell,STL,4,2,1,1,0,0,1,3,0,0,0,0,.500,.500,2.000,2.500
Tony T Armas,NYM,3,3,0,0,0,0,0,0,0,0,0,0,.000,.000,.000,.000
Jimmy J Barthmaier,PIT,3,3,0,0,0,0,0,0,0,1,0,0,.000,.000,.000,.000
Edwin E Bellorin,COL,3,3,0,1,0,0,0,0,0,0,0,0,.333,.333,.333,.667
Joaquin J Benoit,TEX,3,0,0,0,0,0,0,0,0,0,0,0,.000,.000,.000,.000
Rafael R Betancourt,CLE,3,0,0,0,0,0,0,0,0,0,0,0,.000,.000,.000,.000
Craig C Breslow,MIN,3,0,0,0,0,0,0,0,0,0,0,0,.000,.000,.000,.000
Shawn S Camp,TOR,3,0,0,0,0,0,0,0,0,0,0,0,.000,.000,.000,.000
Francisco F Cervelli,NYY,3,5,0,0,0,0,0,0,0,3,0,0,.000,.000,.000,.000
John J Danks,CWS,3,6,0,1,0,0,0,0,1,2,0,0,.167,.286,.167,.452
Robinzon R Diaz,PIT,3,10,0,3,0,0,0,1,0,2,1,0,.300,.300,.300,.600
Chad C Fox,CHC,3,0,0,0,0,0,0,0,0,0,0,0,.000,.000,.000,.000
Zack Z Greinke,KC,3,7,0,2,1,0,0,0,0,1,0,0,.286,.286,.429,.714
Eddie E Guardado,TEX,3,0,0,0,0,0,0,0,0,0,0,0,.000,.000,.000,.000
Jeremy J Guthrie,BAL,3,5,0,1,1,0,0,0,0,3,0,0,.200,.200,.400,.600
J. R. J House,HOU,3,3,0,0,0,0,0,1,0,1,0,0,.000,.000,.000,.000
Jim J Johnson,BAL,3,0,0,0,0,0,0,0,0,0,0,0,.000,.000,.000,.000
George G Kottaras,BOS,3,5,1,1,1,0,0,0,0,2,0,0,.200,.200,.400,.600
Boone B Logan,CWS,3,0,0,0,0,0,0,0,0,0,0,0,.000,.000,.000,.000
Javier J López Lopez,BOS,3,1,0,0,0,0,0,0,0,1,0,0,.000,.000,.000,.000
Kevin K Millwood,TEX,3,4,1,1,1,0,0,0,1,2,0,0,.250,.400,.500,.900
Brandon B Morrow,SEA,3,1,0,0,0,0,0,0,0,0,0,0,.000,.000,.000,.000
Mark M Mulder,STL,3,0,0,0,0,0,0,0,0,0,0,0,.000,.000,.000,.000
Jonathon J Niese,NYM,3,6,0,1,0,0,0,0,0,4,0,0,.167,.167,.167,.333
Matt M Palmer,SF,3,4,0,1,0,0,0,0,1,2,0,0,.250,.400,.250,.650
Scott S Patterson,SD,3,0,0,0,0,0,0,0,0,0,0,0,.000,.000,.000,.000
Adam A Pettyjohn,CIN,3,1,0,0,0,0,0,0,0,0,0,0,.000,.000,.000,.000
Juan J Rincon,MIN,3,0,0,0,0,0,0,0,0,0,0,0,.000,.000,.000,.000
David D Robertson,NYY,3,0,0,0,0,0,0,0,0,0,0,0,.000,.000,.000,.000
Angel A Salome,MIL,3,3,0,0,0,0,0,0,0,1,0,0,.000,.000,.000,.000
Scot S Shields,LAA,3,0,0,0,0,0,0,0,0,0,0,0,.000,.000,.000,.000
Andy A Sonnanstine,TB,3,5,2,2,0,0,0,0,2,3,0,0,.400,.571,.400,.971
Justin J Speier,LAA,3,0,0,0,0,0,0,0,0,0,0,0,.000,.000,.000,.000
Tanyon T Sturtze,LAD,3,0,0,0,0,0,0,0,0,0,0,0,.000,.000,.000,.000
R. J. R Swindle,PHI,3,2,0,0,0,0,0,1,0,0,0,0,.000,.000,.000,.000
Brian B Tallet,TOR,3,0,0,0,0,0,0,0,0,0,0,0,.000,.000,.000,.000
Gil G Velazquez,BOS,3,8,0,1,0,0,0,1,0,0,0,0,.125,.125,.125,.250
Jamie J Walker,BAL,3,0,0,0,0,0,0,0,0,0,0,0,.000,.000,.000,.000
Randy R Wells,CHC,3,0,0,0,0,0,0,0,0,0,0,0,.000,.000,.000,.000
C. J. C Wilson,TEX,3,0,0,0,0,0,0,0,0,0,0,0,.000,.000,.000,.000
Jason J Wood,FLA,3,2,0,0,0,0,0,0,1,1,0,0,.000,.333,.000,.333
Jamey J Wright,TEX,3,0,0,0,0,0,0,0,0,0,0,0,.000,.000,.000,.000
Yasuhiko Y Yabuta,KC,3,0,0,0,0,0,0,0,0,0,0,0,.000,.000,.000,.000
Brad B Ziegler,OAK,3,0,0,0,0,0,0,0,0,0,0,0,.000,.000,.000,.000
Matt M Albers,BAL,2,0,0,0,0,0,0,0,0,0,0,0,.000,.000,.000,.000
Scott S Baker,MIN,2,2,1,1,0,0,0,0,0,1,0,0,.500,.500,.500,1.000
Brian B Bannister,KC,2,4,0,1,0,0,0,0,0,0,0,0,.250,.250,.250,.500
Josh J Beckett,BOS,2,6,0,0,0,0,0,0,0,3,0,0,.000,.000,.000,.000
Erik E Bedard,SEA,2,4,0,2,0,0,0,0,0,2,0,0,.500,.500,.500,1.000
Doug D Bernier,COL,2,4,0,0,0,0,0,0,0,1,0,0,.000,.000,.000,.000
Boof B Bonser,MIN,2,0,0,0,0,0,0,0,0,0,0,0,.000,.000,.000,.000
Joe J Borowski,CLE,2,0,0,0,0,0,0,0,0,0,0,0,.000,.000,.000,.000
Chris C Britton,NYY,2,0,0,0,0,0,0,0,0,0,0,0,.000,.000,.000,.000
Mark M Buehrle,CWS,2,6,0,1,0,0,0,0,0,3,0,0,.167,.167,.167,.333
Ryan R Bukvich,BAL,2,0,0,0,0,0,0,0,0,0,0,0,.000,.000,.000,.000
A. J. A Burnett,TOR,2,3,0,0,0,0,0,0,0,1,0,0,.000,.000,.000,.000
Paul P Byrd,CLE,2,5,0,0,0,0,0,0,0,2,0,0,.000,.000,.000,.000
Daniel D Cabrera,BAL,2,5,0,0,0,0,0,0,0,5,0,0,.000,.000,.000,.000
Joba J Chamberlain,NYY,2,3,0,0,0,0,0,0,1,1,0,0,.000,.250,.000,.250
Francisco F Cruceta,DET,2,0,0,0,0,0,0,0,0,0,0,0,.000,.000,.000,.000
Valerio V De Los Santos,COL,2,3,0,0,0,0,0,0,0,2,0,0,.000,.000,.000,.000
Matt M De Salvo,ATL,2,0,0,0,0,0,0,0,0,0,0,0,.000,.000,.000,.000
Jesus J Delgado,FLA,2,0,0,0,0,0,0,0,0,0,0,0,.000,.000,.000,.000
R. A. R Dickey,SEA,2,4,1,1,0,0,0,0,0,0,0,0,.250,.250,.250,.500
Justin J Duchscherer,OAK,2,6,0,0,0,0,0,0,0,6,0,0,.000,.000,.000,.000
Scott S Elarton,CLE,2,0,0,0,0,0,0,0,0,0,0,0,.000,.000,.000,.000
Dana D Eveland,OAK,2,4,0,1,0,0,0,0,1,2,0,0,.250,.400,.250,.650
Scott S Feldman,TEX,2,3,0,1,0,0,0,0,0,1,0,0,.333,.333,.333,.667
Jeff J Fiorentino C,OAK,2,1,0,1,0,0,0,1,0,0,0,0,1.000,1.000,1.000,2.000
Gavin G Floyd,CWS,2,3,0,0,0,0,0,0,0,3,0,0,.000,.000,.000,.000
Casey C Fossum,DET,2,0,0,0,0,0,0,0,0,0,0,0,.000,.000,.000,.000
Jeff J Fulchino,KC,2,0,0,0,0,0,0,0,0,0,0,0,.000,.000,.000,.000
Kason K Gabbard,TEX,2,4,0,1,0,0,0,0,0,1,0,0,.250,.250,.250,.500
Armando A Galarraga,DET,2,2,2,0,0,0,0,0,3,1,0,0,.000,.600,.000,.600
Mat M Gamel,MIL,2,2,0,1,1,0,0,0,0,1,0,0,.500,.500,1.000,1.500
Matt M Garza,TB,2,4,0,0,0,0,0,0,1,3,0,0,.000,.200,.000,.200
Jimmy J Gobble,KC,2,0,0,0,0,0,0,0,0,0,0,0,.000,.000,.000,.000
Roy R Halladay,TOR,2,4,0,0,0,0,0,0,0,2,0,0,.000,.000,.000,.000
Jason J Hammel,TB,2,0,0,0,0,0,0,0,0,0,0,0,.000,.000,.000,.000
Edwin E Jackson,TB,2,4,0,0,0,0,0,0,1,1,0,0,.000,.200,.000,.200
Charlton C Jimerson L,SEA,2,1,1,0,0,0,0,0,0,0,0,0,.000,.000,.000,.000
Ryan R Jorgensen,MIN,2,1,0,0,0,0,0,0,0,0,0,0,.000,.000,.000,.000
Bobby B Korecky,MIN,2,1,0,1,0,0,0,0,0,0,0,0,1.000,1.000,1.000,2.000
John J Lackey,LAA,2,6,0,0,0,0,0,0,0,3,0,0,.000,.000,.000,.000
Cliff C Lee,CLE,2,5,0,0,0,0,0,0,0,4,0,0,.000,.000,.000,.000
Jon J Lester,BOS,2,5,0,0,0,0,0,0,0,2,0,0,.000,.000,.000,.000
Jensen J Lewis,CLE,2,0,0,0,0,0,0,0,0,0,0,0,.000,.000,.000,.000
Jesse J Litsch,TOR,2,3,0,0,0,0,0,0,0,0,0,0,.000,.000,.000,.000
Radhames R Liz,BAL,2,6,1,0,0,0,0,0,0,3,0,0,.000,.000,.000,.000
Hector H Luna,TOR,2,1,0,1,0,0,0,0,0,0,0,1,1.000,1.000,1.000,2.000
Shaun S Marcum,TOR,2,2,0,0,0,0,0,0,0,0,0,0,.000,.000,.000,.000
Justin J Masterson,BOS,2,5,0,0,0,0,0,0,0,4,0,0,.000,.000,.000,.000
Dustin D Mc Gowan,TOR,2,3,0,0,0,0,0,0,0,1,0,0,.000,.000,.000,.000
Luis L Mendoza,TEX,2,1,0,0,0,0,0,0,0,1,0,0,.000,.000,.000,.000
Gustavo G Molina,NYM,2,7,0,1,0,0,0,0,1,1,0,0,.143,.250,.143,.393
Mike M Mussina,NYY,2,5,0,1,0,0,0,0,0,0,0,0,.200,.200,.200,.400
Abraham O. A Nunez,NYM,2,2,0,0,0,0,0,0,0,0,0,0,.000,.000,.000,.000
Garrett G Olson,BAL,2,3,1,1,0,0,0,1,0,0,0,0,.333,.250,.333,.583
Glen G Perkins,MIN,2,3,0,0,0,0,0,0,0,3,0,0,.000,.000,.000,.000
Carmen C Pignatiello,CHC,2,0,0,0,0,0,0,0,0,0,0,0,.000,.000,.000,.000
Darrell D Rasner,NYY,2,1,0,0,0,0,0,0,2,1,0,0,.000,.667,.000,.667
Al A Reyes,TB,2,0,0,0,0,0,0,0,0,0,0,0,.000,.000,.000,.000
Nate N Robertson,DET,2,4,0,0,0,0,0,0,0,3,0,0,.000,.000,.000,.000
Fernando F Rodney,DET,2,0,0,0,0,0,0,0,0,0,0,0,.000,.000,.000,.000
Ervin E Santana,LAA,2,6,0,0,0,0,0,0,0,2,0,0,.000,.000,.000,.000
Joe J Saunders,LAA,2,3,0,0,0,0,0,0,0,2,0,0,.000,.000,.000,.000
James J Shields,TB,2,4,2,1,0,0,0,1,1,0,0,0,.250,.400,.250,.650
Carlos C Silva,SEA,2,4,0,0,0,0,0,0,0,3,0,0,.000,.000,.000,.000
Greg G Smith,OAK,2,2,0,1,0,0,0,0,0,1,0,0,.500,.500,.500,1.000
Jeremy J Sowers,CLE,2,1,0,0,0,0,0,0,1,1,0,0,.000,.500,.000,.500
Daryl D Thompson,CIN,2,2,2,0,0,0,0,0,0,0,0,0,.000,.000,.000,.000
Mike M Timlin,BOS,2,0,0,0,0,0,0,0,0,0,0,0,.000,.000,.000,.000
Clay C Timpner L,SF,2,2,0,0,0,0,0,0,0,2,0,0,.000,.000,.000,.000
Justin J Verlander,DET,2,5,0,0,0,0,0,0,0,3,0,0,.000,.000,.000,.000
Ehren E Wassermann,CWS,2,0,0,0,0,0,0,0,0,0,0,0,.000,.000,.000,.000
Jered J Weaver,LAA,2,4,0,0,0,0,0,0,0,2,0,0,.000,.000,.000,.000
Jared J Wells,SD,2,0,0,0,0,0,0,0,0,0,0,0,.000,.000,.000,.000
Brian B Wolfe,TOR,2,0,0,0,0,0,0,0,0,0,0,0,.000,.000,.000,.000
Joel J Zumaya,DET,2,0,0,0,0,0,0,0,0,0,0,0,.000,.000,.000,.000
Grant G Balfour,TB,1,1,0,0,0,0,0,0,0,1,0,0,.000,.000,.000,.000
Rick R Bauer,CLE,1,0,0,0,0,0,0,0,0,0,0,0,.000,.000,.000,.000
Armando A Benitez,TOR,1,0,0,0,0,0,0,0,0,0,0,0,.000,.000,.000,.000
Nick N Blackburn,MIN,1,3,0,1,0,0,0,0,0,0,0,0,.333,.333,.333,.667
Jeremy J Bonderman,DET,1,1,0,0,0,0,0,0,0,0,0,0,.000,.000,.000,.000
Eddie E Bonine,DET,1,2,0,0,0,0,0,0,0,0,0,0,.000,.000,.000,.000
Yhency Y Brazoban,LAD,1,0,0,0,0,0,0,0,0,0,0,0,.000,.000,.000,.000
Andrew A Brown,OAK,1,0,0,0,0,0,0,0,0,0,0,0,.000,.000,.000,.000
Francisley F Bueno,ATL,1,0,0,0,0,0,0,0,0,0,0,0,.000,.000,.000,.000
Brian B Burres,BAL,1,0,0,0,0,0,0,0,0,0,0,0,.000,.000,.000,.000
Fernando F Cabrera,BAL,1,0,0,0,0,0,0,0,0,0,0,0,.000,.000,.000,.000
Kiko K Calero,OAK,1,0,0,0,0,0,0,0,0,0,0,0,.000,.000,.000,.000
Andy A Cannizaro S,TB,1,1,0,0,0,0,0,0,0,0,0,0,.000,.000,.000,.000
Jose J Capellan,COL,1,1,0,0,0,0,0,0,0,1,0,0,.000,.000,.000,.000
Drew D Carpenter,PHI,1,0,0,0,0,0,0,0,0,0,0,0,.000,.000,.000,.000
Alberto A Castillo,BAL,1,0,0,0,0,0,0,0,0,0,0,0,.000,.000,.000,.000
Tyler T Clippard,WSH,1,1,0,1,0,0,0,0,0,0,0,0,1.000,1.000,1.000,2.000
Bartolo B Colon,BOS,1,2,0,0,0,0,0,0,0,2,0,0,.000,.000,.000,.000
Jose J Contreras,CWS,1,1,0,0,0,0,0,0,0,1,0,0,.000,.000,.000,.000
Kyle K Davies,KC,1,2,0,0,0,0,0,0,0,1,0,0,.000,.000,.000,.000
Joey J Devine,OAK,1,0,0,0,0,0,0,0,0,0,0,0,.000,.000,.000,.000
Kevin K Frandsen,SF,1,1,0,0,0,0,0,0,0,0,0,0,.000,.000,.000,.000
Jon J Garland,LAA,1,2,0,0,0,0,0,1,1,0,0,0,.000,.333,.000,.333
Dan D Giese,NYY,1,0,0,0,0,0,0,0,0,0,0,0,.000,.000,.000,.000
Felix F Hernández Hernandez,SEA,1,1,1,1,0,0,1,4,0,0,0,0,1.000,1.000,4.000,5.000
Roberto R Hernandez,CLE,1,3,0,0,0,0,0,0,0,1,0,0,.000,.000,.000,.000
Luke L Hochevar,KC,1,3,0,0,0,0,0,0,0,3,0,0,.000,.000,.000,.000
Eric E Hurley,TEX,1,2,0,1,0,0,0,0,0,1,0,0,.500,.500,.500,1.000
Kei K Igawa,NYY,1,0,0,0,0,0,0,0,0,0,0,0,.000,.000,.000,.000
Zach Z Jackson,MIL,1,0,0,0,0,0,0,0,0,0,0,0,.000,.000,.000,.000
Scott S Kazmir,TB,1,2,0,0,0,0,0,0,0,1,0,0,.000,.000,.000,.000
Aaron A Laffey,CLE,1,2,0,1,0,0,0,0,0,0,0,0,.500,.500,.500,1.000
Aquilino A Lopez,DET,1,0,0,0,0,0,0,0,0,0,0,0,.000,.000,.000,.000
Lou L Marson,PHI,1,4,2,2,0,0,1,2,0,2,0,0,.500,.500,1.250,1.750
Doug D Mathis,TEX,1,0,0,0,0,0,0,0,0,0,0,0,.000,.000,.000,.000
Daisuke D Matsuzaka,BOS,1,2,0,0,0,0,0,0,0,2,0,0,.000,.000,.000,.000
Bob B Mc Crory,BAL,1,0,0,0,0,0,0,0,0,0,0,0,.000,.000,.000,.000
Gil G Meche,KC,1,4,1,1,0,0,0,1,0,1,0,0,.250,.250,.250,.500
Jai J Miller C,FLA,1,1,0,0,0,0,0,0,0,1,0,0,.000,.000,.000,.000
Juan J Morillo,COL,1,0,0,0,0,0,0,0,0,0,0,0,.000,.000,.000,.000
Jeff J Niemann,TB,1,0,0,0,0,0,0,0,0,0,0,0,.000,.000,.000,.000
Darren D O' Day,LAA,1,0,0,0,0,0,0,0,0,0,0,0,.000,.000,.000,.000
Darren D Oliver,LAA,1,0,0,0,0,0,0,0,0,0,0,0,.000,.000,.000,.000
Juan Carlos J Oviedo,KC,1,0,0,0,0,0,0,0,0,0,0,0,.000,.000,.000,.000
Vicente V Padilla,TEX,1,1,0,0,0,0,0,0,0,0,0,0,.000,.000,.000,.000
Andy A Pettitte,NYY,1,2,0,0,0,0,0,0,0,1,0,0,.000,.000,.000,.000
Sidney S Ponson,NYY,1,2,0,0,0,0,0,0,0,2,0,0,.000,.000,.000,.000
David D Purcey,TOR,1,1,0,0,0,0,0,0,0,1,0,0,.000,.000,.000,.000
J. J Putz,SEA,1,0,0,0,0,0,0,0,0,0,0,0,.000,.000,.000,.000
Clay C Rapada,DET,1,0,0,0,0,0,0,0,0,0,0,0,.000,.000,.000,.000
Mariano M Rivera,NYY,1,0,0,0,0,0,0,0,0,0,0,0,.000,.000,.000,.000
Ryan R Roberts,TEX,1,1,0,0,0,0,0,0,0,1,0,0,.000,.000,.000,.000
Kenny K Rogers,DET,1,1,0,0,0,0,0,0,0,1,0,0,.000,.000,.000,.000
Carlos C Rosa,KC,1,0,0,0,0,0,0,0,0,0,0,0,.000,.000,.000,.000
Vinny V Rottino,MIL,1,1,0,0,0,0,0,0,0,0,0,0,.000,.000,.000,.000
Adam A Russell,CWS,1,0,0,0,0,0,0,0,0,0,0,0,.000,.000,.000,.000
J. T. J Snow,SF,1,0,0,0,0,0,0,0,0,0,0,0,.000,.000,.000,.000
Chris C Stewart,NYY,1,3,0,0,0,0,0,0,0,1,0,0,.000,.000,.000,.000
Ty T Taubenheim,PIT,1,2,0,1,1,0,0,1,0,0,0,0,.500,.500,1.000,1.500
Robinson R Tejeda,TEX,1,0,0,0,0,0,0,0,0,0,0,0,.000,.000,.000,.000
Billy B Traber,NYY,1,0,0,0,0,0,0,0,0,0,0,0,.000,.000,.000,.000
Matt M Tupman,KC,1,1,0,1,0,0,0,0,0,0,0,0,1.000,1.000,1.000,2.000
Jason J Tyner L,CLE,1,2,0,0,0,0,0,0,0,0,0,0,.000,.333,.000,.333
Javier J Vazquez,CWS,1,2,0,0,0,0,0,0,0,1,0,0,.000,.000,.000,.000
Tim T Wakefield,BOS,1,3,0,0,0,0,0,0,0,3,0,0,.000,.000,.000,.000
Chien- Ming C Wang,NYY,1,3,1,0,0,0,0,0,0,2,0,0,.000,.000,.000,.000
