PLAYER,TEAM,W,L,ERA,GS,CG,SHO,SV,SVO,IP,H,R,ER,HR,HB,BB,SO,WHIP,AVG
Steve S Reed,COL,3,2,3.94,61,0,0,0,3,3,64.0,79,33,28,9,6,26,51,1.64,.306
Jose J Bautista,CHC,4,5,3.89,58,0,0,0,1,1,69.1,75,30,30,10,3,17,45,1.33,.284
Mel M Rojas,MON,3,2,3.32,58,0,0,0,16,16,84.0,71,35,31,11,4,21,84,1.10,.227
Dave D Burba,SF,3,6,4.38,57,0,0,0,0,0,74.0,59,39,36,5,6,45,84,1.41,.221
Mike M Munoz,COL,4,2,3.74,57,0,0,0,1,1,45.2,37,22,19,3,0,31,32,1.49,.223
Rich R Rodriguez,STL,3,5,4.03,56,0,0,0,0,0,60.1,62,30,27,6,1,26,43,1.46,.270
Bruce B Ruffin,COL,4,5,4.04,56,0,0,0,16,16,55.2,55,28,25,6,1,30,65,1.53,.253
Dan D Plesac,CHC,2,3,4.61,54,0,0,0,1,1,54.2,61,30,28,9,1,13,53,1.35,.279
Rob R Murphy,NYY,4,3,4.29,53,0,0,0,2,2,42.0,38,21,20,9,0,13,25,1.21,.238
Bob B Wickman,NYY,5,4,3.09,53,0,0,0,6,6,70.0,54,26,24,3,1,27,56,1.16,.213
John J Habyan,STL,1,0,3.23,52,0,0,0,1,1,47.1,50,17,17,2,0,20,46,1.48,.275
Chuck C Mc Elroy,CIN,1,2,2.34,52,0,0,0,5,5,57.2,52,15,15,3,0,15,38,1.16,.244
Heathcliff H Slocumb,PHI,5,1,2.86,52,0,0,0,0,0,72.1,75,32,23,0,2,28,58,1.42,.262
John J Wetteland,MON,4,6,2.83,52,0,0,0,25,25,63.2,46,22,20,5,3,21,68,1.05,.202
Greg G Mc Michael,ATL,4,6,3.84,51,0,0,0,21,21,58.2,66,29,25,1,0,19,47,1.45,.280
Jose J Mesa,CLE,7,5,3.82,51,0,0,0,2,2,73.0,71,33,31,3,3,26,63,1.33,.254
Johnny J Ruffin,CIN,7,2,3.09,51,0,0,0,1,1,70.0,57,26,24,7,0,27,44,1.20,.223
Mark M Wohlers,ATL,7,2,4.59,51,0,0,0,1,1,51.0,51,35,26,1,0,33,58,1.65,.264
Jeff J Brantley,CIN,6,6,2.48,50,0,0,0,15,15,65.1,46,20,18,6,0,28,63,1.13,.202
Billy B Brewer,KC,4,1,2.56,50,0,0,0,3,3,38.2,28,11,11,4,2,16,25,1.14,.207
Mark M Guthrie,MIN,4,2,6.14,50,2,0,0,1,1,51.1,65,43,35,8,2,18,38,1.62,.316
Chuck C Crim,CHC,5,4,4.48,49,1,0,0,2,2,64.1,69,36,32,9,1,24,43,1.45,.272
Mike M Stanton,ATL,3,1,3.55,49,0,0,0,3,3,45.2,41,18,18,2,3,26,35,1.47,.248
Carl C Willis,MIN,2,4,5.92,49,0,0,0,3,3,59.1,89,48,39,6,0,12,37,1.70,.335
Rod R Beck,SF,2,4,2.77,48,0,0,0,28,28,48.2,49,17,15,10,0,13,39,1.27,.261
Todd T Jones,HOU,5,2,2.72,48,0,0,0,5,5,72.2,52,23,22,3,1,26,63,1.07,.202
Pedro P Martinez,SD,3,2,2.90,48,1,0,0,3,3,68.1,52,31,22,4,1,49,52,1.48,.210
Willie W Blair,COL,0,5,5.79,47,1,0,0,3,3,77.2,98,57,50,9,4,39,68,1.76,.308
Cris C Carpenter,TEX,2,5,5.03,47,0,0,0,5,5,59.0,69,35,33,7,0,20,39,1.51,.291
John J Franco,NYM,1,4,2.70,47,0,0,0,30,30,50.0,47,20,15,2,1,19,42,1.32,.244
Trevor T Hoffman,SD,4,4,2.57,47,0,0,0,20,20,56.0,39,16,16,4,0,20,68,1.05,.193
Doug D Jones,PHI,2,4,2.17,47,0,0,0,27,27,54.0,55,14,13,2,0,6,38,1.13,.255
Roger R Mason,NYM,3,5,3.75,47,0,0,0,1,1,60.0,55,29,25,8,2,25,33,1.33,.243
Alan A Mills,BAL,3,3,5.16,47,0,0,0,2,2,45.1,43,26,26,7,2,24,44,1.48,.251
Bob B Patterson,CAL,2,3,4.07,47,0,0,0,1,1,42.0,35,21,19,6,2,15,30,1.19,.229
Matt M Whiteside,TEX,2,2,5.02,47,0,0,0,1,1,61.0,68,40,34,6,1,28,37,1.57,.286
Bobby B Ayala,SEA,4,3,2.86,46,0,0,0,18,18,56.2,42,25,18,2,0,26,76,1.20,.203
Steve S Bedrosian,ATL,0,2,3.33,46,0,0,0,0,0,46.0,41,20,17,4,2,18,43,1.28,.243
Joe J Boever,DET,9,2,3.98,46,0,0,0,3,3,81.1,80,40,36,12,2,37,49,1.44,.263
Ravelo R Manzanillo,PIT,4,2,4.14,46,0,0,0,1,1,50.0,45,30,23,4,3,42,39,1.74,.245
Jeff J Shaw,MON,5,2,3.88,46,0,0,0,1,1,67.1,67,32,29,8,2,15,47,1.22,.254
Rene R Arocha,STL,4,4,4.01,45,7,1,1,11,11,83.0,94,42,37,9,4,21,62,1.39,.287
Hector H Carrasco,CIN,5,6,2.24,45,0,0,0,6,6,56.1,42,17,14,3,2,30,41,1.28,.210
Mark M Dewey,PIT,2,1,3.68,45,0,0,0,1,1,51.1,61,22,21,4,3,19,30,1.56,.303
Dennis D Eckersley,OAK,5,4,4.26,45,0,0,0,19,19,44.1,49,26,21,5,1,13,47,1.40,.275
Roberto R Hernandez,CWS,4,4,4.91,45,0,0,0,14,14,47.2,44,29,26,5,1,19,50,1.32,.238
Richie R Lewis,FLA,1,4,5.67,45,0,0,0,0,0,54.0,62,44,34,7,1,38,45,1.85,.284
Hipolito H Pichardo,KC,5,3,4.92,45,0,0,0,3,3,67.2,82,42,37,4,7,24,36,1.57,.309
Rick R Aguilera,MIN,1,4,3.63,44,0,0,0,23,23,44.2,57,23,18,7,0,10,46,1.50,.306
Paul P Assenmacher,CWS,1,2,3.55,44,0,0,0,1,1,33.0,26,13,13,2,1,13,29,1.18,.224
Tony T Fossas,BOS,2,0,4.76,44,0,0,0,1,1,34.0,35,18,18,6,1,15,31,1.47,.263
Steve S Frey,SF,1,0,4.94,44,0,0,0,0,0,31.0,37,17,17,6,2,15,20,1.68,.322
Mike M Hampton,HOU,2,1,3.70,44,0,0,0,0,0,41.1,46,19,17,4,2,16,24,1.50,.282
Robb R Nen,FLA,5,5,2.95,44,0,0,0,15,15,58.0,46,20,19,6,0,17,60,1.09,.222
Yorkis Y Perez,FLA,3,0,3.54,44,0,0,0,0,0,40.2,33,18,16,4,1,14,41,1.16,.220
Mark M Eichhorn,BAL,6,5,2.15,43,0,0,0,1,1,71.0,62,19,17,1,5,19,35,1.14,.240
Graeme G Lloyd,MIL,2,3,5.17,43,0,0,0,3,3,47.0,49,28,27,4,3,15,31,1.36,.269
Darren D Oliver,TEX,4,0,3.42,43,0,0,0,2,2,50.0,40,24,19,4,6,35,50,1.50,.223
Rick R White,PIT,4,5,3.82,43,5,0,0,6,6,75.1,79,35,32,9,6,17,38,1.27,.280
Tim T Davis,SEA,2,2,4.01,42,1,0,0,2,2,49.1,57,25,22,4,1,25,28,1.66,.295
Jose J De Leon,CWS,3,2,3.36,42,0,0,0,2,2,67.0,48,28,25,5,6,31,67,1.18,.200
Tom T Edens,PHI,5,1,4.33,42,0,0,0,1,1,54.0,59,26,26,3,2,18,39,1.43,.288
Mike M Fetters,MIL,1,4,2.54,42,0,0,0,17,17,46.0,41,16,13,0,1,27,31,1.48,.243
Rick R Honeycutt,TEX,1,2,7.20,42,0,0,0,1,1,25.0,37,21,20,4,2,9,18,1.84,.349
John J Hudek,HOU,0,2,2.97,42,0,0,0,16,16,39.1,24,14,13,5,1,18,39,1.07,.174
Jeff J Montgomery,KC,2,3,4.03,42,0,0,0,27,27,44.2,48,21,20,5,1,15,50,1.41,.276
Jeff J Russell,CLE,1,6,5.09,42,0,0,0,17,17,40.2,43,25,23,5,1,16,28,1.45,.269
Ken K Ryan,BOS,2,3,2.44,42,0,0,0,13,13,48.0,46,14,13,1,1,17,32,1.31,.256
Tony T Castillo,TOR,5,2,2.51,41,0,0,0,1,1,68.0,66,22,19,7,3,28,43,1.38,.260
Eric E Plunk,CLE,7,2,2.54,41,0,0,0,3,3,71.0,61,25,20,3,2,37,73,1.38,.231
Lee L Smith,BAL,1,4,3.29,41,0,0,0,33,33,38.1,34,16,14,6,0,11,42,1.17,.239
Billy B Taylor,OAK,1,3,3.50,41,0,0,0,1,1,46.1,38,24,18,4,2,18,48,1.21,.220
Larry L Casian,CLE,1,5,7.35,40,0,0,0,1,1,49.0,73,43,40,12,2,16,20,1.82,.358
Bryan B Eversgerd,STL,2,3,4.52,40,1,0,0,0,0,67.2,75,36,34,8,2,20,47,1.40,.295
Joe J Grahe,CAL,2,5,6.65,40,0,0,0,13,13,43.1,68,33,32,5,6,18,26,1.98,.362
Buddy B Groom,DET,0,1,3.94,40,0,0,0,1,1,32.0,31,14,14,4,2,13,27,1.38,.256
Steve S Howe,NYY,3,0,1.80,40,0,0,0,15,15,40.0,28,8,8,2,0,7,18,0.88,.194
Jay J Howell,TEX,4,1,5.44,40,0,0,0,2,2,43.0,44,29,26,10,1,16,22,1.40,.262
Mark M Leiter,CAL,4,7,4.72,40,7,0,0,2,2,95.1,99,56,50,13,9,35,71,1.41,.265
Kirk K Mc Caskill,CWS,1,4,3.42,40,0,0,0,3,3,52.2,51,22,20,6,0,22,37,1.39,.252
Jesse J Orosco,MIL,3,1,5.08,40,0,0,0,0,0,39.0,32,26,22,4,2,26,36,1.49,.222
Tim T Scott,MON,5,2,2.70,40,0,0,0,1,1,53.1,51,17,16,0,2,18,37,1.29,.251
Gil G Heredia,MON,6,3,3.46,39,3,0,0,0,0,75.1,85,34,29,7,2,13,62,1.30,.281
Rich R Monteleone,SF,4,3,3.18,39,0,0,0,0,0,45.1,43,18,16,6,0,13,16,1.24,.253
Jeff J Tabaka,SD,3,1,5.27,39,0,0,0,1,1,41.0,32,29,24,1,0,27,32,1.44,.212
Greg G Cadaret,DET,1,1,4.73,38,0,0,0,2,2,40.0,41,24,21,4,0,33,29,1.85,.259
Dennis D Cook,CWS,3,1,3.55,38,0,0,0,0,0,33.0,29,17,13,4,0,14,26,1.30,.230
Mike M Gardiner,DET,2,2,4.14,38,1,0,0,5,5,58.2,53,35,27,10,0,23,31,1.30,.233
Greg G Harris,NYY,3,5,7.99,38,0,0,0,2,2,50.2,64,49,45,9,3,26,48,1.78,.312
Randy R Myers,CHC,1,5,3.79,38,0,0,0,21,21,40.1,40,18,17,3,0,16,32,1.39,.260
Jim J Poole,BAL,1,0,6.64,38,0,0,0,0,0,20.1,32,15,15,4,0,11,18,2.11,.372
Woody W Williams,TOR,1,3,3.64,38,0,0,0,0,0,59.1,44,24,24,5,2,33,56,1.30,.205
Todd T Worrell,LA,6,5,4.29,38,0,0,0,11,11,42.0,37,21,20,4,1,12,44,1.17,.236
Stan S Belinda,KC,2,2,5.14,37,0,0,0,1,1,49.0,47,36,28,6,5,24,37,1.45,.250
John J Briscoe,OAK,4,2,4.01,37,0,0,0,1,1,49.1,31,24,22,7,1,39,45,1.42,.185
Jim J Gott,LA,5,3,5.94,37,0,0,0,2,2,36.1,46,24,24,3,3,20,29,1.82,.322
Tom T Henke,TEX,3,6,3.79,37,0,0,0,15,15,38.0,33,16,16,6,0,12,39,1.18,.232
Chris C Howard,BOS,1,0,3.63,37,0,0,0,1,1,39.2,35,17,16,5,0,12,22,1.18,.233
Josias J Manzanillo,NYM,3,2,2.66,37,0,0,0,2,2,47.1,34,15,14,4,3,13,48,0.99,.200
Bill B Risley,SEA,9,6,3.44,37,0,0,0,0,0,52.1,31,20,20,7,0,19,61,0.96,.170
Rich R Gossage,SEA,3,0,4.18,36,0,0,0,1,1,47.1,44,23,22,6,3,15,29,1.25,.251
Michael M Jackson,SF,3,2,1.49,36,0,0,0,4,4,42.1,23,8,7,4,2,11,51,0.80,.164
Derek D Lilliquist,CLE,1,3,4.91,36,0,0,0,1,1,29.1,34,17,16,6,1,8,15,1.43,.304
Mike M Magnante,KC,2,3,4.60,36,1,0,0,0,0,47.0,55,27,24,5,0,16,21,1.51,.289
Rusty R Meacham,KC,3,3,3.73,36,0,0,0,4,4,50.2,51,23,21,7,2,12,36,1.24,.263
Dave D Otto,CHC,0,1,3.80,36,0,0,0,0,0,45.0,49,20,19,4,1,22,19,1.58,.283
Mike M Perez,STL,2,3,8.71,36,0,0,0,12,12,31.0,52,32,30,5,3,10,20,2.00,.391
Storm S Davis,DET,2,4,3.56,35,0,0,0,0,0,48.0,36,23,19,3,0,34,38,1.46,.207
Tim T Mauser,SD,2,4,3.49,35,0,0,0,2,2,49.0,50,21,19,3,1,19,32,1.41,.270
Jeff J Mutis,FLA,1,0,5.40,35,0,0,0,0,0,38.1,51,25,23,6,1,15,30,1.72,.331
Paul P Quantrill,PHI,3,3,4.92,35,1,0,0,1,1,53.0,64,31,29,7,5,15,28,1.49,.308
Mark M Acre,OAK,5,1,3.41,34,0,0,0,0,0,34.1,24,13,13,4,1,23,21,1.37,.202
Mike M Timlin,TOR,0,1,5.18,34,0,0,0,2,2,40.0,41,25,23,5,2,20,38,1.53,.261
Jim J Bullinger,CHC,6,2,3.60,33,10,1,0,2,2,100.0,87,43,40,6,1,34,72,1.21,.235
Mike M Butcher,CAL,2,1,6.67,33,0,0,0,1,1,29.2,31,24,22,2,2,23,19,1.82,.274
Vince V Horsman,OAK,0,1,4.91,33,0,0,0,0,0,29.1,29,17,16,2,1,11,20,1.36,.266
Shane S Reynolds,HOU,8,5,3.05,33,14,1,1,0,0,124.0,128,46,42,10,6,21,110,1.20,.263
Doug D Linton,NYM,6,2,4.47,32,3,0,0,0,0,50.1,74,27,25,4,0,20,29,1.87,.341
Roger R Mc Dowell,LA,0,3,5.23,32,0,0,0,0,0,41.1,50,25,24,3,1,22,29,1.74,.303
Dave D Veres,HOU,3,3,2.41,32,0,0,0,1,1,41.0,39,13,11,4,1,7,28,1.12,.247
Xavier X Hernandez,NYY,4,4,5.85,31,0,0,0,6,6,40.0,48,27,26,7,2,21,37,1.73,.300
Vicente V Palacios,STL,3,8,4.44,31,17,1,1,1,1,117.2,104,60,58,16,3,43,95,1.25,.246
David D West,PHI,4,10,3.55,31,14,0,0,0,0,99.0,74,44,39,7,1,61,83,1.36,.205
Donnie D Elliott,SD,0,1,3.27,30,1,0,0,0,0,33.0,31,12,12,3,1,21,24,1.58,.250
Steve S Farr,BOS,2,1,5.72,30,0,0,0,4,4,28.1,41,21,18,5,2,18,20,2.08,.345
Paul P Gibson,NYY,1,1,4.97,30,0,0,0,0,0,29.0,26,17,16,5,1,17,21,1.48,.236
Darren D Hall,TOR,2,3,3.41,30,0,0,0,17,17,31.2,26,12,12,3,1,14,28,1.26,.226
Mike M Henneman,DET,1,3,5.19,30,0,0,0,8,8,34.2,43,27,20,5,2,17,27,1.73,.297
Craig C Lefferts,CAL,1,1,4.67,30,0,0,0,1,1,34.2,50,20,18,7,0,12,27,1.79,.350
Bob B Scanlan,MIL,2,6,4.11,30,12,0,0,2,2,103.0,117,53,47,11,4,28,65,1.41,.288
Larry L Andersen,PHI,1,2,4.41,29,0,0,0,0,0,32.2,33,20,16,2,0,15,27,1.47,.256
Luis L Aquino,FLA,2,1,3.73,29,1,0,0,0,0,50.2,39,22,21,3,3,22,22,1.20,.210
Greg G Harris,COL,3,12,6.65,29,19,1,0,1,1,130.0,154,99,96,22,5,52,82,1.58,.300
Darren D Holmes,COL,0,3,6.35,29,0,0,0,3,3,28.1,35,25,20,5,1,24,33,2.08,.313
Marcus M Moore,COL,1,1,6.15,29,0,0,0,0,0,33.2,33,26,23,4,5,21,33,1.60,.252
Jaime J Navarro,MIL,4,9,6.62,29,10,0,0,0,0,89.2,115,71,66,10,4,35,65,1.67,.314
Paul P Wagner,PIT,7,8,4.59,29,17,1,0,0,0,119.2,136,69,61,7,8,50,86,1.55,.293
Jeff J Ballard,PIT,1,1,6.66,28,0,0,0,2,2,24.1,32,19,18,5,1,10,11,1.73,.323
Bryan B Hickerson,SF,4,8,5.40,28,14,0,0,1,1,98.1,118,60,59,20,1,38,59,1.59,.301
Dan D Miceli,PIT,2,1,5.93,28,0,0,0,2,2,27.1,28,19,18,5,2,11,27,1.43,.267
Jeff J Nelson,SEA,0,0,2.76,28,0,0,0,0,0,42.1,35,18,13,3,8,20,44,1.30,.226
Donn D Pall,CHC,1,2,3.69,28,0,0,0,0,0,39.0,51,20,16,4,1,10,23,1.56,.311
Mark M Williamson,BAL,3,1,4.01,28,2,0,0,1,1,67.1,75,33,30,9,2,17,28,1.37,.278
Scott S Bankhead,BOS,3,2,4.54,27,0,0,0,0,0,37.2,34,21,19,5,0,12,25,1.22,.239
Darren D Dreifort,LA,0,5,6.21,27,0,0,0,6,6,29.0,45,21,20,0,4,15,22,2.07,.357
Mike M Maddux,NYM,2,1,5.11,27,0,0,0,2,2,44.0,45,25,25,7,0,13,32,1.32,.263
Steve S Ontiveros,OAK,6,4,2.65,27,13,2,0,0,0,115.1,93,39,34,7,6,26,56,1.03,.217
Carlos C Reyes,OAK,0,3,4.15,27,9,0,0,1,1,78.0,71,38,36,10,2,44,57,1.47,.242
Kevin K Brown,TEX,7,9,4.82,26,25,3,0,0,0,170.0,218,109,91,18,6,50,123,1.58,.314
Pat P Gomez,SF,0,1,3.78,26,0,0,0,0,0,33.1,23,14,14,2,0,20,14,1.29,.211
Dave D Leiper,OAK,0,0,1.93,26,0,0,0,1,1,18.2,13,4,4,0,1,6,14,1.02,.206
Jose J Rijo,CIN,9,6,3.08,26,26,2,0,0,0,172.1,177,73,59,16,4,52,171,1.33,.265
Todd T Stottlemyre,TOR,7,7,4.22,26,19,3,1,1,1,140.2,149,67,66,19,7,48,105,1.40,.276
Tim T Belcher,DET,7,15,5.89,25,25,3,0,0,0,162.0,192,124,106,21,4,78,76,1.67,.290
Andy A Benes,SD,6,14,3.86,25,25,2,2,0,0,172.1,155,82,74,20,1,51,189,1.20,.237
John J Burkett,SF,6,8,3.62,25,25,0,0,0,0,159.1,176,72,64,14,7,36,85,1.33,.286
Steve S Cooke,PIT,4,11,5.02,25,23,2,0,0,0,134.1,157,79,75,21,5,46,74,1.51,.298
Ron R Darling,OAK,10,11,4.50,25,25,4,0,0,0,160.0,162,89,80,18,7,59,108,1.38,.267
Jim J Deshaies,MIN,6,12,7.39,25,25,0,0,0,0,130.1,170,109,107,30,2,54,78,1.72,.321
Cal C Eldred,MIL,11,11,4.68,25,25,6,0,0,0,179.0,158,96,93,23,4,84,98,1.35,.236
Chuck C Finley,CAL,10,10,4.32,25,25,7,2,0,0,183.1,178,95,88,21,3,71,148,1.36,.260
Tim T Fortugno,CIN,1,0,4.20,25,0,0,0,0,0,30.0,32,14,14,2,3,14,29,1.53,.288
Tom T Glavine,ATL,13,9,3.97,25,25,2,0,0,0,165.1,173,76,73,10,1,70,140,1.47,.268
Kevin K Gross,LA,9,7,3.60,25,23,1,0,1,1,157.1,162,64,63,11,2,43,124,1.30,.263
Juan J Guzman,TOR,12,11,5.68,25,25,2,0,0,0,147.1,165,102,93,20,3,76,124,1.64,.282
Doug D Henry,MIL,2,3,4.60,25,0,0,0,0,0,31.1,32,17,16,7,1,23,20,1.76,.271
Joe J Hesketh,BOS,8,5,4.26,25,20,0,0,0,0,114.0,117,70,54,9,2,46,83,1.43,.267
Danny D Jackson,PHI,14,6,3.26,25,25,4,1,0,0,179.1,183,71,65,13,2,46,129,1.28,.266
Jimmy J Key,NYY,17,4,3.27,25,25,1,0,0,0,168.0,177,68,61,10,3,52,97,1.36,.273
Greg G Maddux,ATL,16,6,1.56,25,25,10,3,0,0,202.0,150,44,35,4,6,31,156,0.90,.207
Jack J Mc Dowell,CWS,10,9,3.73,25,25,6,2,0,0,181.0,186,82,75,12,5,42,127,1.26,.266
Mike M Moore,DET,11,10,5.42,25,25,4,0,0,0,154.1,152,97,93,27,3,89,62,1.56,.263
Zane Z Smith,PIT,10,8,3.27,25,24,2,1,0,0,157.0,162,67,57,18,0,34,57,1.25,.270
Bob B Welch,OAK,3,6,7.08,25,8,0,0,0,0,68.2,79,56,54,10,1,43,44,1.78,.290
Mitch M Williams,HOU,1,4,7.65,25,0,0,0,6,6,20.0,21,17,17,4,1,24,21,2.25,.269
Jim J Abbott,NYY,9,8,4.55,24,24,2,0,0,0,160.1,167,88,81,24,2,64,90,1.44,.273
Wilson W Alvarez,CWS,12,8,3.45,24,24,2,1,0,0,161.2,147,72,62,16,0,62,108,1.29,.241
Andy A Ashby,SD,6,11,3.40,24,24,4,0,0,0,164.1,145,75,62,16,3,43,121,1.14,.233
Steve S Avery,ATL,8,3,4.04,24,24,1,0,0,0,151.2,127,71,68,15,4,55,122,1.20,.227
Jason J Bere,CWS,12,2,3.81,24,24,0,0,0,0,141.2,119,65,60,17,1,80,127,1.40,.229
Ricky R Bones,MIL,10,9,3.43,24,24,4,1,0,0,170.2,166,76,65,17,3,45,57,1.24,.255
Toby T Borland,PHI,1,0,2.36,24,0,0,0,1,1,34.1,31,10,9,1,4,14,26,1.31,.248
Roger R Clemens,BOS,9,7,2.85,24,24,3,1,0,0,170.2,124,62,54,15,4,71,168,1.14,.204
Omar O Daal,LA,0,0,3.29,24,0,0,0,0,0,13.2,12,5,5,1,0,5,9,1.24,.245
Alex A Fernandez,CWS,11,7,3.86,24,24,4,3,0,0,170.1,163,83,73,25,1,50,122,1.25,.250
Tom T Gordon,KC,11,7,4.35,24,24,0,0,0,0,155.1,136,79,75,15,3,87,126,1.44,.237
Mike M Harkey,COL,1,6,5.79,24,13,0,0,0,0,91.2,125,61,59,10,1,35,39,1.75,.336
Gene G Harris,DET,1,1,7.61,24,0,0,0,1,1,23.2,34,21,20,3,1,12,19,1.94,.333
Butch B Henry,MON,8,3,2.43,24,15,0,0,1,1,107.1,97,30,29,10,2,20,70,1.09,.241
Pat P Hentgen,TOR,13,8,3.40,24,24,6,3,0,0,174.2,158,74,66,21,3,59,147,1.24,.240
Bobby B Jones,NYM,12,7,3.15,24,24,1,1,0,0,160.0,157,75,56,10,4,56,80,1.33,.257
Darryl D Kile,HOU,9,6,4.57,24,24,0,0,0,0,147.2,153,84,75,13,9,82,105,1.59,.275
Bill B Krueger,SD,3,4,6.38,24,9,1,0,0,0,60.2,68,48,43,8,2,24,47,1.52,.280
Dennis D Martinez,CLE,11,6,3.52,24,24,7,3,0,0,176.2,166,75,69,14,7,44,92,1.19,.247
Pedro P Martinez,MON,11,5,3.42,24,23,1,1,1,1,144.2,115,58,55,11,11,45,142,1.11,.220
Ramon R Martinez,LA,12,7,3.97,24,24,4,3,0,0,170.0,160,83,75,18,6,56,119,1.27,.249
Terry T Mathews,FLA,2,1,3.35,24,2,0,0,0,0,43.0,45,16,16,4,1,9,21,1.26,.268
Ben B Mc Donald,BAL,14,7,4.06,24,24,5,1,0,0,157.1,151,75,71,14,2,54,94,1.30,.255
Terry T Mulholland,NYY,6,7,6.49,24,19,2,0,0,0,120.2,150,94,87,24,3,37,72,1.55,.303
Mike M Mussina,BAL,16,5,3.06,24,24,3,0,0,0,176.1,163,63,60,19,1,42,99,1.16,.248
Denny D Neagle,PIT,9,10,5.12,24,24,2,0,0,0,137.0,135,80,78,18,3,49,122,1.34,.259
Pat P Rapp,FLA,7,8,3.85,24,23,2,1,0,0,133.1,132,67,57,13,7,69,75,1.51,.266
Kenny K Rogers,TEX,11,8,4.46,24,24,6,2,0,0,167.1,169,93,83,24,3,52,120,1.32,.260
Bret B Saberhagen,NYM,14,4,2.74,24,24,4,0,0,0,177.1,169,58,54,13,4,13,143,1.03,.254
John J Smiley,CIN,11,10,3.86,24,24,1,1,0,0,158.2,169,80,68,18,4,37,112,1.30,.275
Dave D Stevens,MIN,5,2,6.80,24,0,0,0,0,0,45.0,55,35,34,6,1,23,24,1.73,.302
Greg G Swindell,HOU,8,9,4.37,24,24,1,0,0,0,148.1,175,80,72,20,1,26,74,1.36,.302
Kevin K Tapani,MIN,11,7,4.62,24,24,4,1,0,0,156.0,181,86,80,13,4,39,91,1.41,.291
Bob B Tewksbury,STL,12,10,5.32,24,24,4,1,0,0,155.2,190,97,92,19,3,22,79,1.36,.304
Mike M Trombley,MIN,2,0,6.33,24,0,0,0,0,0,48.1,56,36,34,10,3,18,32,1.53,.287
David D Weathers,FLA,8,12,5.27,24,24,0,0,0,0,135.0,166,87,79,13,4,59,72,1.67,.306
Bobby B Witt,OAK,8,10,5.04,24,24,5,3,0,0,135.2,151,88,76,22,5,70,111,1.63,.283
Kevin K Appier,KC,7,6,3.83,23,23,1,0,0,0,155.0,137,68,66,11,4,63,145,1.29,.240
Pedro P Astacio,LA,6,8,4.29,23,23,3,1,0,0,149.0,142,77,71,18,4,47,108,1.27,.252
Willie W Banks,CHC,8,12,5.40,23,23,1,1,0,0,138.1,139,88,83,16,2,56,91,1.41,.261
Tom T Candiotti,LA,7,7,4.12,23,22,5,0,0,0,153.0,149,77,70,9,5,54,102,1.33,.259
David D Cone,KC,16,5,2.94,23,23,4,3,0,0,171.2,130,60,56,15,7,54,132,1.07,.209
Doug D Drabek,HOU,12,6,2.84,23,23,6,2,0,0,164.2,132,58,52,14,2,45,121,1.07,.220
Scott S Erickson,MIN,8,11,5.44,23,23,2,1,0,0,144.0,173,95,87,15,9,59,104,1.61,.299
Dave D Fleming,SEA,7,11,6.46,23,23,0,0,0,0,117.0,152,93,84,17,1,65,65,1.85,.311
Mauro M Gozzo,NYM,3,5,4.83,23,8,0,0,0,0,69.0,86,48,37,5,1,28,33,1.65,.304
Ken K Hill,MON,16,5,3.32,23,23,2,1,0,0,154.2,145,61,57,12,6,44,85,1.22,.248
Milt M Hill,SEA,1,0,6.94,23,0,0,0,0,0,35.0,48,29,27,7,0,17,26,1.86,.327
Sterling S Hitchcock,NYY,4,1,4.20,23,5,1,0,2,2,49.1,48,24,23,3,0,29,37,1.56,.265
Mike M Ignasiak,MIL,3,1,4.53,23,5,0,0,0,0,47.2,51,25,24,5,1,13,24,1.34,.276
Randy R Johnson,SEA,13,6,3.19,23,23,9,4,0,0,172.0,132,65,61,14,6,72,204,1.19,.216
Jack J Morris,CLE,10,6,5.60,23,23,1,0,0,0,141.1,163,96,88,14,4,67,100,1.63,.292
Jamie J Moyer,BAL,5,7,4.77,23,23,0,0,0,0,149.0,158,81,79,23,2,38,87,1.32,.271
Charles C Nagy,CLE,10,8,3.45,23,23,3,0,0,0,169.1,175,76,65,15,5,48,108,1.32,.265
Scott S Sanders,SD,4,8,4.78,23,20,0,0,1,1,111.0,103,63,59,10,5,48,109,1.36,.245
Todd T Van Poppel,OAK,7,10,6.09,23,23,0,0,0,0,116.2,108,80,79,20,3,89,83,1.69,.250
Tom T Bolton,BAL,1,2,5.40,22,0,0,0,0,0,23.1,29,15,14,3,0,13,12,1.80,.309
Shawn S Boskie,SEA,4,7,5.06,22,15,1,0,0,0,90.2,92,58,51,15,3,30,61,1.35,.259
Todd T Frohwirth,BOS,0,3,10.80,22,0,0,0,1,1,26.2,40,36,32,3,2,17,13,2.14,.339
Mark M Gubicza,KC,7,9,4.50,22,22,0,0,0,0,130.0,158,74,65,11,0,26,59,1.42,.301
Erik E Hanson,CIN,5,5,4.11,22,21,0,0,0,0,122.2,137,60,56,10,3,23,101,1.30,.283
Scott S Kamieniecki,NYY,8,6,3.76,22,16,1,0,0,0,117.1,115,53,49,13,3,59,71,1.48,.261
David D Nied,COL,9,7,4.80,22,22,2,1,0,0,122.0,137,70,65,15,4,47,74,1.51,.287
Alejandro A Pena,PIT,3,2,5.02,22,0,0,0,7,7,28.2,22,16,16,4,1,10,27,1.12,.206
Melido M Perez,NYY,9,4,4.10,22,22,1,0,0,0,151.1,134,74,69,16,3,58,109,1.27,.238
A. J. A Sager,SD,1,4,5.98,22,3,0,0,0,0,46.2,62,34,31,4,2,16,26,1.67,.325
Pete P Schourek,CIN,7,2,4.09,22,10,0,0,0,0,81.1,90,39,37,11,3,29,69,1.46,.287
Aaron A Sele,BOS,8,7,3.83,22,22,2,0,0,0,143.1,140,68,61,13,9,60,105,1.40,.261
Dave D Stewart,TOR,7,8,5.87,22,22,1,0,0,0,133.1,151,89,87,26,4,62,111,1.60,.285
Steve S Trachsel,CHC,9,7,3.21,22,22,1,0,0,0,146.0,133,57,52,19,3,54,108,1.28,.242
Allen A Watson,STL,6,5,5.52,22,22,0,0,0,0,115.2,130,73,71,15,8,53,74,1.58,.286
John J Dopson,CAL,1,4,6.14,21,5,0,0,1,1,58.2,67,41,40,6,3,26,33,1.59,.288
Jeff J Fassero,MON,8,6,2.99,21,21,1,0,0,0,138.2,119,54,46,13,1,40,119,1.15,.229
Bill B Gullickson,DET,4,5,5.93,21,19,1,0,0,0,115.1,156,79,76,24,4,25,65,1.57,.322
Jeremy J Hernandez,FLA,3,3,2.70,21,0,0,0,9,9,23.1,16,9,7,0,2,14,13,1.29,.205
Orel O Hershiser,LA,6,6,3.79,21,21,1,0,0,0,135.1,146,67,57,15,2,42,72,1.39,.279
Charlie C Hough,FLA,5,9,5.15,21,21,1,1,0,0,113.2,118,74,65,17,10,52,65,1.50,.274
Pat P Mahomes,MIN,9,5,4.73,21,21,0,0,0,0,120.0,121,68,63,22,1,62,53,1.53,.269
Bobby B Munoz,PHI,7,5,2.67,21,14,1,0,1,1,104.1,101,40,31,8,1,35,59,1.30,.252
Mark M Portugal,SF,10,8,3.93,21,21,1,0,0,0,137.1,135,68,60,17,6,45,87,1.31,.260
Pete P Smith,NYM,4,10,5.55,21,21,1,0,0,0,131.1,145,83,81,25,2,42,62,1.42,.285
John J Smoltz,ATL,6,10,4.14,21,21,1,0,0,0,134.2,120,69,62,15,4,48,113,1.25,.239
Ismael I Valdez,LA,3,1,3.18,21,1,0,0,0,0,28.1,21,10,10,2,0,10,28,1.09,.206
Andy A Carter,PHI,0,2,4.46,20,0,0,0,0,0,34.1,34,18,17,5,6,12,18,1.34,.268
Mark M Clark,CLE,11,3,3.82,20,20,4,1,0,0,127.1,133,61,54,14,4,40,60,1.36,.273
Mark M Davis,SD,0,1,8.82,20,0,0,0,0,0,16.1,20,18,16,4,0,13,15,2.02,.299
Mark M Gardner,FLA,4,4,4.87,20,14,0,0,0,0,92.1,97,53,50,14,1,30,57,1.38,.276
Phil P Leftwich,CAL,5,10,5.68,20,20,1,0,0,0,114.0,127,75,72,16,3,42,67,1.48,.283
Al A Leiter,TOR,6,7,5.08,20,20,1,0,0,0,111.2,125,68,63,6,2,65,100,1.70,.285
Scott S Lewis,CAL,0,1,6.10,20,0,0,0,0,0,31.0,46,23,21,5,2,10,10,1.81,.359
Joe J Magrane,CAL,2,6,7.30,20,11,1,0,0,0,74.0,89,63,60,18,6,51,33,1.89,.300
Kent K Mercker,ATL,9,4,3.45,20,17,2,1,0,0,112.1,90,46,43,16,0,45,111,1.20,.220
Dave D Righetti,TOR,0,1,10.18,20,0,0,0,0,0,20.1,22,23,23,5,1,19,14,2.02,.278
Kirk K Rueter,MON,7,3,5.17,20,20,0,0,0,0,92.1,106,60,53,11,2,23,50,1.40,.294
Tom T Urbani,STL,3,7,5.15,20,10,0,0,0,0,80.1,98,48,46,12,3,21,43,1.48,.302
Brian B Williams,HOU,6,5,5.74,20,13,0,0,0,0,78.1,112,64,50,9,4,41,49,1.95,.343
Anthony A Young,CHC,4,6,3.92,20,19,0,0,0,0,114.2,103,57,50,12,0,46,65,1.30,.246
Mike M Bielecki,ATL,2,0,4.00,19,1,0,0,0,0,27.0,28,12,12,2,1,12,18,1.48,.277
Chris C Bosio,SEA,4,10,4.32,19,19,4,0,0,0,125.0,137,72,60,15,2,40,67,1.42,.277
Sid S Fernandez,BAL,6,6,5.15,19,19,2,0,0,0,115.1,109,66,66,27,2,46,95,1.34,.248
Marvin M Freeman,COL,10,2,2.80,19,18,0,0,0,0,112.2,113,39,35,10,5,23,67,1.21,.262
Kevin K King,SEA,0,2,7.04,19,0,0,0,0,0,15.1,21,13,12,0,1,17,6,2.48,.333
Jose J Mercedes,MIL,2,0,2.32,19,0,0,0,0,0,31.0,22,9,8,4,2,16,11,1.23,.216
Carlos C Pulido,MIN,3,7,5.98,19,14,0,0,0,0,84.1,87,57,56,17,1,40,32,1.51,.273
Gary G Wayne,LA,1,3,4.67,19,0,0,0,0,0,17.1,19,13,9,2,3,6,10,1.44,.279
Bill B Wegman,MIL,8,4,4.51,19,19,0,0,0,0,115.2,140,64,58,14,2,26,59,1.44,.303
Brian B Anderson,CAL,7,5,5.22,18,18,0,0,0,0,101.2,120,63,59,13,5,27,47,1.45,.300
Scott S Brow,TOR,0,3,5.90,18,0,0,0,2,2,29.0,34,27,19,4,1,19,15,1.83,.288
John J Doherty,DET,6,7,6.48,18,17,2,0,0,0,101.1,139,75,73,13,3,26,28,1.63,.337
Hector H Fajardo,TEX,5,7,6.91,18,12,0,0,0,0,83.1,95,67,64,15,2,26,45,1.45,.284
Mark M Langston,CAL,7,8,4.68,18,18,2,1,0,0,119.1,121,67,62,19,0,54,109,1.47,.268
Scott S Sanderson,CWS,8,4,5.09,18,14,1,0,0,0,92.0,110,57,52,20,2,12,36,1.33,.296
Russ R Springer,CAL,2,2,5.52,18,5,0,0,2,2,45.2,53,28,28,9,0,14,28,1.47,.291
John J Cummings,SEA,2,4,5.63,17,8,0,0,0,0,64.0,66,43,40,7,0,37,33,1.61,.270
Pete P Harnisch,HOU,8,5,5.40,17,17,1,0,0,0,95.0,100,59,57,13,3,39,62,1.46,.269
Teddy T Higuera,MIL,1,5,7.06,17,12,0,0,0,0,58.2,74,55,46,13,2,36,35,1.88,.311
John J Johnstone,FLA,1,2,5.91,17,0,0,0,0,0,21.1,23,20,14,4,1,16,23,1.83,.264
Jon J Lieber,PIT,6,7,3.73,17,17,1,0,0,0,108.2,116,62,45,12,1,25,71,1.30,.271
Blas B Minor,PIT,0,1,8.05,17,0,0,0,1,1,19.0,27,17,17,4,1,9,17,1.89,.351
Rudy R Seanez,LA,1,1,2.66,17,0,0,0,0,0,23.2,24,7,7,2,1,9,18,1.39,.273
Bill B Swift,SF,8,7,3.38,17,17,0,0,0,0,109.1,109,49,41,10,1,31,62,1.28,.262
Kent K Bottenfield,SF,3,1,6.15,16,1,0,0,1,1,26.1,33,18,18,2,2,10,15,1.63,.306
Jeff J Bronkey,MIL,1,1,4.35,16,0,0,0,1,1,20.2,20,10,10,3,0,12,13,1.55,.247
Joey J Hamilton,SD,9,6,2.98,16,16,1,1,0,0,108.2,98,40,36,7,6,29,61,1.17,.241
Gregg G Olson,ATL,0,2,9.20,16,0,0,0,1,1,14.2,19,15,15,1,1,13,10,2.18,.317
John J Roper,CIN,6,2,4.50,16,15,0,0,0,0,92.0,90,49,46,16,4,30,51,1.30,.255
Rick R Sutcliffe,STL,6,4,6.52,16,14,0,0,0,0,67.2,93,53,49,11,2,32,26,1.85,.331
Salomon S Torres,SF,2,8,5.44,16,14,1,0,0,0,84.1,95,55,51,10,7,34,42,1.53,.292
William W Van Landingham,SF,8,2,3.54,16,14,0,0,0,0,84.0,70,37,33,4,2,43,56,1.35,.223
Ed E Vosberg,OAK,0,2,3.95,16,0,0,0,0,0,13.2,16,7,6,2,0,5,12,1.54,.320
David D Wells,DET,5,7,3.96,16,16,5,1,0,0,111.1,113,54,49,13,2,24,71,1.23,.260
Greg G Hibbard,SEA,1,5,6.69,15,14,0,0,0,0,80.2,115,78,60,11,2,31,39,1.81,.328
Dane D Johnson,CWS,2,1,6.57,15,0,0,0,0,0,12.1,16,9,9,2,0,11,7,2.19,.327
Brett B Merriman,MIN,0,1,6.35,15,0,0,0,0,0,17.0,18,13,12,0,4,14,10,1.88,.269
Mike M Morgan,CHC,2,10,6.69,15,15,1,0,0,0,80.2,111,65,60,12,4,35,57,1.81,.338
Ed E Nunez,OAK,0,0,12.00,15,0,0,0,0,0,15.0,26,20,20,2,0,10,15,2.40,.382
Mike M Oquist,BAL,3,3,6.17,15,9,0,0,0,0,58.1,75,41,40,7,6,30,39,1.80,.319
Al A Osuna,LA,2,0,6.23,15,0,0,0,0,0,8.2,13,6,6,0,0,4,7,1.96,.333
Lance L Painter,COL,4,6,6.11,15,14,0,0,0,0,73.2,91,51,50,9,1,26,41,1.59,.302
Kevin K Ritz,COL,5,6,5.62,15,15,0,0,0,0,73.2,88,49,46,5,4,35,53,1.67,.303
Kevin K Campbell,MIN,1,0,2.92,14,0,0,0,0,0,24.2,20,8,8,2,1,5,15,1.01,.233
Mike M Dyer,PIT,1,1,5.87,14,0,0,0,4,4,15.1,15,12,10,1,3,12,13,1.76,.268
Jason J Grimsley,CLE,5,2,4.57,14,13,1,0,0,0,82.2,91,47,42,7,6,34,59,1.51,.283
Eric E Gunderson,NYM,0,0,0.00,14,0,0,0,0,0,9.0,5,0,0,0,0,4,4,1.00,.185
Chris C Nabholz,BOS,3,5,7.64,14,12,0,0,0,0,53.0,67,48,45,6,3,38,28,1.98,.318
Omar O Olivares,STL,3,4,5.74,14,12,1,0,1,1,73.2,84,53,47,10,4,37,26,1.64,.294
Paul P Shuey,CLE,0,1,8.49,14,0,0,0,5,5,11.2,14,11,11,1,0,12,16,2.23,.280
Joe J Ausanio,NYY,2,1,5.17,13,0,0,0,0,0,15.2,16,9,9,3,0,6,15,1.40,.254
Jim J Converse,SEA,0,5,8.69,13,8,0,0,0,0,48.2,73,49,47,5,1,40,39,2.32,.353
Danny D Darwin,BOS,7,5,6.30,13,13,0,0,0,0,75.2,101,54,53,13,1,24,54,1.65,.317
Kevin K Foster,CHC,3,4,2.89,13,13,0,0,0,0,81.0,70,31,26,7,1,35,75,1.30,.234
Chris C Hammond,FLA,4,4,3.07,13,13,1,1,0,0,73.1,79,30,25,5,1,23,40,1.39,.281
Roger R Salkeld,SEA,2,5,7.17,13,13,0,0,0,0,59.0,76,47,47,7,1,45,46,2.05,.314
Curt C Schilling,PHI,2,8,4.48,13,13,1,0,0,0,82.1,87,42,41,10,3,28,58,1.40,.270
Jeff J Schwarz,CAL,0,0,5.50,13,0,0,0,0,0,18.0,14,13,11,0,0,22,18,2.00,.219
Dan D Smith,TEX,1,2,4.30,13,0,0,0,0,0,14.2,18,11,7,2,0,12,9,2.05,.281
Wally W Whitehurst,SD,4,7,4.92,13,13,0,0,0,0,64.0,84,37,35,8,1,26,43,1.72,.319
Doug D Brocail,SD,0,0,5.82,12,0,0,0,0,0,17.0,21,13,11,1,2,5,11,1.53,.304
Bryan B Harvey,FLA,0,0,5.23,12,0,0,0,6,6,10.1,12,6,6,1,0,4,10,1.55,.279
Ross R Powell,HOU,0,0,1.23,12,0,0,0,0,0,7.1,6,1,1,0,1,5,5,1.50,.240
Russ R Swan,CLE,0,1,11.25,12,0,0,0,0,0,8.0,13,11,10,1,0,7,2,2.50,.382
Ricky R Trlicek,BOS,1,1,8.06,12,1,0,0,0,0,22.1,32,21,20,5,0,16,7,2.15,.330
Sergio S Valdez,BOS,0,1,8.16,12,1,0,0,0,0,14.1,25,14,13,4,0,8,4,2.30,.391
Mike M Williams,PHI,2,4,5.01,12,8,0,0,0,0,50.1,61,31,28,7,0,20,29,1.61,.310
Brian B Barnes,LA,0,1,5.89,11,0,0,0,0,0,18.1,22,14,12,3,0,19,10,2.24,.289
Brian B Bohanon,TEX,2,2,7.23,11,5,0,0,0,0,37.1,51,31,30,7,1,8,26,1.58,.321
Frank F Cimorelli,STL,0,0,8.78,11,0,0,0,1,1,13.1,20,14,13,0,2,10,1,2.25,.345
John J Dettmer,TEX,0,6,4.33,11,9,0,0,0,0,54.0,63,42,26,10,3,20,27,1.54,.286
Eric E Hillman,NYM,0,3,7.79,11,6,0,0,0,0,34.2,45,30,30,9,2,11,20,1.62,.321
Roger R Pavlik,TEX,2,5,7.69,11,11,0,0,0,0,50.1,61,45,43,8,4,30,31,1.81,.300
Jeff J Reardon,NYY,1,0,8.38,11,0,0,0,2,2,9.2,17,9,9,3,0,3,4,2.07,.386
Bud B Black,SF,4,2,4.47,10,10,0,0,0,0,54.1,50,31,27,9,3,16,28,1.21,.245
Denis D Boucher,MON,0,1,6.75,10,2,0,0,0,0,18.2,24,16,14,6,0,7,17,1.66,.324
Gary G Buckels,STL,0,1,2.25,10,0,0,0,0,0,12.0,8,5,3,2,0,7,9,1.25,.186
Danny D Cox,TOR,1,1,1.45,10,0,0,0,3,3,18.2,7,3,3,0,1,7,14,0.75,.113
Blaise B Ilsley,CHC,0,0,7.80,10,0,0,0,0,0,15.0,25,13,13,2,0,9,9,2.27,.385
Jose J Melendez,BOS,0,1,6.06,10,0,0,0,0,0,16.1,20,11,11,3,2,8,9,1.71,.323
Bob B Milacki,KC,0,5,6.14,10,10,0,0,0,0,55.2,68,43,38,6,1,20,17,1.58,.298
Tim T Pugh,CIN,3,3,6.04,10,9,1,0,0,0,47.2,60,37,32,5,3,26,24,1.80,.314
Mike M Remlinger,NYM,1,5,4.61,10,9,0,0,0,0,54.2,55,30,28,9,1,35,33,1.65,.261
Arthur A Rhodes,BAL,3,5,5.81,10,10,3,2,0,0,52.2,51,34,34,8,2,30,47,1.54,.254
Bill B Sampen,CAL,1,1,6.46,10,0,0,0,0,0,15.1,14,11,11,1,3,13,9,1.76,.241
Frank F Seminara,NYM,0,2,5.82,10,1,0,0,0,0,17.0,20,12,11,2,0,8,7,1.65,.303
Randy R Tomlin,PIT,0,3,3.92,10,4,0,0,0,0,20.2,23,9,9,1,0,10,17,1.60,.291
Randy R Veres,CHC,1,1,5.59,10,0,0,0,0,0,9.2,12,6,6,3,1,2,5,1.45,.308
Brad B Cornett,TOR,1,3,6.68,9,4,0,0,0,0,31.0,40,25,23,1,3,11,22,1.65,.331
Brian B Drahman,FLA,0,0,6.23,9,0,0,0,0,0,13.0,15,9,9,2,0,6,7,1.62,.300
Bryce B Florie,SD,0,0,0.96,9,0,0,0,0,0,9.1,8,1,1,0,0,3,8,1.18,.242
Willie W Fraser,FLA,2,0,5.84,9,0,0,0,0,0,12.1,20,9,8,1,0,6,7,2.11,.370
Rick R Helling,TEX,3,2,5.88,9,9,1,1,0,0,52.0,62,34,34,14,0,18,25,1.54,.295
John J Hope,PIT,0,0,5.79,9,0,0,0,0,0,14.0,18,12,9,1,2,4,6,1.57,.310
Armando A Reynoso,COL,3,4,4.82,9,9,1,0,0,0,52.1,54,30,28,5,6,22,25,1.45,.278
Ben B Rivera,PHI,3,4,6.87,9,7,0,0,0,0,38.0,40,29,29,7,1,22,19,1.63,.274
Kevin K Rogers,SF,0,0,3.48,9,0,0,0,0,0,10.1,10,4,4,1,0,6,7,1.55,.250
Erik E Schullstrom,MIN,0,0,2.77,9,0,0,0,1,1,13.0,13,7,4,0,1,5,13,1.38,.260
Matt M Turner,CLE,1,0,2.13,9,0,0,0,1,1,12.2,13,6,3,0,3,7,5,1.58,.241
Ryan R Bowen,FLA,1,5,4.94,8,8,1,0,0,0,47.1,50,28,26,9,2,19,32,1.46,.273
Rich R De Lucia,CIN,0,0,4.22,8,0,0,0,0,0,10.2,9,6,5,4,0,5,15,1.31,.214
Gar G Finnvold,BOS,0,4,5.94,8,8,0,0,0,0,36.1,45,27,24,4,3,15,17,1.65,.304
Greg G Gohr,DET,2,2,4.50,8,6,0,0,0,0,34.0,36,19,17,3,0,21,21,1.68,.263
Bruce B Hurst,TEX,2,1,7.11,8,8,0,0,0,0,38.0,53,30,30,8,0,16,24,1.82,.342
James J Hurst,TEX,0,0,10.13,8,0,0,0,0,0,10.2,17,12,12,1,0,8,5,2.34,.362
Jason J Jacome,NYM,4,3,2.67,8,8,1,1,0,0,54.0,54,17,16,3,0,17,30,1.31,.269
Miguel M Jimenez,OAK,1,4,7.41,8,7,0,0,0,0,34.0,38,33,28,9,1,32,22,2.06,.275
Curt C Leskanic,COL,1,1,5.64,8,3,0,0,0,0,22.1,27,14,14,2,0,10,17,1.66,.314
Angel A Miranda,MIL,2,5,5.28,8,8,1,0,0,0,46.0,39,28,27,8,0,27,24,1.43,.234
Brad B Pennington,BAL,0,1,12.00,8,0,0,0,0,0,6.0,9,8,8,2,0,8,7,2.83,.346
Rich R Robertson,PIT,0,0,6.89,8,0,0,0,0,0,15.2,20,12,12,2,0,10,8,1.91,.313
Rich R Scheid,FLA,1,3,3.34,8,5,0,0,0,0,32.1,35,18,12,6,2,8,17,1.33,.269
Willie W Smith,STL,1,1,9.00,8,0,0,0,0,0,7.0,9,7,7,4,0,3,7,1.71,.300
Fernando F Valenzuela,PHI,1,2,3.00,8,7,0,0,0,0,45.0,42,16,15,8,0,7,19,1.09,.247
Tom T Browning,CIN,3,1,4.20,7,7,2,1,0,0,40.2,34,20,19,8,1,13,22,1.16,.222
Rheal R Cormier,STL,3,2,5.45,7,7,0,0,0,0,39.2,40,24,24,6,3,7,26,1.18,.256
Jerry J Dipoto,CLE,0,0,8.04,7,0,0,0,0,0,15.2,26,14,14,1,1,10,9,2.30,.406
Keith K Garagozzo,MIN,0,0,9.64,7,0,0,0,0,0,9.1,9,10,10,3,0,13,3,2.36,.273
Dwight D Gooden,NYM,3,4,6.31,7,7,0,0,0,0,41.1,46,32,29,9,1,15,40,1.48,.282
Tommy T Greene,PHI,2,0,4.54,7,7,0,0,0,0,35.2,37,20,18,5,0,22,28,1.65,.272
Jonathan J Hurst,NYM,0,1,12.60,7,0,0,0,0,0,10.0,15,14,14,5,0,5,6,2.00,.341
Mark M Kiefer,MIL,1,0,8.44,7,0,0,0,0,0,10.2,15,12,10,4,0,8,8,2.16,.357
Bobby B Thigpen,SEA,0,2,9.39,7,0,0,0,0,0,7.2,12,9,8,3,0,5,4,2.22,.353
Tim T Van Egmond,BOS,2,3,6.34,7,7,1,0,0,0,38.1,38,27,27,7,0,21,22,1.54,.255
Bob B Wells,SEA,2,0,2.00,7,0,0,0,0,0,9.0,8,2,2,0,1,4,6,1.33,.242
Gabe G White,MON,1,1,6.08,7,5,0,0,1,1,23.2,24,16,16,4,1,11,17,1.48,.261
Chris C Haney,KC,2,2,7.31,6,6,0,0,0,0,28.1,36,25,23,2,1,11,18,1.66,.333
Kevin K Jarvis,CIN,1,1,7.13,6,3,0,0,0,0,17.2,22,14,14,4,0,5,10,1.53,.301
Jeff J Juden,PHI,1,4,6.18,6,5,0,0,0,0,27.2,29,25,19,4,1,12,22,1.48,.276
Tim T Leary,TEX,1,1,8.14,6,3,0,0,0,0,21.0,26,19,19,4,1,11,9,1.76,.306
Tony T Menendez,SF,0,1,21.60,6,0,0,0,0,0,3.1,8,8,8,2,0,2,2,3.00,.471
Nate N Minchey,BOS,2,3,8.61,6,5,0,0,0,0,23.0,44,26,22,1,0,14,15,2.52,.427
Erik E Plantenberg,SEA,0,0,0.00,6,0,0,0,0,0,7.0,4,0,0,0,1,7,1,1.57,.174
Scott S Service,CIN,1,2,7.36,6,0,0,0,0,0,7.1,8,9,6,2,0,3,5,1.50,.267
Jerry J Spradlin,CIN,0,0,10.13,6,0,0,0,0,0,8.0,12,11,9,2,0,2,4,1.75,.353
Dave D Telgheder,NYM,0,1,7.20,6,0,0,0,0,0,10.0,11,8,8,2,0,8,4,1.90,.282
Frank F Viola,BOS,1,1,4.65,6,6,0,0,0,0,31.0,34,17,16,2,0,17,9,1.65,.296
Turk T Wendell,CHC,0,1,11.93,6,2,0,0,0,0,14.1,22,20,19,3,0,10,9,2.23,.349
Cory C Bailey,BOS,0,1,12.46,5,0,0,0,0,0,4.1,10,6,6,2,0,3,4,3.00,.476
Jim J Czajkowski,COL,0,0,4.15,5,0,0,0,0,0,8.2,9,4,4,2,3,6,2,1.73,.281
Jose J De Jesus,KC,3,1,4.73,5,4,0,0,0,0,26.2,27,14,14,2,0,13,12,1.50,.276
Steve S Dreyer,TEX,1,1,5.71,5,3,0,0,0,0,17.1,19,15,11,1,1,8,11,1.56,.271
Phil P Stidham,DET,0,0,24.92,5,0,0,0,0,0,4.1,12,12,12,3,0,4,4,3.69,.571
Brad B Brink,SF,0,0,1.08,4,0,0,0,0,0,8.1,4,1,1,1,0,4,3,0.96,.143
Frank F Castillo,CHC,2,1,4.30,4,4,1,0,0,0,23.0,25,13,11,3,0,5,19,1.30,.278
Eddie E Guardado,MIN,0,2,8.47,4,4,0,0,0,0,17.0,26,16,16,3,0,4,8,1.76,.351
Jose J Guzman,CHC,2,2,9.15,4,4,0,0,0,0,19.2,22,20,20,1,1,13,11,1.78,.289
Heath H Haynes,MON,0,0,0.00,4,0,0,0,0,0,3.2,3,1,0,0,0,3,1,1.64,.231
Mike M Jeffcoat,FLA,0,0,10.13,4,0,0,0,0,0,2.2,4,3,3,2,0,0,1,1.50,.364
Joel J Johnston,PIT,0,0,29.70,4,0,0,0,0,0,3.1,14,12,11,0,2,4,5,5.40,.583
Steve S Karsay,OAK,1,1,2.57,4,4,1,0,0,0,28.0,26,8,8,1,1,8,15,1.21,.252
Kurt K Knudsen,DET,1,0,13.50,4,0,0,0,0,0,5.1,7,8,8,2,0,11,1,3.38,.304
Albie A Lopez,CLE,1,2,4.24,4,4,1,1,0,0,17.0,20,11,8,3,1,6,18,1.53,.290
Andrew A Lorraine,CAL,0,2,10.61,4,3,0,0,0,0,18.2,30,23,22,7,0,11,10,2.20,.366
Jose J Martinez,SD,0,2,6.75,4,1,0,0,0,0,12.0,18,9,9,2,0,5,7,1.92,.375
Kurt K Miller,FLA,1,3,8.10,4,4,0,0,0,0,20.0,26,18,18,3,2,7,11,1.65,.317
Chad C Ogea,CLE,0,1,6.06,4,1,0,0,0,0,16.1,21,11,11,2,1,10,11,1.90,.304
Rick R Reed,TEX,1,1,5.94,4,3,0,0,0,0,16.2,17,13,11,3,1,7,12,1.44,.254
Bruce B Walton,COL,1,0,8.44,4,0,0,0,0,0,5.1,6,5,5,1,0,3,1,1.69,.273
Armando A Benitez,BAL,0,0,0.90,3,0,0,0,0,0,10.0,8,1,1,0,1,4,14,1.20,.216
Sean S Bergman,DET,2,1,5.60,3,3,0,0,0,0,17.2,22,11,11,2,1,7,12,1.64,.301
Ricky R Bottalico,PHI,0,0,0.00,3,0,0,0,0,0,3.0,3,0,0,0,0,1,3,1.33,.250
Mike M Campbell,SD,1,1,12.96,3,2,0,0,0,0,8.1,13,12,12,5,0,5,10,2.16,.351
John J Farrell,CAL,1,2,9.00,3,3,0,0,0,0,13.0,16,14,13,2,1,8,10,1.85,.308
Rod R Henderson,MON,0,1,9.45,3,2,0,0,0,0,6.2,9,9,7,1,0,7,3,2.40,.333
Jose J Lima,DET,0,1,13.50,3,1,0,0,0,0,6.2,11,10,10,2,0,3,7,2.10,.355
Tim T Worrell,SD,0,1,3.68,3,3,0,0,0,0,14.2,9,7,6,0,0,5,14,0.95,.170
Jack J Armstrong,TEX,0,1,3.60,2,2,0,0,0,0,10.0,9,4,4,3,0,2,7,1.10,.231
Duff D Brumley,TEX,0,0,16.20,2,0,0,0,0,0,3.1,6,6,6,1,0,5,4,3.30,.400
Juan J Castillo,NYM,0,0,6.94,2,2,0,0,0,0,11.2,17,9,9,2,0,5,1,1.89,.362
Jeff J Darwin,SEA,0,0,13.50,2,0,0,0,0,0,4.0,7,6,6,1,1,3,1,2.50,.389
Steve S Dixon,STL,0,0,23.14,2,0,0,0,0,0,2.1,3,6,6,0,0,8,1,4.71,.333
George G Glinatsis,SEA,0,1,13.50,2,2,0,0,0,0,5.1,9,8,8,2,0,6,1,2.81,.429
Jeff J Granger,KC,0,1,6.75,2,2,0,0,0,0,9.1,13,8,7,2,0,6,3,2.04,.325
Atlee A Hammaker,CWS,0,0,0.00,2,0,0,0,0,0,1.1,1,0,0,0,0,0,1,0.75,.200
Mark M Hutton,NYY,0,0,4.91,2,0,0,0,0,0,3.2,4,3,2,0,0,0,1,1.09,.250
Bob B Ojeda,NYY,0,0,24.00,2,2,0,0,0,0,3.0,11,8,8,1,0,6,3,5.67,.611
Chan Ho C Park,LA,0,0,11.25,2,0,0,0,0,0,4.0,5,5,5,1,1,5,6,2.50,.294
Steve S Phoenix,OAK,0,0,6.23,2,0,0,0,0,0,4.1,4,3,3,0,0,2,3,1.38,.235
Scott S Ruffcorn,CWS,0,2,12.79,2,2,0,0,0,0,6.1,15,11,9,1,0,5,3,3.16,.455
Roger R Smithberg,OAK,0,0,15.43,2,0,0,0,0,0,2.1,6,4,4,1,0,1,3,3.00,.500
Paul P Spoljaric,TOR,0,1,38.57,2,1,0,0,0,0,2.1,5,10,10,3,0,9,2,6.00,.417
Randy R St. Claire,TOR,0,0,9.00,2,0,0,0,0,0,2.0,4,4,2,0,0,2,2,3.00,.444
Mark M Thompson,COL,1,1,9.00,2,2,0,0,0,0,9.0,16,9,9,2,1,8,5,2.67,.400
Terry T Burrows,TEX,0,0,9.00,1,0,0,0,0,0,1.0,1,1,1,1,0,1,0,2.00,.250
Joey J Eischen,MON,0,0,54.00,1,0,0,0,0,0,0.2,4,4,4,0,1,0,1,6.00,.667
John J Frascatore,STL,0,1,16.20,1,1,0,0,0,0,3.1,7,6,6,2,0,2,2,2.70,.438
David D Howard S,KC,0,0,4.50,1,0,0,0,0,0,2.0,2,1,1,0,0,5,0,3.50,.286
Scott S Klingenbeck,BAL,1,0,3.86,1,1,0,0,0,0,7.0,6,4,3,1,1,4,5,1.43,.240
Brian B Looney,MON,0,0,22.50,1,0,0,0,0,0,2.0,4,5,5,1,1,0,2,2.00,.400
Mike M Mohler,OAK,0,1,7.71,1,1,0,0,0,0,2.1,2,3,2,1,0,2,4,1.71,.167
Ken K Patterson,CAL,0,0,0.00,1,0,0,0,0,0,0.2,0,0,0,0,0,0,1,0.00,.000
Aaron A Small,TOR,0,0,9.00,1,0,0,0,0,0,2.0,5,2,2,1,0,2,0,3.50,.500
Julian J Tavarez,CLE,0,1,21.60,1,1,0,0,0,0,1.2,6,8,4,1,0,1,0,4.20,.500
Kerry K Taylor,SD,0,0,8.31,1,1,0,0,0,0,4.1,9,4,4,1,1,1,3,2.31,.409
Andy A Tomberlin R,BOS,0,0,0.00,1,0,0,0,0,0,2.0,1,0,0,0,0,1,1,1.00,.143
Bill B Wertz,CLE,0,0,10.38,1,0,0,0,0,0,4.1,9,5,5,0,0,1,1,2.31,.409
Brad B Woodall,ATL,0,1,4.50,1,1,0,0,0,0,6.0,5,3,3,2,0,2,2,1.17,.227
