PLAYER,TEAM,AB,R,H,2B,3B,HR,RBI,BB,SO,SB,CS,AVG,OBP,SLG,OPS
Bobby B Abreu R,PHI,162,588,118,170,48,4,31,110,106,137,36,14,.289,.393,.543,.936
Orlando O Cabrera S,MON,162,626,64,173,41,6,14,96,43,54,19,7,.276,.324,.428,.752
Carlos C Delgado,TOR,162,574,102,160,31,1,39,102,111,136,3,0,.279,.408,.540,.948
Luis L Gonzalez,ARI,162,609,128,198,36,7,57,142,100,83,1,1,.325,.429,.688,1.117
Terrence T Long C,OAK,162,629,90,178,37,4,12,85,52,103,9,3,.283,.335,.412,.747
Alex A Rodriguez S,TEX,162,632,133,201,34,1,52,135,75,131,18,3,.318,.399,.622,1.021
Miguel M Tejada S,OAK,162,622,107,166,31,3,31,113,43,89,11,5,.267,.326,.476,.801
Garret G Anderson L,ANA,161,672,83,194,39,2,28,123,27,100,13,6,.289,.314,.478,.792
Jeff J Bagwell,HOU,161,600,126,173,43,4,39,130,106,135,11,3,.288,.397,.568,.966
Troy T Glaus,ANA,161,588,100,147,38,2,41,108,107,158,10,3,.250,.367,.531,.898
Shawn S Green R,LA,161,619,121,184,31,4,49,125,72,107,20,4,.297,.372,.598,.970
Andruw A Jones C,ATL,161,625,104,157,25,2,34,104,56,142,11,4,.251,.312,.461,.772
Albert A Pujols,STL,161,590,112,194,47,4,37,130,69,93,1,3,.329,.403,.610,1.013
Brian B Giles L,PIT,160,576,116,178,37,7,37,95,90,67,13,6,.309,.404,.590,.994
Magglio M Ordonez R,CWS,160,593,97,181,40,1,31,113,70,70,25,7,.305,.382,.533,.914
Rafael R Palmeiro,TEX,160,600,98,164,33,0,47,123,101,90,1,1,.273,.381,.563,.944
Sammy S Sosa R,CHC,160,577,146,189,34,5,64,160,116,153,0,2,.328,.437,.737,1.174
Vladimir V Guerrero R,MON,159,599,107,184,45,4,34,108,60,88,37,16,.307,.377,.566,.943
Jerry J Hairston,BAL,159,532,63,124,25,5,8,47,44,73,29,11,.233,.305,.344,.649
Todd T Helton,COL,159,587,132,197,54,2,49,146,98,104,7,5,.336,.432,.685,1.116
Chipper C Jones,ATL,159,572,113,189,33,5,38,102,98,82,9,10,.330,.427,.605,1.032
Jeff J Kent,SF,159,607,84,181,49,6,22,106,65,96,7,6,.298,.369,.507,.877
John J Olerud,SEA,159,572,91,173,32,1,21,95,94,70,3,1,.302,.401,.472,.873
Bret B Boone,SEA,158,623,118,206,37,3,37,141,40,110,5,5,.331,.372,.578,.950
Jermaine J Dye R,OAK,158,599,91,169,31,1,26,106,57,112,9,1,.282,.346,.467,.813
Derrek D Lee,FLA,158,561,83,158,37,4,21,75,50,126,4,2,.282,.346,.474,.820
Aramis A Ramirez,PIT,158,603,83,181,40,0,34,112,40,100,5,4,.300,.350,.536,.885
Jimmy J Rollins S,PHI,158,656,97,180,29,12,14,54,48,108,46,8,.274,.323,.419,.743
Richie R Sexson,MIL,158,598,94,162,24,3,45,125,60,178,2,4,.271,.342,.547,.889
Alfonso A Soriano,NYY,158,574,77,154,34,3,18,73,29,125,43,14,.268,.304,.432,.736
Roberto R Alomar,CLE,157,575,113,193,34,12,20,100,80,71,30,6,.336,.415,.541,.956
Darin D Erstad C,ANA,157,631,89,163,35,1,9,63,62,113,24,10,.258,.331,.360,.691
Jason J Kendall,PIT,157,606,84,161,22,2,10,53,44,48,13,14,.266,.335,.358,.693
Travis T Lee,PHI,157,555,75,143,34,2,20,90,71,109,3,4,.258,.341,.434,.775
Ichiro I Suzuki R,SEA,157,692,127,242,34,8,8,69,30,53,56,14,.350,.381,.457,.838
Rich R Aurilia S,SF,156,636,114,206,37,5,37,97,47,83,1,3,.324,.369,.572,.941
Tony T Batista D,BAL,156,579,70,138,27,6,25,87,32,113,5,2,.238,.280,.435,.715
Lance L Berkman,HOU,156,577,110,191,55,5,34,126,92,121,7,9,.331,.430,.620,1.051
Paul P Konerko,CWS,156,582,92,164,35,0,32,99,54,89,1,0,.282,.349,.507,.856
Juan J Pierre C,COL,156,617,108,202,26,11,2,55,41,29,46,17,.327,.378,.415,.793
Jim J Thome,CLE,156,526,101,153,26,1,49,124,111,185,0,1,.291,.416,.624,1.040
Carlos C Beltrán Beltran,KC,155,617,106,189,32,12,24,101,52,120,31,1,.306,.362,.514,.876
Craig C Biggio,HOU,155,617,118,180,35,3,20,70,66,100,7,4,.292,.382,.455,.838
Pat P Burrell L,PHI,155,539,70,139,29,2,27,89,70,162,2,1,.258,.346,.469,.816
Johnny J Damon C,OAK,155,644,108,165,34,4,9,49,61,70,27,12,.256,.324,.363,.687
Shannon S Stewart L,TOR,155,640,103,202,44,7,12,60,46,72,27,10,.316,.371,.463,.834
Omar O Vizquel S,CLE,155,611,84,156,26,8,2,50,61,72,13,9,.255,.323,.334,.657
Jeromy J Burnitz R,MIL,154,562,104,141,32,4,34,100,80,150,0,4,.251,.347,.504,.851
Damion D Easley,DET,154,585,77,146,27,7,11,65,52,90,10,5,.250,.323,.376,.699
Jason J Giambi,OAK,154,520,109,178,47,2,38,120,129,83,2,0,.342,.477,.660,1.137
Alex A Gonzalez S,TOR,154,636,79,161,25,5,17,76,43,149,18,11,.253,.303,.388,.692
Ben B Grieve R,TB,154,542,72,143,30,2,11,72,87,159,7,1,.264,.372,.387,.760
Tino T Martinez,NYY,154,589,89,165,24,2,34,113,42,89,1,2,.280,.329,.501,.830
Fernando F Vina,STL,154,631,95,191,30,8,9,56,32,35,17,7,.303,.357,.418,.775
Barry B Bonds L,SF,153,476,129,156,32,2,73,137,177,93,13,3,.328,.515,.863,1.379
David D Eckstein S,ANA,153,582,82,166,26,2,4,41,43,60,29,4,.285,.355,.357,.712
Doug D Glanville C,PHI,153,634,74,166,24,3,14,55,19,91,28,6,.262,.285,.375,.660
Corey C Koskie,MIN,153,562,100,155,37,2,26,103,68,118,27,6,.276,.362,.488,.850
Luis L Rivas,MIN,153,563,70,150,21,6,7,47,40,99,31,11,.266,.319,.362,.682
Ray R Durham,CWS,152,611,104,163,42,10,20,65,64,110,23,10,.267,.337,.466,.804
Jose J Hernandez S,MIL,152,542,67,135,26,2,25,78,39,185,5,4,.249,.300,.443,.743
Gary G Matthews C,PIT,152,405,63,92,15,2,14,44,60,100,8,5,.227,.328,.378,.705
Lee L Stevens,MON,152,542,77,133,35,1,25,95,74,157,2,1,.245,.338,.452,.790
Eric E Chavez,OAK,151,552,91,159,43,0,32,114,41,99,8,2,.288,.338,.540,.878
Matt M Lawton R,NYM,151,559,95,155,36,1,13,64,85,80,29,8,.277,.382,.415,.797
Doug D Mientkiewicz,MIN,151,543,77,166,39,1,15,74,67,92,2,6,.306,.387,.464,.851
Joe J Randa,KC,151,581,59,147,34,2,13,83,42,80,3,2,.253,.307,.386,.693
Scott S Rolen,PHI,151,554,96,160,39,1,25,107,74,127,16,5,.289,.378,.498,.876
Todd T Walker,CIN,151,551,93,163,35,2,17,75,51,82,1,8,.296,.355,.459,.814
Todd T Zeile,NYM,151,531,66,141,25,1,10,62,73,102,1,0,.266,.359,.373,.732
Mike M Cameron C,SEA,150,540,99,144,30,5,25,110,69,155,34,5,.267,.353,.480,.832
Jim J Edmonds C,STL,150,500,95,152,38,1,30,110,93,136,5,5,.304,.410,.564,.974
Derek D Jeter S,NYY,150,614,110,191,35,3,21,74,56,99,27,3,.311,.377,.480,.858
Carlos C Lee L,CWS,150,558,75,150,33,3,24,84,38,85,17,7,.269,.321,.468,.789
Cliff C Floyd L,FLA,149,555,123,176,44,4,31,103,59,101,18,3,.317,.390,.578,.968
Jacque J Jones L,MIN,149,475,57,131,25,0,14,49,39,92,12,9,.276,.335,.417,.752
Raul R Mondesi,TOR,149,572,88,144,26,4,27,84,73,128,30,11,.252,.342,.453,.794
Phil P Nevin,SD,149,546,97,167,31,0,41,126,71,147,4,4,.306,.388,.588,.976
Rey R Ordonez S,NYM,149,461,31,114,24,4,3,44,34,43,3,2,.247,.299,.336,.635
Rey R Sanchez S,ATL,149,544,56,153,18,6,0,37,15,49,11,1,.281,.300,.336,.637
Michael M Tucker C,CHC,149,436,62,110,19,8,12,61,46,102,16,8,.252,.322,.415,.738
Eric E Young Sr.,CHC,149,603,98,168,43,4,6,42,42,45,31,14,.279,.333,.393,.726
Geoff G Blum,MON,148,453,57,107,25,0,9,50,43,94,9,5,.236,.313,.351,.664
Torii T Hunter C,MIN,148,564,82,147,32,5,27,92,29,125,9,6,.261,.306,.479,.784
Brian B Jordan R,ATL,148,560,82,165,32,3,25,97,31,88,3,2,.295,.334,.496,.830
Trot T Nixon R,BOS,148,535,100,150,31,4,27,88,79,113,7,4,.280,.376,.505,.881
Alex A Ochoa L,COL,148,536,73,148,30,7,8,52,45,76,17,13,.276,.334,.403,.738
Marlon M Anderson,PHI,147,522,69,153,30,2,11,61,35,74,8,5,.293,.337,.421,.758
Ricky R Gutierrez S,CHC,147,528,76,153,23,3,10,66,40,56,4,3,.290,.345,.402,.746
Bobby B Higginson L,DET,147,541,84,150,28,6,17,71,80,65,20,12,.277,.367,.445,.813
Mike M Sweeney,KC,147,559,97,170,46,0,29,99,64,64,10,3,.304,.374,.542,.916
Vinny V Castilla,HOU,146,538,69,140,34,1,25,91,35,108,1,4,.260,.308,.467,.775
Jose J Cruz C,TOR,146,577,92,158,38,4,34,88,45,138,32,5,.274,.326,.530,.857
Brad B Fullmer D,TOR,146,522,71,143,31,2,18,83,38,88,5,2,.274,.326,.444,.771
Richard R Hidalgo C,HOU,146,512,70,141,29,3,19,80,54,107,3,5,.275,.356,.455,.811
Ryan R Klesko,SD,146,538,105,154,34,6,30,113,88,89,23,4,.286,.384,.539,.923
Mike M Lowell,FLA,146,551,65,156,37,0,18,100,43,79,1,2,.283,.340,.448,.789
Fred F Mc Griff,CHC,146,513,67,157,25,2,31,102,66,106,1,2,.306,.386,.544,.930
John J Vander Wal R,SF,146,452,58,122,28,4,14,70,68,122,8,6,.270,.364,.442,.806
Bernie B Williams C,NYY,146,540,102,166,38,0,26,94,78,67,11,5,.307,.395,.522,.917
Sean S Casey,CIN,145,533,69,165,40,0,13,89,43,63,3,1,.310,.369,.458,.827
Alex A Gonzalez S,FLA,145,515,57,129,36,1,9,48,30,107,2,2,.250,.303,.377,.680
Mark M Grace,ARI,145,476,66,142,31,2,15,78,67,36,1,0,.298,.386,.466,.852
Kevin K Millar R,FLA,144,449,62,141,39,5,20,85,39,70,0,0,.314,.374,.557,.930
Placido P Polanco,STL,144,564,87,173,26,4,3,38,25,43,12,3,.307,.342,.383,.725
Gary G Sheffield L,LA,143,515,98,160,28,2,36,100,94,67,10,4,.311,.417,.583,1.000
Manny M Ramirez D,BOS,142,529,93,162,33,2,41,125,81,147,0,1,.306,.405,.609,1.014
Bubba B Trammell R,SD,142,490,66,128,20,3,25,92,48,78,2,2,.261,.330,.467,.797
Robin R Ventura,NYM,142,456,70,108,20,0,21,61,88,101,2,5,.237,.359,.419,.778
Larry L Walker R,COL,142,497,107,174,35,3,38,123,82,103,14,5,.350,.449,.662,1.111
Dmitri D Young L,CIN,142,540,68,163,28,3,21,69,37,77,8,5,.302,.350,.481,.832
Kevin K Young,PIT,142,449,53,104,33,0,14,65,42,119,15,11,.232,.310,.399,.708
Jolbert J Cabrera L,CLE,141,287,50,75,16,3,1,38,16,41,10,4,.261,.312,.348,.660
Craig C Counsell,ARI,141,458,76,126,22,3,4,38,61,76,6,8,.275,.359,.362,.721
Mike M Piazza,NYM,141,503,81,151,29,0,36,94,67,87,0,2,.300,.384,.573,.956
Edgar E Renteria S,STL,141,493,54,128,19,3,10,57,39,73,17,4,.260,.314,.371,.685
B. J. B Surhoff L,ATL,141,484,68,131,33,1,10,58,38,48,9,3,.271,.321,.405,.726
Steve S Finley C,ARI,140,495,66,136,27,4,14,73,47,67,11,7,.275,.337,.430,.767
Juan J Gonzalez R,CLE,140,532,97,173,34,1,35,140,41,94,1,0,.325,.370,.590,.960
Carlos C Guillen S,SEA,140,456,72,118,21,4,5,53,53,89,4,1,.259,.333,.355,.689
Julio J Lugo S,HOU,140,513,93,135,20,3,10,37,46,116,12,11,.263,.326,.372,.698
Chris C Singleton,CWS,140,392,57,117,21,5,7,45,20,61,12,11,.298,.331,.431,.762
Jeff J Conine,BAL,139,524,75,163,23,2,14,97,64,75,12,8,.311,.386,.443,.829
Shea S Hillenbrand,BOS,139,468,52,123,20,2,12,49,13,61,3,4,.263,.291,.391,.682
Frank F Menechino,OAK,139,471,82,114,22,2,12,60,79,97,2,3,.242,.369,.374,.742
Scott S Spiezio,ANA,139,457,57,124,29,4,13,54,34,65,5,2,.271,.326,.438,.764
Jeff J Cirillo,COL,138,528,72,165,26,4,17,83,43,63,12,2,.313,.364,.473,.838
Ben B Davis,SD,138,448,56,107,20,0,11,57,66,112,4,4,.239,.337,.357,.694
Jorge J Posada,NYY,138,484,59,134,28,1,22,95,62,132,2,6,.277,.363,.475,.838
Adam A Kennedy,ANA,137,478,48,129,25,3,6,40,27,71,12,7,.270,.318,.372,.690
Chuck C Knoblauch L,NYY,137,521,66,130,20,3,9,44,58,73,38,9,.250,.339,.351,.691
Jose J Macias,DET,137,488,62,131,24,6,8,51,32,54,21,6,.268,.316,.391,.707
Paul P O' Neill R,NYY,137,510,77,136,33,1,21,70,48,59,22,3,.267,.330,.459,.789
Tim T Salmon R,ANA,137,475,63,108,21,1,17,49,96,121,9,3,.227,.365,.383,.748
Moises M Alou R,HOU,136,513,79,170,31,1,27,108,57,57,5,1,.331,.396,.554,.950
Shane S Halter,DET,136,450,53,128,32,7,12,65,37,100,3,3,.284,.344,.467,.811
Ramon R Hernandez,OAK,136,453,55,115,25,0,15,60,37,68,1,1,.254,.316,.408,.724
Neifi N Perez S,KC,136,581,83,162,26,9,8,59,26,68,9,6,.279,.309,.396,.705
Chris C Richard R,BAL,136,483,74,128,31,3,15,61,45,100,11,9,.265,.335,.435,.770
Greg G Vaughn D,TB,136,485,74,113,25,0,24,82,71,130,11,5,.233,.333,.433,.766
David D Bell,SEA,135,470,62,122,28,0,15,64,28,59,2,1,.260,.303,.415,.718
Royce R Clayton S,CWS,135,433,62,114,21,4,9,60,33,72,10,7,.263,.315,.393,.708
Marquis M Grissom C,LA,135,448,56,99,17,1,21,60,16,107,7,5,.221,.250,.404,.654
Luis L Castillo,FLA,134,537,76,141,16,10,2,45,67,90,33,16,.263,.344,.341,.684
Alex A Cora S,LA,134,405,38,88,18,3,4,29,31,58,0,2,.217,.285,.306,.591
Einar E Díaz Diaz,CLE,134,437,54,121,34,1,4,56,17,44,1,2,.277,.328,.387,.714
Darrin D Fletcher,TOR,134,416,36,94,20,0,11,56,24,43,0,1,.226,.274,.353,.628
Gabe G Kapler C,TEX,134,483,77,129,29,1,17,72,61,70,23,6,.267,.348,.437,.785
Frank F Catalanotto L,TEX,133,463,77,153,31,5,11,54,39,55,15,5,.330,.391,.490,.882
Mark M Grudzielanek,LA,133,539,83,146,21,3,13,55,28,83,4,4,.271,.317,.393,.711
Kenny K Lofton C,CLE,133,517,91,135,21,4,14,66,47,69,16,8,.261,.322,.398,.721
Pokey P Reese S,CIN,133,428,50,96,20,2,9,40,34,82,25,4,.224,.284,.343,.627
Benito B Santiago,SF,133,477,39,125,25,4,6,45,23,78,5,4,.262,.295,.369,.664
Michael M Barrett,MON,132,472,42,118,33,2,6,38,25,54,2,1,.250,.289,.367,.655
Edgar E Martinez D,SEA,132,470,80,144,40,1,23,116,93,90,4,1,.306,.423,.543,.966
Brady B Anderson R,BAL,131,430,50,87,12,3,8,45,60,77,12,4,.202,.311,.300,.611
Roger R Cedeno C,DET,131,523,79,153,14,11,6,48,36,83,55,15,.293,.337,.396,.733
Ray R Lankford L,SD,131,389,58,98,28,4,19,58,62,145,10,2,.252,.358,.491,.849
Jay J Bell,ARI,129,428,59,106,24,1,13,46,65,79,0,1,.248,.349,.400,.749
Marvin M Benard C,SF,129,392,70,104,19,2,15,44,29,66,10,5,.265,.320,.439,.759
Brad B Ausmus,HOU,128,422,45,98,23,4,5,34,30,64,4,1,.232,.284,.341,.625
Charles C Johnson,FLA,128,451,51,117,32,0,18,75,38,133,0,0,.259,.321,.450,.771
Javy J Lopez,ATL,128,438,45,117,16,1,17,66,28,82,1,0,.267,.322,.425,.747
Ramon R Martinez,SF,128,391,48,99,18,3,5,37,38,52,1,2,.253,.323,.353,.676
Melvin M Mora C,BAL,128,436,49,109,28,0,7,48,41,91,11,4,.250,.329,.362,.692
Jose J Offerman,BOS,128,524,76,140,23,3,9,49,61,97,5,2,.267,.342,.374,.716
Cal C Ripken,BAL,128,477,43,114,16,0,14,68,26,63,0,2,.239,.276,.361,.637
Matt M Stairs,CHC,128,340,48,85,21,0,17,61,52,76,2,3,.250,.358,.462,.820
Randy R Winn,TB,128,429,54,117,25,6,6,50,38,81,12,10,.273,.339,.401,.740
Adrian A Beltré,LA,126,475,59,126,22,4,13,60,28,82,13,4,.265,.310,.411,.720
Tony T Clark,DET,126,428,67,123,29,3,16,75,62,108,0,1,.287,.374,.481,.856
Delino D De Shields L,CHC,126,351,55,82,17,5,5,37,59,77,23,2,.234,.344,.353,.697
Reggie R Sanders,ARI,126,441,84,116,21,3,33,90,46,126,14,10,.263,.337,.549,.886
Devon D White C,MIL,126,390,52,108,25,2,14,47,28,95,18,3,.277,.343,.459,.802
Paul P Lo Duca,LA,125,460,71,147,28,0,25,90,39,30,2,4,.320,.374,.543,.917
Mark M Mc Lemore L,SEA,125,409,78,117,16,9,5,57,69,84,39,7,.286,.384,.406,.790
Tony T Womack S,ARI,125,481,66,128,19,5,3,30,23,54,28,7,.266,.307,.345,.652
Edgardo E Alfonzo,NYM,124,457,64,111,22,0,17,49,51,62,5,0,.243,.322,.403,.725
Ellis E Burks D,CLE,124,439,83,123,29,1,28,74,62,85,5,1,.280,.369,.542,.911
Robert R Fick,DET,124,401,62,109,21,2,19,61,39,62,0,3,.272,.339,.476,.816
Jeremy J Giambi D,OAK,124,371,64,105,26,0,12,57,63,83,0,1,.283,.391,.450,.841
Jose J Valentin,CWS,124,438,74,113,22,2,28,68,50,114,9,6,.258,.336,.509,.845
Jose J Vidro,MON,124,486,82,155,34,1,15,59,31,49,4,1,.319,.371,.486,.856
Rickey R Henderson L,SD,123,379,70,86,17,3,8,42,81,84,25,7,.227,.366,.351,.716
Damian D Miller,ARI,123,380,45,103,19,0,13,47,35,80,0,1,.271,.337,.424,.761
Craig C Paquette L,STL,123,340,47,96,17,0,15,64,18,67,3,1,.282,.326,.465,.791
Tsuyoshi T Shinjo C,NYM,123,400,46,107,23,1,10,56,25,70,4,5,.268,.320,.405,.725
Dan D Wilson,SEA,123,377,44,100,20,1,10,42,20,69,3,2,.265,.305,.403,.708
Preston P Wilson C,FLA,123,468,70,128,30,2,23,71,36,107,20,8,.274,.331,.494,.825
Marty M Cordova L,CLE,122,409,61,123,20,2,20,69,23,81,0,3,.301,.348,.506,.854
Brian B Daubach,BOS,122,407,54,107,28,3,22,71,53,108,1,0,.263,.350,.509,.859
Damian D Jackson,SD,122,440,67,106,21,6,4,38,44,128,23,6,.241,.316,.343,.660
Andres A Galarraga,SF,121,399,50,102,28,1,17,69,31,117,1,3,.256,.326,.459,.784
Eric E Karros,LA,121,438,42,103,22,0,15,63,41,101,3,1,.235,.303,.388,.691
Jason J La Rue,CIN,121,364,39,86,21,2,12,43,27,106,3,3,.236,.303,.404,.707
Mike M Matheny,STL,121,381,40,83,12,0,7,42,28,76,0,1,.218,.276,.304,.581
Scott S Brosius,NYY,120,428,57,123,25,2,13,49,34,83,3,1,.287,.343,.446,.790
Juan J Encarnacion R,DET,120,417,52,101,19,7,12,52,25,93,9,5,.242,.292,.408,.700
Dave D Martinez,ATL,120,237,33,68,11,3,2,20,21,44,3,3,.287,.347,.384,.732
Desi D Relaford,NYM,120,301,43,91,27,0,8,36,27,65,13,5,.302,.364,.472,.836
Mark M Kotsay C,SD,119,406,67,118,29,1,10,58,48,58,13,5,.291,.366,.441,.807
Eric E Owens R,FLA,119,400,51,101,16,1,5,28,29,59,8,6,.253,.302,.335,.637
Ken K Caminiti,ATL,118,356,36,81,17,1,15,41,43,85,0,1,.228,.312,.407,.719
Cristian C Guzman S,MIN,118,493,80,149,28,14,10,51,21,78,25,8,.302,.337,.477,.814
Mark M Quinn R,KC,118,453,57,122,31,2,17,60,12,69,9,5,.269,.298,.459,.757
Greg G Norton,COL,117,225,30,60,13,2,13,40,19,65,1,0,.267,.321,.516,.837
Ruben R Rivera C,CIN,117,263,37,67,13,1,10,34,21,83,6,3,.255,.321,.426,.746
Joe J Mc Ewing L,NYM,116,283,41,80,17,3,8,30,17,57,8,5,.283,.342,.449,.791
David D Dellucci,ARI,115,217,28,60,10,2,10,40,22,52,2,1,.276,.349,.479,.828
Abraham O. A Nunez,PIT,115,301,30,79,11,4,1,21,28,53,8,2,.262,.326,.336,.662
A. J. A Pierzynski,MIN,114,381,51,110,33,2,7,55,16,57,1,7,.289,.322,.441,.763
Kerry K Robinson,STL,114,186,34,53,6,1,1,15,12,20,11,2,.285,.330,.344,.674
Terry T Shumpert,COL,114,242,37,70,14,5,4,24,15,44,14,3,.289,.337,.438,.775
Luis L Alicea,KC,113,387,44,106,16,4,4,32,23,56,8,6,.274,.320,.367,.687
Russell R Branyan,CLE,113,315,48,73,16,2,20,54,38,132,1,1,.232,.316,.486,.802
Denny D Hocking S,MIN,112,327,34,82,16,2,3,25,29,67,6,1,.251,.315,.339,.654
Ron R Coomer,CHC,111,349,25,91,19,1,8,53,29,70,0,0,.261,.316,.390,.706
Ken K Griffey C,CIN,111,364,57,104,20,2,22,65,44,72,2,0,.286,.365,.533,.898
Aubrey A Huff,TB,111,411,42,102,25,1,8,45,23,72,1,3,.248,.288,.372,.660
David D Justice,NYY,111,381,58,92,16,1,18,51,54,83,1,2,.241,.333,.430,.763
Ivan I Rodriguez,TEX,111,442,70,136,24,2,25,65,23,73,10,3,.308,.347,.541,.888
Deivi D Cruz S,DET,110,414,39,106,28,1,7,52,17,46,4,1,.256,.291,.379,.670
Lenny L Harris,NYM,110,135,12,30,5,1,0,9,8,9,3,2,.222,.266,.274,.540
J. D. J Drew R,STL,109,375,80,121,18,5,27,73,57,75,13,3,.323,.414,.613,1.027
Steve S Cox,TB,108,342,37,88,22,0,12,51,24,75,2,2,.257,.323,.427,.750
Jack J Wilson S,PIT,108,390,44,87,17,1,3,25,16,70,1,3,.223,.255,.295,.550
Dante D Bichette,BOS,107,391,45,112,30,1,12,49,20,76,2,2,.286,.325,.460,.786
Jose J Vizcaino S,HOU,107,256,38,71,8,3,1,14,15,33,3,2,.277,.322,.344,.666
Dee D Brown L,KC,106,380,39,93,19,0,7,40,22,81,5,3,.245,.286,.350,.636
Mike M Lansing S,BOS,106,352,45,88,23,0,8,34,22,50,3,3,.250,.294,.384,.677
Calvin C Murray,SF,106,326,54,80,14,2,6,25,32,57,8,8,.245,.319,.356,.674
Olmedo O Saenz D,OAK,106,305,33,67,21,1,9,32,19,64,0,1,.220,.291,.384,.675
Matt M Williams,ARI,106,408,58,112,30,0,16,65,22,70,1,0,.275,.314,.466,.780
Michael M Young,TEX,106,386,57,96,18,4,11,49,26,91,3,1,.249,.298,.402,.699
Mike M Darr R,SD,105,289,36,80,13,1,2,34,39,72,6,2,.277,.363,.349,.712
Tom T Goodwin C,LA,105,286,51,66,8,5,4,22,23,58,22,8,.231,.286,.336,.622
Geoff G Jenkins L,MIL,105,397,60,105,21,1,20,63,36,120,4,2,.264,.334,.474,.808
Jason J Tyner L,TB,105,396,51,111,8,5,0,21,15,42,31,6,.280,.311,.326,.637
Henry H Blanco,MIL,104,314,33,66,18,3,6,31,34,72,3,1,.210,.290,.344,.634
Benji B Gil S,ANA,104,260,33,77,15,4,8,39,14,57,3,4,.296,.330,.477,.807
Raul R Ibanez D,KC,104,279,44,78,11,5,13,54,32,51,0,2,.280,.353,.495,.847
Keith K Lockhart,ATL,104,178,17,39,6,0,3,12,16,22,1,2,.219,.289,.303,.593
Troy T O' Leary L,BOS,104,341,50,82,16,6,13,50,25,73,1,3,.240,.298,.437,.735
Orlando O Palmeiro R,ANA,104,230,29,56,10,1,2,23,25,24,6,6,.243,.319,.322,.641
Jay J Payton C,NYM,104,361,44,92,16,1,8,34,18,52,4,3,.255,.298,.371,.669
Aaron A Boone,CIN,103,381,54,112,26,2,14,62,29,71,6,3,.294,.351,.483,.834
Peter P Bergeron C,MON,102,375,53,79,11,4,3,16,28,87,10,7,.211,.275,.285,.560
Carl C Everett,BOS,102,409,61,105,24,4,14,58,27,104,9,2,.257,.323,.438,.761
Mark M Loretta,MIL,102,384,40,111,14,2,2,29,28,46,1,2,.289,.346,.352,.698
Ronnie R Belliard,MIL,101,364,69,96,30,3,11,36,35,65,5,2,.264,.335,.453,.788
J. T. J Snow,SF,101,285,43,70,12,1,8,34,55,81,0,0,.246,.371,.379,.750
Danny D Bautista,ARI,100,222,26,67,11,2,5,26,14,31,3,2,.302,.346,.437,.783
Wes W Helms,ATL,100,216,28,48,10,3,10,36,21,56,1,1,.222,.293,.435,.728
Al A Martin L,SEA,100,283,41,68,15,2,7,42,37,59,9,3,.240,.330,.382,.712
Brent B Mayne,KC,100,326,28,93,11,1,2,40,26,41,1,2,.285,.334,.344,.678
Gerald G Williams R,NYY,100,279,42,56,18,0,4,19,18,55,13,5,.201,.262,.308,.570
Travis T Fryman,CLE,98,334,34,88,15,0,3,38,30,63,1,2,.263,.327,.335,.662
Chris C Gomez S,TB,98,301,37,78,19,0,8,42,17,38,4,0,.259,.298,.402,.700
Dave D Mc Carty,KC,98,200,26,50,10,0,7,26,24,45,0,0,.250,.328,.405,.732
Mark M Mc Gwire,STL,97,299,48,56,4,0,29,64,56,118,0,0,.187,.316,.492,.808
Juan J Castro S,CIN,96,242,27,54,10,0,3,13,13,50,0,0,.223,.261,.302,.562
Bengie B Molina,ANA,96,325,31,85,11,0,6,40,16,51,0,1,.262,.309,.351,.660
Mike M Mordecai,MON,96,254,28,71,17,2,3,32,19,53,2,2,.280,.330,.398,.727
Chris C Stynes,BOS,96,361,52,101,19,2,8,33,20,56,4,5,.280,.322,.410,.732
Brook B Fordyce,BAL,95,292,30,61,18,0,5,19,21,56,1,2,.209,.268,.322,.590
Armando A Rios R,PIT,95,319,38,83,17,3,14,50,36,74,3,2,.260,.332,.464,.796
Daryle D Ward,HOU,95,213,21,56,15,0,9,39,19,48,0,0,.263,.323,.460,.784
Rondell R White L,CHC,95,323,43,99,19,1,17,50,26,56,1,0,.307,.371,.529,.900
Pedro P Feliz,SF,94,220,23,50,9,1,7,22,10,50,2,1,.227,.264,.373,.637
Charles C Gipson L,SEA,94,64,16,14,2,2,0,5,4,20,1,1,.219,.282,.313,.594
Scott S Hatteberg,BOS,94,278,34,68,19,0,3,25,33,26,1,1,.245,.332,.345,.678
Orlando O Merced,HOU,94,137,19,36,6,1,6,29,14,32,5,1,.263,.333,.453,.786
Jeff J Reboulet S,LA,94,214,35,57,15,2,3,22,33,48,0,1,.266,.367,.397,.764
Ruben R Sierra D,TEX,94,344,55,100,22,1,23,67,19,52,2,0,.291,.322,.561,.884
Enrique E Wilson S,NYY,94,228,17,48,8,1,2,20,9,37,0,5,.211,.238,.281,.519
Bobby B Bonilla,STL,93,174,17,37,7,0,5,21,23,53,1,1,.213,.308,.339,.647
Miguel M Cairo,STL,93,156,25,46,8,1,3,16,18,23,2,1,.295,.366,.417,.782
Ron R Gant,OAK,93,252,46,65,13,3,10,35,35,80,5,1,.258,.345,.452,.797
Donnie D Sadler,KC,93,185,28,30,6,0,1,5,18,37,7,4,.162,.243,.211,.454
Randy R Velarde,NYY,93,342,50,95,19,2,9,32,34,86,6,2,.278,.356,.424,.780
Erubiel E Durazo,ARI,92,175,34,47,11,0,12,38,28,49,0,0,.269,.372,.537,.909
Dave D Hansen,LA,92,140,13,33,10,0,2,20,32,29,0,1,.236,.371,.350,.721
Luis L Lopez,MIL,92,222,22,60,8,3,4,18,14,44,0,1,.270,.326,.387,.714
Herbert H Perry,CWS,92,285,38,73,21,1,7,32,23,55,2,2,.256,.326,.411,.736
Benny B Agbayani L,NYM,91,296,28,82,14,2,6,27,36,73,4,5,.277,.364,.399,.763
Dave D Magadan,SD,91,128,12,32,7,0,1,12,12,20,0,0,.250,.317,.328,.645
Wendell W Magee C,DET,90,207,26,44,11,4,5,17,23,44,3,0,.213,.293,.377,.670
Brady B Clark,CIN,89,129,22,34,3,0,6,18,22,16,4,1,.264,.373,.426,.799
Wil W Cordero L,CLE,89,268,30,67,11,1,4,21,22,50,0,0,.250,.313,.343,.656
Johnny J Estrada,PHI,89,298,26,68,15,0,8,37,16,32,0,0,.228,.273,.359,.632
Stan S Javier L,SEA,89,281,44,82,14,1,4,33,36,47,11,1,.292,.375,.391,.766
David D Ortiz,MIN,89,303,46,71,17,1,18,48,40,68,1,0,.234,.324,.475,.799
Shawon S Dunston,SF,88,186,26,52,10,3,9,25,2,32,3,1,.280,.293,.511,.804
Craig C Wilson,PIT,88,158,27,49,3,1,13,32,15,53,3,1,.310,.390,.589,.979
John J Mabry,FLA,87,154,14,32,7,0,6,20,13,46,1,0,.208,.287,.370,.658
Pat P Meares,PIT,87,270,27,57,11,1,4,25,10,45,0,2,.211,.244,.304,.548
D' Angelo D Jimenez S,SD,86,308,45,85,19,0,3,33,39,68,2,3,.276,.355,.367,.722
Eli E Marrero,STL,86,203,37,54,11,3,6,23,15,36,6,3,.266,.312,.438,.751
Russ R Johnson,TB,85,248,32,73,19,2,4,33,34,57,2,2,.294,.380,.435,.816
Steve S Kline,STL,85,2,0,1,0,0,0,0,0,1,0,0,.500,.500,.500,1.000
Timo T Perez R,NYM,85,239,26,59,9,1,5,22,12,25,1,6,.247,.287,.356,.643
Ben B Petrick,COL,85,244,41,58,15,3,11,39,31,67,3,3,.238,.327,.459,.786
Brian L. B Hunter,PHI,83,145,22,40,6,0,2,16,16,25,14,3,.276,.344,.359,.702
Jeff J Liefer L,CWS,83,254,36,65,13,0,18,39,20,69,0,1,.256,.313,.520,.833
Rob R Mackowiak,PIT,83,214,30,57,15,2,4,21,15,52,4,3,.266,.319,.411,.730
Dave D Berg,FLA,82,215,26,52,12,1,4,16,14,39,0,1,.242,.292,.363,.655
Darren D Lewis R,BOS,82,164,18,46,9,1,1,12,8,25,5,5,.280,.326,.366,.692
David D Segui,BAL,82,292,48,88,18,1,10,46,49,61,1,1,.301,.406,.473,.879
Damian D Rolls,TB,81,237,33,62,11,1,2,12,10,47,12,4,.262,.291,.342,.633
Randall R Simon,DET,81,256,28,78,14,2,6,37,15,28,0,1,.305,.341,.445,.786
Todd T Pratt,PHI,80,173,18,32,8,0,4,11,34,61,1,0,.185,.327,.301,.628
Mark M Smith L,MON,80,194,28,47,13,1,6,18,23,38,0,2,.242,.326,.412,.738
Shane S Spencer L,NYY,80,283,40,73,14,2,10,46,21,58,4,1,.258,.315,.428,.743
Brent B Abernathy,TB,79,304,43,82,17,1,5,34,27,35,8,3,.270,.328,.382,.710
Carlos C Febles,KC,79,292,45,69,9,2,8,25,22,58,5,2,.236,.291,.363,.654
Rafael R Furcal S,ATL,79,324,39,89,19,0,4,30,24,56,22,6,.275,.321,.370,.692
Todd T Hundley,CHC,79,246,23,46,10,0,12,31,25,89,0,0,.187,.268,.374,.642
Brandon B Inge,DET,79,189,13,34,11,0,0,15,9,41,1,4,.180,.215,.238,.453
Ryan R Jackson,DET,79,118,19,25,4,2,2,11,5,26,3,1,.212,.250,.331,.580
Ray R King,MIL,79,2,0,0,0,0,0,0,0,1,0,0,.000,.000,.000,.000
Tom T Lampkin,SEA,79,204,28,46,10,0,5,22,18,41,1,0,.225,.309,.348,.657
Graeme G Lloyd,MON,79,2,0,0,0,0,0,0,1,0,0,0,.000,.333,.000,.333
Shawn S Wooten,ANA,79,221,24,69,8,1,8,32,5,42,2,0,.312,.332,.466,.798
Homer H Bush,TOR,78,271,32,83,11,1,3,27,8,50,13,4,.306,.336,.387,.723
Jeff J Fassero,CHC,78,2,0,0,0,0,0,0,0,2,0,0,.000,.000,.000,.000
John J Flaherty,TB,78,248,20,59,17,1,4,29,10,33,1,0,.238,.269,.363,.632
Joe J Girardi,CHC,78,229,22,58,10,1,3,25,21,50,0,1,.253,.315,.345,.660
Ricky R Ledee,TEX,78,242,33,56,21,1,2,36,23,58,3,3,.231,.303,.351,.654
Augie A Ojeda,CHC,78,144,16,29,5,1,1,12,12,20,1,0,.201,.269,.271,.540
David D Weathers,CHC,78,1,0,0,0,0,0,0,1,1,0,0,.000,.500,.000,.500
Milton M Bradley C,CLE,77,238,22,53,17,3,1,19,21,65,8,5,.223,.288,.332,.620
Felix F Martinez S,TB,77,219,24,54,13,1,1,14,10,46,6,5,.247,.294,.329,.622
Doug D Mirabelli,BOS,77,190,20,43,10,0,11,29,27,57,0,0,.226,.332,.453,.784
Felix F Rodriguez,SF,77,0,0,0,0,0,0,0,0,0,0,0,.000,.000,.000,.000
Jose J Canseco D,CWS,76,256,46,66,8,0,16,49,45,75,2,1,.258,.366,.477,.843
Tony T Fernandez,TOR,76,123,11,36,4,0,2,15,8,17,1,3,.293,.338,.374,.712
Mike M Lamb,TEX,76,284,42,87,18,0,4,35,14,27,2,1,.306,.348,.412,.760
Hiram H Bocachica,LA,75,133,15,31,11,1,2,9,9,33,4,1,.233,.287,.376,.663
Angel A Echevarria,MIL,75,133,12,34,11,0,5,13,8,29,0,1,.256,.310,.451,.762
Tyler T Houston,MIL,75,235,36,68,7,0,12,38,18,62,0,0,.289,.343,.472,.815
James J Mouton C,MIL,75,138,20,34,8,0,2,10,11,40,7,3,.246,.329,.348,.677
Robb R Nen,SF,75,1,0,0,0,0,0,0,0,0,0,0,.000,.000,.000,.000
Brian B Roberts S,BAL,75,273,42,69,12,3,2,17,13,36,12,3,.253,.284,.341,.624
Jeff J Shaw,LA,75,0,0,0,0,0,0,0,0,0,0,0,.000,.000,.000,.000
Scott S Strickland,MON,75,3,0,0,0,0,0,0,0,2,0,0,.000,.000,.000,.000
Scott S Sullivan,CIN,75,3,0,0,0,0,0,0,0,3,0,0,.000,.000,.000,.000
Emil E Brown C,SD,74,137,21,26,4,1,3,13,16,49,12,4,.190,.284,.299,.583
Eric E Davis R,SF,74,156,17,32,7,3,4,22,13,38,1,1,.205,.269,.365,.634
Jeff J Frye,TOR,74,175,24,43,6,1,2,15,12,18,2,1,.246,.305,.326,.631
Tony T Graffanino,CWS,74,145,23,44,9,0,2,15,16,29,4,1,.303,.370,.407,.777
Byung- Hyun B Kim,ARI,74,6,0,1,0,0,0,2,0,2,0,0,.167,.167,.167,.333
Felipe F Crespo,PHI,73,107,9,20,4,1,4,15,11,34,1,1,.187,.266,.355,.621
Jay J Gibbons L,BAL,73,225,27,53,10,0,15,36,17,39,0,1,.236,.301,.480,.781
Chad C Kreuter,LA,73,191,21,41,11,1,6,17,41,52,0,0,.215,.355,.377,.732
Rico R Brogna,ATL,72,206,15,51,9,0,3,21,14,46,3,1,.248,.297,.335,.632
Jacob J Cruz,COL,72,144,19,31,5,0,4,18,15,50,0,4,.215,.303,.333,.636
Mike M De Jean,MIL,72,3,0,0,0,0,0,0,0,2,0,0,.000,.000,.000,.000
Kyle K Farnsworth,CHC,72,2,0,0,0,0,0,0,0,2,0,0,.000,.000,.000,.000
Junior J Spivey,ARI,72,163,33,42,6,3,5,21,23,47,3,0,.258,.354,.423,.778
Juan J Uribe S,COL,72,273,32,82,15,11,8,53,8,55,3,0,.300,.325,.524,.849
Tim T Worrell,SF,72,2,0,0,0,0,0,0,0,2,0,0,.000,.000,.000,.000
Armando A Benitez,NYM,71,1,0,0,0,0,0,1,0,0,0,0,.000,.000,.000,.000
Raul R Casanova,MIL,71,192,21,50,10,0,11,33,12,29,0,0,.260,.303,.484,.787
Tony T Gwynn,SD,71,102,5,33,9,1,1,17,10,9,1,0,.324,.384,.461,.845
Matt M Herges,LA,71,9,0,4,0,0,0,1,0,3,0,0,.444,.444,.444,.889
Mark M Johnson,NYM,71,118,17,30,6,1,6,23,16,31,0,2,.254,.338,.475,.813
Mike M Myers,COL,71,0,0,0,0,0,0,0,0,0,0,0,.000,.000,.000,.000
Mike M Remlinger,ATL,71,2,0,0,0,0,0,0,0,1,0,0,.000,.000,.000,.000
Quilvio Q Veras,ATL,71,258,39,65,14,2,3,25,24,52,7,4,.252,.330,.357,.686
Sandy S Alomar,CWS,70,220,17,54,8,1,4,21,12,17,1,2,.245,.288,.345,.634
Alex A Arias,SD,70,137,19,31,9,0,2,12,17,22,1,0,.226,.312,.336,.648
Glen G Barker C,HOU,70,24,12,2,0,0,0,1,3,6,4,6,.083,.233,.083,.317
Bill B Mueller,CHC,70,210,38,62,12,1,6,23,37,19,1,1,.295,.403,.448,.851
Brian B Buchanan R,MIN,69,197,28,54,12,0,10,32,19,58,1,1,.274,.342,.487,.830
Bernard B Gilkey,ATL,69,106,8,29,6,0,2,14,11,31,0,1,.274,.339,.387,.726
Dave D Veres,STL,69,3,0,0,0,0,0,0,0,1,0,0,.000,.000,.000,.000
Marcus M Giles,ATL,68,244,36,64,10,2,9,31,28,37,2,5,.262,.338,.430,.769
Kevin K Jordan,PHI,68,113,9,27,5,0,1,13,14,21,0,0,.239,.323,.310,.633
Josias J Manzanillo,PIT,68,1,0,0,0,0,0,0,0,0,0,0,.000,.000,.000,.000
Jose J Mesa,PHI,68,0,0,0,0,0,0,0,0,0,0,0,.000,.000,.000,.000
Jay J Powell,COL,68,1,0,0,0,0,0,0,0,1,0,0,.000,.000,.000,.000
Gabe G White,COL,68,3,0,0,0,0,0,0,0,3,0,0,.000,.000,.000,.000
Braden B Looper,FLA,67,2,0,0,0,0,0,0,0,2,0,0,.000,.000,.000,.000
Turk T Wendell,PHI,67,2,0,0,0,0,0,0,0,1,0,0,.000,.000,.000,.000
Alberto A Castillo,TOR,66,131,9,26,4,0,1,4,7,30,1,1,.198,.255,.252,.507
Mark M De Rosa S,ATL,66,164,27,47,8,0,3,20,12,19,2,1,.287,.350,.390,.740
Chris C Donnels,LA,66,88,8,15,2,0,3,8,12,25,0,0,.170,.277,.295,.573
Adam A Dunn R,CIN,66,244,54,64,18,1,19,43,38,74,4,2,.262,.371,.578,.948
Curt C Leskanic,MIL,66,1,0,0,0,0,0,0,0,0,0,0,.000,.000,.000,.000
Scott S Sauerbeck,PIT,66,2,0,0,0,0,0,0,0,1,0,0,.000,.000,.000,.000
Gene G Stechschulte,STL,65,3,1,2,0,0,1,3,1,1,0,0,.667,.750,1.667,2.417
Mike M Timlin,STL,65,1,0,0,0,0,0,0,0,0,0,0,.000,.000,.000,.000
Ricky R Bottalico,PHI,64,3,1,1,1,0,0,1,0,0,0,0,.333,.333,.667,1.000
Wiki W Gonzalez,SD,64,160,16,44,6,0,8,27,11,28,2,0,.275,.335,.463,.798
Fernando F Lunar,BAL,64,167,8,41,7,0,0,16,7,32,0,0,.246,.287,.287,.574
Jose J Ortiz,COL,64,246,42,59,8,1,13,38,17,41,4,1,.240,.297,.439,.736
Tom T Prince,MIN,64,196,19,43,4,1,7,23,12,39,3,1,.219,.284,.357,.641
Danny D Graves,CIN,63,4,1,1,0,0,1,2,0,2,0,0,.250,.250,1.000,1.250
Michael M Jackson,HOU,63,1,0,0,0,0,0,0,0,0,0,0,.000,.000,.000,.000
Aaron A Rowand L,CWS,63,123,21,36,5,0,4,20,15,28,5,1,.293,.385,.431,.816
Kelly K Stinnett,CIN,63,187,27,48,11,0,9,25,17,61,2,2,.257,.333,.460,.793
Billy B Wagner,HOU,63,0,0,0,0,0,0,0,0,0,0,0,.000,.000,.000,.000
Mike M Williams,HOU,63,0,0,0,0,0,0,0,0,0,0,0,.000,.000,.000,.000
Nelson N Cruz,HOU,62,6,0,1,0,0,0,0,0,2,0,0,.167,.167,.167,.333
Aaron A Fultz,SF,62,5,1,2,0,0,0,0,0,0,0,0,.400,.400,.400,.800
Rusty R Greer L,TEX,62,245,38,67,23,0,7,29,27,32,1,2,.273,.342,.453,.795
Tomas T Perez,PHI,62,135,11,41,7,1,3,19,7,22,0,1,.304,.347,.437,.784
Greg G Swindell,ARI,62,0,0,0,0,0,0,0,0,0,0,0,.000,.000,.000,.000
Paul P Bako,ATL,61,137,19,29,10,1,2,15,20,34,1,0,.212,.312,.343,.655
Chad C Fox,MIL,61,3,0,0,0,0,0,0,0,1,0,0,.000,.000,.000,.000
Edwards E Guzman,SF,61,115,8,28,6,0,3,7,5,16,0,0,.243,.273,.374,.647
Mark M Johnson,CWS,61,173,21,43,6,1,5,18,23,31,2,1,.249,.338,.382,.720
Mike M Kinkade L,BAL,61,160,19,44,5,0,4,16,14,31,2,1,.275,.345,.381,.726
Scott S Sheldon,TEX,61,120,11,24,5,0,3,11,3,35,1,1,.200,.216,.317,.533
Mike M Di Felice,ARI,60,170,14,32,5,1,2,10,8,49,1,1,.188,.239,.265,.504
Wilton W Guerrero,CIN,60,142,16,48,5,1,1,8,3,17,5,2,.338,.352,.408,.760
Trevor T Hoffman,SD,60,4,0,0,0,0,0,0,0,1,0,0,.000,.000,.000,.000
Brian B Simmons,TOR,60,107,8,19,5,0,2,8,8,26,1,0,.178,.239,.280,.520
Ricky R Bones,FLA,59,2,0,1,0,0,0,1,0,1,0,0,.500,.333,.500,.833
Greg G Colbrunn,ARI,59,97,12,28,8,0,4,18,9,14,0,0,.289,.373,.495,.868
Dennis D Cook,PHI,59,1,0,0,0,0,0,0,0,0,0,0,.000,.000,.000,.000
Tony T Eusebio,HOU,59,154,16,39,8,0,5,14,17,34,0,0,.253,.339,.403,.742
Corey C Patterson,CHC,59,131,26,29,3,0,4,14,6,33,4,0,.221,.266,.336,.602
Mike M Bordick S,BAL,58,229,32,57,13,0,7,30,17,36,9,3,.249,.314,.397,.711
Greg G Myers,OAK,58,161,24,36,3,0,11,31,21,38,0,0,.224,.313,.447,.760
Jose J Nunez,SD,58,3,0,0,0,0,0,0,0,2,0,0,.000,.000,.000,.000
Chad C Allen D,MIN,57,175,20,46,13,2,4,20,19,37,1,2,.263,.333,.429,.762
Troy T Brohawn,ARI,57,1,0,0,0,0,0,0,0,0,0,0,.000,.000,.000,.000
Kane K Davis,COL,57,5,0,0,0,0,0,0,0,5,0,0,.000,.000,.000,.000
Octavio O Dotel,HOU,57,11,0,1,0,0,0,0,0,5,0,0,.091,.091,.091,.182
Rob R Ducey,MON,57,73,10,17,3,0,3,12,16,25,0,1,.233,.374,.397,.771
Dean D Palmer,DET,57,216,34,48,11,0,11,40,27,59,4,1,.222,.317,.426,.743
Josh J Paul,CWS,57,139,20,37,11,0,3,18,13,25,6,2,.266,.327,.410,.737
Scott S Stewart,MON,57,0,0,0,0,0,0,0,0,0,0,0,.000,.000,.000,.000
Todd T Van Poppel,CHC,57,7,1,2,0,0,0,0,0,3,0,0,.286,.286,.286,.571
Juan J Acevedo,FLA,56,3,1,1,1,0,0,0,0,0,0,0,.333,.333,.667,1.000
John J Franco,NYM,56,0,0,0,0,0,0,0,0,0,0,0,.000,.000,.000,.000
Jose J Jimenez,COL,56,1,0,0,0,0,0,0,0,0,0,0,.000,.000,.000,.000
Hector H Ortiz,KC,56,154,12,38,6,1,0,11,9,24,1,3,.247,.293,.299,.591
Keith K Osik,PIT,56,120,9,25,4,0,2,13,13,24,1,0,.208,.299,.292,.591
Rheal R Cormier,PHI,55,1,0,0,0,0,0,0,0,0,0,0,.000,.000,.000,.000
Cesar C Crespo,SD,55,153,27,32,6,0,4,12,25,50,6,2,.209,.320,.327,.647
Vic V Darensbourg,FLA,55,0,0,0,0,0,0,0,0,0,0,0,.000,.000,.000,.000
Ryan R Minor,MON,55,95,10,15,2,0,2,13,9,31,0,1,.158,.234,.242,.476
Antonio A Alfonseca,FLA,54,0,0,0,0,0,0,0,0,0,0,0,.000,.000,.000,.000
Andy A Fox,FLA,54,81,8,15,0,1,3,7,15,17,1,0,.185,.327,.321,.648
Wayne W Gomes,SF,54,1,0,1,0,0,0,1,1,0,0,0,1.000,1.000,1.000,2.000
Brent B Butler,COL,53,119,17,29,7,1,1,14,7,7,1,1,.244,.287,.345,.631
Jose J Cabrera,ATL,53,1,0,0,0,0,0,0,0,1,0,0,.000,.000,.000,.000
Jason J Christiansen,SF,53,0,0,0,0,0,0,0,0,0,0,0,.000,.000,.000,.000
Russ R Davis,SF,53,167,16,43,13,1,7,17,17,49,1,0,.257,.326,.473,.799
Jorge J Fabregas,ANA,53,148,9,33,4,2,2,16,3,15,0,0,.223,.235,.318,.553
Wally W Joyner,ANA,53,148,14,36,5,1,3,14,13,18,1,1,.243,.304,.351,.656
Darryl D Hamilton L,NYM,52,126,15,27,7,1,1,5,19,20,3,1,.214,.322,.310,.632
Robert R Machado,CHC,52,135,13,30,10,0,2,13,7,26,0,0,.222,.266,.341,.606
Lou L Merloni S,BOS,52,146,21,39,10,0,3,13,6,31,2,1,.267,.306,.397,.703
Eddie E Taubensee,CLE,52,116,16,29,2,1,3,11,10,19,0,0,.250,.315,.362,.677
Rick R White,NYM,52,3,0,0,0,0,0,0,0,2,0,0,.000,.000,.000,.000
Rod R Barajas,ARI,51,106,9,17,3,0,3,9,4,26,0,0,.160,.191,.274,.464
Clay C Bellinger,NYY,51,81,12,13,1,1,5,12,4,23,1,2,.160,.207,.383,.590
Mike M Fetters,PIT,51,0,0,0,0,0,0,0,0,0,0,0,.000,.000,.000,.000
Adam A Hyzdu,PIT,51,72,7,15,1,0,5,9,4,18,0,1,.208,.260,.431,.690
Mark M Little,COL,51,85,18,29,6,0,3,13,1,20,5,2,.341,.378,.518,.895
Mike M Matthews,STL,51,17,2,2,0,0,1,1,0,4,0,0,.118,.118,.294,.412
Tim T Raines L,BAL,51,89,14,27,8,1,1,9,18,9,1,0,.303,.413,.449,.862
Jason J Varitek,BOS,51,174,19,51,11,1,7,25,21,35,0,0,.293,.371,.489,.859
Ron R Villone,HOU,51,22,2,1,1,0,0,0,0,9,0,0,.045,.045,.091,.136
Mike M Colangelo L,SD,50,91,10,22,3,3,2,8,8,30,0,0,.242,.310,.407,.717
Lou L Collier,MIL,50,127,19,32,8,1,2,14,17,30,5,1,.252,.340,.378,.718
D. T. D Cromer,CIN,50,57,7,16,3,0,5,12,3,19,0,0,.281,.302,.596,.898
Hector H Mercado,CIN,50,2,0,0,0,0,0,0,0,1,0,0,.000,.000,.000,.000
Jose J Santiago,PHI,50,3,0,0,0,0,0,0,1,3,0,0,.000,.250,.000,.250
Armando A Almanza,FLA,49,0,0,0,0,0,0,0,0,0,0,0,.000,.000,.000,.000
Toby T Hall,TB,49,188,28,56,16,0,4,30,4,16,2,2,.298,.321,.447,.768
Jeffrey J Hammonds C,MIL,49,174,20,43,11,1,6,21,14,42,5,3,.247,.314,.425,.740
Kerry K Ligtenberg,ATL,49,0,0,0,0,0,0,0,0,0,0,0,.000,.000,.000,.000
Felipe F Lopez,TOR,49,177,21,46,5,4,5,23,12,39,4,3,.260,.304,.418,.722
Dan D Miceli,COL,49,0,0,0,0,0,0,0,0,0,0,0,.000,.000,.000,.000
Guillermo G Mota,MON,49,3,0,1,0,0,0,0,0,1,0,0,.333,.333,.333,.667
Vladimir V Nunez,FLA,49,9,1,1,0,0,0,0,1,4,0,0,.111,.200,.111,.311
Andy A Sheets S,TB,49,153,10,30,8,0,1,14,12,35,2,0,.196,.251,.268,.520
Julio J Zuleta,CHC,49,106,11,23,3,0,6,24,8,32,0,1,.217,.288,.415,.703
Robin R Jennings,CIN,48,132,14,35,8,2,3,18,7,18,0,0,.265,.300,.424,.724
Ryan R Mc Guire,FLA,48,54,8,10,2,0,1,8,7,15,1,0,.185,.270,.278,.548
Warren W Morris,PIT,48,103,6,21,6,0,2,11,3,9,2,3,.204,.239,.320,.559
Bo B Porter L,TEX,48,87,18,20,4,2,1,6,9,34,3,2,.230,.296,.356,.652
Mike M Redmond,FLA,48,141,19,44,4,0,4,14,13,13,0,0,.312,.376,.426,.801
Mark M Sweeney,MIL,48,89,9,23,3,1,3,11,12,23,2,1,.258,.347,.416,.762
Chris C Truby,HOU,48,136,11,28,6,1,8,23,13,38,1,2,.206,.276,.441,.718
Larry L Bigbie C,BAL,47,131,15,30,6,0,2,11,17,42,4,1,.229,.318,.321,.638
Bill B Haselman,TEX,47,130,12,37,6,0,3,25,8,27,0,1,.285,.331,.400,.731
Brad B Wilkerson L,MON,47,117,11,24,7,2,1,5,17,41,2,1,.205,.304,.325,.628
Miguel M Batista,ARI,46,32,2,2,0,0,0,0,2,17,0,0,.063,.118,.063,.180
Derek D Bell R,PIT,46,156,14,27,3,0,5,13,25,38,0,2,.173,.287,.288,.576
Gary G Bennett,COL,46,131,15,32,6,1,2,10,12,24,0,0,.244,.308,.351,.659
Javier J Cardona,DET,46,96,10,25,8,0,1,10,2,12,0,1,.260,.280,.375,.655
Felix F Heredia,CHC,46,1,0,0,0,0,0,0,0,1,0,0,.000,.000,.000,.000
Cesar C Izturis,TOR,46,134,19,36,6,2,2,9,2,15,8,1,.269,.279,.388,.668
Donaldo D Mendez S,SD,46,118,11,18,2,1,1,5,5,37,1,2,.153,.206,.212,.418
Fernando F Seguignol,MON,46,50,0,7,2,0,0,5,2,17,0,0,.140,.185,.180,.365
Jim J Brower,CIN,45,26,6,8,1,0,0,3,0,8,0,0,.308,.308,.346,.654
Tom T Gordon,CHC,45,0,0,0,0,0,0,0,0,0,0,0,.000,.000,.000,.000
A. J. A Hinch,KC,45,121,10,19,3,0,6,15,8,26,1,1,.157,.226,.331,.556
Steve S Karsay,ATL,45,2,0,0,0,0,0,0,0,1,0,0,.000,.000,.000,.000
Barry B Larkin S,CIN,45,156,29,40,12,0,2,17,27,25,3,2,.256,.373,.372,.745
Ed E Sprague,SEA,45,94,9,28,7,0,2,16,11,18,0,0,.298,.374,.436,.810
Giovanni G Carrara,LA,44,12,1,3,0,0,0,0,0,2,0,0,.250,.250,.250,.500
Omar O Olivares,PIT,44,27,3,6,2,0,1,6,0,10,0,0,.222,.222,.407,.630
Bret B Prinz,ARI,44,0,0,0,0,0,0,0,0,0,0,0,.000,.000,.000,.000
Chris C Latham L,TOR,43,73,12,20,3,1,2,10,10,28,4,1,.274,.369,.425,.794
Santiago S Perez C,SD,43,81,13,16,1,0,0,4,15,29,5,1,.198,.320,.210,.530
John J Wehner,PIT,43,51,3,10,1,0,0,2,10,12,2,1,.196,.328,.216,.544
Mike M Hampton,COL,42,79,20,23,2,0,7,16,2,21,0,1,.291,.309,.582,.891
Justin J Speier,COL,42,7,0,0,0,0,0,0,0,2,0,0,.000,.000,.000,.000
Ugueth U Urbina,MON,42,1,0,0,0,0,0,0,0,1,0,0,.000,.000,.000,.000
Terry T Adams,LA,41,39,2,2,1,0,0,1,3,19,0,0,.051,.116,.077,.193
Joe J Beimel,PIT,41,26,3,7,0,0,0,0,1,10,0,0,.269,.296,.269,.566
Jose J Guillen R,TB,41,135,14,37,5,0,3,11,6,26,2,3,.274,.317,.378,.695
Luis L Lopez,TOR,41,119,10,29,4,0,3,10,8,16,0,0,.244,.291,.353,.644
Britt B Reames,MON,41,17,2,2,0,0,1,2,4,8,0,0,.118,.286,.294,.580
Fernando F Tatis,MON,41,145,20,37,9,0,2,11,16,43,0,0,.255,.339,.359,.698
Jeff J Da Vanon R,ANA,40,88,7,17,2,1,5,9,11,29,1,3,.193,.280,.409,.689
Ruben R Mateo,TEX,40,129,18,32,5,2,1,13,9,28,1,0,.248,.322,.341,.663
Billy B Mc Millon L,OAK,40,92,7,20,8,1,1,14,7,25,1,0,.217,.284,.359,.643
Adam A Melhuse,COL,40,71,5,13,2,0,1,8,6,18,1,0,.183,.241,.254,.494
Terry T Mulholland,LA,40,9,0,0,0,0,0,0,0,5,0,0,.000,.000,.000,.000
Chris C Nichting,COL,40,1,1,0,0,0,0,0,0,1,0,0,.000,.000,.000,.000
Roosevelt R Brown L,CHC,39,83,13,22,6,1,4,22,7,12,0,0,.265,.326,.506,.832
Mike M Coolbaugh,MIL,39,70,10,14,6,0,2,7,5,16,0,0,.200,.273,.371,.644
Sal S Fasano,COL,39,85,12,17,5,0,3,9,5,31,0,0,.200,.277,.365,.641
Jason J Maxwell S,MIN,39,68,4,13,4,0,1,10,9,23,2,0,.191,.286,.294,.580
Steve S Reed,ATL,39,0,0,0,0,0,0,0,0,0,0,0,.000,.000,.000,.000
Jared J Sandberg,TB,39,136,13,28,7,0,1,15,10,45,1,0,.206,.265,.279,.545
Luis L Sojo,NYY,39,79,5,13,2,0,0,9,4,12,1,0,.165,.214,.190,.404
Masato M Yoshii,MON,39,16,0,2,0,0,0,0,1,7,0,0,.125,.176,.125,.302
Gregg G Zaun,KC,39,125,15,40,9,0,6,18,12,16,1,2,.320,.377,.536,.913
Mark M Bellhorn,OAK,38,74,11,10,1,2,1,4,7,37,0,0,.135,.210,.243,.453
Chad C Curtis,TEX,38,115,24,29,3,0,3,10,14,21,7,1,.252,.338,.357,.695
Mike M James,STL,38,1,0,0,0,0,0,0,0,0,0,0,.000,.000,.000,.000
David D Lee,SD,38,1,0,0,0,0,0,0,0,1,0,0,.000,.000,.000,.000
Andy A Tracy,MON,38,55,4,6,1,0,2,8,6,26,0,0,.109,.190,.236,.427
Tom T Davey,SD,37,0,0,0,0,0,0,0,1,0,0,0,.000,1.000,.000,1.000
Bobby B Kielty R,MIN,37,104,8,26,8,0,2,14,8,25,3,0,.250,.297,.385,.681
Jason J Marquis,ATL,37,31,3,1,0,0,0,0,2,10,0,0,.032,.091,.032,.123
Tike T Redman C,PIT,37,125,8,28,4,1,1,4,4,25,3,5,.224,.246,.296,.542
Erik E Sabel,ARI,37,0,0,0,0,0,0,0,0,0,0,0,.000,.000,.000,.000
Rudy R Seanez,ATL,37,0,0,0,0,0,0,0,0,0,0,0,.000,.000,.000,.000
Woody W Williams,STL,37,82,11,16,5,0,0,7,3,22,0,0,.195,.227,.256,.483
Chris C Woodward,TOR,37,63,9,12,3,2,2,5,1,14,0,1,.190,.203,.397,.600
Rodney R Myers,SD,36,2,0,0,0,0,0,0,0,0,0,0,.000,.000,.000,.000
Adam A Piatt R,OAK,36,95,9,20,5,1,0,6,13,26,0,0,.211,.300,.284,.584
Curtis C Pride L,MON,36,76,8,19,3,1,1,9,9,22,3,2,.250,.345,.355,.700
Chris C Reitsma,CIN,36,48,3,5,1,0,0,1,2,24,0,0,.104,.157,.125,.282
Dennys D Reyes,CIN,36,11,0,2,0,0,0,0,0,6,0,0,.182,.182,.182,.364
Bill B Selby,CIN,36,92,7,21,7,1,2,12,5,13,0,0,.228,.273,.391,.664
Damon D Buford C,CHC,35,85,11,15,2,0,3,8,4,23,0,0,.176,.213,.306,.519
Mc Kay M Christensen C,LA,35,53,7,17,2,0,1,7,3,12,3,2,.321,.400,.415,.815
Courtney C Duncan,CHC,35,3,1,0,0,0,0,1,2,1,0,0,.000,.400,.000,.400
Todd T Greene,NYY,35,96,9,20,4,0,1,11,3,21,0,0,.208,.240,.281,.521
Brooks B Kieschnick,COL,35,42,5,10,2,1,3,9,3,13,0,0,.238,.289,.548,.836
Jerrod J Riggan,NYM,35,2,0,0,0,0,0,0,0,2,0,0,.000,.000,.000,.000
John J Smoltz,ATL,35,7,0,0,0,0,0,0,1,3,0,0,.000,.125,.000,.125
Luther L Hackman,STL,34,1,0,0,0,0,0,0,0,0,0,0,.000,.000,.000,.000
Randy R Knorr,MON,34,91,13,20,2,0,3,10,8,22,0,0,.220,.287,.341,.628
Mike M Lieberthal,PHI,34,121,21,28,8,0,2,11,12,21,0,0,.231,.316,.347,.663
Greg G Maddux,ATL,34,64,3,12,0,0,0,3,2,19,0,0,.188,.235,.188,.423
Chan Ho C Park,LA,34,69,6,10,3,0,0,4,5,22,0,0,.145,.203,.188,.391
Kirk K Rueter,SF,34,58,5,10,0,0,0,5,5,5,0,0,.172,.234,.172,.407
Curt C Schilling,ARI,34,83,4,11,1,0,0,1,1,28,0,0,.133,.143,.145,.287
Mark M Wohlers,NYY,34,0,0,0,0,0,0,0,0,0,0,0,.000,.000,.000,.000
Elmer E Dessens,CIN,33,57,3,11,1,0,0,2,3,12,0,0,.193,.233,.211,.444
Todd T Dunwoody L,CHC,33,61,6,13,4,0,1,3,3,14,0,1,.213,.250,.328,.578
Eric E Gagne,LA,33,44,3,6,2,1,1,2,1,13,0,1,.136,.156,.295,.451
Dustin D Hermanson,STL,33,62,2,5,1,0,0,3,2,30,0,0,.081,.109,.097,.206
Livan L Hernandez,SF,33,81,7,24,4,0,1,8,0,4,0,0,.296,.296,.383,.679
Todd T Hollandsworth L,COL,33,117,21,43,15,1,6,19,8,20,5,0,.368,.408,.667,1.075
Kevin K Jarvis,SD,33,61,8,11,3,0,1,10,5,20,0,1,.180,.246,.279,.525
Randy R Johnson,ARI,33,80,2,8,0,0,0,2,3,38,0,0,.100,.143,.100,.243
Darryl D Kile,STL,33,71,5,9,4,0,1,4,5,33,0,0,.127,.184,.225,.410
Jon J Lieber,CHC,33,76,3,12,2,0,0,2,2,22,0,0,.158,.179,.184,.364
Larry L Sutton,STL,33,42,3,5,1,0,1,3,1,10,0,0,.119,.140,.214,.354
Jay J Witasick,NYY,33,1,0,0,0,0,0,0,0,1,0,0,.000,.000,.000,.000
Jamey J Wright,MIL,33,67,7,13,1,0,0,4,3,20,0,0,.194,.229,.209,.438
Jimmy J Anderson,PIT,32,59,2,7,1,0,0,3,4,15,0,0,.119,.175,.136,.310
Tony T Armas,MON,32,53,2,8,1,0,0,4,0,17,0,0,.151,.151,.170,.321
Harold H Baines D,CWS,32,84,3,11,1,0,0,6,8,16,0,0,.131,.202,.143,.345
John J Burkett,ATL,32,65,2,6,0,0,0,1,3,29,0,0,.092,.132,.092,.225
Ryan R Dempster,FLA,32,61,1,3,1,0,0,0,1,29,0,0,.049,.065,.066,.130
Bobby B Estalella,NYY,32,97,12,19,5,1,3,10,12,30,0,0,.196,.297,.361,.658
Tom T Glavine,ATL,32,57,4,8,2,0,0,2,4,21,0,0,.140,.197,.175,.372
Mendy M Lopez,PIT,32,58,8,14,3,1,1,7,6,20,0,0,.241,.318,.379,.698
Chuck C Mc Elroy,SD,32,3,0,0,0,0,0,0,0,1,0,0,.000,.000,.000,.000
Matt M Morris,STL,32,72,5,10,2,0,0,5,2,33,0,0,.139,.162,.167,.329
Jesse J Orosco,LA,32,0,0,0,0,0,0,0,0,0,0,0,.000,.000,.000,.000
Russ R Ortiz,SF,32,67,6,13,6,0,0,6,5,19,0,0,.194,.247,.284,.530
Todd T Ritchie,PIT,32,59,1,9,2,0,0,3,3,27,0,0,.153,.194,.186,.380
Deion D Sanders,CIN,32,75,6,13,2,0,1,4,4,10,3,4,.173,.235,.240,.475
F. P. F Santangelo,OAK,32,71,16,14,4,0,0,8,11,17,1,1,.197,.341,.254,.594
Julian J Tavarez,CHC,32,41,4,5,0,0,0,4,3,17,0,0,.122,.182,.122,.304
Mario M Valdez,OAK,32,54,7,15,1,0,1,8,12,18,0,0,.278,.418,.352,.770
Donne D Wall,NYM,32,0,1,0,0,0,0,0,0,0,0,0,.000,.000,.000,.000
Vance V Wilson,NYM,32,57,3,17,3,0,0,6,2,16,0,1,.298,.339,.351,.690
Brian B Anderson,ARI,31,37,1,5,1,1,0,2,0,9,0,0,.135,.135,.216,.351
Kevin K Appier,NYM,31,62,4,7,0,0,0,4,1,24,0,0,.113,.141,.113,.254
Jason J Bere,CHC,31,62,2,12,4,0,0,2,0,18,0,0,.194,.194,.258,.452
Mike M Buddie,MIL,31,4,1,1,0,0,0,0,0,3,0,0,.250,.250,.250,.500
Matt M Clement,FLA,31,50,2,4,0,0,0,0,3,18,0,0,.080,.132,.080,.212
Will W Cunnane,MIL,31,7,0,0,0,0,0,0,0,1,0,0,.000,.000,.000,.000
Charlie C Hayes,HOU,31,50,4,10,2,0,0,4,7,16,0,0,.200,.293,.240,.533
Jimmy J Haynes,MIL,31,52,5,8,2,0,0,0,2,16,0,0,.154,.185,.192,.378
Bobby B Jones,SD,31,57,5,8,2,0,0,1,3,18,0,0,.140,.183,.175,.359
Luis L Matos C,BAL,31,98,16,21,7,0,4,12,11,30,7,0,.214,.300,.408,.708
Mike M Morgan,ARI,31,0,0,0,0,0,0,0,1,0,0,0,.000,1.000,.000,1.000
Robert R Person,PHI,31,67,4,8,1,0,2,6,3,36,0,0,.119,.157,.224,.381
Glendon G Rusch,NYM,31,54,0,3,0,0,0,5,1,23,0,0,.056,.073,.056,.128
Javier J Vazquez,MON,31,62,5,16,2,0,0,1,2,11,0,0,.258,.288,.290,.578
Omar O Daal,PHI,30,55,7,13,1,0,0,5,1,10,0,0,.236,.250,.255,.504
Phil P Hiatt,LA,30,50,6,12,3,0,2,6,3,19,0,0,.240,.283,.420,.703
Terry T Jones C,MON,30,77,8,20,5,0,0,2,2,11,3,0,.260,.278,.325,.603
Allen A Levrault,MIL,30,33,1,2,0,0,0,1,1,14,0,0,.061,.086,.061,.146
Mike M Lincoln,PIT,30,4,0,1,0,0,0,0,0,0,0,0,.250,.250,.250,.500
Wade W Miller,HOU,30,66,6,11,2,0,0,1,2,20,0,0,.167,.191,.197,.388
John J Rocker,CLE,30,0,0,0,0,0,0,0,0,0,0,0,.000,.000,.000,.000
Alex A Sanchez,MIL,30,68,7,14,3,2,0,4,5,13,6,2,.206,.260,.309,.569
Vernon V Wells C,TOR,30,96,14,30,8,0,1,6,5,15,5,0,.313,.350,.427,.777
Endy E Chavez L,KC,29,77,4,16,2,0,0,5,3,8,0,2,.208,.238,.234,.471
Denny D Neagle,COL,29,56,6,11,4,0,2,9,2,12,0,0,.196,.233,.375,.608
Jose J Nieves,ANA,29,53,5,13,3,1,2,3,2,20,0,1,.245,.298,.453,.751
Brad B Penny,FLA,29,62,5,10,1,1,0,1,1,19,0,0,.161,.175,.210,.384
John J Riedling,CIN,29,1,0,0,0,0,0,0,0,1,0,0,.000,.000,.000,.000
Kevin K Tapani,CHC,29,50,1,12,0,0,0,2,1,14,0,0,.240,.255,.240,.495
Jeff J Abbott C,FLA,28,42,5,11,3,0,0,5,3,7,0,0,.262,.326,.333,.659
Gregg G Olson,LA,28,0,0,0,0,0,0,0,0,0,0,0,.000,.000,.000,.000
Luis L Ordaz,KC,28,56,8,14,3,0,0,4,3,8,0,0,.250,.295,.304,.599
Eddie E Oropesa,PHI,28,0,0,0,0,0,0,0,0,0,0,0,.000,.000,.000,.000
Luke L Prokopec,LA,28,36,1,7,1,0,0,0,0,13,0,0,.194,.194,.222,.417
Kerry K Wood,CHC,28,48,3,9,1,0,0,2,1,15,0,0,.188,.204,.208,.412
Al A Leiter,NYM,27,62,2,4,0,1,0,3,2,28,0,0,.065,.094,.097,.190
Craig C Monroe R,TEX,27,52,8,11,1,0,2,5,6,18,2,0,.212,.293,.346,.639
Shane S Reynolds,HOU,27,52,4,4,0,0,1,4,1,26,0,0,.077,.094,.135,.229
Brian B Schneider,MON,27,41,4,13,3,0,1,6,6,3,0,0,.317,.396,.463,.859
Mike M Thurman,MON,27,42,0,1,0,0,0,0,2,27,0,0,.024,.068,.024,.092
Andy A Benes,STL,26,32,1,5,3,0,0,4,1,15,0,0,.156,.182,.250,.432
Brian B Boehringer,SF,26,3,0,0,0,0,0,0,0,2,0,0,.000,.000,.000,.000
Shawn S Chacon,COL,26,47,2,2,0,0,0,1,0,22,0,0,.043,.063,.043,.105
Bruce B Chen,NYM,26,47,1,6,0,0,0,0,0,19,0,0,.128,.128,.128,.255
Ryan R Christenson,ARI,26,8,4,1,1,0,0,1,1,2,1,0,.125,.222,.250,.472
Darwin D Cubillan,MON,26,0,0,0,0,0,0,0,0,0,0,0,.000,.000,.000,.000
Roy R Oswalt,HOU,26,47,3,9,1,0,0,3,1,12,0,0,.191,.208,.213,.421
Jose J Silva,PIT,26,2,0,0,0,0,0,0,0,2,0,0,.000,.000,.000,.000
Steve S Trachsel,NYM,26,56,2,9,1,0,0,2,0,13,0,0,.161,.161,.179,.339
Chad C Zerbe,SF,26,9,1,2,0,0,0,1,0,1,0,0,.222,.222,.222,.444
A. J. A Burnett,FLA,25,50,0,4,1,0,0,0,1,27,0,0,.080,.115,.100,.215
Shawn S Estes,SF,25,42,2,3,0,0,0,1,3,11,0,0,.071,.130,.071,.202
Julio J Franco,ATL,25,90,13,27,4,0,3,11,10,20,0,0,.300,.376,.444,.821
Brian B Lawrence,SD,25,26,0,3,2,0,0,3,0,7,0,0,.115,.111,.192,.303
Chad C Moeller,ARI,25,56,8,13,0,1,1,2,6,12,0,0,.232,.306,.321,.628
Randy R Wolf,PHI,25,45,2,8,0,0,0,2,3,13,0,0,.178,.229,.178,.407
Pedro P Astacio,HOU,24,53,2,5,0,0,0,3,0,17,0,0,.094,.094,.094,.189
Joey J Eischen,MON,24,0,0,0,0,0,0,0,0,0,0,0,.000,.000,.000,.000
Scott S Mac Rae,CIN,24,3,0,0,0,0,0,0,0,1,0,0,.000,.000,.000,.000
Quinton Q Mc Cracken D,MIN,24,64,7,14,2,2,0,3,5,13,0,1,.219,.275,.313,.588
Odalis O Perez,ATL,24,26,1,5,1,0,0,1,0,6,0,0,.192,.222,.231,.453
Bronson B Arroyo,PIT,23,21,0,1,0,0,0,1,1,16,0,0,.048,.087,.048,.135
Darren D Bragg R,NYY,23,61,5,16,7,0,0,5,4,24,3,2,.262,.318,.377,.695
Chris C Brock,PHI,23,3,0,1,0,0,0,0,0,0,0,0,.333,.333,.333,.667
Stubby S Clapp,STL,23,25,0,5,2,0,0,1,1,7,0,0,.200,.231,.280,.511
Adam A Eaton,SD,23,38,3,4,1,0,0,2,4,12,1,0,.105,.190,.132,.322
Jeremy J Fikac,SD,23,0,0,0,0,0,0,0,0,0,0,0,.000,.000,.000,.000
Craig C Grebeck S,BOS,23,41,1,2,1,0,0,2,2,9,0,0,.049,.093,.073,.166
Nick N Johnson,NYY,23,67,6,13,2,0,2,8,7,15,0,0,.194,.308,.313,.621
Damaso D Marte,PIT,23,4,0,0,0,0,0,0,0,1,0,0,.000,.000,.000,.000
Jason J Schmidt,SF,23,49,5,8,0,0,2,4,1,22,0,0,.163,.180,.286,.466
Ben B Sheets,MIL,23,42,4,3,0,0,0,1,4,29,0,0,.071,.152,.071,.224
Scott S Elarton,COL,22,38,1,3,0,0,0,2,1,10,0,0,.079,.167,.079,.246
Alan A Embree,SF,22,1,0,0,0,0,0,0,0,0,0,0,.000,.000,.000,.000
Jesse J Garcia,ATL,22,5,3,1,0,0,0,0,0,1,6,2,.200,.200,.200,.400
Mark M Gardner,SF,22,21,1,0,0,0,0,1,1,8,0,0,.000,.045,.000,.045
Chad C Hermansen R,PIT,22,55,5,9,1,0,2,5,1,18,0,1,.164,.179,.291,.470
Angel A Pena,LA,22,54,3,11,1,0,1,2,1,17,0,0,.204,.214,.278,.492
Carlos C Pena,TEX,22,62,6,16,4,1,3,12,10,17,0,0,.258,.361,.500,.861
Cliff C Politte,PHI,22,2,1,0,0,0,0,0,1,1,0,0,.000,.333,.000,.333
Julio J Ramirez C,CWS,22,37,2,3,0,0,0,1,2,15,2,0,.081,.128,.081,.209
Amaury A Telemaco,PHI,22,21,2,2,0,0,0,0,2,8,0,0,.095,.174,.095,.269
Mike M Trombley,LA,22,0,0,0,0,0,0,0,0,0,0,0,.000,.000,.000,.000
Eric E Valent,PHI,22,41,3,4,2,0,0,1,4,11,0,0,.098,.196,.146,.342
Bruce B Aven,LA,21,24,3,8,2,0,1,2,0,5,0,0,.333,.385,.542,.926
Cliff C Brumbaugh R,COL,21,46,6,10,2,0,1,4,3,14,0,1,.217,.265,.326,.591
Nomar N Garciaparra S,BOS,21,83,13,24,3,0,4,8,7,9,0,1,.289,.352,.470,.822
Kevin K Millwood,ATL,21,43,3,4,0,0,0,2,1,16,0,0,.093,.114,.093,.207
Lyle L Mouton,FLA,21,17,1,1,0,0,0,1,0,7,0,0,.059,.059,.059,.118
Vicente V Padilla,PHI,21,3,1,1,1,0,0,0,1,2,0,0,.333,.500,.667,1.167
Calvin C Pickering,BOS,21,54,4,15,1,0,3,8,8,15,0,0,.278,.371,.463,.834
Brian B Bohanon,COL,20,31,3,10,4,0,0,3,1,7,0,0,.323,.344,.452,.795
Kevin K Brown,LA,20,36,2,3,0,0,1,2,0,12,0,0,.083,.154,.167,.320
Midre M Cummings,ARI,20,20,1,6,1,0,0,1,0,4,0,0,.300,.286,.350,.636
Lance L Davis,CIN,20,33,3,4,1,0,0,2,0,15,0,0,.121,.121,.152,.273
Mario M Encarnacion L,COL,20,62,3,14,1,0,0,3,5,14,2,1,.226,.284,.242,.526
Karim K Garcia R,CLE,20,45,8,14,3,0,5,9,3,13,0,0,.311,.360,.711,1.071
Mark M Leiter,MIL,20,7,0,1,0,0,0,0,0,4,0,0,.143,.143,.143,.286
Dustan D Mohr R,MIN,20,51,6,12,2,0,0,4,5,17,1,1,.235,.298,.275,.573
Wascar W Serrano,SD,20,9,0,1,0,0,0,0,0,4,0,0,.111,.111,.111,.222
Frank F Thomas D,CWS,20,68,8,15,3,0,4,10,10,12,0,0,.221,.316,.441,.758
John J Valentin S,BOS,20,60,8,12,2,0,1,5,9,8,0,0,.200,.314,.283,.598
Dave D Williams,PIT,20,34,1,4,2,0,0,2,0,19,0,0,.118,.118,.176,.294
Casey C Blake,BAL,19,37,3,9,1,0,1,4,4,12,3,0,.243,.317,.351,.668
Jay J Buhner L,SEA,19,45,4,10,2,0,2,5,8,9,0,0,.222,.340,.400,.740
Eric E Byrnes L,OAK,19,38,9,9,1,0,3,5,4,6,1,0,.237,.326,.500,.826
Damon D Minor,SF,19,45,3,7,1,0,0,3,3,8,0,0,.156,.208,.178,.386
Rick R Reed,NYM,19,40,2,5,1,0,0,4,1,15,0,0,.125,.143,.150,.293
Mac M Suzuki,MIL,19,18,0,0,0,0,0,0,1,10,0,0,.000,.053,.000,.053
John J Wasdin,BAL,19,3,1,1,1,0,0,1,0,0,0,0,.333,.333,.667,1.000
Jose J Acevedo,CIN,18,34,1,4,1,0,0,1,0,18,0,0,.118,.118,.147,.265
Alex A Escobar C,NYM,18,50,3,10,1,0,3,8,3,19,1,0,.200,.245,.400,.645
Osvaldo O Fernandez,CIN,18,19,1,1,0,0,0,0,1,8,0,0,.053,.100,.053,.153
Nelson N Figueroa,PHI,18,24,4,6,1,0,0,1,1,11,0,0,.250,.280,.292,.572
Chad C Meyers,CHC,18,17,1,2,0,0,0,0,2,5,0,1,.118,.348,.118,.466
Dave D Mlicki,HOU,18,27,2,3,0,0,0,0,0,11,0,0,.111,.111,.111,.222
Russ R Springer,ARI,18,0,0,0,0,0,0,0,0,0,0,0,.000,.000,.000,.000
Ryan R Thompson,FLA,18,31,6,9,5,0,0,2,1,8,0,0,.290,.313,.452,.764
Brian B Tollberg,SD,18,40,4,8,0,0,0,1,2,17,0,0,.200,.238,.200,.438
Manny M Aybar,CHC,17,3,1,3,0,0,0,0,0,0,0,0,1.000,1.000,1.000,2.000
Andy A Barkett L,PIT,17,46,5,14,2,0,1,3,4,7,1,0,.304,.373,.413,.786
Kevin K Brown,MIL,17,43,7,9,0,1,4,12,2,18,0,0,.209,.261,.535,.796
David D Coggin,PHI,17,33,1,2,1,0,0,1,2,13,0,0,.061,.114,.091,.205
Joe J Crede,CWS,17,50,1,11,1,1,0,7,3,11,1,0,.220,.273,.280,.553
Robert R Ellis,ARI,17,26,2,4,0,0,0,1,1,12,0,0,.154,.185,.154,.339
Geronimo G Gil,BAL,17,58,3,17,2,0,0,6,5,7,0,0,.293,.369,.328,.697
Rich R Loiselle,PIT,17,0,0,0,0,0,0,0,0,0,0,0,.000,.000,.000,.000
David D Lundquist,SD,17,0,0,0,0,0,0,0,0,0,0,0,.000,.000,.000,.000
Chris C Magruder L,TEX,17,29,3,5,0,0,0,1,1,5,0,0,.172,.226,.172,.398
Ron R Mahay,CHC,17,2,0,0,0,0,0,0,0,1,0,0,.000,.000,.000,.000
John J Mc Donald S,CLE,17,22,1,2,1,0,0,0,1,7,0,0,.091,.167,.136,.303
Corky C Miller,CIN,17,49,5,9,2,0,3,7,4,16,1,0,.184,.263,.408,.671
Eric E Munson,DET,17,66,4,10,3,1,1,6,3,21,0,1,.152,.188,.273,.461
Joe J Oliver,BOS,17,48,4,12,2,0,1,3,2,15,0,0,.250,.275,.354,.629
Al A Reyes,LA,17,3,1,1,0,0,0,0,0,1,0,0,.333,.333,.333,.667
Jesus J Sanchez,FLA,17,17,2,4,0,0,0,1,0,3,0,0,.235,.235,.235,.471
Ramon R Vázquez Vazquez S,SEA,17,35,5,8,0,0,0,4,0,3,0,0,.229,.222,.229,.451
Turner T Ward,PHI,17,15,1,4,1,0,0,2,1,6,0,0,.267,.353,.333,.686
Larry L Barnes,ANA,16,40,2,4,0,0,1,2,1,9,0,0,.100,.122,.175,.297
Darren D Dreifort,LA,16,33,4,5,2,0,1,2,1,20,1,0,.152,.176,.303,.480
Gus G Gandarillas,MIL,16,0,0,0,0,0,0,0,0,0,0,0,.000,.000,.000,.000
Glenallen G Hill D,ANA,16,66,4,9,0,0,1,2,0,20,0,0,.136,.136,.182,.318
Tim T Laker,CLE,16,33,5,6,0,0,1,5,6,8,0,0,.182,.308,.273,.580
Grant G Roberts,NYM,16,3,0,0,0,0,0,0,0,3,0,0,.000,.000,.000,.000
Ed E Vosberg,PHI,16,0,0,0,0,0,0,0,0,0,0,0,.000,.000,.000,.000
Kevin K Walker,SD,16,0,0,0,0,0,0,0,0,0,0,0,.000,.000,.000,.000
Angel A Berroa S,KC,15,53,8,16,2,0,0,4,3,10,2,0,.302,.339,.340,.679
Mike M Fyhrie,CHC,15,2,0,0,0,0,0,0,0,0,0,0,.000,.000,.000,.000
Dicky D Gonzalez,NYM,15,20,1,2,0,0,0,0,1,4,0,0,.100,.143,.100,.243
Matthew M Le Croy D,MIN,15,40,6,17,5,0,3,12,0,8,0,1,.425,.429,.775,1.204
Albie A Lopez,ARI,15,29,0,1,0,0,0,0,2,13,0,0,.034,.125,.034,.160
Tony T Mc Knight,PIT,15,24,0,0,0,0,0,0,2,10,0,0,.000,.077,.000,.077
Jose J Molina,ANA,15,37,8,10,3,0,2,4,3,8,0,0,.270,.325,.514,.838
Bobby B Munoz,MON,15,11,0,0,0,0,0,0,0,6,0,0,.000,.000,.000,.000
Elvis E Pena,MIL,15,40,5,9,2,0,0,6,6,6,2,0,.225,.333,.275,.608
Dave D Roberts L,CLE,15,12,3,4,1,0,0,2,1,2,0,1,.333,.385,.417,.801
Bob B Scanlan,MON,15,0,0,0,0,0,0,0,0,0,0,0,.000,.000,.000,.000
Bud B Smith,STL,15,25,0,4,0,0,0,1,1,5,0,0,.160,.192,.160,.352
Izzy I Alcantara L,BOS,14,38,3,10,1,0,0,3,3,13,1,0,.263,.317,.289,.606
Justin J Atchley,CIN,14,1,0,0,0,0,0,0,0,1,0,0,.000,.000,.000,.000
Wilson W Delgado S,KC,14,25,1,3,0,0,0,1,3,10,0,0,.120,.214,.120,.334
Brandon B Larson,CIN,14,33,2,4,2,0,0,1,2,10,0,0,.121,.171,.182,.353
Jose J Lima,DET,14,17,0,0,0,0,0,0,0,6,0,0,.000,.000,.000,.000
Tom T Martin,NYM,14,3,0,0,0,0,0,0,0,1,0,0,.000,.000,.000,.000
Paul P Rigdon,MIL,14,20,1,4,0,0,0,1,0,3,0,0,.200,.200,.200,.400
John J Thomson,COL,14,29,3,7,0,1,0,1,1,15,0,0,.241,.267,.310,.577
Marc M Wilkins,PIT,14,0,0,0,0,0,0,0,0,0,0,0,.000,.000,.000,.000
Kevin K Witt,SD,14,27,5,5,0,0,2,5,2,7,0,0,.185,.233,.407,.641
Bobby B Witt,ARI,14,12,0,3,0,0,0,0,0,7,0,0,.250,.250,.250,.500
James J Baldwin,LA,13,28,0,2,1,0,0,1,0,13,0,0,.071,.071,.107,.179
Jeff J Branson,LA,13,21,3,6,0,0,0,0,0,4,0,0,.286,.286,.286,.571
Jose J Fernandez D,ANA,13,25,1,2,1,0,0,0,2,10,0,1,.080,.148,.120,.268
Gene G Kingsale L,SEA,13,19,4,5,0,0,0,1,2,4,3,1,.263,.364,.263,.627
Lance L Painter,MIL,13,0,0,0,0,0,0,0,0,0,0,0,.000,.000,.000,.000
Jarrod J Patterson,DET,13,41,6,11,1,1,2,4,0,4,0,1,.268,.302,.488,.790
Chris C Peters,MON,13,11,1,1,0,0,0,0,0,2,0,0,.091,.091,.091,.182
Le Jon L Powell,SF,13,6,5,2,0,0,0,0,0,0,0,0,.333,.333,.333,.667
Jose J Rijo,CIN,13,0,0,0,0,0,0,0,0,0,0,0,.000,.000,.000,.000
Luis L Saturria,STL,13,5,0,1,1,0,0,1,0,1,1,0,.200,.200,.400,.600
Chuck C Smith,FLA,13,26,1,5,0,0,0,3,1,8,0,0,.192,.222,.192,.414
Jorge J Toca,NYM,13,17,3,3,0,0,0,1,0,8,0,0,.176,.176,.176,.353
Ryan R Vogelsong,PIT,13,10,0,1,1,0,0,0,0,3,0,0,.100,.100,.200,.300
Jeff J Williams,LA,13,4,0,0,0,0,0,0,0,2,0,0,.000,.000,.000,.000
Kimera K Bartee L,COL,12,15,0,0,0,0,0,1,2,5,0,0,.000,.158,.000,.158
Tim T Bogar,LA,12,15,4,5,2,0,2,2,2,1,0,0,.333,.412,.867,1.278
Kent K Bottenfield,HOU,12,14,0,2,0,0,0,0,0,5,0,0,.143,.143,.143,.286
Michael M Coleman C,NYY,12,38,5,8,0,0,1,7,0,15,0,1,.211,.205,.289,.495
Junior J Herndon,SD,12,12,0,0,0,0,0,0,0,11,0,0,.000,.000,.000,.000
John J Jaha D,OAK,12,45,2,4,3,0,0,8,6,15,0,0,.089,.192,.156,.348
Marcus M Jensen,TEX,12,29,0,5,1,0,0,2,0,10,0,0,.172,.172,.207,.379
Jesse J Levis,MIL,12,33,6,8,2,0,0,3,3,7,0,0,.242,.306,.303,.609
Mike M Mohler,ARI,12,0,0,0,0,0,0,0,0,0,0,0,.000,.000,.000,.000
Tim T Redding,HOU,12,14,0,3,0,0,0,1,0,11,0,0,.214,.214,.214,.429
Adam A Riggs,SD,12,36,2,7,1,0,0,1,2,8,1,1,.194,.237,.222,.459
Rick R Wilkins,SD,12,22,3,4,1,0,1,8,2,8,0,0,.182,.250,.364,.614
Morgan M Burkhart,BOS,11,33,3,6,1,0,1,4,1,11,0,0,.182,.206,.303,.509
Juan J Cruz,CHC,11,16,0,2,0,0,0,1,0,5,0,0,.125,.125,.125,.250
Brandon B Duckworth,PHI,11,22,1,5,1,0,0,1,2,4,0,0,.227,.292,.273,.564
Wayne W Franklin,HOU,11,0,0,0,0,0,0,0,0,0,0,0,.000,.000,.000,.000
Raul R Gonzalez,CIN,11,14,0,3,0,0,0,0,1,3,0,0,.214,.267,.214,.481
Tomo T Ohka,MON,11,18,1,3,0,0,0,1,0,8,0,0,.167,.167,.167,.333
Will W Ohman,CHC,11,2,0,0,0,0,0,0,0,1,0,0,.000,.000,.000,.000
Chris C Piersoll,CIN,11,0,0,0,0,0,0,0,0,0,0,0,.000,.000,.000,.000
Scott S Servais,HOU,11,16,1,6,0,0,0,0,2,3,0,0,.375,.444,.375,.819
Matt M Whiteside,ATL,11,0,0,0,0,0,0,0,0,0,0,0,.000,.000,.000,.000
Scott S Winchester,CIN,11,3,0,0,0,0,0,0,0,2,0,0,.000,.000,.000,.000
Jeff J D' Amico,MIL,10,15,0,1,0,1,0,0,2,5,0,0,.067,.176,.200,.376
Mike M Johnson,MON,10,1,0,0,0,0,0,0,0,1,0,0,.000,.000,.000,.000
Brandon B Kolb,MIL,10,1,0,0,0,0,0,0,0,0,0,0,.000,.000,.000,.000
T. J. T Mathews,STL,10,3,0,0,0,0,0,0,0,3,0,0,.000,.000,.000,.000
Ruben R Quevedo,MIL,10,16,1,4,0,0,0,1,0,8,0,0,.250,.250,.250,.500
Joe J Slusarski,HOU,10,0,0,0,0,0,0,0,0,0,0,0,.000,.000,.000,.000
Chris C Wakeland R,DET,10,36,5,9,2,0,2,6,0,13,0,0,.250,.250,.472,.722
John J Barnes R,MIN,9,21,1,1,0,0,0,0,1,3,0,0,.048,.130,.048,.178
Alan A Benes,STL,9,2,1,1,0,0,0,0,0,0,0,0,.500,.500,.500,1.000
Jamie J Burke,ANA,9,5,1,1,0,0,0,0,0,2,0,0,.200,.200,.200,.400
Adam A Everett S,HOU,9,3,1,0,0,0,0,0,0,1,1,0,.000,.000,.000,.000
Ryan R Freel,TOR,9,22,1,6,1,0,0,3,1,4,2,1,.273,.333,.318,.652
Willie W Harris C,BAL,9,24,3,3,1,0,0,0,0,7,0,0,.125,.125,.167,.292
Ryan R Jensen,SF,9,12,0,2,0,0,0,2,1,3,0,0,.167,.231,.167,.397
Mike M Koplove,ARI,9,1,0,0,0,0,0,0,0,1,0,0,.000,.000,.000,.000
Scott S Linebrink,HOU,9,0,0,0,0,0,0,0,0,0,0,0,.000,.000,.000,.000
Cody C Ransom S,SF,9,7,1,0,0,0,0,0,0,5,0,0,.000,.000,.000,.000
Brian B Reith,CIN,9,12,0,3,0,0,0,2,0,4,1,0,.250,.250,.250,.500
Anthony A Sanders L,SEA,9,17,1,3,2,0,0,2,2,3,0,0,.176,.263,.294,.557
Angel A Santos,BOS,9,16,2,2,1,0,0,1,2,7,0,0,.125,.211,.188,.398
Marc M Valdes,ATL,9,0,0,0,0,0,0,0,0,0,0,0,.000,.000,.000,.000
Jorge J Velandia S,NYM,9,9,1,0,0,0,0,0,2,1,0,0,.000,.182,.000,.182
Tom T Wilson,OAK,9,21,4,4,0,0,2,4,1,5,0,0,.190,.250,.476,.726
Cory C Aldridge,ATL,8,5,1,0,0,0,0,0,0,4,0,0,.000,.000,.000,.000
Erick E Almonte S,NYY,8,4,0,2,1,0,0,0,0,1,2,0,.500,.500,.750,1.250
Benito B Baez,FLA,8,1,0,0,0,0,0,0,0,0,0,0,.000,.000,.000,.000
Todd T Belitz,COL,8,1,0,0,0,0,0,0,0,1,0,0,.000,.000,.000,.000
Wilson W Betemit,ATL,8,3,1,0,0,0,0,0,2,3,1,0,.000,.400,.000,.400
Adrian A Brown C,PIT,8,31,3,6,0,0,1,2,3,3,2,1,.194,.265,.290,.555
Bobby B Chouinard,COL,8,0,0,0,0,0,0,0,0,0,0,0,.000,.000,.000,.000
Alex A Cintron S,ARI,8,7,0,2,0,1,0,0,0,0,0,0,.286,.286,.571,.857
Rocky R Coppinger,MIL,8,5,0,0,0,0,0,1,0,1,0,0,.000,.000,.000,.000
Michael M Cuddyer,MIN,8,18,1,4,2,0,0,1,2,6,1,0,.222,.300,.333,.633
Pete P Harnisch,CIN,8,11,2,3,1,0,0,0,0,5,0,0,.273,.273,.364,.636
Jalal J Leach,SF,8,10,0,1,0,0,0,1,2,3,0,0,.100,.250,.100,.350
James J Lofton S,BOS,8,26,1,5,1,0,0,1,1,4,2,1,.192,.214,.231,.445
Matt M Mantei,ARI,8,0,0,0,0,0,0,0,0,0,0,0,.000,.000,.000,.000
Troy T Mattes,MON,8,15,4,7,1,0,0,1,0,2,0,0,.467,.467,.533,1.000
C. J. C Nitkowski,NYM,8,0,0,0,0,0,0,0,0,0,0,0,.000,.000,.000,.000
Carl C Pavano,MON,8,13,0,1,0,0,0,0,0,5,0,0,.077,.077,.077,.154
Robert R Perez,MIL,8,20,1,4,1,0,0,0,1,7,0,1,.200,.238,.250,.488
Josh J Phelps,TOR,8,12,3,0,0,0,0,1,2,5,1,0,.000,.143,.000,.143
Armando A Reynoso,ARI,8,10,0,1,1,0,0,2,0,3,0,0,.100,.100,.200,.300
Rob R Ryan,OAK,8,8,0,0,0,0,0,0,0,6,0,0,.000,.000,.000,.000
Jeff J Tabaka,STL,8,0,0,0,0,0,0,0,0,0,0,0,.000,.000,.000,.000
Anthony A Telford,MON,8,0,0,0,0,0,0,0,0,0,0,0,.000,.000,.000,.000
Rob R Bell,CIN,7,7,0,1,0,0,0,0,1,4,0,0,.143,.250,.143,.393
Ramon R Castro,FLA,7,11,0,2,0,0,0,1,1,1,0,0,.182,.250,.182,.432
Humberto H Cota,PIT,7,9,0,2,0,0,0,1,0,5,0,0,.222,.222,.222,.444
Joe J Davenport,COL,7,1,0,1,0,0,0,0,0,0,0,0,1.000,1.000,1.000,2.000
Craig C Dingman,COL,7,0,0,0,0,0,0,0,0,0,0,0,.000,.000,.000,.000
Alex A Hernandez R,PIT,7,11,0,1,0,0,0,0,0,2,0,0,.091,.091,.091,.182
Jason J Jennings,COL,7,15,2,4,1,0,1,2,1,3,0,0,.267,.313,.533,.846
Brett B Jodie,SD,7,4,0,0,0,0,0,0,0,2,0,0,.000,.000,.000,.000
David D Newhan,PHI,7,6,2,2,1,0,0,1,1,0,0,0,.333,.375,.500,.875
Tim T Raines C,BAL,7,23,6,4,2,0,0,0,3,8,3,0,.174,.269,.261,.530
Kurt K Abbott,ATL,6,9,0,2,0,0,0,0,0,3,1,0,.222,.222,.222,.444
Rick R Ankiel,STL,6,8,1,0,0,0,0,0,1,5,0,0,.000,.111,.000,.111
Brandon B Berger L,KC,6,16,4,5,1,1,2,2,2,2,0,0,.313,.389,.875,1.264
Nick N Bierbrodt,ARI,6,6,3,4,1,0,0,0,2,0,0,0,.667,.750,.833,1.583
Paul P Byrd,KC,6,6,0,1,0,0,0,0,0,2,0,0,.167,.167,.167,.333
Scott S Chiasson,CHC,6,0,0,0,0,0,0,0,0,0,0,0,.000,.000,.000,.000
Jack J Cressend,MIN,6,0,0,0,0,0,0,0,0,0,0,0,.000,.000,.000,.000
Kelvim K Escobar,TOR,6,0,0,0,0,0,0,0,0,0,0,0,.000,.000,.000,.000
Jason J Grilli,FLA,6,7,1,2,0,0,1,2,0,2,0,0,.286,.286,.714,1.000
Mike M Gulan,FLA,6,6,1,0,0,0,0,0,2,2,0,0,.000,.250,.000,.250
Mark M Lewis,CLE,6,13,1,1,0,0,0,0,0,4,0,0,.077,.077,.077,.154
Jason J Michaels,PHI,6,6,0,1,0,0,0,1,0,2,0,0,.167,.167,.167,.333
Travis T Miller,MIN,6,0,0,0,0,0,0,0,0,0,0,0,.000,.000,.000,.000
Jason J Phillips,NYM,6,7,2,1,1,0,0,0,0,1,0,0,.143,.143,.286,.429
Hipolito H Pichardo,BOS,6,0,0,0,0,0,0,0,0,0,0,0,.000,.000,.000,.000
Frankie F Rodriguez,CIN,6,1,0,0,0,0,0,0,0,1,0,0,.000,.000,.000,.000
Bobby B Smith,TB,6,19,1,2,0,0,0,1,3,10,0,0,.105,.227,.105,.332
Mike M Stanton,NYY,6,0,0,0,0,0,0,0,0,0,0,0,.000,.000,.000,.000
Ricky R Stone,HOU,6,0,0,0,0,0,0,0,0,0,0,0,.000,.000,.000,.000
Mike M Venafro,TEX,6,0,0,0,0,0,0,0,0,0,0,0,.000,.000,.000,.000
Carlos C Zambrano,CHC,6,2,0,0,0,0,0,0,0,0,0,0,.000,.000,.000,.000
Pat P Borders,SEA,5,6,1,3,0,0,0,0,0,1,0,0,.500,.500,.500,1.000
Randy R Choate,NYY,5,3,0,0,0,0,0,0,0,2,0,0,.000,.000,.000,.000
Jason J Conti,ARI,5,4,1,1,0,0,0,0,1,2,0,0,.250,.400,.250,.650
Jared J Fernandez,CIN,5,2,0,0,0,0,0,0,0,0,0,0,.000,.000,.000,.000
Jason J Grimsley,KC,5,0,0,0,0,0,0,0,0,0,0,0,.000,.000,.000,.000
Joey J Hamilton,CIN,5,8,0,1,1,0,0,1,0,5,0,0,.125,.125,.250,.375
Mike M Hubbard,TEX,5,11,1,3,1,0,1,1,0,4,0,0,.273,.273,.636,.909
Trenidad T Hubbard C,KC,5,12,2,3,0,1,0,0,0,2,0,0,.250,.250,.417,.667
Henry H Mateo,MON,5,9,1,3,1,0,0,0,0,1,0,0,.333,.333,.444,.778
Donzell D Mc Donald C,NYY,5,3,0,1,0,0,0,0,0,2,0,0,.333,.333,.333,.667
Damian D Moss,ATL,5,1,0,0,0,0,0,0,1,1,0,0,.000,.500,.000,.500
Chad C Mottola R,FLA,5,7,1,0,0,0,0,1,2,2,0,0,.000,.200,.000,.200
Bill B Ortega,STL,5,5,0,1,0,0,0,0,0,1,0,0,.200,.200,.200,.400
Eddie E Pérez Perez,ATL,5,10,0,3,0,0,0,0,0,2,0,0,.300,.300,.300,.600
Scott S Podsednik L,SEA,5,6,1,1,0,1,0,3,0,1,0,0,.167,.167,.500,.667
Lou L Pote,ANA,5,0,0,0,0,0,0,0,0,0,0,0,.000,.000,.000,.000
Mariano M Rivera,NYY,5,0,0,0,0,0,0,0,0,0,0,0,.000,.000,.000,.000
Henry H Rodriguez,NYY,5,8,0,0,0,0,0,0,0,6,0,0,.000,.000,.000,.000
Chris C Seelbach,ATL,5,0,0,0,0,0,0,0,0,0,0,0,.000,.000,.000,.000
Joe J Strong,FLA,5,1,0,0,0,0,0,0,0,1,0,0,.000,.000,.000,.000
Reggie R Taylor C,PHI,5,7,1,0,0,0,0,0,1,1,0,0,.000,.125,.000,.125
Matt M Anderson,DET,4,0,0,0,0,0,0,0,0,0,0,0,.000,.000,.000,.000
Danys D Baez,CLE,4,0,0,0,0,0,0,0,0,0,0,0,.000,.000,.000,.000
Cory C Bailey,KC,4,0,0,0,0,0,0,0,0,0,0,0,.000,.000,.000,.000
Rod R Beck,BOS,4,1,0,0,0,0,0,0,0,1,0,0,.000,.000,.000,.000
Josh J Beckett,FLA,4,7,1,2,1,0,0,0,0,1,0,0,.286,.286,.429,.714
Matt M Blank,MON,4,8,0,4,1,0,0,1,0,2,0,0,.500,.500,.625,1.125
Pedro P Borbon,TOR,4,0,0,0,0,0,0,0,0,0,0,0,.000,.000,.000,.000
Tony T Cogan,KC,4,0,0,0,0,0,0,0,0,0,0,0,.000,.000,.000,.000
Doug D Creek,TB,4,0,0,0,0,0,0,0,0,0,0,0,.000,.000,.000,.000
Kelly K Dransfeldt S,TEX,4,3,0,0,0,0,0,0,0,0,0,0,.000,.000,.000,.000
Horacio H Estrada,COL,4,0,0,0,0,0,0,0,0,0,0,0,.000,.000,.000,.000
Luis L Figueroa,PIT,4,2,0,0,0,0,0,0,0,0,0,0,.000,.000,.000,.000
Bob B File,TOR,4,0,0,0,0,0,0,0,0,0,0,0,.000,.000,.000,.000
Keith K Foulke,CWS,4,0,0,0,0,0,0,0,0,0,0,0,.000,.000,.000,.000
Jon J Garland,CWS,4,2,0,0,0,0,0,0,0,1,0,0,.000,.000,.000,.000
Gary G Glover,CWS,4,0,0,0,0,0,0,0,0,0,0,0,.000,.000,.000,.000
Buddy B Groom,BAL,4,0,0,0,0,0,0,0,0,0,0,0,.000,.000,.000,.000
Mark M Guthrie,OAK,4,0,0,0,0,0,0,0,0,0,0,0,.000,.000,.000,.000
Geraldo G Guzman,ARI,4,1,0,0,0,0,0,0,0,1,0,0,.000,.000,.000,.000
Ken K Harvey,KC,4,12,1,3,1,0,0,2,0,4,0,1,.250,.250,.333,.583
Roberto R Hernandez,KC,4,0,0,0,0,0,0,0,0,0,0,0,.000,.000,.000,.000
Mike M Holtz,ANA,4,0,0,0,0,0,0,0,0,0,0,0,.000,.000,.000,.000
Tim T Hudson,OAK,4,8,1,0,0,0,0,0,0,3,0,0,.000,.000,.000,.000
Jason J Karnuth,STL,4,0,0,0,0,0,0,0,0,0,0,0,.000,.000,.000,.000
Al A Levine,ANA,4,0,0,0,0,0,0,0,0,0,0,0,.000,.000,.000,.000
Felipe F Lira,MON,4,0,0,0,0,0,0,0,0,0,0,0,.000,.000,.000,.000
Derek D Lowe,BOS,4,1,0,0,0,0,0,0,0,1,0,0,.000,.000,.000,.000
Pat P Mahomes,TEX,4,1,1,1,0,0,0,0,0,0,0,0,1.000,1.000,1.000,2.000
Jim J Mann,HOU,4,0,0,0,0,0,0,0,0,0,0,0,.000,.000,.000,.000
Ramon R Martinez,PIT,4,5,0,0,0,0,0,0,0,2,0,0,.000,.000,.000,.000
Ramiro R Mendoza,NYY,4,2,0,0,0,0,0,0,0,2,0,0,.000,.000,.000,.000
Jason J Middlebrook,SD,4,7,0,1,0,0,0,1,0,6,0,0,.143,.143,.143,.286
Blaine B Neal,FLA,4,0,0,0,0,0,0,0,0,0,0,0,.000,.000,.000,.000
Kevin K Olsen,FLA,4,3,0,0,0,0,0,0,0,3,0,0,.000,.000,.000,.000
Danny D Patterson,DET,4,0,0,0,0,0,0,0,0,0,0,0,.000,.000,.000,.000
Mark M Petkovsek,TEX,4,1,0,0,0,0,0,0,0,0,0,0,.000,.000,.000,.000
Travis T Phelps,TB,4,0,0,0,0,0,0,0,0,0,0,0,.000,.000,.000,.000
Dan D Plesac,TOR,4,0,0,0,0,0,0,0,0,0,0,0,.000,.000,.000,.000
Bill B Pulsipher,BOS,4,0,0,0,0,0,0,0,0,0,0,0,.000,.000,.000,.000
Nick N Punto,PHI,4,5,0,2,0,0,0,0,0,0,0,0,.400,.400,.400,.800
Paul P Quantrill,TOR,4,0,0,0,0,0,0,0,0,0,0,0,.000,.000,.000,.000
Arthur A Rhodes,SEA,4,1,0,0,0,0,0,0,0,1,0,0,.000,.000,.000,.000
Mike M Rivera,DET,4,12,2,4,2,0,0,1,0,2,0,0,.333,.333,.500,.833
B. J. B Ryan,BAL,4,1,0,0,0,0,0,0,0,0,0,0,.000,.000,.000,.000
Bill B Spiers,HOU,4,3,0,1,0,0,0,0,1,0,0,0,.333,.500,.333,.833
Tim T Spooneybarger,ATL,4,0,0,0,0,0,0,0,0,0,0,0,.000,.000,.000,.000
Dennis D Springer,LA,4,6,0,0,0,0,0,0,0,3,0,0,.000,.000,.000,.000
Ben B Weber,ANA,4,0,0,0,0,0,0,0,0,0,0,0,.000,.000,.000,.000
Bob B Wells,MIN,4,0,0,0,0,0,0,0,0,0,0,0,.000,.000,.000,.000
Don D Wengert,PIT,4,3,0,0,0,0,0,0,1,2,0,0,.000,.250,.000,.250
Paul P Wilson,TB,4,0,0,0,0,0,0,0,0,0,0,0,.000,.000,.000,.000
Rolando R Arrojo,BOS,3,4,0,0,0,0,0,0,0,3,0,0,.000,.000,.000,.000
Andy A Ashby,LA,3,2,1,1,0,0,0,1,1,0,0,0,.500,.667,.500,1.167
Willie W Blair,DET,3,2,0,0,0,0,0,0,0,1,0,0,.000,.000,.000,.000
Dave D Burba,CLE,3,2,1,0,0,0,0,0,0,1,0,0,.000,.000,.000,.000
Chris C Carpenter,TOR,3,6,0,1,0,0,0,0,0,3,0,0,.167,.167,.167,.333
Hector H Carrasco,MIN,3,0,0,0,0,0,0,0,0,0,0,0,.000,.000,.000,.000
Jermaine J Clark,DET,3,0,1,0,0,0,0,0,0,0,0,0,.000,.000,.000,.000
Tim T Crabtree,TEX,3,0,0,0,0,0,0,0,0,0,0,0,.000,.000,.000,.000
Jack J Cust,ARI,3,2,0,1,0,0,0,0,1,0,0,0,.500,.667,.500,1.167
P. J. P Forbes,PHI,3,7,1,2,0,0,0,1,0,2,0,0,.286,.286,.286,.571
Rich R Garces,BOS,3,2,0,0,0,0,0,0,0,1,0,0,.000,.000,.000,.000
Carlos C Hernández Hernandez,HOU,3,5,0,1,0,0,0,0,0,2,0,0,.200,.200,.200,.400
Sterling S Hitchcock,SD,3,8,1,1,0,0,0,1,0,6,0,0,.125,.125,.125,.250
Paul P Hoover,TB,3,4,1,1,0,0,0,0,0,1,0,0,.250,.250,.250,.500
Chad C Hutchinson,STL,3,1,0,0,0,0,0,0,0,0,0,0,.000,.000,.000,.000
Brian B Johnson,LA,3,4,0,1,0,0,0,1,0,1,0,0,.250,.250,.250,.500
Todd T Jones,DET,3,0,0,0,0,0,0,0,0,0,0,0,.000,.000,.000,.000
Sun- Woo S Kim,BOS,3,0,0,0,0,0,0,0,0,0,0,0,.000,.000,.000,.000
Eric E Knott,ARI,3,1,0,0,0,0,0,0,0,1,0,0,.000,.000,.000,.000
Billy B Koch,TOR,3,0,0,0,0,0,0,0,0,0,0,0,.000,.000,.000,.000
Esteban E Loaiza,TOR,3,2,0,0,0,0,0,0,0,0,0,0,.000,.000,.000,.000
Sean S Lowe,CWS,3,3,0,1,0,0,0,0,0,1,0,0,.333,.333,.333,.667
Mike M Magnante,OAK,3,0,0,0,0,0,0,0,0,0,0,0,.000,.000,.000,.000
Dave D Maurer,SD,3,1,0,0,0,0,0,0,0,1,0,0,.000,.000,.000,.000
Jim J Mecir,OAK,3,0,0,0,0,0,0,0,0,0,0,0,.000,.000,.000,.000
Mike M Mussina,NYY,3,7,0,1,0,0,0,1,0,2,0,0,.143,.143,.143,.286
Jeff J Nelson,SEA,3,0,0,0,0,0,0,0,0,0,0,0,.000,.000,.000,.000
Darren D Oliver,TEX,3,6,0,2,1,0,0,0,0,2,0,0,.333,.333,.500,.833
Jimmy J Osting,SD,3,0,0,0,0,0,0,0,0,0,0,0,.000,.000,.000,.000
Jose J Paniagua,SEA,3,1,0,0,0,0,0,0,0,0,0,0,.000,.000,.000,.000
Chad C Paronto,BAL,3,0,0,0,0,0,0,0,0,0,0,0,.000,.000,.000,.000
Troy T Percival,ANA,3,0,0,0,0,0,0,0,0,0,0,0,.000,.000,.000,.000
Kyle K Peterson,MIL,3,5,1,1,1,0,0,1,0,1,0,0,.200,.200,.400,.600
Ricardo R Rincon,CLE,3,0,0,0,0,0,0,0,0,0,0,0,.000,.000,.000,.000
Juan J Rivera R,NYY,3,4,0,0,0,0,0,0,0,0,0,0,.000,.000,.000,.000
Brian B Rose,NYM,3,1,0,0,0,0,0,0,0,0,0,0,.000,.000,.000,.000
Johnny J Ruffin,FLA,3,0,0,0,0,0,0,0,0,0,0,0,.000,.000,.000,.000
Kazuhiro K Sasaki,SEA,3,0,0,0,0,0,0,0,0,0,0,0,.000,.000,.000,.000
Aaron A Sele,SEA,3,6,2,1,0,0,0,1,0,0,0,0,.167,.167,.167,.333
Paul P Shuey,CLE,3,0,0,0,0,0,0,0,0,0,0,0,.000,.000,.000,.000
J. D. J Smart,TEX,3,0,0,0,0,0,0,0,0,0,0,0,.000,.000,.000,.000
Steve S Sparks,DET,3,4,0,0,0,0,0,0,0,1,0,0,.000,.000,.000,.000
Blake B Stein,KC,3,2,0,0,0,0,0,0,0,0,0,0,.000,.000,.000,.000
Tanyon T Sturtze,TB,3,8,0,1,0,0,0,0,0,3,0,0,.125,.125,.125,.250
Jeff J Tam,OAK,3,0,0,0,0,0,0,0,0,0,0,0,.000,.000,.000,.000
Yorvit Y Torrealba,SF,3,4,0,2,0,1,0,2,0,0,0,0,.500,.500,1.000,1.500
Kip K Wells,CWS,3,6,1,1,0,0,0,0,0,5,1,0,.167,.167,.167,.333
Jake J Westbrook,CLE,3,1,0,0,0,0,0,0,0,1,0,0,.000,.000,.000,.000
Bob B Wickman,CLE,3,0,0,0,0,0,0,0,0,0,0,0,.000,.000,.000,.000
Steve S Woodard,CLE,3,1,0,0,0,0,0,0,0,0,0,0,.000,.000,.000,.000
Victor V Zambrano,TB,3,0,0,0,0,0,0,0,0,0,0,0,.000,.000,.000,.000
Jeff J Zimmerman,TEX,3,0,0,0,0,0,0,0,0,0,0,0,.000,.000,.000,.000
Paul P Abbott,SEA,2,4,0,1,0,0,0,0,0,1,0,0,.250,.250,.250,.500
Kurt K Ainsworth,SF,2,0,0,0,0,0,0,0,0,0,0,0,.000,.000,.000,.000
Jeff J Austin,KC,2,0,0,0,0,0,0,0,0,0,0,0,.000,.000,.000,.000
Chad C Bradford,OAK,2,0,0,0,0,0,0,0,0,0,0,0,.000,.000,.000,.000
Lesli L Brea,BAL,2,0,0,0,0,0,0,0,0,0,0,0,.000,.000,.000,.000
Bartolo B Colon,CLE,2,7,0,1,0,0,0,0,0,5,0,0,.143,.143,.143,.286
Mark M Corey,NYM,2,0,0,0,0,0,0,0,0,0,0,0,.000,.000,.000,.000
Doug D Davis,TEX,2,3,0,0,0,0,0,0,0,2,0,0,.000,.000,.000,.000
Bryce B Florie,BOS,2,0,0,0,0,0,0,0,0,0,0,0,.000,.000,.000,.000
Ryan R Franklin,SEA,2,0,0,0,0,0,0,0,0,0,0,0,.000,.000,.000,.000
Freddy F Garcia,SEA,2,7,0,1,0,0,0,0,0,4,0,0,.143,.143,.143,.286
Matt M Ginter,CWS,2,0,0,0,0,0,0,0,0,0,0,0,.000,.000,.000,.000
Eddie E Guardado,MIN,2,0,0,0,0,0,0,0,0,0,0,0,.000,.000,.000,.000
La Troy L Hawkins,MIN,2,0,0,0,0,0,0,0,0,0,0,0,.000,.000,.000,.000
Rick R Helling,TEX,2,4,0,0,0,0,0,0,0,1,0,0,.000,.000,.000,.000
Doug D Henry,KC,2,0,0,0,0,0,0,0,0,0,0,0,.000,.000,.000,.000
Dave D Hollins,CLE,2,5,0,1,0,0,0,0,1,2,0,0,.200,.333,.200,.533
Chris C Holt,DET,2,4,0,1,1,0,0,0,0,3,0,0,.250,.250,.500,.750
Bob B Howry,CWS,2,0,0,0,0,0,0,0,0,0,0,0,.000,.000,.000,.000
Hideki H Irabu,MON,2,3,0,0,0,0,0,0,0,0,0,0,.000,.000,.000,.000
Jason J Isringhausen,OAK,2,0,0,0,0,0,0,0,0,0,0,0,.000,.000,.000,.000
Jason J Johnson,BAL,2,3,0,1,0,0,0,0,1,2,0,0,.333,.500,.333,.833
Joe J Kennedy,TB,2,4,1,1,0,0,0,0,0,2,0,0,.250,.250,.250,.500
Gary G Knotts,FLA,2,2,0,1,0,0,0,0,0,0,0,0,.500,.500,.500,1.000
Ted T Lilly,NYY,2,1,0,0,0,0,0,0,0,1,0,0,.000,.000,.000,.000
Kyle K Lohse,MIN,2,5,0,2,1,0,0,1,0,2,0,0,.400,.400,.600,1.000
Keith K Mc Donald,STL,2,2,0,0,0,0,0,0,0,1,0,0,.000,.000,.000,.000
Jose J Mercedes,BAL,2,5,0,0,0,0,0,0,0,4,0,0,.000,.000,.000,.000
Chris C Michalak,TOR,2,3,0,1,0,1,0,0,0,1,0,0,.333,.333,1.000,1.333
Alan A Mills,BAL,2,0,0,0,0,0,0,0,0,0,0,0,.000,.000,.000,.000
Trey T Moore,ATL,2,1,0,1,1,0,0,0,0,0,0,0,1.000,1.000,2.000,3.000
Juan J Moreno,TEX,2,0,0,0,0,0,0,0,0,0,0,0,.000,.000,.000,.000
Mark M Mulder,OAK,2,5,0,1,0,0,0,0,0,1,0,0,.200,.200,.200,.400
Heath H Murray,DET,2,0,0,0,0,0,0,0,0,0,0,0,.000,.000,.000,.000
Nick N Neugebauer,MIL,2,3,0,0,0,0,0,0,0,1,0,0,.000,.000,.000,.000
Doug D Nickle,PHI,2,0,0,0,0,0,0,0,0,0,0,0,.000,.000,.000,.000
Hideo H Nomo,BOS,2,5,0,1,0,0,0,0,0,3,0,0,.200,.200,.200,.400
Ramon R Ortiz,ANA,2,7,0,0,0,0,0,0,0,2,0,0,.000,.000,.000,.000
Lyle L Overbay,ARI,2,2,0,1,0,0,0,0,0,1,0,0,.500,.500,.500,1.000
John J Parrish,BAL,2,0,0,0,0,0,0,0,0,0,0,0,.000,.000,.000,.000
Andy A Pettitte,NYY,2,4,0,0,0,0,0,0,0,1,0,0,.000,.000,.000,.000
Sidney S Ponson,BAL,2,3,0,0,0,0,0,0,0,1,0,0,.000,.000,.000,.000
Brad B Radke,MIN,2,4,0,2,0,0,0,0,0,0,0,0,.500,.500,.500,1.000
Pat P Rapp,ANA,2,5,0,0,0,0,0,0,0,2,0,0,.000,.000,.000,.000
Dan D Reichert,KC,2,5,0,0,0,0,0,0,0,4,0,0,.000,.000,.000,.000
Willis W Roberts,BAL,2,4,0,1,0,0,0,0,0,3,0,0,.250,.250,.250,.500
Rich R Rodriguez,CLE,2,0,0,0,0,0,0,0,0,0,0,0,.000,.000,.000,.000
Wilfredo W Rodriguez,HOU,2,0,0,0,0,0,0,0,0,0,0,0,.000,.000,.000,.000
C Sabathia,CLE,2,4,0,0,0,0,0,0,0,0,0,0,.000,.000,.000,.000
Jason J Smith S,CHC,2,1,0,0,0,0,0,0,0,1,0,0,.000,.000,.000,.000
Juan J Sosa,ARI,2,1,0,0,0,0,0,0,0,1,0,0,.000,.000,.000,.000
Jeff J Suppan,KC,2,5,0,2,0,0,0,0,0,2,0,0,.400,.400,.400,.800
Steve S Torrealba,ATL,2,2,0,1,0,0,0,0,0,0,0,0,.500,.500,.500,1.000
Ismael I Valdez,ANA,2,5,0,1,0,0,0,0,0,2,1,0,.200,.200,.200,.400
Ken K Vining,CWS,2,0,0,0,0,0,0,0,0,0,0,0,.000,.000,.000,.000
Tim T Wakefield,BOS,2,3,0,1,0,0,0,0,0,2,0,0,.333,.333,.333,.667
Pete P Walker,NYM,2,1,0,0,0,0,0,0,0,1,0,0,.000,.000,.000,.000
Jeff J Wallace,TB,2,0,0,0,0,0,0,0,0,0,0,0,.000,.000,.000,.000
Jarrod J Washburn,ANA,2,5,1,3,0,0,0,0,1,2,0,0,.600,.667,.600,1.267
Jeff J Weaver,DET,2,5,0,0,0,0,0,0,0,0,0,0,.000,.000,.000,.000
Scott S Williamson,CIN,2,0,0,0,0,0,0,0,0,0,0,0,.000,.000,.000,.000
Kelly K Wunsch,CWS,2,0,0,0,0,0,0,0,0,0,0,0,.000,.000,.000,.000
Esteban E Yan,TB,2,0,0,0,0,0,0,0,0,0,0,0,.000,.000,.000,.000
Barry B Zito,OAK,2,5,0,0,0,0,0,0,0,4,0,0,.000,.000,.000,.000
Andy A Abad,OAK,1,1,0,0,0,0,0,0,0,0,0,0,.000,.000,.000,.000
Carlos C Almanzar,NYY,1,0,0,0,0,0,0,0,0,0,0,0,.000,.000,.000,.000
Rocky R Biddle,CWS,1,1,0,0,0,0,0,0,0,1,0,0,.000,.000,.000,.000
Dave D Borkowski,DET,1,0,0,0,0,0,0,0,0,0,0,0,.000,.000,.000,.000
Joe J Borowski,CHC,1,0,0,0,0,0,0,0,0,0,0,0,.000,.000,.000,.000
Mark M Buehrle,CWS,1,3,0,0,0,0,0,0,1,2,0,0,.000,.250,.000,.250
Frank F Castillo,BOS,1,2,0,0,0,0,0,0,0,1,0,0,.000,.000,.000,.000
Norm N Charlton,SEA,1,0,0,0,0,0,0,0,0,0,0,0,.000,.000,.000,.000
Tim T Christman,COL,1,0,0,0,0,0,0,0,0,0,0,0,.000,.000,.000,.000
Roger R Clemens,NYY,1,2,0,0,0,0,0,0,0,2,0,0,.000,.000,.000,.000
David D Cone,BOS,1,1,0,0,0,0,0,0,0,1,0,0,.000,.000,.000,.000
Mark M Dalesandro,CWS,1,0,0,0,0,0,0,0,0,0,0,0,.000,.000,.000,.000
Tomas T De La Rosa,MON,1,1,0,0,0,0,0,0,0,0,0,0,.000,.000,.000,.000
Valerio V De Los Santos,MIL,1,0,0,0,0,0,0,0,0,0,0,0,.000,.000,.000,.000
Chad C Durbin,KC,1,1,0,0,0,0,0,0,0,0,0,0,.000,.000,.000,.000
Kevin K Foster,TEX,1,0,0,0,0,0,0,0,0,0,0,0,.000,.000,.000,.000
Brian B Fuentes,SEA,1,0,0,0,0,0,0,0,0,0,0,0,.000,.000,.000,.000
Keith K Ginter,HOU,1,1,0,0,0,0,0,0,0,0,0,0,.000,.000,.000,.000
John J Halama,SEA,1,1,0,0,0,0,0,0,0,0,0,0,.000,.000,.000,.000
Roy R Halladay,TOR,1,1,0,0,0,0,0,0,0,0,0,0,.000,.000,.000,.000
Shigetoshi S Hasegawa,ANA,1,0,0,0,0,0,0,0,0,0,0,0,.000,.000,.000,.000
Gil G Heredia,OAK,1,3,0,1,0,0,0,0,0,0,0,0,.333,.333,.333,.667
Brett B Hinchliffe,NYM,1,1,0,0,0,0,0,0,0,1,0,0,.000,.000,.000,.000
Ken K Huckaby,ARI,1,1,0,0,0,0,0,0,0,1,0,0,.000,.000,.000,.000
Adam A Johnson,MIN,1,2,0,0,0,0,0,0,0,0,0,0,.000,.000,.000,.000
Mike M Judd,TEX,1,1,0,0,0,0,0,0,0,1,0,0,.000,.000,.000,.000
Randy R Keisler,NYY,1,2,0,0,0,0,0,0,0,0,0,0,.000,.000,.000,.000
Ryan R Kohlmeier,BAL,1,0,0,0,0,0,0,0,0,0,0,0,.000,.000,.000,.000
Cory C Lidle,OAK,1,2,0,0,0,0,0,0,0,2,0,0,.000,.000,.000,.000
Carlton C Loewer,SD,1,0,0,0,0,0,0,0,0,0,0,0,.000,.000,.000,.000
Mark M Lukasiewicz,ANA,1,0,0,0,0,0,0,0,0,0,0,0,.000,.000,.000,.000
Calvin C Maduro,BAL,1,0,0,0,0,0,0,0,0,0,0,0,.000,.000,.000,.000
Sandy S Martinez,MON,1,1,0,0,0,0,0,0,0,0,0,0,.000,.000,.000,.000
Joe J Mays,MIN,1,1,0,0,0,0,0,0,0,1,0,0,.000,.000,.000,.000
Rusty R Meacham,TB,1,0,0,0,0,0,0,0,0,0,0,0,.000,.000,.000,.000
Eric E Milton,MIN,1,2,1,0,0,0,0,0,0,1,0,0,.000,.000,.000,.000
Jamie J Moyer,SEA,1,1,0,0,0,0,0,0,0,0,0,0,.000,.000,.000,.000
Aaron A Myette,TEX,1,0,0,0,0,0,0,0,0,0,0,0,.000,.000,.000,.000
Charles C Nagy,CLE,1,1,1,1,0,0,0,0,0,0,0,0,1.000,1.000,1.000,2.000
Joe J Nelson,ATL,1,0,0,0,0,0,0,0,0,0,0,0,.000,.000,.000,.000
Steve S Parris,TOR,1,1,0,0,0,0,0,0,0,1,0,0,.000,.000,.000,.000
Adam A Pettyjohn,DET,1,2,0,0,0,0,0,0,0,2,0,0,.000,.000,.000,.000
Brian B Powell,HOU,1,1,0,0,0,0,0,0,0,1,0,0,.000,.000,.000,.000
Bryan B Rekar,TB,1,2,0,0,0,0,0,0,0,1,0,0,.000,.000,.000,.000
Juan J Rincon,MIN,1,1,0,1,0,0,0,0,0,0,0,0,1.000,1.000,1.000,2.000
Kenny K Rogers,TEX,1,2,0,0,0,0,0,0,0,2,0,0,.000,.000,.000,.000
J. C. J Romero,MIN,1,2,1,1,1,0,0,0,0,0,0,0,.500,.500,1.000,1.500
Ryan R Rupe,TB,1,3,1,1,1,0,0,0,0,1,0,0,.333,.333,.667,1.000
Johan J Santana,MIN,1,0,0,0,0,0,0,0,0,0,0,0,.000,.000,.000,.000
Pedro P Santana,DET,1,0,0,0,0,0,0,0,0,0,0,0,.000,.000,.000,.000
Scott S Schoeneweis,ANA,1,0,0,0,0,0,0,0,2,0,0,0,.000,1.000,.000,1.000
Pete P Schourek,BOS,1,0,0,0,0,0,0,0,0,0,0,0,.000,.000,.000,.000
Scott S Seabol,NYY,1,1,0,0,0,0,0,0,0,0,0,0,.000,.000,.000,.000
Kevin K Sefcik,COL,1,1,0,0,0,0,0,0,0,0,0,0,.000,.000,.000,.000
Scot S Shields,ANA,1,0,0,0,0,0,0,0,0,0,0,0,.000,.000,.000,.000
Scott S Sobkowiak,ATL,1,0,0,0,0,0,0,0,0,0,0,0,.000,.000,.000,.000
Billy B Taylor,PIT,1,0,0,0,0,0,0,0,0,0,0,0,.000,.000,.000,.000
Brad B Thomas,MIN,1,0,0,0,0,0,0,0,0,0,0,0,.000,.000,.000,.000
Kevin K Tolar,DET,1,0,0,0,0,0,0,0,0,0,0,0,.000,.000,.000,.000
Josh J Towers,BAL,1,2,0,0,0,0,0,0,0,0,0,0,.000,.000,.000,.000
Matt M Walbeck,PHI,1,1,0,1,0,0,0,0,0,0,0,0,1.000,1.000,1.000,2.000
David D Wells,CWS,1,2,0,0,0,0,0,0,0,1,0,0,.000,.000,.000,.000
Kris K Wilson,KC,1,3,1,1,0,0,0,0,0,1,0,0,.333,.333,.333,.667
Jaret J Wright,CLE,1,2,0,1,0,0,0,0,0,1,0,0,.500,.500,.500,1.000
