PLAYER,TEAM,W,L,ERA,GS,CG,SHO,SV,SVO,IP,H,R,ER,HR,HB,BB,SO,WHIP,AVG
Pedro P Feliciano,NYM,3,4,4.05,86,0,0,0,2,4,53.1,57,24,24,7,3,26,50,1.56,.281
Will W Ohman,ATL,4,1,3.68,83,0,0,0,1,4,58.2,51,27,24,3,1,22,53,1.24,.230
Carlos C Marmol,CHC,2,4,2.68,82,0,0,0,7,9,87.1,40,30,26,10,6,41,114,0.93,.135
Joe J Smith,NYM,6,3,3.55,82,0,0,0,0,3,63.1,51,28,25,4,4,31,52,1.29,.220
Luis L Ayala,NYM,2,10,5.71,81,0,0,0,9,15,75.2,86,53,48,9,4,24,50,1.45,.287
J. C. J Romero,PHI,4,4,2.75,81,0,0,0,1,5,59.0,41,18,18,5,5,38,52,1.34,.197
Aaron A Heilman,NYM,3,8,5.21,78,0,0,0,3,8,76.0,75,48,44,10,9,46,80,1.59,.258
Chad C Qualls,ARI,4,8,2.81,77,0,0,0,9,17,73.2,61,29,23,4,3,18,71,1.07,.224
Blaine B Boyer,ATL,2,6,5.88,76,0,0,0,1,5,72.0,73,51,47,10,2,25,67,1.36,.262
Manny M Corpas,COL,3,4,4.52,76,0,0,0,4,13,79.2,93,41,40,7,2,23,50,1.46,.296
Matt M Guerrier,MIN,6,9,5.19,76,0,0,0,1,5,76.1,84,47,44,12,0,37,59,1.59,.275
Ryan R Madson,PHI,4,2,3.05,76,0,0,0,1,3,82.2,79,29,28,6,1,23,67,1.23,.254
Saul S Rivera,WSH,5,6,3.96,76,0,0,0,0,6,84.0,90,41,37,3,2,35,65,1.49,.277
Francisco F Rodríguez Rodriguez,LAA,2,3,2.24,76,0,0,0,62,69,68.1,54,21,17,4,2,34,77,1.29,.216
Dennys D Reyes,MIN,3,0,2.33,75,0,0,0,0,3,46.1,40,12,12,4,2,15,39,1.19,.235
Jamey J Wright,TEX,8,7,5.12,75,0,0,0,0,6,84.1,93,57,48,5,8,35,60,1.52,.283
Jeremy J Affeldt,CIN,1,1,3.33,74,0,0,0,0,1,78.1,78,36,29,9,3,25,80,1.31,.260
Heath H Bell,SD,6,6,3.58,74,0,0,0,0,7,78.0,66,31,31,5,3,28,71,1.21,.229
Ryan R Franklin,STL,6,6,3.55,74,0,0,0,17,25,78.2,86,34,31,10,3,30,51,1.47,.278
John J Grabow,PIT,6,3,2.84,74,0,0,0,4,8,76.0,60,25,24,9,1,37,62,1.28,.215
Jon J Rauch,ARI,4,8,4.14,74,0,0,0,18,24,71.2,69,36,33,11,0,16,66,1.19,.256
Matt M Thornton,CWS,5,3,2.67,74,0,0,0,1,6,67.1,48,20,20,5,2,19,77,1.00,.196
Jose J Valverde,HOU,6,3,3.38,74,0,0,0,44,51,72.0,62,28,27,10,2,23,83,1.18,.225
Ron R Villone,STL,1,2,4.68,74,0,0,0,1,2,50.0,45,27,26,4,2,37,50,1.64,.243
Manny M Delcarmen,BOS,1,2,3.27,73,0,0,0,2,5,74.1,55,28,27,5,3,28,72,1.12,.205
Cla C Meredith,SD,0,3,4.09,73,0,0,0,0,6,70.1,79,34,32,6,1,24,49,1.46,.290
Rafael R Perez,CLE,4,4,3.54,73,0,0,0,2,7,76.1,67,32,30,8,2,23,86,1.18,.234
Scott S Schoeneweis,NYM,2,6,3.34,73,0,0,0,1,5,56.2,55,23,21,7,4,23,34,1.38,.259
Jeff J Bennett,ATL,3,7,3.70,72,4,0,0,3,4,97.1,86,44,40,5,7,47,68,1.37,.243
Doug D Brocail,HOU,7,5,3.93,72,0,0,0,2,5,68.2,63,30,30,8,3,21,64,1.22,.242
Francisco F Cordero,CIN,5,4,3.33,72,0,0,0,34,40,70.1,61,28,26,6,3,38,78,1.41,.235
Octavio O Dotel,CWS,4,4,3.76,72,0,0,0,1,5,67.0,52,34,28,12,5,29,92,1.21,.208
Sean S Green,SEA,4,5,4.67,72,0,0,0,1,4,79.0,80,47,41,3,6,36,62,1.47,.261
Kevin K Gregg,FLA,7,8,3.41,72,0,0,0,29,38,68.2,51,30,26,3,4,37,58,1.28,.203
Bob B Howry,CHC,7,5,5.35,72,0,0,0,1,5,70.2,90,44,42,13,2,13,59,1.46,.309
Brad B Lidge,PHI,2,0,1.95,72,0,0,0,41,41,69.1,50,17,15,2,1,35,92,1.23,.198
Damaso D Marte,NYY,5,3,4.02,72,0,0,0,5,7,65.0,52,29,29,5,2,26,71,1.20,.214
Ramon R Pena,ARI,3,2,4.33,72,0,0,0,3,8,72.2,80,38,35,5,3,17,52,1.33,.281
David D Weathers,CIN,4,6,3.25,72,0,0,0,0,4,69.1,76,27,25,6,3,30,46,1.53,.276
Tyler T Yates,PIT,6,3,4.66,72,0,0,0,1,5,73.1,72,39,38,6,2,41,63,1.54,.254
Joe J Beimel,LAD,5,1,2.02,71,0,0,0,0,0,49.0,50,11,11,0,3,21,32,1.45,.270
Chad C Durbin,PHI,5,4,2.87,71,0,0,0,1,7,87.2,81,33,28,5,4,35,63,1.32,.254
Ramon E R Ramirez,KC,3,2,2.64,71,0,0,0,1,5,71.2,57,23,21,2,0,31,70,1.23,.222
Salomon S Torres,MIL,7,5,3.49,71,0,0,0,28,35,80.0,75,35,31,6,4,33,51,1.35,.253
Wesley W Wright,HOU,4,3,5.01,71,0,0,0,1,1,55.2,45,34,31,8,4,34,57,1.42,.214
Jonathan J Broxton,LAD,3,5,3.13,70,0,0,0,14,22,69.0,54,29,24,2,3,27,88,1.17,.217
Alan A Embree,OAK,2,5,4.96,70,0,0,0,0,5,61.2,59,36,34,8,2,30,57,1.44,.253
Javier J López Lopez,BOS,2,0,2.43,70,0,0,0,0,1,59.1,53,18,16,4,2,27,38,1.35,.245
Russ R Springer,STL,2,1,2.32,70,0,0,0,0,2,50.1,39,14,13,4,1,18,45,1.13,.212
Dan D Wheeler,TB,5,6,3.12,70,0,0,0,13,18,66.1,44,25,23,10,0,22,53,0.99,.183
Rafael R Betancourt,CLE,3,4,5.07,69,0,0,0,4,8,71.0,76,41,40,11,0,25,64,1.42,.276
Jesse J Carlson,TOR,7,2,2.25,69,0,0,0,2,2,60.0,41,16,15,6,3,21,55,1.03,.196
Joel J Hanrahan,WSH,6,3,3.95,69,0,0,0,9,13,84.1,73,40,37,9,1,42,93,1.36,.233
Brian B Shouse,MIL,5,1,2.81,69,0,0,0,2,5,51.1,46,19,16,5,0,14,33,1.17,.238
Chad C Bradford,TB,4,3,2.12,68,0,0,0,0,2,59.1,59,20,14,3,2,15,17,1.25,.273
Kyle K Mc Clellan,STL,2,7,4.04,68,0,0,0,1,6,75.2,79,37,34,7,4,26,59,1.39,.269
Trever T Miller,TB,2,0,4.15,68,0,0,0,2,3,43.1,39,21,20,2,4,20,44,1.36,.242
Joe J Nathan,MIN,1,2,1.33,68,0,0,0,39,45,67.2,43,13,10,5,2,18,74,0.90,.179
Brian B Fuentes,COL,1,5,2.73,67,0,0,0,30,34,62.2,47,22,19,3,1,22,82,1.10,.205
Jonathan J Papelbon,BOS,5,4,2.34,67,0,0,0,41,46,69.1,58,24,18,4,0,8,77,0.95,.223
Renyel R Pinto,FLA,2,5,4.45,67,0,0,0,0,2,64.2,52,33,32,9,4,39,56,1.41,.226
Jack J Taschner,SF,3,2,4.88,67,0,0,0,0,4,48.0,57,27,26,5,2,24,39,1.69,.292
Jesse J Crain,MIN,5,4,3.59,66,0,0,0,0,3,62.2,62,29,25,6,1,24,50,1.37,.257
Scott S Downs,TOR,0,3,1.78,66,0,0,0,5,9,70.2,54,15,14,3,4,27,57,1.15,.213
Matt M Lindstrom,FLA,3,3,3.14,66,0,0,0,5,6,57.1,57,21,20,1,1,26,43,1.45,.270
Duaner D Sanchez,NYM,5,1,4.32,66,0,0,0,0,1,58.1,54,28,28,6,3,23,44,1.32,.238
Tyler T Walker,SF,5,8,4.56,65,0,0,0,0,4,53.1,47,29,27,7,1,21,49,1.28,.234
Kerry K Wood,CHC,5,4,3.26,65,0,0,0,34,40,66.1,54,24,24,3,7,18,84,1.09,.219
Eddie E Guardado,MIN,4,4,4.15,64,0,0,0,4,5,56.1,50,26,26,4,0,19,33,1.22,.245
J. P. J Howell,TB,6,1,2.22,64,0,0,0,3,5,89.1,62,29,22,6,4,39,92,1.13,.194
Mike M Lincoln,CIN,2,5,4.48,64,0,0,0,0,1,70.1,66,37,35,10,3,24,57,1.28,.250
Hideki H Okajima,BOS,3,2,2.61,64,0,0,0,1,9,62.0,49,18,18,6,1,23,60,1.16,.212
Mariano M Rivera,NYY,6,5,1.40,64,0,0,0,39,40,70.2,41,11,11,4,2,6,77,0.67,.165
Scot S Shields,LAA,6,4,2.70,64,0,0,0,4,9,63.1,56,29,19,6,2,29,64,1.34,.236
Bill B Bray,CIN,2,2,2.87,63,0,0,0,0,4,47.0,50,19,15,4,1,24,54,1.57,.269
Taylor T Buchholz,COL,6,6,2.17,63,0,0,0,1,3,66.1,45,23,16,5,2,18,56,0.95,.188
Joakim J Soria,KC,2,3,1.60,63,0,0,0,42,45,67.1,39,13,12,5,6,19,66,0.86,.169
Huston H Street,OAK,7,5,3.73,63,0,0,0,18,25,70.0,58,29,29,6,1,27,69,1.21,.229
Brian B Wilson,SF,3,2,4.62,63,0,0,0,41,47,62.1,62,32,32,7,3,28,67,1.44,.263
Justin J Speier,LAA,2,8,5.03,62,0,0,0,0,2,68.0,69,41,38,15,6,27,56,1.41,.261
Jesus J Colome,WSH,2,2,4.31,61,0,0,0,0,2,71.0,61,38,34,6,4,39,55,1.41,.235
Kyle K Farnsworth,DET,2,3,4.48,61,0,0,0,1,4,60.1,70,32,30,15,1,22,61,1.52,.299
Brandon B Lyon,ARI,3,5,4.70,61,0,0,0,26,31,59.1,75,34,31,7,0,13,44,1.48,.301
Arthur A Rhodes,FLA,4,1,2.04,61,0,0,0,2,3,35.1,28,9,8,0,0,16,40,1.25,.224
Jason J Grilli,COL,3,3,3.00,60,0,0,0,1,2,75.0,67,27,25,2,2,38,69,1.40,.240
B. J. B Ryan,TOR,2,4,2.95,60,0,0,0,32,36,58.0,46,21,19,4,4,28,58,1.28,.216
Bobby B Seay,DET,1,2,4.47,60,0,0,0,0,1,56.1,59,28,28,4,2,25,58,1.49,.278
Jose J Veras,NYY,5,3,3.59,60,0,0,0,0,2,57.2,52,23,23,7,3,29,63,1.40,.239
Keiichi K Yabu,SF,3,6,3.57,60,0,0,0,0,1,68.0,63,33,27,3,8,32,48,1.40,.243
Tim T Byrdak,HOU,2,1,3.90,59,0,0,0,0,0,55.1,45,24,24,10,2,29,47,1.34,.222
Joe J Nelson,FLA,3,1,2.00,59,0,0,0,1,5,54.0,42,16,12,5,2,22,60,1.19,.207
Jamie J Walker,BAL,1,3,6.87,59,0,0,0,0,4,38.0,53,31,29,12,1,11,24,1.68,.325
Sean S Burnett,PIT,1,1,4.74,58,0,0,0,0,0,57.0,57,31,30,7,2,34,43,1.60,.270
Frank F Francisco,TEX,3,5,3.13,58,0,0,0,5,11,63.1,47,24,22,7,0,26,83,1.15,.200
Matt M Herges,COL,3,4,5.04,58,0,0,0,0,5,64.1,79,40,36,5,5,24,46,1.60,.304
Guillermo G Mota,MIL,5,6,4.11,58,0,0,0,1,4,57.0,52,28,26,7,0,28,50,1.40,.245
Juan J Cruz,ARI,4,0,2.61,57,0,0,0,0,2,51.2,34,17,15,5,3,31,71,1.26,.192
La Troy L Hawkins,HOU,3,1,3.92,57,0,0,0,1,2,62.0,53,29,27,3,0,22,48,1.21,.235
Bobby B Jenks,CWS,3,1,2.63,57,0,0,0,30,34,61.2,51,18,18,3,1,17,38,1.10,.230
Masa M Kobayashi,CLE,4,5,4.53,57,0,0,0,6,9,55.2,65,30,28,8,1,14,35,1.42,.286
Mark M Lowe,SEA,1,5,5.37,57,0,0,0,1,5,63.2,78,44,38,6,4,34,55,1.76,.301
Ron R Mahay,KC,5,0,3.48,57,0,0,0,0,1,64.2,61,27,25,6,1,29,49,1.39,.252
Charlie C Manning,WSH,1,3,5.14,57,0,0,0,0,2,42.0,35,25,24,8,0,31,37,1.57,.224
Dennis D Sarfate,BAL,4,3,4.74,57,4,0,0,0,2,79.2,62,47,42,8,7,62,86,1.56,.218
George G Sherrill,BAL,3,5,4.73,57,0,0,0,31,37,53.1,47,28,28,6,1,33,58,1.50,.234
Clay C Condrey,PHI,3,4,3.26,56,0,0,0,1,1,69.0,85,26,25,6,2,19,34,1.51,.302
Geoff G Geary,HOU,2,3,2.53,55,0,0,0,0,2,64.0,45,18,18,3,2,28,45,1.14,.197
Boone B Logan,CWS,2,3,5.95,55,0,0,0,0,1,42.1,57,31,28,7,1,14,42,1.68,.317
Edwar E Ramirez,NYY,5,1,3.90,55,0,0,0,1,4,55.1,44,25,24,7,3,24,63,1.23,.215
Cory C Wade,LAD,2,1,2.27,55,0,0,0,0,1,71.1,51,22,18,7,4,15,51,0.93,.202
Mike M Adams,SD,2,3,2.48,54,0,0,0,0,2,65.1,49,18,18,7,0,19,74,1.04,.209
Jared J Burton,CIN,5,1,3.22,54,0,0,0,0,2,58.2,56,24,21,6,2,25,58,1.38,.249
Jim J Johnson,BAL,2,4,2.23,54,0,0,0,1,1,68.2,54,18,17,0,3,28,38,1.19,.219
Darren D Oliver,LAA,7,1,2.88,54,0,0,0,0,2,72.0,67,24,23,5,4,16,48,1.15,.254
Chan Ho C Park,LAD,4,4,3.40,54,5,0,0,2,5,95.1,97,43,36,12,4,36,79,1.40,.264
Chris C Sampson,HOU,6,4,4.22,54,11,0,0,0,2,117.1,118,60,55,8,3,23,61,1.20,.266
Jose J Arredondo,LAA,10,2,1.62,52,0,0,0,0,7,61.0,42,15,11,3,1,22,55,1.05,.190
Julian J Tavarez,ATL,1,5,5.10,52,0,0,0,0,0,54.2,73,42,31,5,3,28,51,1.85,.319
Grant G Balfour,TB,6,2,1.54,51,0,0,0,4,5,58.1,28,10,10,3,0,24,82,0.89,.143
Denny D Bautista,PIT,4,4,5.25,51,0,0,0,0,1,60.0,61,35,35,6,2,42,43,1.72,.277
Santiago S Casilla,OAK,2,1,3.93,51,0,0,0,2,3,50.1,60,22,22,5,3,20,43,1.59,.299
Jensen J Lewis,CLE,0,4,3.82,51,0,0,0,13,14,66.0,68,29,28,8,5,27,52,1.44,.266
Brian B Tallet,TOR,1,2,2.88,51,0,0,0,0,0,56.1,52,19,18,4,1,22,47,1.31,.243
Roy R Corcoran,SEA,6,2,3.22,50,0,0,0,3,6,72.2,65,31,26,1,2,36,39,1.39,.239
Neal N Cotts,CHC,0,2,4.29,50,0,0,0,0,2,35.2,38,18,17,7,1,13,43,1.43,.266
Eric E Gagne,MIL,4,3,5.44,50,0,0,0,10,17,46.1,46,28,28,11,2,22,38,1.47,.258
Chad C Gaudin,CHC,9,5,4.40,50,6,0,0,0,1,90.0,92,50,44,11,3,27,71,1.32,.265
Scott S Linebrink,CWS,2,2,3.69,50,0,0,0,1,4,46.1,41,20,19,8,0,9,40,1.08,.234
Troy T Percival,TB,2,1,4.53,50,0,0,0,28,32,45.2,29,26,23,9,1,27,38,1.23,.178
C. J. C Wilson,TEX,2,2,6.02,50,0,0,0,24,28,46.1,49,35,31,8,2,27,41,1.64,.268
Brian B Bass,BAL,4,4,4.84,49,4,0,0,1,2,89.1,98,55,48,12,5,31,45,1.44,.280
Craig C Breslow,MIN,0,2,1.91,49,0,0,0,1,2,47.0,34,12,10,1,0,19,39,1.13,.202
Matt M Capps,PIT,2,3,3.02,49,0,0,0,21,26,53.2,47,20,18,5,2,5,39,0.97,.234
Jason J Frasor,TOR,1,2,4.18,49,0,0,0,0,1,47.1,36,23,22,4,1,32,42,1.44,.208
Craig C Hansen,PIT,2,7,6.22,48,0,0,0,3,7,46.1,40,37,32,3,2,43,32,1.79,.227
Alex A Hinshaw,SF,2,1,3.40,48,0,0,0,0,0,39.2,31,16,15,5,3,29,47,1.51,.220
Trevor T Hoffman,SD,3,6,3.77,48,0,0,0,30,34,45.1,38,19,19,8,0,9,46,1.04,.224
Logan L Kensing,FLA,3,1,4.23,48,0,0,0,0,3,55.1,50,26,26,7,4,33,55,1.50,.234
Aquilino A Lopez,DET,4,1,3.55,48,0,0,0,0,1,78.2,86,33,31,9,2,22,61,1.37,.277
Doug D Waechter,FLA,4,2,3.69,48,0,0,0,0,1,63.1,63,29,26,7,2,21,46,1.33,.254
David D Aardsma,BOS,4,2,5.55,47,0,0,0,0,1,48.2,49,32,30,4,5,35,49,1.73,.268
Boof B Bonser,MIN,3,7,5.93,47,12,0,0,0,2,118.1,139,87,78,16,1,36,97,1.48,.285
Gary G Glover,DET,2,3,5.30,47,0,0,0,0,1,54.1,64,33,32,7,2,22,37,1.58,.290
J. J Putz,SEA,6,5,3.88,47,0,0,0,15,23,46.1,46,20,20,4,2,28,56,1.60,.256
Juan J Rincon,CLE,3,3,5.86,47,0,0,0,0,0,55.1,67,39,36,8,3,24,39,1.64,.298
Ryan R Rowland- Smith,SEA,5,3,3.42,47,12,0,0,2,3,118.1,114,49,45,13,2,48,77,1.37,.253
Mike M Timlin,BOS,4,4,5.66,47,0,0,0,1,1,49.1,60,32,31,9,1,20,32,1.62,.302
Carlos C Villanueva,MIL,4,7,4.07,47,9,0,0,1,1,108.1,112,53,49,18,3,30,93,1.31,.266
Brad B Ziegler,OAK,3,0,1.06,47,0,0,0,11,13,59.2,47,8,7,2,1,22,30,1.16,.236
Manny M Acosta,ATL,3,5,3.57,46,0,0,0,3,5,53.0,48,25,21,7,1,26,31,1.40,.247
Bryan B Corey,SD,1,3,6.80,46,0,0,0,0,2,45.0,53,34,34,8,0,12,22,1.44,.293
Justin J Miller,FLA,4,2,4.24,46,0,0,0,0,1,46.2,46,26,22,4,3,20,43,1.41,.258
Josh J Rupe,TEX,3,1,5.14,46,0,0,0,0,2,89.1,93,52,51,8,10,46,53,1.56,.284
Buddy B Carlyle,ATL,2,0,3.59,45,0,0,0,0,0,62.2,52,26,25,5,1,26,59,1.24,.228
Lance L Cormier,BAL,3,3,4.02,45,1,0,0,1,3,71.2,78,36,32,4,1,34,46,1.56,.279
Todd T Jones,DET,4,1,4.97,45,0,0,0,18,21,41.2,50,30,23,5,4,18,14,1.63,.298
Zach Z Miner,DET,8,5,4.27,45,13,0,0,0,3,118.0,118,60,56,10,6,46,62,1.39,.262
Brandon B Morrow,SEA,3,4,3.34,45,5,0,0,10,12,64.2,40,26,24,10,0,34,75,1.14,.174
Juan Carlos J Oviedo,KC,4,1,2.98,45,0,0,0,0,3,48.1,45,19,16,2,4,15,26,1.24,.249
David D Riske,MIL,1,2,5.31,45,0,0,0,2,7,42.1,47,25,25,6,0,25,27,1.70,.287
Takashi T Saito,LAD,4,4,2.49,45,0,0,0,18,22,47.0,40,14,13,1,2,16,60,1.19,.226
Doug D Slaten,ARI,0,3,4.73,45,0,0,0,0,0,32.1,33,20,17,4,4,14,20,1.45,.260
Billy B Wagner,NYM,0,1,2.30,45,0,0,0,27,34,47.0,32,17,12,4,0,10,52,0.89,.185
Michael M Wuertz,CHC,1,1,3.63,45,0,0,0,0,3,44.2,44,23,18,4,0,20,30,1.43,.267
Miguel M Batista,SEA,4,14,6.26,44,20,0,0,1,4,115.0,135,89,80,19,6,79,73,1.86,.295
Joaquin J Benoit,TEX,3,2,5.00,44,0,0,0,1,4,45.0,40,28,25,6,0,35,43,1.67,.233
Randy R Flores,STL,1,0,5.26,43,0,0,0,1,3,25.2,34,16,15,2,1,20,17,2.10,.315
Franquelis F Osoria,PIT,4,3,6.08,43,0,0,0,0,2,60.2,87,43,41,10,4,12,31,1.63,.336
Ryan R Speier,COL,2,1,4.06,43,0,0,0,0,1,51.0,52,23,23,3,4,18,33,1.37,.272
Luis L Vizcaino,COL,1,2,5.28,43,0,0,0,0,1,46.0,48,28,27,10,1,19,49,1.46,.267
Joba J Chamberlain,NYY,4,3,2.60,42,12,0,0,0,1,100.1,87,32,29,5,2,39,118,1.26,.233
Joey J Devine,OAK,6,1,0.59,42,0,0,0,1,2,45.2,23,7,3,0,0,15,49,0.83,.150
Freddy F Dolsi,DET,1,5,3.97,42,0,0,0,2,3,47.2,50,21,21,3,3,28,29,1.64,.267
Jason J Isringhausen,STL,1,5,5.70,42,0,0,0,12,19,42.2,48,28,27,5,5,22,36,1.64,.279
Hung- Chih H Kuo,LAD,5,3,2.14,42,3,0,0,1,3,80.0,60,21,19,4,3,21,96,1.01,.204
Nick N Masset,CIN,2,0,3.92,42,1,0,0,1,3,62.0,71,32,27,7,2,26,43,1.56,.297
Royce R Ring,ATL,2,1,8.46,42,0,0,0,0,0,22.1,32,25,21,2,2,10,16,1.88,.333
Rudy R Seanez,PHI,5,4,3.53,42,0,0,0,0,1,43.1,38,24,17,2,1,25,30,1.45,.239
Chris C Perez,STL,3,3,3.46,41,0,0,0,7,11,41.2,34,18,16,5,1,22,42,1.34,.227
Scott S Proctor,LAD,2,0,6.05,41,0,0,0,0,1,38.2,41,30,26,7,0,24,46,1.68,.261
Shawn S Camp,TOR,3,1,4.12,40,0,0,0,0,0,39.1,40,18,18,2,2,11,31,1.30,.263
Jason J Hammel,TB,4,4,4.60,40,5,0,0,2,2,78.1,83,45,40,11,2,35,44,1.51,.272
Joel J Peralta,KC,1,2,5.98,40,0,0,0,0,1,52.2,56,37,35,15,2,14,38,1.33,.275
Jorge J Campillo,ATL,8,7,3.91,39,25,1,0,0,0,158.2,158,74,69,18,1,38,107,1.24,.262
Jimmy J Gobble,KC,0,2,8.81,39,0,0,0,1,2,31.2,39,31,31,5,2,23,27,1.96,.293
Steven S Shell,WSH,2,2,2.16,39,0,0,0,2,3,50.0,34,14,12,5,2,20,41,1.08,.194
Scott S Eyre,PHI,5,0,4.21,38,0,0,0,0,2,25.2,23,12,12,2,2,7,32,1.17,.242
Fernando F Rodney,DET,0,6,4.91,38,0,0,0,13,19,40.1,34,22,22,3,3,30,49,1.59,.224
Gary G Majewski,CIN,1,0,6.53,37,0,0,0,0,1,40.0,61,31,29,6,3,15,27,1.90,.363
Seth S Mc Clung,MIL,6,6,4.02,37,12,0,0,0,0,105.1,93,47,47,10,7,55,87,1.41,.243
Jerry J Blevins,OAK,1,3,3.11,36,0,0,0,0,1,37.2,32,14,13,2,3,13,35,1.19,.230
Michael M Gonzalez,ATL,0,3,4.28,36,0,0,0,14,16,33.2,26,21,16,6,1,14,44,1.19,.210
Mark M Hendrickson,FLA,7,8,5.45,36,19,0,0,0,0,133.2,148,87,81,17,5,48,81,1.47,.283
Justin J Masterson,BOS,6,5,3.16,36,9,0,0,0,1,88.1,68,31,31,10,8,40,68,1.22,.216
Chad C Billingsley,LAD,16,10,3.14,35,32,1,1,0,0,200.2,188,76,70,14,8,80,201,1.34,.248
A. J. A Burnett,TOR,18,10,4.07,35,34,1,0,0,0,221.1,211,109,100,19,9,86,231,1.34,.249
Justin J Hampson,SD,2,1,2.93,35,0,0,0,0,0,30.2,31,11,10,1,0,10,19,1.34,.279
Glendon G Rusch,COL,5,5,5.16,35,9,0,0,0,1,83.2,94,50,48,10,0,25,55,1.42,.283
C Sabathia,MIL,17,10,2.70,35,35,10,5,0,0,253.0,223,85,76,19,7,59,251,1.11,.237
Oscar O Villarreal,HOU,1,3,5.02,35,0,0,0,0,1,37.2,42,25,21,12,2,17,21,1.57,.286
Bronson B Arroyo,CIN,15,11,4.77,34,34,1,0,0,0,200.0,219,116,106,29,6,68,163,1.44,.281
Mark M Buehrle,CWS,15,12,3.79,34,34,1,0,0,0,218.2,240,106,92,22,5,52,140,1.34,.281
Matt M Cain,SF,8,14,3.76,34,34,1,1,0,0,217.2,206,95,91,19,7,91,186,1.36,.251
Tom T Gordon,PHI,5,4,5.16,34,0,0,0,2,3,29.2,31,19,17,3,0,17,26,1.62,.256
Roy R Halladay,TOR,20,11,2.78,34,33,9,2,0,0,246.0,220,88,76,18,12,39,206,1.05,.237
Ubaldo U Jiménez Jimenez,COL,12,12,3.99,34,34,1,0,0,0,198.2,182,97,88,11,10,103,172,1.43,.245
Ted T Lilly,CHC,17,9,4.09,34,34,0,0,0,0,204.2,187,96,93,32,7,64,184,1.23,.239
Tim T Lincecum,SF,18,5,2.62,34,33,2,1,0,0,227.0,182,72,66,11,6,84,265,1.17,.221
Derek D Lowe,LAD,14,11,3.24,34,34,1,0,0,0,211.0,194,84,76,14,1,45,147,1.13,.246
Sean S Marshall,CHC,3,5,3.86,34,7,0,0,1,2,65.1,60,28,28,9,4,23,58,1.27,.245
Gil G Meche,KC,14,11,3.98,34,34,0,0,0,0,210.1,204,98,93,19,0,73,183,1.32,.255
Mike M Mussina,NYY,20,9,3.37,34,34,0,0,0,0,200.1,214,85,75,17,8,31,150,1.22,.278
Ricky R Nolasco,FLA,15,8,3.52,34,32,1,1,0,0,212.1,192,88,83,28,6,42,186,1.10,.239
Oliver O Pérez Perez,NYM,10,7,4.22,34,34,0,0,0,0,194.0,167,100,91,24,11,105,180,1.40,.234
Johan J Santana,NYM,16,7,2.53,34,34,3,2,0,0,234.1,206,74,66,23,4,63,206,1.15,.232
Brandon B Webb,ARI,22,7,3.30,34,34,3,1,0,0,226.2,206,95,83,13,12,65,183,1.20,.242
Nick N Blackburn,MIN,11,11,4.05,33,33,0,0,0,0,193.1,224,102,87,23,7,39,96,1.36,.292
Joe J Blanton,PHI,9,12,4.69,33,33,0,0,0,0,197.2,211,110,103,22,4,66,111,1.40,.271
John J Danks,CWS,12,9,3.32,33,33,0,0,0,0,195.0,182,74,72,15,4,57,159,1.23,.246
Ryan R Dempster,CHC,17,6,2.96,33,33,1,0,0,0,206.2,174,75,68,14,7,76,187,1.21,.227
Gavin G Floyd,CWS,17,8,3.84,33,33,1,0,0,0,206.1,190,107,88,30,9,70,145,1.26,.241
Cole C Hamels,PHI,14,10,3.09,33,33,2,2,0,0,227.1,193,89,78,28,1,53,196,1.08,.227
Dan D Haren,ARI,16,8,3.33,33,33,1,1,0,0,216.0,204,86,80,19,6,40,206,1.13,.247
Jon J Lester,BOS,16,6,3.21,33,33,2,2,0,0,210.1,202,78,75,14,10,66,152,1.27,.256
Kyle K Lohse,STL,15,6,3.78,33,33,0,0,0,0,200.0,211,88,84,18,3,49,119,1.30,.272
Braden B Looper,STL,12,14,4.16,33,33,1,1,0,0,199.0,216,101,92,25,11,45,108,1.31,.279
Greg G Maddux,LAD,8,13,4.22,33,33,0,0,0,0,194.0,204,105,91,21,6,30,98,1.21,.272
Jamie J Moyer,PHI,16,7,3.71,33,33,0,0,0,0,196.1,199,85,81,20,11,62,123,1.33,.262
Edward E Mujica,CLE,3,2,6.75,33,0,0,0,0,2,38.2,46,29,29,5,1,10,27,1.45,.301
Scott S Olsen,FLA,8,11,4.20,33,33,0,0,0,0,201.2,195,106,94,30,3,69,113,1.31,.253
Andy A Pettitte,NYY,14,14,4.54,33,33,0,0,0,0,204.0,233,112,103,19,7,55,158,1.41,.290
Tim T Redding,WSH,10,11,4.95,33,33,1,0,0,0,182.0,195,110,100,27,7,65,120,1.43,.275
Billy B Sadler,SF,0,1,4.06,33,0,0,0,0,0,44.1,34,21,20,6,8,27,42,1.38,.215
James J Shields,TB,14,8,3.56,33,33,3,2,0,0,215.0,208,94,85,24,12,40,160,1.15,.254
Javier J Vazquez,CWS,12,16,4.67,33,33,1,0,0,0,208.1,214,113,108,25,6,61,200,1.32,.263
Justin J Verlander,DET,11,17,4.84,33,33,1,0,0,0,201.0,195,119,108,18,14,87,163,1.40,.254
Edinson E Vólquez Volquez,CIN,17,6,3.21,33,32,0,0,0,0,196.0,167,82,70,14,14,93,206,1.33,.232
Randy R Wolf,HOU,12,12,4.30,33,33,1,1,0,0,190.1,191,100,91,21,12,71,162,1.38,.263
Cha Seung C Baek,SD,6,10,4.79,32,21,0,0,0,0,141.0,146,78,75,18,3,43,92,1.34,.268
Brian B Bannister,KC,9,16,5.76,32,32,1,0,0,0,182.2,215,127,117,29,7,58,113,1.49,.294
T. J. T Beam,PIT,2,2,4.14,32,0,0,0,1,1,45.2,43,21,21,6,2,20,24,1.38,.251
Brian B Bruney,NYY,3,0,1.83,32,1,0,0,1,2,34.1,18,7,7,2,1,16,33,0.99,.153
Aaron A Cook,COL,16,9,3.96,32,32,2,1,0,0,211.1,236,102,93,13,4,48,96,1.34,.287
R. A. R Dickey,SEA,5,8,5.21,32,14,0,0,0,0,112.1,124,65,65,15,2,51,58,1.56,.284
Jon J Garland,LAA,14,8,4.90,32,32,1,0,0,0,196.2,237,116,107,23,8,59,90,1.51,.303
Zack Z Greinke,KC,13,10,3.47,32,32,1,0,0,0,202.1,202,87,78,21,4,56,183,1.28,.257
Clay C Hensley,SD,1,2,5.31,32,1,0,0,0,1,39.0,36,27,23,2,1,25,26,1.56,.252
Edwin E Jackson,TB,14,11,4.42,32,31,0,0,0,1,183.1,199,91,90,23,2,77,108,1.51,.281
Roy R Oswalt,HOU,17,10,3.54,32,32,3,2,0,0,208.2,199,89,82,23,10,47,165,1.18,.253
Manny M Parra,MIL,10,8,4.39,32,29,0,0,0,0,166.0,181,91,81,18,2,75,147,1.54,.278
Mike M Pelfrey,NYM,13,11,3.72,32,32,2,0,0,0,200.2,209,86,83,12,13,64,110,1.36,.276
Horacio H Ramirez,CWS,1,4,4.34,32,0,0,0,0,0,37.1,45,20,18,1,2,9,13,1.45,.294
Nate N Robertson,DET,7,11,6.35,32,28,0,0,0,0,168.2,218,124,119,26,2,62,108,1.66,.315
Ervin E Santana,LAA,16,7,3.49,32,32,2,1,0,0,219.0,198,89,85,23,8,47,214,1.12,.237
Greg G Smith,OAK,7,16,4.16,32,32,2,0,0,0,190.1,169,92,88,21,3,87,111,1.35,.243
Andy A Sonnanstine,TB,13,9,4.38,32,32,1,1,0,0,193.1,212,105,94,21,5,37,124,1.29,.277
Ramon R Troncoso,LAD,1,1,4.26,32,0,0,0,0,0,38.0,37,19,18,2,3,12,38,1.29,.268
Todd T Wellemeyer,STL,13,9,3.71,32,32,0,0,0,0,191.2,178,84,79,25,7,62,134,1.25,.245
Barry B Zito,SF,10,17,5.15,32,32,0,0,0,0,180.0,186,115,103,16,4,102,120,1.60,.270
Brandon B Backe,HOU,9,14,6.05,31,31,0,0,0,0,166.2,202,114,112,36,4,77,127,1.67,.302
Andrew A Brown,OAK,1,0,3.09,31,0,0,0,0,1,35.0,23,13,12,3,1,21,28,1.26,.187
Brian B Burres,BAL,7,10,6.04,31,22,0,0,0,1,129.2,165,90,87,17,6,50,63,1.66,.311
Dave D Bush,MIL,9,10,4.18,31,29,0,0,0,0,185.0,163,92,86,29,10,48,109,1.14,.234
D. J. D Carrasco,CWS,1,0,3.96,31,0,0,0,0,1,38.2,30,17,17,2,5,14,30,1.14,.219
Johnny J Cueto,CIN,9,14,4.81,31,31,0,0,0,0,174.0,178,101,93,29,14,68,158,1.41,.264
Zach Z Duke,PIT,5,14,4.82,31,31,1,1,0,0,185.0,230,111,99,19,7,47,87,1.50,.304
Casey C Fossum,DET,3,1,5.66,31,0,0,0,0,1,41.1,44,26,26,4,3,18,28,1.50,.278
Keith K Foulke,OAK,0,3,4.06,31,0,0,0,1,2,31.0,28,14,14,7,1,13,23,1.32,.241
Livan L Hernandez,COL,13,11,6.05,31,31,2,0,0,0,180.0,257,129,121,25,2,43,67,1.67,.342
Felix F Hernández Hernandez,SEA,9,11,3.45,31,31,2,0,0,0,200.2,198,85,77,17,8,80,175,1.39,.261
Cesar C Jimenez,SEA,0,2,3.41,31,2,0,0,0,4,34.1,32,13,13,2,1,13,26,1.31,.258
Jair J Jurrjens,ATL,13,10,3.68,31,31,0,0,0,0,188.1,188,87,77,11,4,70,139,1.37,.260
Kyle K Kendrick,PHI,11,9,5.49,31,30,0,0,0,0,155.2,194,103,95,23,14,57,68,1.61,.304
Hiroki H Kuroda,LAD,9,10,3.73,31,31,2,2,0,0,183.1,181,85,76,13,7,42,116,1.22,.253
John J Lannan,WSH,9,15,3.91,31,31,0,0,0,0,182.0,172,89,79,23,7,72,117,1.34,.252
Brandon B League,TOR,1,2,2.18,31,0,0,0,1,1,33.0,28,9,8,2,3,15,23,1.30,.230
Cliff C Lee,CLE,22,3,2.54,31,31,4,2,0,0,223.1,214,68,63,12,5,34,170,1.11,.253
Warner W Madrigal,TEX,0,2,4.75,31,1,0,0,1,3,36.0,36,22,19,4,0,14,22,1.39,.263
Paul P Maholm,PIT,9,9,3.71,31,31,1,0,0,0,206.1,201,89,85,21,9,63,139,1.28,.263
Brian B Moehler,HOU,11,8,4.56,31,26,0,0,0,0,150.0,166,79,76,20,4,36,82,1.35,.279
Joe J Saunders,LAA,17,7,3.41,31,31,1,0,0,0,198.0,187,82,75,21,6,53,103,1.21,.253
Ben B Sheets,MIL,13,9,3.09,31,31,5,3,0,0,198.1,181,74,68,17,1,47,158,1.15,.241
Ian I Snell,PIT,7,12,5.42,31,31,0,0,0,0,164.1,201,107,99,18,2,89,135,1.76,.304
Jeff J Suppan,MIL,10,10,4.96,31,31,0,0,0,0,177.2,207,110,98,30,4,67,90,1.54,.298
Yasuhiko Y Yabuta,KC,1,3,4.78,31,0,0,0,0,1,37.2,41,21,20,6,0,17,25,1.54,.275
Jason J Bergmann,WSH,2,11,5.09,30,22,1,0,0,0,139.2,153,94,79,25,1,47,96,1.43,.279
Paul P Byrd,BOS,11,12,4.60,30,30,1,0,0,0,180.0,204,96,92,31,7,34,82,1.32,.287
Daniel D Cabrera,BAL,8,10,5.25,30,30,2,0,0,0,180.0,199,109,105,24,18,90,95,1.61,.286
Armando A Galarraga,DET,13,7,3.73,30,28,0,0,0,1,178.2,152,83,74,28,6,61,126,1.19,.226
Matt M Garza,TB,11,9,3.70,30,30,3,2,0,0,184.2,170,83,76,19,6,59,128,1.24,.245
Jeremy J Guthrie,BAL,10,12,3.63,30,30,1,0,0,0,190.2,176,82,77,24,7,58,120,1.23,.242
Aaron A Harang,CIN,6,17,4.78,30,29,1,1,0,0,184.1,205,104,98,35,2,50,153,1.38,.284
Randy R Johnson,ARI,11,10,3.91,30,30,2,0,0,0,184.0,184,92,80,24,6,44,173,1.24,.260
Brett B Myers,PHI,10,13,4.55,30,30,2,1,0,0,190.0,197,103,96,29,6,65,163,1.38,.267
Darren D O' Day,LAA,0,1,4.57,30,0,0,0,0,0,43.1,49,24,22,2,4,14,29,1.45,.283
Ross R Ohlendorf,PIT,1,4,6.46,30,5,0,0,0,0,62.2,86,49,45,10,1,31,49,1.87,.323
Odalis O Perez,WSH,7,12,4.34,30,30,0,0,0,0,159.2,182,87,77,22,8,55,119,1.48,.287
Kenny K Rogers,DET,9,13,5.70,30,30,0,0,0,0,173.2,212,118,110,22,9,71,82,1.63,.309
Mitch M Stetter,MIL,3,1,3.20,30,0,0,0,0,1,25.1,14,9,9,2,4,19,31,1.30,.165
Tim T Wakefield,BOS,10,11,4.13,30,30,1,0,0,0,181.0,154,89,83,25,13,60,117,1.18,.228
Jered J Weaver,LAA,11,10,4.33,30,30,0,0,0,0,176.2,173,88,85,20,6,54,152,1.28,.254
Carlos C Zambrano,CHC,14,6,3.91,30,30,1,1,0,0,188.2,172,85,82,18,6,72,130,1.29,.241
Randor R Bierd,BAL,0,2,4.91,29,0,0,0,0,0,36.2,48,21,20,3,3,19,25,1.83,.316
Dana D Eveland,OAK,9,9,4.34,29,29,1,0,0,0,168.0,172,82,81,10,12,77,118,1.48,.269
Jesse J Litsch,TOR,13,9,3.58,29,28,2,2,0,0,176.0,178,79,70,20,8,39,99,1.23,.261
Jason J Marquis,CHC,11,9,4.53,29,28,0,0,0,0,167.0,172,87,84,15,8,70,91,1.45,.267
Daisuke D Matsuzaka,BOS,18,3,2.90,29,29,0,0,0,0,167.2,128,58,54,12,7,94,154,1.32,.211
Andrew A Miller,FLA,6,10,5.87,29,20,0,0,0,0,107.1,120,78,70,7,4,56,89,1.64,.289
Kevin K Millwood,TEX,9,10,5.07,29,29,3,0,0,0,168.2,220,104,95,18,6,49,125,1.59,.312
Vicente V Padilla,TEX,14,8,4.74,29,29,1,1,0,0,171.0,185,100,90,26,15,65,127,1.46,.275
Sergio S Romo,SF,3,1,2.12,29,0,0,0,0,0,34.0,16,13,8,3,3,8,33,0.71,.138
Jonathan J Sánchez Sanchez,SF,9,12,5.01,29,29,0,0,0,0,158.0,154,90,88,14,7,75,157,1.45,.257
Robinson R Tejeda,KC,2,2,3.97,29,1,0,0,0,1,45.1,27,23,20,4,1,24,45,1.13,.171
Matt M Albers,BAL,3,3,3.49,28,3,0,0,0,2,49.0,43,21,19,4,2,22,26,1.33,.240
Scott S Baker,MIN,11,4,3.45,28,28,0,0,0,0,172.1,161,66,66,20,3,42,141,1.18,.247
Alberto A Castillo,BAL,1,0,3.81,28,0,0,0,0,1,26.0,27,11,11,3,7,10,23,1.42,.260
Jorge J De La Rosa,COL,10,8,4.92,28,23,0,0,0,0,130.0,128,77,71,13,7,62,128,1.46,.262
Scott S Feldman,TEX,6,8,5.29,28,25,0,0,0,0,151.1,161,103,89,22,10,56,74,1.43,.280
Wilfredo W Ledezma,ARI,0,2,4.17,28,6,0,0,0,0,58.1,51,29,27,4,3,41,53,1.58,.238
Carlos C Silva,SEA,4,15,6.46,28,28,1,0,0,0,153.1,213,114,110,20,4,32,69,1.60,.331
Jarrod J Washburn,SEA,5,14,4.69,28,26,1,0,1,1,153.2,174,87,80,19,7,50,87,1.46,.287
Josh J Beckett,BOS,12,10,4.03,27,27,1,0,0,0,174.1,173,80,78,18,9,34,172,1.19,.256
Vinnie V Chulk,SF,0,3,4.83,27,0,0,0,0,2,31.2,33,18,17,6,2,8,16,1.29,.260
Jorge J Julio,ATL,3,0,3.60,27,0,0,0,0,1,30.0,27,12,12,3,1,19,34,1.53,.245
Scott S Kazmir,TB,12,8,3.49,27,27,0,0,0,0,152.1,123,61,59,23,4,70,166,1.27,.220
Jake J Peavy,SD,10,11,2.85,27,27,1,0,0,0,173.2,146,57,55,17,5,59,166,1.18,.229
Leo L Rosales,ARI,1,1,4.20,27,0,0,0,0,1,30.0,32,15,14,2,1,15,18,1.57,.271
Kevin K Slowey,MIN,12,11,3.99,27,27,3,2,0,0,160.1,161,74,71,22,4,24,123,1.15,.260
Dave D Borkowski,HOU,0,2,7.50,26,0,0,0,0,1,36.0,54,30,30,9,1,14,24,1.89,.348
Todd T Coffey,MIL,1,0,4.39,26,0,0,0,0,0,26.2,31,13,13,4,1,8,15,1.46,.298
Doug D Davis,ARI,6,8,4.32,26,26,0,0,0,0,146.0,160,76,70,13,4,64,112,1.53,.282
Jon J Lieber,CHC,2,3,4.05,26,1,0,0,0,1,46.2,59,24,21,10,2,6,27,1.39,.306
Garrett G Mock,WSH,1,3,4.17,26,3,0,0,0,0,41.0,37,20,19,4,0,23,46,1.46,.239
Garrett G Olson,BAL,9,10,6.65,26,26,0,0,0,0,132.2,168,100,98,17,8,62,83,1.73,.309
Glen G Perkins,MIN,12,4,4.41,26,26,0,0,0,0,151.0,183,81,74,25,3,39,74,1.47,.301
Joel J Pineiro,STL,7,7,5.15,26,25,0,0,1,1,148.2,180,89,85,22,2,35,81,1.45,.301
Al A Reyes,TB,2,2,4.37,26,0,0,0,0,1,22.2,21,12,11,2,1,10,19,1.37,.253
Jeff J Samardzija,CHC,1,0,2.28,26,0,0,0,1,4,27.2,24,12,7,0,1,15,25,1.41,.226
Brad B Thompson,STL,6,3,5.15,26,6,0,0,0,1,64.2,72,38,37,5,3,19,32,1.41,.293
Kevin K Correia,SF,3,8,6.05,25,19,0,0,0,0,110.0,141,80,74,15,4,47,66,1.71,.310
Brian B Falkenborg,SD,2,3,5.24,25,0,0,0,0,1,22.1,26,13,13,4,0,12,19,1.70,.295
Rich R Harden,CHC,10,2,2.07,25,25,0,0,0,0,148.0,96,38,34,11,3,61,181,1.06,.183
John J Maine,NYM,10,8,4.18,25,25,0,0,0,0,140.0,122,70,65,16,4,67,122,1.35,.234
Shaun S Marcum,TOR,9,7,3.39,25,25,0,0,0,0,151.1,126,60,57,21,8,50,123,1.16,.222
Luis L Mendoza,TEX,3,8,8.67,25,11,0,0,1,2,63.1,97,74,61,7,6,25,35,1.93,.343
Sidney S Ponson,NYY,8,5,5.04,25,24,1,0,0,0,135.2,170,89,76,14,7,48,58,1.61,.311
Clay C Rapada,DET,3,0,4.22,25,0,0,0,0,0,21.1,19,11,10,0,1,14,15,1.55,.244
David D Robertson,NYY,4,0,5.34,25,0,0,0,0,0,30.1,29,18,18,3,0,15,36,1.45,.257
Wandy W Rodriguez,HOU,9,7,3.54,25,25,0,0,0,0,137.1,136,65,54,14,5,44,131,1.31,.256
Taylor T Tankersley,FLA,0,1,8.15,25,0,0,0,0,2,17.2,22,16,16,6,1,8,13,1.70,.297
Joe J Thatcher,SD,0,4,8.42,25,0,0,0,0,3,25.2,42,25,24,4,0,13,17,2.14,.382
Kip K Wells,KC,1,3,6.21,25,2,0,0,0,0,37.2,39,29,26,4,2,30,31,1.83,.277
Jeff J Francis,COL,4,10,5.01,24,24,0,0,0,0,143.2,164,84,80,21,3,49,94,1.48,.286
John J Lackey,LAA,12,5,3.75,24,24,3,0,0,0,163.1,161,71,68,26,10,40,130,1.23,.260
Darrell D Rasner,NYY,5,10,5.40,24,20,0,0,0,0,113.1,135,74,68,14,5,39,67,1.54,.293
Brian B Stokes,NYM,1,0,3.51,24,1,0,0,1,3,33.1,35,13,13,5,0,8,26,1.29,.280
Ehren E Wassermann,CWS,1,2,7.78,24,0,0,0,0,0,19.2,27,19,17,0,1,14,9,2.08,.333
Sean S Gallagher,OAK,5,7,5.15,23,21,0,0,0,0,115.1,118,73,66,13,6,58,103,1.53,.263
Tim T Hudson,ATL,11,7,3.17,23,22,1,1,0,0,142.0,125,53,50,11,2,40,85,1.16,.239
Vladimir V Nunez,ATL,1,2,3.86,23,0,0,0,0,0,32.2,32,14,14,0,1,19,24,1.56,.260
Jo- Jo J Reyes,ATL,3,11,5.81,23,22,0,0,0,0,113.0,134,77,73,18,3,52,78,1.65,.301
Fernando F Cabrera,BAL,2,1,5.40,22,0,0,0,0,1,28.1,32,18,17,9,0,17,31,1.73,.283
Justin J Duchscherer,OAK,10,8,2.54,22,22,1,1,0,0,141.2,107,45,40,11,8,34,95,1.00,.210
Josh J Fogg,CIN,2,7,7.58,22,14,0,0,0,0,78.1,97,69,66,17,6,27,45,1.58,.302
Roberto R Hernandez,CLE,8,7,5.44,22,22,1,1,0,0,120.2,126,80,73,7,9,70,58,1.62,.271
Luke L Hochevar,KC,6,12,5.51,22,22,0,0,0,0,129.0,143,84,79,12,5,47,72,1.47,.280
Clayton C Kershaw,LAD,5,5,4.26,22,21,0,0,0,0,107.2,109,51,51,11,1,52,100,1.50,.265
Micah M Owings,ARI,6,9,5.93,22,18,0,0,0,0,104.2,104,73,69,14,12,41,87,1.39,.256
Adam A Russell,CWS,4,0,5.19,22,0,0,0,0,0,26.0,30,15,15,1,2,10,22,1.54,.291
Jeremy J Sowers,CLE,4,9,5.58,22,22,0,0,0,0,121.0,141,84,75,18,3,39,64,1.49,.291
Brett B Tomko,SD,2,7,6.30,22,10,0,0,0,2,70.0,83,51,49,11,0,18,49,1.44,.290
Kyle K Davies,KC,9,7,4.06,21,21,0,0,0,0,113.0,121,57,51,10,2,43,71,1.45,.276
Phil P Dumatrait,PIT,3,4,5.26,21,11,0,0,0,0,78.2,82,48,46,7,2,42,52,1.58,.271
Adam A Eaton,PHI,4,8,5.80,21,19,0,0,0,0,107.0,131,71,69,15,6,44,57,1.64,.310
Tom T Gorzelanny,PIT,6,9,6.66,21,21,0,0,0,0,105.1,120,79,78,20,1,70,67,1.80,.293
Kevin K Hart,CHC,2,2,6.51,21,0,0,0,0,0,27.2,39,24,20,2,3,18,23,2.06,.325
Joel J Zumaya,DET,0,2,3.47,21,0,0,0,1,5,23.1,24,13,9,3,0,22,22,1.97,.264
Jose J Contreras,CWS,7,6,4.54,20,20,1,0,0,0,121.0,130,64,61,12,3,35,70,1.36,.272
Dan D Giese,NYY,1,3,3.53,20,3,0,0,0,0,43.1,39,22,17,3,1,14,29,1.22,.232
Pedro P Martinez,NYM,5,6,5.61,20,20,0,0,0,0,109.0,127,70,68,19,6,44,87,1.57,.294
Osiris O Matos,SF,1,2,4.79,20,0,0,0,0,1,20.2,26,17,11,3,1,9,16,1.69,.310
Dustin D Nippert,TEX,3,5,6.40,20,6,0,0,0,0,71.2,92,52,51,10,1,37,55,1.80,.308
Jorge J Sosa,NYM,4,1,7.06,20,0,0,0,0,0,21.2,30,23,17,4,0,11,12,1.89,.323
Adam A Wainwright,STL,11,3,3.20,20,20,1,0,0,0,132.0,122,51,47,12,3,34,91,1.18,.245
Brian B Wolfe,TOR,0,2,2.45,20,0,0,0,0,0,22.0,18,6,6,2,0,6,14,1.09,.234
Dallas D Braden,OAK,5,4,4.14,19,10,0,0,0,0,71.2,77,36,33,8,2,25,41,1.42,.284
Dustin D Mc Gowan,TOR,6,7,4.37,19,19,1,0,0,0,111.1,115,60,54,9,5,38,85,1.37,.273
Brad B Penny,LAD,6,9,6.27,19,17,0,0,0,0,94.2,112,68,66,13,3,42,51,1.63,.304
Yusmeiro Y Petit,ARI,3,5,4.31,19,8,0,0,0,0,56.1,45,29,27,12,1,14,42,1.05,.216
Billy B Traber,NYY,0,0,7.02,19,0,0,0,0,0,16.2,23,13,13,3,2,7,11,1.80,.324
Joe J Borowski,CLE,1,3,7.56,18,0,0,0,6,10,16.2,24,14,14,4,0,8,9,1.92,.333
Rocky R Cherry,BAL,0,3,6.35,18,0,0,0,1,3,17.0,15,15,12,3,1,16,15,1.82,.231
Brandon B Medders,ARI,1,0,4.58,18,0,0,0,0,1,19.2,17,11,10,2,2,11,8,1.42,.236
Carlos C Muniz,NYM,1,1,5.40,18,0,0,0,0,1,23.1,24,14,14,4,2,7,16,1.33,.267
Chris C Young,SD,7,6,3.96,18,18,1,0,0,0,102.1,84,46,45,13,1,48,93,1.29,.221
Josh J Banks,SD,3,6,4.75,17,14,1,0,0,0,85.1,94,47,45,12,3,32,43,1.48,.289
Franklyn F German,TEX,1,3,2.08,17,0,0,0,0,1,21.2,18,5,5,0,0,13,15,1.43,.243
Edgar E Gonzalez,ARI,1,3,6.00,17,6,0,0,0,0,48.0,58,34,32,8,3,21,32,1.65,.302
Brad B Hennessey,SF,1,2,7.81,17,4,1,0,0,1,40.1,63,35,35,8,1,15,21,1.93,.358
Radhames R Liz,BAL,6,6,6.72,17,17,0,0,0,0,84.1,99,67,63,16,3,51,57,1.78,.296
Merkin M Valdez,SF,1,0,1.69,17,1,0,0,0,0,16.0,14,5,3,1,2,7,13,1.31,.237
Jeremy J Accardo,TOR,0,3,6.57,16,0,0,0,4,6,12.1,15,10,9,1,1,4,5,1.54,.300
Clay C Buchholz,BOS,2,9,6.75,16,15,1,0,0,0,76.0,93,63,57,11,2,41,72,1.76,.299
Nelson N Figueroa,NYM,3,3,4.57,16,6,0,0,0,1,45.1,48,26,23,3,2,26,36,1.63,.267
Jason J Johnson,LAD,1,2,5.22,16,2,0,0,0,0,29.1,32,19,17,5,2,12,20,1.50,.278
Bobby B Korecky,MIN,2,0,4.58,16,0,0,0,0,0,17.2,19,9,9,2,0,8,6,1.53,.288
Aaron A Laffey,CLE,5,7,4.23,16,16,0,0,0,0,93.2,103,52,44,10,9,31,43,1.43,.281
Mike M Mac Dougal,CWS,0,0,2.12,16,0,0,0,0,0,17.0,16,4,4,0,2,12,12,1.65,.250
Charlie C Morton,ATL,4,8,6.15,16,15,0,0,0,0,74.2,80,56,51,9,2,41,48,1.62,.273
Chris C Resop,ATL,0,1,5.89,16,0,0,0,0,0,18.1,16,12,12,2,2,10,13,1.42,.239
Anthony A Reyes,CLE,4,2,2.76,16,6,0,0,1,1,49.0,47,15,15,4,1,15,25,1.27,.253
Max M Scherzer,ARI,0,4,3.05,16,7,0,0,0,0,56.0,48,24,19,5,5,21,66,1.23,.234
Alberto A Arias,HOU,1,1,4.15,15,2,0,0,0,0,21.2,23,10,10,1,2,10,13,1.52,.277
Collin C Balester,WSH,3,7,5.51,15,15,0,0,0,0,80.0,92,53,49,12,6,28,50,1.50,.288
Erik E Bedard,SEA,6,4,3.67,15,15,0,0,0,0,81.0,70,38,33,9,4,37,72,1.32,.231
Chris C Britton,NYY,0,0,5.09,15,0,0,0,0,0,23.0,28,13,13,4,0,11,12,1.70,.301
Shawn S Chacon,HOU,2,3,5.04,15,15,0,0,0,0,85.2,88,52,48,16,2,41,53,1.51,.270
Jesse J Chavez,PIT,0,1,6.60,15,0,0,0,0,2,15.0,20,11,11,2,0,9,16,1.93,.328
Mark M Di Felice,MIL,1,0,2.84,15,0,0,0,0,0,19.0,17,7,6,4,0,4,20,1.11,.230
Brendan B Donnelly,CLE,1,0,8.56,15,0,0,0,0,0,13.2,20,13,13,2,0,10,8,2.20,.357
Geno G Espineli,SF,2,0,5.06,15,0,0,0,0,0,16.0,17,10,9,5,0,8,8,1.56,.279
Matt M Harrison,TEX,9,3,5.49,15,15,1,1,0,0,83.2,100,57,51,12,2,31,42,1.57,.300
Kelvin K Jimenez,STL,0,0,5.63,15,0,0,0,0,0,24.0,28,15,15,5,1,15,11,1.79,.292
Kent K Mercker,CIN,1,0,3.29,15,0,0,0,0,0,13.2,13,5,5,1,0,8,6,1.54,.265
Pat P Misch,SF,0,3,5.68,15,7,0,0,0,0,52.1,56,34,33,11,3,15,38,1.36,.273
Pat P Neshek,MIN,0,1,4.73,15,0,0,0,0,2,13.1,12,7,7,2,0,4,15,1.20,.240
Chris C Volstad,FLA,6,4,2.88,15,14,0,0,0,0,84.1,76,30,27,3,5,36,52,1.33,.240
Chien- Ming C Wang,NYY,8,2,4.07,15,15,1,0,0,0,95.0,90,44,43,4,3,35,54,1.32,.249
Jake J Woods,SEA,0,0,6.16,15,0,0,0,0,1,19.0,22,13,13,5,1,11,9,1.74,.293
Jason J Bulger,LAA,0,0,7.31,14,0,0,0,0,0,16.0,15,13,13,3,2,9,20,1.50,.242
Jason J Davis,PIT,2,4,5.29,14,4,0,0,0,0,34.0,38,24,20,2,3,17,13,1.62,.299
Mike M Hinckley,WSH,0,0,0.00,14,0,0,0,0,0,13.2,8,1,0,0,1,3,9,0.80,.178
Josh J Johnson,FLA,7,1,3.61,14,14,1,0,0,0,87.1,91,36,35,7,1,27,77,1.35,.275
Francisco F Liriano,MIN,6,4,3.91,14,14,0,0,0,0,76.0,74,40,33,7,1,32,67,1.39,.254
Kameron K Loe,TEX,1,0,3.23,14,0,0,0,0,1,30.2,36,18,11,3,0,8,20,1.43,.288
Tom T Mastny,CLE,2,2,10.80,14,1,0,0,0,1,20.0,28,24,24,6,0,11,19,1.95,.318
Greg G Reynolds,COL,2,8,8.13,14,13,0,0,0,0,62.0,83,58,56,14,4,26,22,1.76,.322
Rafael R Soriano,ATL,0,1,2.57,14,0,0,0,3,4,14.0,7,5,4,1,1,9,16,1.14,.149
Burke B Badenhop,FLA,2,3,6.08,13,8,0,0,0,0,47.1,55,34,32,7,3,21,35,1.61,.289
John J Bale,KC,0,3,4.39,13,3,0,0,0,0,26.2,29,13,13,1,0,6,14,1.31,.293
Francisco F Cruceta,DET,0,3,5.40,13,0,0,0,0,2,11.2,13,8,7,2,0,10,11,1.97,.295
Tim T Dillard,MIL,0,0,4.40,13,0,0,0,0,0,14.1,17,12,7,2,0,6,5,1.60,.293
Tom T Glavine,ATL,2,4,5.54,13,13,0,0,0,0,63.1,67,40,39,11,1,37,37,1.64,.288
Mike M Hampton,ATL,3,4,4.85,13,13,0,0,0,0,78.0,83,45,42,10,1,28,38,1.42,.281
Randy R Messenger,SEA,0,0,3.55,13,0,0,0,1,1,12.2,16,5,5,1,1,5,7,1.66,.314
John J Parrish,TOR,1,1,4.04,13,6,0,0,0,0,42.1,47,19,19,5,0,15,21,1.46,.288
Clayton C Richard,CWS,2,5,6.04,13,8,0,0,0,0,47.2,61,37,32,5,0,13,29,1.55,.303
Marino M Salas,PIT,1,0,8.47,13,0,0,0,0,0,17.0,25,16,16,4,2,14,9,2.29,.357
Ryan R Tucker,FLA,2,3,8.27,13,6,0,0,0,1,37.0,46,34,34,8,2,23,28,1.86,.305
Jeremy J Bonderman,DET,3,4,4.29,12,12,0,0,0,0,71.1,75,39,34,9,3,36,44,1.56,.273
Phil P Coke,NYY,1,0,0.61,12,0,0,0,0,0,14.2,8,1,1,0,0,2,14,0.68,.160
Scott S Dohmann,TB,2,0,6.14,12,0,0,0,0,0,14.2,18,10,10,2,0,7,12,1.70,.310
Jeff J Fulchino,KC,0,1,9.00,12,0,0,0,0,0,14.0,21,15,14,2,1,8,12,2.07,.339
Kason K Gabbard,TEX,2,3,4.82,12,12,0,0,0,0,56.0,64,36,30,5,1,39,33,1.84,.292
Justin J Germano,SD,0,3,5.98,12,6,0,0,0,0,43.2,54,31,29,8,1,13,17,1.53,.305
Shawn S Hill,WSH,1,5,5.83,12,12,0,0,0,0,63.1,88,47,41,5,1,23,39,1.75,.331
Ray R King,WSH,0,0,5.68,12,0,0,0,0,1,6.1,9,4,4,1,1,4,1,2.05,.333
Wes W Littleton,TEX,0,0,6.00,12,0,0,0,0,1,18.0,18,12,12,1,3,8,14,1.44,.265
Dustin D Moseley,LAA,2,4,6.79,12,10,0,0,0,0,50.1,70,38,38,6,2,20,37,1.79,.332
Jason J Motte,STL,0,0,0.82,12,0,0,0,1,1,11.0,5,2,1,0,0,3,16,0.73,.139
Josh J Newman,KC,0,0,8.62,12,0,0,0,0,0,15.2,25,18,15,4,2,12,8,2.36,.362
Mike M Parisi,STL,0,4,8.22,12,2,0,0,0,0,23.0,37,24,21,2,0,15,13,2.26,.363
David D Purcey,TOR,3,6,5.54,12,12,1,0,0,0,65.0,67,41,40,9,4,29,58,1.48,.267
Brian B Sanches,WSH,2,0,7.36,12,0,0,0,0,1,11.0,16,10,9,2,1,5,10,1.91,.340
Chris C Smith,BOS,1,0,7.85,12,0,0,0,0,0,18.1,18,16,16,6,0,7,13,1.36,.261
Francis F Beltran,DET,1,0,4.85,11,0,0,0,0,0,13.0,13,7,7,3,0,6,9,1.46,.260
Matt M Chico,WSH,0,6,6.19,11,8,0,0,0,0,48.0,63,34,33,10,1,17,31,1.67,.323
Lenny L Di Nardo,OAK,1,2,7.43,11,2,0,0,0,0,23.0,31,20,19,3,2,13,12,1.91,.316
Marco M Estrada,WSH,0,0,7.82,11,0,0,0,0,1,12.2,17,13,11,4,2,5,10,1.74,.304
Zach Z Jackson,CLE,2,3,5.55,11,9,0,0,0,0,58.1,69,38,36,7,3,16,31,1.46,.294
Dan D Meyer,OAK,0,4,7.48,11,4,0,0,0,0,27.2,35,28,23,6,1,14,20,1.77,.304
Fernando F Nieve,HOU,0,1,8.44,11,0,0,0,0,1,10.2,17,10,10,2,0,2,12,1.78,.362
Claudio C Vargas,NYM,3,2,4.62,11,4,0,0,0,1,37.0,33,20,19,4,2,11,20,1.19,.244
Chris C Waters,BAL,3,5,5.01,11,11,1,1,0,0,64.2,70,38,36,9,3,29,33,1.53,.273
Chris C Bootcheck,LAA,0,1,10.13,10,0,0,0,0,0,16.0,30,18,18,2,0,12,14,2.63,.385
Micah M Bowie,COL,0,1,9.00,10,0,0,0,0,0,8.0,11,8,8,1,1,3,5,1.75,.333
Billy B Buckner,ARI,1,0,3.21,10,0,0,0,0,0,14.0,16,5,5,3,1,4,11,1.43,.296
Kevin K Cameron,SD,0,0,3.60,10,0,0,0,0,0,10.0,10,9,4,0,0,6,5,1.60,.263
Scott S Elbert,LAD,0,1,12.00,10,0,0,0,0,0,6.0,9,8,8,2,1,4,8,2.17,.346
Jaime J García Garcia,STL,1,1,5.63,10,1,0,0,0,0,16.0,14,10,10,4,1,8,8,1.38,.233
Gio G Gonzalez,OAK,1,4,7.68,10,7,0,0,0,0,34.0,32,34,29,9,3,25,34,1.68,.242
Carlos C Guevara,SD,1,0,5.84,10,0,0,0,0,0,12.1,13,9,8,2,0,9,11,1.78,.265
Dirk D Hayhurst,SD,0,2,9.72,10,3,0,0,0,0,16.2,27,18,18,2,0,10,14,2.22,.365
Ian I Kennedy,NYY,0,4,8.17,10,9,0,0,0,0,39.2,50,37,36,5,1,26,27,1.92,.309
Esteban E Loaiza,CWS,1,2,5.33,10,3,0,0,0,0,27.0,27,17,16,4,1,5,10,1.19,.252
Jose J Mijares,MIN,0,1,0.87,10,0,0,0,0,0,10.1,3,1,1,0,0,0,5,0.29,.088
Mark M Redman,COL,2,5,7.54,10,9,0,0,0,0,45.1,61,40,38,7,1,16,20,1.70,.324
Steven S Register,COL,0,0,9.00,10,0,0,0,0,0,10.0,13,10,10,4,0,6,8,1.90,.310
Jeff J Ridgway,ATL,1,0,3.72,10,0,0,0,0,1,9.2,7,4,4,3,1,1,8,0.83,.194
Anibal A Sánchez Sanchez,FLA,2,5,5.57,10,10,0,0,0,0,51.2,54,35,32,7,6,27,50,1.57,.267
Romulo R Sanchez,PIT,0,0,4.05,10,0,0,0,1,1,13.1,14,6,6,0,1,6,3,1.50,.292
Steve S Trachsel,BAL,2,5,8.39,10,8,0,0,0,0,39.2,53,41,37,10,1,27,16,2.02,.321
Greg G Aquino,BAL,0,0,12.54,9,0,0,0,0,0,9.1,17,13,13,1,2,9,9,2.79,.415
Jack J Cassel,HOU,1,1,5.64,9,3,0,0,0,0,30.1,38,21,19,5,1,8,14,1.52,.311
Shawn S Estes,SD,2,3,4.74,9,8,0,0,0,0,43.2,50,26,23,6,2,18,19,1.56,.284
Kevin K Jepsen,LAA,0,1,4.32,9,0,0,0,0,0,8.1,8,5,4,0,0,4,7,1.44,.250
Jeff J Karstens,PIT,2,6,4.03,9,9,1,1,0,0,51.1,56,32,23,7,0,13,23,1.34,.279
Evan E Meek,PIT,0,1,6.92,9,0,0,0,0,0,13.0,11,11,10,3,1,12,7,1.77,.239
Kam K Mickolio,BAL,0,1,5.87,9,0,0,0,0,1,7.2,8,5,5,0,0,4,8,1.57,.267
John J Van Benschoten,PIT,1,3,10.48,9,5,0,0,0,0,22.1,37,28,26,7,3,20,21,2.55,.366
Homer H Bailey,CIN,0,6,7.93,8,8,0,0,0,0,36.1,59,36,32,8,0,17,18,2.09,.378
Armando A Benitez,TOR,0,1,5.68,8,0,0,0,0,1,6.1,4,5,4,3,0,2,9,0.95,.167
Mitchell M Boggs,STL,3,2,7.41,8,6,0,0,0,0,34.0,42,29,28,5,2,22,13,1.88,.304
Mike M Ekstrom,SD,0,2,7.45,8,0,0,0,0,0,9.2,14,8,8,2,0,7,6,2.17,.350
Scott S Elarton,CLE,0,1,3.52,8,0,0,0,0,0,15.1,16,7,6,0,0,9,15,1.63,.262
Ryan R Feierabend,SEA,1,4,7.71,8,8,0,0,0,0,39.2,59,34,34,7,1,14,26,1.84,.355
J. A. J Happ,PHI,1,0,3.69,8,4,0,0,0,0,31.2,28,13,13,3,1,14,26,1.33,.233
Phil P Hughes,NYY,0,4,6.62,8,8,0,0,0,0,34.0,43,26,25,3,1,15,23,1.71,.314
Chris C Lambert,DET,1,2,5.66,8,3,0,0,0,0,20.2,31,18,13,3,2,7,15,1.84,.337
Doug D Mathis,TEX,2,1,6.85,8,4,0,0,0,0,22.1,37,20,17,3,0,14,9,2.28,.381
Bob B Mc Crory,BAL,0,0,15.63,8,0,0,0,0,0,6.1,10,12,11,0,0,8,5,2.84,.370
Jim J Miller,BAL,0,2,1.17,8,0,0,0,1,2,7.2,9,3,1,0,1,5,8,1.83,.290
Ricardo R Rincon,NYM,0,0,4.50,8,0,0,0,0,0,4.0,4,2,2,1,0,1,3,1.25,.267
Rich R Rundles,CLE,0,0,1.80,8,0,0,0,0,0,5.0,5,1,1,0,0,3,6,1.60,.263
Kirk K Saarloos,OAK,1,0,5.47,8,1,0,0,0,0,26.1,37,17,16,2,0,4,12,1.56,.330
Justin J Thomas,SEA,0,1,6.75,8,0,0,0,0,1,4.0,9,3,3,0,0,2,2,2.75,.474
Derrick D Turnbow,MIL,0,1,15.63,8,0,0,0,1,1,6.1,12,11,11,1,1,13,5,3.95,.414
Jared J Wells,SEA,0,0,8.64,8,0,0,0,0,0,8.1,11,8,8,2,0,7,5,2.16,.314
Bill B White,TEX,0,0,20.25,8,0,0,0,0,0,4.0,7,9,9,1,0,11,1,4.50,.368
Dontrelle D Willis,DET,0,2,9.38,8,7,0,0,0,0,24.0,18,25,25,4,1,35,18,2.21,.209
Matt M Wise,NYM,0,1,6.43,8,0,0,0,0,0,7.0,10,5,5,2,0,3,6,1.86,.323
Jonathan J Albaladejo,NYY,0,1,3.95,7,0,0,0,0,0,13.2,15,6,6,1,0,6,13,1.54,.294
Lance L Broadway,CWS,1,0,7.07,7,1,0,0,0,0,14.0,20,11,11,4,0,5,7,1.79,.328
Bartolo B Colon,BOS,4,2,3.92,7,7,0,0,0,0,39.0,44,23,17,5,2,10,27,1.38,.282
Brandon B Duckworth,KC,3,3,4.50,7,7,0,0,0,0,38.0,38,20,19,2,3,19,20,1.50,.266
Lee L Gardner,FLA,0,0,10.80,7,0,0,0,0,0,6.2,14,8,8,2,0,4,4,2.70,.424
Daniel D Herrera,CIN,0,0,7.36,7,0,0,0,0,0,7.1,10,7,6,1,2,3,8,1.77,.333
Chuck C James,ATL,2,5,9.10,7,7,0,0,0,0,29.2,36,30,30,10,3,20,22,1.89,.310
Josh J Kinney,STL,0,0,0.00,7,0,0,0,0,0,7.0,3,0,0,0,0,1,8,0.57,.125
Adam A Loewen,BAL,0,2,8.02,7,4,0,0,0,0,21.1,25,19,19,5,0,18,14,2.02,.305
Shane S Loux,LAA,0,0,2.81,7,0,0,0,0,0,16.0,16,6,5,1,2,2,4,1.13,.262
Peter P Moylan,ATL,0,1,1.59,7,0,0,0,1,2,5.2,5,1,1,1,1,1,5,1.06,.217
Eric E O' Flaherty,SEA,0,1,20.25,7,0,0,0,0,0,6.2,16,15,15,2,2,4,4,3.00,.457
Carl C Pavano,NYY,4,2,5.77,7,7,0,0,0,0,34.1,41,23,22,5,4,10,15,1.49,.306
Jailen J Peguero,ARI,0,0,4.82,7,0,0,0,0,0,9.1,9,6,5,0,1,4,5,1.39,.281
Levale L Speigner,WSH,0,1,11.25,7,0,0,0,0,0,8.0,13,10,10,1,2,6,1,2.38,.406
Eric E Stults,LAD,2,3,3.49,7,7,1,1,0,0,38.2,38,18,15,6,1,13,30,1.32,.252
Erick E Threets,SF,0,1,3.60,7,0,0,0,0,0,10.0,11,4,4,1,3,9,6,2.00,.297
Alfredo A Aceves,NYY,1,0,2.40,6,4,0,0,0,0,30.0,25,8,8,4,0,10,16,1.17,.227
Jose J Ascanio,CHC,0,0,7.94,6,0,0,0,0,0,5.2,8,5,5,1,1,4,3,2.12,.348
Matt M Belisle,CIN,1,4,7.28,6,6,0,0,0,0,29.2,47,27,24,4,0,6,14,1.79,.353
Kurt K Birkins,TB,0,0,0.90,6,0,0,0,0,0,10.0,5,1,1,0,0,5,7,1.00,.161
Chad C Cordero,WSH,0,0,2.08,6,0,0,0,0,0,4.1,6,1,1,0,0,3,5,2.08,.316
Frankie F De La Cruz,FLA,0,0,18.00,6,1,0,0,0,0,9.0,15,20,18,2,0,11,4,2.89,.375
Angel A Guzman,CHC,0,0,5.59,6,1,0,0,0,0,9.2,10,6,6,1,1,4,10,1.45,.256
Jason J Jennings,TEX,0,5,8.56,6,6,0,0,0,0,27.1,35,27,26,8,1,18,12,1.94,.307
Josh J Outman,OAK,1,2,4.56,6,4,0,0,0,0,25.2,34,14,13,1,2,8,19,1.64,.327
Bobby B Parnell,NYM,0,0,5.40,6,0,0,0,0,0,5.0,3,3,3,0,0,2,3,1.00,.176
Chad C Paronto,HOU,0,1,4.35,6,0,0,0,0,0,10.1,11,5,5,2,0,2,4,1.26,.289
David D Pauley,BOS,0,1,11.68,6,2,0,0,0,0,12.1,23,17,16,2,1,5,11,2.27,.383
Connor C Robertson,ARI,0,1,5.14,6,0,0,0,0,0,7.0,8,4,4,1,1,2,2,1.43,.286
John J Smoltz,ATL,3,2,2.57,6,5,0,0,0,1,28.0,25,8,8,2,0,8,36,1.18,.229
Phil P Stockman,ATL,0,0,0.00,6,0,0,0,0,0,7.1,2,0,0,0,1,4,9,0.82,.087
Les L Walrond,PHI,1,1,6.10,6,0,0,0,0,0,10.1,13,7,7,0,0,9,12,2.13,.342
Eddie E Bonine,DET,2,1,5.40,5,5,0,0,0,0,26.2,36,19,16,3,2,5,9,1.54,.333
Cedrick C Bowers,COL,0,0,13.50,5,0,0,0,0,0,6.2,11,10,10,2,1,5,5,2.40,.423
Kiko K Calero,OAK,0,0,3.86,5,0,0,0,0,0,4.2,3,3,2,0,0,3,7,1.29,.176
Josh J Geer,SD,2,1,2.67,5,5,0,0,0,0,27.0,29,8,8,2,0,9,16,1.41,.269
Jeff J Gray,OAK,0,0,7.71,5,0,0,0,0,0,4.2,8,4,4,1,1,1,4,1.93,.364
Yoslan Y Herrera,PIT,1,1,9.82,5,5,0,0,0,0,18.1,35,20,20,1,1,12,10,2.56,.427
Rich R Hill,CHC,1,0,4.12,5,5,0,0,0,0,19.2,13,9,9,2,1,18,15,1.58,.191
Philip P Humber,MIN,0,0,4.63,5,0,0,0,0,0,11.2,11,6,6,4,1,5,6,1.37,.250
Eric E Hurley,TEX,1,2,5.47,5,5,0,0,0,0,24.2,26,15,15,5,1,9,13,1.42,.268
Wade W Le Blanc,SD,1,3,8.02,5,4,0,0,0,0,21.1,29,19,19,7,0,15,14,2.06,.330
Devon D Lowery,KC,0,0,10.38,5,0,0,0,0,0,4.1,6,5,5,2,0,2,6,1.85,.316
Shairon S Martis,WSH,1,3,5.66,5,4,0,0,0,0,20.2,18,14,13,5,0,12,23,1.45,.228
Brandon B Mc Carthy,TEX,1,1,4.09,5,5,0,0,0,0,22.0,20,11,10,3,1,8,10,1.27,.244
Franklin F Morales,COL,1,2,6.39,5,5,0,0,0,0,25.1,28,18,18,2,1,17,9,1.78,.286
Matt M Morris,PIT,0,4,9.67,5,5,0,0,0,0,22.1,41,31,24,6,2,7,9,2.15,.390
Jeff J Niemann,TB,2,2,5.06,5,2,0,0,0,0,16.0,18,12,9,3,1,8,14,1.63,.277
Michael M O' Connor,WSH,1,1,13.00,5,1,0,0,0,1,9.0,11,13,13,3,0,11,4,2.44,.324
James J Parr,ATL,1,0,4.84,5,5,0,0,0,0,22.1,29,13,12,4,0,9,14,1.70,.315
David D Price,TB,0,0,1.93,5,1,0,0,0,0,14.0,9,4,3,1,1,4,12,0.93,.176
Ramon R Ramirez,CIN,1,1,2.67,5,4,0,0,0,0,27.0,17,8,8,3,1,11,21,1.04,.183
Scott S Richmond,TOR,1,3,4.00,5,5,1,1,0,0,27.0,32,12,12,2,2,2,20,1.26,.296
Josh J Roenicke,CIN,0,0,9.00,5,0,0,0,0,0,3.0,6,3,3,0,1,2,6,2.67,.400
Juan J Salas,TB,0,0,7.11,5,0,0,0,0,0,6.1,5,5,5,0,0,4,8,1.42,.217
Jake J Westbrook,CLE,1,2,3.12,5,5,1,0,0,0,34.2,33,13,12,5,1,7,19,1.15,.256
Jon J Adkins,CIN,1,0,2.45,4,0,0,0,0,0,3.2,4,1,1,1,0,3,3,1.91,.333
Rick R Bauer,CLE,0,0,13.50,4,0,0,0,0,0,6.0,10,9,9,1,0,3,4,2.17,.370
Ryan R Bukvich,BAL,0,0,6.75,4,0,0,0,0,0,5.1,9,4,4,2,0,6,5,2.81,.375
Chris C Carpenter,STL,0,1,1.76,4,3,0,0,0,0,15.1,16,5,3,0,0,4,7,1.30,.286
Elmer E Dessens,ATL,0,1,22.50,4,0,0,0,0,1,4.0,10,10,10,1,0,4,2,3.50,.500
Kazuo K Fukumori,TEX,0,0,20.25,4,0,0,0,0,0,4.0,11,9,9,2,0,4,1,3.75,.500
Yovani Y Gallardo,MIL,0,0,1.88,4,4,0,0,0,0,24.0,22,5,5,3,0,8,20,1.25,.256
Matt M Ginter,CLE,1,3,5.14,4,4,0,0,0,0,21.0,25,12,12,3,0,3,12,1.33,.301
Enrique E Gonzalez,SD,1,0,10.80,4,0,0,0,0,1,3.1,4,4,4,0,0,2,1,1.80,.308
Charlie C Haeger,SD,0,0,16.62,4,0,0,0,0,0,4.1,8,10,8,2,2,5,4,3.00,.381
Devern D Hansack,BOS,1,0,4.05,4,0,0,0,0,0,6.2,6,5,3,0,0,1,5,1.05,.250
Sean S Henn,SD,0,0,7.71,4,0,0,0,0,0,9.1,11,8,8,1,0,9,9,2.14,.297
Runelvys R Hernandez,HOU,0,3,8.38,4,4,0,0,0,0,19.1,32,19,18,4,0,11,15,2.22,.372
Jason J Hirsh,COL,0,0,8.31,4,1,0,0,0,0,8.2,15,10,8,3,0,4,6,2.19,.357
Brandon B Knight,NYM,1,0,5.25,4,2,0,0,0,0,12.0,14,7,7,0,2,7,10,1.75,.298
Eddie E Kunz,NYM,0,0,13.50,4,0,0,0,0,0,2.2,5,4,4,1,1,1,1,2.25,.455
Scott S Lewis,CLE,4,0,2.63,4,4,0,0,0,0,24.0,20,9,7,4,0,6,15,1.08,.222
James J Mc Donald,LAD,0,0,0.00,4,0,0,0,0,0,6.0,5,0,0,0,0,1,2,1.00,.227
Scott S Patterson,SD,0,0,1.93,4,0,0,0,0,0,4.2,2,1,1,0,0,6,7,1.71,.125
Chad C Reineke,SD,2,1,5.00,4,3,0,0,0,0,18.0,14,10,10,1,0,12,13,1.44,.219
Chris C Schroder,WSH,0,0,5.40,4,0,0,0,0,0,5.0,6,3,3,2,0,6,3,2.40,.300
Alfredo A Simon,BAL,0,0,6.23,4,1,0,0,0,0,13.0,16,10,9,4,2,2,8,1.38,.296
Rick R Van Den Hurk,FLA,1,1,7.71,4,4,0,0,0,0,14.0,20,12,12,1,2,10,20,2.14,.333
Randy R Wells,CHC,0,0,0.00,4,0,0,0,0,0,5.1,0,0,0,0,0,3,1,0.56,.000
Mark M Worrell,STL,0,1,7.94,4,0,0,0,0,0,5.2,8,5,5,1,0,4,4,2.12,.364
Nick N Adenhart,LAA,1,0,9.00,3,3,0,0,0,0,12.0,18,12,12,0,0,13,4,2.58,.360
Tony T Armas,NYM,1,0,7.56,3,1,0,0,0,0,8.1,11,7,7,2,0,1,6,1.44,.324
Jimmy J Barthmaier,PIT,0,2,10.45,3,3,0,0,0,0,10.1,16,12,12,3,0,8,6,2.32,.364
Yorman Y Bazardo,DET,0,0,24.00,3,0,0,0,0,0,3.0,7,8,8,0,0,5,3,4.00,.500
Bryan B Bullington,CLE,0,2,4.91,3,2,0,0,0,0,14.2,15,9,8,4,1,2,12,1.16,.268
Chad C Fox,CHC,0,1,5.40,3,0,0,0,0,0,3.1,2,2,2,1,0,3,1,1.50,.200
Freddy F Garcia,DET,1,1,4.20,3,3,0,0,0,0,15.0,11,8,7,3,1,6,12,1.13,.204
Brian B Gordon,TEX,0,0,2.25,3,0,0,0,0,0,4.0,4,1,1,0,0,0,1,1.00,.250
Fernando F Hernandez,OAK,1,0,18.00,3,0,0,0,0,0,3.0,4,6,6,0,1,5,2,3.00,.308
Tommy T Hunter,TEX,0,2,16.36,3,3,0,0,0,0,11.0,23,20,20,4,1,3,9,2.36,.404
Mark M Mulder,STL,0,0,10.80,3,1,0,0,0,1,1.2,4,2,2,0,1,2,2,3.60,.500
Jonathon J Niese,NYM,1,1,7.07,3,3,0,0,0,0,14.0,20,11,11,2,0,8,11,2.00,.333
Hideo H Nomo,KC,0,0,18.69,3,0,0,0,0,0,4.1,10,9,9,3,0,4,3,3.23,.455
Matt M Palmer,SF,0,2,8.53,3,3,0,0,0,0,12.2,17,13,12,1,2,13,3,2.37,.333
Adam A Pettyjohn,CIN,0,1,20.25,3,1,0,0,0,0,4.0,11,9,9,2,1,2,1,3.25,.478
Tanyon T Sturtze,LAD,0,0,0.00,3,0,0,0,0,0,2.1,1,0,0,0,0,1,1,0.86,.125
R. J. R Swindle,PHI,0,0,7.71,3,0,0,0,0,0,4.2,9,4,4,2,0,2,4,2.36,.409
Mitch M Talbot,TB,0,0,11.17,3,1,0,0,0,0,9.2,16,12,12,3,1,11,5,2.79,.381
Daryl D Thompson,CIN,0,2,6.91,3,3,0,0,0,0,14.1,20,11,11,3,1,7,6,1.88,.328
Yhency Y Brazoban,LAD,0,0,6.00,2,0,0,0,0,0,3.0,4,2,2,0,0,3,3,2.33,.308
Tyler T Clippard,WSH,1,1,4.35,2,2,0,0,0,0,10.1,12,5,5,2,0,7,8,1.84,.293
Valerio V De Los Santos,COL,0,1,5.63,2,2,0,0,0,0,8.0,6,5,5,1,0,11,10,2.13,.207
Matt M De Salvo,ATL,0,0,31.50,2,0,0,0,0,0,2.0,11,7,7,0,0,2,2,6.50,.688
Jesus J Delgado,FLA,0,0,4.50,2,0,0,0,0,0,2.0,1,1,1,0,0,3,0,2.00,.167
Kei K Igawa,NYY,0,1,13.50,2,1,0,0,0,0,4.0,13,6,6,0,0,0,0,3.25,.565
Jon J Meloan,CLE,0,0,0.00,2,0,0,0,0,0,2.0,0,0,0,0,0,1,2,0.50,.000
A. J. A Murray,TEX,1,0,3.52,2,2,0,0,0,0,7.2,12,4,3,0,0,3,5,1.96,.343
Carmen C Pignatiello,CHC,0,0,13.50,2,0,0,0,0,0,0.2,2,1,1,0,1,2,0,6.00,.500
Carlos C Rosa,KC,0,0,2.70,2,0,0,0,0,0,3.1,3,1,1,0,0,0,3,0.90,.250
Humberto H Sanchez,NYY,0,0,4.50,2,0,0,0,0,0,2.0,1,1,1,0,0,2,1,1.50,.167
Brian B Slocum,CLE,0,0,27.00,2,0,0,0,0,0,2.0,8,6,6,2,1,0,1,4.00,.615
Kyle K Snyder,BOS,0,0,21.60,2,0,0,0,0,1,1.2,2,4,4,1,0,2,1,2.40,.333
Rich R Thompson,LAA,0,0,22.50,2,0,0,0,0,0,2.0,4,5,5,0,0,2,1,3.00,.400
Michael M Bowden,BOS,1,0,3.60,1,1,0,0,0,0,5.0,7,2,2,0,0,1,3,1.60,.333
Francisley F Bueno,ATL,0,0,7.71,1,0,0,0,0,0,2.1,5,2,2,1,0,1,1,2.57,.417
Jamie J Burke,SEA,0,1,9.00,1,0,0,0,0,0,1.0,1,1,1,0,0,0,0,1.00,.333
Jose J Capellan,COL,0,0,4.50,1,0,0,0,0,0,2.0,3,1,1,0,0,0,2,1.50,.333
Drew D Carpenter,PHI,0,0,0.00,1,0,0,0,0,0,1.0,1,0,0,0,0,1,1,2.00,.333
Joselo J Diaz,TEX,0,0,0.00,1,0,0,0,0,0,1.0,1,1,0,0,1,1,2,2.00,.333
Aaron A Miles,STL,0,0,0.00,1,0,0,0,0,0,1.0,0,0,0,0,0,0,0,0.00,.000
Juan J Morillo,COL,0,0,0.00,1,0,0,0,0,0,1.0,1,0,0,0,0,0,0,1.00,.250
Neal N Musser,KC,0,0,0.00,1,0,0,0,0,0,1.0,0,0,0,0,0,1,0,1.00,.000
Tony T Pena,KC,0,0,0.00,1,0,0,0,0,0,1.0,0,0,0,0,0,0,1,0.00,.000
Elizardo E Ramirez,TEX,0,1,30.38,1,0,0,0,0,0,2.2,8,9,9,1,1,2,1,3.75,.500
Jae Kuk J Ryu,TB,0,0,0.00,1,0,0,0,0,0,1.1,0,0,0,0,0,1,1,0.75,.000
Alex A Serrano,LAA,0,0,0.00,1,0,0,0,0,0,1.0,1,0,0,0,0,0,1,1.00,.250
Ty T Taubenheim,PIT,0,0,3.00,1,1,0,0,0,0,6.0,7,2,2,0,0,3,4,1.67,.304
Charlie C Zink,BOS,0,0,16.62,1,1,0,0,0,0,4.1,11,8,8,0,0,1,1,2.77,.458
