PLAYER,TEAM,AB,R,H,2B,3B,HR,RBI,BB,SO,SB,CS,AVG,OBP,SLG,OPS
Alcides A Escobar S,KC,162,579,74,165,34,5,3,50,23,83,31,6,.285,.317,.377,.694
Freddie F Freeman,ATL,162,607,93,175,43,4,18,78,90,145,3,4,.288,.386,.461,.847
Evan E Longoria,TB,162,624,83,158,26,1,22,91,57,133,5,0,.253,.320,.404,.724
Hunter H Pence R,SF,162,650,106,180,29,10,20,74,52,130,13,6,.277,.332,.445,.776
Ian I Kinsler,DET,161,684,100,188,40,4,17,92,29,79,15,4,.275,.307,.420,.727
Casey C Mc Gehee,MIA,160,616,56,177,29,1,4,76,67,102,4,2,.287,.355,.357,.712
Miguel M Cabrera,DET,159,611,101,191,52,1,25,109,60,117,1,1,.313,.371,.524,.894
Nelson N Cruz D,BAL,159,613,87,166,32,2,40,108,55,140,4,5,.271,.333,.525,.859
Adrian A González,LAD,159,591,83,163,41,0,27,116,56,112,1,1,.276,.335,.482,.817
Adam A Jones C,BAL,159,644,88,181,30,2,29,96,19,133,7,1,.281,.311,.469,.780
Albert A Pujols,LAA,159,633,89,172,37,1,28,105,48,71,5,1,.272,.324,.466,.790
Kyle K Seager,SEA,159,590,71,158,27,4,25,96,52,118,7,5,.268,.334,.454,.788
Jose J Altuve,HOU,158,660,85,225,47,3,7,59,36,53,56,9,.341,.377,.453,.830
Matt M Carpenter,STL,158,595,99,162,33,2,8,59,95,111,5,3,.272,.375,.375,.750
Josh J Donaldson,OAK,158,608,93,155,31,2,29,98,76,130,8,0,.255,.342,.456,.798
Alexei A Ramirez S,CWS,158,622,82,170,35,2,15,74,24,81,21,4,.273,.305,.408,.713
Elvis E Andrus S,TEX,157,619,72,163,35,1,2,41,46,96,27,15,.263,.314,.333,.647
Robinson R Canó,SEA,157,595,77,187,37,2,14,82,61,68,10,3,.314,.382,.454,.836
Matt M Dominguez,HOU,157,564,51,121,17,0,16,57,29,125,0,1,.215,.256,.330,.586
Todd T Frazier,CIN,157,597,88,163,22,1,29,80,52,139,20,8,.273,.336,.459,.795
Howie H Kendrick,LAA,157,617,85,181,33,5,7,75,48,110,14,5,.293,.347,.397,.744
Jhonny J Peralta S,STL,157,560,61,147,38,0,21,75,58,112,3,2,.263,.336,.443,.779
Pablo P Sandoval,SF,157,588,68,164,26,3,16,73,39,85,0,0,.279,.324,.415,.739
Mike M Trout C,LAA,157,602,115,173,39,9,36,111,83,184,16,2,.287,.377,.561,.939
Erick E Aybar S,LAA,156,589,77,164,30,4,7,68,36,62,16,9,.278,.321,.379,.700
Michael M Brantley L,CLE,156,611,94,200,45,2,20,97,52,56,23,1,.327,.385,.506,.890
Brian B Dozier,MIN,156,598,112,145,33,1,23,71,89,129,21,7,.242,.345,.416,.762
Alex A Gordon L,KC,156,563,87,150,34,1,19,74,65,126,12,3,.266,.351,.432,.783
Matt M Holliday L,STL,156,574,83,156,37,0,20,90,74,100,4,1,.272,.370,.441,.811
Jose J Bautista R,TOR,155,553,101,158,27,0,35,103,104,96,6,2,.286,.403,.524,.928
Curtis C Granderson R,NYM,155,564,73,128,27,2,20,66,79,141,8,2,.227,.326,.388,.714
James J Loney,TB,155,600,59,174,27,0,9,69,41,80,4,0,.290,.336,.380,.716
Nick N Markakis R,BAL,155,642,81,177,27,1,14,50,62,84,4,2,.276,.342,.386,.728
Leonys L Martin C,TEX,155,533,68,146,13,7,7,40,39,114,31,12,.274,.325,.364,.689
Chase C Utley,PHI,155,589,74,159,36,6,11,78,53,85,10,1,.270,.339,.407,.746
Charlie C Blackmon,COL,154,593,82,171,27,3,19,72,31,96,28,10,.288,.335,.440,.775
Marlon M Byrd R,PHI,154,591,71,156,28,2,25,85,35,185,3,2,.264,.312,.445,.757
Ian I Desmond S,WSH,154,593,73,151,26,3,24,91,46,183,24,5,.255,.313,.430,.743
Austin A Jackson C,SEA,154,597,71,153,30,6,4,47,47,144,20,6,.256,.308,.347,.655
Justin J Upton L,ATL,154,566,77,153,34,2,29,102,60,171,8,4,.270,.342,.491,.833
Brandon B Crawford S,SF,153,491,54,121,20,10,10,69,59,129,5,3,.246,.324,.389,.713
Lucas L Duda,NYM,153,514,74,130,27,0,30,92,69,135,3,2,.253,.349,.481,.830
Ryan R Howard,PHI,153,569,65,127,18,1,23,95,67,190,0,0,.223,.310,.380,.690
Chris C Johnson,ATL,153,582,43,153,27,0,10,58,23,159,6,0,.263,.292,.361,.653
Jonathan J Lucroy,MIL,153,585,73,176,53,2,13,69,66,71,4,4,.301,.373,.465,.838
Marcell M Ozuna C,MIA,153,565,72,152,26,5,23,85,41,164,3,1,.269,.317,.455,.772
Anthony A Rendon,WSH,153,613,111,176,39,6,21,83,58,104,17,3,.287,.351,.473,.824
Yoenis Y Céspedes Cespedes L,BOS,152,600,89,156,36,6,22,100,35,128,7,2,.260,.301,.450,.751
Billy B Hamilton C,CIN,152,563,72,141,25,8,6,48,34,117,56,23,.250,.292,.355,.648
Carlos C Santana,CLE,152,541,68,125,25,0,27,85,113,124,5,2,.231,.365,.427,.792
Billy B Butler D,KC,151,549,57,149,32,0,9,66,41,96,0,0,.271,.323,.379,.702
Victor V Martinez D,DET,151,561,87,188,33,0,32,103,70,42,3,2,.335,.409,.565,.974
Ben B Revere C,PHI,151,601,71,184,13,7,2,28,13,49,49,8,.306,.325,.361,.686
Matt M Kemp R,LAD,150,541,77,155,38,3,25,89,52,145,8,5,.287,.346,.506,.852
Gerardo G Parra L,MIL,150,529,64,138,22,4,9,40,32,100,9,7,.261,.308,.369,.677
Salvador S Perez,KC,150,578,57,150,28,2,17,70,22,85,1,0,.260,.289,.403,.692
Jacoby J Ellsbury C,NYY,149,575,71,156,27,5,16,70,49,93,39,5,.271,.328,.419,.747
Jason J Heyward R,ATL,149,573,74,155,26,3,11,58,67,98,20,4,.271,.351,.384,.735
D J Le Mahieu,COL,149,494,59,132,15,5,5,42,33,97,10,10,.267,.315,.348,.663
Jordy J Mercer S,PIT,149,506,56,129,27,2,12,55,35,89,4,1,.255,.305,.387,.693
Luis L Valbuena,CHC,149,478,68,119,33,4,16,51,65,113,1,2,.249,.341,.435,.776
Alexi A Amarista S,SD,148,423,39,101,13,2,5,40,29,69,12,1,.239,.286,.314,.600
Adrian A Beltré,TEX,148,549,79,178,33,1,19,77,57,74,1,1,.324,.388,.492,.879
Nick N Castellanos,DET,148,533,50,138,31,4,11,66,36,140,2,2,.259,.306,.394,.700
Brett B Gardner L,NYY,148,555,87,142,25,8,17,58,56,134,21,5,.256,.327,.422,.749
Carlos C Gómez Gomez,MIL,148,574,95,163,34,4,23,73,47,141,34,12,.284,.356,.477,.834
Yasiel Y Puig R,LAD,148,558,92,165,37,9,16,69,67,124,11,7,.296,.382,.480,.863
Dee D Strange- Gordon,LAD,148,609,92,176,24,12,2,34,31,107,64,19,.289,.326,.378,.704
Zack Z Cozart S,CIN,147,506,48,112,18,5,4,38,25,79,7,0,.221,.268,.300,.568
Brandon B Moss,OAK,147,500,70,117,23,2,25,81,67,153,1,0,.234,.334,.438,.772
Buster B Posey,SF,147,547,72,170,28,2,22,89,47,69,0,1,.311,.364,.490,.854
Denard D Span C,WSH,147,610,94,184,39,8,5,37,50,65,31,7,.302,.355,.416,.771
Jayson J Werth R,WSH,147,534,85,156,37,1,16,82,83,113,9,1,.292,.394,.455,.849
Gregor G Blanco C,SF,146,393,51,102,18,6,5,38,41,77,16,5,.260,.333,.374,.707
Asdrubal A Cabrera,WSH,146,553,74,133,31,4,14,61,49,108,10,2,.241,.307,.387,.694
Adeiny A Hechavarria S,MIA,146,536,53,148,20,10,1,34,26,86,7,5,.276,.308,.356,.664
Garrett G Jones,MIA,146,496,59,122,33,2,15,53,46,116,0,1,.246,.309,.411,.720
Andrew A Mc Cutchen C,PIT,146,548,89,172,38,6,25,83,84,115,18,3,.314,.410,.542,.952
Jean J Segura S,MIL,146,513,61,126,14,6,5,31,28,70,20,9,.246,.289,.326,.614
Andrelton A Simmons S,ATL,146,540,44,132,18,4,7,46,32,60,4,5,.244,.286,.331,.617
Will W Venable C,SD,146,406,47,91,13,2,8,33,33,107,11,6,.224,.288,.325,.613
Ben B Zobrist,TB,146,570,83,155,34,3,10,52,75,84,10,5,.272,.354,.395,.749
Jose J Abreu,CWS,145,556,80,176,35,2,36,107,51,131,3,1,.317,.383,.581,.964
Chris C Carter D,HOU,145,507,68,115,21,1,37,88,56,182,5,2,.227,.308,.491,.799
Derek D Jeter S,NYY,145,581,47,149,19,1,4,50,35,87,10,2,.256,.304,.313,.617
Giancarlo G Stanton R,MIA,145,539,89,155,31,1,37,105,94,170,13,1,.288,.395,.555,.950
Dayan D Viciedo R,CWS,145,523,65,121,22,3,21,58,32,122,0,1,.231,.281,.405,.686
Xander X Bogaerts S,BOS,144,538,60,129,28,1,12,46,39,138,2,3,.240,.297,.362,.660
Domonic D Brown L,PHI,144,473,47,111,22,1,10,63,34,91,7,1,.235,.285,.349,.634
Khris K Davis L,MIL,144,501,70,122,37,2,22,69,32,122,4,1,.244,.299,.457,.756
Christian C Yelich L,MIA,144,582,94,165,30,6,9,54,70,137,21,7,.284,.362,.402,.764
Dustin D Ackley L,SEA,143,502,64,123,27,4,14,65,32,90,8,4,.245,.293,.398,.692
Ike I Davis,PIT,143,360,43,84,19,0,11,51,63,78,0,4,.233,.344,.378,.722
Josh J Harrison,PIT,143,520,77,164,38,7,13,52,22,81,18,7,.315,.347,.490,.837
Daniel D Murphy,NYM,143,596,79,172,37,2,9,57,39,86,13,5,.289,.332,.403,.734
Martin M Prado,NYY,143,536,62,151,26,4,12,58,26,80,3,1,.282,.321,.412,.733
Jose J Reyes S,TOR,143,610,94,175,33,4,9,51,38,73,30,2,.287,.328,.398,.726
Ichiro I Suzuki R,NYY,143,359,42,102,13,2,1,22,21,68,15,3,.284,.324,.340,.664
Matt M Adams,STL,142,527,55,152,34,5,15,68,26,114,3,2,.288,.321,.457,.779
Lonnie L Chisenhall,CLE,142,478,62,134,29,1,13,59,39,99,3,1,.280,.343,.427,.770
Alejandro A De Aza L,BAL,142,477,56,120,24,8,8,41,39,119,17,10,.252,.314,.386,.700
Torii T Hunter R,DET,142,549,71,157,33,2,17,83,23,89,4,3,.286,.319,.446,.765
David D Ortiz,BOS,142,518,59,136,27,0,35,104,75,95,0,0,.263,.355,.517,.873
J. J Hardy S,BAL,141,529,56,142,28,0,9,52,29,104,0,0,.268,.309,.372,.682
B. J. B Upton C,ATL,141,519,67,108,19,5,12,35,57,173,20,7,.208,.287,.333,.620
Jon J Jay C,STL,140,413,52,125,16,3,3,46,28,78,6,3,.303,.372,.378,.750
Matt M Joyce L,TB,140,418,51,106,23,2,9,52,62,111,2,5,.254,.349,.383,.732
Adam A La Roche,WSH,140,494,73,128,19,0,26,92,82,108,3,0,.259,.362,.455,.817
Brian B Mc Cann,NYY,140,495,57,115,15,1,23,75,32,77,0,0,.232,.286,.406,.692
Mike M Moustakas,KC,140,457,45,97,21,1,15,54,35,74,1,0,.212,.271,.361,.632
Anthony A Rizzo,CHC,140,524,89,150,28,1,32,78,73,116,5,4,.286,.386,.527,.913
Travis T Snider R,PIT,140,322,37,85,15,1,13,38,34,67,1,1,.264,.338,.438,.776
Melky M Cabrera L,TOR,139,568,81,171,35,3,16,73,43,67,6,2,.301,.351,.458,.808
Dioner D Navarro,TOR,139,481,40,132,22,0,12,69,32,76,3,0,.274,.317,.395,.712
Jimmy J Rollins S,PHI,138,538,78,131,22,4,17,55,64,100,28,6,.243,.323,.394,.718
Jay J Bruce R,CIN,137,493,71,107,21,1,18,66,44,149,12,3,.217,.281,.373,.654
Yunel Y Escobar S,TB,137,476,33,123,18,0,7,39,43,60,1,1,.258,.324,.340,.664
Scooter S Gennett,MIL,137,440,55,127,31,3,9,54,22,67,6,3,.289,.320,.434,.754
Jonathan J Schoop,BAL,137,455,48,95,18,0,16,45,13,122,2,0,.209,.244,.354,.598
Neil N Walker,PIT,137,512,74,139,25,3,23,76,45,88,2,2,.271,.342,.467,.809
Jed J Lowrie S,OAK,136,502,59,125,29,3,6,50,51,79,0,0,.249,.321,.355,.676
Miguel M Montero,ARI,136,489,40,119,23,0,13,72,56,97,0,4,.243,.329,.370,.699
Trevor T Plouffe,MIN,136,520,69,134,40,2,14,80,53,109,2,1,.258,.328,.423,.751
Seth S Smith L,SD,136,443,55,118,31,5,12,48,69,87,1,1,.266,.367,.440,.808
Ryan R Braun,MIL,135,530,68,141,30,6,19,81,41,113,11,5,.266,.324,.453,.777
Yan Y Gomes,CLE,135,485,61,135,25,3,21,74,24,120,0,0,.278,.313,.472,.785
Chase C Headley,NYY,135,470,55,114,20,1,13,49,51,122,7,3,.243,.328,.372,.700
Omar O Infante,KC,135,528,50,133,21,3,6,66,33,68,9,3,.252,.295,.337,.632
Starling S Marte L,PIT,135,495,73,144,29,6,13,56,33,131,30,11,.291,.356,.453,.808
Justin J Morneau,COL,135,502,62,160,32,3,17,82,34,60,0,3,.319,.364,.496,.860
Dustin D Pedroia,BOS,135,551,72,153,33,0,7,53,51,75,6,6,.278,.337,.376,.712
Starlin S Castro,CHC,134,528,58,154,33,1,14,65,35,100,4,4,.292,.339,.438,.777
Rajai R Davis L,DET,134,461,64,130,27,2,8,51,22,75,36,11,.282,.320,.401,.721
David D Freese,LAA,134,462,53,120,25,1,10,55,38,124,1,3,.260,.321,.383,.704
David D Wright,NYM,134,535,54,144,30,1,8,63,42,113,8,5,.269,.324,.374,.698
Lorenzo L Cain C,KC,133,471,55,142,29,4,5,53,24,108,28,5,.301,.339,.412,.750
Eduardo E Escobar S,MIN,133,433,52,119,35,2,6,37,24,93,1,1,.275,.315,.406,.721
Aaron A Hill,ARI,133,501,52,122,26,3,10,60,28,92,4,3,.244,.287,.367,.654
Aramis A Ramirez,MIL,133,494,47,141,23,1,15,66,21,75,3,0,.285,.330,.427,.757
Norichika N Aoki R,KC,132,491,63,140,22,6,1,43,43,49,17,8,.285,.349,.360,.710
Brandon B Barnes,COL,132,292,37,75,17,4,8,27,15,100,5,4,.257,.293,.425,.718
Drew D Stubbs C,COL,132,388,67,112,22,4,15,43,30,136,20,3,.289,.339,.482,.821
Corey C Dickerson L,COL,131,436,74,136,27,6,24,76,37,101,8,7,.312,.364,.567,.930
Adam A Dunn D,OAK,131,429,49,94,18,0,22,64,71,159,1,1,.219,.337,.415,.752
Eric E Hosmer,KC,131,503,54,136,35,1,9,58,35,93,4,2,.270,.318,.398,.716
Michael M Morse L,SF,131,438,48,122,32,3,16,61,31,121,0,0,.279,.336,.475,.811
Alex A Rios R,TEX,131,492,54,138,30,8,4,54,23,93,17,9,.280,.311,.398,.709
Yangervis Y Solarte,SD,131,469,56,122,19,1,10,48,53,58,0,1,.260,.336,.369,.705
Kurt K Suzuki,MIN,131,452,37,130,34,0,3,61,34,46,0,1,.288,.345,.383,.727
Mike M Zunino,SEA,131,438,51,87,20,2,22,60,17,158,0,3,.199,.254,.404,.658
Andre A Ethier C,LAD,130,341,29,85,17,6,4,42,31,74,2,2,.249,.322,.370,.691
Conor C Gillaspie,CWS,130,464,50,131,31,5,7,57,36,78,0,4,.282,.336,.416,.752
Mark M Reynolds,MIL,130,378,47,74,9,0,22,45,47,122,5,1,.196,.287,.394,.681
Jason J Kipnis,CLE,129,500,61,120,25,1,6,41,50,100,22,3,.240,.310,.330,.640
David D Murphy R,CLE,129,416,40,109,25,1,8,58,36,61,2,3,.262,.319,.385,.704
Edwin E Encarnación,TOR,128,477,75,128,27,2,34,98,62,82,2,0,.268,.354,.547,.901
Yasmani Y Grandal,SD,128,377,47,85,19,1,15,49,58,115,3,0,.225,.327,.401,.728
Hanley H Ramirez S,LAD,128,449,64,127,35,0,13,71,56,84,14,5,.283,.369,.448,.817
Gordon G Beckham,LAA,127,446,53,101,27,0,9,44,22,81,3,0,.226,.271,.348,.618
Jackie J Bradley C,BOS,127,384,45,76,19,2,1,30,31,121,8,0,.198,.265,.266,.531
Kole K Calhoun R,LAA,127,493,90,134,31,3,17,58,38,104,5,3,.272,.325,.450,.776
Alberto A Callaspo,OAK,127,404,37,90,15,0,4,39,40,50,0,1,.223,.290,.290,.580
Chris C Davis,BAL,127,450,65,88,16,0,26,72,60,173,2,1,.196,.300,.404,.704
Tyler T Flowers,CWS,127,407,42,98,16,1,15,50,25,159,0,1,.241,.297,.396,.693
Derek D Norris,OAK,127,385,46,104,19,1,10,55,54,86,2,2,.270,.361,.403,.763
Jason J Castro,HOU,126,465,43,103,21,2,14,56,34,151,1,0,.222,.286,.366,.651
Allen A Craig,BOS,126,461,41,99,20,1,8,46,35,113,2,1,.215,.279,.315,.594
Coco C Crisp,OAK,126,463,68,114,21,3,9,47,66,66,19,5,.246,.336,.363,.699
Chris C Coghlan L,CHC,125,385,50,109,28,5,9,41,39,81,7,4,.283,.352,.452,.804
Alex A Avila,DET,124,390,44,85,22,0,11,47,61,151,0,3,.218,.327,.359,.686
Shin- Soo S Choo L,TEX,123,455,58,110,19,1,13,40,58,131,3,4,.242,.340,.374,.714
Adam A Eaton C,CWS,123,486,76,146,26,10,1,35,43,83,15,9,.300,.362,.401,.763
Desmond D Jennings C,TB,123,479,64,117,30,2,10,36,47,108,15,6,.244,.319,.378,.697
J. D. J Martinez L,DET,123,441,57,139,30,3,23,76,30,126,6,3,.315,.358,.553,.912
Brad B Miller S,SEA,123,367,47,81,15,4,10,36,34,95,4,2,.221,.288,.365,.653
Gaby G Sanchez,PIT,123,262,31,60,18,1,7,33,23,58,2,0,.229,.293,.385,.679
Mark M Teixeira,NYY,123,440,56,95,14,0,22,62,58,109,1,1,.216,.313,.398,.711
Pedro P Álvarez,PIT,122,398,46,92,13,1,18,56,45,113,8,3,.231,.312,.405,.717
Nate N Schierholtz,WSH,122,353,32,69,11,4,7,37,20,84,4,5,.195,.243,.309,.552
Cody C Asche,PHI,121,397,43,100,25,0,10,46,33,102,0,1,.252,.309,.390,.699
Chris C Denorfia R,SEA,121,330,36,76,12,4,3,21,25,70,9,3,.230,.284,.318,.602
Lyle L Overbay,MIL,121,258,24,60,14,0,4,35,36,60,2,0,.233,.328,.333,.661
Brandon B Phillips,CIN,121,462,44,123,25,0,8,51,23,74,2,3,.266,.306,.372,.678
Rickie R Weeks Jr.,MIL,121,252,36,69,19,1,8,29,25,73,3,4,.274,.357,.452,.809
Jarrod J Dyson C,KC,120,260,33,70,4,4,1,24,22,52,36,7,.269,.324,.327,.651
Joe J Mauer,MIN,120,455,60,126,27,2,4,55,60,96,3,0,.277,.361,.371,.732
Peter P Bourjos C,STL,119,264,32,61,9,5,4,24,20,78,9,3,.231,.294,.348,.643
Chris C Heisey L,CIN,119,275,34,61,15,2,8,22,15,64,9,2,.222,.265,.378,.644
Mike M Napoli,BOS,119,415,49,103,20,0,17,55,78,133,3,2,.248,.370,.419,.789
Ruben R Tejada S,NYM,119,355,30,84,11,0,5,34,50,73,1,2,.237,.342,.310,.652
Ender E Inciarte C,ARI,118,418,54,116,18,2,4,27,25,53,19,3,.278,.318,.359,.677
Eric E Sogard,OAK,117,291,38,65,10,0,1,22,31,37,11,4,.223,.298,.268,.566
Dexter D Fowler C,HOU,116,434,61,120,21,4,8,35,66,108,11,4,.276,.375,.399,.774
Juan J Lagares C,NYM,116,416,46,117,24,3,4,47,20,87,13,4,.281,.321,.382,.703
Brayan B Peña,CIN,115,348,23,88,18,1,5,26,20,42,2,3,.253,.291,.353,.645
Danny D Espinosa,WSH,114,333,31,73,14,3,8,27,18,122,8,1,.219,.283,.351,.634
Devin D Mesoraco,CIN,114,384,54,105,25,0,25,80,41,103,1,3,.273,.359,.534,.893
Rougned R Odor,TEX,114,386,39,100,14,7,9,48,17,71,4,7,.259,.297,.402,.698
Jarrod J Saltalamacchia,MIA,114,373,43,82,20,0,11,44,55,143,0,1,.220,.320,.362,.682
Mike M Aviles,CLE,113,344,38,85,16,1,5,39,13,49,14,5,.247,.273,.343,.616
Sam S Fuld L,OAK,113,351,40,84,16,4,4,36,43,63,21,4,.239,.321,.342,.663
Reed R Johnson,MIA,113,187,24,44,15,0,2,25,1,37,0,1,.235,.266,.348,.614
Daniel D Nava R,BOS,113,363,41,98,21,0,4,37,33,81,4,2,.270,.346,.361,.706
Kolten K Wong,STL,113,402,52,100,14,3,12,42,21,71,20,4,.249,.292,.388,.680
Jonny J Gomes,OAK,112,273,28,64,8,0,6,37,35,88,0,0,.234,.327,.330,.657
David D Lough L,BAL,112,174,31,43,6,3,4,16,15,33,8,5,.247,.309,.385,.694
Ryan R Ludwick L,CIN,112,357,28,87,20,0,9,45,31,94,0,2,.244,.308,.375,.683
Grady G Sizemore L,PHI,112,347,35,81,19,4,5,27,33,76,6,1,.233,.299,.354,.654
Nolan N Arenado,COL,111,432,58,124,34,2,18,61,25,58,2,1,.287,.328,.500,.828
Jedd J Gyorko,SD,111,400,37,84,17,1,10,51,36,100,3,2,.210,.280,.333,.612
Russell R Martin,PIT,111,379,45,110,20,0,11,67,59,78,4,4,.290,.402,.430,.832
Donovan D Solano,MIA,111,310,26,78,11,1,3,28,19,61,1,2,.252,.300,.323,.623
Chris C Young L,NYY,111,325,40,72,20,0,11,38,32,70,8,3,.222,.299,.385,.683
Emilio E Bonifácio Bonifacio C,ATL,110,394,47,102,17,4,3,24,26,85,26,8,.259,.305,.345,.650
Welington W Castillo,CHC,110,380,28,90,19,0,13,46,26,102,0,0,.237,.296,.389,.686
Logan L Forsythe,TB,110,301,32,67,12,1,6,26,25,71,2,0,.223,.287,.329,.616
Yadier Y Molina,STL,110,404,40,114,21,0,7,38,28,55,1,1,.282,.333,.386,.720
Carlos C Ruiz,PHI,110,381,43,96,25,1,6,31,46,60,4,2,.252,.347,.370,.717
Carlos C Beltrán Beltran D,NYY,109,403,46,94,23,0,15,49,37,80,3,1,.233,.301,.402,.703
Paul P Goldschmidt,ARI,109,406,75,122,39,1,19,69,64,110,9,3,.300,.396,.542,.938
Josh J Reddick R,OAK,109,363,53,96,16,7,12,54,28,63,1,1,.264,.316,.446,.763
Justin J Turner,LAD,109,288,46,98,21,1,7,43,28,58,6,1,.340,.404,.493,.897
Evan E Gattis,ATL,108,369,41,97,17,1,22,52,22,97,0,0,.263,.317,.493,.810
Chris C Iannetta,LAA,108,306,41,77,22,0,7,43,54,91,3,0,.252,.373,.392,.765
James J Jones C,SEA,108,312,46,78,9,5,0,9,12,67,27,1,.250,.278,.311,.589
Kevin K Kiermaier R,TB,108,331,35,87,16,8,10,35,23,71,5,4,.263,.315,.450,.765
Junior J Lake L,CHC,108,308,30,65,10,3,9,25,14,110,7,3,.211,.246,.351,.597
Steve S Tolleson,TOR,108,170,21,43,7,2,3,16,12,49,3,1,.253,.308,.371,.679
Travis Td' Arnaudd' Arnaud,NYM,108,385,48,93,22,3,13,41,32,64,1,0,.242,.302,.416,.718
Joaquin J Arias,SF,107,193,18,49,9,0,0,15,8,23,1,0,.254,.281,.301,.581
Michael M Bourn C,CLE,106,444,57,114,17,10,3,28,35,114,10,6,.257,.314,.360,.674
Collin C Cowgill R,LAA,106,260,37,65,10,1,5,21,26,74,4,0,.250,.330,.354,.684
Juan J Francisco,TOR,106,287,40,63,16,2,16,43,27,116,0,2,.220,.291,.456,.747
Brock B Holt R,BOS,106,449,68,126,23,5,4,29,33,98,12,2,.281,.331,.381,.711
Kelly K Johnson,BAL,106,265,29,57,14,2,7,27,29,71,2,2,.215,.296,.362,.659
Wilin W Rosario,COL,106,382,46,102,25,0,13,54,23,70,1,0,.267,.305,.435,.739
Carl C Crawford L,LAD,105,343,56,103,14,3,8,46,16,55,23,6,.300,.339,.429,.767
Kevin K Frandsen,WSH,105,220,17,57,8,0,1,17,6,26,0,0,.259,.299,.309,.608
Josh J Rutledge S,COL,105,309,44,83,16,7,4,33,20,83,2,3,.269,.323,.405,.728
Daniel D Descalso,STL,104,161,20,39,11,0,0,10,20,33,1,3,.242,.333,.311,.644
Colby C Rasmus,TOR,104,346,45,78,21,1,18,40,29,124,4,0,.225,.287,.448,.735
Jordan J Schafer L,MIN,104,210,26,50,9,1,1,15,22,48,30,7,.238,.310,.305,.615
Oswaldo O Arcia R,MIN,103,372,46,86,16,3,20,57,31,127,1,2,.231,.300,.452,.752
Marwin M Gonzalez S,HOU,103,285,33,79,15,1,6,23,17,58,2,4,.277,.327,.400,.727
Robbie R Grossman L,HOU,103,360,42,84,14,2,6,37,55,105,9,3,.233,.337,.333,.670
Rene R Rivera,SD,103,294,27,74,18,1,11,44,27,76,0,0,.252,.319,.432,.751
Juan J Uribe,LAD,103,386,36,120,23,0,9,54,15,77,0,1,.311,.337,.440,.777
Ryan R Flaherty,BAL,102,281,33,62,15,1,7,32,22,68,1,0,.221,.288,.356,.644
Tommy T Medica,SD,102,240,31,56,11,2,9,27,14,75,6,1,.233,.286,.408,.694
Steve S Pearce,BAL,102,338,51,99,26,0,21,49,40,76,5,0,.293,.373,.556,.930
A. J. A Pierzynski,STL,102,338,25,85,12,1,5,37,14,54,0,1,.251,.288,.337,.625
Danny D Santana C,MIN,101,405,70,129,27,7,7,40,19,98,20,4,.319,.353,.472,.824
Ryan R Doumit,ATL,100,157,11,31,4,0,5,17,7,49,1,0,.197,.235,.318,.553
Bryce B Harper L,WSH,100,352,41,96,10,2,13,32,38,104,2,2,.273,.344,.423,.768
Eric E Young Jr. L,NYM,100,280,48,64,10,5,1,17,24,60,30,6,.229,.299,.311,.610
John J Jaso,OAK,99,307,42,81,18,3,9,40,28,60,2,0,.264,.337,.430,.767
Logan L Morrison,SEA,99,336,41,88,20,0,11,38,24,59,5,2,.262,.315,.420,.735
Kendrys K Morales D,SEA,98,367,28,80,20,0,8,42,27,68,0,0,.218,.274,.338,.612
Scott S Van Slyke L,LAD,98,212,32,63,13,1,11,29,28,71,4,2,.297,.386,.524,.910
Brandon B Guyer L,TB,97,259,37,69,15,1,3,26,16,52,6,1,.266,.334,.367,.701
Nick N Swisher,CLE,97,360,33,75,20,0,8,42,36,111,0,0,.208,.278,.331,.608
Adam A Lind,TOR,96,290,38,93,24,2,6,40,28,48,0,0,.321,.381,.479,.860
Angel A Pagán Pagan C,SF,96,383,56,115,21,2,3,27,25,53,16,6,.300,.342,.389,.731
Sean S Rodríguez Rodriguez,TB,96,237,30,50,13,3,12,41,10,66,2,1,.211,.258,.443,.701
Moises M Sierra R,CWS,96,161,22,37,8,2,2,9,8,43,3,1,.230,.265,.342,.606
Charlie C Culberson,COL,95,210,17,41,7,2,3,24,12,62,2,2,.195,.253,.290,.544
Don D Kelly,DET,95,163,24,40,5,1,0,7,20,29,6,1,.245,.332,.288,.620
Cameron C Maybin,SD,95,251,24,59,13,4,1,15,19,56,4,3,.235,.290,.331,.621
John J Mc Donald,LAA,95,76,4,13,2,0,0,5,7,18,1,1,.171,.256,.197,.453
Jon J Singleton,HOU,95,310,42,52,13,0,13,44,50,134,2,3,.168,.285,.335,.620
Darwin D Barney,LAD,94,237,24,57,11,2,3,23,17,34,1,0,.241,.300,.342,.642
Craig C Gentry,OAK,94,232,38,59,6,1,0,12,17,44,20,2,.254,.319,.289,.608
Anthony A Gose C,TOR,94,239,31,54,8,1,2,13,25,74,15,5,.226,.311,.293,.604
Andrew An Romine S,DET,94,251,30,57,6,0,2,12,18,60,12,2,.227,.279,.275,.554
Robinson R Chirinos,TEX,93,306,36,73,15,0,13,40,17,71,0,1,.239,.290,.415,.706
A. J. A Ellis,LAD,93,283,21,54,9,0,3,25,53,57,0,0,.191,.323,.254,.577
Tommy T La Stella,ATL,93,319,22,80,16,1,1,31,36,40,2,1,.251,.328,.317,.644
Josh J Willingham D,KC,92,297,48,64,10,1,14,40,53,102,2,0,.215,.346,.397,.744
Chris C Owings S,ARI,91,310,34,81,15,6,6,26,16,67,8,1,.261,.300,.406,.706
Brian B Roberts,NYY,91,317,40,75,16,4,5,21,28,53,7,4,.237,.300,.360,.659
Troy T Tulowitzki S,COL,91,315,71,107,18,1,21,52,50,57,1,1,.340,.432,.603,1.035
Jeff J Baker,MIA,90,208,27,55,10,4,3,28,13,51,1,0,.264,.307,.394,.701
Everth E Cabrera S,SD,90,357,36,83,13,1,3,20,20,86,18,8,.232,.272,.300,.572
Raul R Ibanez D,KC,90,246,23,41,8,3,5,26,33,59,3,2,.167,.264,.285,.549
Josh J Hamilton L,LAA,89,338,43,89,21,0,10,44,32,108,3,3,.263,.331,.414,.745
Mike M Olt,CHC,89,225,23,36,8,0,12,33,25,100,0,1,.160,.248,.356,.604
Gregory G Polanco R,PIT,89,277,50,65,9,0,7,33,30,59,14,5,.235,.307,.343,.650
Alex A Presley L,HOU,89,254,22,62,6,1,6,19,13,44,5,1,.244,.281,.346,.628
David D Peralta L,ARI,88,329,40,94,12,9,8,36,16,60,6,3,.286,.320,.450,.770
Wilson W Ramos,WSH,88,341,32,91,12,0,11,47,17,57,0,0,.267,.299,.399,.698
Mark M Trumbo,ARI,88,328,37,77,15,1,14,61,28,89,2,3,.235,.293,.415,.708
Wil W Myers R,TB,87,325,37,72,14,0,6,35,34,90,6,1,.222,.294,.320,.614
Chris C Parmelee R,MIN,87,250,27,64,11,0,7,28,17,64,0,3,.256,.307,.384,.691
Jonathan J Villar S,HOU,87,263,31,55,13,2,7,27,19,80,17,4,.209,.267,.354,.620
Michael M Choice L,TEX,86,253,20,46,6,1,9,36,21,69,1,0,.182,.250,.320,.570
Danny D Valencia,TOR,86,264,20,68,16,1,4,30,14,62,1,1,.258,.296,.371,.667
Eric E Campbell,NYM,85,190,16,50,9,0,3,16,17,55,3,0,.263,.322,.358,.680
Stephen S Drew,NYY,85,271,18,44,14,1,7,26,27,75,1,1,.162,.237,.299,.536
Miguel M Rojas S,LAD,85,149,16,27,3,0,1,9,10,28,0,0,.181,.242,.221,.464
Eugenio E Suárez Suarez S,DET,85,244,33,59,9,1,4,23,22,67,3,2,.242,.316,.336,.652
Yonder Y Alonso,SD,84,267,27,64,19,1,7,27,17,36,6,1,.240,.285,.397,.682
Ryan R Hanigan,TB,84,225,18,49,9,0,5,34,31,39,1,0,.218,.318,.324,.642
Stephen S Vogt,OAK,84,269,26,75,10,2,9,35,16,39,1,0,.279,.321,.431,.752
David D De Jesus,TB,83,238,24,59,15,2,6,19,30,43,0,3,.248,.344,.403,.748
Nick N Hundley,BAL,83,218,18,53,7,0,6,22,10,63,1,0,.243,.273,.358,.630
Cody C Ross L,ARI,83,202,15,51,8,0,2,15,15,44,0,0,.252,.306,.322,.628
Skip S Schumaker L,CIN,83,247,22,58,12,0,2,22,18,50,2,1,.235,.287,.308,.595
Delmon D Young,BAL,83,242,27,73,11,1,7,30,10,51,2,0,.302,.337,.442,.779
Caleb C Joseph,BAL,82,246,22,51,9,0,9,28,17,69,0,1,.207,.264,.354,.618
Munenori M Kawasaki,TOR,82,240,31,62,7,1,0,17,22,49,1,0,.258,.327,.296,.623
Manny M Machado,BAL,82,327,38,91,14,0,12,32,20,68,2,0,.278,.324,.431,.755
Paul P Konerko,CWS,81,208,15,43,8,0,5,22,10,51,0,0,.207,.254,.317,.572
Ramiro R Pena,ATL,81,147,9,36,6,0,3,9,13,38,1,0,.245,.304,.347,.651
Justin J Ruggiano R,CHC,81,224,29,63,13,1,6,28,18,70,2,4,.281,.337,.429,.766
Endy E Chavez R,SEA,80,232,22,64,12,2,2,23,15,30,5,2,.276,.317,.371,.688
Hank H Conger,LAA,80,231,24,51,12,0,4,25,22,57,0,2,.221,.293,.325,.618
Didi D Gregorius S,ARI,80,270,35,61,9,5,6,27,22,52,3,0,.226,.290,.363,.652
Tony A Gwynn Jr.,PHI,80,105,14,16,2,1,0,3,15,23,3,0,.152,.264,.190,.455
Jose J Molina,TB,80,225,4,40,2,0,0,10,14,55,3,0,.178,.230,.187,.417
Justin J Smoak,SEA,80,248,28,50,13,0,7,30,24,66,0,1,.202,.275,.339,.614
Jose J Tabata,PIT,80,174,14,49,5,2,0,17,7,26,1,2,.282,.314,.333,.647
Oscar O Taveras R,STL,80,234,18,56,8,0,3,22,12,37,0,1,.239,.278,.312,.590
C. J. C Cron D,LAA,79,242,28,62,12,1,11,37,10,61,0,0,.256,.289,.450,.739
Nate N Mc Louth,WSH,79,139,10,24,6,0,1,7,16,35,4,1,.173,.280,.237,.517
Bobby B Abreu,NYM,78,133,12,33,9,0,1,14,20,21,1,0,.248,.342,.338,.680
Wilmer W Flores S,NYM,78,259,28,65,13,1,6,29,12,31,1,0,.251,.286,.378,.664
John J Mayberry,TOR,78,146,15,31,10,0,7,23,20,35,0,0,.212,.310,.425,.734
Michael M Saunders R,SEA,78,231,38,63,11,3,8,34,26,59,4,5,.273,.341,.450,.791
George G Springer R,HOU,78,295,45,68,8,1,20,51,39,114,5,2,.231,.336,.468,.804
Ryan R Sweeney C,CHC,77,207,22,52,9,0,3,20,15,33,0,0,.251,.304,.338,.642
A J Pollock C,ARI,75,265,41,80,19,6,7,24,19,46,14,3,.302,.353,.498,.851
Ramon R Santiago,CIN,75,179,20,44,8,0,2,17,24,38,2,1,.246,.343,.324,.667
Tony T Watson,PIT,75,3,0,1,0,0,0,0,0,2,0,0,.333,.333,.333,.667
Ryan R Raburn D,CLE,74,195,18,39,7,0,4,22,13,51,0,0,.200,.250,.297,.547
Mark M Ellis,STL,73,178,15,32,6,0,0,12,14,38,4,1,.180,.253,.213,.466
Leury L García Garcia,CWS,73,145,13,24,3,0,1,6,5,48,11,1,.166,.192,.207,.399
Joe J Panik,SF,73,269,31,82,10,2,1,18,16,33,0,0,.305,.343,.368,.711
Nick N Punto,OAK,73,198,21,41,7,2,2,14,25,56,3,1,.207,.296,.293,.589
Tyler T Clippard,WSH,72,0,0,0,0,0,0,0,0,0,0,0,.000,.000,.000,.000
Eduardo E Núñez,MIN,72,204,26,51,7,4,4,24,5,31,9,3,.250,.271,.382,.654
Adam A Ottavino,COL,72,0,0,0,0,0,0,0,0,0,0,0,.000,.000,.000,.000
Stefen S Romero R,SEA,72,177,19,34,6,2,3,11,4,48,0,4,.192,.234,.299,.534
Will W Smith,MIL,72,0,0,0,0,0,0,0,0,0,0,0,.000,.000,.000,.000
Mike M Dunn,MIA,71,0,0,0,0,0,0,0,0,0,0,0,.000,.000,.000,.000
Jeurys J Familia,NYM,71,3,0,2,0,0,0,1,0,0,0,0,.667,.667,.667,1.333
Brandon B Hicks,SF,71,204,27,33,6,1,8,22,32,77,0,1,.162,.280,.319,.599
Arismendy A Alcántara Alcantara C,CHC,70,278,31,57,11,2,10,29,17,93,8,5,.205,.254,.367,.621
Rex R Brothers,COL,70,0,0,0,0,0,0,0,0,0,0,0,.000,.000,.000,.000
Carlos C González Gonzalez L,COL,70,260,35,62,15,1,11,38,19,70,3,0,.238,.292,.431,.723
Brett B Lawrie,TOR,70,259,27,64,9,0,12,38,16,49,0,0,.247,.301,.421,.722
Mark M Melancon,PIT,70,0,0,0,0,0,0,0,0,0,0,0,.000,.000,.000,.000
Daniel D Robertson L,TEX,70,177,23,48,9,1,0,21,17,28,6,4,.271,.333,.333,.667
Carlos C Torres,NYM,70,5,0,0,0,0,0,0,0,4,0,0,.000,.000,.000,.000
Justin J Grimm,CHC,69,2,0,0,0,0,0,0,0,2,0,0,.000,.000,.000,.000
Jesus J Guzman,HOU,69,165,10,31,4,0,2,9,19,52,3,0,.188,.272,.248,.520
Elian E Herrera R,MIL,69,135,14,37,7,1,0,5,3,36,4,1,.274,.288,.341,.628
Aaron A Hicks C,MIN,69,186,22,40,8,0,1,18,36,56,4,3,.215,.341,.274,.615
Ed E Lucas,MIA,69,179,19,45,5,0,1,9,8,48,1,0,.251,.283,.296,.580
Seth S Maness,STL,69,5,0,2,0,0,0,0,0,0,0,0,.400,.400,.400,.800
Jordan J Pacheco,ARI,69,153,10,39,10,1,0,16,9,27,0,0,.255,.299,.333,.632
John J Baker,CHC,68,182,9,35,7,0,0,15,19,58,0,0,.192,.273,.231,.504
Corey C Hart D,SEA,68,232,17,47,9,0,6,21,16,59,2,0,.203,.271,.319,.590
Jean J Machi,SF,68,1,0,0,0,0,0,0,0,0,0,0,.000,.000,.000,.000
Cliff C Pennington S,ARI,68,177,21,45,5,3,2,10,20,36,6,1,.254,.340,.350,.690
Jose J Ramírez Ramirez S,CLE,68,237,27,62,10,2,2,17,13,35,10,1,.262,.300,.346,.646
Trevor T Rosenthal,STL,68,1,0,0,0,0,0,0,0,1,0,0,.000,.000,.000,.000
Jake J Diekman,PHI,67,0,0,0,0,0,0,0,0,0,0,0,.000,.000,.000,.000
Zach Z Duke,MIL,67,1,0,0,0,0,0,0,0,1,0,0,.000,.000,.000,.000
Ryan R Goins,TOR,67,181,14,34,6,3,1,15,5,42,0,1,.188,.209,.271,.479
Marc M Krauss,HOU,67,186,16,36,6,0,6,21,21,54,0,0,.194,.279,.323,.601
Pat P Neshek,STL,67,0,0,0,0,0,0,0,0,0,0,0,.000,.000,.000,.000
Alfonso A Soriano R,NYY,67,226,22,50,15,0,6,23,6,71,1,0,.221,.244,.367,.611
Alex A Torres,SD,67,1,0,0,0,0,0,0,0,1,0,0,.000,.000,.000,.000
Justin J Wilson,PIT,67,1,0,0,0,0,0,0,0,1,0,0,.000,.000,.000,.000
Cesar C Hernández Hernandez,PHI,66,114,13,27,2,0,1,4,9,33,1,1,.237,.290,.281,.571
Jose J Lobatón Lobaton,WSH,66,214,18,50,9,0,2,12,15,61,0,0,.234,.287,.304,.591
Hector H Sánchez Sanchez,SF,66,163,8,32,8,0,3,28,8,55,0,1,.196,.237,.301,.538
Jake J Marisnick R,HOU,65,221,21,55,8,0,3,19,8,67,11,3,.249,.281,.326,.607
Oliver O Pérez Perez,ARI,65,0,0,0,0,0,0,0,0,0,0,0,.000,.000,.000,.000
Francisco F Rodríguez Rodriguez,MIL,65,0,0,0,0,0,0,0,0,0,0,0,.000,.000,.000,.000
Logan L Schafer,MIL,65,116,13,21,9,1,0,8,15,27,2,1,.181,.278,.276,.554
Dale D Thayer,SD,65,1,0,0,0,0,0,0,0,1,0,0,.000,.000,.000,.000
Matt M Belisle,COL,64,1,0,0,0,0,0,0,0,0,0,0,.000,.000,.000,.000
J. P. J Howell,LAD,64,0,0,0,0,0,0,0,0,0,0,0,.000,.000,.000,.000
Kenley K Jansen,LAD,64,1,0,0,0,0,0,0,0,1,0,0,.000,.000,.000,.000
Jeff J Mathis,MIA,64,175,12,35,7,0,2,12,15,64,0,0,.200,.263,.274,.537
Efren E Navarro,LAA,64,159,17,39,10,1,1,14,13,27,1,3,.245,.302,.340,.642
Jonathan J Papelbon,PHI,64,0,0,0,0,0,0,0,0,0,0,0,.000,.000,.000,.000
A J Ramos,MIA,64,0,0,0,0,0,0,0,0,0,0,0,.000,.000,.000,.000
Marcus M Semien,CWS,64,231,30,54,10,2,6,28,21,70,3,0,.234,.300,.372,.673
Brad B Ziegler,ARI,64,1,0,0,0,0,0,0,0,1,0,0,.000,.000,.000,.000
Will W Middlebrooks,BOS,63,215,14,41,10,0,2,19,15,70,1,1,.191,.256,.265,.522
Pedro P Strop,CHC,63,0,0,0,0,0,0,0,0,0,0,0,.000,.000,.000,.000
J. P. J Arencibia,TEX,62,203,20,36,9,0,10,35,10,62,0,0,.177,.239,.369,.608
Antonio A Bastardo,PHI,62,0,0,0,0,0,0,0,1,0,0,0,.000,1.000,.000,1.000
Jerry J Blevins,WSH,62,0,0,0,0,0,0,0,0,0,0,0,.000,.000,.000,.000
David D Carpenter,ATL,62,0,0,0,0,0,0,0,0,0,0,0,.000,.000,.000,.000
Steve S Cishek,MIA,62,0,0,0,0,0,0,0,0,0,0,0,.000,.000,.000,.000
Bryan B Holaday,DET,62,156,14,36,5,1,0,15,8,37,1,1,.231,.266,.276,.542
Travis T Ishikawa,SF,62,107,9,27,4,1,3,18,9,34,0,0,.252,.311,.393,.703
Javier J López Lopez,SF,62,0,0,0,0,0,0,0,0,0,0,0,.000,.000,.000,.000
Sergio S Romo,SF,62,0,0,0,0,0,0,0,0,0,0,0,.000,.000,.000,.000
James J Russell,ATL,62,2,0,0,0,0,0,0,0,0,0,0,.000,.000,.000,.000
Drew D Storen,WSH,62,0,0,0,0,0,0,0,0,0,0,0,.000,.000,.000,.000
Joey J Votto,CIN,62,220,32,56,16,0,6,23,47,49,1,1,.255,.390,.409,.799
Zach Z Walters D,CLE,62,127,16,23,3,0,10,17,9,48,0,0,.181,.241,.441,.682
Brandon B Belt,SF,61,214,30,52,8,0,12,27,18,64,3,1,.243,.306,.449,.755
Jonathan J Broxton,MIL,61,0,0,0,0,0,0,0,0,0,0,0,.000,.000,.000,.000
Drew D Butera,LAD,61,170,16,32,6,1,3,14,17,41,0,0,.188,.267,.288,.555
Scott S Hairston,WSH,61,77,6,16,4,0,1,8,4,26,0,0,.208,.253,.299,.552
Craig C Kimbrel,ATL,61,0,0,0,0,0,0,0,0,0,0,0,.000,.000,.000,.000
Kirk K Nieuwenhuis,NYM,61,112,16,29,14,1,3,16,16,39,4,0,.259,.346,.482,.828
Juan Carlos J Perez L,SF,61,100,13,17,7,0,1,3,5,25,0,1,.170,.224,.270,.494
Hector H Rondón Rondon,CHC,61,0,0,0,0,0,0,0,0,0,0,0,.000,.000,.000,.000
Ryan R Zimmerman L,WSH,61,214,26,60,19,1,5,38,22,37,0,0,.280,.342,.449,.790
Jared J Hughes,PIT,60,2,0,0,0,0,0,0,0,1,0,0,.000,.000,.000,.000
Brandon B Kintzler,MIL,60,0,0,0,0,0,0,0,0,0,0,0,.000,.000,.000,.000
Jenrry J Mejia,NYM,60,17,0,0,0,0,0,0,0,7,0,0,.000,.000,.000,.000
Addison A Reed,ARI,60,0,0,0,0,0,0,0,0,0,0,0,.000,.000,.000,.000
Rafael R Soriano,WSH,60,0,0,0,0,0,0,0,0,0,0,0,.000,.000,.000,.000
Jeremy J Affeldt,SF,59,0,0,0,0,0,0,0,0,0,0,0,.000,.000,.000,.000
Abraham A Almonte L,SD,59,204,19,47,10,1,3,15,12,60,4,3,.230,.275,.333,.609
Luis L Avilán Avilan,ATL,59,0,0,0,0,0,0,0,0,0,0,0,.000,.000,.000,.000
Mike M Carp,TEX,59,126,11,22,5,1,0,13,16,31,0,1,.175,.289,.230,.519
Chris C Colabello,MIN,59,205,17,47,13,0,6,39,14,66,0,2,.229,.282,.380,.662
Brandon B League,LAD,59,2,0,0,0,0,0,0,0,1,0,0,.000,.000,.000,.000
Nick N Vincent,SD,59,1,0,0,0,0,0,0,0,1,0,0,.000,.000,.000,.000
Sam S Le Cure,CIN,58,0,0,0,0,0,0,0,0,0,0,0,.000,.000,.000,.000
Anthony A Recker,NYM,58,174,18,35,9,0,7,27,10,64,1,1,.201,.246,.374,.620
Anthony A Varvaro,ATL,58,0,0,0,0,0,0,0,0,0,0,0,.000,.000,.000,.000
Brian B Wilson,LAD,58,0,0,0,0,0,0,0,0,0,0,0,.000,.000,.000,.000
Randy R Choate,STL,57,0,0,0,0,0,0,0,0,0,0,0,.000,.000,.000,.000
Tyler T Colvin L,SF,57,139,16,31,10,3,2,18,8,45,1,0,.223,.268,.381,.650
Juan J Gutierrez,SF,57,1,0,0,0,0,0,0,0,1,0,0,.000,.000,.000,.000
Ryan R Kalish,CHC,57,121,13,30,4,4,0,5,8,28,3,2,.248,.295,.347,.642
Michael M Mc Kenry,COL,57,168,23,53,9,0,8,22,22,42,0,3,.315,.398,.512,.910
Josmil J Pinto,MIN,57,169,25,37,8,0,7,18,24,50,0,1,.219,.315,.391,.705
Brian B Schlitter,CHC,57,1,0,1,0,0,0,0,0,0,0,0,1.000,1.000,1.000,2.000
Josh J Thole,TOR,57,133,11,33,4,0,0,7,14,25,0,3,.248,.320,.278,.598
Jordan J Walden,ATL,57,0,0,0,0,0,0,0,0,0,0,0,.000,.000,.000,.000
Adam A Rosales,TEX,56,164,20,43,7,0,4,19,13,42,4,2,.262,.328,.378,.706
Jamey J Wright,LAD,56,5,0,0,0,0,0,0,0,3,0,0,.000,.000,.000,.000
Carlos C Corporán Corporan,HOU,55,170,22,40,6,0,6,19,14,37,0,0,.235,.302,.376,.678
L. J. L Hoes,HOU,55,122,12,21,5,0,3,11,10,31,0,0,.172,.230,.287,.516
Christian C Vázquez Vazquez,BOS,55,175,15,42,9,0,1,20,19,33,0,0,.240,.308,.309,.617
La Troy L Hawkins,COL,54,1,0,0,0,0,0,0,0,1,0,0,.000,.000,.000,.000
Carlos C Martínez Martinez,STL,54,12,0,3,0,0,0,2,0,4,0,0,.250,.250,.250,.500
Bryan B Morris,MIA,54,1,0,0,0,0,0,0,0,1,0,0,.000,.000,.000,.000
Kevin K Quackenbush,SD,54,0,0,0,0,0,0,0,0,0,0,0,.000,.000,.000,.000
Ehire E Adrianza,SF,53,97,10,23,6,0,0,5,5,22,1,1,.237,.279,.299,.578
Roger R Bernadina,LAD,53,66,5,11,3,0,1,9,10,19,2,1,.167,.304,.258,.561
Aroldis A Chapman,CIN,53,0,0,0,0,0,0,0,0,0,0,0,.000,.000,.000,.000
Gerald G Laird,ATL,53,152,12,31,8,0,0,10,14,33,0,0,.204,.275,.257,.532
Kevin K Pillar L,TOR,53,116,19,31,9,0,2,7,4,28,1,2,.267,.295,.397,.692
Kennys K Vargas D,MIN,53,215,26,59,10,1,9,38,12,63,0,0,.274,.316,.456,.772
Wesley W Wright,CHC,53,0,0,0,0,0,0,0,0,0,0,0,.000,.000,.000,.000
Matthew Mden Dekkerden Dekker L,NYM,53,152,23,38,11,0,0,7,21,34,7,4,.250,.345,.322,.667
Javier J Báez Baez S,CHC,52,213,25,36,6,0,9,20,15,95,5,1,.169,.227,.324,.551
Mookie M Betts C,BOS,52,189,34,55,12,1,5,18,21,31,7,3,.291,.368,.444,.812
Santiago S Casilla,SF,52,1,0,0,0,0,0,0,0,0,0,0,.000,.000,.000,.000
Justin J De Fratus,PHI,52,1,0,0,0,0,0,0,0,1,0,0,.000,.000,.000,.000
Martin M Maldonado,MIL,52,111,14,26,5,0,4,16,11,32,0,0,.234,.320,.387,.707
Evan E Marshall,ARI,52,0,0,0,0,0,0,0,0,0,0,0,.000,.000,.000,.000
Mitch M Moreland D,TEX,52,167,18,41,9,1,2,23,12,43,0,0,.246,.297,.347,.644
Darin D Ruf,PHI,52,102,13,24,8,0,3,8,8,32,0,0,.235,.310,.402,.712
Dan D Uggla,SF,52,141,14,21,3,0,2,10,11,46,0,0,.149,.229,.213,.442
Jordany J Valdespin,MIA,52,98,8,21,2,1,3,10,9,16,1,0,.214,.280,.347,.627
Jordan J Danks C,CWS,51,117,14,26,2,0,2,10,14,46,5,3,.222,.303,.291,.594
Jake J Goebbert,SD,51,101,12,22,1,3,1,10,12,32,2,1,.218,.313,.317,.630
Tony T Cruz,STL,50,135,11,27,5,0,1,17,13,28,0,3,.200,.270,.259,.530
J. J Hoover,CIN,50,0,1,0,0,0,0,0,1,0,0,0,.000,1.000,.000,1.000
Carlos C Quentin L,SD,50,130,9,23,6,0,4,18,17,33,0,0,.177,.284,.315,.599
David D Ross,BOS,50,152,16,28,7,0,7,15,16,58,0,1,.184,.260,.368,.629
Joaquin J Benoit,SD,49,0,0,0,0,0,0,0,0,0,0,0,.000,.000,.000,.000
Francisco F Cervelli,NYY,49,146,18,44,11,1,2,13,11,41,1,0,.301,.370,.432,.802
Michael M Cuddyer R,COL,49,190,32,63,15,1,10,31,14,30,3,0,.332,.376,.579,.955
Derek D Dietrich,MIA,49,158,31,36,6,2,5,17,13,38,1,0,.228,.326,.386,.712
Tommy T Kahnle,COL,49,3,0,0,0,0,0,0,0,1,0,0,.000,.000,.000,.000
Kristopher K Negrón,CIN,49,144,19,39,10,1,6,17,12,40,5,0,.271,.331,.479,.810
Brendan B Ryan S,NYY,49,114,5,19,4,0,0,8,4,30,0,2,.167,.211,.202,.413
Chris C Stewart,PIT,49,136,9,40,5,0,0,10,12,27,0,1,.294,.362,.331,.693
Clint C Barmes S,PIT,48,102,15,25,5,0,0,7,9,18,1,1,.245,.328,.294,.622
Adrian A Nieto,CWS,48,106,8,25,5,0,2,7,8,38,0,1,.236,.296,.340,.635
Manny M Parra,CIN,48,0,0,0,0,0,0,0,0,0,0,0,.000,.000,.000,.000
Willie W Bloomquist S,SEA,47,133,15,37,6,0,1,14,4,32,1,1,.278,.297,.346,.643
Randal R Grichuk,STL,47,110,11,27,6,1,3,8,5,31,0,2,.245,.278,.400,.678
Chris C Hatcher,MIA,47,1,0,0,0,0,0,0,0,0,0,0,.000,.000,.000,.000
Erik E Kratz,KC,47,110,12,24,4,0,5,13,4,22,0,0,.218,.243,.391,.634
Neil N Ramírez Ramirez,CHC,47,0,0,0,0,0,0,0,0,0,0,0,.000,.000,.000,.000
Shane S Robinson,STL,47,60,3,9,1,1,0,4,6,10,0,1,.150,.227,.200,.427
Chris C Taylor S,SEA,47,136,16,39,8,0,0,9,11,39,5,2,.287,.347,.346,.692
Aaron A Barrett,WSH,46,0,0,0,0,0,0,0,0,0,0,0,.000,.000,.000,.000
Avisail A García Garcia R,CWS,46,172,19,42,8,0,7,29,14,44,4,1,.244,.305,.413,.718
Phil P Gosselin,ATL,46,128,17,34,4,0,1,3,5,27,2,2,.266,.304,.320,.624
Mario M Hollands,PHI,46,0,0,0,0,0,0,0,0,0,0,0,.000,.000,.000,.000
Nick N Masset,COL,46,0,0,0,0,0,0,0,0,0,0,0,.000,.000,.000,.000
Chris C Perez,LAD,46,1,0,0,0,0,0,0,0,1,0,0,.000,.000,.000,.000
Craig C Stammen,WSH,46,7,0,2,1,0,0,0,0,4,0,0,.286,.286,.429,.714
Ezequiel E Carrera C,DET,45,69,12,18,4,1,0,2,3,14,7,1,.261,.301,.348,.649
Jason J Kubel L,MIN,45,156,12,35,6,1,1,13,19,59,1,0,.224,.313,.295,.607
Donnie D Murphy,TEX,45,112,11,22,3,0,4,14,11,38,0,1,.196,.268,.330,.598
Jim J Adduci L,TEX,44,101,13,17,3,0,1,8,10,27,3,1,.168,.239,.228,.467
Tony T Campana,LAA,44,75,10,14,1,1,0,5,0,16,4,2,.187,.197,.227,.424
Eric E Chavez,ARI,44,69,6,17,3,1,3,8,11,19,2,0,.246,.346,.449,.795
Ross R Detwiler,WSH,44,2,1,0,0,0,0,0,1,1,0,0,.000,.333,.000,.333
Josh J Edgin,NYM,44,1,0,0,0,0,0,0,0,1,0,0,.000,.000,.000,.000
Alfredo A Marte L,ARI,44,106,8,18,5,1,2,9,6,34,1,0,.170,.221,.292,.514
Chris C Valaika,CHC,44,121,10,28,4,0,3,13,7,35,1,0,.231,.282,.339,.621
Randall R Delgado,ARI,43,9,0,1,0,0,0,0,0,4,0,0,.111,.111,.111,.222
Freddy F Galvis S,PHI,43,119,14,21,3,1,4,12,8,30,1,0,.176,.227,.319,.546
Grant G Green L,LAA,43,99,7,27,5,0,1,11,2,20,1,4,.273,.282,.354,.635
David D Hale,ATL,43,17,1,1,0,0,0,1,0,8,0,0,.059,.056,.059,.114
Dan D Jennings,MIA,43,0,0,0,0,0,0,0,0,0,0,0,.000,.000,.000,.000
Luis L Sardinas,TEX,43,115,12,30,6,0,0,8,5,21,5,1,.261,.303,.313,.616
Prince P Fielder,TEX,42,150,19,37,8,0,3,16,25,24,0,0,.247,.360,.360,.720
Ken K Giles,PHI,42,0,0,0,0,0,0,0,0,0,0,0,.000,.000,.000,.000
Enrique K Hernández Hernandez C,MIA,42,121,13,30,6,3,3,14,12,21,0,0,.248,.321,.421,.742
Jonathan J Herrera S,BOS,42,90,10,21,1,2,0,9,7,24,1,3,.233,.307,.289,.596
Tyler T Moore,WSH,42,91,8,21,2,0,4,14,7,29,0,0,.231,.300,.385,.685
Tim T Stauffer,SD,42,7,0,1,0,0,0,0,0,2,0,0,.143,.143,.143,.286
Chris C Dickerson L,CLE,41,98,12,22,4,0,2,6,12,38,3,0,.224,.309,.327,.636
Sam S Freeman,STL,41,0,0,0,0,0,0,0,0,0,0,0,.000,.000,.000,.000
Chris C Gimenez,CLE,41,116,13,28,10,0,0,11,12,29,0,1,.241,.313,.328,.640
Jeanmar J Gómez Gomez,PIT,41,1,0,1,0,0,0,0,0,0,0,0,1.000,1.000,1.000,2.000
Tuffy T Gosewisch,ARI,41,129,6,29,8,0,1,7,3,24,0,0,.225,.242,.310,.552
Jayson J Nix,KC,41,83,2,10,0,0,1,4,3,28,1,2,.120,.169,.157,.325
Vic V Black,NYM,40,0,0,0,0,0,0,0,0,0,0,0,.000,.000,.000,.000
Carlos C Villanueva,CHC,40,10,0,0,0,0,0,0,0,6,0,0,.000,.000,.000,.000
Justin J Bour,MIA,39,74,10,21,3,0,1,11,9,19,0,0,.284,.361,.365,.726
Chone C Figgins,LAD,38,60,8,13,3,0,0,1,14,15,4,1,.217,.373,.267,.640
Rymer R Liriano,SD,38,109,13,24,2,0,1,6,9,39,4,1,.220,.289,.266,.555
Logan L Ondrusek,CIN,38,3,0,0,0,0,0,0,0,3,0,0,.000,.000,.000,.000
J B Shuck,CLE,38,110,12,16,1,0,2,9,3,12,2,0,.145,.168,.209,.377
Travis T Wood,CHC,38,56,9,13,2,0,3,10,1,17,0,0,.232,.271,.429,.700
Reid R Brignac,PHI,37,81,4,18,5,1,1,10,9,33,1,1,.222,.300,.346,.646
Jake J Lamb,ARI,37,126,15,29,4,1,4,11,6,37,1,1,.230,.263,.373,.636
Mike M Leake,CIN,37,68,9,12,5,0,2,5,0,34,0,0,.176,.188,.338,.527
Gregorio G Petit S,HOU,37,97,14,27,8,0,2,9,1,25,0,1,.278,.300,.423,.723
Rob R Wooten,MIL,37,0,0,0,0,0,0,0,0,0,0,0,.000,.000,.000,.000
Greg G Dobbs,WSH,36,41,0,7,1,0,0,2,1,8,0,0,.171,.186,.195,.381
Nate N Freiman,OAK,36,87,12,19,5,0,5,15,5,23,0,0,.218,.269,.448,.717
Tyler T Holt R,CLE,36,71,4,19,2,0,0,2,3,25,2,2,.268,.307,.296,.602
Wil W Nieves,PHI,36,122,9,31,8,0,1,7,1,34,1,0,.254,.270,.344,.614
Yusmeiro Y Petit,SF,36,25,2,1,0,0,0,0,1,13,0,0,.040,.077,.040,.117
Steve S Clevenger,BAL,35,89,8,20,8,1,0,8,8,19,0,0,.225,.289,.337,.626
Marco M Estrada,MIL,35,32,0,3,0,0,0,2,3,13,0,0,.094,.171,.094,.265
Cole C Gillespie R,TOR,35,74,9,18,2,0,1,5,6,13,2,2,.243,.300,.311,.611
Kevin K Siegrist,STL,35,0,0,0,0,0,0,0,0,0,0,0,.000,.000,.000,.000
Matt M Stites,ARI,35,0,0,0,0,0,0,0,0,0,0,0,.000,.000,.000,.000
Andrew A Susac,SF,35,88,13,24,8,0,3,19,7,28,0,0,.273,.326,.466,.792
Jumbo J Diaz,CIN,34,0,0,0,0,0,0,0,0,0,0,0,.000,.000,.000,.000
Matt M Duffy,SF,34,60,5,16,2,0,0,8,1,14,0,1,.267,.302,.300,.602
Franklin F Morales,COL,34,30,2,3,0,0,0,0,3,15,0,0,.100,.182,.100,.282
Pedro P Florimón Florimon S,MIN,33,76,7,7,1,1,0,1,8,22,6,0,.092,.179,.132,.310
Chris C Herrmann R,MIN,33,75,8,16,3,0,0,4,4,17,1,0,.213,.253,.253,.506
Stephen S Strasburg,WSH,33,60,3,6,1,0,0,3,7,26,0,0,.100,.194,.117,.311
Matt M Szczur R,CHC,33,62,6,14,2,0,2,5,4,11,0,0,.226,.273,.355,.628
Joe J Thatcher,ARI,33,0,0,0,0,0,0,0,0,0,0,0,.000,.000,.000,.000
John J Buck,LAA,32,89,9,20,2,0,1,6,8,26,0,0,.225,.289,.281,.570
Josh J Collmenter,ARI,32,54,2,6,2,0,0,2,3,15,0,0,.111,.158,.148,.306
Johnny J Cueto,CIN,32,68,3,9,0,0,0,3,2,20,0,0,.132,.157,.132,.290
Nathan N Eovaldi,MIA,32,56,1,5,0,0,0,0,1,36,0,0,.089,.105,.089,.194
Aaron A Harang,ATL,32,61,2,5,0,0,0,1,1,29,0,0,.082,.097,.082,.179
Roberto R Hernandez,LAD,32,49,1,4,0,0,0,2,0,24,0,0,.082,.082,.082,.163
Ian I Kennedy,SD,32,52,3,6,1,0,1,5,5,24,0,0,.115,.193,.192,.385
Tim T Lincecum,SF,32,44,2,3,0,0,0,1,4,26,0,0,.068,.146,.068,.214
Boone B Logan,COL,32,0,0,0,0,0,0,0,0,0,0,0,.000,.000,.000,.000
Daisuke D Matsuzaka,NYM,32,11,0,2,0,0,0,1,1,6,0,0,.182,.250,.182,.432
John Ryan J Murphy,NYY,32,81,7,23,4,0,1,9,4,22,0,0,.284,.318,.370,.688
Juan J Nicasio,COL,32,24,0,2,0,0,0,4,0,13,0,0,.083,.080,.083,.163
Zack Z Wheeler,NYM,32,50,1,4,1,0,0,3,1,24,0,0,.080,.098,.100,.198
Christian C Bethancourt,ATL,31,113,7,28,3,0,0,9,3,26,1,1,.248,.274,.274,.548
Madison M Bumgarner,SF,31,66,10,17,2,0,4,15,2,29,0,0,.258,.286,.470,.755
Trevor T Cahill,ARI,31,24,0,2,1,0,0,0,1,5,0,0,.083,.120,.125,.245
Yovani Y Gallardo,MIL,31,54,1,6,1,0,0,1,1,18,0,0,.111,.127,.130,.257
Brad B Hand,MIA,31,27,0,1,0,0,0,1,0,7,0,0,.037,.037,.037,.074
Kyle K Kendrick,PHI,31,66,2,9,1,0,0,1,1,31,0,0,.136,.149,.152,.301
Lance L Lynn,STL,31,60,5,4,1,0,0,1,4,34,0,0,.067,.138,.083,.222
Wade W Miley,ARI,31,57,3,9,0,0,0,1,3,14,0,0,.158,.200,.158,.358
Shelby S Miller,STL,31,48,6,9,5,0,0,4,2,25,0,0,.188,.220,.292,.512
Ben B Paulsen,COL,31,63,8,20,4,0,4,10,2,19,0,0,.317,.348,.571,.920
Ervin E Santana,ATL,31,63,7,7,1,0,0,1,2,28,0,0,.111,.138,.127,.265
Julio J Teheran,ATL,31,66,1,7,1,0,0,6,1,21,0,0,.106,.132,.121,.254
Ryan R Vogelsong,SF,31,61,3,7,2,0,0,2,2,20,0,0,.115,.156,.148,.304
Logan L Watkins,CHC,31,65,10,16,3,0,1,6,1,16,1,0,.246,.269,.338,.607
Ryan R Wheeler,COL,31,56,6,13,2,0,2,13,5,12,0,0,.232,.281,.375,.656
Alex A Wood,ATL,31,41,1,3,0,0,0,2,2,28,0,0,.073,.116,.073,.189
Daric D Barton,OAK,30,57,7,9,1,0,0,5,5,14,0,0,.158,.234,.175,.410
Blaine B Boyer,SD,30,0,0,0,0,0,0,0,0,0,0,0,.000,.000,.000,.000
A. J. A Burnett,PHI,30,60,5,8,2,0,0,1,3,23,0,0,.133,.175,.167,.341
Curt C Casali,TB,30,72,10,12,3,0,0,3,8,23,0,0,.167,.268,.208,.477
Jorge J De La Rosa,COL,30,60,5,9,0,0,0,1,1,26,0,0,.150,.164,.150,.314
Sam S Dyson,MIA,30,1,0,0,0,0,0,0,0,0,0,0,.000,.000,.000,.000
Dana D Eveland,NYM,30,0,0,0,0,0,0,0,0,0,0,0,.000,.000,.000,.000
Cole C Hamels,PHI,30,62,1,13,2,0,0,0,0,28,0,0,.210,.210,.242,.452
Kyle K Lohse,MIL,30,61,2,7,0,0,0,5,2,23,0,0,.115,.154,.115,.269
Alfredo A Simon,CIN,30,59,2,7,3,0,0,2,1,21,0,0,.119,.133,.169,.303
Huston H Street,SD,30,0,0,0,0,0,0,0,0,0,0,0,.000,.000,.000,.000
Shane S Victorino R,BOS,30,123,14,33,6,1,2,12,6,21,2,0,.268,.303,.382,.685
Edinson E Vólquez Volquez,PIT,30,53,3,2,0,0,0,2,3,27,0,0,.038,.089,.038,.127
Adam A Wainwright,STL,30,72,4,13,3,0,0,6,3,22,0,0,.181,.213,.222,.436
Jordan J Zimmermann,WSH,30,55,3,10,1,0,0,1,2,21,0,0,.182,.207,.200,.407
Henderson H Alvarez,MIA,29,57,2,11,0,0,0,2,1,20,0,0,.193,.203,.193,.396
Jeff J Bianchi S,MIL,29,70,4,12,1,0,0,6,3,17,0,0,.171,.203,.186,.388
Zack Z Greinke,LAD,29,60,5,12,6,0,1,3,5,11,0,0,.200,.262,.350,.612
Dan D Haren,LAD,29,54,2,10,1,0,0,5,3,20,0,0,.185,.228,.204,.432
Tom T Koehler,MIA,29,50,0,3,0,0,0,0,1,27,0,0,.060,.078,.060,.138
Paul P Maholm,LAD,29,9,1,0,0,0,0,0,2,6,0,0,.000,.182,.000,.182
Jonathon J Niese,NYM,29,55,3,5,1,0,0,4,6,29,0,0,.091,.180,.109,.289
Wily W Peralta,MIL,29,57,4,3,2,0,0,3,2,24,0,0,.053,.083,.088,.171
Roberto R Pérez Perez,CLE,29,85,10,23,5,0,1,4,5,26,0,0,.271,.311,.365,.676
Nolan N Reimold L,ARI,29,69,5,16,5,0,3,13,6,32,1,0,.232,.282,.435,.717
Tanner T Roark,WSH,29,58,1,7,0,0,0,0,1,21,0,0,.121,.136,.121,.256
Tyson T Ross,SD,29,56,6,10,1,0,0,3,3,22,0,0,.179,.230,.196,.426
Eric E Stults,SD,29,48,1,4,1,0,0,1,1,18,0,0,.083,.102,.104,.206
Zelous Z Wheeler,NYY,29,57,6,11,0,0,2,5,2,12,0,0,.193,.230,.298,.528
Brooks B Brown,COL,28,1,0,0,0,0,0,0,0,1,0,0,.000,.000,.000,.000
Bartolo B Colon,NYM,28,62,3,2,1,0,0,0,0,33,0,0,.032,.032,.048,.081
Adam A Duvall,SF,28,73,8,14,2,0,3,5,3,20,0,0,.192,.234,.342,.576
Nick N Franklin,TB,28,81,7,13,2,1,1,6,6,32,2,0,.160,.222,.247,.469
Eric E Fryer,MIN,28,75,11,16,4,0,1,5,5,15,1,0,.213,.272,.307,.578
Tim T Hudson,SF,28,53,0,2,0,0,0,1,2,20,0,0,.038,.089,.038,.127
Edwin E Jackson,CHC,28,40,2,7,2,0,0,0,0,21,0,0,.175,.175,.225,.400
Francisco F Liriano,PIT,28,45,1,5,0,0,0,0,2,14,0,0,.111,.149,.111,.260
Donald D Lutz,CIN,28,51,2,9,4,0,0,1,3,19,0,0,.176,.222,.255,.477
Jason J Motte,STL,28,0,0,0,0,0,0,0,0,0,0,0,.000,.000,.000,.000
Tyler T Pastornicky,ATL,28,40,4,8,0,1,0,2,6,11,0,1,.200,.304,.250,.554
Scott S Rice,NYM,28,0,0,0,0,0,0,0,0,0,0,0,.000,.000,.000,.000
Ryan R Rua L,TEX,28,105,11,31,7,0,2,14,2,18,1,0,.295,.321,.419,.740
Yolmer Y Sánchez,CWS,28,100,6,25,5,0,0,5,3,25,1,1,.250,.269,.300,.569
Brennan B Boesch D,LAA,27,75,6,14,2,0,2,7,2,19,3,0,.187,.203,.293,.496
Buddy B Carlyle,NYM,27,1,0,1,0,0,0,0,0,0,0,0,1.000,1.000,1.000,2.000
Will W Harris,ARI,27,0,0,0,0,0,0,0,0,0,0,0,.000,.000,.000,.000
Brett B Hayes,KC,27,52,3,7,1,0,1,2,1,12,0,0,.135,.151,.212,.362
Jeremy J Jeffress,MIL,27,0,0,0,0,0,0,0,0,0,0,0,.000,.000,.000,.000
Chris C Nelson,SD,27,73,5,17,3,0,0,7,7,14,1,2,.233,.296,.274,.570
Jimmy J Paredes,BAL,27,63,12,18,4,0,2,8,2,16,4,0,.286,.308,.444,.752
Jace J Peterson,SD,27,53,3,6,0,0,0,0,2,18,2,0,.113,.161,.113,.274
Kyle K Blanks,OAK,26,55,10,17,1,0,2,7,8,16,0,0,.309,.409,.436,.846
Matt M Garza,MIL,26,49,2,3,1,0,0,0,1,21,0,0,.061,.080,.082,.162
Jason J Giambi D,CLE,26,60,3,8,2,0,2,5,9,12,0,0,.133,.257,.267,.524
Jack J Hannahan,CIN,26,48,3,9,3,0,0,2,2,17,0,0,.188,.220,.250,.470
Clayton C Kershaw,LAD,26,63,5,11,0,1,0,3,4,23,1,0,.175,.235,.206,.442
Michael M Martinez,PIT,26,39,2,5,1,0,0,2,4,13,0,0,.128,.209,.154,.363
Tony T Sanchez,PIT,26,75,3,20,1,0,2,13,3,28,0,0,.267,.300,.360,.660
Matt M Wieters,BAL,26,104,13,32,5,0,5,18,6,19,0,1,.308,.339,.500,.839
Nick N Ahmed S,ARI,25,70,9,14,2,0,1,4,3,10,0,1,.200,.233,.271,.504
Andres A Blanco,PHI,25,47,4,13,5,0,1,3,2,6,0,0,.277,.306,.447,.753
Pedro P Ciriaco,KC,25,47,7,10,2,0,0,2,0,9,4,0,.213,.229,.255,.484
Roger R Kieschnick,ARI,25,41,2,8,1,0,1,2,0,16,0,0,.195,.195,.293,.488
Josh J Satin,NYM,25,35,2,3,2,0,0,3,6,14,0,0,.086,.256,.143,.399
Shae S Simmons,ATL,25,0,0,0,0,0,0,0,0,0,0,0,.000,.000,.000,.000
Tyler T Thornburg,MIL,25,1,0,0,0,0,0,0,0,0,0,0,.000,.500,.000,.500
Eury E De La Rosa,ARI,24,2,0,0,0,0,0,0,0,2,0,0,.000,.000,.000,.000
Doug D Fister,WSH,24,52,3,4,1,0,0,0,1,21,0,0,.077,.094,.096,.190
Gio G Gonzalez,WSH,24,46,3,4,1,0,1,2,0,26,0,0,.087,.087,.174,.261
Hyun Jin H Ryu,LAD,24,47,4,7,2,0,0,2,1,17,0,0,.149,.167,.191,.358
Jake J Smolinski L,TEX,24,86,12,30,5,0,3,12,3,24,0,0,.349,.391,.512,.903
Jorge J Soler R,CHC,24,89,11,26,8,1,5,20,6,24,1,0,.292,.330,.573,.903
Geovany G Soto,OAK,24,80,8,20,6,0,1,11,6,19,0,0,.250,.302,.363,.665
Ian I Stewart,LAA,24,68,8,12,2,3,2,7,3,31,1,0,.176,.222,.382,.605
Jacob J Turner,CHC,24,23,1,4,2,0,0,0,1,12,0,0,.174,.208,.261,.469
Josh J Wilson,TEX,24,67,7,16,4,0,0,8,2,14,1,0,.239,.271,.299,.570
Jake J Arrieta,CHC,23,39,3,7,2,1,0,3,2,16,0,0,.179,.220,.282,.502
Andrew A Cashner,SD,23,35,3,6,1,1,0,2,1,14,0,0,.171,.194,.257,.452
Jonathan J Diaz S,TOR,23,38,3,6,1,0,0,4,3,14,1,0,.158,.256,.184,.440
Tim T Federowicz,LAD,23,71,2,8,3,0,1,5,3,18,0,0,.113,.158,.197,.355
Cole C Figueroa,TB,23,43,6,10,2,1,0,6,4,4,0,0,.233,.286,.326,.611
Tom T Gorzelanny,MIL,23,1,0,0,0,0,0,0,0,1,0,0,.000,.000,.000,.000
Jordan J Lyles,COL,23,48,4,9,3,0,1,3,3,21,0,0,.188,.235,.313,.548
Brent B Morel,PIT,23,39,1,7,2,0,0,4,2,9,0,0,.179,.220,.231,.450
Charlie C Morton,PIT,23,40,1,2,0,0,0,1,1,21,0,0,.050,.073,.050,.123
Mike M Adams,PHI,22,0,0,0,0,0,0,0,0,0,0,0,.000,.000,.000,.000
Erisbel E Arruebarrena S,LAD,22,41,4,8,1,0,0,4,3,17,0,0,.195,.244,.220,.464
Homer H Bailey,CIN,22,41,3,6,0,0,0,3,2,18,0,0,.146,.186,.146,.332
Gerrit G Cole,PIT,22,46,3,8,0,0,1,2,2,17,0,0,.174,.208,.239,.448
Irving I Falu,SD,22,30,0,3,0,0,0,1,4,5,1,0,.100,.200,.100,.300
Kyle K Farnsworth,HOU,22,0,0,0,0,0,0,0,0,0,0,0,.000,.000,.000,.000
Gonzalez G Germen,NYM,22,1,0,0,0,0,0,0,0,1,0,0,.000,.000,.000,.000
Jason J Grilli,LAA,22,0,0,0,0,0,0,0,0,0,0,0,.000,.000,.000,.000
George G Kontos,SF,22,1,0,0,0,0,0,0,0,0,0,0,.000,.000,.000,.000
Mike M Minor,ATL,22,45,4,7,1,0,1,4,1,16,0,0,.156,.174,.244,.418
Xavier X Nady,SD,22,37,4,5,1,0,3,4,5,9,0,0,.135,.238,.405,.644
Matt M Thornton,WSH,22,0,0,0,0,0,0,0,0,0,0,0,.000,.000,.000,.000
Jacob Jde Gromde Grom,NYM,22,46,3,10,2,0,0,2,1,13,0,0,.217,.234,.261,.495
Chase C Anderson,ARI,21,34,0,1,0,0,0,0,0,14,0,0,.029,.057,.029,.087
Tucker T Barnhart,CIN,21,54,3,10,0,0,1,1,4,10,0,0,.185,.241,.241,.482
Chad C Bettis,COL,21,3,0,0,0,0,0,0,0,1,0,0,.000,.000,.000,.000
Christian C Colón,KC,21,45,8,15,5,1,0,6,3,4,2,0,.333,.375,.489,.864
Andrew A Lambo,PIT,21,39,3,10,4,0,0,1,0,8,0,0,.256,.256,.359,.615
Darin D Mastroianni C,TOR,21,43,7,5,0,0,1,2,1,10,1,0,.116,.136,.186,.322
Matt M Mc Bride,COL,21,31,6,7,2,0,2,6,2,12,0,0,.226,.294,.484,.778
Andy A Parrino S,OAK,21,46,4,7,3,0,1,3,3,14,0,0,.152,.216,.283,.498
Neftali N Soto,CIN,21,30,1,3,1,0,0,1,0,8,1,0,.100,.097,.133,.230
Steven S Souza Jr. R,WSH,21,23,2,3,0,0,2,2,3,7,0,0,.130,.231,.391,.622
Jesus J Sucre,SEA,21,61,4,13,2,0,0,5,0,17,0,0,.213,.213,.246,.459
Josh J Beckett,LAD,20,39,4,7,3,0,0,2,1,14,0,0,.179,.200,.256,.456
Dillon D Gee,NYM,20,38,1,1,0,0,0,1,2,17,0,0,.026,.075,.026,.101
Sandy S Leon,WSH,20,64,7,10,1,0,1,3,6,20,0,0,.156,.229,.219,.447
Jeff J Locke,PIT,20,45,3,5,0,0,0,0,2,30,0,0,.111,.149,.111,.260
Steve S Lombardozzi,BAL,20,73,6,21,1,1,0,2,0,14,1,0,.288,.297,.329,.626
Jeff J Manship,PHI,20,2,0,0,0,0,0,0,0,0,0,0,.000,.000,.000,.000
Tyler T Matzek,COL,20,38,2,7,1,0,0,0,2,13,0,0,.184,.225,.211,.436
Justin J Maxwell,KC,20,40,4,6,1,0,0,3,2,20,0,1,.150,.222,.175,.397
Cory C Spangenberg,SD,20,62,7,18,2,1,2,9,2,14,4,2,.290,.313,.452,.764
Jose J Valverde,NYM,20,0,0,0,0,0,0,0,0,0,0,0,.000,.000,.000,.000
Jesus J Aguilar,CLE,19,33,2,4,0,0,0,3,4,13,0,0,.121,.211,.121,.332
Andrew A Brown L,NYM,19,44,6,8,1,0,2,7,3,15,0,0,.182,.245,.341,.586
David D Buchanan,PHI,19,30,2,3,1,0,0,2,4,10,0,0,.100,.206,.133,.339
Ernesto E Frieri,PIT,19,0,0,0,0,0,0,0,0,0,0,0,.000,.000,.000,.000
Jason J Hammel,OAK,19,37,2,5,0,0,0,3,1,14,0,0,.135,.158,.135,.293
Chris C Withrow,LAD,19,0,0,0,0,0,0,0,0,0,0,0,.000,.000,.000,.000
Vance V Worley,PIT,19,32,1,2,1,0,0,0,1,17,0,0,.063,.091,.094,.185
Rafael R Ynoa,COL,19,67,5,23,6,1,0,13,4,9,0,0,.343,.380,.463,.843
Pedro P Báez Baez,LAD,18,0,0,0,0,0,0,0,0,0,0,0,.000,.000,.000,.000
Jason J Bourgeois L,CIN,18,33,5,8,0,1,0,1,1,6,0,0,.242,.265,.303,.568
Tyler T Collins,DET,18,24,3,6,0,0,1,4,1,4,0,0,.250,.280,.375,.655
Nick N Evans,ARI,18,22,2,6,2,0,2,7,1,10,0,0,.273,.304,.636,.941
Nick N Greenwood,STL,18,5,0,0,0,0,0,0,0,0,0,0,.000,.000,.000,.000
Dilson D Herrera,NYM,18,59,6,13,0,1,3,11,7,17,0,0,.220,.303,.407,.710
Luis L Jimenez,LAA,18,37,3,6,2,0,0,2,0,13,0,0,.162,.205,.216,.421
George G Kottaras,TOR,18,30,4,7,0,0,3,5,6,16,0,0,.233,.351,.533,.885
Kyle K Parker,COL,18,26,1,5,1,0,0,1,0,14,0,0,.192,.192,.231,.423
Joc J Pederson C,LAD,18,28,1,4,0,0,0,0,9,11,0,0,.143,.351,.143,.494
Carlos C Pena,TEX,18,59,4,8,3,0,1,2,4,11,1,0,.136,.190,.237,.428
Stolmy S Pimentel,PIT,18,5,0,0,0,0,0,0,0,3,0,0,.000,.000,.000,.000
Cameron C Rupp,PHI,18,60,4,11,4,0,0,6,4,20,0,0,.183,.234,.250,.484
Tomas T Telis,TEX,18,68,7,17,2,0,0,8,1,10,0,0,.250,.271,.279,.551
Danny D Worth S,DET,18,42,5,7,1,0,0,5,2,12,0,1,.167,.217,.190,.408
Carter C Capps,MIA,17,0,0,0,0,0,0,0,0,0,0,0,.000,.000,.000,.000
Blake B Parker,CHC,17,0,0,0,0,0,0,0,0,0,0,0,.000,.000,.000,.000
Dalton D Pompey,TOR,17,39,5,9,1,2,1,4,4,12,1,0,.231,.302,.436,.738
Paco P Rodríguez Rodriguez,LAD,17,0,0,0,0,0,0,0,0,0,0,0,.000,.000,.000,.000
Jeff J Samardzija,CHC,17,34,3,6,3,0,0,3,0,10,0,0,.176,.167,.265,.431
Justin J Sellers,CLE,17,16,1,3,0,0,0,0,3,4,0,1,.188,.316,.188,.503
Michael A. M Taylor C,WSH,17,39,5,8,3,0,1,5,3,17,0,2,.205,.279,.359,.638
Michael M Wacha,STL,17,29,1,1,0,0,0,2,0,18,0,0,.034,.034,.034,.069
Jemile J Weeks,BOS,17,37,8,11,3,1,0,3,4,2,2,0,.297,.372,.432,.804
Andy A Wilkins,CWS,17,43,2,6,2,0,0,2,2,22,0,0,.140,.178,.186,.364
Matt M Clark,MIL,16,27,4,5,0,0,3,7,2,8,0,0,.185,.226,.519,.744
Yohan Y Flande,COL,16,12,0,1,0,0,0,1,1,6,0,0,.083,.154,.083,.237
Maikel M Franco,PHI,16,56,5,10,2,0,0,5,1,13,0,0,.179,.190,.214,.404
Christian C Friedrich,COL,16,5,0,1,0,0,0,0,0,2,0,0,.200,.200,.200,.400
David D Huff,SF,16,3,1,1,0,0,0,0,0,2,0,0,.333,.333,.333,.667
Brandon B Mc Carthy,ARI,16,29,0,4,0,0,0,3,0,11,0,0,.138,.138,.138,.276
J. J Putz,ARI,16,0,0,0,0,0,0,0,0,0,0,0,.000,.000,.000,.000
Donn D Roach,SD,16,4,0,1,1,0,0,0,0,1,0,0,.250,.250,.500,.750
Kevin K Slowey,MIA,16,5,0,0,0,0,0,0,0,2,0,0,.000,.000,.000,.000
Ian I Thomas,ATL,16,0,0,0,0,0,0,0,0,0,0,0,.000,.000,.000,.000
Bronson B Arroyo,ARI,15,27,5,6,0,0,0,0,0,12,0,0,.222,.222,.222,.444
John J Axford,PIT,15,0,0,0,0,0,0,0,0,0,0,0,.000,.000,.000,.000
Odrisamer O Despaigne,SD,15,24,0,0,0,0,0,0,1,10,0,0,.000,.040,.000,.040
Carlos C Frías Frias,LAD,15,7,0,0,0,0,0,0,0,4,0,0,.000,.000,.000,.000
Frank F Garces,SD,15,0,0,0,0,0,0,0,0,0,0,0,.000,.000,.000,.000
Hector H Gómez Gomez S,MIL,15,20,2,3,1,0,0,1,1,9,0,0,.150,.190,.200,.390
Dan D Johnson,TOR,15,38,8,8,2,0,1,7,7,10,0,0,.211,.333,.342,.675
Mat M Latos,CIN,15,30,2,3,0,0,0,1,1,12,0,0,.100,.129,.100,.229
Carlos C Marmol,MIA,15,0,0,0,0,0,0,0,0,0,0,0,.000,.000,.000,.000
Chris C Martin,COL,15,0,0,0,0,0,0,0,0,0,0,0,.000,.000,.000,.000
Nyjer N Morgan C,CLE,15,41,8,14,1,0,1,6,7,6,3,0,.341,.429,.439,.868
Omar O Quintanilla S,NYM,15,29,2,6,1,0,0,3,2,5,0,0,.207,.258,.241,.499
Jamie J Romak,LAD,15,21,2,1,1,0,0,3,2,8,0,0,.048,.130,.095,.226
Zac Z Rosscup,CHC,15,0,0,0,0,0,0,0,0,0,0,0,.000,.000,.000,.000
Blake B Treinen,WSH,15,12,0,1,0,0,0,0,1,8,0,0,.083,.154,.083,.237
Matt M Cain,SF,14,27,1,4,0,0,0,0,2,13,0,0,.148,.233,.148,.382
Carlos C Contreras,CIN,14,1,0,0,0,0,0,0,0,1,0,0,.000,.000,.000,.000
Brandon B Cumpton,PIT,14,17,1,2,0,0,0,1,1,7,0,0,.118,.167,.118,.284
Mike M Fiers,MIL,14,19,0,1,0,0,0,0,0,11,0,0,.053,.053,.053,.105
Kyuji K Fujikawa,CHC,14,0,0,0,0,0,0,0,0,0,0,0,.000,.000,.000,.000
Greg G Garcia,STL,14,14,2,2,1,0,0,1,1,6,0,0,.143,.333,.214,.548
Jesse J Hahn,SD,14,22,1,2,0,0,0,1,0,12,0,0,.091,.091,.091,.182
Cesar C Jimenez,PHI,14,1,0,0,0,0,0,0,0,1,0,0,.000,.000,.000,.000
Pete P Kozma S,STL,14,23,4,7,3,0,0,0,3,4,0,0,.304,.385,.435,.819
Sean S Marshall,CIN,14,0,0,0,0,0,0,0,0,0,0,0,.000,.000,.000,.000
Jimmy J Nelson,MIL,14,21,1,3,1,0,0,0,0,7,0,0,.143,.143,.190,.333
Xavier X Paul,ARI,14,20,2,2,0,0,0,0,1,8,0,0,.100,.143,.100,.243
Gus G Schlosser,ATL,14,1,0,1,0,0,0,0,0,0,0,0,1.000,1.000,1.000,2.000
Chasen C Shreve,ATL,14,0,0,0,0,0,0,0,0,0,0,0,.000,.000,.000,.000
Jose J Veras,HOU,14,0,0,0,0,0,0,0,0,0,0,0,.000,.000,.000,.000
Wei- Chung W Wang,MIL,14,0,0,0,0,0,0,0,0,0,0,0,.000,.000,.000,.000
Zoilo Z Almonte L,NYY,13,36,2,5,0,0,1,3,0,14,1,0,.139,.139,.222,.361
Billy B Burns,OAK,13,6,4,1,0,0,0,0,0,0,3,1,.167,.167,.167,.333
Tony T Cingrani,CIN,13,21,0,3,0,0,0,0,0,5,0,0,.143,.143,.143,.286
Brooks B Conrad,SD,13,30,2,3,1,0,1,2,3,14,0,0,.100,.176,.233,.410
Anthony A De Sclafani,MIA,13,10,1,1,0,0,0,2,1,3,0,0,.100,.182,.100,.282
Jim J Henderson,MIL,13,0,0,0,0,0,0,0,0,0,0,0,.000,.000,.000,.000
Kyle K Hendricks,CHC,13,24,1,3,0,0,0,1,3,11,0,0,.125,.222,.125,.347
Juan J Jaime,ATL,13,0,0,0,0,0,0,0,0,0,0,0,.000,.000,.000,.000
Kevin K Kouzmanoff,TEX,13,47,8,17,6,0,2,10,2,7,0,0,.362,.412,.617,1.029
Antoan A Richardson,NYY,13,16,2,5,0,0,0,1,1,3,5,0,.313,.353,.313,.665
Tsuyoshi T Wada,CHC,13,20,0,1,0,0,0,0,1,10,0,0,.050,.095,.050,.145
Dean D Anna S,NYY,12,22,3,3,1,0,1,3,2,6,0,0,.136,.200,.318,.518
Jose J Constanza,ATL,12,4,1,0,0,0,0,0,0,1,0,0,.000,.000,.000,.000
Robbie R Erlin,SD,12,18,0,2,0,0,0,1,1,6,0,0,.111,.158,.111,.269
Johnny J Giavotella,KC,12,37,8,8,1,0,1,5,1,5,0,1,.216,.268,.324,.593
Kevin K Gregg,MIA,12,0,0,0,0,0,0,0,0,0,0,0,.000,.000,.000,.000
Vidal V Nuño Nuno,ARI,12,18,2,1,0,0,0,0,0,8,0,0,.056,.105,.056,.161
Jerry J Sands,TB,12,21,1,4,0,0,1,4,0,6,0,0,.190,.227,.333,.561
Rob R Scahill,COL,12,0,0,0,0,0,0,0,0,0,0,0,.000,.000,.000,.000
Carlos C Triunfel S,LAD,12,15,3,2,0,0,1,1,1,5,0,0,.133,.188,.333,.521
Garin G Cecchini,BOS,11,31,6,8,3,0,1,4,3,11,0,0,.258,.361,.452,.813
Kevin K Correia,LAD,11,11,1,3,1,0,0,1,0,3,0,0,.273,.273,.364,.636
Luis L García Garcia,PHI,11,0,0,0,0,0,0,0,0,0,0,0,.000,.000,.000,.000
Terrance T Gore,KC,11,1,5,0,0,0,0,0,0,0,5,0,.000,.500,.000,.500
Alex A Guerrero,LAD,11,13,0,1,0,0,0,0,0,6,0,0,.077,.077,.077,.154
Maicer M Izturis,TOR,11,35,3,10,1,0,0,1,2,4,1,0,.286,.324,.314,.639
Cliff C Lee,PHI,11,24,2,6,0,0,0,1,0,9,0,0,.250,.250,.250,.500
Tyler T Lyons,STL,11,7,0,0,0,0,0,0,2,5,0,0,.000,.222,.000,.222
Steven S Moya,DET,11,8,2,3,0,0,0,0,0,2,0,0,.375,.375,.375,.750
Shawn S O' Malley,LAA,11,16,3,3,0,0,0,1,0,8,2,0,.188,.188,.188,.375
Jake J Peavy,SF,11,23,1,0,0,0,0,0,0,14,0,0,.000,.000,.000,.000
Josh J Phegley,CWS,11,37,4,8,2,0,3,7,0,11,0,0,.216,.211,.514,.724
J. T. J Realmuto,MIA,11,29,4,7,1,1,0,9,1,8,0,0,.241,.267,.345,.612
Yorman Y Rodriguez R,CIN,11,27,3,6,0,0,0,2,1,12,0,1,.222,.276,.222,.498
B. J. B Rosenberg,PHI,11,0,0,0,0,0,0,0,0,0,0,0,.000,.000,.000,.000
Michael M Taylor L,CWS,11,28,3,7,1,0,0,0,5,9,0,0,.250,.364,.286,.649
R. J. R Alvarez,SD,10,0,0,0,0,0,0,0,0,0,0,0,.000,.000,.000,.000
Christian C Bergman,COL,10,19,0,1,0,0,0,0,0,6,0,0,.053,.053,.053,.105
Quintin Q Berry,BAL,10,2,3,0,0,0,0,0,0,1,1,0,.000,.000,.000,.000
Mike M Bolsinger,ARI,10,19,1,2,0,0,0,1,0,7,0,0,.105,.105,.105,.210
Rusney R Castillo C,BOS,10,36,6,12,1,0,2,6,3,6,3,0,.333,.400,.528,.928
Juan J Centeno,NYM,10,30,1,6,0,0,0,2,3,5,0,0,.200,.273,.200,.473
Jhoulys J Chacín Chacin,COL,10,15,2,5,1,0,0,0,1,4,0,0,.333,.375,.400,.775
Nick N Christiani,CIN,10,1,0,0,0,0,0,0,0,0,0,0,.000,.000,.000,.000
Jarred J Cosart,MIA,10,21,1,4,0,0,0,0,0,7,0,0,.190,.190,.190,.381
Jeff J Francoeur R,SD,10,24,2,2,0,0,0,1,3,7,0,0,.083,.179,.083,.262
Chris C Getz,TOR,10,25,1,4,1,0,0,0,1,4,2,0,.160,.222,.200,.422
Marco M Gonzales,STL,10,10,1,3,2,0,0,0,0,2,0,0,.300,.300,.500,.800
Koyie K Hill,PHI,10,21,2,5,1,0,0,1,1,5,0,0,.238,.273,.286,.558
Justin J Masterson,STL,10,11,1,2,0,0,0,1,0,4,0,0,.182,.182,.182,.364
Rafael R Montero,NYM,10,11,0,0,0,0,0,0,0,5,0,0,.000,.000,.000,.000
Brad B Snyder,TEX,10,30,3,5,1,0,2,3,4,10,0,0,.167,.265,.400,.665
Pedro P Villarreal,CIN,10,2,0,1,0,0,0,0,0,1,0,0,.500,.500,.500,1.000
Bryce B Brentz L,BOS,9,26,5,8,2,0,0,2,0,9,0,0,.308,.308,.385,.692
Xavier X Cedeño Cedeno,WSH,9,0,0,0,0,0,0,0,0,0,0,0,.000,.000,.000,.000
Rafael R Furcal,MIA,9,35,4,6,0,1,0,2,2,7,0,0,.171,.216,.229,.445
Alex A Gonzalez S,DET,9,30,4,5,0,1,0,2,2,4,0,0,.167,.219,.233,.452
John J Holdzkom,PIT,9,0,0,0,0,0,0,0,0,0,0,0,.000,.000,.000,.000
Joe J Kelly,BOS,9,16,0,4,1,0,0,0,0,2,1,0,.250,.294,.313,.607
John J Lackey,STL,9,15,1,2,0,0,0,0,0,5,0,0,.133,.133,.133,.267
Ryan R Lavarnway,BOS,9,10,0,0,0,0,0,0,0,3,0,0,.000,.000,.000,.000
James J Mc Cann,DET,9,12,2,3,1,0,0,0,0,2,1,0,.250,.250,.333,.583
Adam A Moore,SD,9,10,1,2,1,0,0,1,2,5,0,0,.200,.333,.300,.633
Clint C Robinson,LAD,9,9,3,3,0,0,0,2,1,1,0,0,.333,.400,.333,.733
Xavier X Scruggs,STL,9,15,0,3,1,0,0,2,2,7,0,0,.200,.333,.267,.600
Taylor T Teagarden,NYM,9,28,1,4,0,0,1,5,2,7,0,0,.143,.200,.250,.450
Joey J Terdoslavich,ATL,9,10,1,3,2,0,0,2,0,3,0,0,.300,.364,.500,.864
Jerome J Williams,PHI,9,12,0,2,0,0,0,3,0,4,0,0,.167,.167,.167,.333
Brett B Anderson,COL,8,14,0,2,2,0,0,1,0,7,0,0,.143,.143,.286,.429
Chris C Dominguez L,SF,8,17,1,1,0,0,1,2,1,4,0,0,.059,.111,.235,.346
Jose J Fernández Fernandez,MIA,8,16,1,2,0,0,0,1,0,6,0,0,.125,.125,.125,.250
Gavin G Floyd,ATL,8,18,0,2,0,0,0,0,0,12,0,0,.111,.111,.111,.222
Eric E Fornataro,STL,8,0,0,0,0,0,0,0,0,0,0,0,.000,.000,.000,.000
Yimi Y García Garcia,LAD,8,1,0,0,0,0,0,0,0,0,0,0,.000,.000,.000,.000
Caleb C Gindl R,MIL,8,19,0,3,0,0,0,0,4,5,0,0,.158,.304,.158,.462
Miguel M Olivo,LAD,8,23,4,5,0,1,0,2,1,12,0,0,.217,.240,.304,.544
Dan D Otero,OAK,8,0,0,0,0,0,0,0,0,0,0,0,.000,.000,.000,.000
Troy T Patton,SD,8,0,0,0,0,0,0,0,0,0,0,0,.000,.000,.000,.000
Brad B Penny,MIA,8,6,1,2,1,0,0,0,0,3,0,0,.333,.333,.500,.833
Hernan H Pérez,DET,8,5,1,1,0,0,0,0,1,1,0,0,.200,.333,.200,.533
Ryan R Roberts,BOS,8,19,1,2,0,0,0,0,3,7,0,0,.105,.227,.105,.332
Jason J Rogers,MIL,8,9,0,1,1,0,0,0,1,1,0,0,.111,.200,.222,.422
Tony T Sipp,HOU,8,0,0,0,0,0,0,0,0,0,0,0,.000,.000,.000,.000
Ali A Solis,TB,8,6,0,0,0,0,0,1,0,4,0,0,.000,.000,.000,.000
Hunter H Strickland,SF,8,0,0,0,0,0,0,0,0,0,0,0,.000,.000,.000,.000
Marcus M Stroman,TOR,8,0,2,0,0,0,0,0,0,0,0,0,.000,.000,.000,.000
Eli E Whiteside,CHC,8,25,0,3,1,0,0,2,0,8,1,0,.120,.115,.160,.275
Chase Cd' Arnaudd' Arnaud,PIT,8,0,2,0,0,0,0,0,0,0,0,2,.000,.000,.000,.000
Fernando F Abad,OAK,7,0,0,0,0,0,0,0,0,0,0,0,.000,.000,.000,.000
Cristhian C Adames S,COL,7,15,1,1,0,0,0,0,0,5,0,0,.067,.067,.067,.133
Scott S Atchison,CLE,7,0,0,0,0,0,0,0,0,0,0,0,.000,.000,.000,.000
Doug D Bernier,MIN,7,7,2,2,0,0,0,0,1,2,0,0,.286,.444,.286,.730
Brad B Boxberger,TB,7,1,0,0,0,0,0,0,0,0,0,0,.000,.000,.000,.000
Gary G Brown C,SF,7,7,1,3,0,0,0,1,0,0,0,0,.429,.429,.429,.857
Dan D Butler,BOS,7,19,1,4,3,0,0,2,1,5,0,0,.211,.250,.368,.618
Ronny R Cedeno,PHI,7,9,0,0,0,0,0,0,0,2,0,0,.000,.000,.000,.000
Erik E Cordier,SF,7,0,0,0,0,0,0,0,0,0,0,0,.000,.000,.000,.000
Ryan R Dennick,CIN,7,0,0,0,0,0,0,0,0,0,0,0,.000,.000,.000,.000
Scott S Elbert,LAD,7,0,0,0,0,0,0,0,0,0,0,0,.000,.000,.000,.000
Jaime J García Garcia,STL,7,12,2,3,0,0,0,0,0,2,0,0,.250,.308,.250,.558
Andrew A Heaney,MIA,7,8,0,1,0,0,0,0,0,2,0,0,.125,.125,.125,.250
Brett B Jackson R,ARI,7,4,0,0,0,0,0,0,1,1,0,0,.000,.200,.000,.200
Elliot E Johnson R,CLE,7,19,1,2,2,0,0,0,0,7,0,0,.105,.105,.211,.316
Raffy R Lopez,CHC,7,11,0,2,0,0,0,1,2,4,0,0,.182,.286,.182,.468
Jose J Pirela,NYY,7,24,6,8,1,2,0,3,1,4,0,0,.333,.360,.542,.902
David D Robertson,NYY,7,0,0,0,0,0,0,0,0,0,0,0,.000,.000,.000,.000
Fernando F Rodney,SEA,7,0,0,0,0,0,0,0,0,0,0,0,.000,.000,.000,.000
Guilder G Rodriguez,TEX,7,12,2,2,0,0,0,1,1,5,0,0,.167,.231,.167,.397
Austin Au Romine,NYY,7,13,2,3,1,0,0,1,0,4,0,0,.231,.231,.308,.538
Max M Stassi,HOU,7,20,2,7,2,0,0,4,0,6,0,0,.350,.350,.450,.800
Jackson J Williams,COL,7,14,1,3,0,0,1,3,2,4,0,0,.214,.313,.429,.741
Lane L Adams,KC,6,3,1,0,0,0,0,0,0,2,0,0,.000,.000,.000,.000
Burke B Badenhop,BOS,6,0,0,0,0,0,0,0,0,0,0,0,.000,.000,.000,.000
Ronald R Belisario,CWS,6,0,0,0,0,0,0,0,0,0,0,0,.000,.000,.000,.000
Dellin D Betances,NYY,6,0,0,0,0,0,0,0,0,0,0,0,.000,.000,.000,.000
Brad B Brach,BAL,6,1,0,0,0,0,0,0,0,0,0,0,.000,.000,.000,.000
Joey J Butler,STL,6,5,0,0,0,0,0,0,1,3,0,0,.000,.167,.000,.167
Arquimedes A Caminero,MIA,6,0,0,0,0,0,0,0,0,0,0,0,.000,.000,.000,.000
Leonel L Campos,SD,6,0,0,0,0,0,0,0,0,0,0,0,.000,.000,.000,.000
Wade W Davis,KC,6,0,0,0,0,0,0,0,0,0,0,0,.000,.000,.000,.000
Casey C Fien,MIN,6,0,0,0,0,0,0,0,0,0,0,0,.000,.000,.000,.000
Alfredo A Figaro,MIL,6,1,0,0,0,0,0,0,0,0,0,0,.000,.000,.000,.000
Charlie C Furbush,SEA,6,0,0,0,0,0,0,0,0,0,0,0,.000,.000,.000,.000
Brad B Glenn R,TOR,6,15,0,1,0,0,0,0,1,5,0,0,.067,.125,.067,.192
Erik E Goeddel,NYM,6,0,0,0,0,0,0,0,0,0,0,0,.000,.000,.000,.000
Matt M Guerrier,MIN,6,0,0,0,0,0,0,0,0,0,0,0,.000,.000,.000,.000
Greg G Holland,KC,6,0,0,0,0,0,0,0,0,0,0,0,.000,.000,.000,.000
David D Holmberg,CIN,6,5,0,0,0,0,0,0,0,2,0,0,.000,.000,.000,.000
Kevin K Jepsen,LAA,6,0,0,0,0,0,0,0,0,0,0,0,.000,.000,.000,.000
Ian I Krol,DET,6,1,0,0,0,0,0,0,0,0,0,0,.000,.000,.000,.000
Bobby B La Fromboise,PIT,6,0,0,0,0,0,0,0,0,0,0,0,.000,.000,.000,.000
Andy A Marte,ARI,6,16,1,3,0,0,1,3,0,3,0,0,.188,.188,.375,.562
Ryan R Mattheus,WSH,6,0,0,0,0,0,0,0,0,0,0,0,.000,.000,.000,.000
Jesus J Montero D,SEA,6,17,1,4,0,0,1,2,0,3,0,0,.235,.235,.412,.647
Curtis C Partch,CIN,6,0,0,0,0,0,0,0,0,0,0,0,.000,.000,.000,.000
Jake J Petricka,CWS,6,0,0,0,0,0,0,0,0,0,0,0,.000,.000,.000,.000
Tommy T Pham L,STL,6,2,0,0,0,0,0,0,0,2,0,0,.000,.000,.000,.000
Wandy W Rodriguez,PIT,6,8,0,2,0,0,0,0,0,2,0,0,.250,.250,.250,.500
Ryan R Rowland- Smith,ARI,6,1,0,0,0,0,0,0,0,1,0,0,.000,.000,.000,.000
Casey C Sadler,PIT,6,0,0,0,0,0,0,0,0,0,0,0,.000,.000,.000,.000
Domingo D Santana L,HOU,6,17,1,0,0,0,0,0,1,14,0,0,.000,.056,.000,.056
Scott S Sizemore,NYY,6,16,3,5,2,0,0,4,0,8,0,0,.313,.313,.438,.750
Joe J Smith,LAA,6,0,0,0,0,0,0,0,0,0,0,0,.000,.000,.000,.000
Dan D Straily,CHC,6,1,0,0,0,0,0,0,1,1,0,0,.000,.500,.000,.500
Junichi J Tazawa,BOS,6,0,0,0,0,0,0,0,0,0,0,0,.000,.000,.000,.000
Shawn S Tolleson,TEX,6,0,0,0,0,0,0,0,0,0,0,0,.000,.000,.000,.000
Christian C Walker,BAL,6,18,1,3,1,0,1,1,1,9,0,0,.167,.211,.389,.599
Adam A Warren,NYY,6,0,0,0,0,0,0,0,0,0,0,0,.000,.000,.000,.000
Randy R Wolf,MIA,6,7,0,1,0,0,0,0,0,1,0,0,.143,.143,.143,.286
Al A Alburquerque,DET,5,0,0,0,0,0,0,0,0,0,0,0,.000,.000,.000,.000
Cody C Allen,CLE,5,0,0,0,0,0,0,0,0,0,0,0,.000,.000,.000,.000
Phillippe P Aumont,PHI,5,1,0,0,0,0,0,0,0,1,0,0,.000,.000,.000,.000
Jared J Burton,MIN,5,0,0,0,0,0,0,0,0,0,0,0,.000,.000,.000,.000
Brett B Cecil,TOR,5,0,0,0,0,0,0,0,0,0,0,0,.000,.000,.000,.000
Joba J Chamberlain,DET,5,1,0,0,0,0,0,0,0,1,0,0,.000,.000,.000,.000
Phil P Coke,DET,5,0,0,0,0,0,0,0,0,0,0,0,.000,.000,.000,.000
Daniel D Corcino,CIN,5,3,0,1,0,0,0,0,0,0,0,0,.333,.333,.333,.667
Danny D Coulombe,LAD,5,0,0,0,0,0,0,0,0,0,0,0,.000,.000,.000,.000
Kyle K Crockett,CLE,5,0,0,0,0,0,0,0,0,0,0,0,.000,.000,.000,.000
Aaron A Crow,KC,5,0,0,0,0,0,0,0,0,0,0,0,.000,.000,.000,.000
Jaff J Decker,PIT,5,5,0,0,0,0,0,0,0,3,0,0,.000,.000,.000,.000
Samuel S Deduno,HOU,5,5,0,1,1,0,0,0,0,4,0,0,.200,.200,.400,.600
Jose J Domínguez Dominguez,LAD,5,1,0,0,0,0,0,0,0,1,0,0,.000,.000,.000,.000
Sean S Doolittle,OAK,5,1,0,0,0,0,0,0,0,0,0,0,.000,.000,.000,.000
Scott S Downs,CWS,5,0,0,0,0,0,0,0,0,0,0,0,.000,.000,.000,.000
Jake J Elmore S,CIN,5,11,0,2,0,0,0,0,1,4,0,0,.182,.250,.182,.432
Danny D Farquhar,SEA,5,0,0,0,0,0,0,0,0,0,0,0,.000,.000,.000,.000
Jason J Frasor,KC,5,0,0,0,0,0,0,0,0,0,0,0,.000,.000,.000,.000
Miguel Alfredo M Gonzalez,PHI,5,0,0,0,0,0,0,0,0,0,0,0,.000,.000,.000,.000
Taylor T Jordan,WSH,5,8,1,1,0,0,0,0,0,4,0,0,.125,.125,.125,.250
Brian B Matusz,BAL,5,0,0,0,0,0,0,0,0,0,0,0,.000,.000,.000,.000
Jake J Mc Gee,TB,5,0,0,0,0,0,0,0,0,0,0,0,.000,.000,.000,.000
Darren D O' Day,BAL,5,0,0,0,0,0,0,0,0,0,0,0,.000,.000,.000,.000
Jorge J Polanco S,MIN,5,6,2,2,1,1,0,3,2,2,0,0,.333,.500,.833,1.333
Marc M Rzepczynski,CLE,5,0,0,0,0,0,0,0,0,0,0,0,.000,.000,.000,.000
Fernando F Salas,LAA,5,0,0,0,0,0,0,0,0,0,0,0,.000,.000,.000,.000
Marco M Scutaro,SF,5,11,1,1,0,0,0,0,1,3,0,0,.091,.167,.091,.258
Zeke Z Spruill,ARI,5,5,0,1,1,0,0,0,0,1,0,0,.200,.200,.400,.600
Koji K Uehara,BOS,5,0,0,0,0,0,0,0,0,0,0,0,.000,.000,.000,.000
Tom T Wilhelmsen,SEA,5,0,0,0,0,0,0,0,0,0,0,0,.000,.000,.000,.000
Alfredo A Aceves,NYY,4,0,0,0,0,0,0,0,0,0,0,0,.000,.000,.000,.000
Dario D Alvarez,NYM,4,0,0,0,0,0,0,0,0,0,0,0,.000,.000,.000,.000
Dylan D Axelrod,CIN,4,4,0,0,0,0,0,0,0,4,0,0,.000,.000,.000,.000
Grant G Balfour,TB,4,0,0,0,0,0,0,0,0,0,0,0,.000,.000,.000,.000
Mike M Baxter,LAD,4,7,0,0,0,0,0,0,1,2,0,0,.000,.125,.000,.125
Joe J Beimel,SEA,4,0,0,0,0,0,0,0,0,0,0,0,.000,.000,.000,.000
Vince V Belnome D,TB,4,10,1,1,1,0,0,1,3,3,0,0,.100,.286,.200,.486
Tyler T Chatwood,COL,4,10,0,1,0,0,0,0,0,5,0,0,.100,.100,.100,.200
Alex A Cobb,TB,4,8,0,1,1,0,0,1,0,2,0,0,.125,.222,.250,.472
Ryan R Cook,OAK,4,0,0,0,0,0,0,0,0,0,0,0,.000,.000,.000,.000
Neal N Cotts,TEX,4,0,0,0,0,0,0,0,0,0,0,0,.000,.000,.000,.000
R. A. R Dickey,TOR,4,9,0,0,0,0,0,0,0,2,0,0,.000,.000,.000,.000
Felix F Doubront,CHC,4,7,0,1,0,0,0,0,1,5,0,0,.143,.250,.143,.393
Darin D Downs,HOU,4,0,0,0,0,0,0,0,0,0,0,0,.000,.000,.000,.000
Brian B Duensing,MIN,4,0,0,0,0,0,0,0,0,0,0,0,.000,.000,.000,.000
Neftali N Feliz,TEX,4,0,0,0,0,0,0,0,0,0,0,0,.000,.000,.000,.000
Kelvin K Herrera,KC,4,0,0,0,0,0,0,0,0,0,0,0,.000,.000,.000,.000
Drew D Hutchison,TOR,4,4,0,2,0,0,0,0,0,2,0,0,.500,.500,.500,1.000
Eric E Jokisch,CHC,4,3,0,0,0,0,0,0,0,1,0,0,.000,.000,.000,.000
Corey C Kluber,CLE,4,5,0,1,0,0,0,0,0,2,0,0,.200,.200,.200,.400
Jeff J Kobernus,WSH,4,6,2,0,0,0,0,0,1,1,0,0,.000,.250,.000,.250
John J Lannan,NYM,4,0,0,0,0,0,0,0,0,0,0,0,.000,.000,.000,.000
Tommy T Layne,BOS,4,0,0,0,0,0,0,0,0,0,0,0,.000,.000,.000,.000
Dominic D Leone,SEA,4,0,0,0,0,0,0,0,0,0,0,0,.000,.000,.000,.000
Wilton W Lopez,COL,4,0,0,0,0,0,0,0,0,0,0,0,.000,.000,.000,.000
Aaron A Loup,TOR,4,0,0,0,0,0,0,0,0,0,0,0,.000,.000,.000,.000
Nick N Martínez Martinez,TEX,4,3,1,0,0,0,0,0,0,2,0,0,.000,.000,.000,.000
Vin V Mazzaro,PIT,4,1,0,0,0,0,0,0,0,0,0,0,.000,.000,.000,.000
Dustin D Mc Gowan,TOR,4,4,0,0,0,0,0,0,0,3,0,0,.000,.000,.000,.000
Yoervis Y Medina,SEA,4,0,0,0,0,0,0,0,0,0,0,0,.000,.000,.000,.000
Edward E Mujica,BOS,4,0,0,0,0,0,0,0,0,0,0,0,.000,.000,.000,.000
Eric E O' Flaherty,OAK,4,0,0,0,0,0,0,0,0,0,0,0,.000,.000,.000,.000
Carlos C Peguero R,KC,4,9,1,2,1,0,0,1,1,5,0,0,.222,.300,.333,.633
Joel J Peralta,TB,4,0,0,0,0,0,0,0,0,0,0,0,.000,.000,.000,.000
Eury E Pérez Perez C,NYY,4,10,2,2,0,0,0,0,0,3,1,0,.200,.200,.200,.400
Glen G Perkins,MIN,4,0,0,0,0,0,0,0,0,0,0,0,.000,.000,.000,.000
Zach Z Putnam,CWS,4,0,0,0,0,0,0,0,0,0,0,0,.000,.000,.000,.000
Jose J Quintana,CWS,4,9,0,0,0,0,0,0,0,4,0,0,.000,.000,.000,.000
Cesar C Ramos,TB,4,1,0,0,0,0,0,0,0,1,0,0,.000,.000,.000,.000
Garrett G Richards,LAA,4,11,0,0,0,0,0,0,0,4,0,0,.000,.000,.000,.000
Carlos C Rivero,BOS,4,7,1,4,2,0,1,3,1,0,0,0,.571,.625,1.286,1.911
Chris C Rusin,CHC,4,3,0,0,0,0,0,0,0,1,0,0,.000,.000,.000,.000
Sergio S Santos,TOR,4,0,0,0,0,0,0,0,0,0,0,0,.000,.000,.000,.000
Bo B Schultz,ARI,4,1,0,0,0,0,0,0,0,0,0,0,.000,.000,.000,.000
Bryan B Shaw,CLE,4,0,0,0,0,0,0,0,0,0,0,0,.000,.000,.000,.000
Arodys A Vizcaíno Vizcaino,CHC,4,0,0,0,0,0,0,0,0,0,0,0,.000,.000,.000,.000
Ryan R Webb,BAL,4,0,0,0,0,0,0,0,0,0,0,0,.000,.000,.000,.000
Joe J Wieland,SD,4,3,0,0,0,0,0,0,0,2,0,0,.000,.000,.000,.000
Tony T Abreu,SF,3,4,0,0,0,0,0,0,0,0,0,0,.000,.000,.000,.000
Jason J Bartlett,MIN,3,3,3,0,0,0,0,0,0,3,0,0,.000,.250,.000,.250
Pedro P Beato,ATL,3,0,0,0,0,0,0,0,0,0,0,0,.000,.000,.000,.000
Jeff J Beliveau,TB,3,0,0,0,0,0,0,0,0,0,0,0,.000,.000,.000,.000
Brett B Bochy,SF,3,0,0,0,0,0,0,0,0,0,0,0,.000,.000,.000,.000
Zack Z Britton,BAL,3,0,0,0,0,0,0,0,0,0,0,0,.000,.000,.000,.000
Corey C Brown,BOS,3,1,0,0,0,0,0,0,0,1,0,0,.000,.000,.000,.000
Eddie E Butler,COL,3,6,0,0,0,0,0,0,0,3,0,0,.000,.000,.000,.000
Preston P Claiborne,NYY,3,0,0,0,0,0,0,0,0,0,0,0,.000,.000,.000,.000
Danny D Duffy,KC,3,6,1,0,0,0,0,0,0,3,0,0,.000,.000,.000,.000
Josh J Fields,HOU,3,0,0,0,0,0,0,0,0,0,0,0,.000,.000,.000,.000
Jeff J Francis,OAK,3,2,0,0,0,0,0,0,0,2,0,0,.000,.000,.000,.000
Luke L Gregerson,OAK,3,0,0,0,0,0,0,0,0,0,0,0,.000,.000,.000,.000
Jeremy J Guthrie,KC,3,5,0,0,0,0,0,0,0,1,0,0,.000,.167,.000,.167
Matt M Hague,PIT,3,2,0,0,0,0,0,0,0,1,0,0,.000,.000,.000,.000
J. A. J Happ,TOR,3,4,0,0,0,0,0,0,0,4,0,0,.000,.000,.000,.000
Alex A Hassan R,BOS,3,8,1,1,0,0,0,0,1,5,0,0,.125,.222,.125,.347
Chris C Heston,SF,3,1,0,0,0,0,0,0,0,1,0,0,.000,.000,.000,.000
Taylor T Hill,WSH,3,3,0,1,0,0,0,0,0,0,0,0,.333,.333,.333,.667
Daniel D Hudson,ARI,3,0,0,0,0,0,0,0,0,0,0,0,.000,.000,.000,.000
Chad C Jenkins,TOR,3,0,0,0,0,0,0,0,0,0,0,0,.000,.000,.000,.000
Jim J Johnson,OAK,3,1,0,0,0,0,0,0,0,1,0,0,.000,.000,.000,.000
Dallas D Keuchel,HOU,3,3,1,0,0,0,0,0,1,2,0,0,.000,.250,.000,.250
Michael M Kohn,LAA,3,0,0,0,0,0,0,0,0,0,0,0,.000,.000,.000,.000
Jason J Lane,SD,3,3,0,1,0,0,0,0,0,0,0,0,.333,.333,.333,.667
C. C Lee,CLE,3,0,0,0,0,0,0,0,0,0,0,0,.000,.000,.000,.000
T. J. T Mc Farland,BAL,3,0,0,0,0,0,0,0,0,0,0,0,.000,.000,.000,.000
Andrew A Miller,BAL,3,0,0,0,0,0,0,0,0,0,0,0,.000,.000,.000,.000
Mike M Morin,LAA,3,0,0,0,0,0,0,0,0,0,0,0,.000,.000,.000,.000
Joe J Nathan,DET,3,0,0,0,0,0,0,0,0,0,0,0,.000,.000,.000,.000
Bud B Norris,BAL,3,3,0,1,0,0,0,1,0,1,0,0,.333,.333,.333,.667
Sean S O' Sullivan,PHI,3,3,0,0,0,0,0,0,0,2,0,0,.000,.000,.000,.000
Joe J Paterson,ARI,3,0,0,0,0,0,0,0,0,0,0,0,.000,.000,.000,.000
Brad B Peacock,HOU,3,5,0,0,0,0,0,0,0,5,0,0,.000,.000,.000,.000
Vinnie V Pestano,CLE,3,0,0,0,0,0,0,0,0,0,0,0,.000,.000,.000,.000
Cord C Phelps,BAL,3,3,0,0,0,0,0,0,0,0,0,0,.000,.000,.000,.000
Aaron A Poreda,TEX,3,0,0,0,0,0,0,0,0,0,0,0,.000,.000,.000,.000
Chad C Qualls,HOU,3,0,0,0,0,0,0,0,0,0,0,0,.000,.000,.000,.000
Humberto H Quintero,SEA,3,2,0,0,0,0,0,1,0,1,0,0,.000,.000,.000,.000
Cory C Rasmus,LAA,3,0,0,0,0,0,0,0,0,0,0,0,.000,.000,.000,.000
Todd T Redmond,TOR,3,1,0,0,0,0,0,0,0,0,0,0,.000,.000,.000,.000
James J Shields,KC,3,7,1,2,1,0,0,1,0,1,0,0,.286,.286,.429,.714
Anthony A Swarzak,MIN,3,0,0,0,0,0,0,0,0,0,0,0,.000,.000,.000,.000
Masahiro M Tanaka,NYY,3,9,0,1,0,0,0,0,0,5,0,0,.111,.111,.111,.222
Chris C Tillman,BAL,3,4,1,0,0,0,0,0,0,2,0,0,.000,.000,.000,.000
Justin J Verlander,DET,3,6,1,2,0,0,0,0,0,0,0,0,.333,.333,.333,.667
Daniel D Webb,CWS,3,0,0,0,0,0,0,0,0,0,0,0,.000,.000,.000,.000
Chase C Whitley,NYY,3,5,0,1,0,0,0,0,0,0,0,0,.200,.200,.200,.400
Kirby K Yates,TB,3,0,0,0,0,0,0,0,0,0,0,0,.000,.000,.000,.000
Josh J Zeid,HOU,3,1,0,0,0,0,0,0,0,1,0,0,.000,.000,.000,.000
Aaron A Altherr L,PHI,2,5,0,0,0,0,0,0,0,2,0,0,.000,.000,.000,.000
Chris C Archer,TB,2,4,0,0,0,0,0,0,0,2,0,0,.000,.000,.000,.000
Cam C Bedrosian,LAA,2,0,0,0,0,0,0,0,0,0,0,0,.000,.000,.000,.000
Dallas D Beeler,CHC,2,4,0,1,0,0,0,0,0,2,0,0,.250,.250,.250,.500
Trevor T Bell,CIN,2,0,0,0,0,0,0,0,0,0,0,0,.000,.000,.000,.000
Craig C Breslow,BOS,2,0,0,0,0,0,0,0,0,0,0,0,.000,.000,.000,.000
Drake D Britton,BOS,2,0,0,0,0,0,0,0,0,0,0,0,.000,.000,.000,.000
Jake J Buchanan,HOU,2,1,0,0,0,0,0,0,0,0,0,0,.000,.000,.000,.000
Clay C Buchholz,BOS,2,2,0,1,0,0,0,0,0,0,0,0,.500,.500,.500,1.000
Francisley F Bueno,KC,2,0,0,0,0,0,0,0,0,0,0,0,.000,.000,.000,.000
Keith K Butler,STL,2,0,0,0,0,0,0,0,0,0,0,0,.000,.000,.000,.000
Shawn S Camp,PHI,2,0,0,0,0,0,0,0,0,0,0,0,.000,.000,.000,.000
Carlos C Carrasco,CLE,2,2,0,0,0,0,0,0,0,2,0,0,.000,.000,.000,.000
Kevin K Chapman,HOU,2,0,0,0,0,0,0,0,0,0,0,0,.000,.000,.000,.000
Jesse J Chavez,OAK,2,3,0,0,0,0,0,0,0,3,0,0,.000,.000,.000,.000
Louis L Coleman,KC,2,0,0,0,0,0,0,0,0,0,0,0,.000,.000,.000,.000
Matt M Daley,NYY,2,0,0,0,0,0,0,0,0,0,0,0,.000,.000,.000,.000
Yu Y Darvish,TEX,2,5,0,1,1,0,0,0,0,2,0,0,.200,.200,.400,.600
Jorge J De Leon,HOU,2,0,0,0,0,0,0,0,0,0,0,0,.000,.000,.000,.000
Steve S Delabar,TOR,2,0,0,0,0,0,0,0,0,0,0,0,.000,.000,.000,.000
Roenis R Elías Elias,SEA,2,4,0,0,0,0,0,0,0,1,0,0,.000,.000,.000,.000
Brian B Flynn,MIA,2,2,0,0,0,0,0,0,0,0,0,0,.000,.000,.000,.000
Mike M Foltynewicz,HOU,2,0,0,0,0,0,0,0,0,0,0,0,.000,.000,.000,.000
Kevin K Gausman,BAL,2,3,0,0,0,0,0,0,0,2,0,0,.000,.000,.000,.000
Kyle K Gibson,MIN,2,4,0,1,0,0,0,0,0,2,0,0,.250,.250,.250,.500
Miguel M González Gonzalez,BAL,2,5,0,0,0,0,0,0,0,2,0,0,.000,.000,.000,.000
Sonny S Gray,OAK,2,2,0,0,0,0,0,0,0,1,0,0,.000,.000,.000,.000
Javy J Guerra,CWS,2,0,0,0,0,0,0,0,0,0,0,0,.000,.000,.000,.000
Bradin B Hagens,ARI,2,0,0,0,0,0,0,0,0,0,0,0,.000,.000,.000,.000
Phil P Hughes,MIN,2,6,0,0,0,0,0,0,0,4,0,0,.000,.000,.000,.000
Tommy T Hunter,BAL,2,0,0,0,0,0,0,0,0,0,0,0,.000,.000,.000,.000
Hisashi H Iwakuma,SEA,2,4,0,0,0,0,0,0,1,3,0,0,.000,.200,.000,.200
Casey C Janssen,TOR,2,0,0,0,0,0,0,0,0,0,0,0,.000,.000,.000,.000
Jair J Jurrjens,COL,2,1,0,0,0,0,0,0,0,0,0,1,.000,.000,.000,.000
Scott S Kazmir,OAK,2,4,0,0,0,0,0,0,0,1,0,0,.000,.000,.000,.000
Mike M Kickham,SF,2,0,0,0,0,0,0,0,0,0,0,0,.000,.000,.000,.000
Wade W Le Blanc,LAA,2,0,0,0,0,0,0,0,0,0,0,0,.000,.000,.000,.000
Jon J Lester,OAK,2,5,0,0,0,0,0,0,0,3,0,0,.000,.000,.000,.000
Colby C Lewis,TEX,2,5,0,2,0,0,0,1,0,2,0,0,.400,.400,.400,.800
Brad B Lincoln,PHI,2,0,0,0,0,0,0,0,0,0,0,0,.000,.000,.000,.000
Matt M Lindstrom,CWS,2,0,0,0,0,0,0,0,0,0,0,0,.000,.000,.000,.000
Josh J Lueke,TB,2,0,0,0,0,0,0,0,0,0,0,0,.000,.000,.000,.000
Ethan E Martin,PHI,2,0,0,0,0,0,0,0,0,0,0,0,.000,.000,.000,.000
Brandon B Maurer,SEA,2,1,0,0,0,0,0,0,0,0,0,0,.000,.000,.000,.000
Roman R Mendez,TEX,2,0,0,0,0,0,0,0,0,0,0,0,.000,.000,.000,.000
Tommy T Milone,OAK,2,4,0,0,0,0,0,0,0,1,0,0,.000,.000,.000,.000
Hector H Noesí Noesi,CWS,2,4,0,0,0,0,0,0,0,1,0,0,.000,.000,.000,.000
Jake J Odorizzi,TB,2,4,0,0,0,0,0,1,1,3,0,0,.000,.200,.000,.200
Josh J Outman,CLE,2,0,0,0,0,0,0,0,0,0,0,0,.000,.000,.000,.000
Jonathan J Pettibone,PHI,2,2,0,0,0,0,0,0,0,1,0,0,.000,.000,.000,.000
David D Phelps,NYY,2,4,0,0,0,0,0,0,0,1,0,0,.000,.000,.000,.000
Rick R Porcello,DET,2,4,0,0,0,0,0,0,0,2,0,0,.000,.000,.000,.000
Jason J Pridie L,COL,2,4,1,0,0,0,0,0,0,2,0,0,.000,.000,.000,.000
Guillermo G Quiroz,SF,2,3,0,0,0,0,0,0,0,0,0,0,.000,.000,.000,.000
Erasmo E Ramírez Ramirez,SEA,2,2,0,0,0,0,0,0,0,1,0,0,.000,.000,.000,.000
Anthony A Ranaudo,BOS,2,5,0,0,0,0,0,0,0,3,0,0,.000,.000,.000,.000
Henry Alberto H Rodriguez,MIA,2,0,0,0,0,0,0,0,0,0,0,0,.000,.000,.000,.000
Robbie R Ross,TEX,2,1,0,0,0,0,0,0,1,0,0,0,.000,.500,.000,.500
Danny D Salazar,CLE,2,3,0,0,0,0,0,0,0,3,0,0,.000,.000,.000,.000
Anibal A Sánchez Sanchez,DET,2,5,0,1,1,0,0,1,0,3,0,0,.200,.200,.400,.600
Hector H Santiago,LAA,2,4,0,1,0,0,0,0,0,1,0,0,.250,.250,.250,.500
Max M Scherzer,DET,2,2,0,0,0,0,0,0,0,1,0,0,.000,.000,.000,.000
Joakim J Soria,TEX,2,0,0,0,0,0,0,0,0,0,0,0,.000,.000,.000,.000
Nick N Tepesch,TEX,2,2,0,1,0,0,0,0,0,0,0,0,.500,.500,.500,1.000
Wilfredo W Tovar S,NYM,2,3,0,0,0,0,0,0,0,0,0,0,.000,.000,.000,.000
Sam S Tuivailala,STL,2,0,0,0,0,0,0,0,0,0,0,0,.000,.000,.000,.000
Yordano Y Ventura,KC,2,4,1,1,0,0,0,0,0,3,0,0,.250,.250,.250,.500
C. J. C Wilson,LAA,2,2,1,0,0,0,0,0,1,2,0,0,.000,.333,.000,.333
Bobby B Wilson,ARI,2,4,0,1,0,0,0,0,0,0,0,0,.250,.250,.250,.500
Alex A Wilson,BOS,2,0,0,0,0,0,0,0,0,0,0,0,.000,.000,.000,.000
Brandon B Workman,BOS,2,3,0,0,0,0,0,0,0,3,0,0,.000,.000,.000,.000
Hector H Ambriz,SD,1,0,0,0,0,0,0,0,0,0,0,0,.000,.000,.000,.000
Bryan B Anderson,OAK,1,1,0,0,0,0,0,0,0,0,0,0,.000,.000,.000,.000
Scott S Baker,TEX,1,1,0,0,0,0,0,0,0,1,0,0,.000,.000,.000,.000
Matt M Barnes,BOS,1,0,0,0,0,0,0,0,0,0,0,0,.000,.000,.000,.000
Trevor T Bauer,CLE,1,2,0,0,0,0,0,0,0,2,0,0,.000,.000,.000,.000
Erik E Bedard,TB,1,0,0,0,0,0,0,0,0,0,0,0,.000,.000,.000,.000
Heath H Bell,TB,1,0,0,0,0,0,0,0,0,0,0,0,.000,.000,.000,.000
Ryan R Buchter,ATL,1,0,0,0,0,0,0,0,0,0,0,0,.000,.000,.000,.000
Billy B Buckner,SD,1,1,0,0,0,0,0,0,0,0,0,0,.000,.000,.000,.000
Chris C Capuano,BOS,1,0,0,0,0,0,0,0,0,0,0,0,.000,.000,.000,.000
Alexi A Casilla,BAL,1,4,0,0,0,0,0,0,0,1,0,0,.000,.000,.000,.000
Andrew A Chafin,ARI,1,2,0,1,0,0,0,1,0,1,0,0,.500,.500,.500,1.000
Wei- Yin W Chen,BAL,1,1,0,0,0,0,0,0,0,1,0,0,.000,.000,.000,.000
Maikel M Cleto,CWS,1,0,0,0,0,0,0,0,0,0,0,0,.000,.000,.000,.000
Tim T Collins,KC,1,0,0,0,0,0,0,0,0,0,0,0,.000,.000,.000,.000
John J Danks,CWS,1,3,0,1,0,0,0,0,0,1,0,0,.333,.333,.333,.667
Dane D De La Rosa,LAA,1,0,0,0,0,0,0,0,0,0,0,0,.000,.000,.000,.000
Rubby R De La Rosa,BOS,1,2,0,0,0,0,0,0,0,0,0,0,.000,.000,.000,.000
Kyle K Drabek,TOR,1,0,0,0,0,0,0,0,0,0,0,0,.000,.000,.000,.000
Jake J Dunning,SF,1,0,0,0,0,0,0,0,0,0,0,0,.000,.000,.000,.000
Jon J Edwards,TEX,1,0,0,0,0,0,0,0,0,0,0,0,.000,.000,.000,.000
Scott S Feldman,HOU,1,2,0,0,0,0,0,0,0,2,0,0,.000,.000,.000,.000
Stephen S Fife,LAD,1,3,0,0,0,0,0,0,0,1,0,0,.000,.000,.000,.000
Brandon B Gomes,TB,1,0,0,0,0,0,0,0,0,0,0,0,.000,.000,.000,.000
Preston P Guilmet,BAL,1,0,0,0,0,0,0,0,0,0,0,0,.000,.000,.000,.000
Nick N Hagadone,CLE,1,0,0,0,0,0,0,0,0,0,0,0,.000,.000,.000,.000
Blaine B Hardy,DET,1,0,0,0,0,0,0,0,0,0,0,0,.000,.000,.000,.000
Heath H Hembree,BOS,1,0,0,0,0,0,0,0,0,0,0,0,.000,.000,.000,.000
Liam L Hendriks,TOR,1,0,0,0,0,0,0,0,0,0,0,0,.000,.000,.000,.000
Felix F Hernández Hernandez,SEA,1,2,0,0,0,0,0,0,0,0,0,0,.000,.000,.000,.000
Pedro P Hernandez,COL,1,2,0,0,0,0,0,0,0,2,0,0,.000,.000,.000,.000
T J House,CLE,1,2,0,0,0,0,0,0,0,2,0,0,.000,.000,.000,.000
Ubaldo U Jiménez Jimenez,BAL,1,1,0,0,0,0,0,0,0,0,0,0,.000,.000,.000,.000
Erik E Johnson,CWS,1,3,0,0,0,0,0,0,0,0,0,0,.000,.000,.000,.000
Kris K Johnson,MIN,1,1,0,0,0,0,0,0,0,1,0,0,.000,.000,.000,.000
Shawn S Kelley,NYY,1,0,0,0,0,0,0,0,0,0,0,0,.000,.000,.000,.000
Phil P Klein,TEX,1,0,0,0,0,0,0,0,0,0,0,0,.000,.000,.000,.000
Corey C Knebel,DET,1,0,0,0,0,0,0,0,0,0,0,0,.000,.000,.000,.000
Hiroki H Kuroda,NYY,1,3,0,0,0,0,0,0,0,0,0,0,.000,.000,.000,.000
Chris C Leroux,NYY,1,0,0,0,0,0,0,0,0,0,0,0,.000,.000,.000,.000
Mark M Lowe,CLE,1,0,0,0,0,0,0,0,0,0,0,0,.000,.000,.000,.000
Zach Z Mc Allister,CLE,1,2,0,1,0,0,0,0,0,0,0,0,.500,.500,.500,1.000
Collin C Mc Hugh,HOU,1,2,0,0,0,0,0,0,0,0,0,0,.000,.000,.000,.000
Miles M Mikolas,TEX,1,1,0,0,0,0,0,0,0,0,0,0,.000,.000,.000,.000
Justin J Miller,DET,1,0,0,0,0,0,0,0,0,0,0,0,.000,.000,.000,.000
Brad B Mills,OAK,1,3,0,0,0,0,0,0,0,1,0,0,.000,.000,.000,.000
Brandon B Morrow,TOR,1,2,0,0,0,0,0,0,0,2,0,0,.000,.000,.000,.000
Hector H Neris,PHI,1,0,0,0,0,0,0,0,0,0,0,0,.000,.000,.000,.000
Ricky R Nolasco,MIN,1,2,0,0,0,0,0,0,0,2,0,0,.000,.000,.000,.000
Alexi A Ogando,TEX,1,0,0,0,0,0,0,0,0,0,0,0,.000,.000,.000,.000
Juan Carlos J Oviedo,TB,1,0,0,0,0,0,0,0,0,0,0,0,.000,.000,.000,.000
Matt M Pagnozzi,MIL,1,0,0,0,0,0,0,0,0,0,0,0,.000,.000,.000,.000
Bobby B Parnell,NYM,1,0,0,0,0,0,0,0,0,0,0,0,.000,.000,.000,.000
Felipe F Paulino,CWS,1,1,0,0,0,0,0,0,0,0,0,0,.000,.000,.000,.000
James J Paxton,SEA,1,1,0,0,0,0,0,0,0,1,0,0,.000,.000,.000,.000
Francisco F Peña Pena,KC,1,0,0,0,0,0,0,0,0,0,0,0,.000,.000,.000,.000
Audry A Pérez Perez,STL,1,0,0,0,0,0,0,0,1,0,0,0,.000,1.000,.000,1.000
Martin M Pérez Perez,TEX,1,1,0,0,0,0,0,0,0,1,0,0,.000,.000,.000,.000
David D Price,TB,1,4,0,0,0,0,0,0,0,2,0,0,.000,.000,.000,.000
Luke L Putkonen,DET,1,0,0,0,0,0,0,0,0,0,0,0,.000,.000,.000,.000
Rob R Rasmussen,TOR,1,0,0,0,0,0,0,0,0,0,0,0,.000,.000,.000,.000
Robbie R Ray,DET,1,2,0,1,0,0,0,0,0,0,0,0,.500,.500,.500,1.000
Evan E Reed,DET,1,0,0,0,0,0,0,0,0,0,0,0,.000,.000,.000,.000
Andre A Rienzo,CWS,1,0,0,0,0,0,0,0,0,0,0,0,.000,.000,.000,.000
Wilking W Rodriguez,KC,1,0,0,0,0,0,0,0,0,0,0,0,.000,.000,.000,.000
Esmil E Rogers,TOR,1,1,0,0,0,0,0,0,0,0,0,0,.000,.000,.000,.000
Jorge J Rondon,STL,1,0,0,0,0,0,0,0,0,0,0,0,.000,.000,.000,.000
Drew D Rucinski,LAA,1,0,0,0,0,0,0,0,0,0,0,0,.000,.000,.000,.000
C Sabathia,NYY,1,2,0,0,0,0,0,0,0,0,0,0,.000,.000,.000,.000
Chris C Sale,CWS,1,3,0,0,0,0,0,0,0,2,0,0,.000,.000,.000,.000
Aaron A Sanchez,TOR,1,0,0,0,0,0,0,0,0,0,0,0,.000,.000,.000,.000
Evan E Scribner,OAK,1,0,0,0,0,0,0,0,0,0,0,0,.000,.000,.000,.000
Matt M Shoemaker,LAA,1,1,0,0,0,0,0,0,0,1,0,0,.000,.000,.000,.000
Tyler T Skaggs,LAA,1,3,0,0,0,0,0,0,0,2,0,0,.000,.000,.000,.000
Drew D Smyly,DET,1,1,0,0,0,0,0,0,0,1,0,0,.000,.000,.000,.000
Caleb C Thielbar,MIN,1,0,0,0,0,0,0,0,0,0,0,0,.000,.000,.000,.000
Josh J Tomlin,CLE,1,0,0,0,0,0,0,0,0,0,0,0,.000,.000,.000,.000
Nick N Tropeano,HOU,1,1,0,0,0,0,0,0,1,0,0,0,.000,.500,.000,.500
Donnie D Veal,CWS,1,0,0,0,0,0,0,0,0,0,0,0,.000,.000,.000,.000
Jered J Weaver,LAA,1,2,0,0,0,0,0,0,0,1,0,0,.000,.000,.000,.000
Kevin K Whelan,DET,1,0,0,0,0,0,0,0,0,0,0,0,.000,.000,.000,.000
Steven S Wright,BOS,1,0,0,0,0,0,0,0,0,0,0,0,.000,.000,.000,.000
Chris C Young,SEA,1,1,0,0,0,0,0,0,0,0,0,0,.000,.000,.000,.000
