PLAYER,TEAM,AB,R,H,2B,3B,HR,RBI,BB,SO,SB,CS,AVG,OBP,SLG,OPS
Hideki H Matsui L,NYY,163,623,82,179,42,1,16,106,63,86,2,2,.287,.353,.435,.788
Orlando O Cabrera S,MON,162,626,95,186,47,2,17,80,52,64,24,2,.297,.347,.460,.807
Aubrey A Huff R,TB,162,636,91,198,47,3,34,107,53,80,2,3,.311,.367,.555,.922
Juan J Pierre C,FLA,162,668,100,204,28,7,1,41,55,35,65,20,.305,.361,.373,.734
Richie R Sexson,MIL,162,606,97,165,28,2,45,124,98,151,2,3,.272,.379,.548,.927
Miguel M Tejada S,OAK,162,636,98,177,42,0,27,106,53,65,10,0,.278,.336,.472,.807
Tony T Batista,BAL,161,631,76,148,20,1,26,99,28,102,4,3,.235,.270,.393,.663
Carlos C Delgado,TOR,161,570,117,172,38,1,42,145,109,137,0,0,.302,.426,.593,1.019
Alex A Rodriguez S,TEX,161,607,124,181,30,6,47,118,87,126,17,3,.298,.396,.600,.996
Vernon V Wells C,TOR,161,678,118,215,49,5,33,117,42,80,4,1,.317,.359,.550,.909
Jeff J Bagwell,HOU,160,605,109,168,28,2,39,100,88,119,11,4,.278,.373,.524,.897
Aaron A Boone,NYY,160,592,92,158,32,3,24,96,46,104,23,3,.267,.327,.453,.780
Jay J Gibbons R,BAL,160,625,80,173,39,2,23,100,49,89,0,1,.277,.330,.456,.786
Shawn S Green R,LA,160,611,84,171,49,2,19,85,68,112,6,2,.280,.355,.460,.814
Todd T Helton,COL,160,583,135,209,49,5,33,117,111,72,0,4,.358,.458,.630,1.088
Magglio M Ordonez R,CWS,160,606,95,192,46,3,29,99,57,73,9,5,.317,.380,.546,.926
Michael M Young,TEX,160,666,106,204,33,9,14,72,36,103,13,2,.306,.339,.446,.785
Garret G Anderson L,ANA,159,638,80,201,49,4,29,116,31,83,6,3,.315,.345,.541,.886
Bret B Boone,SEA,159,622,111,183,35,5,35,117,68,125,16,3,.294,.366,.535,.902
Aramis A Ramirez,CHC,159,607,75,165,32,2,27,106,42,99,2,2,.272,.324,.465,.788
Ichiro I Suzuki R,SEA,159,679,111,212,29,8,13,62,36,69,34,8,.312,.352,.436,.788
Jim J Thome,PHI,159,578,111,154,30,3,47,131,111,182,0,3,.266,.385,.573,.958
Bobby B Abreu R,PHI,158,577,99,173,35,1,20,101,109,126,22,9,.300,.409,.468,.877
Adrian A Beltré,LA,158,559,50,134,30,2,23,80,37,103,2,2,.240,.290,.424,.714
Angel A Berroa S,KC,158,567,92,163,28,7,17,73,29,100,21,5,.287,.338,.451,.789
Jose J Cruz R,SF,158,539,90,135,26,1,20,68,102,121,5,8,.250,.366,.414,.780
Cesar C Izturis S,LA,158,558,47,140,21,6,1,40,25,70,10,5,.251,.282,.315,.597
Carlos C Lee L,CWS,158,623,100,181,35,1,31,113,37,91,18,4,.291,.331,.499,.830
Scott S Spiezio,ANA,158,521,69,138,36,7,16,83,46,66,6,3,.265,.326,.453,.779
Raul R Ibanez L,KC,157,608,95,179,33,5,18,90,49,81,8,4,.294,.345,.454,.799
Jay J Payton L,COL,157,600,93,181,32,5,28,89,43,77,6,4,.302,.354,.512,.865
Albert A Pujols L,STL,157,591,137,212,51,1,43,124,79,65,5,1,.359,.439,.667,1.106
Edgar E Renteria S,STL,157,587,96,194,47,1,13,100,65,54,34,7,.330,.394,.480,.874
Randy R Winn L,SEA,157,600,103,177,37,4,11,75,41,108,23,5,.295,.346,.425,.771
Rocco R Baldelli C,TB,156,637,89,184,32,8,11,78,30,128,27,10,.289,.326,.416,.742
Eric E Chavez,OAK,156,588,94,166,39,5,29,101,62,89,8,3,.282,.350,.514,.864
Juan J Encarnacion R,FLA,156,601,80,162,37,6,19,94,37,82,19,8,.270,.313,.446,.759
Rafael R Furcal S,ATL,156,664,130,194,35,10,15,61,60,76,25,2,.292,.352,.443,.794
Nomar N Garciaparra S,BOS,156,658,120,198,37,13,28,105,39,61,19,5,.301,.345,.524,.870
Jason J Giambi,NYY,156,535,97,134,25,0,41,107,129,140,2,1,.250,.412,.527,.939
Luis L Gonzalez,ARI,156,579,92,176,46,4,26,104,94,67,5,3,.304,.402,.532,.934
Andruw A Jones C,ATL,156,595,101,165,28,2,36,116,53,125,4,3,.277,.338,.513,.851
Jimmy J Rollins S,PHI,156,628,85,165,42,6,8,62,54,113,20,12,.263,.320,.387,.707
Alfonso A Soriano,NYY,156,682,114,198,36,5,38,91,38,130,35,8,.290,.338,.525,.863
Ty T Wigginton,NYM,156,573,73,146,36,6,11,71,46,124,12,2,.255,.318,.396,.714
Derrek D Lee,FLA,155,539,91,146,31,2,31,92,88,131,21,8,.271,.379,.508,.888
Gary G Sheffield R,ATL,155,576,126,190,37,2,39,132,86,55,18,4,.330,.419,.604,1.023
Preston P Wilson C,COL,155,600,94,169,43,1,36,141,54,139,14,7,.282,.343,.537,.880
Dmitri D Young,DET,155,562,78,167,34,7,29,85,58,130,2,1,.297,.372,.537,.909
Erubiel E Durazo D,OAK,154,537,92,139,29,0,21,77,100,105,1,1,.259,.374,.430,.804
Mark M Ellis,OAK,154,553,78,137,31,5,9,52,48,94,6,2,.248,.313,.371,.684
Torii T Hunter C,MIN,154,581,83,145,31,4,26,102,50,106,6,7,.250,.312,.451,.762
Mark M Loretta,SD,154,589,74,185,28,4,13,72,54,62,5,4,.314,.372,.441,.814
Rafael R Palmeiro D,TEX,154,561,92,146,21,2,38,112,84,77,2,0,.260,.359,.508,.867
Scott S Podsednik C,MIL,154,558,100,175,29,8,9,58,56,91,43,10,.314,.379,.443,.822
Manny M Ramirez L,BOS,154,569,117,185,36,1,37,104,97,94,3,1,.325,.427,.587,1.014
Scott S Rolen,STL,154,559,98,160,49,1,28,104,82,104,13,3,.286,.382,.528,.910
Lance L Berkman,HOU,153,538,110,155,35,6,25,93,107,108,5,3,.288,.412,.515,.927
Craig C Biggio,HOU,153,628,102,166,44,2,15,62,57,116,8,4,.264,.350,.412,.763
Chipper C Jones L,ATL,153,555,103,169,33,2,27,106,94,83,2,2,.305,.402,.517,.920
Frank F Thomas D,CWS,153,546,87,146,35,0,42,105,100,115,0,0,.267,.390,.562,.952
Casey C Blake,CLE,152,557,80,143,35,0,17,67,38,109,7,9,.257,.312,.411,.723
Luis L Castillo,FLA,152,595,99,187,19,6,6,39,63,60,21,19,.314,.381,.397,.778
Deivi D Cruz S,BAL,152,548,61,137,24,2,14,65,13,49,1,2,.250,.269,.378,.647
Alex A Gonzalez S,CHC,152,536,71,122,37,0,20,59,47,123,3,3,.228,.295,.409,.704
John J Olerud,SEA,152,539,64,145,35,0,10,83,84,67,0,1,.269,.372,.390,.761
Moises M Alou L,CHC,151,565,83,158,35,1,22,91,63,67,3,1,.280,.357,.462,.819
Carl C Crawford L,TB,151,630,80,177,18,9,5,54,26,102,55,10,.281,.309,.362,.671
Joe J Crede,CWS,151,536,68,140,31,2,19,75,32,75,1,1,.261,.308,.433,.741
Alex A Gonzalez S,FLA,150,528,52,135,33,6,18,77,33,106,0,4,.256,.313,.443,.756
Jose J Hernandez,PIT,150,519,58,117,18,3,13,57,46,177,2,1,.225,.287,.347,.634
Jason J Kendall,PIT,150,587,84,191,29,3,6,58,49,40,8,7,.325,.399,.416,.815
Jack J Wilson S,PIT,150,558,58,143,21,3,9,62,36,74,5,5,.256,.303,.353,.656
Jeff J Conine L,FLA,149,577,88,163,36,3,20,95,50,70,5,0,.282,.338,.459,.797
Marquis M Grissom C,SF,149,587,82,176,33,3,20,79,20,82,11,3,.300,.322,.468,.790
Roger R Cedeno,NYM,148,484,70,129,25,4,7,37,38,86,14,9,.267,.320,.378,.698
Alex A Cora,LA,148,477,39,119,24,3,4,34,16,59,4,2,.249,.287,.338,.625
Kevin K Millar,BOS,148,544,83,150,30,1,25,96,60,108,3,2,.276,.348,.472,.820
Tim T Salmon R,ANA,148,528,78,145,35,4,19,72,77,93,3,1,.275,.374,.464,.838
Mike M Cameron C,SEA,147,534,74,135,31,5,18,76,70,137,17,7,.253,.344,.431,.774
Sean S Casey,CIN,147,573,71,167,19,3,14,80,51,58,4,0,.291,.350,.408,.758
Vinny V Castilla,ATL,147,542,65,150,28,3,22,76,26,86,1,2,.277,.310,.461,.772
Carl C Everett,CWS,147,526,93,151,27,3,28,92,53,84,8,4,.287,.366,.510,.876
Steve S Finley C,ARI,147,516,82,148,24,10,22,70,57,94,15,8,.287,.363,.500,.862
Scott S Hatteberg,OAK,147,541,63,137,34,0,12,61,66,53,0,1,.253,.342,.383,.725
Paul P Lo Duca,LA,147,568,64,155,34,2,7,52,44,54,0,2,.273,.335,.377,.712
Pat P Burrell L,PHI,146,522,57,109,31,4,21,64,72,142,0,0,.209,.309,.404,.713
Sean S Burroughs,SD,146,517,62,148,27,6,7,58,44,75,7,2,.286,.352,.402,.755
Royce R Clayton S,MIL,146,483,49,110,16,1,11,39,49,92,5,2,.228,.301,.333,.634
D' Angelo D Jimenez,CIN,146,561,69,153,24,7,14,57,66,89,11,7,.273,.349,.415,.764
Bill B Mueller,BOS,146,524,85,171,45,5,19,85,59,77,1,4,.326,.398,.540,.938
Mark M Teixeira,TEX,146,529,66,137,29,5,26,84,44,120,1,2,.259,.331,.480,.811
Brad B Wilkerson L,MON,146,504,78,135,34,4,19,77,89,155,13,10,.268,.380,.464,.844
Marlon M Anderson,TB,145,482,59,130,27,3,6,67,41,60,19,3,.270,.328,.376,.703
Johnny J Damon C,BOS,145,608,103,166,32,6,12,67,68,74,30,6,.273,.345,.405,.750
Marcus M Giles,ATL,145,551,101,174,49,2,21,69,59,80,14,4,.316,.390,.526,.917
Travis T Lee,TB,145,542,75,149,37,3,19,70,64,97,6,2,.275,.348,.459,.807
Edgar E Martinez D,SEA,145,497,72,146,25,0,24,98,92,95,0,1,.294,.406,.489,.895
Gary G Matthews C,SD,144,468,71,116,31,2,6,42,43,95,12,8,.248,.314,.361,.675
Ivan I Rodriguez,FLA,144,511,90,152,36,3,16,85,55,92,10,6,.297,.369,.474,.843
Alex A Sanchez C,DET,144,557,58,160,23,8,1,32,25,74,52,24,.287,.319,.363,.681
Jose J Valentin S,CWS,144,503,79,119,26,2,28,74,54,114,8,3,.237,.313,.463,.776
Jose J Vidro,MON,144,509,77,158,36,0,15,65,69,50,3,2,.310,.397,.470,.866
Todd T Walker,BOS,144,587,92,166,38,4,13,85,48,54,1,1,.283,.333,.428,.760
Brad B Ausmus,HOU,143,450,43,103,12,2,4,47,46,66,5,3,.229,.303,.291,.594
Hank H Blalock,TEX,143,567,89,170,33,3,29,90,44,97,2,3,.300,.350,.522,.872
Cristian C Guzman S,MIN,143,534,78,143,15,14,3,53,30,79,18,9,.268,.311,.365,.676
Adam A Kennedy,ANA,143,449,71,121,17,1,13,49,45,73,22,9,.269,.344,.399,.743
Raul R Mondesi,ARI,143,523,83,142,31,4,24,71,56,97,22,11,.272,.343,.484,.827
Larry L Walker R,COL,143,454,86,129,25,7,16,79,98,87,7,4,.284,.422,.476,.898
Edgardo E Alfonzo,SF,142,514,56,133,25,2,13,81,58,41,5,2,.259,.334,.391,.726
Orlando O Hudson,TOR,142,474,54,127,21,6,9,57,39,87,5,4,.268,.328,.395,.723
Doug D Mientkiewicz,MIN,142,487,67,146,38,1,11,65,74,55,4,1,.300,.393,.450,.843
Jorge J Posada,NYY,142,481,83,135,24,0,30,101,93,110,2,4,.281,.405,.518,.922
Jason J Varitek,BOS,142,451,63,123,31,1,25,85,51,106,3,2,.273,.351,.512,.863
Carlos C Beltrán Beltran,KC,141,521,102,160,14,10,26,100,72,81,41,4,.307,.389,.522,.911
Endy E Chavez C,MON,141,483,66,121,25,5,5,47,31,59,18,7,.251,.294,.354,.648
Richard R Hidalgo,HOU,141,514,91,159,43,4,28,88,58,104,9,7,.309,.385,.572,.957
Mike M Matheny,STL,141,441,43,111,18,2,8,47,44,81,1,1,.252,.320,.356,.676
Orlando O Palmeiro R,STL,141,317,37,86,13,1,3,33,32,31,3,3,.271,.336,.347,.683
Desi D Relaford,KC,141,500,70,127,27,5,8,59,40,70,20,4,.254,.315,.376,.691
Ramon R Santiago S,DET,141,444,41,100,18,1,2,29,33,66,10,4,.225,.292,.284,.576
Roberto R Alomar,CWS,140,516,76,133,28,2,5,39,59,77,12,2,.258,.333,.349,.682
Ramon R Hernandez,OAK,140,483,70,132,24,1,21,78,33,79,0,0,.273,.331,.458,.789
Kenny K Lofton C,CHC,140,547,97,162,32,8,12,46,46,51,30,9,.296,.352,.450,.801
Terrence T Long L,OAK,140,486,64,119,22,2,14,61,31,67,4,1,.245,.293,.385,.678
Julio J Lugo S,TB,139,498,64,135,16,4,15,55,44,100,12,4,.271,.333,.410,.743
Tino T Martinez,STL,138,476,66,130,25,2,15,69,53,71,1,1,.273,.352,.429,.781
Chris C Stynes,COL,138,443,71,113,31,3,11,73,48,76,3,1,.255,.335,.413,.748
Robin R Ventura,LA,138,392,42,95,18,1,14,55,58,87,0,0,.242,.340,.401,.740
Jim J Edmonds C,STL,137,447,89,123,32,2,39,89,77,127,1,3,.275,.385,.617,1.002
Bobby B Kielty R,TOR,137,427,71,104,26,1,13,57,71,92,8,3,.244,.358,.400,.758
Paul P Konerko,CWS,137,444,49,104,19,0,18,65,43,50,0,0,.234,.305,.399,.704
A. J. A Pierzynski,MIN,137,487,63,152,35,3,11,74,24,55,3,1,.312,.360,.464,.824
Sammy S Sosa R,CHC,137,517,99,144,22,0,40,103,62,143,0,1,.279,.358,.553,.911
Rondell R White L,KC,137,488,62,141,23,4,22,87,31,79,1,4,.289,.341,.488,.828
Jose J Guillen R,OAK,136,485,77,151,28,2,31,86,24,95,1,3,.311,.359,.569,.928
Jacque J Jones L,MIN,136,517,76,157,33,1,16,69,21,105,13,1,.304,.333,.464,.797
Shannon S Stewart L,MIN,136,573,90,176,44,2,13,73,52,66,4,6,.307,.364,.459,.824
Marlon M Byrd C,PHI,135,495,86,150,28,4,7,45,44,94,11,1,.303,.366,.418,.784
Ken K Harvey,KC,135,485,50,129,30,0,13,64,29,94,2,3,.266,.313,.408,.721
Luis L Rivas,MIN,135,475,69,123,16,9,8,43,30,65,17,7,.259,.308,.381,.689
Eric E Young Sr.,SF,135,475,80,119,20,1,15,34,57,44,28,12,.251,.336,.392,.727
Brian B Giles L,SD,134,492,93,147,34,6,20,88,105,58,4,3,.299,.427,.514,.941
Wes W Helms,MIL,134,476,56,124,21,0,23,67,43,131,0,1,.261,.330,.450,.780
Shea S Hillenbrand,ARI,134,515,60,144,35,1,20,97,24,70,1,0,.280,.314,.468,.782
Trot T Nixon R,BOS,134,441,81,135,24,6,28,87,65,96,4,2,.306,.396,.578,.975
Frank F Catalanotto L,TOR,133,489,83,146,34,6,13,59,35,62,2,2,.299,.351,.472,.823
Corey C Koskie,MIN,131,469,76,137,29,2,14,69,77,113,11,5,.292,.393,.452,.845
Mike M Lieberthal,PHI,131,508,68,159,30,1,13,81,38,59,0,0,.313,.373,.453,.825
Carlos C Pena,DET,131,452,51,112,21,6,18,50,53,123,4,5,.248,.332,.440,.772
Joe J Randa,KC,131,502,80,146,31,1,16,72,41,61,1,0,.291,.348,.452,.800
Barry B Bonds L,SF,130,390,111,133,22,1,45,90,148,58,7,0,.341,.529,.749,1.278
Wil W Cordero,MON,130,436,57,121,27,0,16,71,49,90,1,1,.278,.354,.450,.803
Toby T Hall,TB,130,463,50,117,23,0,12,47,23,40,0,1,.253,.295,.380,.675
Bobby B Higginson R,DET,130,469,61,110,13,4,14,52,59,73,8,8,.235,.320,.369,.689
Jeff J Kent,HOU,130,505,77,150,39,1,22,93,39,85,6,2,.297,.351,.509,.860
Mike M Lowell,FLA,130,492,76,136,27,1,32,105,56,78,3,1,.276,.350,.530,.881
Reggie R Sanders,PIT,130,453,74,129,27,4,31,87,38,110,15,5,.285,.345,.567,.913
Rich R Aurilia S,SF,129,505,65,140,26,1,13,58,36,82,2,2,.277,.325,.410,.735
Javy J Lopez,ATL,129,457,89,150,29,3,43,109,33,90,0,1,.328,.378,.687,1.065
Jolbert J Cabrera,LA,128,347,43,98,32,2,6,37,17,62,6,4,.282,.332,.438,.770
Brady B Clark R,MIL,128,315,33,86,21,1,6,40,21,40,13,2,.273,.330,.403,.733
Adam A Everett S,HOU,128,387,51,99,18,3,8,51,28,66,8,1,.256,.320,.380,.700
Mark M Kotsay C,SD,128,482,64,128,28,4,7,38,56,82,6,3,.266,.343,.384,.726
Craig C Monroe L,DET,128,425,51,102,18,1,23,70,27,89,4,2,.240,.287,.449,.736
David D Ortiz,BOS,128,448,79,129,39,2,31,101,58,83,0,0,.288,.369,.592,.961
Morgan M Ensberg,HOU,127,385,69,112,15,1,25,60,48,60,7,2,.291,.377,.530,.907
Jody J Gerut R,CLE,127,480,66,134,33,2,22,75,35,70,4,5,.279,.336,.494,.830
Keith K Ginter,MIL,127,358,51,92,15,2,14,44,37,87,1,1,.257,.352,.427,.779
Timo T Perez L,NYM,127,346,32,93,21,0,4,42,18,29,5,6,.269,.301,.364,.666
Jeromy J Burnitz L,LA,126,464,63,111,22,0,31,77,35,112,5,4,.239,.299,.487,.786
Ronald R Calloway L,MON,126,340,36,81,17,1,9,52,20,80,9,2,.238,.282,.374,.656
Robert R Fick,ATL,126,409,52,110,26,1,11,80,42,47,1,0,.269,.335,.418,.753
Tony T Clark,NYM,125,254,29,59,13,0,16,43,24,73,0,0,.232,.300,.472,.772
Tomas T Perez,PHI,125,298,39,79,18,1,5,33,23,54,0,1,.265,.316,.383,.698
Eric E Hinske,TOR,124,449,74,109,45,3,12,63,59,104,12,2,.243,.329,.437,.765
Geoff G Jenkins L,MIL,124,487,81,144,30,2,28,95,58,120,0,0,.296,.375,.538,.913
Randall R Simon,CHC,124,410,47,113,17,0,16,72,16,37,0,0,.276,.309,.434,.743
Geoff G Blum,HOU,123,420,51,110,19,0,10,52,20,50,0,0,.262,.295,.379,.674
Jeff J Da Vanon R,ANA,123,330,56,93,16,1,12,43,42,59,17,5,.282,.360,.445,.805
Orlando O Merced,HOU,123,212,20,49,17,2,3,26,15,33,3,2,.231,.283,.373,.655
Placido P Polanco,PHI,122,492,87,142,30,3,14,63,42,38,14,2,.289,.352,.447,.799
Eric E Byrnes C,OAK,121,414,64,109,27,9,12,51,42,71,10,2,.263,.333,.459,.792
Mark M Grudzielanek,CHC,121,481,73,151,38,1,3,38,30,64,6,2,.314,.366,.416,.782
Ryan R Klesko,SD,121,397,47,100,18,0,21,67,65,83,2,5,.252,.354,.456,.810
Ricky R Ledee,PHI,121,255,37,63,15,2,13,46,34,59,0,0,.247,.334,.475,.809
Dustan D Mohr R,MIN,121,348,50,87,22,0,10,36,33,106,5,2,.250,.314,.399,.714
Greg G Myers,TOR,121,329,51,101,19,0,15,52,37,57,0,3,.307,.374,.502,.876
Matt M Stairs R,PIT,121,305,49,89,20,1,20,57,45,64,0,1,.292,.389,.561,.950
David D Eckstein S,ANA,120,452,59,114,22,1,3,31,36,45,16,5,.252,.325,.325,.651
Neifi N Perez,SF,120,328,27,84,19,4,1,31,14,23,3,2,.256,.285,.348,.632
Chris C Singleton,OAK,120,306,38,75,24,1,1,36,26,55,7,2,.245,.301,.340,.641
Derek D Jeter S,NYY,119,482,87,156,25,3,10,52,43,88,11,5,.324,.393,.450,.844
Joe J Mc Ewing,NYM,119,278,31,67,11,0,1,16,25,57,3,0,.241,.309,.291,.601
Bengie B Molina,ANA,119,409,37,115,24,0,14,71,13,31,1,1,.281,.304,.443,.746
Josh J Phelps D,TOR,119,396,57,106,18,1,20,66,39,115,1,2,.268,.358,.470,.827
Jason J Phillips,NYM,119,403,45,120,25,0,11,58,39,50,0,1,.298,.373,.442,.815
Shane S Spencer L,TEX,119,395,39,99,20,0,12,49,45,92,2,0,.251,.328,.392,.720
Bernie B Williams C,NYY,119,445,77,117,19,1,15,64,71,61,5,0,.263,.367,.411,.778
Jason J La Rue,CIN,118,379,52,87,23,1,16,50,33,111,3,3,.230,.321,.422,.743
Abraham O. A Nunez,PIT,118,311,37,77,8,7,4,35,26,53,9,3,.248,.310,.357,.667
Alex A Cintron S,ARI,117,448,70,142,26,6,13,51,29,33,2,3,.317,.359,.489,.848
John J Vander Wal R,MIL,117,327,50,84,25,1,14,45,46,104,1,2,.257,.350,.468,.818
Ronnie R Belliard,COL,116,447,73,124,31,2,8,50,49,71,7,2,.277,.351,.409,.760
Ben B Broussard,CLE,116,386,53,96,21,3,16,55,32,75,5,2,.249,.312,.443,.755
Adam A Dunn L,CIN,116,381,70,82,12,1,27,57,74,126,8,2,.215,.354,.465,.818
Kerry K Robinson,STL,116,208,19,52,6,3,1,16,8,27,6,1,.250,.281,.322,.603
Ramon R Vázquez Vazquez S,SD,116,422,56,110,17,4,3,30,52,88,10,3,.261,.342,.341,.684
Craig C Wilson R,PIT,116,309,49,81,15,4,18,48,35,89,3,1,.262,.360,.511,.872
Brian B Buchanan,SD,115,198,29,52,10,2,8,29,24,51,6,2,.263,.346,.455,.801
Quinton Q Mc Cracken,ARI,115,203,17,46,5,2,0,18,15,34,5,1,.227,.276,.271,.547
Shane S Halter,DET,114,360,33,78,5,2,12,30,27,77,2,3,.217,.269,.342,.611
Reed R Johnson,TOR,114,412,79,121,21,2,10,52,20,67,5,3,.294,.353,.427,.780
Eric E Karros,CHC,114,336,37,96,16,1,12,40,28,46,1,1,.286,.340,.446,.786
Damian D Miller,CHC,114,352,34,82,19,1,9,36,39,91,1,0,.233,.310,.369,.680
Greg G Norton,COL,114,179,19,47,15,0,6,31,16,47,2,1,.263,.325,.447,.772
Miguel M Olivo,CWS,114,317,37,75,19,1,6,27,19,80,6,4,.237,.287,.360,.646
Juan J Castro,CIN,113,320,28,81,14,1,9,33,18,58,2,3,.253,.290,.388,.678
Brent B Mayne,KC,113,372,39,91,17,1,6,36,32,59,0,2,.245,.307,.344,.651
Matt M Franco,ATL,112,134,11,33,5,0,3,15,11,26,0,1,.246,.299,.351,.650
Vladimir V Guerrero R,MON,112,394,71,130,20,3,25,79,63,53,9,5,.330,.426,.586,1.012
Brandon B Phillips,CLE,112,370,36,77,18,1,6,33,14,77,4,5,.208,.242,.311,.553
Brian B Roberts,BAL,112,460,65,124,22,4,5,41,46,58,23,6,.270,.337,.367,.704
Jose J Macias L,MON,111,272,31,65,15,2,4,22,11,45,4,3,.239,.273,.353,.626
Eric E Owens C,ANA,111,241,29,65,6,0,1,20,10,24,11,8,.270,.300,.307,.607
Ray R Durham,SF,110,410,61,117,30,5,8,33,50,82,7,7,.285,.366,.441,.807
Andres A Galarraga,SF,110,272,36,82,15,0,12,42,19,61,1,3,.301,.352,.489,.840
Dave D Hansen,SD,110,135,13,33,4,1,2,15,23,25,1,0,.244,.358,.333,.692
Xavier X Nady R,SD,110,371,50,99,17,1,9,39,24,74,6,2,.267,.321,.391,.712
Carlos C Guillen S,SEA,109,388,63,107,19,3,7,52,52,64,4,4,.276,.359,.394,.753
Damian D Jackson,BOS,109,161,34,42,7,0,1,13,8,28,16,8,.261,.294,.323,.617
Luis L Matos C,BAL,109,439,70,133,23,3,13,45,28,90,15,7,.303,.353,.458,.811
Cliff C Floyd L,NYM,108,365,57,106,25,2,18,68,51,66,3,0,.290,.376,.518,.894
Brook B Fordyce,BAL,108,348,28,95,12,2,6,31,19,44,2,3,.273,.311,.371,.682
Charles C Johnson,COL,108,356,49,82,20,0,20,61,49,84,1,3,.230,.320,.455,.775
Ramon R Martinez,CHC,108,293,30,83,16,1,3,34,24,50,0,1,.283,.333,.375,.709
Benito B Santiago,SF,108,401,53,112,21,2,11,56,29,69,0,1,.279,.329,.424,.753
Brian B Schneider,MON,108,335,34,77,26,1,9,46,37,75,0,2,.230,.309,.394,.702
Mike M Sweeney D,KC,108,392,62,115,18,1,16,83,64,56,3,2,.293,.391,.467,.858
Raul R Gonzalez L,NYM,107,217,28,50,12,2,2,21,27,34,3,0,.230,.317,.332,.649
Gabe G Kapler R,BOS,107,225,39,61,13,1,4,27,22,41,6,2,.271,.336,.391,.727
Matthew M Le Croy D,MIN,107,345,39,99,19,0,17,64,25,82,0,1,.287,.342,.490,.832
Eddie E Pérez Perez,MIL,107,350,26,95,17,1,11,45,17,47,0,1,.271,.304,.420,.724
Dave D Roberts C,LA,107,388,56,97,6,5,2,16,43,39,40,14,.250,.331,.307,.638
Damian D Rolls,TB,107,373,43,95,20,0,7,46,19,84,11,3,.255,.301,.365,.666
Ruben R Sierra D,NYY,106,307,33,83,17,1,9,43,27,47,2,1,.270,.327,.420,.748
Junior J Spivey,ARI,106,365,52,93,22,2,13,50,33,95,4,3,.255,.326,.433,.759
Carlos C Baerga,ARI,105,207,31,71,13,0,4,39,18,20,1,1,.343,.396,.464,.859
Jamey J Carroll,MON,105,227,31,59,10,1,1,10,19,39,5,2,.260,.323,.326,.649
Eduardo E Perez R,STL,105,253,47,72,16,0,11,41,29,53,5,2,.285,.365,.478,.843
Darren D Bragg R,ATL,104,162,21,39,5,1,0,9,13,38,2,1,.241,.305,.284,.589
Brandon B Inge,DET,104,330,32,67,15,3,8,30,24,79,4,4,.203,.265,.339,.605
Michael M Tucker R,KC,104,389,61,102,20,5,13,55,39,88,8,10,.262,.331,.440,.771
Chris C Woodward S,TOR,104,349,49,91,22,2,7,45,28,72,1,2,.261,.316,.395,.712
Mark M De Rosa,ATL,103,266,40,70,14,0,6,22,16,49,1,0,.263,.316,.383,.699
Julio J Franco,ATL,103,197,28,58,12,2,5,31,25,43,0,1,.294,.372,.452,.824
J. T. J Snow,SF,103,330,48,90,18,3,8,51,55,55,1,2,.273,.387,.418,.806
Tony T Womack,CHC,103,349,43,79,14,4,2,22,9,47,13,5,.226,.251,.307,.558
Mike M Bordick S,TOR,102,343,39,94,18,2,5,54,33,60,3,1,.274,.340,.382,.722
Rey R Sanchez S,SEA,102,344,33,86,8,2,0,23,16,39,2,1,.250,.285,.285,.570
Milton M Bradley C,CLE,101,377,61,121,34,2,10,56,64,73,17,7,.321,.421,.501,.923
Einar E Díaz Diaz,TEX,101,334,30,86,14,1,4,35,9,32,3,1,.257,.294,.341,.635
J. D. J Drew R,STL,100,287,60,83,13,3,15,42,36,48,2,2,.289,.374,.512,.886
Al A Martin D,TB,100,238,19,60,12,2,3,26,17,51,2,2,.252,.306,.357,.663
Henry H Mateo,MON,100,154,29,37,3,1,0,7,11,38,11,1,.240,.304,.273,.576
Reggie R Taylor C,CIN,100,180,17,39,5,2,5,19,11,68,7,0,.217,.266,.350,.616
Todd T Zeile,MON,100,299,40,68,10,2,11,42,34,54,1,0,.227,.308,.385,.692
Mark M Bellhorn,COL,99,249,27,55,10,1,2,26,50,78,5,6,.221,.353,.293,.646
Coco C Crisp,CLE,99,414,55,110,15,6,3,27,23,51,15,9,.266,.302,.353,.655
Aaron A Guiel R,KC,99,354,63,98,30,0,15,52,27,63,3,5,.277,.346,.489,.835
Matt M Lawton L,CLE,99,374,57,93,19,0,15,53,47,47,10,3,.249,.343,.420,.762
Mark M Mc Lemore S,SEA,99,309,34,72,15,2,2,37,38,71,5,5,.233,.318,.314,.632
Eric E Munson,DET,99,313,28,75,9,0,18,50,35,61,3,0,.240,.312,.441,.753
Shawn S Wooten,ANA,98,272,25,66,8,0,7,32,24,45,0,4,.243,.303,.349,.653
Warren W Morris,DET,97,346,37,94,13,2,6,37,23,42,4,2,.272,.316,.373,.689
Gary G Bennett,SD,96,307,26,73,15,0,2,42,24,48,3,0,.238,.296,.306,.602
Nick N Johnson,NYY,96,324,60,92,19,0,14,47,70,57,5,2,.284,.422,.472,.894
Melvin M Mora L,BAL,96,344,68,109,17,1,15,48,49,71,6,3,.317,.418,.503,.921
Dan D Wilson,SEA,96,316,32,76,15,2,4,43,15,52,0,0,.241,.272,.339,.611
Tom T Wilson,TOR,96,256,37,66,19,0,5,35,28,80,0,0,.258,.331,.391,.722
Vance V Wilson,NYM,96,268,28,65,9,1,8,39,15,56,1,2,.243,.293,.373,.666
Brian B Daubach,CWS,95,183,26,42,11,0,6,21,34,54,1,0,.230,.352,.388,.740
Pedro P Feliz,SF,95,235,31,58,9,3,16,48,10,53,2,2,.247,.278,.515,.793
Todd T Hollandsworth L,FLA,93,228,32,58,23,3,3,20,22,55,2,3,.254,.317,.421,.738
Troy T O' Leary,CHC,93,174,18,38,9,0,5,28,14,31,3,0,.218,.275,.356,.631
Jeff J Reboulet,PIT,93,261,37,63,10,2,3,25,27,47,2,1,.241,.321,.330,.650
Aaron A Rowand C,CWS,93,157,22,45,8,0,6,24,7,21,0,0,.287,.327,.452,.780
B. J. B Surhoff D,BAL,93,319,32,94,20,0,5,41,29,29,2,2,.295,.353,.404,.758
Kevin K Witt D,DET,93,270,25,71,9,0,10,26,15,68,1,1,.263,.301,.407,.708
Brian B Banks,FLA,92,149,14,35,6,2,4,23,25,38,2,1,.235,.348,.383,.731
Miguel M Cairo,STL,92,261,41,64,15,2,5,32,13,30,4,1,.245,.289,.375,.665
Josh J Bard,CLE,91,303,25,74,13,1,8,36,22,53,0,2,.244,.293,.373,.666
David D Dellucci R,NYY,91,216,26,49,12,3,3,23,23,58,12,0,.227,.313,.352,.665
Troy T Glaus,ANA,91,319,53,79,17,2,16,50,46,73,7,2,.248,.343,.464,.807
Travis T Hafner,CLE,91,291,35,74,19,3,14,40,22,81,2,1,.254,.327,.485,.812
Jose J Vizcaino,HOU,91,189,14,47,7,3,3,26,8,22,0,1,.249,.281,.365,.646
Tony T Graffanino S,CWS,90,250,51,65,15,3,7,23,24,37,8,0,.260,.331,.428,.759
Willie W Bloomquist,SEA,89,196,30,49,7,2,1,14,19,39,4,1,.250,.317,.321,.638
Craig C Counsell,ARI,89,303,40,71,6,3,3,21,41,32,11,4,.234,.328,.304,.631
Danny D Bautista R,ARI,88,284,29,78,16,3,4,36,21,50,3,2,.275,.330,.394,.724
Lenny L Harris,FLA,88,145,14,28,3,0,1,8,16,21,1,0,.193,.272,.234,.506
Mike M Kinkade,LA,88,162,25,35,7,0,5,14,13,38,1,3,.216,.335,.352,.687
Miguel M Cabrera L,FLA,87,314,39,84,21,3,12,62,25,84,0,2,.268,.325,.468,.793
Jeff J Cirillo,SEA,87,258,24,53,11,0,2,23,24,32,1,1,.205,.284,.271,.555
Tom T Goodwin,CHC,87,171,26,49,10,0,1,12,11,33,19,5,.287,.328,.363,.690
Juan J Uribe S,COL,87,316,45,80,19,3,10,33,17,60,7,2,.253,.297,.427,.724
Fred F Mc Griff,LA,86,297,32,74,14,0,13,40,31,66,0,0,.249,.322,.428,.750
Lyle L Overbay,ARI,86,254,23,70,20,0,4,28,35,67,1,0,.276,.365,.402,.767
David D Bell,PHI,85,297,32,58,14,0,4,37,41,40,0,0,.195,.296,.283,.579
Paul P Quantrill,LA,85,1,0,0,0,0,0,0,0,1,0,0,.000,.000,.000,.000
Larry L Bigbie,BAL,83,287,43,87,15,1,9,31,29,60,7,1,.303,.365,.456,.821
Denny D Hocking,MIN,83,188,22,45,10,2,3,22,15,37,0,1,.239,.291,.362,.653
Corey C Patterson,CHC,83,329,49,98,17,7,13,55,15,77,16,5,.298,.329,.511,.839
Juan J Gonzalez R,TEX,82,327,49,96,17,1,24,70,14,73,1,1,.294,.329,.572,.901
Austin A Kearns R,CIN,82,292,39,77,11,0,15,58,41,68,5,2,.264,.364,.455,.819
John J Mc Donald,CLE,82,214,21,46,9,1,1,14,11,31,3,3,.215,.258,.280,.538
Oscar O Villarreal,ARI,82,3,0,0,0,0,0,0,0,2,0,0,.000,.000,.000,.000
Rod R Barajas,ARI,80,220,19,48,15,0,3,28,14,43,0,0,.218,.265,.327,.592
Hee- Seop H Choi,CHC,80,202,31,44,17,0,8,28,37,71,1,1,.218,.350,.421,.771
Ben B Davis,SEA,80,246,25,58,18,0,6,42,18,61,0,0,.236,.284,.382,.666
Doug D Glanville C,CHC,80,246,24,65,5,0,5,16,8,29,4,1,.264,.286,.346,.632
Lou L Merloni,BOS,80,181,24,48,8,2,1,18,26,41,2,3,.265,.355,.348,.704
Keith K Osik,MIL,80,241,22,60,12,0,2,21,31,44,0,1,.249,.342,.324,.666
Wily Mo W Peña Pena,CIN,80,165,20,36,6,1,5,16,12,53,3,2,.218,.283,.358,.641
Willie W Harris C,CWS,79,137,19,28,3,1,0,5,10,28,12,2,.204,.259,.241,.499
Ray R Olmedo S,CIN,79,230,24,55,6,1,0,17,13,46,1,1,.239,.280,.274,.554
Matt M Kata,ARI,78,288,42,74,16,5,7,29,25,53,3,2,.257,.315,.420,.736
Chad C Moeller,ARI,78,239,29,64,17,1,7,29,23,59,1,2,.268,.335,.435,.770
Carlos C Rivera,PIT,78,95,12,21,5,0,3,10,8,28,0,0,.221,.283,.368,.651
Bo B Hart,STL,77,296,46,82,13,5,4,28,12,64,3,1,.277,.317,.395,.713
Ray R King,ATL,77,0,0,0,0,0,0,0,0,0,0,0,.000,.000,.000,.000
Rob R Mackowiak,PIT,77,174,20,47,4,4,6,19,15,53,6,0,.270,.342,.443,.784
Tom T Martin,LA,77,1,0,0,0,0,0,0,0,1,0,0,.000,.000,.000,.000
Jhonny J Peralta S,CLE,77,242,24,55,10,1,4,21,20,65,1,3,.227,.295,.326,.621
Donnie D Sadler S,TEX,77,131,27,26,5,2,1,5,13,34,4,3,.198,.277,.290,.567
Karim K Garcia R,NYY,76,244,25,64,6,0,11,35,14,52,0,2,.262,.302,.422,.724
Jason J Michaels,PHI,76,109,20,36,11,0,5,17,15,22,0,0,.330,.416,.569,.985
Sandy S Alomar,CWS,75,194,22,52,12,0,5,26,4,17,0,0,.268,.281,.407,.689
Mike M De Jean,STL,75,0,0,0,0,0,0,0,0,0,0,0,.000,.000,.000,.000
Steve S Kline,STL,75,2,0,1,1,0,0,2,0,0,0,0,.500,.500,1.000,1.500
Russell R Branyan,CIN,74,176,22,38,12,0,9,26,27,69,0,0,.216,.322,.438,.760
Carlos C Febles,KC,74,196,31,46,5,0,0,11,13,30,8,2,.235,.299,.260,.559
Ruben R Mateo,CIN,74,207,16,50,9,0,3,18,12,53,0,0,.242,.290,.329,.619
Mike M Matthews,SD,74,2,0,0,0,0,0,0,0,1,0,0,.000,.000,.000,.000
Gregg G Zaun,COL,74,166,15,38,8,0,4,21,19,21,1,1,.229,.309,.349,.658
Kyle K Farnsworth,CHC,73,1,0,0,0,0,0,0,0,0,0,0,.000,.000,.000,.000
Brad B Lidge,HOU,73,4,0,0,0,0,0,0,0,4,0,0,.000,.000,.000,.000
Javier J López Lopez,COL,73,5,1,1,0,0,0,1,0,1,0,0,.200,.200,.200,.400
Billy B Wagner,HOU,73,2,1,0,0,0,0,1,1,0,0,0,.000,.333,.000,.333
Tim T Worrell,SF,73,3,0,0,0,0,0,0,0,3,0,0,.000,.000,.000,.000
Jay J Bell,NYM,72,116,11,21,1,0,0,3,22,38,0,0,.181,.319,.190,.509
Brian B Fuentes,COL,72,1,0,0,0,0,0,0,0,0,0,0,.000,.000,.000,.000
Eric E Gagne,LA,72,0,0,0,0,0,0,0,0,0,0,0,.000,.000,.000,.000
Braden B Looper,FLA,72,1,1,1,0,0,0,0,0,0,0,0,1.000,1.000,1.000,2.000
Guillermo G Mota,LA,72,9,1,2,0,0,1,2,0,4,0,0,.222,.222,.556,.778
Joe J Nathan,SF,72,1,0,0,0,0,0,0,0,1,0,0,.000,.000,.000,.000
Luis L Vizcaino,MIL,72,0,0,0,0,0,0,0,0,0,0,0,.000,.000,.000,.000
David D Weathers,NYM,72,3,0,0,0,0,0,0,0,1,0,0,.000,.000,.000,.000
Rocky R Biddle,MON,71,1,0,0,0,0,0,0,0,1,0,0,.000,.000,.000,.000
Octavio O Dotel,HOU,71,6,0,0,0,0,0,0,0,4,0,0,.000,.000,.000,.000
Chone C Figgins,ANA,71,240,34,71,9,4,0,27,20,38,13,7,.296,.345,.367,.711
Paul P Bako,CHC,70,188,19,43,13,3,0,17,22,47,0,1,.229,.311,.330,.641
Michael M Barrett,MON,70,226,33,47,9,2,10,30,21,37,0,0,.208,.280,.398,.678
Andy A Fox,FLA,70,108,12,21,5,1,0,8,7,29,1,2,.194,.269,.259,.528
Barry B Larkin S,CIN,70,241,39,68,16,1,2,18,22,32,2,0,.282,.345,.382,.726
Justin J Speier,COL,70,1,0,0,0,0,0,0,0,0,0,0,.000,.000,.000,.000
Ron R Coomer,LA,69,125,11,30,4,0,4,15,10,19,0,0,.240,.299,.368,.667
Scott S Eyre,SF,69,2,0,1,0,0,0,0,0,0,0,0,.500,.500,.500,1.000
Omar O Infante S,DET,69,221,24,49,6,1,0,8,18,37,6,3,.222,.278,.258,.536
Brooks B Kieschnick,MIL,69,70,12,21,1,0,7,12,6,13,0,0,.300,.355,.614,.970
Mike M Remlinger,CHC,69,1,0,0,0,0,0,0,0,1,0,0,.000,.000,.000,.000
Jose J Reyes S,NYM,69,274,47,84,12,4,5,32,13,36,13,3,.307,.334,.434,.769
Mike M Piazza,NYM,68,234,37,67,13,0,11,34,35,40,0,0,.286,.377,.483,.860
Joe J Beimel,PIT,67,5,0,0,0,0,0,0,0,2,0,0,.000,.000,.000,.000
Joey J Eischen,MON,67,4,1,1,0,0,0,0,0,2,0,0,.250,.250,.250,.500
Darin D Erstad C,ANA,67,258,35,65,7,1,4,17,18,40,9,1,.252,.309,.333,.642
David D Segui,BAL,67,224,26,59,10,1,5,25,26,47,1,0,.263,.341,.384,.725
Kelly K Stinnett,PHI,67,186,14,44,13,0,3,19,14,52,0,0,.237,.302,.355,.657
Mark M Sweeney,COL,67,97,13,25,9,0,2,14,9,27,0,1,.258,.321,.412,.733
Mark M Grace,ARI,66,135,13,27,5,0,3,16,16,15,0,0,.200,.279,.304,.583
Brian B Jordan L,LA,66,224,28,67,9,0,6,28,23,30,1,1,.299,.372,.420,.791
Billy B Mc Millon L,OAK,66,153,15,41,11,0,6,26,19,36,0,0,.268,.354,.458,.812
Kent K Mercker,ATL,66,1,0,0,0,0,0,0,0,1,0,0,.000,.000,.000,.000
Yorvit Y Torrealba,SF,66,200,22,52,10,2,4,29,14,39,1,0,.260,.312,.390,.702
Jermaine J Dye R,OAK,65,221,28,38,6,0,4,20,25,42,1,0,.172,.261,.253,.514
Robby R Hammock,ARI,65,195,30,55,10,2,8,28,17,44,3,2,.282,.343,.477,.820
Mike M Mordecai,FLA,65,89,11,19,4,0,2,8,8,21,3,0,.213,.276,.326,.601
Steve S Reed,COL,65,0,0,0,0,0,0,1,0,0,0,0,.000,.000,.000,.000
Mike M Williams,PHI,65,0,0,0,0,0,0,0,0,0,0,0,.000,.000,.000,.000
Joe J Borowski,CHC,64,0,0,0,0,0,0,0,0,0,0,0,.000,.000,.000,.000
Matt M Herges,SF,64,3,0,1,0,0,0,0,0,1,0,0,.333,.333,.333,.667
Roberto R Hernandez,ATL,64,0,0,0,0,0,0,0,0,0,0,0,.000,.000,.000,.000
John J Mabry,SEA,64,104,12,22,6,0,3,16,15,21,0,0,.212,.328,.356,.684
Nick N Punto,PHI,64,92,14,20,2,0,1,4,7,22,2,1,.217,.273,.272,.544
Omar O Vizquel S,CLE,64,250,43,61,13,2,2,19,29,20,8,3,.244,.321,.336,.657
Terry T Adams,PHI,63,1,0,0,0,0,0,0,0,1,0,0,.000,.000,.000,.000
Brad B Fullmer D,ANA,63,206,32,63,9,2,9,35,26,31,5,4,.306,.387,.500,.887
Luther L Hackman,SD,63,2,0,0,0,0,0,0,0,2,0,0,.000,.000,.000,.000
Felix F Rodriguez,SF,63,1,0,1,0,0,0,0,0,0,0,0,1.000,1.000,1.000,2.000
Julian J Tavarez,PIT,63,4,0,0,0,0,0,0,1,2,0,0,.000,.200,.000,.200
Enrique E Wilson S,NYY,63,135,18,31,9,0,3,15,7,14,3,1,.230,.276,.363,.639
Luis L Ayala,MON,62,1,0,0,0,0,0,0,0,0,0,0,.000,.000,.000,.000
Wilson W Delgado,ANA,62,127,12,29,3,0,0,7,11,18,0,0,.228,.293,.252,.545
Mike M Di Felice,KC,62,189,29,48,16,1,3,25,9,30,1,0,.254,.299,.397,.696
Benji B Gil,ANA,62,125,12,24,5,1,1,9,4,33,5,1,.192,.214,.272,.486
Todd T Greene,TEX,62,205,25,47,10,1,10,20,2,47,0,0,.229,.243,.434,.677
Jose J Jimenez,COL,62,17,3,3,0,0,0,0,0,10,0,0,.176,.176,.176,.353
Keith K Lockhart,SD,62,95,18,23,5,1,3,8,13,19,0,1,.242,.339,.411,.750
Doug D Mirabelli,BOS,62,163,23,42,13,0,6,18,11,36,0,0,.258,.307,.448,.755
Tsuyoshi T Shinjo C,NYM,62,114,10,22,3,0,1,7,6,12,0,1,.193,.238,.246,.483
Ricky R Stone,HOU,62,3,0,0,0,0,0,0,0,2,0,0,.000,.000,.000,.000
Dave D Berg,TOR,61,161,26,41,6,1,4,18,11,34,0,1,.255,.301,.379,.680
Rheal R Cormier,PHI,61,2,1,1,0,0,0,0,1,0,0,0,.500,.667,.500,1.167
Cal C Eldred,STL,61,2,0,1,0,0,0,0,0,1,0,0,.500,.500,.500,1.000
Mark M Guthrie,CHC,61,1,0,0,0,0,0,0,0,1,0,0,.000,.000,.000,.000
Jose J Morban,BAL,61,71,14,10,0,0,2,5,3,21,8,0,.141,.187,.225,.412
Miguel M Ojeda,SD,61,141,13,33,6,0,4,22,18,26,1,1,.234,.331,.362,.693
Adam A Piatt,TB,61,132,11,30,13,0,6,18,9,46,1,2,.227,.273,.462,.735
Fernando F Vina,STL,61,259,35,65,14,4,4,23,11,24,4,4,.251,.309,.382,.691
Brian B Boehringer,PIT,60,0,0,0,0,0,0,0,0,0,0,0,.000,.000,.000,.000
Ryan R Christenson C,TEX,60,165,22,29,7,0,2,16,15,44,2,2,.176,.255,.255,.510
Enrique E Cruz,MIL,60,71,6,6,1,0,0,2,4,30,0,0,.085,.145,.099,.243
Kevin K Gryboski,ATL,60,1,0,0,0,0,0,0,0,1,0,0,.000,.000,.000,.000
Mike M Myers,ARI,60,0,0,0,0,0,0,0,0,0,0,0,.000,.000,.000,.000
Carlos C Silva,PHI,60,9,0,2,1,0,0,1,0,2,0,0,.222,.222,.333,.556
Jeff J Fassero,STL,59,9,0,0,0,0,0,0,0,4,0,0,.000,.000,.000,.000
Felipe F Lopez S,CIN,59,197,28,42,7,2,2,13,28,59,8,5,.213,.313,.299,.612
Phil P Nevin,SD,59,226,30,63,8,0,13,46,21,44,2,0,.279,.339,.487,.825
Mike M Redmond,FLA,59,125,12,30,7,1,0,11,7,16,0,0,.240,.302,.312,.614
Paul P Shuey,LA,59,2,0,0,0,0,0,0,0,0,0,0,.000,.000,.000,.000
Terry T Shumpert,TB,59,84,14,16,5,2,2,7,10,17,1,0,.190,.289,.369,.658
Andres A Torres C,DET,59,168,23,37,4,3,1,9,10,35,5,5,.220,.263,.298,.560
Matt M Walbeck,DET,59,138,11,24,4,1,1,6,3,26,0,1,.174,.197,.239,.436
Chris C Gomez,MIN,58,175,14,44,9,3,1,15,7,13,2,1,.251,.279,.354,.633
Jerry J Hairston,BAL,58,218,25,59,12,2,2,21,23,25,14,5,.271,.353,.372,.725
John J Smoltz,ATL,58,1,0,0,0,0,0,0,0,0,0,0,.000,.000,.000,.000
Jose J Mesa,PHI,57,0,0,0,0,0,0,0,0,0,0,0,.000,.000,.000,.000
Dan D Plesac,PHI,57,0,0,0,0,0,0,0,0,0,0,0,.000,.000,.000,.000
Juan J Rivera L,NYY,57,173,22,46,14,0,7,26,10,27,0,0,.266,.304,.468,.773
Jeff J Duncan C,NYM,56,139,13,27,0,2,1,10,17,41,4,2,.194,.291,.245,.536
Leo L Estrella,MIL,56,0,0,0,0,0,0,0,0,0,0,0,.000,.000,.000,.000
Brian L. B Hunter,HOU,56,98,13,23,6,1,0,13,6,21,0,0,.235,.278,.316,.594
Tike T Redman C,PIT,56,230,36,76,16,5,3,19,14,18,7,3,.330,.374,.483,.857
Henry H Blanco,ATL,55,151,11,30,8,0,1,13,10,21,0,0,.199,.252,.272,.523
Ellis E Burks D,CLE,55,198,27,52,11,1,6,28,27,46,1,1,.263,.360,.419,.779
Ben B Grieve D,TB,55,165,28,38,7,0,4,17,32,41,0,0,.230,.371,.345,.716
Chris C Reitsma,CIN,55,8,0,1,0,0,0,2,0,6,0,0,.125,.125,.125,.250
Jared J Sandberg,TB,55,136,15,29,10,1,6,23,16,52,0,0,.213,.305,.434,.739
Antonio A Alfonseca,CHC,54,0,0,0,0,0,0,0,0,0,0,0,.000,.000,.000,.000
Geronimo G Gil,BAL,54,169,22,40,4,0,3,16,12,34,0,0,.237,.299,.314,.612
Felix F Heredia,CIN,54,3,0,1,0,0,0,0,0,0,0,0,.333,.333,.333,.667
Tyler T Houston,PHI,54,97,7,27,6,0,2,14,6,19,0,0,.278,.320,.402,.722
John J Riedling,CIN,54,18,2,4,0,0,0,2,0,10,0,0,.222,.222,.222,.444
Turk T Wendell,PHI,54,2,0,0,0,0,0,0,0,2,0,0,.000,.000,.000,.000
Ken K Griffey C,CIN,53,166,34,41,12,1,13,26,27,44,1,0,.247,.370,.566,.936
Jose J Molina,ANA,53,114,12,21,4,0,0,6,1,26,0,0,.184,.210,.219,.429
Laynce L Nix R,TEX,53,184,25,47,10,0,8,30,9,53,3,0,.255,.289,.440,.729
Rene R Reyes,COL,53,116,13,30,7,1,2,7,5,19,2,1,.259,.287,.388,.675
Fernando F Tatis,MON,53,175,15,34,6,0,2,15,18,40,2,1,.194,.281,.263,.544
Edwards E Guzman,MON,52,146,15,35,5,0,1,14,5,17,0,0,.240,.263,.295,.558
Bill B Hall,MIL,52,142,23,37,9,2,5,20,7,28,1,2,.261,.298,.458,.756
Tim T Laker,CLE,52,162,17,39,11,0,3,21,9,38,2,2,.241,.281,.364,.645
Mendy M Lopez,KC,52,94,13,26,5,1,3,11,4,28,2,0,.277,.306,.447,.753
Daryle D Ward,LA,52,109,6,20,1,0,0,9,3,19,0,0,.183,.211,.193,.403
Kevin K Young,PIT,52,84,8,17,4,0,2,7,12,25,1,0,.202,.302,.321,.624
Adam A Hyzdu,PIT,51,63,16,13,5,0,1,8,10,21,0,0,.206,.320,.333,.653
Scott S Sauerbeck,BOS,51,1,0,0,0,0,0,0,0,1,0,0,.000,.000,.000,.000
Dee D Brown L,KC,50,132,16,30,7,0,2,14,8,37,1,1,.227,.280,.326,.606
Jeremy J Giambi D,BOS,50,127,15,25,5,0,5,15,26,42,1,0,.197,.342,.354,.696
Jose J Valverde,ARI,50,1,1,1,1,0,0,0,0,0,0,0,1.000,1.000,2.000,3.000
Jaret J Wright,ATL,50,4,0,1,1,0,0,0,0,2,0,0,.250,.250,.500,.750
Valerio V De Los Santos,PHI,49,1,0,0,0,0,0,0,0,1,0,0,.000,.000,.000,.000
Trey T Hodges,ATL,49,5,0,0,0,0,0,0,0,4,0,0,.000,.000,.000,.000
Scott S Linebrink,SD,49,12,0,2,1,0,0,0,0,7,0,0,.167,.167,.250,.417
Matt M Mantei,ARI,49,0,0,0,0,0,0,0,0,0,0,0,.000,.000,.000,.000
Victor V Martinez,CLE,49,159,15,46,4,0,1,16,13,21,1,1,.289,.345,.333,.678
Armando A Rios C,CWS,49,104,4,22,3,0,2,11,5,13,0,1,.212,.245,.298,.544
Mike M Stanton,NYM,49,1,0,0,0,0,0,0,0,0,0,0,.000,.000,.000,.000
Scott S Sullivan,CIN,49,0,0,0,0,0,0,0,0,0,0,0,.000,.000,.000,.000
Javier J Valentin,TB,49,135,13,30,7,1,3,15,5,31,0,0,.222,.254,.356,.609
Armando A Almanza,FLA,48,0,0,0,0,0,0,0,0,0,0,0,.000,.000,.000,.000
Jim J Brower,SF,48,17,2,3,0,0,0,1,0,5,0,0,.176,.222,.176,.399
Antonio A Perez,TB,48,125,19,31,6,1,2,12,18,34,4,1,.248,.345,.360,.705
Stephen S Randolph,ARI,48,3,0,0,0,0,0,0,0,2,0,0,.000,.000,.000,.000
Marco M Scutaro,NYM,48,75,10,16,4,0,2,6,13,14,2,0,.213,.333,.347,.680
Scott S Stewart,MON,48,2,0,0,0,0,0,0,0,1,0,0,.000,.000,.000,.000
Michael M Tejera,FLA,48,15,0,1,0,0,0,0,0,1,0,0,.067,.067,.067,.133
Ryan R Ludwick,CLE,47,162,17,40,8,1,7,26,12,48,2,0,.247,.299,.438,.737
Marvin M Benard,SF,46,71,5,14,3,1,0,4,4,9,1,0,.197,.237,.268,.504
Bobby B Estalella,COL,46,140,17,28,7,0,7,21,19,55,2,0,.200,.294,.400,.694
Jeffrey J Hammonds L,SF,46,132,22,32,12,0,4,13,16,28,1,0,.242,.329,.424,.753
Ben B Petrick L,DET,46,122,18,27,6,0,4,12,8,31,0,0,.221,.269,.369,.638
Jason J Simontacchi,STL,46,38,3,5,1,0,0,0,0,14,0,0,.132,.132,.158,.290
Jason J Tyner R,TB,46,90,12,25,7,0,0,6,10,12,2,1,.278,.350,.356,.706
Darren D Holmes,ATL,44,0,0,0,0,0,0,0,0,0,0,0,.000,.000,.000,.000
Jeff J Liefer,TB,44,113,10,20,4,0,4,21,6,39,0,1,.177,.217,.319,.535
Dan D Miceli,HOU,44,1,0,0,0,0,0,0,0,1,0,0,.000,.000,.000,.000
T. J. T Tucker,MON,44,19,1,5,1,0,0,0,0,6,0,0,.263,.263,.316,.579
Chris C Widger,STL,44,102,9,24,9,0,0,14,6,20,0,0,.235,.279,.324,.603
Matt M Williams,ARI,44,134,17,33,9,0,4,16,16,26,0,0,.246,.327,.403,.730
Armando A Benitez,NYM,43,1,0,0,0,0,0,0,0,1,0,0,.000,.000,.000,.000
Ryan R Freel C,CIN,43,137,23,39,6,1,4,12,9,13,9,4,.285,.344,.431,.775
Frank F Menechino,OAK,43,83,10,16,0,0,2,9,19,16,0,0,.193,.364,.265,.630
Todd T Pratt,PHI,43,125,16,34,10,1,4,20,22,38,0,0,.272,.400,.464,.864
So S Taguchi C,STL,43,54,9,14,3,1,3,13,4,11,0,0,.259,.310,.519,.829
Chase C Utley,PHI,43,134,13,32,10,1,2,21,11,22,2,0,.239,.322,.373,.696
Jung Keun J Bong,ATL,42,5,0,0,0,0,0,0,1,2,0,0,.000,.167,.000,.167
Aaron A Cook,COL,42,29,3,5,0,0,0,3,2,10,0,0,.172,.226,.172,.398
Jay J Witasick,SD,42,0,0,0,0,0,0,0,0,0,0,0,.000,.000,.000,.000
Eli E Marrero R,STL,41,107,10,24,4,2,2,20,7,18,0,1,.224,.267,.355,.622
Eddie E Oropesa,ARI,41,0,0,0,0,0,0,0,0,0,0,0,.000,.000,.000,.000
Brian B Reith,CIN,41,7,0,0,0,0,0,0,0,4,0,0,.000,.000,.000,.000
Ramon R Castro,FLA,40,53,6,15,2,0,5,8,4,11,0,0,.283,.333,.604,.937
John J Flaherty,NYY,40,105,16,28,8,0,4,14,4,19,0,0,.267,.297,.457,.754
Jason J Jones L,TEX,40,107,11,23,6,0,3,11,10,21,0,1,.215,.298,.355,.653
Adam A Melhuse,OAK,40,77,13,23,7,0,5,14,9,19,0,0,.299,.372,.584,.956
Justin J Morneau D,MIN,40,106,14,24,4,0,4,16,9,30,0,0,.226,.287,.377,.664
Jesse J Orosco,SD,40,0,0,0,0,0,0,0,0,0,0,0,.000,.000,.000,.000
David D Ross,LA,40,124,19,32,7,0,10,18,13,42,0,0,.258,.336,.556,.892
Salomon S Torres,PIT,40,32,3,2,0,1,0,1,2,16,0,0,.063,.143,.125,.268
Gene G Kingsale C,DET,39,120,11,25,3,1,1,8,10,17,1,3,.208,.265,.275,.540
Howie H Clark,TOR,38,70,9,25,3,1,0,7,3,6,0,1,.357,.400,.429,.829
Jason J Isringhausen,STL,38,2,0,1,0,1,0,3,0,0,0,0,.500,.500,1.500,2.000
Kevin K Mench L,TEX,38,125,15,40,12,0,2,11,10,17,1,1,.320,.381,.464,.845
Robb R Quinlan,ANA,38,94,13,27,4,2,0,4,6,16,1,2,.287,.330,.372,.702
Joe J Vitiello L,MON,38,76,12,26,6,0,3,13,7,14,0,0,.342,.407,.539,.946
Scott S Williamson,CIN,38,0,0,0,0,0,0,0,0,0,0,0,.000,.000,.000,.000
Alfredo A Amezaga S,ANA,37,105,15,22,3,2,2,7,9,23,2,2,.210,.278,.333,.612
Brent B Butler,COL,37,90,13,19,3,1,1,4,7,13,1,0,.211,.276,.300,.576
Adam A Eaton,SD,37,56,4,11,3,0,2,3,4,25,0,0,.196,.262,.357,.619
Pete P Munro,HOU,37,1,0,0,0,0,0,0,1,0,0,0,.000,.500,.000,.500
Pokey P Reese,PIT,37,107,9,23,2,0,1,12,9,31,6,0,.215,.271,.262,.533
Jason J Romano C,LA,37,36,3,3,0,0,0,0,1,8,2,0,.083,.108,.083,.191
Dernell D Stenson L,CIN,37,81,14,20,5,0,3,13,11,24,0,0,.247,.333,.420,.753
Ugueth U Urbina,FLA,37,0,0,0,0,0,0,0,1,0,0,0,.000,1.000,.000,1.000
Damion D Easley,TB,36,107,8,20,3,1,1,7,2,18,0,0,.187,.202,.262,.464
Wayne W Franklin,MIL,36,59,1,10,1,0,0,3,0,18,0,0,.169,.169,.186,.356
Dan D Kolb,MIL,36,0,0,0,0,0,0,0,0,0,0,0,.000,.000,.000,.000
Mike M Lincoln,PIT,36,0,0,0,0,0,0,0,0,0,0,0,.000,.000,.000,.000
Zach Z Sorensen,CLE,36,37,2,5,1,0,1,2,7,13,0,3,.135,.273,.243,.516
Shane S Victorino C,SD,36,73,8,11,2,0,0,4,7,17,7,2,.151,.232,.178,.410
Jason J Christiansen,SF,35,0,0,0,0,0,0,0,0,0,0,0,.000,.000,.000,.000
Michael M Cuddyer R,MIN,35,102,14,25,1,3,4,8,12,19,1,1,.245,.325,.431,.756
Graeme G Lloyd,NYM,35,0,0,0,0,0,0,0,0,0,0,0,.000,.000,.000,.000
Greg G Maddux,ATL,35,68,2,10,3,0,0,2,1,21,0,0,.147,.157,.191,.348
Esteban E Yan,STL,35,1,0,1,0,0,0,0,0,0,0,0,1.000,1.000,1.000,2.000
Miguel M Batista,ARI,34,57,3,4,1,0,0,0,1,33,0,0,.070,.086,.088,.174
Adam A Bernero,COL,34,6,1,0,0,0,0,0,0,2,0,0,.000,.000,.000,.000
Kevin K Cash,TOR,34,106,10,15,3,0,1,8,4,22,0,0,.142,.179,.198,.377
Elmer E Dessens,ARI,34,46,1,9,1,1,0,6,3,11,0,0,.196,.245,.261,.506
Lew L Ford C,MIN,34,73,16,24,7,1,3,15,8,9,2,0,.329,.402,.575,.978
John J Franco,NYM,34,0,0,0,0,0,0,0,0,0,0,0,.000,.000,.000,.000
Kevin K Millwood,PHI,34,68,4,4,2,0,0,1,5,34,0,0,.059,.123,.088,.212
Darren D Oliver,COL,34,67,6,17,3,0,1,8,3,17,0,0,.254,.296,.343,.639
Rey R Ordonez S,TB,34,117,14,37,11,0,3,22,2,12,0,2,.316,.328,.487,.815
Steve S Trachsel,NYM,34,58,3,11,2,0,0,4,2,16,0,0,.190,.213,.224,.437
Dan D Wheeler,NYM,34,2,0,0,0,0,0,0,0,0,0,0,.000,.000,.000,.000
Rod R Beck,SD,33,0,0,0,0,0,0,0,0,0,0,0,.000,.000,.000,.000
Tom T Glavine,NYM,33,53,4,8,1,0,0,3,4,13,0,0,.151,.211,.170,.380
Brian B Meadows,PIT,33,14,0,1,0,0,0,0,1,6,0,0,.071,.133,.071,.205
Wade W Miller,HOU,33,63,4,10,3,0,0,6,2,16,0,0,.159,.185,.206,.391
Tomo T Ohka,MON,33,55,2,10,0,0,0,3,2,10,0,0,.182,.211,.182,.392
Russ R Ortiz,ATL,33,70,6,18,4,0,2,10,4,17,0,0,.257,.303,.400,.703
Todd T Sears,SD,33,73,9,18,3,0,2,11,7,18,0,0,.247,.317,.370,.687
Jae Weong J Seo,NYM,33,51,3,5,1,0,0,0,3,19,0,0,.098,.148,.118,.266
Ben B Sheets,MIL,33,66,0,5,0,0,0,2,1,35,0,0,.076,.090,.076,.165
Mark M Smith,MIL,33,63,8,15,4,0,3,10,4,13,0,0,.238,.275,.444,.720
Tim T Spooneybarger,FLA,33,3,0,0,0,0,0,0,0,3,0,0,.000,.000,.000,.000
Kip K Wells,PIT,33,68,8,13,3,0,1,5,1,23,0,0,.191,.203,.279,.482
Randy R Wolf,PHI,33,70,9,14,6,0,0,11,5,22,0,0,.200,.250,.286,.536
Hector H Almonte,MON,32,1,0,0,0,0,0,0,0,1,0,0,.000,.000,.000,.000
Mike M Gallo,HOU,32,2,0,0,0,0,0,0,0,0,0,0,.000,.000,.000,.000
Matt M Kinney,MIL,32,55,3,2,1,0,0,0,2,27,0,0,.036,.070,.055,.125
Brandon B Larson,CIN,32,89,6,9,1,0,1,9,13,31,2,2,.101,.212,.146,.358
Brian B Lawrence,SD,32,67,7,15,2,0,1,5,3,18,0,0,.224,.257,.299,.556
Carl C Pavano,FLA,32,61,4,6,2,1,0,1,2,27,0,0,.098,.127,.164,.291
Tom T Prince,KC,32,48,5,10,2,0,2,6,5,7,1,0,.208,.309,.375,.684
Tim T Redding,HOU,32,50,4,10,3,0,0,2,2,19,0,0,.200,.231,.260,.491
Glendon G Rusch,MIL,32,34,2,7,0,0,0,2,3,7,0,0,.206,.270,.206,.476
Angel A Santos,CLE,32,76,9,17,3,1,3,6,3,18,1,1,.224,.253,.408,.661
Brett B Tomko,STL,32,63,4,18,1,0,0,9,4,15,0,1,.286,.328,.302,.630
Javier J Vazquez,MON,32,65,5,10,0,1,0,6,2,8,0,0,.154,.179,.185,.364
Gabe G White,CIN,32,2,0,0,0,0,0,0,0,2,0,0,.000,.000,.000,.000
Woody W Williams,STL,32,70,12,17,4,1,1,7,5,26,0,0,.243,.299,.371,.670
Erick E Almonte S,NYY,31,100,17,26,6,0,1,11,8,24,1,0,.260,.321,.350,.671
Eric E Bruntlett,HOU,31,54,3,14,3,0,1,4,0,10,0,0,.259,.255,.370,.625
Nate N Bump,FLA,31,0,0,0,0,0,0,0,0,0,0,0,.000,.000,.000,.000
Mike M Hampton,ATL,31,60,6,11,2,1,2,8,5,13,0,0,.183,.246,.350,.596
Livan L Hernandez,MON,31,74,2,14,1,0,0,6,1,14,0,0,.189,.211,.203,.413
Jason J Jennings,COL,31,54,3,12,3,0,0,3,5,16,0,0,.222,.283,.278,.561
Brett B Myers,PHI,31,62,3,9,1,0,0,1,2,18,0,0,.145,.172,.161,.333
Hideo H Nomo,LA,31,65,4,9,1,0,1,3,3,25,0,0,.138,.176,.200,.376
Vicente V Padilla,PHI,31,67,1,4,0,0,0,1,6,34,0,0,.060,.149,.060,.208
Brad B Penny,FLA,31,68,3,9,1,1,2,8,0,27,0,0,.132,.132,.265,.397
Mark M Prior,CHC,31,72,6,18,4,0,1,6,2,27,0,0,.250,.270,.347,.618
Ruben R Rivera C,SF,31,50,6,9,2,0,2,4,5,14,1,0,.180,.255,.340,.594
Jeriome J Robertson,HOU,31,52,4,8,0,1,0,3,1,14,0,0,.154,.170,.192,.362
Kirk K Saarloos,HOU,31,5,0,0,0,0,0,1,1,0,0,0,.000,.167,.000,.167
Dave D Veres,CHC,31,0,0,0,0,0,0,0,0,0,0,0,.000,.000,.000,.000
Brandon B Villafuerte,SD,31,1,0,0,0,0,0,0,0,1,0,0,.000,.000,.000,.000
Larry L Barnes,LA,30,38,2,8,2,0,0,2,1,9,0,0,.211,.231,.263,.494
Jason J Bay L,PIT,30,87,15,25,7,1,4,14,19,29,3,1,.287,.421,.529,.949
Kevin K Brown,LA,30,63,4,10,3,0,0,2,0,28,0,0,.159,.156,.206,.363
Matt M Clement,CHC,30,62,3,9,2,0,0,3,0,26,0,0,.145,.159,.177,.336
Jason J Conti R,MIL,30,48,3,11,2,0,2,7,2,18,0,1,.229,.255,.396,.651
Danny D Graves,CIN,30,54,2,6,0,0,0,0,0,15,1,0,.111,.111,.111,.222
Rickey R Henderson L,LA,30,72,7,15,1,0,2,5,11,16,3,0,.208,.321,.306,.627
Dustin D Hermanson,SF,30,11,0,0,0,0,0,0,1,6,0,0,.000,.083,.000,.083
Todd T Jones,COL,30,2,0,0,0,0,0,0,0,1,0,0,.000,.000,.000,.000
Jake J Peavy,SD,30,55,4,4,0,0,0,1,3,21,0,0,.073,.150,.073,.223
Dan D Smith,MON,30,2,0,0,0,0,0,0,0,0,0,0,.000,.000,.000,.000
Garrett G Stephenson,STL,30,44,0,9,0,0,0,2,3,18,0,0,.205,.271,.205,.475
Marcus M Thames R,TEX,30,73,12,15,2,0,1,4,8,18,0,1,.205,.298,.274,.572
Kerry K Wood,CHC,30,61,4,10,1,0,2,6,1,26,0,0,.164,.177,.279,.456
Carlos C Zambrano,CHC,30,75,9,18,5,0,2,6,1,26,0,0,.240,.250,.387,.637
Chad C Zerbe,SF,30,5,0,0,0,0,0,0,0,2,0,0,.000,.000,.000,.000
Mike M Koplove,ARI,29,0,0,0,0,0,0,0,0,0,0,0,.000,.000,.000,.000
Jeff J D' Amico,PIT,28,48,3,6,1,0,1,3,6,23,0,0,.125,.222,.208,.431
Alex A Escobar R,CLE,28,99,16,27,2,0,5,14,7,33,1,0,.273,.324,.444,.768
Shawn S Estes,CHC,28,39,4,7,1,0,1,3,2,17,0,0,.179,.214,.282,.496
Mike M Lamb,TEX,28,38,3,5,0,0,0,2,2,7,1,0,.132,.190,.132,.322
Al A Leiter,NYM,28,53,2,1,0,0,0,0,2,28,0,0,.019,.055,.019,.073
Julius J Matos,KC,28,57,7,15,1,0,2,7,1,12,1,0,.263,.276,.386,.662
Ramon R Nivar C,TEX,28,90,9,19,1,2,0,7,4,10,4,2,.211,.253,.267,.519
Odalis O Perez,LA,28,52,3,5,0,0,0,0,1,14,0,0,.096,.113,.096,.209
Mark M Redman,FLA,28,61,0,1,0,0,0,1,1,31,0,0,.016,.032,.016,.049
Shane S Reynolds,ATL,28,54,0,5,0,0,0,3,1,26,0,0,.093,.109,.093,.202
Joe J Roa,SD,28,7,0,2,0,0,0,1,0,3,0,0,.286,.286,.286,.571
Jason J Schmidt,SF,28,61,2,4,0,0,0,0,2,30,0,0,.066,.095,.066,.161
Paul P Wilson,CIN,28,52,1,6,1,0,0,1,2,28,0,0,.115,.145,.135,.280
Jaime J Cerda,NYM,27,1,0,0,0,0,0,0,0,1,0,0,.000,.000,.000,.000
Jack J Cust D,BAL,27,73,7,19,7,0,4,11,10,25,0,0,.260,.357,.521,.878
A. J. A Hinch,DET,27,74,7,15,3,1,3,11,3,18,0,0,.203,.247,.392,.639
Horacio H Ramirez,ATL,27,61,3,6,0,1,0,2,0,12,0,0,.098,.098,.131,.230
Michael M Ryan R,MIN,27,61,13,24,7,0,5,13,6,12,2,1,.393,.441,.754,1.195
Bill B Selby,CLE,27,39,3,4,1,0,0,5,3,11,0,0,.103,.163,.128,.291
Mo M Vaughn,NYM,27,79,10,15,2,0,3,15,14,22,0,0,.190,.323,.329,.652
Brandon B Webb,ARI,27,50,2,5,1,0,0,0,2,21,0,0,.100,.135,.120,.255
Gerald G Williams L,FLA,27,31,5,4,1,0,0,3,2,5,3,0,.129,.182,.161,.343
Dontrelle D Willis,FLA,27,58,2,14,2,0,1,4,3,8,0,0,.241,.279,.328,.606
Tim T Hummel,CIN,26,84,9,19,5,0,2,10,8,13,0,0,.226,.290,.357,.648
Carlos C Mendez,BAL,26,45,3,10,2,0,0,5,0,12,0,0,.222,.217,.267,.484
Donaldo D Mendez S,SD,26,84,10,19,6,0,2,9,7,32,1,0,.226,.298,.369,.667
Matt M Morris,STL,26,52,5,10,2,0,1,3,2,16,0,0,.192,.222,.288,.511
Shane S Nance,MIL,26,0,0,0,0,0,0,0,0,0,0,0,.000,.000,.000,.000
Dean D Palmer,DET,26,86,3,12,2,0,0,6,9,28,0,0,.140,.235,.163,.398
Kirk K Rueter,SF,26,53,5,7,0,0,0,3,2,8,1,0,.132,.164,.132,.296
Jayson J Werth R,TOR,26,48,7,10,4,0,2,10,3,22,1,0,.208,.255,.417,.672
Garrett G Atkins,COL,25,69,6,11,2,0,0,4,3,14,0,0,.159,.205,.188,.394
Jermaine J Clark L,TEX,25,48,2,8,2,0,0,7,6,5,2,2,.167,.250,.208,.458
Josh J Fogg,PIT,25,42,4,8,0,0,0,1,2,15,1,0,.190,.227,.190,.418
Kaz K Ishii,LA,25,34,1,1,0,1,0,0,0,16,0,0,.029,.029,.088,.118
Tommy T Phelps,FLA,25,11,1,1,0,0,0,0,2,3,0,0,.091,.231,.091,.322
Josh J Beckett,FLA,24,46,3,7,2,0,0,3,1,14,0,0,.152,.170,.196,.366
Juan J Cruz,CHC,24,12,1,3,0,1,0,1,0,5,0,0,.250,.250,.417,.667
Wiki W Gonzalez,SD,24,65,1,13,5,0,0,10,5,13,0,0,.200,.264,.277,.541
Curt C Leskanic,MIL,24,0,0,0,0,0,0,0,0,0,0,0,.000,.000,.000,.000
Dave D Mc Carty L,BOS,24,53,6,18,5,0,1,8,3,14,0,0,.340,.368,.491,.859
Colin C Porter,HOU,24,32,5,6,0,0,0,0,1,17,1,0,.188,.212,.188,.400
Michael M Restovich R,MIN,24,53,10,15,3,2,0,4,10,12,0,0,.283,.406,.415,.821
Adam A Riggs L,ANA,24,61,11,15,4,1,3,5,9,9,3,1,.246,.343,.492,.835
Curt C Schilling,ARI,24,52,4,3,0,0,0,0,3,21,0,0,.058,.109,.058,.167
Kiko K Calero,STL,23,4,1,1,0,0,0,1,0,0,0,0,.250,.250,.250,.500
Zach Z Day,MON,23,47,2,2,0,0,0,2,1,22,0,0,.043,.063,.043,.105
Matt M Ford,MIL,23,7,0,1,1,0,0,1,1,3,0,0,.143,.250,.286,.536
John J Foster,MIL,23,0,0,0,0,0,0,0,0,0,0,0,.000,.000,.000,.000
Oliver O Pérez Perez,PIT,23,39,0,7,0,0,0,4,1,11,0,0,.179,.195,.179,.375
Jorge J Velandia S,NYM,23,58,6,11,3,1,0,8,10,15,0,0,.190,.304,.276,.580
Shawn S Chacon,COL,22,46,4,9,2,0,1,5,0,16,0,0,.196,.196,.304,.500
Greg G Colbrunn,SEA,22,58,7,16,1,1,3,7,4,16,0,1,.276,.323,.483,.805
Mark M Corey,PIT,22,0,0,0,0,0,0,0,0,0,0,0,.000,.000,.000,.000
Mike M Crudale,MIL,22,0,0,0,0,0,0,0,0,0,0,0,.000,.000,.000,.000
Ryan R Dempster,CIN,22,33,1,1,0,0,0,0,1,19,0,0,.030,.059,.030,.089
Brandon B Duckworth,PHI,22,27,1,5,0,0,0,2,2,5,0,0,.185,.241,.185,.427
Danny D Klassen,DET,22,73,9,18,3,1,1,7,4,26,0,1,.247,.286,.356,.642
Bubba B Trammell D,NYY,22,55,4,11,5,0,0,5,6,10,0,0,.200,.279,.291,.570
Greg G Vaughn,COL,22,37,8,7,3,0,3,5,8,13,0,0,.189,.326,.514,.840
Pedro P Feliciano,NYM,21,3,0,0,0,0,0,0,1,1,0,0,.000,.250,.000,.250
Jesse J Foppert,SF,21,37,3,3,1,1,0,1,0,19,0,0,.081,.105,.162,.267
Chad C Fox,FLA,21,0,0,0,0,0,0,0,0,0,0,0,.000,.000,.000,.000
Todd T Hundley,LA,21,33,2,6,1,0,2,11,8,13,0,1,.182,.341,.394,.735
Jose J Leon,BAL,21,54,6,13,1,0,0,0,3,18,0,0,.241,.305,.259,.564
Jason J Marquis,ATL,21,2,0,1,1,0,0,1,0,0,0,0,.500,.500,1.000,1.500
Phil P Norton,CIN,21,1,0,0,0,0,0,0,0,1,0,0,.000,.000,.000,.000
Lance L Painter,STL,21,1,0,0,0,0,0,0,0,0,0,0,.000,.000,.000,.000
Wilkin W Ruan C,LA,21,41,2,9,2,1,0,2,0,7,1,0,.220,.220,.317,.537
Stephen S Smitherman L,CIN,21,44,3,7,2,0,1,6,3,9,1,0,.159,.213,.273,.486
Jeff J Suppan,BOS,21,43,3,12,1,0,0,2,2,12,0,0,.279,.326,.302,.628
Claudio C Vargas,MON,21,30,1,0,0,0,0,0,1,15,0,0,.000,.032,.000,.032
Wilson W Alvarez,LA,20,29,1,5,0,0,0,0,1,9,0,0,.172,.200,.172,.372
Andy A Ashby,LA,20,14,0,0,0,0,0,0,0,8,0,0,.000,.000,.000,.000
Will W Cunnane,ATL,20,0,0,0,0,0,0,0,0,0,0,0,.000,.000,.000,.000
Khalil K Greene S,SD,20,65,8,14,4,1,2,6,4,19,0,1,.215,.271,.400,.671
Roy R Oswalt,HOU,20,39,4,7,1,0,0,0,2,15,0,0,.179,.220,.205,.425
Tim T Raines C,BAL,20,43,4,6,1,1,0,2,2,12,0,0,.140,.196,.209,.405
Cody C Ransom S,SF,20,27,7,6,1,0,1,1,1,11,0,0,.222,.250,.370,.620
Freddy F Sanchez,BOS,20,34,6,8,2,0,0,2,0,8,0,0,.235,.235,.294,.529
Peter P Zoccolillo,MIL,20,37,0,4,1,0,0,3,2,13,0,0,.108,.154,.135,.289
Nate N Bland,HOU,19,0,0,0,0,0,0,0,0,0,0,0,.000,.000,.000,.000
Raul R Chavez,HOU,19,37,5,10,1,1,1,4,1,6,0,0,.270,.289,.432,.722
Nelson N Cruz,COL,19,13,1,2,1,0,0,1,0,2,0,0,.154,.154,.231,.385
J. J Davis R,PIT,19,35,1,7,0,0,1,4,3,13,0,1,.200,.263,.286,.549
Danny D Garcia,NYM,19,56,5,12,2,0,2,6,2,11,0,0,.214,.274,.357,.631
Mike M Hessman L,ATL,19,21,2,6,2,0,2,3,5,6,0,0,.286,.423,.667,1.090
Pete P Laforest D,TB,19,48,0,8,2,0,0,6,1,14,0,0,.167,.196,.208,.404
Gerald G Laird,TEX,19,44,9,12,2,1,1,4,5,11,0,0,.273,.360,.432,.792
Julio J Manon,MON,19,1,0,0,0,0,0,0,0,1,0,0,.000,.000,.000,.000
Damian D Moss,SF,19,29,1,7,0,0,0,1,1,12,0,0,.241,.267,.241,.508
Chris C Richard,COL,19,27,3,6,1,1,1,3,3,6,0,1,.222,.300,.444,.744
Mike M Rivera,SD,19,53,2,9,1,0,1,2,5,11,0,0,.170,.241,.245,.487
Scott S Service,TOR,19,0,0,0,0,0,0,0,0,0,0,0,.000,.000,.000,.000
Scott S Strickland,NYM,19,1,0,0,0,0,0,0,0,0,0,0,.000,.000,.000,.000
Ron R Villone,HOU,19,42,2,7,1,0,1,2,0,17,0,0,.167,.186,.262,.448
Charles C Gipson,NYY,18,10,3,2,0,0,0,2,1,2,2,1,.200,.273,.200,.473
Felix F Jose,ARI,18,18,1,6,1,0,1,6,6,3,0,0,.333,.500,.556,1.056
Jason J Lane,HOU,18,27,5,8,2,0,4,10,0,2,0,0,.296,.296,.815,1.111
Todd T Linden L,SF,18,38,2,8,1,0,1,6,1,8,0,0,.211,.231,.316,.547
Robert R Machado,BAL,18,49,8,13,1,0,1,3,6,12,0,0,.265,.345,.347,.692
Grant G Roberts,NYM,18,0,0,0,0,0,0,0,0,0,0,0,.000,.000,.000,.000
Eric E Valent,CIN,18,42,3,9,0,0,0,1,2,9,0,0,.214,.250,.214,.464
Rick R White,HOU,18,0,0,0,0,0,0,0,0,0,0,0,.000,.000,.000,.000
Jerome J Williams,SF,18,37,1,4,1,0,0,1,0,19,0,0,.108,.108,.135,.243
Kris K Benson,PIT,17,30,2,0,0,0,0,0,1,11,0,0,.000,.032,.000,.032
Ron R Gant L,OAK,17,41,4,6,0,0,1,4,2,9,0,0,.146,.182,.220,.401
Jimmy J Haynes,CIN,17,23,2,6,1,0,0,3,0,4,0,0,.261,.261,.304,.565
Randy R Johnson,ARI,17,36,2,7,0,0,1,3,0,17,0,0,.194,.194,.278,.472
Allen A Levrault,FLA,17,2,0,0,0,0,0,0,0,1,0,0,.000,.000,.000,.000
Pablo P Ozuna,COL,17,40,5,8,1,0,0,2,2,6,3,0,.200,.273,.225,.498
Russ R Springer,STL,17,1,0,0,0,0,0,0,0,1,0,0,.000,.000,.000,.000
Denny D Stark,COL,17,22,1,0,0,0,0,4,4,6,0,0,.000,.148,.000,.148
Ryan R Wagner,CIN,17,0,0,0,0,0,0,0,0,0,0,0,.000,.000,.000,.000
Joe J Borchard C,CWS,16,49,5,9,1,0,1,5,5,18,0,1,.184,.246,.265,.511
Dave D Burba,MIL,16,10,0,0,0,0,0,0,0,7,0,0,.000,.000,.000,.000
Johnny J Estrada,ATL,16,36,2,11,0,0,0,2,0,3,0,0,.306,.359,.306,.664
Joe J Girardi,STL,16,23,1,3,0,0,0,1,3,4,0,0,.130,.231,.130,.361
Michael M Gonzalez,PIT,16,0,0,0,0,0,0,0,0,0,0,0,.000,.000,.000,.000
Ricky R Gutierrez S,CLE,16,50,2,13,3,0,0,3,3,5,0,0,.260,.309,.320,.629
Ryan R Langerhans,ATL,16,15,2,4,0,0,0,0,0,6,0,0,.267,.267,.267,.533
Blaine B Neal,FLA,16,0,0,0,0,0,0,0,0,0,0,0,.000,.000,.000,.000
Josh J Paul,CHC,16,23,6,6,0,0,0,4,3,6,0,0,.261,.346,.261,.607
Andrew A Good,ARI,15,16,0,2,0,0,0,1,0,5,0,0,.125,.125,.125,.250
Dan D Haren,STL,15,25,0,2,2,0,0,1,1,10,0,0,.080,.148,.160,.308
Kevin K Jarvis,SD,15,22,3,3,0,0,0,2,4,7,0,0,.136,.269,.136,.406
John J Patterson,ARI,15,13,1,1,0,0,0,1,0,4,0,0,.077,.077,.077,.154
Scott S Randall,CIN,15,4,0,1,0,0,0,0,0,1,0,0,.250,.250,.250,.500
Prentice P Redman C,NYM,15,24,3,3,1,0,1,2,1,9,2,0,.125,.192,.292,.484
Dennys D Reyes,ARI,15,0,0,0,0,0,0,0,0,0,0,0,.000,.000,.000,.000
Matt M Watson,NYM,15,23,0,4,2,0,0,2,1,5,0,0,.174,.208,.261,.469
Aaron A Heilman,NYM,14,22,1,1,0,0,0,1,1,13,0,0,.045,.087,.045,.132
Corky C Miller,CIN,14,30,4,8,0,0,0,1,5,7,0,0,.267,.395,.267,.661
Vladimir V Nunez,FLA,14,0,0,0,0,0,0,0,0,0,0,0,.000,.000,.000,.000
Tony T Torcato,SF,14,16,0,3,1,0,0,1,0,4,0,0,.188,.235,.250,.485
Todd T Wellemeyer,CHC,14,1,0,0,0,0,0,0,1,0,0,0,.000,.500,.000,.500
Brandon B Berger R,KC,13,32,3,7,0,0,0,3,5,4,0,0,.219,.324,.219,.543
Mike M Bynum,SD,13,10,0,3,0,0,0,0,0,4,0,0,.300,.300,.300,.600
Steve S Colyer,LA,13,0,0,0,0,0,0,0,1,0,0,0,.000,1.000,.000,1.000
Jesse J Garcia,ATL,13,10,6,4,0,1,0,2,0,1,0,1,.400,.400,.600,1.000
Mark M Johnson,OAK,13,27,3,3,1,0,0,3,3,4,0,0,.111,.219,.148,.367
Eric E Knott,MON,13,5,0,0,0,0,0,0,0,2,0,0,.000,.000,.000,.000
George G Lombard R,TB,13,37,8,8,1,0,1,4,0,6,1,0,.216,.237,.324,.561
Jarrod J Patterson,KC,13,22,3,4,0,0,0,0,3,6,0,0,.182,.280,.182,.462
Brandon B Puffer,HOU,13,3,0,0,0,0,0,0,0,2,0,0,.000,.000,.000,.000
Chris C Truby,TB,13,43,4,12,3,0,0,3,5,13,0,0,.279,.354,.349,.703
Brent B Abernathy,KC,12,34,3,2,0,0,0,0,1,3,1,0,.059,.086,.059,.144
Kurt K Ainsworth,SF,12,22,0,1,0,0,0,0,0,7,0,0,.045,.045,.045,.091
Chad C Allen L,FLA,12,24,2,5,1,1,0,0,0,5,0,0,.208,.240,.333,.573
Edwin E Almonte,NYM,12,1,0,0,0,0,0,0,0,0,0,0,.000,.000,.000,.000
Clint C Barmes S,COL,12,25,2,8,2,0,0,2,0,10,0,0,.320,.357,.400,.757
Pat P Borders,SEA,12,14,1,2,1,0,0,1,1,5,0,0,.143,.200,.214,.414
Troy T Brohawn,LA,12,1,0,1,0,0,0,0,0,0,0,0,1.000,1.000,1.000,2.000
Chad C Cordero,MON,12,0,0,0,0,0,0,0,0,0,0,0,.000,.000,.000,.000
David D De Jesus C,KC,12,7,0,2,0,1,0,0,1,2,0,0,.286,.444,.571,1.016
Trent T Durrington,ANA,12,14,5,2,0,0,0,1,3,0,1,1,.143,.294,.143,.437
Jared J Fernandez,HOU,12,9,1,0,0,0,0,0,0,3,0,0,.000,.000,.000,.000
Nelson N Figueroa,PIT,12,7,0,0,0,0,0,0,0,4,0,0,.000,.000,.000,.000
Tom T Gregorio,ANA,12,19,1,3,0,0,0,2,1,8,0,0,.158,.238,.158,.396
Rick R Helling,FLA,12,3,0,1,1,0,0,0,0,1,0,0,.333,.333,.667,1.000
Mitch M Meluskey,HOU,12,9,1,1,1,0,0,2,2,2,0,0,.111,.250,.222,.472
Hector H Mercado,PHI,12,2,0,0,0,0,0,0,0,0,0,0,.000,.000,.000,.000
Wes W Obermueller,MIL,12,23,1,3,0,0,0,1,0,6,0,0,.130,.130,.130,.261
Augie A Ojeda S,CHC,12,25,2,3,0,0,0,0,1,5,0,0,.120,.185,.120,.305
Sidney S Ponson,SF,12,27,1,2,1,0,0,0,0,5,0,0,.074,.074,.111,.185
Humberto H Quintero,SD,12,23,1,5,0,0,0,2,1,6,0,0,.217,.250,.217,.467
Jamal J Strong,SEA,12,2,2,0,0,0,0,0,0,0,0,0,.000,.000,.000,.000
Joe J Thurston,LA,12,10,2,2,0,0,0,0,1,1,0,0,.200,.273,.200,.473
Luis L Ugueto,SEA,12,5,4,1,0,0,0,1,1,0,2,0,.200,.333,.200,.533
Alberto A Castillo,SF,11,15,2,3,1,0,1,4,0,5,0,0,.200,.200,.467,.667
Juan J Cerros,CIN,11,0,0,0,0,0,0,0,0,0,0,0,.000,.000,.000,.000
Bruce B Chen,HOU,11,1,0,0,0,0,0,0,0,0,0,0,.000,.000,.000,.000
Bobby B Crosby S,OAK,11,12,1,0,0,0,0,0,1,5,0,0,.000,.143,.000,.143
Chad C Hermansen L,LA,11,25,2,4,1,0,0,2,2,9,0,0,.160,.222,.200,.422
Sterling S Hitchcock,STL,11,12,0,1,0,0,0,0,0,5,0,0,.083,.083,.083,.167
Byung- Hyun B Kim,BOS,11,20,0,4,1,0,0,1,0,2,0,0,.200,.200,.250,.450
Craig C Paquette,DET,11,33,2,5,0,0,0,0,0,5,0,0,.152,.152,.152,.303
Kit K Pellow,COL,11,18,6,8,3,1,1,4,0,4,0,0,.444,.476,.889,1.365
Herbert H Perry,TEX,11,24,1,4,1,0,0,2,0,3,0,0,.167,.167,.208,.375
Dan D Serafini,CIN,11,6,0,0,0,0,0,0,0,2,0,0,.000,.000,.000,.000
Kevin K Walker,SD,11,0,0,0,0,0,0,0,0,0,0,0,.000,.000,.000,.000
John J Bale,CIN,10,17,0,2,0,0,0,0,0,8,0,0,.118,.118,.118,.235
Kevin K Correia,SF,10,13,1,2,0,0,0,2,0,6,0,0,.154,.154,.154,.308
Humberto H Cota,PIT,10,16,1,4,1,0,0,1,1,5,0,0,.250,.294,.313,.607
Vic V Darensbourg,MON,10,1,0,0,0,0,0,0,0,1,0,0,.000,.000,.000,.000
Doug D Davis,MIL,10,21,0,2,0,0,0,0,0,10,0,0,.095,.095,.095,.190
Darren D Dreifort,LA,10,15,0,2,1,0,0,1,1,9,0,0,.133,.188,.200,.388
Scott S Elarton,COL,10,14,2,1,0,0,0,0,2,4,0,0,.071,.188,.071,.259
Felix F Escalona S,TB,10,27,2,5,2,0,0,2,2,6,1,0,.185,.241,.259,.501
Aaron A Harang,CIN,10,18,0,1,0,0,0,0,0,12,0,0,.056,.056,.056,.111
Trenidad T Hubbard,CHC,10,16,2,4,1,0,0,2,4,3,1,0,.250,.429,.313,.741
David D Kelton,CHC,10,12,1,2,1,0,0,1,0,5,0,0,.167,.167,.250,.417
Brady B Raggio,ARI,10,0,0,0,0,0,0,0,0,0,0,0,.000,.000,.000,.000
Barry B Wesson L,ANA,10,11,2,2,0,0,1,3,0,4,1,0,.182,.182,.455,.636
Andy A Abad,BOS,9,17,1,2,0,0,0,0,2,5,0,1,.118,.211,.118,.328
Juan J Alvarez,FLA,9,0,0,0,0,0,0,0,0,0,0,0,.000,.000,.000,.000
Jason J Anderson,NYM,9,0,0,0,0,0,0,0,0,0,0,0,.000,.000,.000,.000
Adrian A Brown C,BOS,9,15,2,3,0,0,0,1,1,4,2,0,.200,.250,.200,.450
Chris C Capuano,ARI,9,8,0,0,0,0,0,0,0,5,0,0,.000,.000,.000,.000
Clay C Condrey,SD,9,10,1,2,0,0,0,0,0,6,0,0,.200,.200,.200,.400
Marty M Cordova D,BAL,9,30,5,7,1,0,1,4,8,5,1,0,.233,.410,.367,.777
Bubba B Crosby,LA,9,12,0,1,0,0,0,1,0,3,0,0,.083,.083,.083,.167
Edgar E Gonzalez,ARI,9,4,1,1,0,0,0,0,0,0,0,0,.250,.250,.250,.500
Trevor T Hoffman,SD,9,0,0,0,0,0,0,0,0,0,0,0,.000,.000,.000,.000
Chris C Magruder L,CLE,9,26,3,9,2,1,1,3,3,6,0,1,.346,.433,.615,1.049
Pat P Mahomes,PIT,9,4,0,1,0,0,0,0,0,2,0,0,.250,.250,.250,.500
Josias J Manzanillo,CIN,9,0,0,0,0,0,0,0,0,0,0,0,.000,.000,.000,.000
Chad C Meyers,SEA,9,1,1,0,0,0,0,0,0,0,1,0,.000,.000,.000,.000
Jesus J Sanchez,COL,9,0,0,0,0,0,0,0,0,0,0,0,.000,.000,.000,.000
Chin-hui C Tsao,COL,9,13,2,2,1,0,0,0,0,1,0,0,.154,.154,.231,.385
Todd T Van Poppel,CIN,9,9,0,1,0,0,0,0,0,4,0,0,.111,.111,.111,.222
Cory C Vance,COL,9,7,2,2,1,0,0,0,0,1,0,0,.286,.286,.429,.714
Jimmy J Anderson,CIN,8,9,1,1,0,0,0,0,2,4,0,0,.111,.273,.111,.384
Jonny J Gomes D,TB,8,15,1,2,1,0,0,0,0,6,0,0,.133,.188,.200,.388
Jason J Grabowski,OAK,8,8,0,0,0,0,0,0,1,5,0,0,.000,.111,.000,.111
Rontrez R Johnson C,KC,8,3,3,1,0,0,0,0,0,2,0,0,.333,.333,.333,.667
Aaron A Miles,CWS,8,12,3,4,3,0,0,2,0,0,0,0,.333,.333,.583,.917
Alex A Prieto,MIN,8,11,1,1,0,0,0,0,0,4,0,0,.091,.091,.091,.182
Ruben R Quevedo,MIL,8,10,1,3,0,0,0,0,0,5,0,0,.300,.300,.300,.600
Francisco F Santos,SF,8,15,2,3,2,0,1,1,0,3,0,0,.200,.200,.533,.733
Pedro P Swann L,BAL,8,14,3,3,1,0,1,2,1,4,0,0,.214,.267,.500,.767
Amaury A Telemaco,PHI,8,14,1,4,3,0,0,0,0,4,0,0,.286,.286,.500,.786
Jason J Young,COL,8,7,1,2,1,0,0,0,1,1,0,0,.286,.375,.429,.804
Pedro P Astacio,NYM,7,11,1,1,0,0,0,0,0,2,0,0,.091,.091,.091,.182
Jeff J Austin,CIN,7,8,0,1,0,0,0,0,0,5,0,0,.125,.125,.125,.250
Pedro P Borbon,STL,7,0,0,0,0,0,0,0,0,0,0,0,.000,.000,.000,.000
Toby T Borland,FLA,7,0,0,0,0,0,0,0,0,0,0,0,.000,.000,.000,.000
Rob R Bowen,MIN,7,10,0,1,0,0,0,1,0,4,0,0,.100,.091,.100,.191
Kirk K Bullinger,HOU,7,0,0,0,0,0,0,0,0,0,0,0,.000,.000,.000,.000
Jason J Ellison L,SF,7,10,1,1,0,0,0,0,0,1,0,0,.100,.100,.100,.200
Seth S Etherton,CIN,7,7,0,1,0,0,0,0,0,2,0,0,.143,.143,.143,.286
Jeremy J Griffiths,NYM,7,9,0,0,0,0,0,0,1,3,0,0,.000,.100,.000,.100
Chad C Kreuter,TEX,7,18,0,2,1,0,0,0,3,2,0,0,.111,.238,.167,.405
Orber O Moreno,NYM,7,1,0,0,0,0,0,0,0,1,0,0,.000,.000,.000,.000
Denny D Neagle,COL,7,11,0,0,0,0,0,0,0,4,0,0,.000,.000,.000,.000
Josh J Pearce,STL,7,0,0,0,0,0,0,0,0,0,0,0,.000,.000,.000,.000
Carlos C Valderrama L,SF,7,7,0,1,0,0,0,0,0,3,1,0,.143,.143,.143,.286
Rickie R Weeks Jr.,MIL,7,12,1,2,1,0,0,0,1,6,0,0,.167,.286,.250,.536
Matt M Belisle,CIN,6,1,0,0,0,0,0,0,0,1,0,0,.000,.000,.000,.000
Hiram H Bocachica C,DET,6,22,1,1,1,0,0,0,0,7,0,0,.045,.045,.091,.136
Jamie J Burke,CWS,6,8,0,3,0,0,0,2,0,0,0,0,.375,.375,.375,.750
Morgan M Burkhart,KC,6,15,1,3,0,0,0,1,1,2,0,0,.200,.250,.200,.450
Jesus J Colome,TB,6,0,0,0,0,0,0,0,0,0,0,0,.000,.000,.000,.000
Tim T Drew,MON,6,1,0,0,0,0,0,0,0,0,0,0,.000,.000,.000,.000
Mike M Glavine,NYM,6,7,0,1,0,0,0,0,0,2,0,0,.143,.143,.143,.286
Josh J Hall,CIN,6,6,2,1,0,0,0,0,0,2,0,0,.167,.167,.167,.333
La Troy L Hawkins,MIN,6,0,0,0,0,0,0,0,0,0,0,0,.000,.000,.000,.000
Bobby B Hill,PIT,6,7,1,2,0,0,0,0,2,2,0,0,.286,.444,.286,.730
Ben B Howard,SD,6,11,1,1,0,0,0,0,0,5,0,0,.091,.091,.091,.182
Ryan R Jensen,SF,6,5,0,2,0,0,0,2,0,0,0,0,.400,.400,.400,.800
Jimmy J Journell,STL,6,0,0,0,0,0,0,0,0,0,0,0,.000,.000,.000,.000
Eric E Junge,PHI,6,0,0,0,0,0,0,0,0,0,0,0,.000,.000,.000,.000
Graham G Koonce,OAK,6,8,0,1,1,0,0,0,0,6,0,0,.125,.125,.250,.375
David D Matranga,HOU,6,5,1,1,0,0,1,1,0,2,0,0,.200,.200,.800,1.000
Julio J Ramirez C,ANA,6,2,1,0,0,0,0,0,0,0,0,0,.000,.000,.000,.000
Cody C Ross R,DET,6,19,1,4,1,0,1,5,1,3,0,0,.211,.286,.421,.707
Duaner D Sanchez,PIT,6,0,0,0,0,0,0,0,0,0,0,0,.000,.000,.000,.000
Pat P Strange,NYM,6,1,0,0,0,0,0,0,0,0,0,0,.000,.000,.000,.000
Jose J Acevedo,CIN,5,9,0,0,0,0,0,0,0,5,0,0,.000,.000,.000,.000
Victor V Alvarez,LA,5,0,0,0,0,0,0,0,0,0,0,0,.000,.000,.000,.000
Tony T Armas,MON,5,10,0,2,0,0,0,0,0,2,0,0,.200,.200,.200,.400
Danys D Baez,CLE,5,1,0,0,0,0,0,0,0,0,0,0,.000,.000,.000,.000
Jason J Boyd,CLE,5,0,0,0,0,0,0,0,0,0,0,0,.000,.000,.000,.000
Chad C Bradford,OAK,5,0,0,0,0,0,0,0,0,0,0,0,.000,.000,.000,.000
Matt M Cepicky L,MON,5,8,0,2,1,0,0,0,0,2,0,0,.250,.250,.375,.625
David D Cone,NYM,5,4,0,1,0,0,0,0,0,1,0,0,.250,.250,.250,.500
Roy R Corcoran,MON,5,1,0,0,0,0,0,0,0,1,0,0,.000,.000,.000,.000
Joe J Dawley,ATL,5,1,0,0,0,0,0,0,0,1,0,0,.000,.000,.000,.000
Jayson J Durocher,MIL,5,0,0,0,0,0,0,0,0,0,0,0,.000,.000,.000,.000
Alan A Embree,BOS,5,0,0,0,0,0,0,0,0,0,0,0,.000,.000,.000,.000
Geoff G Geary,PHI,5,0,0,0,0,0,0,0,0,0,0,0,.000,.000,.000,.000
Esteban E German,OAK,5,4,0,1,0,0,0,1,0,1,0,0,.250,.250,.250,.500
John J Grabow,PIT,5,0,0,0,0,0,0,0,0,0,0,0,.000,.000,.000,.000
Chris C Hammond,NYY,5,0,0,0,0,0,0,0,0,0,0,0,.000,.000,.000,.000
Drew D Henson,NYY,5,8,2,1,0,0,0,0,0,2,0,0,.125,.125,.125,.250
Michel M Hernandez,NYY,5,4,0,1,0,0,0,0,1,1,0,0,.250,.400,.250,.650
Ken K Huckaby,TOR,5,11,1,2,1,0,0,2,0,2,0,0,.182,.182,.273,.454
Gary G Johnson L,ANA,5,8,1,3,1,0,0,0,1,1,0,1,.375,.444,.500,.944
Greg G La Rocca,CLE,5,9,3,3,1,0,0,0,1,1,0,0,.333,.400,.444,.844
Carlton C Loewer,SD,5,5,0,0,0,0,0,1,1,3,0,0,.000,.167,.000,.167
Jim J Mecir,OAK,5,0,0,0,0,0,0,0,0,0,0,0,.000,.000,.000,.000
Jose J Mercedes,MON,5,0,0,0,0,0,0,0,0,0,0,0,.000,.000,.000,.000
Jason J Middlebrook,NYM,5,0,0,0,0,0,0,0,0,0,0,0,.000,.000,.000,.000
Trever T Miller,TOR,5,0,0,0,0,0,0,0,0,0,0,0,.000,.000,.000,.000
Terry T Mulholland,CLE,5,1,0,0,0,0,0,0,0,1,0,0,.000,.000,.000,.000
Charles C Nagy,SD,5,2,0,0,0,0,0,0,0,0,0,0,.000,.000,.000,.000
Lance L Niekro,SF,5,5,2,1,1,0,0,2,0,1,0,0,.200,.200,.400,.600
Kevin K Olsen,FLA,5,0,0,0,0,0,0,0,0,0,0,0,.000,.000,.000,.000
Todd T Ritchie,MIL,5,9,0,2,0,0,0,0,0,2,0,0,.222,.222,.222,.444
Mariano M Rivera,NYY,5,0,0,0,0,0,0,0,0,0,0,0,.000,.000,.000,.000
Fernando F Seguignol,NYY,5,7,0,1,0,0,0,0,1,3,0,0,.143,.250,.143,.393
Jeff J Tam,TOR,5,1,0,1,1,0,0,1,0,0,0,0,1.000,1.000,2.000,3.000
Luis L Terrero,ARI,5,4,0,1,0,0,0,0,0,1,0,0,.250,.400,.250,.650
Mike M Timlin,BOS,5,0,0,0,0,0,0,0,0,0,0,0,.000,.000,.000,.000
Ryan R Vogelsong,PIT,5,6,0,1,0,0,0,0,0,2,0,0,.167,.167,.167,.333
Ben B Weber,ANA,5,0,0,0,0,0,0,0,0,0,0,0,.000,.000,.000,.000
Ernie E Young D,DET,5,11,0,2,0,0,0,0,4,5,0,2,.182,.400,.182,.582
Mike M Bacsik,NYM,4,3,0,0,0,0,0,0,0,1,0,0,.000,.000,.000,.000
Rick R Bauer,BAL,4,0,0,0,0,0,0,0,0,0,0,0,.000,.000,.000,.000
Mark M Budzinski,CIN,4,7,0,0,0,0,0,0,0,4,0,0,.000,.000,.000,.000
A. J. A Burnett,FLA,4,7,0,1,0,0,0,0,2,3,0,0,.143,.333,.143,.476
Lou L Collier,BOS,4,1,0,0,0,0,0,0,0,0,0,1,.000,.000,.000,.000
Francisco F Cordero,TEX,4,0,0,0,0,0,0,0,0,0,0,0,.000,.000,.000,.000
Matt M Diaz,TB,4,9,2,1,0,0,0,0,1,3,0,0,.111,.200,.111,.311
Brendan B Donnelly,ANA,4,0,0,0,0,0,0,0,0,0,0,0,.000,.000,.000,.000
Travis T Driskill,BAL,4,1,0,0,0,0,0,0,0,0,0,0,.000,.000,.000,.000
Mike M Edwards,OAK,4,4,0,1,0,0,0,0,2,1,0,0,.250,.500,.250,.750
Keith K Foulke,OAK,4,0,0,0,0,0,0,0,0,0,0,0,.000,.000,.000,.000
Rosman R Garcia,TEX,4,0,0,0,0,0,0,0,0,0,0,0,.000,.000,.000,.000
Franklyn F German,DET,4,0,0,0,0,0,0,0,0,0,0,0,.000,.000,.000,.000
Jason J Gilfillan,KC,4,0,0,0,0,0,0,0,0,0,0,0,.000,.000,.000,.000
Jason J Grimsley,KC,4,0,0,0,0,0,0,0,0,0,0,0,.000,.000,.000,.000
Eddie E Guardado,MIN,4,0,0,0,0,0,0,0,0,0,0,0,.000,.000,.000,.000
Travis T Harper,TB,4,0,0,0,0,0,0,0,0,0,0,0,.000,.000,.000,.000
Bill B Haselman,BOS,4,3,0,0,0,0,0,0,0,1,0,0,.000,.000,.000,.000
Edwin E Jackson,LA,4,6,0,0,0,0,0,0,1,2,0,0,.000,.143,.000,.143
Sun- Woo S Kim,MON,4,3,0,0,0,0,0,0,0,1,0,0,.000,.000,.000,.000
Billy B Koch,CWS,4,0,0,0,0,0,0,0,0,0,0,0,.000,.000,.000,.000
Chris C Latham,NYY,4,2,3,2,0,0,0,0,0,0,1,0,1.000,1.000,1.000,2.000
Al A Levine,TB,4,0,0,0,0,0,0,0,0,0,0,0,.000,.000,.000,.000
Sean S Lowe,KC,4,0,0,0,0,0,0,0,0,0,0,0,.000,.000,.000,.000
Noah N Lowry,SF,4,2,1,1,0,0,0,0,0,1,0,0,.500,.500,.500,1.000
Mike M Mac Dougal,KC,4,0,0,0,0,0,0,0,0,0,0,0,.000,.000,.000,.000
Damaso D Marte,CWS,4,0,0,0,0,0,0,0,0,0,0,0,.000,.000,.000,.000
Luis L Martinez,MIL,4,4,0,0,0,0,0,0,0,3,0,0,.000,.000,.000,.000
Matt M Miller,COL,4,0,0,0,0,0,0,0,0,0,0,0,.000,.000,.000,.000
Rodney R Myers,LA,4,2,0,0,0,0,0,0,0,2,0,0,.000,.000,.000,.000
Jeff J Nelson,SEA,4,0,0,0,0,0,0,0,0,0,0,0,.000,.000,.000,.000
Cliff C Politte,TOR,4,0,0,0,0,0,0,0,0,0,0,0,.000,.000,.000,.000
Jay J Powell,TEX,4,0,0,0,0,0,0,0,0,0,0,0,.000,.000,.000,.000
Curtis C Pride R,NYY,4,12,1,1,0,0,1,1,0,2,0,0,.083,.083,.333,.417
Arthur A Rhodes,SEA,4,0,0,0,0,0,0,0,0,0,0,0,.000,.000,.000,.000
Juan J Rincon,MIN,4,0,0,0,0,0,0,0,0,0,0,0,.000,.000,.000,.000
David D Riske,CLE,4,0,0,0,0,0,0,0,0,0,0,0,.000,.000,.000,.000
Willis W Roberts,BAL,4,0,0,0,0,0,0,0,0,0,0,0,.000,.000,.000,.000
Francisco F Rodríguez Rodriguez,ANA,4,0,0,0,0,0,0,0,0,0,0,0,.000,.000,.000,.000
Matt M Roney,DET,4,2,0,1,0,0,0,0,0,1,0,0,.500,.500,.500,1.000
B. J. B Ryan,BAL,4,0,0,0,0,0,0,0,0,0,0,0,.000,.000,.000,.000
Johan J Santana,MIN,4,3,0,1,0,0,0,0,0,1,0,0,.333,.333,.333,.667
Chris C Spurling,DET,4,0,0,0,0,0,0,0,0,0,0,0,.000,.000,.000,.000
Jamie J Walker,DET,4,0,0,0,0,0,0,0,0,0,0,0,.000,.000,.000,.000
Jake J Westbrook,CLE,4,0,0,0,0,0,0,0,1,0,0,0,.000,1.000,.000,1.000
Jeremy J Affeldt,KC,3,6,0,2,0,0,0,2,1,1,0,0,.333,.429,.333,.762
Brian B Anderson,CLE,3,1,0,0,0,0,0,0,1,0,0,0,.000,.500,.000,.500
Manny M Aybar,SF,3,0,0,0,0,0,0,0,0,0,0,0,.000,.000,.000,.000
Alan A Benes,CHC,3,1,0,0,0,0,0,0,0,0,0,0,.000,.000,.000,.000
Mickey M Callaway,ANA,3,0,0,0,0,0,0,0,0,0,0,0,.000,.000,.000,.000
D. J. D Carrasco,KC,3,2,0,0,0,0,0,0,0,1,0,0,.000,.000,.000,.000
Lance L Carter,TB,3,0,0,0,0,0,0,0,0,0,0,0,.000,.000,.000,.000
Tripp T Cromer,HOU,3,4,0,1,0,1,0,1,0,0,0,0,.250,.250,.750,1.000
Gookie G Dawkins,KC,3,2,0,0,0,0,0,0,1,2,0,0,.000,.333,.000,.333
Aaron A Fultz,TEX,3,0,0,0,0,0,0,0,0,0,0,0,.000,.000,.000,.000
Geremi G Gonzalez,TB,3,6,0,0,0,0,0,0,0,3,0,0,.000,.000,.000,.000
Tom T Gordon,CWS,3,0,0,0,0,0,0,0,0,0,0,0,.000,.000,.000,.000
Joey J Hamilton,CIN,3,3,0,0,0,0,0,0,0,3,0,0,.000,.000,.000,.000
Shigetoshi S Hasegawa,SEA,3,0,0,0,0,0,0,0,0,0,0,0,.000,.000,.000,.000
Koyie K Hill,LA,3,3,0,1,1,0,0,0,0,2,0,0,.333,.333,.667,1.000
Jason J Johnson,BAL,3,5,1,1,0,0,0,0,1,3,0,0,.200,.333,.200,.533
Jonathan J Johnson,HOU,3,4,0,0,0,0,0,0,0,2,0,0,.000,.000,.000,.000
Jorge J Julio,BAL,3,0,0,0,0,0,0,0,0,0,0,0,.000,.000,.000,.000
Randy R Keisler,SD,3,2,0,0,0,0,0,0,0,1,0,0,.000,.000,.000,.000
Masao M Kida,LA,3,4,0,1,0,0,0,0,0,2,0,0,.250,.250,.250,.500
Wilfredo W Ledezma,DET,3,0,0,0,0,0,0,0,0,0,0,0,.000,.000,.000,.000
Kerry K Ligtenberg,BAL,3,0,0,0,0,0,0,0,0,0,0,0,.000,.000,.000,.000
Aquilino A Lopez,TOR,3,0,0,0,0,0,0,0,0,0,0,0,.000,.000,.000,.000
Brandon B Lyon,BOS,3,0,0,0,0,0,0,0,0,0,0,0,.000,.000,.000,.000
Darrell D May,KC,3,4,0,0,0,0,0,0,0,2,0,0,.000,.000,.000,.000
Ramiro R Mendoza,BOS,3,0,0,0,0,0,0,0,0,0,0,0,.000,.000,.000,.000
Sergio S Mitre,CHC,3,2,1,1,0,0,0,0,0,1,0,0,.500,.500,.500,1.000
Brian B Moehler,HOU,3,4,0,0,0,0,0,0,0,2,0,0,.000,.000,.000,.000
Gabe G Molina,STL,3,0,0,0,0,0,0,0,0,0,0,0,.000,.000,.000,.000
Mark M Mulder,OAK,3,4,0,0,0,0,0,1,0,3,0,0,.000,.000,.000,.000
Micheal M Nakamura,MIN,3,0,0,0,0,0,0,0,0,0,0,0,.000,.000,.000,.000
Mike M Neu,OAK,3,0,0,0,0,0,0,0,0,0,0,0,.000,.000,.000,.000
Antonio A Osuna,NYY,3,0,0,0,0,0,0,0,0,0,0,0,.000,.000,.000,.000
Troy T Percival,ANA,3,0,0,0,0,0,0,0,0,0,0,0,.000,.000,.000,.000
Andy A Pettitte,NYY,3,7,0,1,0,0,0,1,0,2,0,0,.143,.143,.143,.286
Ricardo R Rincon,OAK,3,0,0,0,0,0,0,0,0,0,0,0,.000,.000,.000,.000
Mandy M Romero,COL,3,7,2,3,1,0,0,0,0,1,0,0,.429,.556,.571,1.127
J. C. J Romero,MIN,3,1,0,0,0,0,0,0,0,1,0,0,.000,.000,.000,.000
C Sabathia,CLE,3,6,1,3,0,0,0,0,0,1,0,0,.500,.500,.500,1.000
Felix F Sanchez,CHC,3,0,0,0,0,0,0,0,0,0,0,0,.000,.000,.000,.000
Scot S Shields,ANA,3,0,0,0,0,0,0,0,0,0,0,0,.000,.000,.000,.000
Luis L Sojo,NYY,3,4,0,0,0,0,0,0,0,0,0,0,.000,.000,.000,.000
Steve S Sparks,DET,3,0,0,0,0,0,0,0,0,0,0,0,.000,.000,.000,.000
Tanyon T Sturtze,TOR,3,0,0,0,0,0,0,0,0,0,0,0,.000,.000,.000,.000
Brian B Tallet,CLE,3,2,0,0,0,0,0,0,0,1,0,0,.000,.000,.000,.000
Juan J Acevedo,NYY,2,0,0,0,0,0,0,0,0,0,0,0,.000,.000,.000,.000
Luke L Allen,COL,2,2,0,0,0,0,0,0,0,0,0,0,.000,.000,.000,.000
Kevin K Appier,ANA,2,5,0,0,0,0,0,0,0,4,0,0,.000,.000,.000,.000
Steve S Avery,DET,2,1,1,1,0,0,0,0,0,0,0,0,1.000,1.000,1.000,2.000
Ricky R Bottalico,ARI,2,0,0,0,0,0,0,0,0,0,0,0,.000,.000,.000,.000
Mark M Buehrle,CWS,2,6,0,1,0,0,0,1,0,3,0,0,.167,.167,.167,.333
Jim J Chamblee,CIN,2,2,0,0,0,0,0,0,0,2,0,0,.000,.000,.000,.000
Bartolo B Colon,CWS,2,6,0,0,0,0,0,0,0,3,0,0,.000,.000,.000,.000
Nate N Cornejo,DET,2,4,0,0,0,0,0,0,0,4,0,0,.000,.000,.000,.000
Jason J Davis,CLE,2,2,0,0,0,0,0,0,0,1,0,0,.000,.000,.000,.000
Rick R De Hart,KC,2,1,0,0,0,0,0,0,0,1,0,0,.000,.000,.000,.000
Joe J De Pastino,NYM,2,2,0,0,0,0,0,0,0,1,0,0,.000,.000,.000,.000
Roger R Deago,SD,2,4,0,0,0,0,0,0,0,3,0,0,.000,.000,.000,.000
R. A. R Dickey,TEX,2,1,0,1,0,0,0,0,0,0,0,0,1.000,1.000,1.000,2.000
Kelvim K Escobar,TOR,2,6,1,1,0,0,0,1,0,3,0,0,.167,.167,.167,.333
Anthony A Ferrari,MON,2,0,0,0,0,0,0,0,0,0,0,0,.000,.000,.000,.000
Casey C Fossum,BOS,2,0,0,0,0,0,0,0,0,0,0,0,.000,.000,.000,.000
Ryan R Franklin,SEA,2,4,1,1,0,0,0,0,0,1,0,0,.250,.250,.250,.500
Reynaldo R Garcia,TEX,2,0,0,0,0,0,0,0,0,0,0,0,.000,.000,.000,.000
Jon J Garland,CWS,2,2,0,0,0,0,0,0,1,0,0,0,.000,.333,.000,.333
John J Halama,OAK,2,0,0,0,0,0,0,0,0,0,0,0,.000,.000,.000,.000
Roy R Halladay,TOR,2,9,2,1,0,0,0,0,0,3,0,0,.111,.111,.111,.222
Josh J Hancock,PHI,2,0,0,0,0,0,0,0,0,0,0,0,.000,.000,.000,.000
Bryan B Hebson,MON,2,0,0,0,0,0,0,0,0,0,0,0,.000,.000,.000,.000
Mark M Hendrickson,TOR,2,4,1,1,0,0,1,1,0,1,0,0,.250,.250,1.000,1.250
Pat P Hentgen,BAL,2,5,0,0,0,0,0,0,0,0,0,0,.000,.000,.000,.000
Gary G Knotts,DET,2,1,0,0,0,0,0,0,0,0,0,0,.000,.000,.000,.000
John J Lackey,ANA,2,3,0,0,0,0,0,0,0,2,0,0,.000,.000,.000,.000
Cory C Lidle,TOR,2,6,1,2,0,0,0,0,0,0,0,0,.333,.333,.333,.667
Ted T Lilly,OAK,2,5,0,0,0,0,0,0,0,1,0,0,.000,.000,.000,.000
Esteban E Loaiza,CWS,2,5,1,1,0,0,0,0,0,2,0,0,.200,.200,.200,.400
Kyle K Lohse,MIN,2,3,0,1,0,0,0,0,0,1,0,0,.333,.333,.333,.667
Derek D Lowe,BOS,2,4,0,0,0,0,0,0,0,0,0,0,.000,.000,.000,.000
Jim J Mann,PIT,2,0,0,0,0,0,0,0,0,0,0,0,.000,.000,.000,.000
David D Manning,MIL,2,1,0,0,0,0,0,0,0,1,0,0,.000,.000,.000,.000
Mike M Maroth,DET,2,2,0,1,0,0,0,0,1,0,0,0,.500,.667,.500,1.167
Joe J Mays,MIN,2,3,0,1,0,0,0,0,1,1,0,0,.333,.500,.333,.833
Gil G Meche,SEA,2,5,0,1,0,0,0,0,0,1,0,0,.200,.200,.200,.400
Jamie J Moyer,SEA,2,5,1,2,0,0,0,0,0,1,0,0,.400,.400,.400,.800
Kevin K Ohme,STL,2,1,0,1,0,0,0,0,0,0,0,0,1.000,1.000,1.000,2.000
Ramon R Ortiz,ANA,2,5,1,0,0,0,0,0,0,2,0,0,.000,.000,.000,.000
Jason J Pearson,STL,2,0,0,0,0,0,0,0,0,0,0,0,.000,.000,.000,.000
Robert R Person,BOS,2,1,0,0,0,0,0,0,0,1,0,0,.000,.000,.000,.000
Joel J Pineiro,SEA,2,4,1,0,0,0,0,0,0,3,0,0,.000,.000,.000,.000
Brad B Radke,MIN,2,5,0,1,0,0,0,0,0,1,0,0,.200,.200,.200,.400
Britt B Reames,MON,2,1,0,0,0,0,0,0,0,0,0,0,.000,.000,.000,.000
Ricardo R Rodriguez,CLE,2,3,0,0,0,0,0,0,0,1,0,0,.000,.000,.000,.000
Kenny K Rogers,MIN,2,4,1,0,0,0,0,0,1,1,0,0,.000,.200,.000,.200
David D Sanders,CWS,2,0,0,0,0,0,0,0,0,0,0,0,.000,.000,.000,.000
Victor V Santos,TEX,2,2,0,0,0,0,0,0,0,1,0,0,.000,.000,.000,.000
Kazuhiro K Sasaki,SEA,2,0,0,0,0,0,0,0,0,0,0,0,.000,.000,.000,.000
Scott S Schoeneweis,ANA,2,0,0,0,0,0,0,0,0,0,0,0,.000,.000,.000,.000
Rudy R Seanez,BOS,2,0,0,0,0,0,0,0,0,0,0,0,.000,.000,.000,.000
Brian B Shouse,TEX,2,0,0,0,0,0,0,0,0,0,0,0,.000,.000,.000,.000
Brian B Tollberg,SD,2,2,0,0,0,0,0,0,0,0,0,0,.000,.000,.000,.000
Billy B Traber,CLE,2,4,0,0,0,0,0,0,0,2,0,0,.000,.000,.000,.000
Ismael I Valdez,TEX,2,4,0,0,0,0,0,0,0,0,0,0,.000,.000,.000,.000
Joe J Valentine,CIN,2,0,0,0,0,0,0,0,0,0,0,0,.000,.000,.000,.000
Mike M Venafro,TB,2,0,0,0,0,0,0,0,0,0,0,0,.000,.000,.000,.000
Jarrod J Washburn,ANA,2,5,0,1,0,0,0,0,0,1,0,0,.200,.200,.200,.400
Mark M Watson,CIN,2,0,0,0,0,0,0,0,0,0,0,0,.000,.000,.000,.000
Justin J Wayne,FLA,2,2,0,0,0,0,0,0,0,1,0,0,.000,.000,.000,.000
Jeff J Weaver,NYY,2,0,0,0,0,0,0,0,0,0,0,0,.000,.000,.000,.000
David D Wells,NYY,2,6,0,1,1,0,0,0,0,1,0,0,.167,.167,.333,.500
Victor V Zambrano,TB,2,3,0,0,0,0,0,0,0,2,0,0,.000,.000,.000,.000
Barry B Zito,OAK,2,6,0,0,0,0,0,0,0,1,0,0,.000,.000,.000,.000
Brandon B Backe,TB,1,0,1,0,0,0,0,0,0,0,0,0,.000,.000,.000,.000
Rob R Bell,TB,1,2,0,0,0,0,0,0,0,1,0,0,.000,.000,.000,.000
Joaquin J Benoit,TEX,1,2,0,0,0,0,0,0,0,0,0,0,.000,.000,.000,.000
Rafael R Betancourt,CLE,1,0,0,0,0,0,0,0,0,0,0,0,.000,.000,.000,.000
Nick N Bierbrodt,TB,1,0,0,0,0,0,0,0,0,0,0,0,.000,.000,.000,.000
Jeremy J Bonderman,DET,1,2,0,0,0,0,0,0,0,2,0,0,.000,.000,.000,.000
Dewon D Brazelton,TB,1,1,0,0,0,0,0,0,0,0,0,0,.000,.000,.000,.000
Ryan R Bukvich,KC,1,0,0,0,0,0,0,0,0,0,0,0,.000,.000,.000,.000
John J Burkett,BOS,1,1,0,0,0,0,0,0,0,0,0,0,.000,.000,.000,.000
Giovanni G Carrara,SEA,1,0,0,0,0,0,0,0,0,0,0,0,.000,.000,.000,.000
Travis T Chapman,PHI,1,1,0,0,0,0,0,0,0,0,0,0,.000,.000,.000,.000
Chin- Feng C Chen,LA,1,1,0,0,0,0,0,0,0,0,0,0,.000,.000,.000,.000
Brandon B Claussen,NYY,1,4,0,1,0,0,0,1,0,1,0,0,.250,.250,.250,.500
Roger R Clemens,NYY,1,1,0,0,0,0,0,0,0,1,0,0,.000,.000,.000,.000
Jose J Contreras,NYY,1,3,0,0,0,0,0,0,0,2,0,0,.000,.000,.000,.000
Omar O Daal,BAL,1,0,0,0,0,0,0,0,0,0,0,0,.000,.000,.000,.000
Scott S Downs,MON,1,1,0,0,0,0,0,0,0,0,0,0,.000,.000,.000,.000
Tony T Fiore,MIN,1,1,0,0,0,0,0,0,0,1,0,0,.000,.000,.000,.000
Freddy F Garcia,SEA,1,5,0,1,0,0,0,1,0,0,0,0,.200,.200,.200,.400
Chris C George,KC,1,1,0,1,0,0,0,1,0,0,0,0,1.000,1.000,1.000,2.000
Buddy B Groom,BAL,1,0,0,0,0,0,0,0,0,0,0,0,.000,.000,.000,.000
J. R. J House,PIT,1,1,0,1,0,0,0,0,0,0,0,0,1.000,1.000,1.000,2.000
Tim T Hudson,OAK,1,3,0,1,0,0,0,1,0,1,0,0,.333,.333,.333,.667
Colby C Lewis,TEX,1,1,0,0,0,0,0,0,0,1,0,0,.000,.000,.000,.000
Jose J Lima,KC,1,2,1,1,0,0,0,0,0,0,0,0,.500,.500,.500,1.000
Rodrigo R Lopez,BAL,1,2,0,0,0,0,0,0,0,2,0,0,.000,.000,.000,.000
Trey T Lunsford,SF,1,1,0,0,0,0,0,0,0,0,0,0,.000,.000,.000,.000
Anderson A Machado,PHI,1,0,0,0,0,0,0,0,0,0,1,0,.000,.000,.000,.000
Ryan R Madson,PHI,1,0,0,0,0,0,0,0,0,0,0,0,.000,.000,.000,.000
Ron R Mahay,TEX,1,0,0,0,0,0,0,0,0,0,0,0,.000,.000,.000,.000
Pedro P Martinez,BOS,1,3,0,0,0,0,0,0,0,0,0,0,.000,.000,.000,.000
Julio J Mateo,SEA,1,0,0,0,0,0,0,0,0,0,0,0,.000,.000,.000,.000
Tony T Mounce,TEX,1,2,0,0,0,0,0,0,0,1,0,0,.000,.000,.000,.000
Scott S Mullen,LA,1,1,0,0,0,0,0,0,0,1,0,0,.000,.000,.000,.000
Mike M Mussina,NYY,1,2,0,0,0,0,0,0,0,0,0,0,.000,.000,.000,.000
Chan Ho C Park,TEX,1,0,1,0,0,0,0,0,1,0,0,0,.000,1.000,.000,1.000
Steve S Parris,TB,1,1,0,0,0,0,0,0,0,0,0,0,.000,.000,.000,.000
Brian B Powell,SF,1,2,0,0,0,0,0,0,0,0,0,0,.000,.000,.000,.000
Bret B Prinz,ARI,1,0,0,0,0,0,0,0,0,0,0,0,.000,.000,.000,.000
Erasmo E Ramirez,TEX,1,0,0,0,0,0,0,0,0,0,0,0,.000,.000,.000,.000
Mario M Ramos,TEX,1,1,0,0,0,0,0,0,0,1,0,0,.000,.000,.000,.000
Carlos C Reyes,TB,1,1,0,0,0,0,0,0,1,0,0,0,.000,.500,.000,.500
Jason J Roach,NYM,1,2,0,2,0,0,0,0,0,0,0,0,1.000,1.000,1.000,2.000
Rodrigo R Rosario,HOU,1,0,0,0,0,0,0,0,0,0,0,0,.000,.000,.000,.000
Ryan R Rupe,BOS,1,0,0,0,0,0,0,0,0,0,0,0,.000,.000,.000,.000
Jose J Santiago,CLE,1,0,0,0,0,0,0,0,0,0,0,0,.000,.000,.000,.000
Dane D Sardinha,CIN,1,2,0,0,0,0,0,0,0,1,0,0,.000,.000,.000,.000
Aaron A Sele,ANA,1,3,0,1,0,0,0,0,0,0,0,0,.333,.333,.333,.667
Jason J Shiell,BOS,1,0,0,0,0,0,0,0,0,0,0,0,.000,.000,.000,.000
Jason J Smith,TB,1,4,0,1,0,0,0,0,0,0,0,0,.250,.250,.250,.500
Kyle K Snyder,KC,1,2,0,0,0,0,0,0,0,1,0,0,.000,.000,.000,.000
Rafael R Soriano,SEA,1,0,0,0,0,0,0,0,0,0,0,0,.000,.000,.000,.000
Jason J Standridge,TB,1,0,0,0,0,0,0,0,1,0,0,1,.000,1.000,.000,1.000
Dennis D Tankersley,SD,1,0,0,0,0,0,0,0,0,0,0,0,.000,.000,.000,.000
John J Thomson,TEX,1,1,0,0,0,0,0,0,0,0,0,0,.000,.000,.000,.000
Josh J Towers,TOR,1,1,0,0,0,0,0,0,0,0,0,0,.000,.000,.000,.000
Brad B Voyles,KC,1,1,0,0,0,0,0,0,0,1,0,0,.000,.000,.000,.000
Tim T Wakefield,BOS,1,0,0,0,0,0,0,0,0,0,0,0,.000,1.000,.000,1.000
Pete P Walker,TOR,1,0,0,0,0,0,0,0,0,0,0,0,.000,.000,.000,.000
Les L Walrond,KC,1,0,0,0,0,0,0,0,0,0,0,0,.000,.000,.000,.000
Matt M White,SEA,1,0,0,0,0,0,0,0,0,0,0,0,.000,.000,.000,.000
Dan D Wright,CWS,1,2,0,0,0,0,0,0,0,0,0,0,.000,.000,.000,.000
Kelly K Wunsch,CWS,1,0,0,0,0,0,0,0,0,0,0,0,.000,.000,.000,.000
