PLAYER,TEAM,AB,R,H,2B,3B,HR,RBI,BB,SO,SB,CS,AVG,OBP,SLG,OPS
Alcides A Escobar S,KC,162,637,57,166,24,6,7,55,27,96,17,4,.261,.292,.350,.642
Jonathan J Schoop,BAL,162,615,82,164,38,1,25,82,21,137,1,2,.267,.298,.454,.752
George G Springer R,HOU,162,644,116,168,29,5,29,82,88,178,9,10,.261,.359,.457,.815
Jose J Altuve,HOU,161,640,108,216,42,5,24,96,60,70,30,10,.338,.396,.531,.928
Robinson R Canó,SEA,161,655,107,195,33,2,39,103,47,100,0,1,.298,.350,.533,.882
Nolan N Arenado,COL,160,618,116,182,35,6,41,133,68,103,2,3,.294,.362,.570,.932
Chris C Carter,MIL,160,549,84,122,27,1,41,94,76,206,3,1,.222,.321,.499,.820
Edwin E Encarnación Encarnacion D,TOR,160,601,99,158,34,0,42,127,87,138,2,0,.263,.357,.529,.886
Evan E Longoria,TB,160,633,81,173,41,4,36,98,42,144,0,3,.273,.318,.521,.840
Jose J Abreu,CWS,159,624,67,183,32,1,25,100,47,125,0,2,.293,.353,.468,.820
Odubel O Herrera C,PHI,159,583,87,167,21,6,15,49,63,134,25,7,.286,.361,.420,.781
Marcus M Semien S,OAK,159,568,72,135,27,2,27,75,51,139,10,2,.238,.300,.435,.735
Eugenio E Suárez,CIN,159,565,78,140,25,2,21,70,51,155,11,5,.248,.317,.411,.728
Mike M Trout C,LAA,159,549,123,173,32,5,29,100,116,137,30,7,.315,.441,.550,.991
Mark M Trumbo R,BAL,159,613,94,157,27,1,47,108,51,170,2,0,.256,.316,.533,.850
Mookie M Betts R,BOS,158,672,122,214,42,5,31,113,49,80,26,4,.318,.363,.534,.897
Miguel M Cabrera,DET,158,595,92,188,31,1,38,108,75,116,0,0,.316,.393,.563,.956
Todd T Frazier,CWS,158,590,89,133,21,0,40,98,64,163,15,5,.225,.302,.464,.767
Freddie F Freeman,ATL,158,589,102,178,43,6,34,91,89,171,6,1,.302,.400,.569,.968
Freddy F Galvis S,PHI,158,584,61,141,26,3,20,67,25,136,17,6,.241,.274,.399,.673
Paul P Goldschmidt,ARI,158,579,106,172,33,3,24,95,110,150,32,5,.297,.411,.489,.899
Eric E Hosmer,KC,158,605,80,161,24,1,25,104,57,132,5,3,.266,.328,.433,.761
Francisco F Lindor S,CLE,158,604,99,182,30,3,15,78,57,88,19,5,.301,.358,.435,.794
Nick N Markakis R,ATL,158,599,67,161,38,0,13,89,71,101,0,2,.269,.346,.397,.744
Carlos C Santana D,CLE,158,582,89,151,31,3,34,87,99,99,5,2,.259,.366,.498,.865
Kyle K Seager,SEA,158,597,89,166,36,3,30,99,69,108,3,1,.278,.359,.499,.859
Joey J Votto,CIN,158,556,101,181,34,2,29,97,108,120,8,1,.326,.434,.550,.985
Xander X Bogaerts S,BOS,157,652,115,192,34,1,21,89,58,123,13,4,.294,.356,.446,.802
Kole K Calhoun R,LAA,157,594,91,161,35,5,18,75,67,118,2,3,.271,.348,.438,.786
Chris C Davis,BAL,157,566,99,125,21,0,38,84,88,219,1,0,.221,.332,.459,.792
Adam A Eaton R,CWS,157,619,91,176,29,9,14,59,63,115,14,5,.284,.362,.428,.790
Danny D Espinosa S,WSH,157,516,66,108,15,0,24,72,54,174,9,2,.209,.306,.378,.684
Manny M Machado,BAL,157,640,105,188,40,1,37,96,48,120,0,3,.294,.343,.533,.876
Wil W Myers,SD,157,599,99,155,29,4,28,94,68,160,28,6,.259,.336,.461,.797
Corey C Seager S,LAD,157,627,105,193,40,5,26,72,54,133,3,3,.308,.365,.512,.877
Yonder Y Alonso,OAK,156,482,52,122,34,0,7,56,45,74,3,1,.253,.316,.367,.683
Brandon B Belt,SF,156,542,77,149,41,8,17,82,104,148,0,4,.275,.394,.474,.868
Jackie J Bradley C,BOS,156,558,94,149,30,7,26,87,63,143,9,2,.267,.349,.486,.835
Ian I Desmond C,TEX,156,625,107,178,29,3,22,86,44,160,21,6,.285,.335,.446,.782
Adrian A González,LAD,156,568,69,162,31,0,18,90,55,117,0,2,.285,.349,.435,.784
Matt M Kemp L,ATL,156,623,89,167,39,0,35,108,36,156,1,0,.268,.304,.499,.803
Jason J Kipnis,CLE,156,610,91,168,41,4,23,82,60,146,15,3,.275,.343,.469,.812
Anthony A Rendon,WSH,156,567,91,153,38,2,20,85,65,117,12,6,.270,.348,.450,.798
Jonathan J Villar S,MIL,156,589,92,168,38,3,19,63,79,174,62,18,.285,.369,.457,.826
Kris K Bryant,CHC,155,603,121,176,35,3,39,102,75,154,8,5,.292,.385,.554,.939
Brandon B Crawford S,SF,155,553,67,152,28,11,12,84,57,115,7,0,.275,.342,.430,.772
Nelson N Cruz D,SEA,155,589,96,169,27,1,43,105,62,159,2,0,.287,.360,.555,.915
Josh J Donaldson,TOR,155,577,122,164,32,5,37,99,109,119,7,1,.284,.404,.549,.953
Brian B Dozier,MIN,155,615,104,165,35,5,42,99,61,138,18,2,.268,.340,.546,.886
Adeiny A Hechavarria S,MIA,155,508,52,120,17,6,3,38,33,73,1,0,.236,.283,.311,.594
Cesar C Hernández,PHI,155,547,67,161,14,11,6,39,66,116,17,13,.294,.371,.393,.764
Anthony A Rizzo,CHC,155,583,94,170,43,4,32,109,74,108,3,5,.292,.385,.544,.928
Christian C Yelich L,MIA,155,578,78,172,38,3,21,98,72,138,9,4,.298,.376,.483,.859
Victor V Martinez D,DET,154,553,65,160,22,0,27,86,50,90,0,0,.289,.351,.476,.826
Kendrys K Morales D,KC,154,558,65,147,24,0,30,93,48,120,0,0,.263,.327,.468,.795
Dustin D Pedroia,BOS,154,633,105,201,36,1,15,74,61,73,7,4,.318,.376,.449,.825
Adrian A Beltré,TEX,153,583,89,175,31,1,32,104,48,66,1,1,.300,.358,.521,.879
Carlos C Correa S,HOU,153,577,76,158,36,3,20,96,75,139,13,3,.274,.361,.451,.811
Didi D Gregorius S,NYY,153,562,68,155,32,2,20,70,19,82,7,1,.276,.304,.447,.751
Ian I Kinsler,DET,153,618,117,178,29,4,28,83,45,115,14,6,.288,.348,.484,.831
Andrew A Mc Cutchen C,PIT,153,598,81,153,26,3,24,79,69,143,6,7,.256,.336,.430,.766
Stephen S Piscotty R,STL,153,582,86,159,35,3,22,85,51,133,7,5,.273,.343,.457,.800
Martin M Prado,MIA,153,600,70,183,37,3,8,75,49,69,2,2,.305,.359,.417,.775
Jean J Segura,ARI,153,637,102,203,41,7,20,64,39,101,33,10,.319,.368,.499,.867
Justin J Upton L,DET,153,570,81,140,28,2,31,87,50,179,9,4,.246,.310,.465,.775
Maikel M Franco,PHI,152,581,67,148,23,1,25,88,40,106,1,1,.255,.306,.427,.733
Adam A Jones C,BAL,152,619,86,164,19,0,29,83,39,115,2,0,.265,.310,.436,.746
Brad B Miller S,TB,152,548,73,133,29,6,30,81,47,149,6,4,.243,.304,.482,.786
Albert A Pujols D,LAA,152,593,71,159,19,0,31,119,49,75,4,0,.268,.323,.457,.780
Jose J Ramírez,CLE,152,565,84,176,46,3,11,76,44,62,22,7,.312,.363,.462,.825
Carlos C Beltrán Beltran D,TEX,151,552,73,163,33,0,29,93,35,101,1,0,.295,.337,.513,.850
Melky M Cabrera L,CWS,151,591,70,175,42,5,14,86,47,69,2,0,.296,.345,.455,.800
Starlin S Castro,NYY,151,577,63,156,29,1,21,70,24,118,4,0,.270,.300,.433,.734
Jake J Lamb,ARI,151,523,81,130,31,9,29,91,64,154,6,1,.249,.332,.509,.840
David D Ortiz,BOS,151,537,79,169,48,1,38,127,80,86,2,0,.315,.401,.620,1.021
Addison A Russell S,CHC,151,525,67,125,25,3,21,95,55,135,5,1,.238,.321,.417,.738
Justin J Turner,LAD,151,556,79,153,34,3,27,90,48,107,4,1,.275,.339,.493,.832
Khris K Davis L,OAK,150,555,85,137,24,2,42,102,42,166,1,2,.247,.307,.524,.831
Adam A Duvall L,CIN,150,552,85,133,31,6,33,103,41,164,6,5,.241,.297,.498,.795
Carlos C González Gonzalez R,COL,150,584,87,174,42,2,25,100,46,129,2,2,.298,.350,.505,.855
Curtis C Granderson R,NYM,150,545,88,129,24,5,30,59,74,130,4,2,.237,.335,.464,.799
Mike M Napoli,CLE,150,557,92,133,22,1,34,101,78,194,5,1,.239,.335,.465,.800
Rougned R Odor,TEX,150,605,89,164,33,4,33,88,19,135,14,7,.271,.296,.502,.798
Jordy J Mercer S,PIT,149,519,66,133,22,3,11,59,51,83,1,1,.256,.328,.374,.701
B. J. B Upton L,TOR,149,492,64,117,15,3,20,61,37,155,27,8,.238,.291,.402,.693
Corey C Dickerson L,TB,148,510,57,125,36,3,24,70,33,134,0,2,.245,.293,.469,.761
Jacoby J Ellsbury C,NYY,148,551,71,145,24,5,9,56,54,84,20,8,.263,.330,.374,.703
Brett B Gardner L,NYY,148,547,80,143,22,6,7,41,70,106,16,4,.261,.351,.362,.713
Marcell M Ozuna C,MIA,148,557,75,148,23,6,23,76,43,115,0,3,.266,.321,.452,.773
Elvis E Andrus S,TEX,147,506,75,153,31,7,8,69,47,70,24,8,.302,.362,.439,.800
Jay J Bruce R,NYM,147,539,74,135,27,6,33,99,44,126,4,2,.250,.309,.506,.816
Bryce B Harper R,WSH,147,506,84,123,24,2,24,86,108,117,21,10,.243,.373,.441,.814
Yadier Y Molina,STL,147,534,56,164,38,1,8,58,39,63,3,2,.307,.360,.427,.787
Mitch M Moreland,TEX,147,460,49,107,21,0,22,60,35,118,1,0,.233,.298,.422,.720
Hanley H Ramirez,BOS,147,549,81,157,28,1,30,111,60,120,9,3,.286,.361,.505,.866
Ben B Zobrist,CHC,147,523,94,142,31,3,18,76,96,82,6,4,.272,.386,.446,.832
Howie H Kendrick L,LAD,146,487,65,124,26,2,8,40,50,96,10,2,.255,.326,.366,.692
D J Le Mahieu,COL,146,552,104,192,32,8,11,66,66,80,11,7,.348,.416,.495,.911
Kevin K Pillar C,TOR,146,548,59,146,35,2,7,53,24,90,14,6,.266,.303,.376,.679
Buster B Posey,SF,146,539,82,155,33,2,14,80,64,68,6,1,.288,.362,.434,.796
Nomar N Mazara R,TEX,145,516,59,137,13,3,20,64,39,112,0,2,.266,.320,.419,.739
Alexei A Ramirez S,TB,145,478,38,115,22,2,6,48,21,63,8,9,.241,.277,.333,.610
Travis T Shaw,BOS,145,480,63,116,34,2,16,71,43,133,5,1,.242,.306,.421,.726
Gregory G Polanco R,PIT,144,527,79,136,34,4,22,86,53,119,17,6,.258,.323,.463,.786
Charlie C Blackmon,COL,143,578,111,187,35,5,29,82,43,102,17,9,.324,.381,.552,.933
Leonys L Martin C,SEA,143,518,72,128,17,3,15,47,44,149,24,6,.247,.306,.378,.684
Denard D Span C,SF,143,572,70,152,23,5,11,53,53,79,12,7,.266,.331,.381,.712
Ichiro I Suzuki,MIA,143,327,48,95,15,5,1,22,30,42,10,2,.291,.354,.376,.730
Jayson J Werth L,WSH,143,525,84,128,28,0,21,69,71,139,5,1,.244,.335,.417,.752
Javier J Báez,CHC,142,421,50,115,19,1,14,59,15,108,12,3,.273,.314,.423,.737
Jason J Heyward R,CHC,142,530,61,122,27,1,7,49,54,93,11,4,.230,.306,.325,.631
Jonathan J Lucroy,TEX,142,490,67,143,24,3,24,81,47,100,5,0,.292,.355,.500,.855
Daniel D Murphy,WSH,142,531,88,184,47,5,25,104,35,57,5,3,.347,.390,.595,.985
Asdrubal A Cabrera S,NYM,141,521,65,146,30,1,23,62,38,103,5,1,.280,.336,.474,.810
David D Freese,PIT,141,437,63,118,23,0,13,55,45,142,0,0,.270,.352,.412,.764
Marwin M Gonzalez,HOU,141,484,55,123,26,3,13,51,22,118,12,6,.254,.293,.401,.694
Eduardo E Núñez,SF,141,553,73,159,24,4,16,67,29,88,40,10,.288,.325,.432,.758
Brandon B Phillips,CIN,141,550,74,160,34,1,11,64,18,68,14,8,.291,.320,.416,.736
Chase C Headley,NYY,140,467,58,118,18,1,14,51,51,118,8,2,.253,.331,.385,.716
Matt M Joyce,PIT,140,231,45,56,10,1,13,42,59,67,1,1,.242,.403,.463,.866
Sean S Rodríguez,PIT,140,300,49,81,16,1,18,56,33,102,2,1,.270,.349,.510,.859
Michael M Saunders L,TOR,140,490,70,124,32,3,24,57,59,157,1,2,.253,.338,.478,.815
Yasmany Y Tomás Tomas R,ARI,140,530,72,144,30,1,31,83,31,136,2,4,.272,.313,.508,.820
Salvador S Perez,KC,139,514,57,127,28,2,22,64,22,119,0,0,.247,.288,.438,.725
Chase C Utley,LAD,138,512,79,129,26,3,14,52,40,115,2,2,.252,.319,.396,.716
Jose J Iglesias S,DET,137,467,57,119,26,0,4,32,28,50,7,4,.255,.306,.336,.642
Russell R Martin,TOR,137,455,62,105,16,0,20,74,64,148,2,1,.231,.335,.398,.733
Joc J Pederson C,LAD,137,406,64,100,26,0,25,68,63,130,6,2,.246,.352,.495,.847
J. T. J Realmuto,MIA,137,509,60,154,31,0,11,48,28,100,12,4,.303,.343,.428,.771
Seth S Smith R,SEA,137,378,62,94,15,0,16,63,48,89,0,0,.249,.342,.415,.758
Stephen S Vogt,OAK,137,490,54,123,30,2,14,56,35,83,0,0,.251,.305,.406,.711
Scooter S Gennett,MIL,136,498,58,131,30,1,14,56,38,114,8,1,.263,.317,.412,.728
Ryan R Braun L,MIL,135,511,80,156,23,3,30,91,46,98,16,5,.305,.365,.538,.903
Rajai R Davis C,CLE,134,454,74,113,23,2,12,48,33,106,43,6,.249,.306,.388,.693
Brandon B Drury L,ARI,134,461,59,130,31,1,16,53,31,100,1,1,.282,.329,.458,.786
Adonis A García,ATL,134,532,65,145,29,0,14,65,24,93,3,2,.273,.311,.406,.717
Joe J Mauer,MIN,134,494,68,129,22,4,11,49,79,93,2,0,.261,.363,.389,.752
Yoenis Y Céspedes Cespedes L,NYM,132,479,72,134,25,1,31,86,51,108,3,1,.280,.354,.530,.884
Yunel Y Escobar,LAA,132,517,68,157,28,1,5,39,40,67,0,3,.304,.355,.391,.745
Randal R Grichuk C,STL,132,446,66,107,29,3,24,68,28,141,5,4,.240,.289,.480,.768
John J Jaso,PIT,132,380,45,102,25,3,8,42,45,74,0,4,.268,.353,.413,.766
Josh J Harrison,PIT,131,487,57,138,25,7,4,59,18,76,19,4,.283,.311,.388,.699
Ender E Inciarte C,ATL,131,522,85,152,24,7,3,29,45,68,16,7,.291,.351,.381,.732
Travis T Jankowski C,SD,131,335,53,82,13,2,2,12,42,100,30,12,.245,.332,.313,.646
Kelly K Johnson,NYM,131,304,25,75,14,0,10,34,25,65,4,0,.247,.306,.391,.698
Wilson W Ramos,WSH,131,482,58,148,25,0,22,80,35,79,0,0,.307,.354,.496,.850
Troy T Tulowitzki S,TOR,131,492,54,125,21,0,24,79,43,101,1,0,.254,.318,.443,.761
Alejandro A De Aza,NYM,130,234,31,48,9,0,6,25,26,67,4,3,.205,.297,.321,.618
Brian B Mc Cann,NYY,130,429,56,104,13,0,20,58,54,99,1,0,.242,.335,.413,.748
Danny D Valencia,OAK,130,471,72,135,22,1,17,51,41,115,1,1,.287,.346,.446,.792
Matt M Carpenter,STL,129,473,81,128,36,6,21,68,81,108,0,4,.271,.380,.505,.885
Starling S Marte L,PIT,129,489,71,152,34,5,9,46,23,104,47,12,.311,.362,.456,.818
Angel A Pagán Pagan L,SF,129,495,71,137,24,5,12,55,42,66,15,4,.277,.331,.418,.750
Cheslor C Cuthbert,KC,128,475,49,130,28,1,12,46,32,96,2,0,.274,.318,.413,.731
Derek D Dietrich,MIA,128,351,39,98,20,5,7,42,32,84,1,0,.279,.374,.425,.798
Evan E Gattis D,HOU,128,447,58,112,19,0,32,72,43,127,2,1,.251,.319,.508,.826
Alex A Gordon L,KC,128,445,62,98,16,2,17,40,52,148,8,1,.220,.312,.380,.692
Jedd J Gyorko,STL,128,400,58,97,9,1,30,59,37,96,0,0,.243,.306,.495,.801
Brandon B Moss,STL,128,413,66,93,19,2,28,67,39,141,1,0,.225,.300,.484,.784
Paulo P Orlando R,KC,128,457,52,138,24,4,5,43,13,105,14,3,.302,.329,.405,.734
Logan L Forsythe,TB,127,511,76,135,24,4,20,52,46,127,6,6,.264,.333,.444,.778
Joe J Panik,SF,127,464,67,111,21,7,10,62,50,47,5,0,.239,.315,.379,.695
Erick E Aybar,DET,126,415,34,101,19,2,3,34,31,70,3,5,.243,.303,.320,.623
Lonnie L Chisenhall R,CLE,126,385,43,110,25,5,8,57,23,70,6,0,.286,.328,.439,.767
Yasmani Y Grandal,LAD,126,390,49,89,14,1,27,72,64,116,1,3,.228,.339,.477,.816
Adam A Lind,SEA,126,401,48,96,17,0,20,58,26,89,0,1,.239,.286,.431,.718
Justin J Smoak,TOR,126,299,33,65,10,0,14,34,40,112,1,0,.217,.314,.391,.705
Dexter D Fowler C,CHC,125,456,84,126,25,7,13,48,79,124,13,4,.276,.393,.447,.840
Jeff J Francoeur L,MIA,125,307,33,78,15,1,7,34,20,90,2,2,.254,.297,.378,.675
Aaron A Hill,BOS,125,378,48,99,14,0,10,38,41,59,4,2,.262,.336,.378,.714
Kirk K Nieuwenhuis C,MIL,125,335,38,70,18,1,13,44,56,133,8,9,.209,.324,.385,.709
Derek D Norris,SD,125,415,50,77,17,0,14,42,36,139,9,2,.186,.255,.328,.583
Andrelton A Simmons S,LAA,124,448,48,126,22,2,4,44,28,38,10,1,.281,.324,.366,.690
Matt M Wieters,BAL,124,423,48,103,17,1,17,66,32,85,1,0,.243,.302,.409,.711
Peter P Bourjos R,PHI,123,355,40,89,20,7,5,23,17,91,6,4,.251,.292,.389,.680
Aaron A Hicks R,NYY,123,327,32,71,13,1,8,31,30,68,3,4,.217,.281,.336,.617
Hernan H Pérez,MIL,123,404,50,110,18,3,13,56,18,94,34,7,.272,.302,.428,.730
Miguel M Rojas,MIA,123,194,27,48,12,0,1,14,11,27,2,1,.247,.288,.325,.613
Coco C Crisp L,CLE,122,446,54,103,27,4,13,55,46,78,10,5,.231,.302,.397,.698
Phil P Gosselin,ARI,122,220,26,61,12,1,2,13,15,46,3,0,.277,.324,.368,.692
Cristhian C Adames,COL,121,225,25,49,7,3,2,17,24,47,2,3,.218,.304,.302,.607
Zack Z Cozart S,CIN,121,464,67,117,28,2,16,50,37,84,4,1,.252,.308,.425,.732
Kolten K Wong,STL,121,313,39,75,7,7,5,23,34,52,7,0,.240,.327,.355,.682
Avisail A García Garcia D,CWS,120,413,59,101,18,2,12,51,34,115,4,4,.245,.307,.385,.692
J. D. J Martinez R,DET,120,460,69,141,35,2,22,68,49,128,1,2,.307,.373,.535,.908
Steven S Souza Jr. R,TB,120,430,58,106,17,1,17,49,31,159,7,6,.247,.303,.409,.713
Billy B Hamilton C,CIN,119,411,69,107,19,3,3,17,36,93,58,8,.260,.321,.343,.664
Ketel K Marte S,SEA,119,437,55,113,21,2,1,33,18,84,11,5,.259,.287,.323,.610
Chris C Owings S,ARI,119,437,52,121,24,11,5,49,20,87,21,2,.277,.315,.416,.731
Giancarlo G Stanton R,MIA,119,413,56,99,20,1,27,74,50,140,0,0,.240,.326,.489,.815
Brett B Wallace,SD,119,217,19,41,10,0,6,20,29,83,0,0,.189,.309,.318,.627
Matt M Adams,STL,118,297,37,74,18,0,16,54,25,81,0,1,.249,.309,.471,.780
Norichika N Aoki L,SEA,118,417,63,118,24,4,4,28,34,45,7,9,.283,.349,.388,.738
Carlos C Gómez Gomez L,TEX,118,411,45,95,22,1,13,53,34,136,18,5,.231,.298,.384,.682
Jake J Marisnick C,HOU,118,287,40,60,18,1,5,21,16,83,10,5,.209,.257,.331,.588
Mark M Reynolds,COL,118,393,61,111,24,0,14,53,42,112,1,2,.282,.356,.450,.806
Jose J Bautista R,TOR,116,423,68,99,24,1,22,69,87,103,2,2,.234,.366,.452,.817
C. J. C Cron,LAA,116,407,51,113,25,2,16,69,24,75,2,3,.278,.325,.467,.792
Tyler T Naquin C,CLE,116,321,52,95,18,5,14,43,36,112,6,3,.296,.372,.514,.886
Miguel M Sanó,MIN,116,437,57,103,22,1,25,66,54,178,1,0,.236,.319,.462,.781
Mark M Teixeira,NYY,116,387,43,79,16,0,15,44,47,105,2,0,.204,.292,.362,.654
Tucker T Barnhart,CIN,115,377,34,97,23,1,7,51,36,72,1,0,.257,.323,.379,.702
J. J Hardy S,BAL,115,405,43,109,29,0,9,48,26,68,0,0,.269,.309,.407,.716
Jace J Peterson,ATL,115,350,45,89,16,1,7,29,52,69,5,5,.254,.350,.366,.716
Josh J Reddick R,LAD,115,398,53,112,17,1,10,37,39,56,8,3,.281,.345,.405,.749
Ryan R Zimmerman,WSH,115,427,60,93,18,1,15,46,29,104,4,1,.218,.272,.370,.642
Jeremy J Hazelbaker L,STL,114,200,35,47,7,3,12,28,18,64,5,2,.235,.295,.480,.776
Michael M Bourn L,BAL,113,375,48,99,13,6,5,38,28,92,15,5,.264,.314,.371,.684
Welington W Castillo,ARI,113,416,41,110,24,0,14,68,33,121,2,0,.264,.322,.423,.745
Jason J Castro,HOU,113,329,41,69,16,3,11,32,45,123,2,1,.210,.307,.377,.684
Chris C Johnson,MIA,113,243,20,54,11,0,5,24,19,78,0,0,.222,.281,.329,.611
Max M Kepler R,MIN,113,396,52,93,20,2,17,63,42,93,6,2,.235,.309,.424,.734
Ryan R Raburn,COL,113,223,30,49,10,2,9,30,28,80,0,0,.220,.309,.404,.712
Neil N Walker,NYM,113,412,57,116,9,1,23,55,42,84,3,1,.282,.347,.476,.823
Ryan R Howard,PHI,112,331,35,65,10,0,25,59,27,114,0,1,.196,.257,.453,.710
Aledmys A Díaz Diaz S,STL,111,404,71,121,28,3,17,65,41,60,4,4,.300,.369,.510,.879
Ezequiel E Carrera R,TOR,110,270,47,67,9,1,6,23,27,70,7,4,.248,.323,.356,.679
Nick N Castellanos,DET,110,411,54,117,25,4,18,58,28,111,1,1,.285,.331,.496,.827
Matt M Holliday L,STL,110,382,48,94,20,1,20,62,35,71,0,0,.246,.322,.461,.782
Pedro P Álvarez Alvarez D,BAL,109,337,43,84,20,0,22,49,37,97,1,0,.249,.322,.504,.826
Michael M Conforto L,NYM,109,304,38,67,21,1,12,42,36,89,2,1,.220,.310,.414,.725
Enrique K Hernández Hernandez,LAD,109,216,25,41,8,0,7,18,28,64,2,0,.190,.283,.324,.607
Yangervis Y Solarte,SD,109,405,55,116,26,1,15,71,30,63,1,1,.286,.341,.467,.808
Andrew An Romine,DET,108,174,21,41,5,2,2,16,13,38,8,0,.236,.304,.322,.626
Rickie R Weeks Jr.,ARI,108,180,29,43,9,1,9,27,20,54,5,0,.239,.327,.450,.777
Jarrod J Dyson C,KC,107,299,46,83,14,8,1,25,26,39,30,7,.278,.340,.388,.728
Tommy T Joseph,PHI,107,315,47,81,15,0,21,47,22,75,1,1,.257,.308,.505,.813
Logan L Morrison,TB,107,353,45,84,18,1,14,43,37,89,4,2,.238,.319,.414,.733
Colby C Rasmus L,HOU,107,369,38,76,10,0,15,54,43,121,4,1,.206,.286,.355,.641
Matt M Szczur L,CHC,107,185,30,48,9,1,5,24,13,39,2,4,.259,.312,.400,.712
Gregor G Blanco,SF,106,241,28,54,10,4,1,18,29,51,6,3,.224,.309,.311,.620
Tyler T Holt,CIN,106,179,21,42,5,3,0,13,23,48,4,3,.235,.327,.296,.623
Hunter H Pence R,SF,106,395,58,114,23,1,13,57,43,95,1,1,.289,.357,.451,.808
Kurt K Suzuki,MIN,106,345,34,89,24,1,8,49,18,48,0,0,.258,.301,.403,.704
Eduardo E Escobar S,MIN,105,352,32,83,14,2,6,37,21,72,1,3,.236,.280,.338,.618
Kevin K Kiermaier C,TB,105,366,55,90,20,2,12,37,40,74,21,3,.246,.331,.410,.741
James J Mc Cann,DET,105,344,31,76,9,1,12,48,23,109,0,1,.221,.272,.358,.629
Adam A Rosales,SD,105,214,37,49,12,3,13,35,29,88,4,0,.229,.319,.495,.814
Cameron C Rupp,PHI,105,389,36,98,26,1,16,54,24,114,1,0,.252,.303,.447,.750
Darwin D Barney,TOR,104,279,35,75,13,2,4,19,22,48,2,2,.269,.322,.373,.695
Ivan I De Jesús Jesus,CIN,104,221,21,56,10,0,1,20,17,51,3,1,.253,.311,.312,.623
Ramon R Flores,MIL,104,249,18,51,8,0,2,19,31,58,3,0,.205,.294,.261,.555
Dae- Ho D Lee,SEA,104,292,33,74,9,0,14,49,20,74,0,0,.253,.312,.428,.740
Yasiel Y Puig R,LAD,104,334,45,88,14,2,11,45,24,74,5,2,.263,.323,.416,.740
Nolan N Reimold L,BAL,104,203,25,45,9,1,6,15,22,62,1,2,.222,.300,.365,.664
Clint C Robinson,WSH,104,196,16,46,4,0,5,26,20,38,0,0,.235,.305,.332,.637
Lorenzo L Cain C,KC,103,397,56,114,19,1,9,56,31,84,14,5,.287,.339,.408,.747
Wilmer W Flores,NYM,103,307,38,82,14,0,16,49,23,48,1,1,.267,.319,.469,.788
Jung Ho J Kang,PIT,103,318,45,81,19,0,21,62,36,79,3,1,.255,.354,.513,.867
Ben B Revere C,WSH,103,350,44,76,9,7,2,24,18,34,14,5,.217,.260,.300,.560
Gerardo G Parra L,COL,102,368,45,93,27,3,7,39,9,73,6,4,.253,.271,.399,.670
Francisco F Cervelli,PIT,101,326,42,86,14,1,1,33,56,72,6,2,.264,.377,.322,.699
Conor C Gillaspie,SF,101,191,24,50,8,4,6,25,12,28,1,2,.262,.307,.440,.747
Brandon B Guyer L,CLE,101,293,39,78,17,1,9,32,19,55,3,2,.266,.372,.423,.795
Dioner D Navarro,TOR,101,304,26,63,13,2,6,35,23,71,1,2,.207,.265,.322,.587
Devon D Travis,TOR,101,410,54,123,28,1,11,50,20,87,4,1,.300,.332,.454,.785
James J Loney,NYM,100,343,30,91,16,1,9,34,16,37,0,0,.265,.307,.397,.703
Tim T Anderson S,CWS,99,410,57,116,22,6,9,30,13,117,10,2,.283,.306,.432,.738
Chris C Coghlan L,CHC,99,261,35,49,12,2,6,30,35,73,2,1,.188,.290,.318,.608
Daniel D Descalso S,COL,99,250,38,66,12,2,8,38,34,56,3,0,.264,.349,.424,.774
Greg G Garcia,STL,99,214,33,59,11,0,3,17,38,50,1,1,.276,.393,.369,.762
Johnny J Giavotella,LAA,99,346,44,90,20,1,6,31,13,39,4,3,.260,.287,.376,.662
Robbie R Grossman L,MIN,99,332,49,93,19,1,11,37,55,96,2,3,.280,.386,.443,.828
Ryan R Rua L,TEX,99,240,40,62,8,1,8,22,21,76,9,0,.258,.331,.400,.731
Jake J Smolinski C,OAK,99,290,28,69,6,2,7,27,19,44,1,2,.238,.299,.345,.644
Franklin F Gutierrez R,SEA,98,248,33,61,9,0,14,39,29,85,1,0,.246,.329,.452,.780
Billy B Burns,KC,97,311,39,73,11,4,0,13,10,37,17,5,.235,.271,.296,.566
Billy B Butler D,NYY,97,250,27,71,18,0,5,35,21,42,0,0,.284,.336,.416,.752
Trevor T Story S,COL,97,372,67,101,21,4,27,72,35,130,8,5,.272,.341,.567,.909
Hyun Soo H Kim L,BAL,95,305,36,92,16,1,6,22,36,51,1,3,.302,.382,.420,.801
Brock B Holt L,BOS,94,290,45,74,16,0,7,34,27,58,4,3,.255,.322,.383,.705
Chris C Iannetta,SEA,94,295,23,62,14,0,7,24,38,83,0,0,.210,.303,.329,.632
Brett B Lawrie,CWS,94,351,35,87,22,0,12,36,30,109,7,3,.248,.310,.413,.723
Cameron C Maybin,DET,94,349,65,110,14,5,4,43,36,69,15,6,.315,.383,.418,.801
Tyler T Saladino,CWS,93,298,33,84,14,0,8,38,13,62,11,5,.282,.315,.409,.725
Byron B Buxton C,MIN,92,298,44,67,19,6,10,38,23,118,10,2,.225,.284,.430,.714
Tyler T Goeddel L,PHI,92,213,17,41,3,3,4,16,17,52,3,0,.192,.258,.291,.549
Eddie E Rosario L,MIN,92,335,52,90,17,2,10,32,12,91,5,2,.269,.295,.421,.716
Jarrod J Saltalamacchia,DET,92,246,30,42,5,1,12,38,41,104,0,0,.171,.284,.346,.630
Matt M Duffy S,TB,91,333,41,86,14,2,5,28,23,53,8,5,.258,.310,.357,.668
Nick N Ahmed S,ARI,90,284,26,62,9,1,4,20,15,58,5,2,.218,.265,.299,.564
Andres A Blanco,PHI,90,190,26,48,15,1,4,21,11,41,2,3,.253,.316,.405,.721
Justin J Bour,MIA,90,280,35,74,12,1,15,51,38,56,0,0,.264,.349,.475,.824
Jon J Jay C,SD,90,347,49,101,26,1,2,26,19,78,2,0,.291,.339,.389,.728
Jurickson J Profar,TEX,90,272,35,65,6,3,5,20,30,61,2,1,.239,.321,.338,.660
Luis L Valbuena,HOU,90,292,38,76,17,1,13,40,44,81,1,1,.260,.357,.459,.816
Prince P Fielder D,TEX,89,326,29,69,16,0,8,44,32,63,0,0,.212,.292,.334,.626
Shawn S O' Malley,SEA,89,210,24,48,9,2,2,17,18,59,6,2,.229,.299,.319,.618
Gregorio G Petit,LAA,89,204,21,50,13,1,2,17,15,51,1,1,.245,.299,.348,.647
Ryan R Schimpf,SD,89,276,48,60,17,5,20,51,42,105,1,1,.217,.336,.533,.869
Gordon G Beckham,SF,88,245,25,52,16,1,5,31,26,52,1,0,.212,.294,.347,.641
Jefry J Marte,LAA,88,258,38,65,14,0,15,44,18,59,2,2,.252,.310,.481,.790
Jed J Lowrie,OAK,87,338,30,89,12,1,2,27,26,65,0,0,.263,.314,.322,.637
Carlos C Pérez Perez,LAA,87,268,25,56,16,0,5,31,12,49,1,0,.209,.244,.325,.568
Miguel M Montero,CHC,86,241,33,52,8,1,8,33,38,58,1,0,.216,.327,.357,.684
Jorge J Soler L,CHC,86,227,37,54,9,0,12,31,31,66,0,0,.238,.333,.436,.770
Steve S Pearce,BAL,85,264,35,76,13,1,13,35,34,54,0,3,.288,.374,.492,.867
Joey J Rickard R,BAL,85,257,32,69,13,0,5,19,18,54,4,1,.268,.319,.377,.696
Tyler T White,HOU,85,249,24,54,16,0,8,28,23,65,1,0,.217,.286,.378,.664
Curt C Casali,TB,84,226,23,42,10,0,8,25,25,82,0,0,.186,.273,.336,.609
Alex A Dickerson L,SD,84,253,39,65,16,2,10,37,26,44,5,1,.257,.333,.455,.788
Trevor T Plouffe,MIN,84,319,35,83,13,1,12,47,19,60,1,0,.260,.303,.420,.723
Chase Cd' Arnaudd' Arnaud,ATL,84,233,24,57,14,2,1,21,23,50,9,3,.245,.317,.335,.652
Tyler T Flowers,ATL,83,281,27,76,18,0,8,41,29,91,0,0,.270,.357,.420,.777
Chris C Heisey,WSH,83,139,18,30,3,1,9,17,13,44,0,1,.216,.290,.446,.736
Nick N Hundley,COL,83,289,30,75,20,1,10,48,25,65,0,0,.260,.320,.439,.759
Jimmy J Paredes,PHI,83,158,15,35,8,0,5,19,7,48,0,1,.222,.253,.367,.620
Jhonny J Peralta,STL,82,289,37,75,17,1,8,29,20,56,0,0,.260,.307,.408,.715
Scott S Schebler R,CIN,82,257,36,68,12,2,9,40,19,59,2,4,.265,.330,.432,.762
Whit W Merrifield,KC,81,311,44,88,22,3,2,29,19,72,8,3,.283,.323,.392,.716
A. J. A Pierzynski,ATL,81,247,15,54,15,0,2,23,6,29,1,0,.219,.243,.304,.547
J B Shuck C,CWS,80,224,27,46,5,2,4,14,12,21,3,3,.205,.248,.299,.547
Trayce T Thompson C,LAD,80,236,31,53,11,0,13,32,26,66,5,1,.225,.302,.436,.738
Juan J Lagares C,NYM,79,142,15,34,7,2,3,9,11,27,4,2,.239,.301,.380,.682
Dee D Strange- Gordon,MIA,79,325,47,87,7,6,1,14,18,55,30,7,.268,.305,.335,.641
Sandy S Leon,BOS,78,252,36,78,17,2,7,35,23,66,0,0,.310,.369,.476,.845
Tommy T Pham C,STL,78,159,26,36,7,0,9,17,20,71,2,2,.226,.324,.440,.764
Brad B Hand,SD,77,4,0,0,0,0,0,0,0,1,0,0,.000,.000,.000,.000
Domingo D Santana R,MIL,77,246,34,63,14,0,11,32,32,91,2,3,.256,.345,.447,.792
Willson W Contreras,CHC,76,252,33,71,14,1,12,35,26,67,2,2,.282,.357,.488,.845
Ryan R Goins,TOR,76,183,13,34,9,2,3,12,9,48,1,1,.186,.228,.306,.534
Martin M Maldonado,MIL,76,208,21,42,7,0,8,21,35,56,1,0,.202,.332,.351,.683
Michael A. M Taylor C,WSH,76,221,28,51,11,0,7,16,14,77,14,3,.231,.278,.376,.654
Travis T Wood,CHC,76,11,0,2,0,0,0,1,1,5,0,0,.182,.250,.182,.432
Chris C Young L,BOS,76,203,29,56,18,0,9,24,21,50,4,2,.276,.352,.498,.850
Trevor T Brown,SF,75,173,17,41,7,0,5,19,10,39,0,1,.237,.283,.364,.647
Keon K Broxton C,MIL,75,207,28,50,10,1,9,19,36,88,23,4,.242,.354,.430,.784
Randall R Delgado,ARI,75,2,0,0,0,0,0,0,0,0,0,0,.000,.000,.000,.000
Addison A Reed,NYM,75,0,0,0,0,0,0,0,0,0,0,0,.000,.000,.000,.000
Danny D Santana C,MIN,75,233,29,56,10,2,2,14,12,55,12,9,.240,.279,.326,.606
Bobby B Wilson,TB,75,228,25,54,6,0,7,33,11,64,0,0,.237,.270,.355,.626
Travis Td' Arnaudd' Arnaud,NYM,75,251,27,62,7,0,4,15,19,50,0,0,.247,.307,.323,.629
Delino D De Shields C,TEX,74,182,36,38,7,0,4,13,15,54,8,3,.209,.275,.313,.588
Jeurys J Familia,NYM,74,0,0,0,0,0,0,0,0,0,0,0,.000,.000,.000,.000
Ryan R Flaherty,BAL,74,157,16,34,7,0,3,15,17,48,2,0,.217,.291,.318,.610
Yan Y Gomes,CLE,74,251,22,42,11,1,9,34,9,69,0,0,.167,.201,.327,.528
Tommy T La Stella,CHC,74,148,17,40,12,1,2,11,18,27,0,1,.270,.357,.405,.762
Hector H Neris,PHI,74,0,0,0,0,0,0,0,0,0,0,0,.000,.000,.000,.000
Cliff C Pennington,LAA,74,172,18,36,4,2,3,10,13,55,1,0,.209,.265,.308,.573
Christian C Bethancourt,SD,73,193,20,44,9,0,6,25,10,56,1,2,.228,.265,.368,.633
Trea T Turner C,WSH,73,307,53,105,14,8,13,40,14,59,33,6,.342,.370,.567,.937
Juan J Uribe,CLE,73,238,19,49,9,0,7,25,15,49,0,0,.206,.259,.332,.591
Kyle K Barraclough,MIA,72,1,0,0,0,0,0,0,0,1,0,0,.000,.000,.000,.000
Ryon R Healy,OAK,72,269,36,82,20,0,13,37,12,60,0,0,.305,.337,.524,.861
Seunghwan S Oh,STL,72,2,0,0,0,0,0,0,0,2,0,0,.000,.000,.000,.000
Jose J Peraza S,CIN,72,241,25,78,8,2,3,25,7,33,21,10,.324,.352,.411,.762
Mallex M Smith C,ATL,72,189,28,45,7,4,3,22,20,48,16,8,.238,.316,.365,.681
Ronald R Torreyes,NYY,72,155,20,40,7,4,1,12,10,20,2,1,.258,.305,.374,.680
Cody C Asche L,PHI,71,197,22,42,15,0,4,18,18,54,3,1,.213,.284,.350,.635
Joe J Blanton,LAD,71,0,0,0,0,0,0,0,0,0,0,0,.000,.000,.000,.000
Mark M Melancon,WSH,71,0,0,0,0,0,0,0,0,0,0,0,.000,.000,.000,.000
Felipe F Vázquez Vazquez,PIT,71,1,0,0,0,0,0,0,0,1,0,0,.000,.000,.000,.000
Tony T Wolters,COL,71,205,27,53,15,2,3,30,21,53,4,1,.259,.327,.395,.723
Jett J Bandy,LAA,70,209,23,49,9,0,8,25,11,38,1,0,.234,.281,.392,.673
Stephen S Drew,WSH,70,143,24,38,11,1,8,21,16,31,0,1,.266,.339,.524,.864
Brett B Eibner C,OAK,70,187,21,36,10,1,6,22,19,50,0,2,.193,.266,.353,.619
Oswaldo O Arcia R,SD,69,202,17,41,7,1,8,23,18,80,1,1,.203,.270,.366,.637
Jerry J Blevins,NYM,69,1,0,0,0,0,0,0,0,0,0,0,.000,.000,.000,.000
Jorge J Polanco S,MIN,69,245,24,69,15,4,4,27,17,46,4,3,.282,.332,.424,.757
Hunter H Strickland,SF,69,0,0,0,0,0,0,0,0,0,0,0,.000,.000,.000,.000
Carlos C Torres,MIL,69,0,0,0,0,0,0,0,0,0,0,0,.000,.000,.000,.000
Blake B Treinen,WSH,69,0,0,0,0,0,0,0,0,0,0,0,.000,.000,.000,.000
Mike M Aviles R,DET,68,167,17,35,5,1,1,6,9,27,2,2,.210,.258,.269,.528
Antonio A Bastardo,PIT,68,0,0,0,0,0,0,0,0,0,0,0,.000,.000,.000,.000
Kenley K Jansen,LAD,68,0,0,0,0,0,0,0,0,0,0,0,.000,.000,.000,.000
Abraham A Almonte R,CLE,67,182,24,48,20,1,1,22,8,42,8,0,.264,.294,.401,.695
Pedro P Báez Baez,LAD,67,1,0,0,0,0,0,0,0,0,0,0,.000,.000,.000,.000
Chris C Gimenez,CLE,67,139,17,30,4,0,4,11,10,41,0,0,.216,.272,.331,.602
Jeanmar J Gómez Gomez,PHI,67,0,0,0,0,0,0,0,0,0,0,0,.000,.000,.000,.000
Brandon B Maurer,SD,67,0,0,0,0,0,0,0,0,0,0,0,.000,.000,.000,.000
David D Ross,CHC,67,166,24,38,6,0,10,32,30,54,0,1,.229,.338,.446,.784
Blake B Wood,CIN,67,2,0,0,0,0,0,0,0,2,0,0,.000,.000,.000,.000
Adam A Frazier L,PIT,66,146,21,44,8,1,2,11,12,26,4,1,.301,.356,.411,.767
Rafael R Ortega L,LAA,66,185,24,43,8,0,1,16,13,23,8,3,.232,.283,.292,.575
Luis L Sardinas S,SD,66,180,25,44,6,1,4,18,12,48,4,2,.244,.295,.356,.651
Alexi A Amarista,SD,65,140,9,36,2,0,0,11,8,26,9,2,.257,.295,.271,.567
Jake J Barrett,ARI,65,0,0,0,0,0,0,0,0,0,0,0,.000,.000,.000,.000
Daniel D Hudson,ARI,65,0,0,0,0,0,0,0,0,0,0,0,.000,.000,.000,.000
Jared J Hughes,PIT,65,1,0,0,0,0,0,0,0,1,0,0,.000,.000,.000,.000
Desmond D Jennings L,TB,65,200,22,40,7,1,7,20,21,58,2,0,.200,.281,.350,.631
Javier J López Lopez,SF,65,1,0,0,0,0,0,0,0,1,0,0,.000,.000,.000,.000
Mikie M Mahtook L,TB,65,185,16,36,9,0,3,11,7,68,0,1,.195,.231,.292,.523
Rene R Rivera,NYM,65,185,12,41,4,0,6,26,16,54,0,0,.222,.291,.341,.632
Shane S Robinson L,LAA,65,98,16,17,3,0,1,10,10,17,3,2,.173,.257,.235,.492
Fernando F Rodney,MIA,65,0,0,0,0,0,0,0,0,0,0,0,.000,.000,.000,.000
Alex A Rodriguez D,NYY,65,225,19,45,7,0,9,31,14,67,3,0,.200,.247,.351,.598
Tony T Watson,PIT,65,0,0,0,0,0,0,0,0,0,0,0,.000,.000,.000,.000
Tim T Beckham S,TB,64,198,25,49,12,5,5,16,14,67,2,1,.247,.300,.434,.735
Ryan R Buchter,SD,64,0,0,0,0,0,0,0,0,0,0,0,.000,.000,.000,.000
A. J. A Ellis,PHI,64,171,11,37,8,0,2,22,19,31,2,1,.216,.301,.298,.599
Justin J Grimm,CHC,64,0,0,0,0,0,0,0,0,0,0,0,.000,.000,.000,.000
David D Hernandez,PHI,64,0,0,0,0,0,0,0,0,0,0,0,.000,.000,.000,.000
Shawn S Kelley,WSH,64,1,0,0,0,0,0,0,0,1,0,0,.000,.000,.000,.000
A J Ramos,MIA,64,0,0,0,0,0,0,0,0,0,0,0,.000,.000,.000,.000
Hansel H Robles,NYM,64,3,0,0,0,0,0,0,0,2,0,0,.000,.000,.000,.000
Hunter H Cervenka,MIA,63,0,0,0,0,0,0,0,0,0,0,0,.000,.000,.000,.000
David D Dahl L,COL,63,222,42,70,12,4,7,24,15,59,5,0,.315,.359,.500,.859
Michael M Martinez,CLE,63,101,16,24,4,0,1,4,4,23,0,2,.238,.267,.307,.574
Jarrett J Parker,SF,63,127,22,30,3,1,5,14,19,44,0,1,.236,.358,.394,.751
Kevin K Siegrist,STL,63,0,0,0,0,0,0,0,0,0,0,0,.000,.000,.000,.000
Tyler T Thornburg,MIL,63,0,0,0,0,0,0,0,0,0,0,0,.000,.000,.000,.000
Jonathan J Broxton,STL,62,0,0,0,0,0,0,0,0,0,0,0,.000,.000,.000,.000
Tony T Cingrani,CIN,62,0,1,0,0,0,0,0,1,0,0,0,.000,1.000,.000,1.000
Ross R Ohlendorf,CIN,62,0,0,0,0,0,0,0,0,0,0,0,.000,.000,.000,.000
Byung Ho B Park D,MIN,62,215,28,41,9,1,12,24,21,80,1,0,.191,.275,.409,.684
David D Phelps,MIA,62,11,0,2,0,0,0,1,0,3,0,0,.182,.182,.182,.364
Austin Au Romine,NYY,62,165,17,40,11,0,4,26,7,31,1,0,.242,.269,.382,.650
Carlos C Ruiz,LAD,62,201,21,53,8,0,3,15,27,33,3,1,.264,.365,.348,.713
Ramon R Cabrera,CIN,61,171,11,42,10,0,3,23,8,30,1,1,.246,.279,.357,.635
Santiago S Casilla,SF,61,0,0,0,0,0,0,0,0,0,0,0,.000,.000,.000,.000
J. P. J Howell,LAD,61,2,0,0,0,0,0,0,0,2,0,0,.000,.000,.000,.000
Jim J Johnson,ATL,61,1,0,0,0,0,0,0,0,1,0,0,.000,.000,.000,.000
Roberto R Pérez Perez,CLE,61,153,14,28,6,1,3,17,23,44,0,0,.183,.285,.294,.579
Nick N Franklin L,TB,60,174,18,47,10,1,6,26,12,42,6,1,.270,.328,.443,.771
Eric E Fryer,PIT,60,116,19,31,4,1,0,13,13,25,0,3,.267,.336,.319,.655
Boone B Logan,COL,60,0,0,0,0,0,0,0,0,0,0,0,.000,.000,.000,.000
Jose J Reyes,NYM,60,255,45,68,13,4,8,24,23,49,9,2,.267,.326,.443,.769
Jake J Elmore,MIL,59,78,7,17,2,0,0,4,17,17,2,3,.218,.371,.244,.615
Tony T Kemp L,HOU,59,120,15,26,4,3,1,7,14,27,2,1,.217,.296,.325,.621
Ian I Krol,ATL,59,1,0,0,0,0,0,0,0,0,0,0,.000,.000,.000,.000
Oliver O Pérez Perez,WSH,59,3,1,2,1,0,0,0,0,0,0,0,.667,.667,1.000,1.667
Kevin K Quackenbush,SD,59,0,0,0,0,0,0,0,0,0,0,0,.000,.000,.000,.000
Drew D Stubbs R,BAL,59,80,13,18,0,0,3,7,12,38,9,1,.225,.330,.338,.667
Carlos C Estévez Estevez,COL,58,0,0,0,0,0,0,0,0,0,0,0,.000,.000,.000,.000
Justin J Morneau D,CWS,58,203,16,53,14,1,6,25,12,52,0,0,.261,.303,.429,.731
Rob R Refsnyder,NYY,58,152,25,38,9,0,0,12,18,30,2,1,.250,.328,.309,.637
Aaron A Altherr R,PHI,57,198,23,39,6,0,4,22,23,69,7,2,.197,.300,.288,.587
Alex A Avila,CWS,57,169,19,36,6,0,7,11,38,78,0,0,.213,.359,.373,.732
Matt M Bowman,STL,57,1,0,0,0,0,0,0,0,1,0,0,.000,.000,.000,.000
Blaine B Boyer,MIL,57,1,0,0,0,0,0,0,0,0,0,0,.000,.000,.000,.000
Robinson R Chirinos,TEX,57,147,21,33,11,0,9,20,15,44,0,1,.224,.314,.483,.797
Louis L Coleman,LAD,57,0,0,0,0,0,0,0,0,0,0,0,.000,.000,.000,.000
Neftali N Feliz,PIT,57,0,0,0,0,0,0,0,0,0,0,0,.000,.000,.000,.000
Derek D Law,SF,57,1,0,0,0,0,0,0,0,0,0,0,.000,.000,.000,.000
Christian C Vázquez Vazquez,BOS,57,172,21,39,9,1,1,12,10,39,0,0,.227,.277,.308,.585
Tyler T Collins C,DET,56,136,14,32,2,3,4,15,13,38,1,1,.235,.305,.382,.687
Chris C Herrmann,ARI,56,148,21,42,5,4,6,28,16,44,4,0,.284,.352,.493,.845
Orlando O Arcia S,MIL,55,201,21,44,10,3,4,17,15,47,8,0,.219,.273,.358,.631
Drew D Butera,KC,55,123,18,35,10,1,4,16,8,36,0,0,.285,.328,.480,.808
Juan J Centeno,MIN,55,176,16,46,12,1,3,25,12,38,0,0,.261,.312,.392,.704
Adam A Liberatore,LAD,55,0,0,0,0,0,0,0,0,0,0,0,.000,.000,.000,.000
Josh J Osich,SF,55,0,0,0,0,0,0,0,0,0,0,0,.000,.000,.000,.000
Mike M Zunino,SEA,55,164,16,34,7,0,12,31,21,65,0,0,.207,.318,.470,.787
Ji- Man J Choi,LAA,54,112,9,19,4,0,5,12,16,27,2,4,.170,.271,.339,.611
Christian C Colón,KC,54,147,13,34,6,0,1,13,11,31,0,1,.231,.294,.293,.586
Cory C Gearrin,SF,54,1,0,1,0,0,0,0,0,0,0,0,1.000,1.000,1.000,2.000
Austin A Jackson C,CWS,54,181,24,46,12,2,0,18,17,39,2,1,.254,.318,.343,.661
Jake J Mc Gee,COL,54,0,0,0,0,0,0,0,0,0,0,0,.000,.000,.000,.000
Daniel D Nava,KC,54,130,11,29,6,0,1,13,10,30,0,0,.223,.297,.292,.590
Mac M Williamson,SF,54,112,14,25,3,0,6,15,13,35,0,1,.223,.315,.411,.726
George G Kontos,SF,53,0,0,0,0,0,0,0,0,0,0,0,.000,.000,.000,.000
Hector H Rondón Rondon,CHC,53,1,0,0,0,0,0,0,0,1,0,0,.000,.000,.000,.000
Gary G Sánchez Sanchez,NYY,53,201,34,60,12,0,20,42,24,57,1,0,.299,.376,.657,1.032
Yolmer Y Sánchez,CWS,53,154,15,32,9,1,4,21,5,42,0,1,.208,.236,.357,.593
Pedro P Strop,CHC,52,1,0,0,0,0,0,0,0,0,0,0,.000,.000,.000,.000
Kelby K Tomlinson,SF,52,106,13,31,4,0,0,6,12,18,5,1,.292,.370,.330,.700
Scott S Van Slyke L,LAD,52,102,10,23,6,0,1,7,5,24,1,2,.225,.292,.314,.606
Max M Muncy,OAK,51,113,13,21,2,0,2,8,20,24,0,0,.186,.308,.257,.565
Will W Smith,SF,51,0,0,0,0,0,0,0,0,0,0,0,.000,.000,.000,.000
Dustin D Mc Gowan,MIA,50,4,0,0,0,0,0,0,0,3,0,0,.000,.000,.000,.000
Alex A Presley C,DET,50,121,12,24,2,0,3,11,11,25,0,2,.198,.269,.289,.558
Josh J Thole,TOR,50,118,7,20,3,0,1,7,13,28,0,0,.169,.254,.220,.474
Alex A Bregman,HOU,49,201,31,53,13,3,8,34,15,52,2,0,.264,.313,.478,.791
Trevor T Cahill,CHC,49,8,1,1,0,0,0,1,1,4,0,0,.125,.222,.125,.347
Hank H Conger,TB,49,124,6,24,5,0,3,10,12,40,0,0,.194,.265,.306,.571
Caleb C Joseph,BAL,49,132,7,23,3,0,0,0,7,28,0,0,.174,.216,.197,.413
Juan J Nicasio,PIT,49,19,1,3,0,0,0,1,0,7,0,0,.158,.158,.158,.316
Brandon B Barnes L,COL,48,100,10,22,6,2,0,8,3,30,1,2,.220,.250,.320,.570
Shin- Soo S Choo R,TEX,48,178,27,43,7,0,7,17,25,46,6,3,.242,.357,.399,.756
Mike M Dunn,MIA,48,0,0,0,0,0,0,0,0,0,0,0,.000,.000,.000,.000
Jeremy J Jeffress,TEX,48,0,0,0,0,0,0,0,0,0,0,0,.000,.000,.000,.000
David D Peralta R,ARI,48,171,23,43,9,5,4,15,8,42,2,0,.251,.295,.433,.728
Kevin K Plawecki,NYM,48,132,6,26,6,0,1,11,17,33,0,0,.197,.298,.265,.563
Andrew A Toles,LAD,48,105,19,33,9,1,3,16,8,25,1,1,.314,.365,.505,.870
Preston P Tucker D,HOU,48,134,11,22,8,1,4,8,8,40,0,0,.164,.222,.328,.551
Carlos C Villanueva,SD,48,4,0,0,0,0,0,0,0,4,0,0,.000,.000,.000,.000
Albert A Almora C,CHC,47,112,14,31,9,1,3,14,5,20,0,0,.277,.308,.455,.763
Daniel D Castro S,ATL,47,130,8,26,1,0,0,7,7,24,1,1,.200,.241,.208,.449
Lucas L Duda,NYM,47,153,20,35,7,0,7,23,15,36,0,0,.229,.302,.412,.714
Adalberto A Mondesi,KC,47,135,16,25,1,3,2,13,6,48,9,1,.185,.231,.281,.512
Matt M Reynolds S,NYM,47,89,11,20,8,0,3,13,4,34,0,1,.225,.266,.416,.682
Kennys K Vargas,MIN,47,152,27,35,11,0,10,20,24,57,0,0,.230,.333,.500,.833
Josh J Bell,PIT,45,128,18,35,8,0,3,19,21,19,0,1,.273,.368,.406,.775
Jumbo J Diaz,CIN,45,1,0,0,0,0,0,0,0,0,0,0,.000,.000,.000,.000
Guillermo G Heredia L,SEA,45,92,12,23,3,0,1,12,12,15,1,1,.250,.349,.315,.664
A J Reed,HOU,45,122,11,20,3,0,3,8,18,48,0,0,.164,.270,.262,.532
Tyler T Ladendorf,OAK,44,48,6,4,0,0,0,1,1,13,2,0,.083,.102,.083,.185
Nick N Wittgren,MIA,44,0,0,0,0,0,0,0,0,0,0,0,.000,.000,.000,.000
Bryan B Holaday,BOS,43,117,17,27,7,1,2,14,7,28,0,1,.231,.281,.359,.640
Darin D Ruf,PHI,43,83,8,17,2,0,3,9,4,25,0,1,.205,.236,.337,.573
Jim J Henderson,NYM,42,0,0,0,0,0,0,0,0,0,0,0,.000,.000,.000,.000
Luke L Maile,TB,42,119,10,27,7,0,3,15,4,36,0,0,.227,.252,.361,.613
Chad C Qualls,COL,42,0,0,0,0,0,0,0,0,0,0,0,.000,.000,.000,.000
Chris C Withrow,ATL,42,0,0,0,0,0,0,0,0,0,0,0,.000,.000,.000,.000
Enrique E Burgos,ARI,41,0,0,0,0,0,0,0,0,0,0,0,.000,.000,.000,.000
Cole C Gillespie,MIA,41,51,7,12,3,2,0,5,3,14,0,0,.235,.273,.373,.645
Teoscar T Hernández Hernandez L,HOU,41,100,15,23,7,0,4,11,11,28,0,2,.230,.304,.420,.724
Jeff J Mathis,MIA,41,126,12,30,4,1,2,15,4,36,0,0,.238,.267,.333,.600
Jimmy J Rollins S,CWS,41,149,25,33,8,1,2,8,16,33,5,2,.221,.295,.329,.624
Trevor T Rosenthal,STL,41,1,0,0,0,0,0,0,0,1,0,0,.000,.000,.000,.000
Arodys A Vizcaíno Vizcaino,ATL,41,0,0,0,0,0,0,0,0,0,0,0,.000,.000,.000,.000
Ehire E Adrianza,SF,40,63,3,16,2,0,2,7,2,13,0,1,.254,.299,.381,.680
Michael M Blazek,MIL,40,0,1,0,0,0,0,0,0,0,0,0,.000,.000,.000,.000
Socrates S Brito C,ARI,40,95,10,17,3,1,4,12,2,23,2,0,.179,.196,.358,.554
Eric E Campbell,NYM,40,75,9,13,1,0,1,9,10,24,1,0,.173,.284,.227,.511
Marco M Hernandez,BOS,40,51,11,15,1,0,1,5,5,10,1,0,.294,.357,.373,.730
Jhan J Mariñez Marinez,MIL,40,3,0,0,0,0,0,0,0,1,0,0,.000,.000,.000,.000
Edubray E Ramos,PHI,40,0,0,0,0,0,0,0,1,0,0,0,.000,1.000,.000,1.000
Rob R Segedin,LAD,40,73,9,17,2,1,2,12,6,22,0,0,.233,.301,.370,.671
Emmanuel E Burriss,PHI,39,45,3,5,1,1,0,0,2,10,1,0,.111,.184,.178,.362
Tyler T Clippard,NYY,39,0,0,0,0,0,0,0,0,0,0,0,.000,.000,.000,.000
Omar O Infante,KC,39,134,16,32,9,1,0,11,9,23,0,0,.239,.279,.321,.600
Ty T Kelly,NYM,39,58,9,14,1,1,1,7,11,9,0,0,.241,.352,.345,.697
Jose J Lobatón Lobaton,WSH,39,99,10,23,3,1,3,8,12,18,0,0,.232,.319,.374,.692
Ben B Paulsen,COL,39,92,8,20,5,0,1,11,5,27,0,0,.217,.258,.304,.562
Matt M Belisle,WSH,38,4,0,0,0,0,0,0,0,2,0,0,.000,.000,.000,.000
Jabari J Blash R,SD,38,71,7,12,2,0,3,5,11,34,1,0,.169,.298,.324,.622
Mauricio M Cabrera,ATL,38,0,0,0,0,0,0,0,0,0,0,0,.000,.000,.000,.000
Jared J Hoying R,TEX,38,46,8,10,2,0,0,5,3,8,1,0,.217,.265,.261,.526
Justin J Miller,COL,38,1,0,0,0,0,0,0,0,1,0,0,.000,.000,.000,.000
Sergio S Romo,SF,38,0,0,0,0,0,0,0,0,0,0,0,.000,.000,.000,.000
Dansby D Swanson S,ATL,38,129,20,39,7,1,3,17,13,34,3,0,.302,.361,.442,.803
Colin C Walsh,MIL,38,47,4,4,1,0,0,2,15,22,0,0,.085,.317,.106,.424
Arquimedes A Caminero,PIT,37,2,0,0,0,0,0,0,0,1,0,0,.000,.000,.000,.000
Gonzalez G Germen,COL,37,3,0,0,0,0,0,0,0,1,0,0,.000,.000,.000,.000
Jordan J Lyles,COL,37,8,0,0,0,0,0,0,0,4,0,0,.000,.000,.000,.000
Eric E O' Flaherty,ATL,37,0,0,0,0,0,0,0,0,0,0,0,.000,.000,.000,.000
Clayton C Richard,SD,37,17,0,1,0,0,0,1,1,9,0,0,.059,.111,.059,.170
Brandon B Snyder,ATL,37,46,8,11,5,1,4,9,1,16,0,0,.239,.255,.652,.908
David D Wright,NYM,37,137,18,31,8,0,7,14,26,55,3,2,.226,.350,.438,.788
Nick N Buss L,LAA,36,81,7,16,7,1,1,8,6,24,2,1,.198,.247,.346,.593
Yuli Y Gurriel,HOU,36,130,13,34,7,0,3,15,5,12,1,1,.262,.292,.385,.677
Chris C Taylor,LAD,36,61,8,13,2,2,1,7,4,15,0,0,.213,.262,.361,.622
Ruben R Tejada,SF,36,66,9,11,5,0,0,5,7,13,0,0,.167,.247,.242,.489
Hanser H Alberto,TEX,35,56,2,8,1,0,0,5,0,17,1,0,.143,.143,.161,.304
Madison M Bumgarner,SF,35,86,8,16,6,0,3,9,10,43,0,0,.186,.268,.360,.628
Patrick P Corbin,ARI,35,49,7,15,3,1,0,4,1,14,0,1,.306,.320,.408,.728
Jason J Hammel,CHC,35,65,6,16,3,0,0,7,1,24,0,0,.246,.258,.292,.550
Ryan R Hanigan,BOS,35,105,9,18,4,0,1,14,7,27,0,0,.171,.230,.238,.468
Raisel R Iglesias,CIN,35,11,0,1,0,0,0,0,0,2,0,0,.091,.091,.091,.182
Michael M Lorenzen,CIN,35,5,1,1,0,0,1,3,0,2,0,0,.200,.200,.800,1.000
Yadiel Y Rivera,MIL,35,66,12,14,4,0,0,3,2,20,0,0,.212,.235,.273,.508
Sammy S Solís Solis,WSH,35,3,0,0,0,0,0,0,0,1,0,0,.000,.000,.000,.000
Brad B Ziegler,BOS,35,0,0,0,0,0,0,0,0,0,0,0,.000,.000,.000,.000
Andrew A Benintendi L,BOS,34,105,16,31,11,1,2,14,10,25,1,0,.295,.359,.476,.835
Marlon M Byrd R,CLE,34,115,11,31,6,0,5,19,11,38,0,0,.270,.326,.452,.778
Charlie C Culberson S,LAD,34,67,6,20,3,0,1,7,1,13,1,0,.299,.309,.388,.697
Carl C Edwards,CHC,34,1,0,0,0,0,0,0,0,1,0,0,.000,.000,.000,.000
Erik E Goeddel,NYM,34,0,0,0,0,0,0,0,0,0,0,0,.000,.000,.000,.000
Mitch M Haniger C,ARI,34,109,9,25,2,1,5,17,12,27,0,0,.229,.309,.404,.713
Chris C Hatcher,LAD,34,3,0,1,0,0,0,1,0,0,0,0,.333,.333,.333,.667
Corey C Knebel,MIL,34,0,0,0,0,0,0,0,0,0,0,0,.000,.000,.000,.000
Kenta K Maeda,LAD,34,57,5,7,1,0,1,4,1,16,0,0,.123,.138,.193,.331
Omar O Narváez Narvaez,CWS,34,101,13,27,4,0,1,10,14,14,0,0,.267,.350,.337,.687
Alexi A Ogando,ATL,34,0,0,0,0,0,0,0,0,0,0,0,.000,.000,.000,.000
Jonathan J Papelbon,WSH,34,0,0,0,0,0,0,0,0,0,0,0,.000,.000,.000,.000
Chris C Stewart,PIT,34,98,10,21,4,0,1,7,12,15,0,0,.214,.319,.286,.604
Logan L Verrett,NYM,34,19,1,1,1,0,0,0,0,12,0,0,.053,.053,.105,.158
Ben B Gamel R,SEA,33,48,9,9,2,0,1,5,6,16,0,0,.188,.278,.292,.569
Tuffy T Gosewisch,ARI,33,90,8,14,1,1,3,7,7,22,0,0,.156,.224,.289,.513
Bruce B Maxwell,OAK,33,92,8,26,6,1,1,14,8,24,0,0,.283,.337,.402,.739
Taylor T Motter S,TB,33,80,11,15,3,0,2,9,11,19,0,1,.188,.290,.300,.590
Bud B Norris,LAD,33,27,2,6,0,1,0,1,3,7,0,0,.222,.323,.296,.619
Yusmeiro Y Petit,WSH,33,6,0,1,0,0,0,0,0,2,0,0,.167,.167,.167,.333
Manny M Piña Pina,MIL,33,71,4,18,4,0,2,12,10,15,0,1,.254,.346,.394,.740
Jose J Ramírez Ramirez,ATL,33,0,0,0,0,0,0,0,0,0,0,0,.000,.000,.000,.000
Anthony A Recker,ATL,33,90,6,25,8,0,2,15,16,22,1,0,.278,.394,.433,.828
T. J. T Rivera,NYM,33,105,10,35,4,1,3,16,3,17,0,0,.333,.345,.476,.821
Tanner T Roark,WSH,33,64,1,8,1,0,0,3,5,25,0,0,.125,.188,.141,.329
Max M Scherzer,WSH,33,70,4,13,1,0,0,12,2,30,0,0,.186,.208,.200,.408
Andrew A Chafin,ARI,32,0,0,0,0,0,0,0,0,0,0,0,.000,.000,.000,.000
Erik E Kratz,PIT,32,85,3,8,2,0,1,4,1,32,0,0,.094,.105,.153,.258
Mike M Leake,STL,32,49,3,7,1,0,0,4,3,19,0,0,.143,.192,.163,.356
Brandon B Nimmo,NYM,32,73,12,20,1,0,1,6,6,20,0,0,.274,.338,.329,.666
Luis L Perdomo,SD,32,38,1,5,1,0,0,1,1,15,0,0,.132,.175,.158,.333
Tony T Renda,CIN,32,60,4,11,2,0,0,3,5,11,0,0,.183,.246,.217,.463
Jeff J Samardzija,SF,32,64,4,10,5,0,0,9,1,28,0,0,.156,.164,.234,.399
A. J. A Schugel,PIT,32,2,0,0,0,0,0,0,0,1,0,0,.000,.000,.000,.000
Josh A. J Smith,CIN,32,11,0,2,1,0,0,0,0,4,0,0,.182,.182,.273,.454
Dan D Straily,CIN,32,52,2,1,0,0,0,1,2,40,0,0,.019,.056,.019,.075
Adam A Wainwright,STL,32,62,6,13,7,1,2,18,2,17,0,0,.210,.234,.452,.686
Elvis E Araujo,PHI,31,0,0,0,0,0,0,0,0,0,0,0,.000,.000,.000,.000
Tyler T Austin,NYY,31,83,7,20,3,0,5,12,7,36,1,0,.241,.300,.458,.758
Bartolo B Colon,NYM,31,60,4,5,2,0,1,2,1,40,0,0,.083,.098,.167,.265
Kaleb K Cowart,LAA,31,85,8,15,4,0,1,8,0,23,0,0,.176,.184,.259,.443
Johnny J Cueto,SF,31,70,1,8,0,0,0,5,2,24,0,0,.114,.137,.114,.251
Wilmer W Difo,WSH,31,58,14,16,3,0,1,7,8,12,3,0,.276,.364,.379,.743
Brandon B Finnegan,CIN,31,53,4,6,2,0,0,2,3,18,0,0,.113,.161,.151,.312
Jeremy J Hellickson,PHI,31,54,3,9,1,0,0,4,4,24,0,0,.167,.224,.185,.409
Carlos C Martínez Martinez,STL,31,59,5,14,1,0,0,6,0,13,0,0,.237,.246,.254,.500
Steven S Moya R,DET,31,94,9,24,4,2,5,11,5,38,0,1,.255,.290,.500,.790
Jordan J Pacheco,CIN,31,51,1,8,4,0,0,0,0,14,0,0,.157,.157,.235,.392
Andrew A Bailey,PHI,30,0,0,0,0,0,0,0,0,0,0,0,.000,.000,.000,.000
Aroldis A Chapman,CHC,30,0,0,0,0,0,0,0,0,0,0,0,.000,.000,.000,.000
Carl C Crawford L,LAD,30,81,8,15,2,1,0,6,4,11,0,1,.185,.230,.235,.464
Jose J Domínguez Dominguez,SD,30,0,0,0,0,0,0,0,0,0,0,0,.000,.000,.000,.000
Zach Z Duke,STL,30,0,0,0,0,0,0,0,0,0,0,0,.000,.000,.000,.000
Jerad J Eickhoff,PHI,30,61,4,8,3,0,0,5,1,12,0,0,.131,.145,.180,.326
Anthony A Gose C,DET,30,91,11,19,2,2,2,7,9,38,0,1,.209,.287,.341,.628
Kyle K Hendricks,CHC,30,58,1,8,0,0,0,2,1,29,0,0,.138,.167,.138,.305
Tom T Koehler,MIA,30,51,1,5,0,0,0,4,1,28,0,0,.098,.115,.098,.213
Jon J Lester,CHC,30,59,3,6,3,0,0,6,6,18,0,0,.102,.185,.153,.337
Jeff J Locke,PIT,30,32,0,4,0,0,0,0,1,17,0,0,.125,.152,.125,.276
David D Lough L,PHI,30,67,6,16,3,1,0,4,9,8,1,2,.239,.342,.313,.655
Casey C Mc Gehee,DET,30,92,4,21,1,0,0,1,3,14,0,0,.228,.260,.239,.500
Jimmy J Nelson,MIL,30,50,1,4,0,0,0,3,2,32,0,0,.080,.115,.080,.195
Adam A Ottavino,COL,30,0,0,0,0,0,0,0,0,0,0,0,.000,.000,.000,.000
Ramiro R Pena,SF,30,87,9,26,6,1,1,10,2,16,0,0,.299,.330,.425,.755
Adam A Warren,NYY,30,3,0,0,0,0,0,0,0,3,0,0,.000,.000,.000,.000
Casey C Fien,LAD,29,0,0,0,0,0,0,0,0,0,0,0,.000,.000,.000,.000
Jaime J García Garcia,STL,29,41,3,7,0,0,0,4,2,17,0,0,.171,.205,.171,.375
Gio G Gonzalez,WSH,29,52,1,7,2,0,0,2,0,24,0,0,.135,.148,.173,.321
Robbie R Ray,ARI,29,53,3,10,2,0,1,2,1,26,0,0,.189,.204,.283,.487
Noah N Syndergaard,NYM,29,58,6,11,3,0,3,6,7,34,0,0,.190,.277,.397,.674
Julio J Teheran,ATL,29,49,1,10,1,0,0,2,1,16,0,0,.204,.220,.224,.444
Dustin D Ackley,NYY,28,61,6,9,0,0,0,4,8,9,0,0,.148,.243,.148,.390
Chase C Anderson,MIL,28,45,3,4,0,0,0,1,1,27,0,0,.089,.128,.089,.216
Chad C Bettis,COL,28,49,2,2,0,0,0,2,4,21,0,0,.041,.113,.041,.154
Jason J Coats,CWS,28,50,8,10,4,0,1,4,5,12,1,0,.200,.298,.340,.638
Zach Z Davies,MIL,28,53,2,5,0,0,0,1,1,22,0,0,.094,.111,.094,.206
Brian B Ellington,MIA,28,1,0,0,0,0,0,0,0,1,0,0,.000,.000,.000,.000
Jose J Fernández Fernandez,MIA,28,52,3,13,2,0,0,6,1,13,0,0,.250,.264,.288,.553
John J Lackey,CHC,28,63,1,6,2,0,0,2,2,31,0,0,.095,.123,.127,.250
Tyler T Lyons,STL,28,4,0,0,0,0,0,0,0,2,0,0,.000,.000,.000,.000
Peter P O' Brien L,ARI,28,64,6,9,1,0,5,9,3,27,0,0,.141,.179,.391,.570
Jake J Peavy,SF,28,27,2,5,0,0,0,3,2,12,0,0,.185,.241,.185,.427
Chris C Rusin,COL,28,29,2,5,0,1,0,3,0,6,0,0,.172,.172,.241,.414
Josh J Rutledge,BOS,28,49,9,13,6,0,0,3,6,19,2,0,.265,.345,.388,.733
Hector H Sánchez Sanchez,SD,28,49,3,13,1,0,3,8,4,10,0,0,.265,.333,.469,.803
Jose J Ureña Urena,MIA,28,17,1,3,0,0,0,0,1,11,0,0,.176,.222,.176,.399
Joey J Wendle,OAK,28,96,11,25,1,0,1,11,6,16,2,0,.260,.298,.302,.600
Jake J Arrieta,CHC,27,65,7,17,2,1,2,7,4,28,0,0,.262,.304,.415,.720
Stephen S Cardullo,COL,27,56,5,12,3,1,2,6,3,12,0,0,.214,.254,.411,.665
Tyler T Chatwood,COL,27,53,3,10,0,1,0,4,2,14,0,0,.189,.218,.226,.445
Jesse J Chavez,LAD,27,0,0,0,0,0,0,0,0,0,0,0,.000,.000,.000,.000
Alen A Hanson,PIT,27,31,5,7,1,0,0,1,2,5,2,1,.226,.273,.258,.531
Aaron A Judge R,NYY,27,84,10,15,2,0,4,10,9,42,0,1,.179,.263,.345,.608
Seth S Maness,STL,27,1,0,0,0,0,0,0,0,1,0,0,.000,.000,.000,.000
Mike M Moustakas,KC,27,104,12,25,6,0,7,13,9,13,0,1,.240,.301,.500,.801
Rob R Scahill,MIL,27,2,0,0,0,0,0,0,0,1,0,0,.000,.000,.000,.000
Matt M Wisler,ATL,27,46,2,7,0,0,0,2,1,21,0,0,.152,.167,.152,.319
Luis L Avilán Avilan,LAD,26,0,0,0,0,0,0,0,0,0,0,0,.000,.000,.000,.000
Jon J Gray,COL,26,47,2,7,2,0,0,4,2,30,0,0,.149,.184,.191,.375
Gorkys G Hernández Hernandez C,SF,26,54,7,14,5,0,2,4,3,11,0,1,.259,.298,.463,.761
Scott S Kazmir,LAD,26,43,3,5,0,0,0,2,1,24,0,0,.116,.136,.116,.253
Dean D Kiekhefer,STL,26,1,0,0,0,0,0,0,0,0,0,0,.000,.000,.000,.000
Jason J Motte,COL,26,0,0,0,0,0,0,0,0,0,0,0,.000,.000,.000,.000
John Ryan J Murphy,MIN,26,82,4,12,3,0,1,3,5,19,0,0,.146,.193,.220,.413
Jonathon J Niese,NYM,26,30,1,3,1,0,0,1,2,14,0,0,.100,.156,.133,.290
Logan L Schafer,MIN,26,63,8,15,3,1,0,1,8,16,0,0,.238,.342,.317,.660
Geovany G Soto,LAA,26,78,11,21,5,0,4,9,6,21,0,0,.269,.321,.487,.809
Michael M Wacha,STL,26,39,1,1,0,0,0,0,3,22,0,0,.026,.095,.026,.121
Andy A Wilkins,MIL,26,24,3,3,1,0,1,3,3,10,1,0,.125,.222,.292,.514
Jacob Jde Gromde Grom,NYM,26,42,6,6,1,0,0,2,3,12,0,0,.143,.200,.167,.367
Silvino S Bracho,ARI,25,1,0,0,0,0,0,0,0,1,0,0,.000,.000,.000,.000
Archie A Bradley,ARI,25,43,2,3,0,0,0,4,0,28,0,0,.070,.068,.070,.138
Bryce B Brentz L,BOS,25,61,8,17,3,0,1,7,3,17,0,0,.279,.313,.377,.690
Andrew A Cashner,MIA,25,34,3,6,0,0,0,1,3,13,0,0,.176,.243,.176,.420
Severino S González Gonzalez,PHI,25,1,0,0,0,0,0,0,0,0,0,0,.000,.000,.000,.000
Zack Z Greinke,ARI,25,52,4,11,1,0,0,3,3,9,1,0,.212,.246,.231,.476
Josh J Phegley,OAK,25,78,11,20,6,0,1,10,5,13,0,0,.256,.314,.372,.686
J C Ramírez Ramirez,LAA,25,0,0,0,0,0,0,0,0,0,0,0,.000,.000,.000,.000
Jacob J Barnes,MIL,24,0,0,0,0,0,0,0,0,0,0,0,.000,.000,.000,.000
Emilio E Bonifácio Bonifacio,ATL,24,38,6,8,0,0,0,3,3,12,1,0,.211,.268,.211,.479
Jorge J De La Rosa,COL,24,38,4,7,0,0,0,6,2,14,0,0,.184,.244,.184,.428
Edwin E Escobar,ARI,24,2,0,0,0,0,0,0,0,1,0,0,.000,.000,.000,.000
Dustin D Garneau,COL,24,68,7,16,6,0,1,6,6,22,0,0,.235,.293,.368,.661
Zack Z Godley,ARI,24,18,1,2,0,0,0,0,0,9,0,0,.111,.111,.111,.222
Hernan H Iribarren,CIN,24,45,6,14,0,3,0,2,0,11,1,0,.311,.311,.444,.756
Michael M Mariot,PHI,24,0,0,0,0,0,0,0,0,0,0,0,.000,.000,.000,.000
Bryan B Morris,MIA,24,1,0,0,0,0,0,0,0,1,0,0,.000,.000,.000,.000
Brett B Oberholtzer,PHI,24,7,0,1,0,0,0,0,0,2,0,0,.143,.143,.143,.286
Jerry J Sands D,CWS,24,55,2,13,0,0,1,7,3,24,0,0,.236,.276,.291,.567
Xavier X Scruggs,MIA,24,62,1,13,3,0,1,5,5,20,0,0,.210,.290,.306,.596
Steve S Selsky R,CIN,24,51,9,16,2,0,2,7,2,22,1,0,.314,.340,.471,.810
Ryan R Vogelsong,PIT,24,19,1,1,0,0,0,1,1,13,0,0,.053,.143,.053,.196
Adam A Conley,MIA,23,41,4,5,0,0,0,3,1,22,0,0,.122,.140,.122,.262
Grant G Dayton,LAD,23,1,0,0,0,0,0,0,0,1,0,0,.000,.000,.000,.000
Josh J Fields,LAD,23,1,0,0,0,0,0,0,0,1,0,0,.000,.000,.000,.000
Cole C Figueroa,PIT,23,26,0,4,0,0,0,3,1,2,1,0,.154,.185,.154,.339
Christian C Friedrich,SD,23,37,2,2,0,0,0,2,3,23,0,0,.054,.125,.054,.179
Edwin E Jackson,SD,23,23,2,5,1,0,0,2,3,11,1,0,.217,.308,.261,.569
Jason J Rogers,PIT,23,25,2,2,0,1,0,2,7,9,0,0,.080,.303,.160,.463
Vince V Velasquez,PHI,23,40,4,8,1,0,0,0,1,16,0,0,.200,.220,.225,.444
Steve S Clevenger,SEA,22,68,7,15,3,0,1,7,8,14,0,0,.221,.303,.309,.612
Caleb C Cotham,CIN,22,0,0,0,0,0,0,0,0,0,0,0,.000,.000,.000,.000
Brian B Goodwin,WSH,22,42,1,12,4,1,0,5,2,14,0,0,.286,.318,.429,.747
Junior J Lake R,TOR,22,35,5,7,3,0,1,2,4,11,1,0,.200,.282,.371,.654
Dominic D Leone,ARI,22,0,0,0,0,0,0,0,0,0,0,0,.000,.000,.000,.000
Steven S Matz,NYM,22,36,0,5,1,1,0,2,4,11,0,0,.139,.220,.222,.442
Adam A Morgan,PHI,22,32,1,3,1,0,0,1,1,11,0,0,.094,.121,.125,.246
Colton C Murray,PHI,22,1,0,0,0,0,0,0,0,1,0,0,.000,.000,.000,.000
Scott S Oberg,COL,22,0,0,0,0,0,0,0,0,0,0,0,.000,.000,.000,.000
Chad C Pinder,OAK,22,51,4,12,4,0,1,4,3,14,0,0,.235,.273,.373,.645
Joe J Ross,WSH,22,41,2,10,2,0,0,1,3,15,0,0,.244,.295,.293,.588
Stephen S Strasburg,WSH,22,48,3,10,1,0,0,2,2,11,0,0,.208,.240,.229,.469
Raimel R Tapia,COL,22,38,4,10,0,0,0,3,2,11,3,0,.263,.293,.263,.556
Austin A Barnes,LAD,21,32,3,5,1,0,0,2,5,9,0,0,.156,.270,.188,.458
Wei- Yin W Chen,MIA,21,44,0,0,0,0,0,0,0,18,0,0,.000,.000,.000,.000
Gerrit G Cole,PIT,21,40,3,8,1,0,1,3,0,19,0,0,.200,.220,.300,.520
Joel J De La Cruz,ATL,21,16,0,3,0,0,0,1,0,8,0,0,.188,.188,.188,.375
Mike M Freeman,SEA,21,22,1,5,1,0,0,1,2,7,0,0,.227,.292,.273,.564
Erik E González Gonzalez S,CLE,21,16,2,5,0,0,0,0,1,8,0,1,.313,.353,.313,.665
Jason J Grilli,TOR,21,0,0,0,0,0,0,0,0,0,0,0,.000,.000,.000,.000
Steve S Hathaway,ARI,21,0,0,0,0,0,0,0,0,0,0,0,.000,.000,.000,.000
Clayton C Kershaw,LAD,21,46,2,8,1,0,0,3,1,12,0,0,.174,.191,.196,.387
Francisco F Liriano,PIT,21,42,2,12,1,0,1,5,0,16,0,0,.286,.286,.381,.667
Tom T Murphy,COL,21,44,8,12,2,0,5,13,4,19,1,0,.273,.347,.659,1.006
Wily W Peralta,MIL,21,39,2,5,1,0,1,6,0,15,0,0,.128,.125,.231,.356
Chaz C Roe,ATL,21,0,0,0,0,0,0,0,0,0,0,0,.000,.000,.000,.000
Fernando F Salas,NYM,21,0,0,0,0,0,0,0,0,0,0,0,.000,.000,.000,.000
Tyler T Anderson,COL,20,35,1,4,0,0,1,3,4,11,0,0,.114,.205,.200,.405
Matt M Cain,SF,20,27,1,2,1,0,1,5,0,17,0,0,.074,.074,.222,.296
Todd T Cunningham L,LAA,20,27,5,4,3,0,0,1,1,6,0,1,.148,.179,.259,.438
Zac Z Curtis,ARI,20,0,0,0,0,0,0,0,0,0,0,0,.000,.000,.000,.000
Matt M Mc Bride,OAK,20,43,4,9,3,0,0,2,1,10,0,0,.209,.227,.279,.506
Shelby S Miller,ARI,20,32,4,4,1,1,0,0,0,21,0,0,.125,.125,.219,.344
Mike M Montgomery,CHC,20,11,2,1,0,0,0,1,0,5,0,0,.091,.091,.091,.182
Colin C Rea,MIA,20,33,3,4,0,0,0,1,2,16,0,0,.121,.171,.121,.293
Alberto A Rosario,STL,20,38,3,7,2,0,0,2,2,5,0,0,.184,.225,.237,.462
Marc M Rzepczynski,WSH,20,0,0,0,0,0,0,0,0,0,0,0,.000,.000,.000,.000
Richie R Shaffer,TB,20,48,5,12,6,0,1,4,5,18,0,1,.250,.315,.438,.752
Josh J Smoker,NYM,20,1,0,0,0,0,0,0,0,1,0,0,.000,.000,.000,.000
Albert A Suárez Suarez,SF,20,21,1,4,2,0,0,2,0,11,0,0,.190,.190,.286,.476
Matt M Carasiti,COL,19,0,0,0,0,0,0,0,0,0,0,0,.000,.000,.000,.000
Anthony A De Sclafani,CIN,19,41,0,5,1,0,0,1,1,22,0,0,.122,.143,.146,.289
Jaff J Decker R,TB,19,52,1,8,1,0,0,1,4,14,1,0,.154,.211,.173,.384
Taylor T Featherston,PHI,19,26,2,3,1,0,0,1,2,11,2,0,.115,.179,.154,.332
Mike M Foltynewicz,ATL,19,36,3,5,1,0,0,1,1,19,0,0,.139,.162,.167,.329
John J Gant,ATL,19,7,0,0,0,0,0,0,0,1,0,0,.000,.000,.000,.000
Junior J Guerra,MIL,19,35,2,8,2,0,0,0,0,13,0,0,.229,.229,.286,.514
Ross R Stripling,LAD,19,24,2,2,0,0,0,1,2,12,0,0,.083,.154,.083,.237
Blake B Swihart L,BOS,19,62,9,16,0,3,0,5,11,17,0,1,.258,.365,.355,.720
Matthew Mden Dekkerden Dekker,WSH,19,34,3,6,1,0,1,4,4,10,1,0,.176,.282,.294,.576
Miguel M Castro,COL,18,0,0,0,0,0,0,0,0,0,0,0,.000,.000,.000,.000
Josh J Collmenter,ATL,18,6,0,0,0,0,0,0,0,6,0,0,.000,.000,.000,.000
Pedro P Florimón,PIT,18,24,4,5,1,1,0,4,1,12,0,1,.208,.240,.333,.573
Leury L García Garcia C,CWS,18,48,6,11,1,1,1,5,1,13,2,1,.229,.260,.354,.614
Koda K Glover,WSH,18,0,0,0,0,0,0,0,0,0,0,0,.000,.000,.000,.000
Grant G Green,SF,18,46,7,12,2,0,1,7,3,8,0,0,.261,.300,.370,.670
Aaron A Nola,PHI,18,30,1,1,1,0,0,0,3,17,0,0,.033,.147,.067,.214
Drew D Pomeranz,BOS,18,35,2,5,0,0,1,4,0,21,0,0,.143,.143,.229,.371
Keyvius K Sampson,CIN,18,7,0,0,0,0,0,0,0,6,0,0,.000,.000,.000,.000
Dario D Alvarez,TEX,17,0,0,0,0,0,0,0,0,0,0,0,.000,.000,.000,.000
Paul P Clemens,SD,17,21,1,0,0,0,0,0,1,11,0,0,.000,.045,.000,.045
Tyler T Cravy,MIL,17,4,1,1,0,0,1,1,0,1,0,0,.250,.250,1.000,1.250
Tim T Federowicz,CHC,17,31,3,6,2,0,0,3,1,12,0,0,.194,.212,.258,.470
Joey J Gallo D,TEX,17,25,2,1,0,0,1,1,5,19,1,0,.040,.200,.160,.360
Luis L García Garcia,PHI,17,0,0,0,0,0,0,0,0,0,0,0,.000,.000,.000,.000
Matt M Garza,MIL,17,28,1,1,0,0,0,0,2,17,0,0,.036,.100,.036,.136
Terrance T Gore,KC,17,3,6,0,0,0,0,0,0,1,11,2,.000,.000,.000,.000
Keith K Hessler,SD,17,0,0,0,0,0,0,0,0,0,0,0,.000,.000,.000,.000
Kyle K Jensen,ARI,17,31,5,6,0,1,2,7,2,13,0,0,.194,.265,.452,.716
Seth S Lugo,NYM,17,16,2,3,1,0,0,1,1,2,0,0,.188,.222,.250,.472
Brandon B Morrow,SD,17,0,0,0,0,0,0,0,0,0,0,0,.000,.000,.000,.000
Justin J Nicolino,MIA,17,22,0,2,0,0,0,0,1,11,0,0,.091,.130,.091,.221
Brendan B Ryan S,LAA,17,13,1,1,0,0,0,0,0,7,0,0,.077,.077,.077,.154
Joe J Smith,CHC,17,0,0,0,0,0,0,0,0,0,0,0,.000,.000,.000,.000
Jameson J Taillon,PIT,17,32,0,3,0,0,0,2,0,17,0,0,.094,.094,.094,.188
Julio J Urías Urias,LAD,17,22,0,3,0,0,0,2,0,9,0,0,.136,.136,.136,.273
Jemile J Weeks,SD,17,50,5,7,1,1,0,2,3,14,1,0,.140,.204,.200,.404
Arismendy A Alcántara Alcantara,OAK,16,19,2,4,1,0,0,2,0,8,3,3,.211,.211,.263,.474
Eddie E Butler,COL,16,15,0,1,0,0,0,0,0,2,0,0,.067,.067,.067,.133
Leonel L Campos,SD,16,0,0,0,0,0,0,0,0,0,0,0,.000,.000,.000,.000
Mark M Canha,OAK,16,41,4,5,0,0,3,6,0,20,0,1,.122,.140,.341,.481
Chris C Capuano,MIL,16,0,0,0,0,0,0,0,1,0,0,0,.000,1.000,.000,1.000
Andre A Ethier,LAD,16,24,2,5,1,0,1,2,2,6,0,0,.208,.269,.375,.644
J. J Hoover,CIN,16,0,0,0,0,0,0,0,0,0,0,0,.000,.000,.000,.000
Devin D Mesoraco,CIN,16,50,2,7,1,0,0,1,5,10,0,1,.140,.218,.160,.378
Spencer S Patton,CHC,16,2,0,0,0,0,0,0,0,1,0,0,.000,.000,.000,.000
Pedro P Severino,WSH,16,28,6,9,2,0,2,4,5,3,0,0,.321,.441,.607,1.048
Matt M Thornton,SD,16,0,0,0,0,0,0,0,0,0,0,0,.000,.000,.000,.000
Ryan R Weber,ATL,16,6,0,0,0,0,0,0,0,3,0,0,.000,.000,.000,.000
Danny D Worth,HOU,16,39,4,7,2,0,0,1,1,6,0,0,.179,.200,.231,.431
Christian C Bergman,COL,15,3,1,1,0,0,0,0,0,0,0,0,.333,.333,.333,.667
Aaron A Blair,ATL,15,21,0,1,0,0,0,0,0,9,0,0,.048,.048,.048,.095
Craig C Breslow,MIA,15,0,0,0,0,0,0,0,0,0,0,0,.000,.000,.000,.000
Brandon B Cunniff,ATL,15,0,0,0,0,0,0,0,0,0,0,0,.000,.000,.000,.000
Josh J Edgin,NYM,15,0,0,0,0,0,0,0,0,0,0,0,.000,.000,.000,.000
Matt M Harvey,NYM,15,22,2,3,1,0,0,0,0,8,0,0,.136,.136,.182,.318
Evan E Marshall,ARI,15,0,0,0,0,0,0,0,0,0,0,0,.000,.000,.000,.000
Matt M Moore,SF,15,31,2,3,0,0,0,0,0,13,0,0,.097,.097,.097,.194
Brett B Nicholas,TEX,15,40,5,11,5,0,2,4,4,9,0,0,.275,.356,.550,.906
Jose J Pirela,SD,15,39,2,6,2,0,0,0,1,9,0,1,.154,.175,.205,.380
Roman R Quinn L,PHI,15,57,10,15,4,0,0,6,8,19,5,1,.263,.373,.333,.706
Miguel M Socolovich,STL,15,0,0,0,0,0,0,0,0,0,0,0,.000,.000,.000,.000
Kyle K Waldrop,CIN,15,22,1,5,1,0,0,1,1,5,0,1,.227,.261,.273,.534
Austin A Brice,MIA,14,0,0,0,0,0,0,0,0,0,0,0,.000,.000,.000,.000
Craig C Gentry L,LAA,14,34,2,5,1,0,0,2,3,6,0,0,.147,.237,.176,.413
Sean S Gilmartin,NYM,14,0,0,0,0,0,0,0,0,0,0,0,.000,.000,.000,.000
Frank F Herrmann,PHI,14,1,0,0,0,0,0,0,0,1,0,0,.000,.000,.000,.000
Paul P Janish,BAL,14,31,3,6,1,0,0,0,3,3,0,0,.194,.286,.226,.512
Tyrell T Jenkins,ATL,14,13,0,0,0,0,0,0,0,4,0,0,.000,.000,.000,.000
Munenori M Kawasaki,CHC,14,21,3,7,2,0,0,1,4,5,2,0,.333,.462,.429,.890
Chad C Kuhl,PIT,14,23,0,2,0,0,0,0,1,9,0,0,.087,.125,.087,.212
Ivan I Nova,PIT,14,26,1,3,0,0,0,0,0,18,0,0,.115,.115,.115,.231
Steven S Okert,SF,14,1,0,0,0,0,0,0,0,1,0,0,.000,.000,.000,.000
Francisco F Peña Pena,BAL,14,40,5,8,0,0,1,3,2,14,0,0,.200,.238,.275,.513
Cory C Spangenberg,SD,14,48,6,11,1,1,1,8,4,13,1,0,.229,.302,.354,.656
Alex A Wood,LAD,14,16,2,4,0,0,0,2,1,9,0,0,.250,.294,.250,.544
Robert R Andino,MIA,13,24,2,7,0,0,0,1,0,4,0,0,.292,.292,.292,.583
Reid R Brignac,ATL,13,29,3,6,2,0,0,1,0,8,0,0,.207,.207,.276,.483
Darrell D Ceciliani L,TOR,13,27,2,3,2,0,0,1,1,14,0,0,.111,.172,.185,.358
Jarred J Cosart,SD,13,16,1,2,0,0,0,0,0,5,0,0,.125,.125,.125,.250
Rubby R De La Rosa,ARI,13,14,0,1,0,0,0,1,0,3,0,0,.071,.071,.071,.143
Rey R Fuentes,KC,13,41,2,13,1,0,0,5,3,8,0,2,.317,.364,.341,.705
Destin D Hood L,MIA,13,25,3,6,1,0,1,2,0,11,0,1,.240,.240,.400,.640
Cedric C Hunter L,PHI,13,34,3,3,0,0,1,1,2,6,0,0,.088,.139,.176,.315
Ja Coby J Jones,DET,13,28,3,6,3,0,0,2,0,12,0,0,.214,.214,.321,.536
Don D Kelly,MIA,13,27,2,4,0,2,0,3,2,5,0,0,.148,.200,.296,.496
Kyle K Lobstein,PIT,13,2,0,0,0,0,0,0,0,1,0,0,.000,.000,.000,.000
Deven D Marrero,BOS,13,12,0,1,0,0,0,0,2,5,0,0,.083,.214,.083,.298
Braden B Shipley,ARI,13,26,2,3,1,0,0,2,0,10,1,0,.115,.115,.154,.269
Alfredo A Simon,CIN,13,14,0,1,0,0,0,1,1,7,0,0,.071,.188,.071,.259
Brent B Suter,MIL,13,2,0,0,0,0,0,0,0,1,0,0,.000,.000,.000,.000
Pat P Valaika,COL,13,19,3,5,1,0,1,2,0,8,0,0,.263,.263,.474,.737
Tim T Adleman,CIN,12,21,2,4,2,0,0,3,0,11,0,0,.190,.190,.286,.476
John J Lamb,CIN,12,20,0,1,0,0,0,0,1,12,0,0,.050,.095,.050,.145
Jose J Martínez Martinez,STL,12,16,4,7,1,0,0,1,2,1,0,0,.438,.500,.500,1.000
Nefi N Ogando,MIA,12,0,0,0,0,0,0,0,0,0,0,0,.000,.000,.000,.000
Yefri Y Pérez Perez,MIA,12,3,5,2,1,0,0,0,0,1,4,2,.667,.667,1.000,1.667
A J Pollock C,ARI,12,41,9,10,0,0,2,4,5,8,4,0,.244,.326,.390,.716
Joely J Rodríguez Rodriguez,PHI,12,0,0,0,0,0,0,0,0,0,0,0,.000,.000,.000,.000
James J Shields,CWS,12,21,1,4,0,0,0,0,0,12,0,0,.190,.190,.190,.381
Will W Venable,LAD,12,18,2,1,1,0,0,0,0,5,0,0,.056,.105,.111,.216
Mason M Williams R,NYY,12,27,4,8,1,0,0,2,1,12,0,0,.296,.321,.333,.655
Buddy B Baumann,SD,11,0,0,0,0,0,0,0,0,0,0,0,.000,.000,.000,.000
Michael M Brantley L,CLE,11,39,5,9,2,0,0,7,3,6,1,0,.231,.279,.282,.561
Matt M Olson R,OAK,11,21,3,2,1,0,0,0,7,4,0,0,.095,.321,.143,.464
Felix F Peña Pena,CHC,11,0,0,0,0,0,0,0,0,0,0,0,.000,.000,.000,.000
Williams W Pérez Perez,ATL,11,17,0,0,0,0,0,0,0,5,0,0,.000,.000,.000,.000
Hunter H Renfroe R,SD,11,35,8,13,3,0,4,14,1,5,0,0,.371,.389,.800,1.189
Alex A Reyes,STL,11,14,0,1,0,0,0,1,0,5,0,0,.071,.071,.071,.143
Sam S Tuivailala,STL,11,0,0,0,0,0,0,0,0,0,0,0,.000,.000,.000,.000
Jerome J Williams,STL,11,2,0,0,0,0,0,0,0,1,0,0,.000,.000,.000,.000
James J Beresford,MIN,10,22,0,5,1,0,0,0,1,6,0,0,.227,.261,.273,.534
Sean S Burnett,WSH,10,0,0,0,0,0,0,0,0,0,0,0,.000,.000,.000,.000
Andy A Burns,TOR,10,6,2,0,0,0,0,0,0,2,0,0,.000,.143,.000,.143
Chris C Colabello,TOR,10,29,0,2,0,0,0,1,2,9,0,0,.069,.156,.069,.225
Zach Z Eflin,PHI,10,23,2,6,2,0,0,0,0,8,0,0,.261,.261,.348,.609
David D Goforth,MIL,10,0,0,0,0,0,0,0,0,0,0,0,.000,.000,.000,.000
Dalier D Hinojosa,PHI,10,0,0,0,0,0,0,0,0,0,0,0,.000,.000,.000,.000
Carson C Kelly,STL,10,13,1,2,1,0,0,1,0,2,0,0,.154,.214,.231,.445
Casey C Kelly,ATL,10,2,0,0,0,0,0,0,0,1,0,0,.000,.000,.000,.000
Blake B Lalli,ATL,10,13,0,2,1,0,0,1,0,3,0,0,.154,.154,.231,.385
Reynaldo R López Lopez,WSH,10,12,0,1,0,0,0,0,0,7,0,0,.083,.083,.083,.167
Manuel M Margot C,SD,10,37,4,9,4,1,0,3,0,7,2,0,.243,.243,.405,.649
Brandon B Mc Carthy,LAD,10,13,0,0,0,0,0,1,2,6,0,0,.000,.133,.000,.133
Will W Middlebrooks,MIL,10,27,2,3,0,0,0,1,4,13,0,0,.111,.226,.111,.337
Jordan J Patterson R,COL,10,18,1,8,1,0,0,2,1,1,0,1,.444,.474,.500,.974
Wandy W Peralta,CIN,10,0,0,0,0,0,0,0,0,0,0,0,.000,.000,.000,.000
Neil N Ramírez Ramirez,MIL,10,0,0,0,0,0,0,0,0,0,0,0,.000,.000,.000,.000
Josh J Ravin,LAD,10,0,0,0,0,0,0,0,0,0,0,0,.000,.000,.000,.000
Tomas T Telis,MIA,10,13,1,4,0,0,1,4,0,2,0,0,.308,.308,.538,.846
Gabriel G Ynoa,NYM,10,3,0,0,0,0,0,0,0,0,0,0,.000,.000,.000,.000
Jesus J Aguilar,CLE,9,6,0,0,0,0,0,0,0,1,0,0,.000,.000,.000,.000
Rusney R Castillo,BOS,9,8,4,2,1,0,0,0,0,3,0,0,.250,.250,.375,.625
Collin C Cowgill R,CLE,9,12,0,1,0,0,0,0,2,7,0,0,.083,.214,.083,.298
Yimi Y García Garcia,LAD,9,0,0,0,0,0,0,0,0,0,0,0,.000,.000,.000,.000
Trevor T Gott,WSH,9,0,0,0,0,0,0,0,0,0,0,0,.000,.000,.000,.000
Juan J Graterol,LAA,9,14,2,4,2,0,0,3,0,3,0,0,.286,.286,.429,.714
Robert R Gsellman,NYM,9,15,0,1,0,0,0,0,0,9,0,0,.067,.067,.067,.133
Adam A Moore,CLE,9,5,0,0,0,0,0,0,0,4,0,0,.000,.000,.000,.000
Colin C Moran,HOU,9,23,1,3,1,0,0,2,1,8,0,0,.130,.200,.174,.374
Joe J Nathan,SF,9,0,0,0,0,0,0,0,0,0,0,0,.000,.000,.000,.000
Renato R Núñez Nunez,OAK,9,15,0,2,0,0,0,1,0,3,0,0,.133,.133,.133,.267
Brayan B Peña Pena,STL,9,13,0,2,1,0,0,0,1,2,0,0,.154,.214,.231,.445
Cody C Reed,CIN,9,11,1,0,0,0,0,0,1,6,0,0,.000,.083,.000,.083
Daniel D Robertson L,SEA,9,19,1,5,1,0,0,1,1,3,0,1,.263,.300,.316,.616
Stefen S Romero L,SEA,9,17,1,4,1,0,0,3,1,4,0,0,.235,.263,.294,.557
Justin J Ruggiano C,NYM,9,24,4,8,1,0,2,7,2,10,0,1,.333,.385,.625,1.010
Donovan D Solano,NYY,9,22,5,5,2,0,1,2,1,3,0,0,.227,.261,.455,.715
Max M Stassi,HOU,9,13,1,1,0,0,0,0,0,5,0,0,.077,.077,.077,.154
Jesus J Sucre,SEA,9,25,4,12,2,0,1,5,2,5,0,0,.480,.552,.680,1.232
Andrew A Susac,MIL,9,17,3,4,1,0,1,2,2,5,0,0,.235,.316,.471,.786
Jake J Thompson,PHI,9,14,0,2,1,0,0,0,0,5,0,0,.143,.143,.214,.357
Luke L Weaver,STL,9,13,1,5,0,0,0,0,0,4,0,0,.385,.385,.385,.769
Steven S Brault,PIT,8,8,1,2,0,0,0,0,0,0,0,0,.250,.250,.250,.500
Ike I Davis,NYY,8,14,2,3,0,0,0,1,1,5,0,0,.214,.267,.214,.481
Hunter H Dozier R,KC,8,19,4,4,1,0,0,1,2,8,0,0,.211,.286,.263,.549
Ryan R Dull,OAK,8,0,0,0,0,0,0,0,0,0,0,0,.000,.000,.000,.000
Austin A Hedges,SD,8,24,2,3,1,0,0,1,0,7,0,1,.125,.154,.167,.320
Jeff J Hoffman,COL,8,8,0,0,0,0,0,0,0,2,0,0,.000,.000,.000,.000
Taylor T Jungmann,MIL,8,8,1,1,0,0,0,0,0,4,0,0,.125,.125,.125,.250
Patrick P Kivlehan R,CIN,8,21,5,4,0,0,1,2,2,11,0,0,.190,.292,.333,.625
Wade W Le Blanc,PIT,8,1,0,0,0,0,0,0,0,1,0,0,.000,.000,.000,.000
Raffy R Lopez,CIN,8,7,0,0,0,0,0,0,0,3,0,0,.000,.000,.000,.000
Cory C Luebke,PIT,8,0,0,0,0,0,0,0,0,0,0,0,.000,.000,.000,.000
Dixon D Machado S,DET,8,10,1,1,0,0,0,0,3,4,0,0,.100,.308,.100,.408
Ryan R Madson,OAK,8,1,0,0,0,0,0,0,0,1,0,0,.000,.000,.000,.000
Rafael R Martín Martin,WSH,8,0,0,0,0,0,0,0,0,0,0,0,.000,.000,.000,.000
Yoan Y Moncada D,BOS,8,19,3,4,1,0,0,1,1,12,0,0,.211,.250,.263,.513
Rafael R Montero,NYM,8,5,0,0,0,0,0,0,0,3,0,0,.000,.000,.000,.000
Joel J Peralta,CHC,8,2,0,0,0,0,0,0,0,1,0,0,.000,.000,.000,.000
Zach Z Phillips,PIT,8,0,0,0,0,0,0,0,0,0,0,0,.000,.000,.000,.000
Dalton D Pompey,TOR,8,2,3,0,0,0,0,0,0,1,2,1,.000,.000,.000,.000
Michael M Reed C,MIL,8,22,3,4,0,0,0,0,2,7,1,0,.182,.250,.182,.432
Matt M Reynolds,SF,8,0,0,0,0,0,0,0,0,0,0,0,.000,.000,.000,.000
Jose J Rondón Rondon S,SD,8,25,1,3,0,0,0,1,1,4,0,0,.120,.154,.120,.274
Robert R Stephenson,CIN,8,10,0,0,0,0,0,0,0,5,0,0,.000,.000,.000,.000
Daniel D Vogelbach,SEA,8,12,0,1,0,0,0,0,1,6,0,0,.083,.154,.083,.237
Madison M Younginer,ATL,8,0,0,0,0,0,0,0,0,0,0,0,.000,.000,.000,.000
Rob R Zastryzny,CHC,8,3,0,0,0,0,0,0,0,2,0,0,.000,.000,.000,.000
Carlos C Asuaje,SD,7,24,2,5,2,0,0,2,1,4,0,0,.208,.240,.292,.532
Dellin D Betances,NYY,7,0,0,0,0,0,0,0,0,0,0,0,.000,.000,.000,.000
A. J. A Cole,WSH,7,7,0,0,0,0,0,0,0,4,0,0,.000,.000,.000,.000
Sam S Freeman,MIL,7,0,0,0,0,0,0,0,0,0,0,0,.000,.000,.000,.000
Ken K Giles,HOU,7,0,0,0,0,0,0,0,0,0,0,0,.000,.000,.000,.000
Tyler T Glasnow,PIT,7,7,0,1,0,0,0,0,0,4,0,0,.143,.143,.143,.286
Will W Harris,HOU,7,0,0,0,0,0,0,0,0,0,0,0,.000,.000,.000,.000
Kelvin K Herrera,KC,7,0,0,0,0,0,0,0,0,0,0,0,.000,.000,.000,.000
Micah M Johnson,LAD,7,6,1,1,0,0,0,0,0,1,0,0,.167,.167,.167,.333
Ryan R Kalish,CHC,7,7,1,2,0,0,0,2,1,0,0,0,.286,.444,.286,.730
Mat M Latos,WSH,7,5,1,1,0,0,1,1,0,3,0,0,.200,.200,.800,1.000
Darin D Mastroianni R,MIN,7,9,1,0,0,0,0,0,2,4,1,0,.000,.182,.000,.182
A. J. A Morris,CIN,7,1,0,0,0,0,0,0,0,1,0,0,.000,.000,.000,.000
Nick N Noonan S,SD,7,18,0,3,0,0,0,1,1,5,0,1,.167,.200,.167,.367
Roberto R Osuna,TOR,7,0,0,0,0,0,0,0,0,0,0,0,.000,.000,.000,.000
James J Russell,PHI,7,0,0,0,0,0,0,0,0,0,0,0,.000,.000,.000,.000
Shae S Simmons,ATL,7,0,0,0,0,0,0,0,0,0,0,0,.000,.000,.000,.000
Kevan K Smith,CWS,7,16,2,2,0,0,0,0,0,6,0,0,.125,.125,.125,.250
Brock B Stewart,LAD,7,10,0,1,0,0,0,0,0,7,0,0,.100,.100,.100,.200
Daniel D Stumpf,PHI,7,0,0,0,0,0,0,0,0,0,0,0,.000,.000,.000,.000
Cesar C Vargas,SD,7,8,0,0,0,0,0,0,0,5,0,0,.000,.000,.000,.000
Trevor T Williams,PIT,7,1,1,0,0,0,0,1,2,1,0,0,.000,.667,.000,.667
Jorge J Alfaro,PHI,6,16,0,2,0,0,0,0,1,8,0,0,.125,.176,.125,.302
Cody C Allen,CLE,6,0,0,0,0,0,0,0,0,0,0,0,.000,.000,.000,.000
John J Axford,OAK,6,0,0,0,0,0,0,0,0,0,0,0,.000,.000,.000,.000
Homer H Bailey,CIN,6,10,0,1,0,0,0,0,1,1,0,0,.100,.182,.100,.282
Julio J Borbon L,BAL,6,13,1,4,0,0,0,0,0,3,0,1,.308,.308,.308,.615
Jed J Bradley,ATL,6,0,0,0,0,0,0,0,0,0,0,0,.000,.000,.000,.000
Steve S Cishek,SEA,6,0,0,0,0,0,0,0,0,0,0,0,.000,.000,.000,.000
Steve S Delabar,CIN,6,0,0,0,0,0,0,0,0,0,0,0,.000,.000,.000,.000
Odrisamer O Despaigne,MIA,6,0,0,0,0,0,0,0,0,0,0,0,.000,.000,.000,.000
Chris C Devenski,HOU,6,0,0,0,0,0,0,0,0,0,0,0,.000,.000,.000,.000
Dayan D Díaz Diaz,CIN,6,0,0,0,0,0,0,0,0,0,0,0,.000,.000,.000,.000
Lucas L Giolito,WSH,6,4,1,1,0,0,0,0,0,1,0,0,.250,.250,.250,.500
Mychal M Givens,BAL,6,2,0,0,0,0,0,0,0,1,0,0,.000,.000,.000,.000
Matt M Grace,WSH,6,0,0,0,0,0,0,0,0,0,0,0,.000,.000,.000,.000
Jason J Gurka,COL,6,0,0,0,0,0,0,0,0,0,0,0,.000,.000,.000,.000
Drew D Hayes,CIN,6,1,0,0,0,0,0,0,0,0,0,0,.000,.000,.000,.000
Rich R Hill,LAD,6,12,0,0,0,0,0,0,0,8,0,0,.000,.000,.000,.000
Drew D Hutchison,PIT,6,1,0,0,0,0,0,0,0,1,0,0,.000,.000,.000,.000
Adam A Loewen,ARI,6,0,0,0,0,0,0,0,0,0,0,0,.000,.000,.000,.000
Mark M Lowe,DET,6,0,0,0,0,0,0,0,0,0,0,0,.000,.000,.000,.000
German G Márquez Marquez,COL,6,6,1,0,0,0,0,0,0,3,0,0,.000,.000,.000,.000
Michael M Morse,PIT,6,8,0,0,0,0,0,0,0,2,0,0,.000,.000,.000,.000
Chris C Narveson,MIA,6,3,0,0,0,0,0,0,0,2,0,0,.000,.000,.000,.000
Hector H Olivera L,ATL,6,19,2,4,1,0,0,2,1,5,0,0,.211,.238,.263,.501
Chris C Parmelee,NYY,6,8,4,4,1,0,2,4,0,3,0,0,.500,.500,1.375,1.875
Josmil J Pinto,MIL,6,5,1,0,0,0,0,0,1,4,0,0,.000,.167,.000,.167
Francisco F Rodríguez Rodriguez,DET,6,0,0,0,0,0,0,0,0,0,0,0,.000,.000,.000,.000
Patrick P Schuster,PHI,6,0,0,0,0,0,0,0,0,0,0,0,.000,.000,.000,.000
Drew D Storen,SEA,6,0,0,0,0,0,0,0,0,0,0,0,.000,.000,.000,.000
Chris C Stratton,SF,6,1,0,0,0,0,0,0,0,0,0,0,.000,.000,.000,.000
Rob R Whalen,ATL,6,10,0,2,0,0,0,0,0,3,0,0,.200,.200,.200,.400
Eric E Young Jr.,NYY,6,1,2,0,0,0,0,0,0,0,1,0,.000,.000,.000,.000
Alec A Asher,PHI,5,11,0,1,0,0,0,2,0,6,0,0,.091,.091,.091,.182
Cam C Bedrosian,LAA,5,0,0,0,0,0,0,0,0,0,0,0,.000,.000,.000,.000
Joe J Biagini,TOR,5,0,0,0,0,0,0,0,0,0,0,0,.000,.000,.000,.000
Mike M Bolsinger,LAD,5,9,0,0,0,0,0,0,0,7,0,0,.000,.000,.000,.000
Wilfredo W Boscan,PIT,5,3,0,1,0,0,0,1,0,1,0,0,.333,.333,.333,.667
Brad B Brach,BAL,5,0,0,0,0,0,0,0,0,0,0,0,.000,.000,.000,.000
Zack Z Britton,BAL,5,0,0,0,0,0,0,0,0,0,0,0,.000,.000,.000,.000
Matt M Bush,TEX,5,0,0,0,0,0,0,0,0,0,0,0,.000,.000,.000,.000
Jeimer J Candelario,CHC,5,11,0,1,0,0,0,0,2,5,0,0,.091,.286,.091,.377
Xavier X Cedeño Cedeno,TB,5,0,0,0,0,0,0,0,0,0,0,0,.000,.000,.000,.000
Jhoulys J Chacín Chacin,LAA,5,10,1,3,0,0,0,1,0,1,0,0,.300,.300,.300,.600
Alex A Colomé Colome,TB,5,0,0,0,0,0,0,0,0,0,0,0,.000,.000,.000,.000
Abel A De Los Santos,CIN,5,0,0,0,0,0,0,0,0,0,0,0,.000,.000,.000,.000
Matt M Dominguez,TOR,5,11,0,0,0,0,0,0,1,3,0,0,.000,.083,.000,.083
Sam S Dyson,TEX,5,0,0,0,0,0,0,0,0,0,0,0,.000,.000,.000,.000
Cody C Ege,MIA,5,1,0,1,0,0,0,0,0,0,0,0,1.000,1.000,1.000,2.000
Dan D Jennings,CWS,5,0,0,0,0,0,0,0,0,0,0,0,.000,.000,.000,.000
Nate N Jones,CWS,5,0,0,0,0,0,0,0,0,0,0,0,.000,.000,.000,.000
Matt M Koch,ARI,5,3,0,0,0,0,0,0,1,3,0,0,.000,.250,.000,.250
Ryan R La Marre L,BOS,5,5,1,0,0,0,0,0,1,2,0,0,.000,.167,.000,.167
Matt M Magill,CIN,5,0,0,0,0,0,0,0,0,0,0,0,.000,.000,.000,.000
Trey T Mancini D,BAL,5,14,3,5,1,0,3,5,0,4,0,0,.357,.400,1.071,1.471
Wade W Miley,BAL,5,11,1,2,0,0,0,0,0,2,0,0,.182,.182,.182,.364
Andrew A Miller,CLE,5,0,0,0,0,0,0,0,0,0,0,0,.000,.000,.000,.000
Jon J Moscot,CIN,5,4,0,0,0,0,0,0,0,3,0,0,.000,.200,.000,.200
Ryan R O' Rourke,MIN,5,1,0,0,0,0,0,0,0,0,0,0,.000,.000,.000,.000
Ryan R Pressly,MIN,5,0,0,0,0,0,0,0,0,0,0,0,.000,.000,.000,.000
Enny E Romero,TB,5,0,0,0,0,0,0,0,0,0,0,0,.000,.000,.000,.000
Rio R Ruiz,ATL,5,7,1,2,0,1,0,2,0,2,1,0,.286,.286,.571,.857
Bryan B Shaw,CLE,5,0,0,0,0,0,0,0,0,0,0,0,.000,.000,.000,.000
Joakim J Soria,KC,5,0,0,0,0,0,0,0,0,0,0,0,.000,.000,.000,.000
Jacob J Stallings,PIT,5,15,0,6,1,0,0,2,0,4,1,0,.400,.400,.467,.867
Michael M Tonkin,MIN,5,2,0,0,0,0,0,0,0,1,0,0,.000,.000,.000,.000
Justin J Wilson,DET,5,0,0,0,0,0,0,0,0,0,0,0,.000,.000,.000,.000
Fernando F Abad,BOS,4,1,0,0,0,0,0,0,0,1,0,0,.000,.000,.000,.000
Matt M Albers,CWS,4,1,1,1,1,0,0,0,0,0,0,0,1.000,1.000,2.000,3.000
Brett B Anderson,LAD,4,3,0,0,0,0,0,0,0,2,0,0,.000,.000,.000,.000
Ty T Blach,SF,4,4,1,2,0,0,0,0,0,0,0,0,.500,.500,.500,1.000
Richard R Bleier,NYY,4,0,0,0,0,0,0,0,0,0,0,0,.000,.000,.000,.000
Mike M Broadway,SF,4,0,0,0,0,0,0,0,0,0,0,0,.000,.000,.000,.000
Clay C Buchholz,BOS,4,2,0,0,0,0,0,0,1,2,0,0,.000,.333,.000,.333
Gavin G Cecchini,NYM,4,6,2,2,2,0,0,2,0,2,0,0,.333,.429,.667,1.095
Brett B Cecil,TOR,4,0,0,0,0,0,0,0,0,0,0,0,.000,.000,.000,.000
Phil P Coke,PIT,4,0,0,0,0,0,0,0,0,0,0,0,.000,.000,.000,.000
Tony T Cruz,KC,4,4,0,0,0,0,0,1,0,3,0,0,.000,.000,.000,.000
Sean S Doolittle,OAK,4,0,0,0,0,0,0,0,0,0,0,0,.000,.000,.000,.000
Dillon D Gee,KC,4,1,0,0,0,0,0,0,0,0,0,0,.000,.000,.000,.000
J. A. J Happ,TOR,4,7,2,2,0,0,0,0,0,3,0,0,.286,.286,.286,.571
Lucas L Harrell,ATL,4,8,0,0,0,0,0,0,0,2,0,0,.000,.000,.000,.000
Oscar O Hernández Hernandez,ARI,4,11,1,2,0,0,1,1,0,0,0,0,.182,.182,.455,.636
Chris C Heston,SF,4,0,0,0,0,0,0,0,0,0,0,0,.000,.000,.000,.000
Ubaldo U Jiménez Jimenez,BAL,4,4,0,0,0,0,0,0,0,1,0,0,.000,.000,.000,.000
Phil P Klein,PHI,4,2,0,0,0,0,0,0,0,2,0,0,.000,.000,.000,.000
Greg G Mahle,LAA,4,0,0,0,0,0,0,0,0,0,0,0,.000,.000,.000,.000
Jeff J Manship,CLE,4,0,0,0,0,0,0,0,0,0,0,0,.000,.000,.000,.000
Matt M Marksberry,ATL,4,0,0,0,0,0,0,0,0,0,0,0,.000,.000,.000,.000
Mike M Mayers,STL,4,0,0,0,0,0,0,0,0,0,0,0,.000,.000,.000,.000
Charlie C Morton,PHI,4,6,1,1,0,0,0,0,0,3,0,0,.167,.167,.167,.333
Pat P Neshek,HOU,4,0,0,0,0,0,0,0,0,0,0,0,.000,.000,.000,.000
Vidal V Nuño Nuno,SEA,4,0,0,0,0,0,0,0,0,0,0,0,.000,.000,.000,.000
David D Price,BOS,4,10,0,0,0,0,0,0,1,8,0,0,.000,.091,.000,.091
Juniel J Querecuto,TB,4,11,1,1,0,1,0,2,0,6,0,0,.091,.091,.273,.364
David D Robertson,CWS,4,0,0,0,0,0,0,0,0,0,0,0,.000,.000,.000,.000
Fernando F Rodriguez Jr.,OAK,4,0,0,0,0,0,0,0,0,0,0,0,.000,.000,.000,.000
Robbie R Ross,BOS,4,0,0,0,0,0,0,0,0,0,0,0,.000,.000,.000,.000
Ben B Rowen,MIL,4,0,0,0,0,0,0,0,0,0,0,0,.000,.000,.000,.000
Kyle K Ryan,DET,4,0,0,0,0,0,0,0,0,0,0,0,.000,.000,.000,.000
Tony T Sipp,HOU,4,0,0,0,0,0,0,0,0,0,0,0,.000,.000,.000,.000
Jake J Smith,SD,4,0,0,0,0,0,0,0,0,0,0,0,.000,.000,.000,.000
Anthony A Swarzak,NYY,4,0,0,0,0,0,0,0,0,0,0,0,.000,.000,.000,.000
Jose J Torres,SD,4,0,0,0,0,0,0,0,0,0,0,0,.000,.000,.000,.000
Drew D Ver Hagen,DET,4,0,0,0,0,0,0,0,0,0,0,0,.000,.000,.000,.000
Nick N Vincent,SEA,4,0,0,0,0,0,0,0,0,0,0,0,.000,.000,.000,.000
Chien- Ming C Wang,KC,4,0,0,0,0,0,0,0,0,0,0,0,.000,.000,.000,.000
Jered J Weaver,LAA,4,9,0,0,0,0,0,0,0,4,0,0,.000,.000,.000,.000
Daniel D Wright,CIN,4,5,0,0,0,0,0,0,0,2,0,0,.000,.000,.000,.000
A. J. A Achter,LAA,3,0,0,0,0,0,0,0,0,0,0,0,.000,.000,.000,.000
Jose J Álvarez Alvarez,LAA,3,1,0,0,0,0,0,0,0,0,0,0,.000,.000,.000,.000
Chris C Archer,TB,3,7,1,0,0,0,0,0,1,3,0,0,.000,.125,.000,.125
Trevor T Bauer,CLE,3,5,0,0,0,0,0,0,0,5,0,0,.000,.000,.000,.000
Joaquin J Benoit,TOR,3,0,0,0,0,0,0,0,0,0,0,0,.000,.000,.000,.000
Matt M Buschmann,ARI,3,1,0,0,0,0,0,0,0,0,0,0,.000,.000,.000,.000
Joba J Chamberlain,CLE,3,0,0,0,0,0,0,0,0,0,0,0,.000,.000,.000,.000
Alex A Claudio,TEX,3,0,0,0,0,0,0,0,0,0,0,0,.000,.000,.000,.000
Gerardo G Concepción Concepcion,CHC,3,0,0,0,0,0,0,0,0,0,0,0,.000,.000,.000,.000
Kyle K Crockett,CLE,3,0,0,0,0,0,0,0,0,0,0,0,.000,.000,.000,.000
Jose J De León Leon,LAD,3,4,0,0,0,0,0,0,0,1,0,0,.000,.000,.000,.000
Edwin E Díaz Diaz,SEA,3,1,0,0,0,0,0,0,0,0,0,0,.000,.000,.000,.000
Jake J Diekman,TEX,3,0,0,0,0,0,0,0,0,0,0,0,.000,.000,.000,.000
Matt M Duffy,HOU,3,3,0,0,0,0,0,0,0,2,0,0,.000,.000,.000,.000
Nathan N Eovaldi,NYY,3,5,0,0,0,0,0,0,1,4,0,0,.000,.167,.000,.167
Robbie R Erlin,SD,3,6,0,0,0,0,0,0,0,3,0,0,.000,.000,.000,.000
Jake J Esch,MIA,3,5,1,1,0,0,0,0,0,2,0,0,.200,.200,.200,.400
Doug D Fister,HOU,3,5,0,1,0,0,0,2,0,1,0,0,.200,.200,.200,.400
Gavin G Floyd,TOR,3,1,0,0,0,0,0,0,0,0,0,0,.000,.000,.000,.000
Brian B Flynn,KC,3,0,0,0,0,0,0,0,0,0,0,0,.000,.000,.000,.000
Yovani Y Gallardo,BAL,3,4,1,2,0,0,0,0,1,1,0,0,.500,.600,.500,1.100
Kyle K Gibson,MIN,3,7,1,0,0,0,0,0,1,5,0,0,.000,.125,.000,.125
Nick N Goody,NYY,3,0,0,0,0,0,0,0,0,0,0,0,.000,.000,.000,.000
Kendall K Graveman,OAK,3,4,0,0,0,0,0,0,0,3,0,0,.000,.000,.000,.000
Shane S Greene,DET,3,2,0,0,0,0,0,0,0,0,0,0,.000,.000,.000,.000
Luke L Gregerson,HOU,3,0,0,0,0,0,0,0,0,0,0,0,.000,.000,.000,.000
Deolis D Guerra,LAA,3,0,0,0,0,0,0,0,0,0,0,0,.000,.000,.000,.000
Cole C Hamels,TEX,3,8,0,1,0,0,0,0,0,1,0,0,.125,.125,.125,.250
Donnie D Hart,BAL,3,1,0,0,0,0,0,0,0,1,0,0,.000,.000,.000,.000
Liam L Hendriks,OAK,3,0,0,0,0,0,0,0,0,0,0,0,.000,.000,.000,.000
Felix F Hernández Hernandez,SEA,3,6,0,0,0,0,0,0,0,3,0,0,.000,.000,.000,.000
Luke L Hochevar,KC,3,0,0,0,0,0,0,0,0,0,0,0,.000,.000,.000,.000
Tommy T Hunter,CLE,3,0,0,0,0,0,0,0,0,0,0,0,.000,.000,.000,.000
Kevin K Jepsen,TB,3,0,0,0,0,0,0,0,0,0,0,0,.000,.000,.000,.000
Erik E Johnson,SD,3,4,0,0,0,0,0,0,0,3,0,0,.000,.000,.000,.000
Craig C Kimbrel,BOS,3,0,0,0,0,0,0,0,0,0,0,0,.000,.000,.000,.000
Corey C Kluber,CLE,3,4,1,1,1,0,0,0,0,3,0,0,.250,.250,.500,.750
Damien D Magnifico,MIL,3,0,0,0,0,0,0,0,0,0,0,0,.000,.000,.000,.000
Zach Z Mc Allister,CLE,3,0,0,0,0,0,0,0,0,0,0,0,.000,.000,.000,.000
Collin C Mc Hugh,HOU,3,6,0,0,0,0,0,0,0,2,0,0,.000,.000,.000,.000
Michael M Mc Kenry,STL,3,1,0,0,0,0,0,0,0,1,0,0,.000,.000,.000,.000
Tim T Melville,CIN,3,2,0,0,0,0,0,0,0,2,0,0,.000,.000,.000,.000
Mike M Morin,LAA,3,0,0,0,0,0,0,0,0,0,0,0,.000,.000,.000,.000
Zach Z Neal,OAK,3,2,0,0,0,0,0,0,0,0,0,0,.000,.000,.000,.000
Dan D Otero,CLE,3,0,0,0,0,0,0,0,0,0,0,0,.000,.000,.000,.000
Taylor T Rogers,MIN,3,0,0,0,0,0,0,0,0,0,0,0,.000,.000,.000,.000
Danny D Salazar,CLE,3,5,1,0,0,0,0,0,0,3,0,0,.000,.000,.000,.000
Chris C Sale,CWS,3,6,0,1,0,0,0,0,0,2,0,0,.167,.167,.167,.333
Aaron A Sanchez,TOR,3,9,0,0,0,0,0,0,1,5,0,0,.000,.100,.000,.100
Pablo P Sandoval,BOS,3,6,0,0,0,0,0,0,1,4,0,0,.000,.143,.000,.143
Matt M Tuiasosopo,ATL,3,3,0,0,0,0,0,0,0,1,0,0,.000,.000,.000,.000
Jacob J Turner,CWS,3,0,0,0,0,0,0,0,0,0,0,0,.000,.000,.000,.000
Koji K Uehara,BOS,3,0,0,0,0,0,0,0,0,0,0,0,.000,.000,.000,.000
Tyler T Wagner,ARI,3,2,0,0,0,0,0,0,0,1,0,0,.000,.000,.000,.000
Zach Z Walters,LAD,3,5,0,0,0,0,0,0,0,2,0,0,.000,.000,.000,.000
Tom T Wilhelmsen,SEA,3,0,0,0,0,0,0,0,0,0,0,0,.000,.000,.000,.000
Alex A Wilson,DET,3,0,0,0,0,0,0,0,0,0,0,0,.000,.000,.000,.000
Dan D Winkler,ATL,3,0,0,0,0,0,0,0,0,0,0,0,.000,.000,.000,.000
Kirby K Yates,NYY,3,0,0,0,0,0,0,0,0,0,0,0,.000,.000,.000,.000
Rafael R Ynoa L,COL,3,5,0,0,0,0,0,0,0,2,0,0,.000,.000,.000,.000
Chris C Young,KC,3,1,0,0,0,0,0,0,0,0,0,0,.000,.000,.000,.000
Jordan J Zimmermann,DET,3,4,0,1,0,0,0,0,0,2,0,0,.250,.250,.250,.500
Dariel D Álvarez Alvarez R,BAL,2,3,0,1,1,0,0,0,1,0,0,0,.333,.500,.667,1.167
Matt M Barnes,BOS,2,0,0,0,0,0,0,0,0,0,0,0,.000,.000,.000,.000
Tony T Barnette,TEX,2,0,0,0,0,0,0,0,0,0,0,0,.000,.000,.000,.000
Chris C Beck,CWS,2,0,0,0,0,0,0,0,0,0,0,0,.000,.000,.000,.000
Buddy B Boshers,MIN,2,0,0,0,0,0,0,0,0,0,0,0,.000,.000,.000,.000
Jake J Buchanan,CHC,2,1,0,0,0,0,0,0,0,1,0,0,.000,.000,.000,.000
Dylan D Bundy,BAL,2,3,0,0,0,0,0,0,0,2,0,0,.000,.000,.000,.000
Danny D Coulombe,OAK,2,0,0,0,0,0,0,0,0,0,0,0,.000,.000,.000,.000
Yu Y Darvish,TEX,2,3,1,1,0,0,1,1,0,1,0,0,.333,.333,1.333,1.667
Wade W Davis,KC,2,0,0,0,0,0,0,0,0,0,0,0,.000,.000,.000,.000
Oliver O Drake,BAL,2,1,0,0,0,0,0,0,0,1,0,0,.000,.000,.000,.000
Danny D Duffy,KC,2,5,1,1,0,0,0,1,0,1,0,0,.200,.200,.200,.400
Marco M Estrada,TOR,2,5,0,0,0,0,0,0,0,3,0,0,.000,.000,.000,.000
Scott S Feldman,HOU,2,2,0,0,0,0,0,0,0,2,0,0,.000,.000,.000,.000
Michael M Feliz,HOU,2,0,0,0,0,0,0,0,0,0,0,0,.000,.000,.000,.000
Yohan Y Flande,COL,2,0,0,0,0,0,0,0,0,0,0,0,.000,.000,.000,.000
Dylan D Floro,TB,2,0,0,0,0,0,0,0,0,0,0,0,.000,.000,.000,.000
Kevin K Gausman,BAL,2,2,0,0,0,0,0,0,1,2,0,0,.000,.333,.000,.333
Chad C Girodo,TOR,2,0,0,0,0,0,0,0,0,0,0,0,.000,.000,.000,.000
Chad C Green,NYY,2,4,0,0,0,0,0,0,0,4,0,0,.000,.000,.000,.000
Javy J Guerra,LAA,2,0,0,0,0,0,0,0,0,0,0,0,.000,.000,.000,.000
David D Hale,COL,2,0,0,0,0,0,0,0,0,0,0,0,.000,.000,.000,.000
Cody C Hall,MIA,2,0,0,0,0,0,0,0,0,0,0,0,.000,.000,.000,.000
Roberto R Hernandez,ATL,2,4,0,0,0,0,0,0,0,3,0,0,.000,.000,.000,.000
Jason J Hursh,ATL,2,0,0,0,0,0,0,0,0,0,0,0,.000,.000,.000,.000
Hisashi H Iwakuma,SEA,2,2,0,0,0,0,0,0,0,1,0,0,.000,.000,.000,.000
Tommy T Kahnle,CWS,2,0,0,0,0,0,0,0,0,0,0,0,.000,.000,.000,.000
Nate N Karns,SEA,2,1,0,0,0,0,0,0,0,0,0,0,.000,.000,.000,.000
Keone K Kela,TEX,2,0,0,0,0,0,0,0,0,0,0,0,.000,.000,.000,.000
Joe J Kelly,BOS,2,0,0,0,0,0,0,0,0,0,0,0,.000,.000,.000,.000
Ian I Kennedy,KC,2,3,0,0,0,0,0,0,0,2,0,0,.000,.000,.000,.000
Brandon B Kintzler,MIN,2,0,0,0,0,0,0,0,0,0,0,0,.000,.000,.000,.000
Michael M Kirkman,MIL,2,0,0,0,0,0,0,0,0,0,0,0,.000,.000,.000,.000
Pat P Light,MIN,2,0,0,0,0,0,0,0,0,0,0,0,.000,.000,.000,.000
Kelvin K Marte,PIT,2,0,0,0,0,0,0,0,0,0,0,0,.000,.000,.000,.000
Cody C Martin,SEA,2,0,0,0,0,0,0,0,0,0,0,0,.000,.000,.000,.000
Trevor T May,MIN,2,0,0,0,0,0,0,0,0,0,0,0,.000,.000,.000,.000
Vin V Mazzaro,SF,2,1,0,0,0,0,0,0,0,1,0,0,.000,.000,.000,.000
T. J. T Mc Farland,BAL,2,0,0,0,0,0,0,0,0,0,0,0,.000,.000,.000,.000
Daniel D Mengden,OAK,2,6,0,0,0,0,0,0,0,3,0,0,.000,.000,.000,.000
Max M Moroff,PIT,2,2,0,0,0,0,0,0,0,2,0,0,.000,.000,.000,.000
Conor C Mullee,NYY,2,0,0,0,0,0,0,0,0,0,0,0,.000,.000,.000,.000
Ricky R Nolasco,LAA,2,3,0,0,0,0,0,0,2,1,0,0,.000,.400,.000,.400
Jake J Odorizzi,TB,2,4,0,1,0,0,0,1,0,1,0,0,.250,.250,.250,.500
Curtis C Partch,PIT,2,0,0,0,0,0,0,0,0,0,0,0,.000,.000,.000,.000
James J Paxton,SEA,2,3,0,0,0,0,0,0,1,3,0,0,.000,.250,.000,.250
Martin M Pérez Perez,TEX,2,3,0,1,0,0,0,0,0,1,0,0,.333,.333,.333,.667
Rick R Porcello,BOS,2,5,0,1,0,0,0,0,0,1,0,0,.200,.200,.200,.400
Zach Z Putnam,CWS,2,0,0,0,0,0,0,0,0,0,0,0,.000,.000,.000,.000
Erasmo E Ramírez Ramirez,TB,2,0,0,0,0,0,0,0,0,0,0,0,.000,.000,.000,.000
Anthony A Ranaudo,CWS,2,3,1,1,0,0,1,1,0,1,0,0,.333,.333,1.333,1.667
Bruce B Rondón Rondon,DET,2,0,0,0,0,0,0,0,0,0,0,0,.000,.000,.000,.000
Jorge J Rondon,PIT,2,0,0,0,0,0,0,0,0,0,0,0,.000,.000,.000,.000
Anibal A Sánchez Sanchez,DET,2,6,0,0,0,0,0,0,0,3,0,0,.000,.000,.000,.000
Ervin E Santana,MIN,2,5,0,0,0,0,0,0,0,3,0,0,.000,.000,.000,.000
Hector H Santiago,LAA,2,3,0,1,0,0,0,0,0,1,0,0,.333,.333,.333,.667
Kyle K Schwarber L,CHC,2,4,0,0,0,0,0,0,1,2,0,0,.000,.200,.000,.200
Matt M Strahm,KC,2,0,0,0,0,0,0,0,0,0,0,0,.000,.000,.000,.000
Huston H Street,LAA,2,0,0,0,0,0,0,0,0,0,0,0,.000,.000,.000,.000
Marcus M Stroman,TOR,2,5,1,0,0,0,0,0,0,0,0,0,.000,.000,.000,.000
Tyler T Sturdevant,TB,2,0,0,0,0,0,0,0,0,0,0,0,.000,.000,.000,.000
Junichi J Tazawa,BOS,2,0,0,0,0,0,0,0,0,0,0,0,.000,.000,.000,.000
Ryan R Tepera,TOR,2,0,0,0,0,0,0,0,0,0,0,0,.000,.000,.000,.000
Shawn S Tolleson,TEX,2,1,0,0,0,0,0,0,0,1,0,0,.000,.000,.000,.000
Josh J Tomlin,CLE,2,5,1,2,1,0,0,0,0,2,0,0,.400,.400,.600,1.000
Yordano Y Ventura,KC,2,3,0,1,0,0,0,0,0,2,0,0,.333,.333,.333,.667
Justin J Verlander,DET,2,5,1,1,0,0,0,0,0,2,0,0,.200,.200,.200,.400
Edinson E Vólquez Volquez,KC,2,5,0,0,0,0,0,0,0,3,0,0,.000,.000,.000,.000
Vance V Worley,BAL,2,0,0,0,0,0,0,0,0,0,0,0,.000,.000,.000,.000
Steven S Wright,BOS,2,4,0,0,0,0,0,0,0,3,0,0,.000,.000,.000,.000
Matt M Andriese,TB,1,1,0,0,0,0,0,0,0,0,0,0,.000,.000,.000,.000
Jayson J Aquino,BAL,1,0,0,0,0,0,0,0,0,0,0,0,.000,.000,.000,.000
Jose J Berríos Berrios,MIN,1,1,0,1,0,0,0,0,0,0,0,0,1.000,1.000,1.000,2.000
Parker P Bridwell,BAL,1,0,0,0,0,0,0,0,0,0,0,0,.000,.000,.000,.000
Vicente V Campos,ARI,1,2,0,0,0,0,0,0,0,0,0,0,.000,.000,.000,.000
J T Chargois,MIN,1,0,0,0,0,0,0,0,0,0,0,0,.000,.000,.000,.000
Mike M Clevinger,CLE,1,2,0,0,0,0,0,0,0,0,0,0,.000,.000,.000,.000
Joe J Colón Colon,CLE,1,0,0,0,0,0,0,0,0,0,0,0,.000,.000,.000,.000
Matt M Davidson D,CWS,1,2,1,1,0,0,0,1,0,1,0,0,.500,.500,.500,1.000
Pat P Dean,MIN,1,0,0,0,0,0,0,0,0,0,0,0,.000,.000,.000,.000
Ross R Detwiler,OAK,1,1,0,0,0,0,0,0,0,1,0,0,.000,.000,.000,.000
Elias E Díaz Diaz,PIT,1,4,0,0,0,0,0,1,0,1,0,0,.000,.000,.000,.000
R. A. R Dickey,TOR,1,1,0,0,0,0,0,0,0,1,0,0,.000,.000,.000,.000
Kyle K Drabek,ARI,1,0,0,0,0,0,0,0,0,0,0,0,.000,.000,.000,.000
Tyler T Duffey,MIN,1,1,0,0,0,0,0,0,0,1,0,0,.000,.000,.000,.000
Roenis R Elías Elias,BOS,1,0,0,0,0,0,0,0,0,0,0,0,.000,.000,.000,.000
Dana D Eveland,TB,1,0,0,0,0,0,0,0,0,0,0,0,.000,.000,.000,.000
Kendry K Flores,MIA,1,1,0,0,0,0,0,0,0,1,0,0,.000,.000,.000,.000
Carlos C Frías Frias,LAD,1,1,0,0,0,0,0,0,0,1,0,0,.000,.000,.000,.000
Carson C Fulmer,CWS,1,0,0,0,0,0,0,0,0,0,0,0,.000,.000,.000,.000
Michael M Fulmer,DET,1,2,0,0,0,0,0,0,0,2,0,0,.000,.000,.000,.000
Ryan R Garton,TB,1,0,0,0,0,0,0,0,0,0,0,0,.000,.000,.000,.000
Miguel M González Gonzalez,CWS,1,1,0,0,0,0,0,0,0,1,0,0,.000,.000,.000,.000
Tom T Gorzelanny,CLE,1,0,0,0,0,0,0,0,0,0,0,0,.000,.000,.000,.000
Sonny S Gray,OAK,1,2,0,0,0,0,0,0,0,1,0,0,.000,.000,.000,.000
A. J. A Griffin,TEX,1,2,0,0,0,0,0,0,0,2,0,0,.000,.000,.000,.000
Tayron T Guerrero,SD,1,0,0,0,0,0,0,0,0,0,0,0,.000,.000,.000,.000
Jesse J Hahn,OAK,1,1,0,0,0,0,0,0,0,1,0,0,.000,.000,.000,.000
Heath H Hembree,BOS,1,0,0,0,0,0,0,0,0,0,0,0,.000,.000,.000,.000
John J Hicks,DET,1,2,1,1,1,0,0,0,0,0,0,0,.500,.500,1.000,1.500
Derek D Holland,TEX,1,2,0,1,0,0,0,0,0,1,0,0,.500,.500,.500,1.000
James J Hoyt,HOU,1,0,0,0,0,0,0,0,0,0,0,0,.000,.000,.000,.000
Phil P Hughes,MIN,1,2,0,0,0,0,0,0,0,2,0,0,.000,.000,.000,.000
Steve S Johnson,SEA,1,0,0,0,0,0,0,0,0,0,0,0,.000,.000,.000,.000
Logan L Kensing,DET,1,0,0,0,0,0,0,0,0,0,0,0,.000,.000,.000,.000
Dallas D Keuchel,HOU,1,2,0,0,0,0,0,0,0,0,0,0,.000,.000,.000,.000
Spencer S Kieboom,WSH,1,0,1,0,0,0,0,0,1,0,0,0,.000,1.000,.000,1.000
Andrew A Lambo,OAK,1,1,0,0,0,0,0,0,0,0,0,0,.000,.000,.000,.000
Jose J Leclerc,TEX,1,0,0,0,0,0,0,0,0,0,0,0,.000,.000,.000,.000
Sean S Manaea,OAK,1,2,0,0,0,0,0,0,0,1,0,0,.000,.000,.000,.000
Nick N Martínez Martinez,TEX,1,2,0,0,0,0,0,0,0,1,0,0,.000,.000,.000,.000
Brian B Matusz,CHC,1,0,0,0,0,0,0,0,0,0,0,0,.000,.000,.000,.000
Lance L Mc Cullers,HOU,1,3,1,1,0,0,0,0,0,0,0,0,.333,.333,.333,.667
Mike M Miller,BOS,1,1,0,0,0,0,0,0,0,0,0,0,.000,.000,.000,.000
Tommy T Milone,MIN,1,2,0,2,0,0,0,0,0,0,0,0,1.000,1.000,1.000,2.000
Juan J Minaya,CWS,1,0,0,0,0,0,0,0,0,0,0,0,.000,.000,.000,.000
Franklin F Morales,TOR,1,0,0,0,0,0,0,0,0,0,0,0,.000,.000,.000,.000
Peter P Moylan,KC,1,0,0,0,0,0,0,0,0,0,0,0,.000,.000,.000,.000
Joe J Musgrove,HOU,1,0,0,0,0,0,0,0,0,0,0,0,.000,.000,.000,.000
Daniel D Norris,DET,1,2,0,0,0,0,0,0,1,0,0,0,.000,.333,.000,.333
Logan L Ondrusek,BAL,1,0,0,0,0,0,0,0,0,0,0,0,.000,.000,.000,.000
Brad B Peacock,HOU,1,0,0,0,0,0,0,0,0,0,0,0,.000,.000,.000,.000
Ariel A Peña Pena,MIL,1,0,0,0,0,0,0,0,0,0,0,0,.000,.000,.000,.000
Michael M Pineda,NYY,1,1,0,0,0,0,0,0,0,1,0,0,.000,.000,.000,.000
Adam A Plutko,CLE,1,0,0,0,0,0,0,0,0,0,0,0,.000,.000,.000,.000
Jose J Quintana,CWS,1,2,0,0,0,0,0,0,0,1,0,0,.000,.000,.000,.000
Cesar C Ramos,TEX,1,0,0,0,0,0,0,0,0,0,0,0,.000,.000,.000,.000
Cory C Rasmus,LAA,1,0,0,0,0,0,0,0,0,0,0,0,.000,.000,.000,.000
Carlos C Rodón Rodon,CWS,1,3,0,0,0,0,0,0,0,2,0,0,.000,.000,.000,.000
Eduardo E Rodriguez,BOS,1,2,0,0,0,0,0,0,0,2,0,0,.000,.000,.000,.000
David D Rollins,SEA,1,0,0,0,0,0,0,0,0,0,0,0,.000,.000,.000,.000
Tyson T Ross,SD,1,1,0,0,0,0,0,0,0,1,0,0,.000,.000,.000,.000
Hyun Jin H Ryu,LAD,1,1,0,0,0,0,0,0,0,0,0,0,.000,.000,.000,.000
C Sabathia,NYY,1,1,0,0,0,0,0,0,0,0,0,0,.000,.000,.000,.000
Adrian A Sampson,SEA,1,0,0,0,0,0,0,0,0,0,0,0,.000,.000,.000,.000
Matt M Shoemaker,LAA,1,2,0,0,0,0,0,0,0,1,0,0,.000,.000,.000,.000
Chasen C Shreve,NYY,1,0,0,0,0,0,0,0,0,0,0,0,.000,.000,.000,.000
Blake B Smith,CWS,1,0,0,0,0,0,0,0,0,0,0,0,.000,.000,.000,.000
Drew D Smyly,TB,1,2,0,0,0,0,0,0,0,0,0,0,.000,.000,.000,.000
Blake B Snell,TB,1,2,0,0,0,0,0,0,1,1,0,0,.000,.333,.000,.333
Layne L Somsen,CIN,1,0,0,0,0,0,0,0,0,0,0,0,.000,.000,.000,.000
Masahiro M Tanaka,NYY,1,2,0,0,0,0,0,0,0,2,0,0,.000,.000,.000,.000
Nick N Tepesch,LAD,1,1,0,0,0,0,0,0,0,1,0,0,.000,.000,.000,.000
Chris C Tillman,BAL,1,2,0,0,0,0,0,0,0,2,0,0,.000,.000,.000,.000
Charlie C Tilson,CWS,1,2,0,1,0,0,0,0,0,0,0,0,.500,.500,.500,1.000
Andrew A Triggs,OAK,1,2,0,0,0,0,0,0,0,2,0,0,.000,.000,.000,.000
Nick N Tropeano,LAA,1,2,0,0,0,0,0,0,0,1,0,0,.000,.000,.000,.000
Chin-hui C Tsao,LAD,1,0,0,0,0,0,0,0,0,0,0,0,.000,.000,.000,.000
J. B. J Wendelken,OAK,1,0,0,0,0,0,0,0,0,0,0,0,.000,.000,.000,.000
Tyler T Wilson,BAL,1,0,0,0,0,0,0,0,0,0,0,0,.000,.000,.000,.000
Alex A Wimmers,MIN,1,0,0,0,0,0,0,0,0,0,0,0,.000,.000,.000,.000
Mike M Wright Jr.,BAL,1,0,0,0,0,0,0,0,0,0,0,0,.000,.000,.000,.000
Michael M Ynoa,CWS,1,0,0,0,0,0,0,0,0,0,0,0,.000,.000,.000,.000
