PLAYER,TEAM,AB,R,H,2B,3B,HR,RBI,BB,SO,SB,CS,AVG,OBP,SLG,OPS
Starling S Marte C,MIA,61,228,36,64,14,1,6,27,12,41,10,2,.281,.340,.430,.770
Jose J Abreu,CWS,60,240,43,76,15,0,19,60,18,59,0,0,.317,.370,.617,.987
Nick N Castellanos R,CIN,60,218,37,49,11,2,14,34,19,69,0,2,.225,.298,.486,.784
Maikel M Franco,KC,60,223,23,62,16,0,8,38,16,38,1,0,.278,.321,.457,.778
Freddie F Freeman,ATL,60,214,51,73,23,1,13,53,45,37,2,0,.341,.462,.640,1.102
Didi D Gregorius S,PHI,60,215,34,61,10,2,10,40,15,28,3,2,.284,.339,.488,.827
Vladimir V Guerrero Jr.,TOR,60,221,34,58,13,2,9,33,20,38,1,0,.262,.329,.462,.791
Francisco F Lindor S,CLE,60,236,30,61,13,0,8,27,24,41,6,2,.258,.335,.415,.750
Manny M Machado,SD,60,224,44,68,12,1,16,47,26,37,6,3,.304,.370,.580,.950
Whit W Merrifield R,KC,60,248,38,70,12,0,9,30,12,33,12,3,.282,.325,.440,.764
Matt M Olson,OAK,60,210,28,41,4,1,14,42,34,77,1,0,.195,.310,.424,.734
Marcell M Ozuna D,ATL,60,228,38,77,14,0,18,56,38,60,0,0,.338,.431,.636,1.067
Carlos C Santana,CLE,60,206,34,41,7,0,8,30,47,43,0,0,.199,.349,.350,.698
Kyle K Seager,SEA,60,203,35,49,12,0,9,40,32,33,5,0,.241,.355,.433,.788
Dansby D Swanson S,ATL,60,237,49,65,15,0,10,35,22,71,5,0,.274,.345,.464,.809
Brian B Anderson,MIA,59,200,27,51,7,1,11,38,22,66,0,0,.255,.345,.465,.810
Orlando O Arcia S,MIL,59,173,22,45,10,1,5,20,14,32,2,0,.260,.317,.416,.734
Javier J Báez Baez S,CHC,59,222,27,45,9,1,8,24,7,75,3,0,.203,.238,.360,.599
Cavan C Biggio,TOR,59,220,41,55,16,0,8,28,41,61,6,0,.250,.375,.432,.807
Charlie C Blackmon R,COL,59,221,31,67,12,1,6,42,19,44,2,1,.303,.356,.448,.804
Mark M Canha D,OAK,59,191,32,47,12,2,5,33,37,54,4,0,.246,.387,.408,.795
Trent T Grisham C,SD,59,215,42,54,8,3,10,26,31,64,10,1,.251,.352,.456,.808
Keston K Hiura,MIL,59,217,30,46,4,0,13,32,16,85,3,2,.212,.297,.410,.707
Adalberto A Mondesi S,KC,59,219,33,56,11,3,6,22,11,70,24,8,.256,.294,.416,.710
Franmil F Reyes D,CLE,59,211,27,58,10,0,9,34,24,69,0,0,.275,.344,.450,.795
Kyle K Schwarber L,CHC,59,191,30,36,6,0,11,24,30,66,1,0,.188,.308,.393,.701
Trevor T Story S,COL,59,235,41,68,13,4,11,28,24,63,15,3,.289,.355,.519,.874
Fernando F Tatis Jr. S,SD,59,224,50,62,11,2,17,45,27,61,11,3,.277,.366,.571,.937
Trea T Turner S,WSH,59,233,46,78,15,4,12,41,22,36,12,4,.335,.394,.588,.982
Carlos C Correa S,HOU,58,201,22,53,9,0,5,25,16,49,0,0,.264,.326,.383,.709
Adam A Frazier,PIT,58,209,22,48,7,0,7,23,17,35,1,3,.230,.297,.364,.661
Paul P Goldschmidt,STL,58,191,31,58,13,0,6,21,37,43,1,0,.304,.417,.466,.883
Bryce B Harper R,PHI,58,190,41,51,9,2,13,33,49,43,8,2,.268,.420,.542,.962
Cesar C Hernández,CLE,58,233,35,66,20,0,3,20,24,57,0,0,.283,.355,.408,.763
Isiah I Kiner- Falefa,TEX,58,211,28,59,4,3,3,10,14,32,8,5,.280,.329,.370,.699
Kyle K Lewis C,SEA,58,206,37,54,3,0,11,28,34,71,5,1,.262,.364,.437,.800
Max M Muncy,LAD,58,203,36,39,4,0,12,27,39,60,1,0,.192,.331,.389,.720
Jose J Ramírez,CLE,58,219,45,64,16,1,17,46,31,43,10,3,.292,.386,.607,.993
Anthony A Rizzo,CHC,58,203,26,45,6,0,11,24,28,38,3,1,.222,.342,.414,.755
Nick N Solak L,TEX,58,209,27,56,10,0,2,23,18,42,7,1,.268,.326,.344,.671
Kyle K Tucker L,HOU,58,209,33,56,12,6,9,42,18,46,8,1,.268,.325,.512,.836
Christian C Yelich L,MIL,58,200,39,41,7,1,12,22,46,76,4,2,.205,.356,.430,.786
Nick N Ahmed S,ARI,57,199,29,53,10,1,5,29,18,46,4,0,.266,.327,.402,.729
Pete P Alonso,NYM,57,208,31,48,6,0,16,35,24,61,1,0,.231,.326,.490,.817
Josh J Bell,PIT,57,195,22,44,3,0,8,22,22,59,0,0,.226,.305,.364,.669
Miguel M Cabrera D,DET,57,204,28,51,4,0,10,35,24,51,1,0,.250,.329,.417,.746
Willson W Contreras,CHC,57,189,37,46,10,0,7,26,20,57,1,2,.243,.356,.407,.763
Rafael R Devers,BOS,57,232,32,61,16,1,11,43,13,67,0,0,.263,.310,.483,.793
Adam A Duvall L,ATL,57,190,34,45,8,0,16,33,15,54,0,0,.237,.301,.532,.833
Joey J Gallo R,TEX,57,193,23,35,8,0,10,26,29,79,2,0,.181,.301,.378,.679
Lourdes L Gurriel Jr.,TOR,57,208,28,64,14,0,11,33,14,48,3,1,.308,.348,.534,.882
Yuli Y Gurriel,HOU,57,211,27,49,12,1,6,22,12,27,0,1,.232,.274,.384,.658
Ian I Happ C,CHC,57,198,27,51,11,1,12,28,30,63,1,3,.258,.361,.505,.866
Andrew A Mc Cutchen L,PHI,57,217,32,55,9,0,10,34,22,48,4,0,.253,.324,.433,.757
Victor V Reyes C,DET,57,202,30,56,7,2,4,14,9,45,8,2,.277,.315,.391,.706
Eddie E Rosario L,MIN,57,210,31,54,7,0,13,42,19,34,3,1,.257,.316,.476,.792
Eugenio E Suárez,CIN,57,198,29,40,8,0,15,38,30,67,2,0,.202,.312,.470,.781
Christian C Walker,ARI,57,218,35,59,18,1,7,34,19,50,1,1,.271,.333,.459,.792
Cody C Bellinger,LAD,56,213,33,51,10,0,12,30,30,42,6,1,.239,.333,.455,.789
Xander X Bogaerts S,BOS,56,203,36,61,8,0,11,28,21,41,8,0,.300,.364,.502,.867
J. D. J Davis,NYM,56,190,26,47,9,0,6,19,31,56,0,0,.247,.371,.389,.761
Nicky N Lopez,KC,56,169,15,34,8,0,1,13,18,41,0,5,.201,.286,.266,.552
Brandon B Lowe,TB,56,193,36,52,9,2,14,37,25,58,3,0,.269,.362,.554,.916
Jurickson J Profar L,SD,56,180,28,50,6,0,7,25,15,28,7,1,.278,.343,.428,.771
Josh J Reddick R,HOU,56,188,22,46,11,1,4,23,20,42,1,0,.245,.316,.378,.693
Luis L Robert C,CWS,56,202,33,47,8,0,11,31,20,73,9,2,.233,.302,.436,.738
Chris C Taylor S,LAD,56,185,30,50,10,2,8,32,26,55,3,2,.270,.366,.476,.842
Luke L Voit,NYY,56,213,41,59,5,0,22,52,17,54,0,0,.277,.338,.610,.948
Mookie M Betts R,LAD,55,219,47,64,9,1,16,39,24,38,10,2,.292,.366,.562,.928
Jackie J Bradley C,BOS,55,191,32,54,11,0,7,22,23,48,5,2,.283,.364,.450,.814
Tommy T Edman,STL,55,204,29,51,7,1,5,26,16,48,2,4,.250,.317,.368,.685
Wilmer W Flores D,SF,55,198,30,53,11,1,12,32,13,36,1,0,.268,.315,.515,.830
Randal R Grichuk C,TOR,55,216,38,59,9,0,12,35,13,49,1,1,.273,.312,.481,.793
Eloy E Jiménez Jimenez L,CWS,55,213,26,63,14,0,14,41,12,56,0,0,.296,.332,.559,.890
Tommy T La Stella,OAK,55,196,31,55,14,2,5,25,27,12,1,0,.281,.370,.449,.819
Wil W Myers R,SD,55,198,34,57,14,2,15,40,18,56,2,1,.288,.353,.606,.959
Brandon B Nimmo C,NYM,55,186,33,52,8,3,8,18,33,43,1,2,.280,.404,.484,.888
Jorge J Polanco S,MIN,55,209,22,54,8,0,4,19,13,35,4,2,.258,.304,.354,.658
A J Pollock L,LAD,55,196,30,54,9,0,16,34,12,45,2,2,.276,.314,.566,.881
Bryan B Reynolds L,PIT,55,185,24,35,6,2,7,19,21,57,1,1,.189,.275,.357,.632
Willy W Adames S,TB,54,185,29,48,15,1,8,23,20,74,2,1,.259,.332,.481,.813
Shogo S Akiyama L,CIN,54,155,16,38,6,1,0,9,25,34,7,3,.245,.357,.297,.654
Hanser H Alberto,BAL,54,219,35,62,15,0,3,22,5,30,3,0,.283,.306,.393,.698
Kole K Calhoun R,ARI,54,190,35,43,9,0,16,40,28,50,1,1,.226,.338,.526,.864
Michael M Conforto R,NYM,54,202,40,65,12,0,9,31,24,57,3,3,.322,.412,.515,.927
Brandon B Crawford S,SF,54,172,26,44,12,0,8,28,15,47,1,2,.256,.326,.465,.792
Jake J Cronenworth,SD,54,172,26,49,15,3,4,20,18,30,3,1,.285,.354,.477,.831
Mauricio M Dubón Dubon C,SF,54,157,21,43,4,1,4,19,15,36,2,3,.274,.337,.389,.726
Eduardo E Escobar,ARI,54,203,22,43,7,3,4,20,15,41,1,0,.212,.270,.335,.605
Aaron A Hicks C,NYY,54,169,28,38,10,2,6,21,41,38,4,1,.225,.379,.414,.793
Ramon R Laureano C,OAK,54,183,27,39,8,1,6,25,24,58,2,1,.213,.338,.366,.704
J. D. J Martinez D,BOS,54,211,22,45,16,0,7,27,22,59,1,0,.213,.291,.389,.680
David D Peralta L,ARI,54,203,19,61,10,1,5,34,13,45,1,0,.300,.339,.433,.773
Kevin K Pillar C,COL,54,208,34,60,12,3,6,26,13,41,5,2,.288,.336,.462,.798
Rio R Ruiz,BAL,54,185,25,41,11,0,9,32,17,46,1,2,.222,.286,.427,.713
Jean J Segura,PHI,54,192,28,51,5,2,7,25,23,45,2,2,.266,.347,.422,.769
Donovan D Solano,SF,54,190,22,62,15,1,3,29,10,39,0,0,.326,.365,.463,.828
Joey J Votto,CIN,54,186,32,42,8,0,11,22,37,43,0,0,.226,.354,.446,.800
Evan E White,SEA,54,182,19,32,7,0,8,26,18,84,1,2,.176,.252,.346,.599
Jesse J Winker D,CIN,54,149,27,38,7,0,12,23,28,46,1,0,.255,.388,.544,.932
Mike M Yastrzemski C,SF,54,192,39,57,14,4,10,35,30,55,2,1,.297,.400,.568,.968
J. P. J Crawford S,SEA,53,204,33,52,7,2,2,24,23,39,6,3,.255,.336,.338,.674
Nelson N Cruz D,MIN,53,185,33,56,6,0,16,33,25,58,0,0,.303,.397,.595,.992
Avisail A García Garcia C,MIL,53,181,20,43,10,0,2,15,20,49,1,3,.238,.333,.326,.659
Marwin M Gonzalez,MIN,53,175,15,37,4,0,5,22,17,41,0,0,.211,.286,.320,.606
Garrett G Hampson,COL,53,167,25,39,4,3,5,11,13,60,6,1,.234,.287,.383,.670
Evan E Longoria,SF,53,193,26,49,10,1,7,28,11,39,0,1,.254,.297,.425,.722
Miguel M Sanó,MIN,53,186,31,38,12,0,13,25,18,90,0,0,.204,.278,.478,.756
Marcus M Semien S,OAK,53,211,28,47,9,1,7,23,25,50,4,0,.223,.305,.374,.680
Mike M Trout C,LAA,53,199,41,56,9,2,17,46,35,56,1,1,.281,.390,.603,.993
Alex A Verdugo R,BOS,53,201,36,62,16,0,6,15,17,45,4,0,.308,.367,.478,.844
Kolten K Wong,STL,53,181,26,48,4,2,1,16,20,30,5,2,.265,.350,.326,.676
Asdrubal A Cabrera,WSH,52,190,23,46,9,3,8,31,19,40,0,0,.242,.305,.447,.752
Jeimer J Candelario,DET,52,185,30,55,11,3,7,29,20,49,1,1,.297,.369,.503,.872
Alex A Dickerson L,SF,52,151,28,45,10,1,10,27,16,30,0,0,.298,.371,.576,.947
Corey C Dickerson L,MIA,52,194,25,50,5,1,7,17,15,35,1,1,.258,.311,.402,.713
Ryan R Mc Mahon,COL,52,172,23,37,6,1,9,26,18,66,0,1,.215,.295,.419,.714
Jeff J Mc Neil L,NYM,52,183,19,57,14,0,4,23,20,24,0,2,.311,.383,.454,.836
Yoan Y Moncada,CWS,52,200,28,45,8,3,6,24,28,72,0,0,.225,.320,.385,.705
Colin C Moran D,PIT,52,178,28,44,10,0,10,23,19,52,0,0,.247,.325,.472,.797
Renato R Núñez,BAL,52,195,29,50,10,0,12,31,17,64,0,0,.256,.324,.492,.816
Anthony A Rendon,LAA,52,189,29,54,11,1,9,31,38,31,0,0,.286,.418,.497,.916
Victor V Robles C,WSH,52,168,20,37,5,1,3,15,9,53,4,1,.220,.293,.315,.608
Corey C Seager S,LAD,52,212,38,65,12,1,15,41,17,37,1,0,.307,.358,.585,.943
Pat P Valaika S,BAL,52,141,24,39,4,0,8,16,8,34,0,2,.277,.315,.475,.791
Jonathan J Villar,TOR,52,185,13,43,5,0,2,15,19,54,16,5,.232,.301,.292,.593
Tyler T Wade,NYY,52,88,19,15,3,0,3,10,12,22,4,1,.170,.288,.307,.595
Jesus J Aguilar,MIA,51,188,31,52,10,0,8,34,23,40,0,1,.277,.352,.457,.809
Brandon B Belt,SF,51,149,25,46,13,1,9,30,30,36,0,0,.309,.425,.591,1.015
Robbie R Grossman L,OAK,51,166,23,40,12,2,8,23,21,38,8,1,.241,.344,.482,.826
Austin A Riley,ATL,51,188,24,45,7,1,8,27,16,49,0,0,.239,.301,.415,.716
George G Springer C,HOU,51,189,37,50,6,2,14,32,24,38,1,2,.265,.359,.540,.899
Raimel R Tapia L,COL,51,184,26,59,8,2,1,17,14,38,8,2,.321,.369,.402,.772
Yoshi Y Tsutsugo D,TB,51,157,27,31,5,1,8,24,26,50,0,0,.197,.314,.395,.708
Harrison H Bader C,STL,50,106,21,24,7,2,4,11,13,40,3,1,.226,.336,.443,.779
Matt M Carpenter,STL,50,140,22,26,6,0,4,24,23,48,0,0,.186,.325,.314,.640
Erik E González Gonzalez S,PIT,50,181,14,41,13,1,3,20,8,51,2,3,.227,.255,.359,.614
Brian B Goodwin C,CIN,50,144,17,31,9,1,6,22,17,54,5,0,.215,.299,.417,.715
Alex A Gordon L,KC,50,163,15,34,4,0,4,11,18,37,0,0,.209,.299,.307,.606
Teoscar T Hernández Hernandez R,TOR,50,190,33,55,7,0,16,34,14,63,6,1,.289,.340,.579,.919
Jason J Heyward R,CHC,50,147,20,39,6,2,6,22,30,37,2,0,.265,.392,.456,.848
D J Le Mahieu,NYY,50,195,41,71,10,2,10,27,18,21,3,0,.364,.421,.590,1.011
Tyler T O' Neill L,STL,50,139,20,24,5,0,7,19,15,43,3,1,.173,.261,.360,.621
Gregory G Polanco R,PIT,50,157,12,24,6,0,7,22,13,65,3,1,.153,.214,.325,.539
Travis T Shaw,TOR,50,163,17,39,10,0,6,17,16,50,0,0,.239,.306,.411,.717
Dominic Do Smith,NYM,50,177,27,56,21,1,10,42,14,45,0,0,.316,.377,.616,.993
Joey J Wendle,TB,50,168,24,48,9,2,4,17,10,35,8,2,.286,.342,.435,.777
Tim T Anderson S,CWS,49,208,45,67,11,1,10,21,10,50,5,2,.322,.357,.529,.886
Robinson R Canó,NYM,49,171,23,54,9,0,10,30,9,24,0,0,.316,.352,.544,.896
David D Fletcher S,LAA,49,207,31,66,13,0,3,18,20,25,2,1,.319,.376,.425,.801
Brett B Gardner L,NYY,49,130,20,29,5,1,5,15,26,35,3,3,.223,.354,.392,.747
Andres A Gimenez S,NYM,49,118,22,31,3,2,3,12,7,28,8,1,.263,.333,.398,.732
Tony T Kemp,OAK,49,93,15,23,5,0,0,4,15,14,3,1,.247,.363,.301,.664
Kevin K Kiermaier C,TB,49,138,16,30,5,3,3,22,20,42,8,1,.217,.321,.362,.683
Gary G Sánchez Sanchez,NYY,49,156,19,23,4,0,10,24,18,64,0,0,.147,.253,.365,.618
Jose J Altuve,HOU,48,192,32,42,9,0,5,18,17,39,2,3,.219,.286,.344,.630
Nolan N Arenado,COL,48,182,23,46,9,0,8,26,15,20,0,0,.253,.303,.434,.738
Enrique K Hernández,LAD,48,139,20,32,8,1,5,20,6,31,0,1,.230,.270,.410,.680
Nico N Hoerner,CHC,48,108,19,24,4,0,0,13,12,24,3,2,.222,.312,.259,.571
Max M Kepler R,MIN,48,171,27,39,9,0,9,23,22,36,3,0,.228,.321,.439,.760
Brad B Miller D,STL,48,142,21,33,8,1,7,25,25,46,1,0,.232,.357,.451,.807
Cedric C Mullins,BAL,48,140,16,38,4,3,3,12,8,37,7,2,.271,.315,.407,.723
Austin A Nola,SD,48,161,24,44,9,1,7,28,18,34,0,0,.273,.353,.472,.825
Pedro P Severino,BAL,48,160,17,40,5,1,5,21,16,40,1,0,.250,.322,.388,.710
Lewis L Brinson R,MIA,47,106,14,24,6,0,3,12,6,30,4,0,.226,.268,.368,.636
Freddy F Galvis S,CIN,47,141,18,31,5,0,7,16,13,30,1,1,.220,.308,.404,.712
Martin M Maldonado,HOU,47,135,19,29,4,0,6,24,27,51,1,0,.215,.350,.378,.728
Manuel M Margot C,TB,47,145,19,39,9,0,1,11,13,25,12,4,.269,.327,.352,.679
J. T. J Realmuto,PHI,47,173,33,46,6,0,11,32,16,48,4,1,.266,.349,.491,.840
Juan J Soto L,WSH,47,154,39,54,14,0,13,37,41,28,6,2,.351,.490,.695,1.185
Christian C Vázquez Vazquez,BOS,47,173,22,49,9,0,7,23,16,43,4,3,.283,.344,.457,.801
Ronald R Acuña Acuna C,ATL,46,160,46,40,11,0,14,29,38,60,8,1,.250,.406,.581,.987
Michael M Brantley D,HOU,46,170,24,51,15,0,5,22,17,28,2,0,.300,.364,.476,.840
Yasmani Y Grandal,CWS,46,161,27,37,7,0,8,27,30,58,0,0,.230,.351,.422,.773
Ender E Inciarte C,ATL,46,116,17,22,2,1,1,10,12,25,4,1,.190,.262,.250,.512
Matt M Joyce R,MIA,46,127,16,32,4,0,2,14,20,41,1,0,.252,.351,.331,.682
Tim T Lopes D,SEA,46,143,16,34,12,0,2,15,6,34,5,0,.238,.278,.364,.642
Amed A Rosario S,NYM,46,143,20,36,3,1,4,15,4,34,0,1,.252,.272,.371,.643
David D Bote,CHC,45,125,15,25,3,1,7,29,17,40,2,0,.200,.303,.408,.711
Paul P De Jong S,STL,45,152,17,38,6,0,3,25,17,50,1,0,.250,.322,.349,.670
Todd T Frazier,NYM,45,157,16,37,9,1,4,12,11,42,1,1,.236,.302,.382,.684
Ketel K Marte,ARI,45,181,19,52,14,1,2,17,7,21,1,0,.287,.323,.409,.732
Stephen S Piscotty R,OAK,45,159,17,36,6,0,5,29,9,53,4,0,.226,.271,.358,.629
Wilson W Ramos,NYM,45,142,13,34,6,0,5,15,10,31,0,0,.239,.297,.387,.684
Ehire E Adrianza,MIN,44,89,10,17,7,0,0,3,11,23,1,0,.191,.287,.270,.557
Alec A Bohm,PHI,44,160,24,54,11,0,4,23,16,36,1,1,.338,.400,.481,.881
Victor V Caratini D,CHC,44,116,10,28,7,0,1,16,12,31,0,1,.241,.333,.328,.661
Hunter H Dozier,KC,44,158,29,36,4,2,6,12,27,48,4,0,.228,.344,.392,.736
Edwin E Encarnación Encarnacion D,CWS,44,159,19,25,5,0,10,19,16,54,0,0,.157,.250,.377,.627
Jason J Kipnis,CHC,44,114,13,27,8,1,3,16,18,41,1,0,.237,.341,.404,.744
Mike M Moustakas,CIN,44,139,13,32,9,0,8,27,18,36,1,0,.230,.331,.468,.799
Kevin K Newman S,PIT,44,156,12,35,5,0,1,10,12,21,0,1,.224,.281,.276,.556
Shohei S Ohtani D,LAA,44,153,23,29,6,0,7,24,22,50,7,1,.190,.291,.366,.657
Jonathan J Schoop,DET,44,162,26,45,4,2,8,23,8,39,0,0,.278,.324,.475,.799
Travis Td' Arnaudd' Arnaud,ATL,44,165,19,53,8,0,9,34,16,50,1,0,.321,.386,.533,.919
Ty T France,SEA,43,141,19,43,9,1,4,23,11,37,0,0,.305,.368,.468,.836
Niko N Goodrum S,DET,43,158,15,29,7,1,5,20,18,69,7,1,.184,.263,.335,.598
Danny D Jansen,TOR,43,120,18,22,3,0,6,20,21,31,0,0,.183,.313,.358,.671
Matt M Kemp D,COL,43,117,18,28,3,0,6,21,15,41,1,0,.239,.326,.419,.745
Sean S Murphy,OAK,43,116,21,27,5,0,7,14,24,37,0,0,.233,.364,.457,.821
Joc J Pederson L,LAD,43,121,21,23,4,0,7,16,11,34,1,0,.190,.285,.397,.681
Eric E Sogard,MIL,43,115,10,24,5,0,1,10,11,20,0,0,.209,.281,.278,.560
Jorge J Soler D,KC,43,149,17,34,8,0,8,24,19,60,0,0,.228,.326,.443,.768
Mike M Tauchman L,NYY,43,95,18,23,6,0,0,14,14,26,6,0,.242,.342,.305,.648
Gio G Urshela,NYY,43,151,24,45,11,0,6,30,18,25,1,0,.298,.368,.490,.858
Alex A Bregman,HOU,42,153,19,37,12,1,6,22,24,26,0,0,.242,.350,.451,.801
Jake J Cave C,MIN,42,113,17,25,3,2,4,15,5,44,0,2,.221,.285,.389,.674
Michael M Chavis,BOS,42,146,16,31,5,2,5,19,8,50,3,0,.212,.259,.377,.636
Ji- Man J Choi,TB,42,122,16,28,13,0,3,16,20,36,0,0,.230,.331,.410,.741
Jedd J Gyorko,MIL,42,117,19,29,3,0,9,17,15,38,0,0,.248,.333,.504,.838
Nomar N Mazara R,CWS,42,136,13,31,6,0,1,15,10,44,0,1,.228,.295,.294,.589
Yadier Y Molina,STL,42,145,12,38,2,0,4,16,6,21,0,0,.262,.303,.359,.662
Mitch M Moreland,SD,42,136,22,36,9,0,10,29,15,32,0,0,.265,.342,.551,.894
Ryan R O' Hearn,KC,42,113,7,22,6,0,2,18,18,37,0,0,.195,.303,.301,.604
Hunter H Renfroe R,TB,42,122,18,19,5,0,8,22,14,37,2,0,.156,.252,.393,.645
Jacob J Stallings,PIT,42,125,13,31,7,0,3,18,15,40,0,0,.248,.326,.376,.702
Gleyber G Torres S,NYY,42,136,17,33,8,0,3,16,22,28,1,0,.243,.356,.368,.724
Justin J Turner,LAD,42,150,26,46,9,1,4,23,18,26,1,0,.307,.400,.460,.860
Justin J Upton L,LAA,42,147,20,30,5,0,9,22,11,43,0,2,.204,.289,.422,.711
Tony T Wolters,COL,42,100,10,23,4,0,0,8,6,30,0,0,.230,.280,.270,.550
Adam A Eaton R,WSH,41,159,22,36,11,1,4,17,12,32,3,0,.226,.285,.384,.668
Rhys R Hoskins,PHI,41,151,35,37,9,0,10,26,29,43,1,0,.245,.384,.503,.887
Joe J Panik,TOR,41,120,18,27,6,0,1,7,20,27,0,0,.225,.340,.300,.640
Roman R Quinn C,PHI,41,108,14,23,3,1,2,7,5,39,12,0,.213,.261,.315,.576
Eric E Thames,WSH,41,123,10,25,5,0,3,12,14,42,1,0,.203,.300,.317,.617
Luis L Urías,MIL,41,109,11,26,4,1,0,11,10,32,2,2,.239,.308,.294,.602
Ben B Gamel R,MIL,40,114,13,27,8,1,3,10,13,39,0,2,.237,.315,.404,.718
Luis L García,WSH,40,134,18,37,6,0,2,16,5,29,1,1,.276,.302,.366,.668
Adam A Haseley C,PHI,40,79,7,22,5,0,0,13,7,17,0,0,.278,.348,.342,.690
Daniel D Murphy,COL,40,123,10,29,3,0,3,16,7,21,0,0,.236,.275,.333,.608
Tyler T Naquin R,CLE,40,133,15,29,8,1,4,20,5,40,0,1,.218,.248,.383,.632
Omar O Narváez Narvaez,MIL,40,108,8,19,4,0,2,10,16,39,0,0,.176,.294,.269,.562
Josh J Naylor L,CLE,40,97,13,24,3,1,1,6,5,12,1,0,.247,.291,.330,.621
Miguel M Rojas S,MIA,40,125,20,38,10,1,4,20,16,18,5,1,.304,.392,.496,.888
Darin D Ruf L,SF,40,87,11,24,6,0,5,18,13,23,1,0,.276,.370,.517,.887
Andrew A Velazquez S,BAL,40,63,11,10,1,1,0,3,10,23,4,2,.159,.274,.206,.480
Jon J Berti,MIA,39,120,21,31,5,0,2,14,23,37,9,2,.258,.388,.350,.738
Ryan R Braun,MIL,39,129,14,30,7,1,8,26,7,27,1,0,.233,.281,.488,.769
Byron B Buxton C,MIN,39,130,19,33,3,0,13,27,2,36,2,1,.254,.267,.577,.844
Clint C Frazier R,NYY,39,131,24,35,6,1,8,26,25,44,3,0,.267,.394,.511,.905
Phil P Gosselin D,PHI,39,92,14,23,5,0,3,12,10,27,0,0,.250,.324,.402,.726
Jose J Iglesias S,BAL,39,142,16,53,17,0,3,24,3,17,0,0,.373,.400,.556,.956
Carson C Kelly,ARI,39,122,11,27,5,0,5,19,6,29,0,0,.221,.264,.385,.649
Albert A Pujols,LAA,39,152,15,34,8,0,6,25,9,25,0,0,.224,.270,.395,.665
Daniel D Vogelbach,MIL,39,115,16,24,3,0,6,16,20,33,0,0,.209,.331,.391,.722
Jo Adell R,LAA,38,124,9,20,4,0,3,7,7,55,0,1,.161,.212,.266,.478
Tucker T Barnhart,CIN,38,98,10,20,3,0,5,13,12,28,0,0,.204,.291,.388,.679
Eric E Hosmer,SD,38,143,23,41,6,0,9,36,9,28,4,0,.287,.333,.517,.851
Dylan D Moore L,SEA,38,137,26,35,9,0,8,17,14,43,12,5,.255,.358,.496,.855
Rougned R Odor,TEX,38,138,15,23,4,0,10,30,7,47,0,1,.167,.209,.413,.622
Michael M Perez,TB,38,84,7,14,3,0,1,13,7,27,0,0,.167,.237,.238,.475
Michael A. M Taylor L,WSH,38,92,11,18,6,0,5,16,6,27,0,0,.196,.253,.424,.676
Matt M Chapman,OAK,37,142,22,33,9,2,10,25,8,54,0,0,.232,.276,.535,.812
Delino D De Shields C,CLE,37,107,10,27,3,2,0,7,9,29,3,2,.252,.310,.318,.628
Phillip P Ervin R,SEA,37,74,10,11,3,0,0,4,14,22,1,0,.149,.292,.189,.481
Nick N Markakis R,ATL,37,130,15,33,15,0,1,15,10,23,0,1,.254,.312,.392,.704
Salvador S Perez,KC,37,150,22,50,12,0,11,32,3,36,1,0,.333,.353,.633,.986
Austin Au Romine,DET,37,130,12,31,5,0,2,17,4,47,0,0,.238,.259,.323,.582
Anthony A Santander R,BAL,37,153,24,40,13,1,11,32,10,25,0,1,.261,.315,.575,.890
Will W Smith,LAD,37,114,23,33,9,0,8,25,20,22,0,0,.289,.401,.579,.980
Cole C Tucker,PIT,37,109,17,24,3,0,1,8,5,31,1,0,.220,.252,.275,.527
Daulton D Varsho C,ARI,37,101,16,19,5,2,3,9,12,33,3,1,.188,.287,.366,.653
Mike M Brosseau,TB,36,86,12,26,5,1,5,12,8,31,2,0,.302,.378,.558,.936
Willi W Castro S,DET,36,129,21,45,4,2,6,24,7,38,0,1,.349,.381,.550,.932
Adam A Engel R,CWS,36,88,11,26,5,1,3,12,3,19,1,0,.295,.333,.477,.811
Sam S Hilliard L,COL,36,105,13,22,2,2,6,10,9,42,3,0,.210,.272,.438,.710
Brock B Holt L,WSH,36,95,12,20,6,0,0,5,9,24,1,0,.211,.283,.274,.557
Scott S Kingery,PHI,36,113,12,18,5,0,3,6,9,35,0,0,.159,.228,.283,.511
Ryan R Mc Broom,KC,36,81,8,20,3,0,6,10,4,30,0,0,.247,.282,.506,.788
Austin A Meadows L,TB,36,132,19,27,8,1,4,13,17,50,2,1,.205,.296,.371,.667
Oscar O Mercado C,CLE,36,86,6,11,1,0,1,6,5,27,3,0,.128,.174,.174,.348
Chance C Sisco,BAL,36,98,11,21,4,0,4,10,17,41,0,0,.214,.364,.378,.741
Justin J Smoak D,SF,36,119,14,21,7,0,5,15,10,42,0,0,.176,.250,.361,.611
Christin C Stewart L,DET,36,90,6,15,3,0,3,9,5,30,0,0,.167,.224,.300,.524
Johan J Camargo,ATL,35,120,16,24,8,0,4,9,6,35,0,0,.200,.244,.367,.611
Dylan D Carlson R,STL,35,110,11,22,7,1,3,16,8,35,1,1,.200,.252,.364,.616
Greg G Garcia,SD,35,60,6,12,3,0,0,11,7,18,1,0,.200,.279,.250,.529
Austin A Hedges,CLE,35,69,7,10,1,0,3,6,6,23,1,1,.145,.231,.290,.521
Jose J Marmolejos L,SEA,35,107,12,22,4,0,6,18,7,32,0,1,.206,.261,.411,.672
Ryan R Mountcastle L,BAL,35,126,12,42,5,0,5,23,11,30,0,1,.333,.386,.492,.878
Brett B Phillips R,TB,35,51,10,10,0,2,2,5,8,15,6,1,.196,.305,.392,.697
Bubba B Starling C,KC,35,59,5,10,1,0,1,5,4,27,0,0,.169,.219,.237,.456
Rowdy R Tellez,TOR,35,113,20,32,5,0,8,23,11,20,0,1,.283,.346,.540,.886
Kris K Bryant,CHC,34,131,20,27,5,1,4,11,12,40,0,0,.206,.293,.351,.644
Garrett G Cooper D,MIA,34,120,20,34,8,0,6,20,11,31,0,0,.283,.353,.500,.853
Yandy Y Díaz,TB,34,114,16,35,3,0,2,11,23,17,0,0,.307,.428,.386,.814
Shed S Long Jr.,SEA,34,117,10,20,5,0,3,9,11,37,4,0,.171,.242,.291,.533
Jose J Martínez Martinez,CHC,34,88,10,16,4,0,2,10,10,27,0,0,.182,.265,.295,.561
Isaac I Paredes,DET,34,100,7,22,4,0,1,6,8,24,0,0,.220,.278,.290,.568
Jose J Peraza,BOS,34,111,13,25,8,1,1,8,5,18,1,1,.225,.275,.342,.617
Pablo P Sandoval,ATL,34,84,5,18,1,0,1,6,8,19,0,0,.214,.287,.262,.549
Taylor T Ward R,LAA,34,94,16,26,6,2,0,5,8,28,2,0,.277,.333,.383,.716
Joey J Bart,SF,33,103,15,24,5,2,0,7,3,41,0,0,.233,.288,.320,.609
Shin- Soo S Choo L,TEX,33,110,13,26,3,0,5,15,13,33,6,2,.236,.323,.400,.723
Josh J Harrison,WSH,33,79,11,22,2,0,3,14,6,12,1,2,.278,.352,.418,.769
Austin A Hays C,BAL,33,122,20,34,2,0,4,9,8,25,2,3,.279,.328,.393,.722
Carter C Kieboom,WSH,33,99,15,20,1,0,0,9,17,33,0,1,.202,.344,.212,.556
Andrew A Knapp,PHI,33,72,9,20,4,1,2,15,15,19,0,0,.278,.404,.444,.849
Tim T Locastro C,ARI,33,69,15,20,4,1,2,7,8,14,4,0,.290,.395,.464,.859
Danny D Mendick,CWS,33,107,11,26,4,1,3,6,6,25,0,1,.243,.281,.383,.664
Luis L Rengifo,LAA,33,90,12,14,1,0,1,3,14,26,3,1,.156,.269,.200,.469
Dee D Strange- Gordon,SEA,33,75,12,15,1,0,0,3,5,13,3,2,.200,.268,.213,.482
Myles M Straw C,HOU,33,82,8,17,4,0,0,8,4,22,6,2,.207,.244,.256,.500
Kurt K Suzuki,WSH,33,111,15,30,8,0,2,17,11,19,1,0,.270,.349,.396,.745
Leody L Taveras C,TEX,33,119,20,27,6,1,4,6,14,43,8,0,.227,.308,.395,.703
Abraham A Toro,HOU,33,87,13,13,2,0,3,9,3,23,1,1,.149,.237,.276,.513
Luis L Arraez,MIN,32,112,16,36,9,0,0,13,8,11,0,0,.321,.364,.402,.765
Jay J Bruce D,PHI,32,96,11,19,4,2,6,14,7,24,0,0,.198,.252,.469,.721
Jarrod J Dyson,CWS,32,61,9,11,0,0,0,5,4,11,6,0,.180,.231,.180,.411
Kyle K Farmer S,CIN,32,64,4,17,3,0,0,4,5,13,1,0,.266,.329,.313,.641
Monte M Harrison C,MIA,32,47,8,8,1,0,1,3,4,26,6,0,.170,.235,.255,.491
Cameron C Maybin R,CHC,32,93,8,23,8,1,1,7,7,25,3,0,.247,.307,.387,.694
Roberto R Pérez Perez,CLE,32,97,6,16,2,0,1,5,11,38,0,0,.165,.264,.216,.480
Edwin E Rios,LAD,32,76,13,19,6,0,8,17,4,18,0,0,.250,.301,.645,.946
Jared J Walsh,LAA,32,99,19,29,4,2,9,26,5,15,0,0,.293,.324,.646,.970
Jorge J Alfaro,MIA,31,93,12,21,2,0,3,16,4,36,2,0,.226,.280,.344,.624
Curt C Casali,CIN,31,76,10,17,3,0,6,8,14,29,2,0,.224,.366,.500,.866
Dexter D Fowler R,STL,31,90,14,21,2,0,4,15,10,28,1,1,.233,.317,.389,.706
Billy B Hamilton C,CHC,31,32,10,4,0,0,1,2,2,7,6,2,.125,.171,.219,.390
Jake J Lamb,OAK,31,88,7,17,5,0,3,10,8,25,0,1,.193,.283,.352,.635
James J Mc Cann,CWS,31,97,20,28,3,0,7,15,8,30,1,1,.289,.360,.536,.896
Edward E Olivares C,KC,31,96,9,23,2,1,3,10,4,25,0,2,.240,.267,.375,.642
Tommy T Pham L,SD,31,109,13,23,2,0,3,12,15,27,6,0,.211,.312,.312,.624
Austin A Slater D,SF,31,85,18,24,2,1,5,7,16,22,8,1,.282,.408,.506,.914
Max M Stassi,LAA,31,90,12,25,2,0,7,20,11,21,0,0,.278,.352,.533,.886
D J Stewart R,BAL,31,88,13,17,2,0,7,15,20,38,0,0,.193,.355,.455,.809
Jorge J Bonifacio L,DET,30,86,8,19,3,0,2,17,5,26,0,0,.221,.277,.326,.602
Khris K Davis D,OAK,30,85,9,17,5,0,2,10,10,26,0,0,.200,.303,.329,.632
Joshua J Fuentes,COL,30,98,14,30,7,0,2,17,2,29,1,0,.306,.320,.439,.759
Yan Y Gomes,WSH,30,109,14,31,6,1,4,13,6,22,1,0,.284,.319,.468,.787
Ja Coby J Jones C,DET,30,97,19,26,9,0,5,14,7,34,1,1,.268,.333,.515,.849
Andrelton A Simmons S,LAA,30,118,19,35,7,0,0,10,8,16,2,0,.297,.346,.356,.702
Ozzie O Albies,ATL,29,118,21,32,5,0,6,19,5,30,3,1,.271,.306,.466,.773
Elvis E Andrus S,TEX,29,103,11,20,5,0,3,7,8,15,3,1,.194,.252,.330,.582
Austin A Barnes,LAD,29,86,14,21,3,0,1,9,13,24,3,0,.244,.353,.314,.667
Bo B Bichette S,TOR,29,123,18,37,9,1,5,23,5,27,4,1,.301,.328,.512,.840
Willie W Calhoun D,TEX,29,100,3,19,2,1,1,13,5,17,0,0,.190,.231,.260,.492
Mike M Ford,NYY,29,74,5,10,4,0,2,11,7,16,0,0,.135,.226,.270,.496
Luis L Guillorme,NYM,29,57,6,19,6,0,0,9,10,17,2,0,.333,.426,.439,.865
Jordan J Luplow L,CLE,29,78,8,15,5,1,2,8,12,19,0,1,.192,.304,.359,.663
Nick N Madrigal,CWS,29,103,8,35,3,0,0,11,4,7,2,1,.340,.376,.369,.745
Albert A Almora C,CHC,28,30,4,5,1,0,0,1,3,9,0,0,.167,.265,.200,.465
Drew D Butera,COL,28,39,4,6,2,0,0,4,2,11,0,0,.154,.190,.205,.396
Josh J Donaldson,MIN,28,81,14,18,2,0,6,11,18,24,0,0,.222,.373,.469,.842
Aaron A Judge R,NYY,28,101,23,26,3,0,9,22,10,32,0,1,.257,.336,.554,.891
Mike M Zunino,TB,28,75,8,11,4,0,4,10,6,37,0,0,.147,.238,.360,.598
Jason J Castro,SD,27,80,8,15,9,0,2,9,12,33,0,0,.188,.293,.375,.668
Adeiny A Hechavarria,ATL,27,59,7,15,3,0,0,2,4,12,0,0,.254,.302,.305,.607
Robinson R Chirinos,NYM,26,74,4,12,3,0,1,7,6,21,0,0,.162,.232,.243,.475
Elias E Díaz Diaz,COL,26,68,4,16,2,0,2,9,5,15,0,0,.235,.288,.353,.641
Santiago S Espinal,TOR,26,60,10,16,4,0,0,6,4,16,1,0,.267,.308,.333,.641
Thairo T Estrada,NYY,26,48,8,8,0,0,1,3,1,19,1,0,.167,.231,.229,.460
Ronald R Guzmán,TEX,26,78,10,19,1,1,4,9,7,24,1,0,.244,.314,.436,.750
Ryan R Jeffers,MIN,26,55,5,15,0,0,3,7,5,19,0,0,.273,.355,.436,.791
Tzu- Wei T Lin S,BOS,26,52,2,8,1,0,0,3,2,17,0,0,.154,.182,.173,.355
Jose J Osuna,PIT,26,78,6,16,3,0,4,11,4,16,0,1,.205,.244,.397,.641
Jace J Peterson R,MIL,26,45,6,9,1,0,2,5,15,20,1,0,.200,.393,.356,.749
Josh J Van Meter,ARI,26,70,9,9,3,0,2,6,7,24,1,0,.129,.228,.257,.485
Stephen S Vogt,ARI,26,72,6,12,5,0,1,7,8,18,0,0,.167,.247,.278,.525
Jonathan J Araúz,BOS,25,72,8,18,2,0,1,9,8,21,0,0,.250,.325,.319,.644
Derek D Dietrich,TEX,25,61,9,12,1,0,5,8,9,21,1,1,.197,.347,.459,.806
Cam C Gallagher,KC,25,53,10,15,5,0,1,3,6,11,0,0,.283,.356,.434,.790
Howie H Kendrick D,WSH,25,91,11,25,4,0,2,14,7,17,0,0,.275,.320,.385,.705
Sandy S Leon,CLE,25,66,4,9,1,0,2,4,14,21,0,0,.136,.296,.242,.539
John Ryan J Murphy,PIT,25,58,6,10,2,0,0,2,4,28,0,0,.172,.226,.207,.433
Luis L Torrens,SEA,25,70,5,18,5,0,1,6,7,15,0,0,.257,.325,.371,.696
Jose J Barrero S,CIN,24,67,4,13,0,0,0,2,1,26,1,1,.194,.206,.194,.400
David D Dahl C,COL,24,93,9,17,2,2,0,9,4,28,1,0,.183,.222,.247,.470
Mike M Freeman,CLE,24,38,5,9,3,0,0,3,3,11,0,0,.237,.302,.316,.618
Ke' Bryan K Hayes,PIT,24,85,17,32,7,2,5,11,9,20,1,0,.376,.442,.682,1.124
Scott S Heineman C,TEX,24,52,6,8,3,0,1,7,2,11,3,0,.154,.185,.269,.454
Vimael V Machín,OAK,24,63,11,13,2,0,0,0,8,10,0,0,.206,.296,.238,.534
Jeff J Mathis,TEX,24,62,6,10,1,1,3,9,5,24,1,0,.161,.221,.355,.575
Chad C Pinder,OAK,24,56,8,13,3,0,2,8,5,13,0,0,.232,.295,.393,.688
Kevin K Plawecki,BOS,24,82,8,28,5,1,1,17,5,14,1,0,.341,.393,.463,.857
Domingo D Santana R,CLE,24,70,6,11,3,0,2,12,13,25,0,0,.157,.298,.286,.583
Jose J Trevino,TEX,24,76,10,19,8,0,2,9,3,15,0,0,.250,.280,.434,.715
Chadwick C Tromp,SF,24,61,11,13,1,0,4,10,1,20,0,0,.213,.219,.426,.645
Ildemaro I Vargas,CHC,24,51,6,10,1,1,1,3,2,10,0,0,.196,.222,.314,.536
Aristides A Aquino L,CIN,23,47,7,8,1,0,2,8,6,18,1,0,.170,.304,.319,.623
Randy R Arozarena L,TB,23,64,15,18,2,0,7,11,6,22,4,0,.281,.382,.641,1.022
Alex A Avila,MIN,23,49,6,9,2,0,1,2,11,22,0,0,.184,.355,.286,.641
Bobby B Dalbec,BOS,23,80,13,21,3,0,8,16,10,39,0,0,.263,.359,.600,.959
Mitch M Garver,MIN,23,72,8,12,1,0,2,5,7,37,0,0,.167,.247,.264,.511
J T Riddle,PIT,23,67,8,10,2,0,1,1,2,13,1,0,.149,.174,.224,.398
Nick N Senzel C,CIN,23,70,8,13,6,0,2,8,6,15,2,1,.186,.247,.357,.604
Giancarlo G Stanton D,NYY,23,76,12,19,7,0,4,11,15,27,1,1,.250,.387,.500,.887
Anderson A Tejeda S,TEX,23,75,7,19,4,1,3,8,2,30,4,1,.253,.273,.453,.726
Harold H Castro L,DET,22,49,6,17,4,0,0,3,5,11,0,0,.347,.407,.429,.836
Tyler T Flowers,ATL,22,69,5,15,6,0,1,5,8,34,0,0,.217,.325,.348,.673
Jorge J Mateo,SD,22,26,4,4,3,0,0,2,1,11,1,0,.154,.185,.269,.454
Tyrone T Taylor R,MIL,22,38,6,9,4,0,2,6,2,8,0,0,.237,.293,.500,.793
Miguel M Andújar Andujar D,NYY,21,62,5,15,2,1,1,5,3,9,0,0,.242,.277,.355,.632
Franklin F Barreto,LAA,21,27,5,2,0,0,0,2,0,15,1,0,.074,.107,.074,.181
Matt M Beaty,LAD,21,50,8,11,1,0,2,5,2,14,0,0,.220,.278,.360,.638
Anthony A Bemboom,LAA,21,48,9,10,1,0,3,5,7,13,0,1,.208,.328,.417,.744
Jazz J Chisholm Jr.,MIA,21,56,8,9,1,1,2,6,5,19,2,2,.161,.242,.321,.563
Brandon B Drury,TOR,21,46,3,7,1,0,0,1,2,9,0,0,.152,.184,.174,.358
Steven S Duggar L,SF,21,34,3,6,2,0,0,3,1,11,1,0,.176,.222,.235,.458
Nathaniel N Lowe,TB,21,67,10,15,2,0,4,11,9,28,1,0,.224,.316,.433,.749
Jack J Mayfield,HOU,21,42,5,8,1,0,0,3,2,14,0,0,.190,.239,.214,.453
Dwight D Smith Jr. L,BAL,21,63,9,14,3,0,2,6,7,19,1,0,.222,.306,.365,.671
Matt M Davidson,CIN,20,43,3,7,1,0,3,11,4,13,0,0,.163,.234,.395,.629
Bryan B Holaday,BAL,20,31,5,5,1,0,0,4,2,9,0,0,.161,.212,.194,.406
Jacob J Nottingham,MIL,20,48,8,9,1,0,4,13,5,20,0,0,.188,.278,.458,.736
Bradley B Zimmer L,CLE,20,37,3,6,0,0,1,3,7,14,2,1,.162,.360,.243,.603
Gavin G Lux,LAD,19,63,8,11,2,0,3,8,6,19,1,0,.175,.246,.349,.596
Reese R Mc Guire,TOR,19,41,2,3,0,0,1,1,0,11,0,0,.073,.073,.146,.220
Magneuris M Sierra C,MIA,19,44,8,11,3,1,0,7,5,9,4,1,.250,.333,.364,.697
Eli E White L,TEX,19,48,5,9,2,0,0,3,3,16,1,1,.188,.231,.229,.460
Matt M Wieters,STL,19,35,3,7,1,0,0,4,3,10,0,0,.200,.300,.229,.529
Anthony A Alford C,PIT,18,28,5,6,0,1,2,7,1,8,3,0,.214,.241,.500,.741
Travis T Demeritte R,DET,18,29,5,5,1,0,0,4,3,14,0,0,.172,.273,.207,.480
Grayson G Greiner,DET,18,51,8,6,2,0,3,8,3,20,0,0,.118,.182,.333,.515
Jon J Jay R,ARI,18,50,5,8,1,0,1,4,3,12,0,0,.160,.211,.240,.450
Joseph J Odom,SEA,18,39,2,5,0,0,0,2,4,20,0,0,.128,.209,.128,.338
Lane L Thomas R,STL,18,36,5,4,2,0,1,2,4,13,0,0,.111,.200,.250,.450
Neil N Walker D,PHI,18,39,5,9,3,0,0,3,1,13,0,0,.231,.244,.308,.552
Daz D Cameron R,DET,17,57,4,11,2,1,0,3,2,19,1,0,.193,.220,.263,.484
Aledmys A Díaz,HOU,17,58,8,14,5,0,3,6,1,12,0,0,.241,.254,.483,.737
Dustin D Garneau,HOU,17,38,4,6,0,1,1,4,6,15,0,0,.158,.273,.289,.562
Francisco F Mejía Mejia,SD,17,39,5,3,1,0,1,2,1,9,0,0,.077,.143,.179,.322
Chris C Owings,COL,17,41,9,11,1,0,2,5,3,11,1,0,.268,.318,.439,.757
Hunter H Pence D,SF,17,52,4,5,0,1,2,6,3,15,0,0,.096,.161,.250,.411
Josh J Rojas,ARI,17,61,9,11,0,0,0,2,7,16,1,1,.180,.257,.180,.438
Kevan K Smith,TB,17,31,3,8,3,0,1,8,5,11,0,0,.258,.378,.452,.830
Matt M Adams D,ATL,16,49,4,9,2,0,2,9,2,18,0,0,.184,.216,.347,.563
Greg G Allen L,SD,16,26,4,4,1,0,1,4,3,10,2,0,.154,.281,.308,.589
Starlin S Castro,WSH,16,60,9,16,3,1,2,4,3,13,0,0,.267,.302,.450,.752
Francisco F Cervelli,MIA,16,53,10,13,2,0,3,7,8,14,1,0,.245,.355,.453,.808
Franchy F Cordero R,KC,16,38,7,8,3,0,2,7,4,4,1,0,.211,.286,.447,.733
Chris C Davis,BAL,16,52,3,6,3,0,0,1,3,17,0,0,.115,.164,.173,.337
Derek D Fisher R,TOR,16,31,5,7,2,1,1,7,7,11,0,1,.226,.359,.452,.811
Leury L García Garcia S,CWS,16,59,6,16,1,0,3,8,4,9,0,0,.271,.317,.441,.758
Kyle K Higashioka,NYY,16,48,7,12,1,0,4,10,0,11,0,0,.250,.250,.521,.771
Travis T Jankowski C,CIN,16,15,3,1,0,0,0,0,2,7,2,1,.067,.176,.067,.243
Erik E Kratz,NYY,16,28,2,9,2,0,0,4,2,6,0,0,.321,.367,.393,.760
Jake J Marisnick C,NYM,16,33,4,11,3,0,2,5,1,10,0,0,.333,.353,.606,.959
Mark M Mathias,MIL,16,36,2,10,3,0,0,4,0,7,1,0,.278,.278,.361,.639
La Monte L Wade Jr.,MIN,16,39,3,9,3,0,0,1,4,9,1,1,.231,.318,.308,.626
Christian C Arroyo,BOS,15,50,7,12,1,0,3,8,4,11,0,0,.240,.296,.440,.736
Nick N Heath,KC,15,13,2,2,1,0,0,3,2,6,2,2,.154,.313,.231,.543
Tyler T Heineman,SF,15,42,3,8,1,0,0,1,4,6,1,0,.190,.292,.214,.506
Guillermo G Heredia C,NYM,15,33,6,7,0,0,2,5,3,9,1,0,.212,.278,.394,.672
Derek D Hill,DET,15,11,3,1,0,0,0,0,1,6,0,0,.091,.167,.091,.258
Manny M Piña Pina,MIL,15,39,4,9,1,0,2,5,3,11,0,0,.231,.333,.410,.744
Rob R Refsnyder D,TEX,15,30,4,6,1,0,0,1,2,11,0,0,.200,.265,.233,.498
Danny D Santana,TEX,15,55,6,8,4,0,1,7,7,24,2,0,.145,.238,.273,.511
Andrew A Stevenson L,WSH,15,41,11,15,7,1,2,12,5,11,2,0,.366,.447,.732,1.179
Meibrys M Viloria,KC,15,21,1,4,1,0,0,0,2,9,0,0,.190,.292,.238,.530
Chad C Wallach,MIA,15,44,4,10,3,0,1,6,3,12,0,0,.227,.277,.364,.640
Austin A Allen,OAK,14,31,1,6,1,0,1,3,1,14,0,0,.194,.219,.323,.541
Andrew A Benintendi L,BOS,14,39,4,4,1,0,0,1,11,17,1,2,.103,.314,.128,.442
Lewin L Díaz,MIA,14,39,2,6,2,0,0,3,2,12,0,0,.154,.195,.205,.400
Ryan R Goins,CWS,14,9,4,0,0,0,0,0,1,1,0,0,.000,.100,.000,.100
Mallex M Smith R,SEA,14,45,2,6,2,0,0,3,2,13,2,0,.133,.170,.178,.348
Garrett G Stubbs,HOU,14,8,1,1,0,0,0,1,0,0,0,1,.125,.111,.125,.236
C. J. C Cron,DET,13,42,9,8,3,0,4,8,9,16,0,0,.190,.346,.548,.894
Jonathan J Davis R,TOR,13,27,4,7,2,0,1,6,3,11,1,0,.259,.364,.444,.808
Sam S Haggerty L,SEA,13,50,7,13,4,0,1,6,4,16,4,0,.260,.315,.400,.715
Jonah J Heim,OAK,13,38,5,8,0,0,0,5,3,3,0,0,.211,.268,.211,.479
Rangel R Ravelo D,STL,13,35,5,6,1,0,1,6,4,6,0,0,.171,.244,.286,.530
Daniel D Robertson S,SF,13,21,4,7,0,0,0,2,3,6,0,0,.333,.417,.333,.750
Eddy E Alvarez,MIA,12,37,6,7,1,0,0,2,3,16,2,0,.189,.268,.216,.484
Braden B Bishop R,SEA,12,30,2,5,2,0,0,4,2,10,1,0,.167,.242,.233,.476
Wilmer W Difo,WSH,12,14,1,1,0,0,0,1,3,4,0,0,.071,.222,.071,.294
Logan L Forsythe,MIA,12,34,2,4,1,0,1,2,4,12,0,0,.118,.211,.235,.446
Kyle K Garlick L,PHI,12,22,0,3,1,0,0,3,0,7,0,0,.136,.174,.182,.356
Yadiel Y Hernandez D,WSH,12,26,3,5,3,0,1,6,1,12,0,0,.192,.214,.423,.637
Yairo Y Muñoz Munoz L,BOS,12,45,6,15,5,0,1,4,0,11,2,0,.333,.333,.511,.844
Pavin P Smith,ARI,12,37,7,10,0,1,1,4,5,8,1,0,.270,.341,.405,.746
Andrew A Young,ARI,12,26,3,5,2,0,1,4,5,10,0,0,.192,.382,.385,.767
Christian C Colón,CIN,11,23,3,3,1,0,0,2,1,3,1,0,.130,.167,.174,.341
Phillip P Evans,PIT,11,39,6,14,2,0,1,9,5,7,0,1,.359,.444,.487,.932
Josh J Phegley,CHC,11,16,4,1,0,0,1,2,1,3,0,0,.063,.167,.250,.417
Yolmer Y Sánchez Sanchez,CWS,11,16,7,5,3,0,1,1,5,5,0,0,.313,.476,.688,1.164
Max M Schrock,STL,11,17,1,3,0,0,1,1,0,6,0,0,.176,.176,.353,.529
Steven S Souza Jr.,CHC,11,27,3,4,2,0,1,5,4,15,1,0,.148,.258,.333,.591
Sergio S Alcántara,DET,10,21,2,3,0,1,1,1,2,4,0,0,.143,.217,.381,.598
Yu Y Chang S,CLE,10,11,1,2,0,0,0,1,2,4,0,0,.182,.308,.182,.490
Sam S Huff,TEX,10,31,5,11,3,0,3,4,2,11,0,0,.355,.394,.742,1.136
Jesus J Sánchez Sanchez R,MIA,10,25,1,1,1,0,0,2,4,11,0,0,.040,.172,.080,.252
Ramon R Urías Urias S,BAL,10,25,3,9,2,0,1,3,2,6,0,0,.360,.407,.560,.967
Mason M Williams L,BAL,10,18,0,2,0,1,0,0,0,9,0,1,.111,.111,.222,.333
Luis Alexander L A Basabe R,SF,9,14,5,2,0,0,0,1,4,5,2,0,.143,.333,.143,.476
Zack Z Collins D,CWS,9,16,1,1,1,0,0,0,2,5,0,0,.063,.167,.125,.292
Charlie C Culberson,ATL,9,7,2,1,1,0,0,1,0,4,0,0,.143,.143,.286,.429
Joe J Hudson,SEA,9,17,0,3,0,0,0,0,2,5,0,0,.176,.263,.176,.440
Alejandro A Kirk,TOR,9,24,4,9,2,0,1,3,1,4,0,0,.375,.400,.583,.983
Dawel D Lugo,DET,9,10,3,2,0,0,0,1,1,1,0,0,.200,.273,.200,.473
Wyatt W Mathisen,ARI,9,27,5,6,0,0,2,5,5,12,0,0,.222,.364,.444,.808
Jordy J Mercer S,NYY,9,20,2,4,0,0,0,0,2,2,0,0,.200,.273,.200,.473
Logan L Morrison D,MIL,9,25,3,3,1,0,1,2,3,8,0,0,.120,.214,.280,.494
Willians W Astudillo,MIN,8,16,4,4,1,0,1,3,0,2,0,0,.250,.250,.500,.750
Yoenis Y Céspedes Cespedes D,NYM,8,31,3,5,1,0,2,4,2,15,0,0,.161,.235,.387,.622
Kevin K Cron D,ARI,8,17,0,0,0,0,0,0,1,7,0,0,.000,.150,.000,.150
Andrew A Knizner,STL,8,16,1,4,1,0,0,4,0,5,0,0,.250,.235,.313,.548
Erick E Mejia,KC,8,14,1,1,1,0,0,0,0,7,1,0,.071,.071,.143,.214
Mickey M Moniak L,PHI,8,14,3,3,0,0,0,0,4,6,0,0,.214,.389,.214,.603
Mark M Payton,CIN,8,18,0,3,1,0,0,0,2,5,1,0,.167,.250,.222,.472
Tyler T Stephenson,CIN,8,17,4,5,0,0,2,6,2,9,0,0,.294,.400,.647,1.047
Matt M Thaiss,LAA,8,21,3,3,0,0,1,1,4,8,0,0,.143,.280,.286,.566
Abraham A Almonte D,SD,7,11,0,1,0,0,0,0,2,4,1,1,.091,.231,.091,.322
Sherten S Apostel,TEX,7,20,1,2,1,0,0,0,1,9,0,0,.100,.143,.150,.293
Seth S Brown,OAK,7,5,0,0,0,0,0,0,0,2,0,0,.000,.000,.000,.000
Isan I Diaz,MIA,7,22,3,4,0,0,0,1,0,7,0,0,.182,.182,.182,.364
Brian B Dozier,NYM,7,15,1,2,0,0,0,0,1,5,0,0,.133,.188,.133,.321
Jake J Fraley R,SEA,7,26,3,4,1,1,0,0,2,11,2,1,.154,.241,.269,.511
Eric E Haase,DET,7,17,1,3,0,0,0,2,1,6,0,0,.176,.211,.176,.387
Michael M Hermosillo L,LAA,7,8,0,2,0,0,0,2,1,1,1,0,.250,.300,.250,.550
Taylor T Jones D,HOU,7,21,3,4,1,0,1,3,1,7,0,0,.190,.227,.381,.608
Jason J Martin C,PIT,7,9,2,0,0,0,0,0,2,4,0,0,.000,.182,.000,.182
Tomas T Nido,NYM,7,24,4,7,1,0,2,6,2,6,0,0,.292,.346,.583,.930
Jake J Noll,WSH,7,17,2,6,1,0,0,0,0,4,0,0,.353,.353,.412,.765
Brendan B Rodgers,COL,7,21,1,2,1,0,0,2,0,6,0,0,.095,.095,.143,.238
Brent B Rooker R,MIN,7,19,4,6,2,0,1,5,0,5,0,0,.316,.381,.579,.960
Beau B Taylor,CLE,7,21,1,1,0,0,0,2,2,9,0,0,.048,.130,.048,.178
Nicky N Delmonico R,CWS,6,20,0,3,0,0,0,3,2,2,0,0,.150,.227,.150,.377
Michael M Lorenzen,CIN,6,0,2,0,0,0,0,0,0,0,0,0,.000,1.000,.000,1.000
Jared J Oliva L,PIT,6,16,0,3,0,0,0,0,0,6,1,0,.188,.188,.188,.375
Nate N Orf S,OAK,6,7,1,0,0,0,0,0,0,1,0,0,.000,.000,.000,.000
Lorenzo L Cain C,MIL,5,18,4,6,1,0,0,2,3,2,0,0,.333,.429,.389,.818
Ryan R Cordell C,NYM,5,8,0,1,0,0,0,0,0,3,1,0,.125,.125,.125,.250
Brandon B Dixon,DET,5,13,0,1,1,0,0,2,1,4,0,0,.077,.143,.154,.297
Alex A Jackson,ATL,5,7,0,2,1,0,0,0,0,4,0,0,.286,.286,.429,.714
Daniel D Johnson R,CLE,5,12,0,1,0,0,0,0,1,5,0,0,.083,.154,.083,.237
Ryan R Lavarnway,MIA,5,11,0,4,0,0,0,0,0,2,0,0,.364,.364,.364,.727
Jorge J Ona D,SD,5,12,3,3,1,0,1,2,2,7,0,0,.250,.400,.583,.983
Cesar C Puello R,BOS,5,8,1,3,0,0,0,0,2,2,0,0,.375,.500,.375,.875
Ali A Sánchez Sanchez,NYM,5,9,0,1,0,0,0,0,1,3,0,0,.111,.200,.111,.311
Donovan D Walton S,SEA,5,13,0,2,1,0,0,3,1,5,0,1,.154,.214,.231,.445
William W Contreras,ATL,4,10,0,4,1,0,0,1,0,4,0,0,.400,.400,.500,.900
Jaylin J Davis R,SF,4,12,2,2,0,0,1,1,0,6,0,0,.167,.167,.417,.583
Kelvin K Gutierrez,KC,4,9,0,1,0,0,0,0,3,6,0,0,.111,.333,.111,.444
Ryon R Healy D,MIL,4,7,0,1,0,0,0,0,0,2,0,0,.143,.143,.143,.286
Oscar O Hernández Hernandez,KC,4,4,1,2,0,0,0,0,0,1,0,0,.500,.500,.500,1.000
Joe J Mc Carthy L,SF,4,10,0,0,0,0,0,0,0,5,0,0,.000,.000,.000,.000
Zach Z Mc Kinstry,LAD,4,7,1,2,1,0,0,0,0,3,0,0,.286,.286,.429,.714
Joey J Rickard R,SF,4,5,1,0,0,0,0,0,1,1,0,0,.000,.167,.000,.167
Yadiel Y Rivera S,TEX,4,5,0,0,0,0,0,0,0,1,1,0,.000,.000,.000,.000
Sean S Rodríguez,MIA,4,13,0,2,0,0,0,0,0,6,0,0,.154,.154,.154,.308
Ronald R Torreyes S,PHI,4,7,1,1,1,0,0,0,0,0,0,0,.143,.143,.286,.429
Emilio E Bonifácio Bonifacio,WSH,3,3,1,0,0,0,0,0,0,2,0,1,.000,.000,.000,.000
Austin A Dean L,STL,3,4,1,1,1,0,0,0,3,2,0,0,.250,.571,.500,1.071
Adolis A García Garcia L,TEX,3,6,0,0,0,0,0,0,1,4,0,0,.000,.143,.000,.143
Luis L Gonzalez D,CWS,3,1,1,0,0,0,0,0,0,1,0,0,.000,.500,.000,.500
Dilson D Herrera,BAL,3,5,0,0,0,0,0,0,0,4,0,0,.000,.167,.000,.167
Jahmai J Jones,LAA,3,7,2,3,0,0,0,1,0,2,0,0,.429,.429,.429,.857
Caleb C Joseph,TOR,3,8,2,1,0,0,1,2,1,1,0,0,.125,.222,.500,.722
Craig C Kimbrel,CHC,3,0,0,0,0,0,0,0,0,0,0,0,.000,.000,.000,.000
Rafael R Marchan,PHI,3,8,3,4,0,0,1,3,1,2,0,0,.500,.556,.875,1.431
Hernan H Pérez Perez,CHC,3,6,0,1,0,0,0,0,0,2,0,0,.167,.167,.167,.333
Harold H Ramirez R,MIA,3,10,2,2,0,0,0,1,1,2,0,1,.200,.273,.200,.473
Matt M Reynolds,KC,3,11,1,0,0,0,0,0,0,7,0,0,.000,.000,.000,.000
Elliot E Soto S,LAA,3,6,2,2,1,0,0,0,1,1,0,0,.333,.429,.500,.929
Aaron A Whitefield C,MIN,3,1,1,0,0,0,0,0,0,0,0,0,.000,.000,.000,.000
Justin J Williams R,STL,3,5,0,1,0,0,0,0,1,2,0,0,.200,.333,.200,.533
Dan D Winkler,CHC,3,0,0,0,0,0,0,0,0,0,0,0,.000,.000,.000,.000
Yordan Y Alvarez D,HOU,2,8,2,2,0,0,1,4,0,1,0,0,.250,.333,.625,.958
Jose J Briceño Briceno,LAA,2,5,0,1,0,0,0,0,1,1,0,0,.200,.333,.200,.533
Will W Craig,PIT,2,4,0,0,0,0,0,0,0,1,0,0,.000,.000,.000,.000
Terrance T Gore D,LAD,2,0,0,0,0,0,0,0,0,0,0,0,.000,.000,.000,.000
Jonathan J Holder,NYY,2,0,1,0,0,0,0,0,0,0,0,0,.000,.000,.000,.000
Jeremy J Jeffress,CHC,2,0,0,0,0,0,0,0,0,0,0,0,.000,.000,.000,.000
Juan J Lagares C,NYM,2,0,0,0,0,0,0,0,0,0,0,0,.000,.000,.000,.000
Billy B Mc Kinney L,TOR,2,3,1,2,0,0,0,0,0,0,0,0,.667,.667,.667,1.333
Brian B Navarreto,MIA,2,5,0,2,0,0,0,0,0,1,0,0,.400,.400,.400,.800
Eduardo E Núñez Nunez,NYM,2,2,0,1,0,0,0,0,0,0,1,0,.500,.500,.500,1.000
Brian B O' Grady,TB,2,5,2,2,1,0,0,0,0,1,1,0,.400,.400,.600,1.000
Cristian C Pache L,ATL,2,4,0,1,0,0,0,0,0,2,0,0,.250,.250,.250,.500
Rene R Rivera,NYM,2,4,0,1,0,0,0,0,0,3,0,0,.250,.250,.250,.500
Andrew An Romine S,TEX,2,4,1,1,1,0,0,0,0,1,0,0,.250,.250,.500,.750
Trevor T Rosenthal,SD,2,0,0,0,0,0,0,0,0,0,0,0,.000,.000,.000,.000
Keibert K Ruiz,LAD,2,8,1,2,0,0,1,1,0,3,0,0,.250,.250,.625,.875
Patrick P Wisdom,CHC,2,2,0,0,0,0,0,0,0,0,0,0,.000,.000,.000,.000
Austin A Adams,SD,1,1,0,0,0,0,0,0,0,1,0,0,.000,.000,.000,.000
Dan D Altavilla,SEA,1,0,0,0,0,0,0,0,0,0,0,0,.000,.000,.000,.000
Cam C Bedrosian,LAA,1,0,0,0,0,0,0,0,0,0,0,0,.000,.000,.000,.000
Travis T Blankenhorn,MIN,1,3,0,1,1,0,0,0,0,0,0,0,.333,.500,.667,1.167
Rob R Brantly,SF,1,3,0,0,0,0,0,0,0,0,0,0,.000,.000,.000,.000
Ryan R Brasier,BOS,1,0,0,0,0,0,0,0,0,0,0,0,.000,.000,.000,.000
Nick N Burdi,PIT,1,0,0,0,0,0,0,0,0,0,0,0,.000,.000,.000,.000
Genesis G Cabrera,STL,1,0,0,0,0,0,0,0,0,0,0,0,.000,.000,.000,.000
Luis L Campusano D,SD,1,3,2,1,0,0,1,1,0,2,0,0,.333,.500,1.333,1.833
Cheslor C Cuthbert,CWS,1,1,0,0,0,0,0,0,0,0,0,0,.000,.000,.000,.000
Austin A Davis,PHI,1,0,0,0,0,0,0,0,0,0,0,0,.000,.000,.000,.000
Seth S Elledge,STL,1,0,0,0,0,0,0,0,0,0,0,0,.000,.000,.000,.000
Estevan E Florial C,NYY,1,3,0,1,0,0,0,0,0,2,0,0,.333,.333,.333,.667
Matt M Foster,CWS,1,0,0,0,0,0,0,0,0,0,0,0,.000,.000,.000,.000
Tony T Gonsolin,LAD,1,0,0,0,0,0,0,0,0,0,0,0,.000,.000,.000,.000
Chad C Green,NYY,1,0,0,0,0,0,0,0,0,0,0,0,.000,.000,.000,.000
Deivy D Grullón Grullon,BOS,1,3,0,1,0,0,0,1,1,1,0,0,.333,.500,.333,.833
Josh J Hader,MIL,1,0,0,0,0,0,0,0,0,0,0,0,.000,.000,.000,.000
Kyle K Hendricks,CHC,1,0,0,0,0,0,0,0,0,0,0,0,.000,.000,.000,.000
Tim T Hill,SD,1,1,0,0,0,0,0,0,0,1,0,0,.000,.000,.000,.000
Raisel R Iglesias,CIN,1,0,0,0,0,0,0,0,0,0,0,0,.000,.000,.000,.000
Trevor T Kelley,PHI,1,0,0,0,0,0,0,0,0,0,0,0,.000,.000,.000,.000
Adam A Kolarek,LAD,1,0,0,0,0,0,0,0,0,0,0,0,.000,.000,.000,.000
Travis T Lakins Sr.,BAL,1,0,1,0,0,0,0,0,0,0,0,0,.000,.000,.000,.000
Jonathan J Lucroy,BOS,1,0,0,0,0,0,0,0,0,0,0,0,.000,.000,.000,.000
Mark M Melancon,ATL,1,0,0,0,0,0,0,0,0,0,0,0,.000,.000,.000,.000
Yermin Y Mercedes,CWS,1,1,0,0,0,0,0,0,0,0,0,0,.000,.000,.000,.000
Ian I Miller,CHC,1,0,0,0,0,0,0,0,0,0,0,0,.000,.000,.000,.000
Alec A Mills,CHC,1,1,0,0,0,0,0,0,0,1,0,0,.000,.000,.000,.000
Hector H Neris,PHI,1,0,0,0,0,0,0,0,0,0,0,0,.000,.000,.000,.000
John J Nogowski,STL,1,4,0,1,0,0,0,0,0,1,0,0,.250,.250,.250,.500
Aaron A Nola,PHI,1,0,0,0,0,0,0,0,0,0,0,0,.000,.000,.000,.000
Emilio E Pagán Pagan,SD,1,0,0,0,0,0,0,0,0,0,0,0,.000,.000,.000,.000
Blake B Parker,PHI,1,0,0,0,0,0,0,0,0,0,0,0,.000,.000,.000,.000
David D Phelps,MIL,1,0,0,0,0,0,0,0,0,0,0,0,.000,.000,.000,.000
Adam A Plutko,CLE,1,0,0,0,0,0,0,0,0,0,0,0,.000,.000,.000,.000
Jose J Ruiz,CWS,1,0,0,0,0,0,0,0,0,0,0,0,.000,.000,.000,.000
Scott S Schebler R,ATL,1,1,0,0,0,0,0,0,0,0,0,0,.000,.000,.000,.000
Matt M Strahm,SD,1,0,0,0,0,0,0,0,0,0,0,0,.000,.000,.000,.000
Andrew A Susac,PIT,1,2,0,0,0,0,0,0,2,0,0,0,.000,.500,.000,.500
Cesar C Valdez,BAL,1,0,0,0,0,0,0,0,0,0,0,0,.000,.000,.000,.000
Marcus M Walden,BOS,1,0,0,0,0,0,0,0,0,0,0,0,.000,.000,.000,.000
Rowan R Wick,CHC,1,0,0,0,0,0,0,0,0,0,0,0,.000,.000,.000,.000
Taylor T Williams,SEA,1,0,0,0,0,0,0,0,0,0,0,0,.000,.000,.000,.000
Jake J Woodford,STL,1,0,0,0,0,0,0,0,0,0,0,0,.000,.000,.000,.000
