PLAYER,TEAM,W,L,ERA,GS,CG,SHO,SV,SVO,IP,H,R,ER,HR,HB,BB,SO,WHIP,AVG
Pedro P Feliciano,NYM,6,4,3.19,88,0,0,0,0,2,59.1,51,26,21,7,0,18,59,1.16,.231
Peter P Moylan,ATL,6,2,2.84,87,0,0,0,0,5,73.0,65,29,23,0,2,35,61,1.37,.245
Michael M Gonzalez,ATL,5,4,2.42,80,0,0,0,10,17,74.1,56,28,20,7,7,33,90,1.20,.209
Sean S Green,NYM,1,4,4.39,79,0,0,0,1,3,69.2,64,36,34,5,9,36,54,1.44,.240
Matt M Guerrier,MIN,5,1,2.36,79,0,0,0,1,4,76.1,58,23,20,10,4,16,47,0.97,.207
Ryan R Madson,PHI,5,5,3.26,79,0,0,0,10,16,77.1,73,29,28,7,3,22,78,1.23,.251
Carlos C Marmol,CHC,2,4,3.41,79,0,0,0,15,19,74.0,43,29,28,2,12,65,93,1.46,.170
Todd T Coffey,MIL,4,4,2.90,78,0,0,0,2,6,83.2,76,28,27,8,3,21,65,1.16,.247
Eric E O' Flaherty,ATL,2,1,3.04,78,0,0,0,0,2,56.1,52,23,19,2,6,18,39,1.24,.248
Craig C Breslow,OAK,8,7,3.36,77,0,0,0,0,2,69.2,48,31,26,8,3,29,55,1.11,.197
Rafael R Soriano,ATL,1,6,2.97,77,0,0,0,27,31,75.2,53,25,25,6,1,27,102,1.06,.194
Tim T Byrdak,HOU,1,2,3.23,76,0,0,0,0,2,61.1,39,23,22,10,3,36,58,1.22,.178
John J Grabow,CHC,3,0,3.36,75,0,0,0,0,2,72.1,62,28,27,5,3,40,57,1.41,.233
Mark M Lowe,SEA,2,7,3.26,75,0,0,0,3,13,80.0,71,39,29,7,0,29,69,1.25,.232
Juan Carlos J Oviedo,FLA,4,6,4.06,75,0,0,0,26,33,68.2,59,33,31,13,4,27,60,1.25,.230
Jon J Rauch,MIN,7,3,3.60,75,0,0,0,2,5,70.0,70,30,28,6,2,23,49,1.33,.262
Dennys D Reyes,STL,0,2,3.29,75,0,0,0,1,1,41.0,35,17,15,2,3,21,33,1.37,.233
Jeremy J Affeldt,SF,2,2,1.73,74,0,0,0,0,0,62.1,42,14,12,3,3,31,55,1.17,.197
Nick N Masset,CIN,5,1,2.37,74,0,0,0,0,2,76.0,54,22,20,6,0,24,70,1.03,.203
Russ R Springer,TB,1,4,4.11,74,0,0,0,1,3,57.0,68,27,26,9,1,17,58,1.49,.293
C. J. C Wilson,TEX,5,6,2.81,74,0,0,0,14,18,73.2,66,29,23,3,6,32,84,1.33,.234
Michael M Wuertz,OAK,6,1,2.63,74,0,0,0,4,6,78.2,52,25,23,6,0,23,102,0.95,.188
David D Aardsma,SEA,3,6,2.52,73,0,0,0,38,42,71.1,49,23,20,4,0,34,80,1.16,.190
Grant G Balfour,TB,5,4,4.81,73,0,0,0,4,9,67.1,59,38,36,6,2,33,69,1.37,.235
Jonathan J Broxton,LAD,7,2,2.61,73,0,0,0,36,42,76.0,44,24,22,4,1,29,114,0.96,.165
Jesse J Carlson,TOR,1,6,4.66,73,0,0,0,0,3,67.2,67,37,35,7,3,21,51,1.30,.258
Jesse J Chavez,PIT,1,4,4.01,73,0,0,0,0,4,67.1,69,33,30,11,1,22,47,1.35,.264
Renyel R Pinto,FLA,4,1,3.23,73,0,0,0,0,4,61.1,53,25,22,4,2,45,58,1.60,.237
Fernando F Rodney,DET,2,5,4.40,73,0,0,0,37,38,75.2,70,38,37,8,2,41,61,1.47,.249
Ramon R Troncoso,LAD,5,4,2.72,73,0,0,0,6,7,82.2,83,30,25,3,3,34,55,1.42,.268
Phil P Coke,NYY,4,3,4.50,72,0,0,0,2,7,60.0,44,34,30,10,1,20,49,1.07,.209
Luke L Gregerson,SD,2,4,3.24,72,0,0,0,1,7,75.0,62,29,27,3,3,31,93,1.24,.221
Kevin K Gregg,CHC,5,6,4.72,72,0,0,0,23,30,68.2,60,38,36,13,3,30,71,1.31,.229
Ramon R Pena,CWS,6,5,3.99,72,0,0,0,2,4,70.0,81,37,31,7,2,20,55,1.44,.283
George G Sherrill,LAD,1,1,1.70,72,0,0,0,21,26,69.0,53,13,13,4,2,24,61,1.12,.209
Joe J Beimel,COL,1,6,3.58,71,0,0,0,1,6,55.1,57,24,22,5,1,19,35,1.37,.271
Sean S Burnett,WSH,2,3,3.12,71,0,0,0,1,3,57.2,36,21,20,6,3,28,43,1.11,.181
Dan D Meyer,FLA,3,2,3.09,71,0,0,0,2,2,58.1,47,24,20,7,1,21,56,1.17,.219
Jose J Mijares,MIN,2,2,2.34,71,0,0,0,0,1,61.2,50,17,16,7,2,23,55,1.18,.224
Mitch M Stetter,MIL,4,1,3.60,71,0,0,0,1,2,45.0,37,19,18,4,5,27,44,1.42,.216
Aaron A Heilman,CHC,4,4,4.11,70,0,0,0,1,7,72.1,68,34,33,9,1,34,65,1.41,.257
Daniel D Herrera,CIN,4,4,3.06,70,0,0,0,0,0,61.2,63,30,21,5,2,24,44,1.41,.276
Trever T Miller,STL,4,1,2.06,70,0,0,0,0,1,43.2,31,11,10,5,2,11,46,0.96,.197
Joe J Nathan,MIN,2,2,2.10,70,0,0,0,47,52,68.2,42,16,16,7,2,22,89,0.93,.171
Ramon E R Ramirez,BOS,7,4,2.84,70,0,0,0,0,4,69.2,61,26,22,7,4,32,52,1.33,.233
Francisco F Rodríguez Rodriguez,NYM,3,6,3.71,70,0,0,0,35,42,68.0,51,34,28,7,1,38,73,1.31,.203
Matt M Thornton,CWS,6,3,2.74,70,0,0,0,4,9,72.1,58,22,22,5,1,20,87,1.08,.217
Ronald R Belisario,LAD,4,3,2.04,69,0,0,0,0,7,70.2,52,21,16,4,6,29,64,1.15,.201
J. P. J Howell,TB,7,5,2.84,69,0,0,0,17,25,66.2,47,22,21,7,3,33,79,1.20,.197
Jason J Motte,STL,4,4,4.76,69,0,0,0,0,3,56.2,57,32,30,10,2,23,54,1.41,.264
Brian B Stokes,NYM,2,4,3.97,69,0,0,0,0,2,70.1,72,33,31,6,2,38,45,1.56,.267
Dan D Wheeler,TB,4,5,3.28,69,0,0,0,2,6,57.2,41,22,21,11,0,9,45,0.87,.199
Brad B Ziegler,OAK,2,4,3.07,69,0,0,0,7,10,73.1,82,27,25,2,1,28,54,1.50,.293
Andrew A Bailey,OAK,6,3,1.84,68,0,0,0,26,30,83.1,49,17,17,5,0,24,91,0.88,.167
Heath H Bell,SD,6,4,2.71,68,0,0,0,42,48,69.2,54,21,21,3,0,24,79,1.12,.213
Francisco F Cordero,CIN,2,6,2.16,68,0,0,0,39,43,66.2,58,21,16,2,0,30,58,1.32,.243
Darren D O' Day,TEX,2,1,1.84,68,0,0,0,2,2,58.2,41,14,12,3,5,18,56,1.01,.199
Hideki H Okajima,BOS,6,0,3.39,68,0,0,0,0,2,61.0,56,23,23,8,2,21,53,1.26,.242
Bobby B Parnell,NYM,4,8,5.30,68,8,0,0,1,5,88.1,101,56,52,8,4,46,74,1.66,.281
David D Weathers,MIL,4,6,3.92,68,0,0,0,1,5,62.0,53,29,27,10,2,28,37,1.31,.232
Brian B Wilson,SF,5,6,2.74,68,0,0,0,38,45,72.1,60,27,22,3,1,27,83,1.20,.223
Kiko K Calero,FLA,2,2,1.95,67,0,0,0,0,5,60.0,36,13,13,1,1,30,69,1.10,.180
Joel J Hanrahan,PIT,1,4,4.78,67,0,0,0,5,10,64.0,73,40,34,3,3,34,72,1.67,.282
Brandon B League,TOR,3,6,4.58,67,0,0,0,0,3,74.2,72,40,38,8,7,21,76,1.25,.257
Brad B Lidge,PHI,0,8,7.21,67,0,0,0,31,42,58.2,72,51,47,11,5,34,61,1.81,.301
Edward E Mujica,SD,3,5,3.94,67,4,0,0,2,3,93.2,101,47,41,14,0,19,76,1.28,.273
Bobby B Seay,DET,6,3,4.25,67,0,0,0,0,4,48.2,46,23,23,3,3,17,37,1.29,.253
Kyle K Mc Clellan,STL,4,4,3.38,66,0,0,0,3,7,66.2,56,27,25,4,2,34,51,1.35,.229
Jonathan J Papelbon,BOS,1,1,1.85,66,0,0,0,38,41,68.0,54,15,14,5,4,24,76,1.15,.213
Arthur A Rhodes,CIN,1,1,2.53,66,0,0,0,0,2,53.1,37,16,15,3,1,20,48,1.07,.198
Mariano M Rivera,NYY,3,3,1.76,66,0,0,0,44,46,66.1,48,14,13,7,1,12,72,0.90,.197
Brian B Fuentes,LAA,1,5,3.93,65,0,0,0,48,55,55.0,53,24,24,6,5,24,46,1.40,.254
Juan J Gutierrez,ARI,4,3,4.06,65,0,0,0,9,10,71.0,67,33,32,2,3,30,66,1.37,.250
La Troy L Hawkins,HOU,1,4,2.13,65,0,0,0,11,15,63.1,60,16,15,7,2,16,45,1.20,.253
Brandon B Lyon,DET,6,5,2.86,65,0,0,0,3,6,78.2,56,25,25,7,2,31,57,1.11,.205
Jamey J Wright,KC,3,5,4.33,65,0,0,0,0,3,79.0,73,51,38,8,7,44,60,1.48,.247
Jason J Bulger,LAA,6,1,3.56,64,0,0,0,1,4,65.2,46,26,26,7,1,30,68,1.16,.207
Manny M Delcarmen,BOS,5,2,4.53,64,0,0,0,0,3,59.2,64,34,30,5,4,34,44,1.64,.270
Jim J Johnson,BAL,4,6,4.11,64,0,0,0,10,16,70.0,73,32,32,8,3,23,49,1.37,.270
Cla C Meredith,BAL,4,2,3.99,64,0,0,0,0,3,65.1,73,31,29,4,4,25,37,1.50,.294
Huston H Street,COL,4,1,3.06,64,0,0,0,35,37,61.2,43,22,21,7,0,13,70,0.91,.194
Carlos C Villanueva,MIL,4,10,5.34,64,6,0,0,3,8,96.0,102,58,57,13,2,35,83,1.43,.268
Bob B Howry,SF,2,6,3.39,63,0,0,0,0,3,63.2,50,26,24,5,2,23,46,1.15,.214
Darren D Oliver,LAA,5,1,2.71,63,1,0,0,0,1,73.0,61,22,22,5,5,22,65,1.14,.237
Ron R Villone,WSH,5,6,4.25,63,0,0,0,1,4,48.2,54,25,23,6,2,29,33,1.71,.283
Octavio O Dotel,CWS,3,3,3.32,62,0,0,0,0,3,62.1,54,26,23,7,0,36,75,1.44,.239
Ryan R Franklin,STL,4,3,1.92,62,0,0,0,38,43,61.0,49,13,13,2,1,24,44,1.20,.220
Rafael R Betancourt,COL,4,3,2.73,61,0,0,0,2,6,56.0,42,20,17,4,0,20,61,1.11,.209
Randy R Choate,TB,1,0,3.47,61,0,0,0,5,5,36.1,28,15,14,4,0,11,28,1.07,.214
Jason J Frasor,TOR,7,3,2.50,61,0,0,0,11,14,57.2,43,17,16,4,2,16,56,1.02,.209
Jeff J Fulchino,HOU,6,4,3.40,61,0,0,0,0,3,82.0,70,33,31,7,3,27,71,1.18,.233
Brandon B Medders,SF,5,1,3.01,61,0,0,0,1,4,68.2,63,26,23,6,3,32,58,1.38,.248
Guillermo G Mota,LAD,3,4,3.44,61,0,0,0,0,2,65.1,53,25,25,6,5,24,39,1.18,.224
Chris C Perez,CLE,1,2,4.26,61,0,0,0,2,5,57.0,41,28,27,8,6,27,68,1.19,.201
Danys D Baez,BAL,4,6,4.02,59,0,0,0,0,2,71.2,59,36,32,8,5,22,40,1.13,.222
Shawn S Camp,TOR,2,6,3.50,59,0,0,0,1,1,79.2,73,36,31,7,4,29,58,1.28,.245
Mark M Di Felice,MIL,4,1,3.66,59,0,0,0,0,1,51.2,49,21,21,6,1,15,48,1.24,.245
Chad C Durbin,PHI,2,2,4.39,59,0,0,0,2,3,69.2,56,38,34,8,7,47,62,1.48,.220
Kerry K Wood,CLE,3,3,4.25,58,0,0,0,20,26,55.0,48,26,26,7,3,28,63,1.38,.233
Matt M Capps,PIT,4,8,5.80,57,0,0,0,27,32,54.1,73,36,35,10,3,17,46,1.66,.324
Matt M Daley,COL,1,1,4.24,57,0,0,0,0,3,51.0,43,24,24,6,2,18,55,1.20,.231
Scott S Linebrink,CWS,3,7,4.66,57,0,0,0,2,4,56.0,70,34,29,9,3,23,55,1.66,.304
Mike M Mac Dougal,WSH,1,1,4.31,57,0,0,0,20,21,54.1,52,31,26,3,3,38,34,1.66,.260
Ron R Mahay,MIN,2,1,4.29,57,0,0,0,0,0,50.1,62,29,24,10,4,22,42,1.67,.295
Matt M Albers,BAL,3,6,5.51,56,0,0,0,0,4,67.0,80,43,41,3,2,36,49,1.73,.303
Miguel M Batista,SEA,7,4,4.04,56,0,0,0,1,5,71.1,79,37,32,7,2,39,52,1.65,.282
Jason J Bergmann,WSH,2,4,4.50,56,0,0,0,0,1,48.0,50,28,24,7,3,25,40,1.56,.278
Jesse J Crain,MIN,7,4,4.70,56,0,0,0,0,0,51.2,48,28,27,3,5,27,43,1.45,.250
Takashi T Saito,BOS,3,3,2.43,56,0,0,0,2,4,55.2,50,16,15,6,5,25,52,1.35,.244
Angel A Guzman,CHC,3,3,2.95,55,0,0,0,1,1,61.0,41,20,20,8,1,23,47,1.05,.192
Trevor T Hoffman,MIL,3,2,1.83,55,0,0,0,37,41,54.0,35,11,11,2,1,14,48,0.91,.183
Sean S Marshall,CHC,3,7,4.32,55,9,1,0,0,0,85.1,91,43,41,10,1,32,68,1.44,.274
Kevin K Jepsen,LAA,6,4,4.94,54,0,0,0,1,2,54.2,63,33,30,2,0,19,48,1.50,.292
Matt M Lindstrom,FLA,2,1,5.89,54,0,0,0,15,17,47.1,54,35,31,5,2,24,39,1.65,.281
Rafael R Perez,CLE,4,3,7.31,54,0,0,0,0,1,48.0,66,41,39,5,2,25,32,1.90,.335
Jared J Burton,CIN,1,0,4.40,53,0,0,0,0,0,59.1,61,30,29,5,4,23,45,1.42,.261
Lance L Cormier,TB,3,3,3.26,53,0,0,0,2,2,77.1,75,31,28,6,1,25,36,1.29,.249
Mark M Hendrickson,BAL,6,5,4.37,53,11,0,0,1,3,105.0,116,59,51,16,2,33,61,1.42,.280
Ryan R Perry,DET,0,1,3.79,53,0,0,0,0,3,61.2,56,30,26,7,1,38,60,1.52,.246
Esmerling E Vasquez,ARI,3,3,4.42,53,0,0,0,0,4,53.0,52,27,26,4,3,29,45,1.53,.255
Jason J Grilli,TEX,2,3,5.32,52,0,0,0,1,1,45.2,50,27,27,4,1,27,49,1.69,.276
Bobby B Jenks,CWS,3,4,3.71,52,0,0,0,29,35,53.1,52,24,22,9,2,16,49,1.28,.250
Joe J Thatcher,SD,1,0,2.80,52,0,0,0,0,1,45.0,37,14,14,2,4,18,55,1.22,.227
Jose J Valverde,HOU,4,2,2.33,52,0,0,0,25,29,54.0,40,15,14,5,2,21,56,1.13,.207
Sean S White,SEA,3,2,2.80,52,0,0,0,1,3,64.1,50,23,20,3,2,20,28,1.09,.216
Frank F Francisco,TEX,2,3,3.83,51,0,0,0,25,29,49.1,40,21,21,6,1,15,57,1.11,.214
Phil P Hughes,NYY,8,3,3.03,51,7,0,0,3,6,86.0,68,31,29,8,5,28,96,1.12,.217
Zach Z Miner,DET,7,5,4.29,51,5,0,0,1,5,92.1,101,49,44,11,2,45,62,1.58,.281
Chad C Qualls,ARI,2,2,3.63,51,0,0,0,24,29,52.0,53,23,21,5,2,7,45,1.15,.256
Daniel D Bard,BOS,2,2,3.65,49,0,0,0,1,4,49.1,41,24,20,5,3,22,63,1.28,.228
D. J. D Carrasco,CWS,5,1,3.76,49,1,0,0,0,1,93.1,103,42,39,5,2,29,62,1.41,.281
Chris C Sampson,HOU,4,2,5.04,49,0,0,0,3,6,55.1,66,34,31,2,0,21,33,1.57,.293
Wesley W Wright,HOU,3,4,5.44,49,0,0,0,0,2,44.2,53,27,27,9,0,25,47,1.75,.299
Clay C Zavada,ARI,3,3,3.35,49,0,0,0,0,0,51.0,45,22,19,5,3,24,52,1.35,.236
Brian B Bass,BAL,5,3,4.90,48,0,0,0,0,0,86.1,106,52,47,11,5,44,54,1.74,.306
Blaine B Boyer,ARI,0,2,4.12,48,0,0,0,0,0,54.2,56,36,25,1,5,20,29,1.39,.265
Greg G Burke,SD,3,3,4.14,48,0,0,0,0,2,45.2,48,23,21,4,1,23,33,1.55,.271
Scott S Downs,TOR,1,3,3.09,48,0,0,0,9,13,46.2,46,18,16,4,2,13,43,1.26,.251
Eddie E Guardado,TEX,1,2,4.46,48,0,0,0,0,2,38.1,39,21,19,8,2,15,20,1.41,.267
Merkin M Valdez,SF,2,1,5.66,48,0,0,0,0,3,49.1,57,33,31,5,0,28,38,1.72,.292
Jensen J Lewis,CLE,2,4,4.61,47,0,0,0,1,5,66.1,62,37,34,13,2,29,62,1.37,.249
Brian B Sanches,FLA,4,2,2.56,47,0,0,0,0,3,56.1,50,18,16,5,6,26,51,1.35,.235
Joakim J Soria,KC,3,2,2.21,47,0,0,0,30,33,53.0,44,14,13,5,2,16,69,1.13,.219
Jose J Veras,CLE,4,3,5.19,47,0,0,0,0,0,50.1,42,33,29,8,6,28,40,1.39,.225
Santiago S Casilla,OAK,1,2,5.96,46,0,0,0,0,0,48.1,61,36,32,6,3,25,35,1.78,.303
Juan J Cruz,KC,3,4,5.72,46,0,0,0,2,6,50.1,46,34,32,6,1,29,38,1.49,.246
Chris C Ray,BAL,0,4,7.27,46,0,0,0,0,3,43.1,64,36,35,8,1,23,39,2.01,.352
Tony T Sipp,CLE,2,0,2.93,46,0,0,0,0,0,40.0,27,16,13,5,0,25,48,1.30,.194
Clay C Condrey,PHI,6,2,3.00,45,0,0,0,1,2,42.0,37,17,14,4,1,14,25,1.21,.233
James J Mc Donald,LAD,5,5,4.00,45,4,0,0,0,0,63.0,60,34,28,6,5,34,54,1.49,.254
Chan Ho C Park,PHI,3,3,4.43,45,7,0,0,0,1,83.1,84,43,41,5,5,33,73,1.40,.264
David D Robertson,NYY,2,1,3.30,45,0,0,0,1,1,43.2,36,19,16,4,1,23,63,1.35,.216
Sergio S Romo,SF,5,2,3.97,45,0,0,0,2,2,34.0,30,15,15,1,1,11,41,1.21,.233
Scott S Schoeneweis,ARI,1,2,7.13,45,0,0,0,0,3,24.0,29,20,19,6,2,13,14,1.75,.287
Brian B Shouse,TB,1,1,4.50,45,0,0,0,0,1,28.0,31,15,14,5,2,7,17,1.36,.277
Jeff J Bennett,TB,2,4,5.01,44,0,0,0,0,0,46.2,66,27,26,4,4,32,27,2.10,.346
Brian B Bruney,NYY,5,0,3.92,44,0,0,0,0,1,39.0,36,17,17,6,1,23,36,1.51,.243
Jason J Jennings,TEX,2,4,4.13,44,0,0,0,1,2,61.0,67,31,28,7,2,28,44,1.56,.286
Justin J Miller,SF,3,3,3.18,44,0,0,0,0,0,56.2,47,20,20,7,1,27,36,1.31,.236
Alfredo A Aceves,NYY,10,1,3.54,43,1,0,0,1,2,84.0,69,36,33,10,5,16,69,1.01,.220
Jose J Arredondo,LAA,2,3,6.00,43,0,0,0,0,1,45.0,47,30,30,6,0,23,47,1.56,.269
John J Bale,KC,0,1,5.72,43,0,0,0,1,5,28.1,34,19,18,3,1,18,24,1.84,.296
Roman R Colon,KC,2,3,4.83,43,0,0,0,0,3,50.1,50,27,27,7,2,22,29,1.43,.256
Alberto A Arias,HOU,2,1,3.35,42,0,0,0,0,2,45.2,49,21,17,1,6,19,39,1.49,.272
Scott S Eyre,PHI,2,1,1.50,42,0,0,0,0,0,30.0,22,6,5,3,1,16,22,1.27,.206
Justin J Masterson,CLE,4,10,4.52,42,16,1,0,0,1,129.1,128,73,65,12,8,60,119,1.45,.265
Joe J Nelson,TB,3,0,4.02,42,0,0,0,3,4,40.1,32,22,18,7,1,27,36,1.46,.213
Julian J Tavarez,WSH,3,7,4.89,42,0,0,0,1,2,35.0,34,27,19,1,2,27,32,1.74,.250
Tyler T Clippard,WSH,4,2,2.69,41,0,0,0,0,1,60.1,36,20,18,9,1,32,67,1.13,.172
Kyle K Farnsworth,KC,1,5,4.58,41,0,0,0,0,2,37.1,43,22,19,3,1,14,42,1.53,.287
Shawn S Kelley,SEA,5,4,4.50,41,0,0,0,0,4,46.0,45,23,23,9,3,9,41,1.17,.257
Seth S Mc Clung,MIL,3,3,4.94,41,2,0,0,0,1,62.0,62,34,34,11,1,39,40,1.63,.267
Evan E Meek,PIT,1,1,3.45,41,0,0,0,0,1,47.0,34,18,18,2,0,29,42,1.34,.209
Justin J Speier,LAA,4,2,5.18,41,0,0,0,0,1,40.0,44,23,23,7,4,15,39,1.48,.277
Steven S Jackson,PIT,2,3,3.14,40,0,0,0,0,1,43.0,38,20,15,2,0,22,21,1.40,.236
Franklin F Morales,COL,3,2,4.50,40,2,0,0,7,8,40.0,38,22,20,4,1,23,41,1.53,.250
Matt M Palmer,LAA,11,2,3.93,40,13,1,0,0,0,121.1,105,55,53,12,4,55,69,1.32,.240
Carlos C Fisher,CIN,1,1,4.47,39,0,0,0,0,1,52.1,50,26,26,4,1,31,48,1.55,.262
Jeff J Karstens,PIT,4,6,5.42,39,13,0,0,0,0,108.0,115,66,65,12,2,45,52,1.48,.279
Luis L Ayala,FLA,1,5,5.63,38,0,0,0,0,4,40.0,50,28,25,5,4,14,28,1.60,.318
Brent B Leach,LAD,2,0,5.75,38,0,0,0,0,0,20.1,16,13,13,3,1,12,19,1.38,.213
Clayton C Richard,SD,9,5,4.41,38,26,1,0,0,0,153.0,154,81,75,17,3,71,114,1.47,.267
Mike M Adams,SD,0,0,0.73,37,0,0,0,0,1,37.0,14,9,3,1,0,8,45,0.59,.111
Bob B Keppel,MIN,1,1,4.83,37,0,0,0,0,1,54.0,63,30,29,4,5,21,32,1.56,.297
Kris K Medlen,ATL,3,5,4.26,37,4,0,0,0,2,67.2,65,34,32,5,2,30,72,1.40,.256
Joe J Smith,CLE,0,0,3.44,37,0,0,0,0,1,34.0,30,16,13,4,0,13,30,1.26,.236
Brian B Tallet,TOR,7,9,5.32,37,25,0,0,0,0,160.2,169,99,95,20,6,72,120,1.50,.268
Manny M Acosta,ATL,1,1,4.34,36,0,0,0,0,0,37.1,45,19,18,4,2,19,32,1.71,.300
Alan A Embree,COL,2,2,5.84,36,0,0,0,0,3,24.2,28,18,16,3,1,12,12,1.62,.292
Fu- Te F Ni,DET,0,0,2.61,36,0,0,0,0,2,31.0,20,9,9,3,1,11,21,1.00,.187
Claudio C Vargas,MIL,1,0,1.74,36,0,0,0,0,2,41.1,25,8,8,3,2,15,30,0.97,.177
Burke B Badenhop,FLA,7,4,3.75,35,2,0,0,0,1,72.0,71,32,30,5,1,24,57,1.32,.260
Manny M Corpas,COL,1,3,5.88,35,0,0,0,1,3,33.2,44,22,22,3,1,7,24,1.51,.326
R. A. R Dickey,MIN,1,1,4.62,35,1,0,0,0,0,64.1,74,34,33,8,4,30,42,1.62,.290
J. A. J Happ,PHI,12,4,2.93,35,23,3,2,0,0,166.0,149,55,54,20,5,56,119,1.23,.244
Chris C Jakubauskas,SEA,6,7,5.32,35,8,1,0,0,1,93.0,91,60,55,15,2,27,47,1.27,.254
Hung- Chih H Kuo,LAD,2,0,3.00,35,0,0,0,0,1,30.0,21,10,10,2,2,13,32,1.13,.198
Luis L Perdomo,SD,1,0,4.80,35,0,0,0,0,1,60.0,57,36,32,11,0,34,55,1.52,.246
Chris C Smith,MIL,0,0,4.11,35,0,0,0,0,1,46.0,41,21,21,11,3,19,35,1.30,.232
Robinson R Tejeda,KC,4,2,3.54,35,6,0,0,0,0,73.2,43,30,29,4,3,50,87,1.26,.167
Justin J Verlander,DET,19,9,3.45,35,35,3,1,0,0,240.0,219,99,92,20,6,63,269,1.18,.243
Doug D Davis,ARI,9,14,4.12,34,34,0,0,0,0,203.1,203,101,93,25,4,103,146,1.50,.267
Scott S Feldman,TEX,17,8,4.08,34,31,0,0,0,0,189.2,178,87,86,18,9,65,113,1.28,.250
Jason J Hammel,COL,10,8,4.33,34,30,1,0,0,0,176.2,203,94,85,17,9,42,133,1.39,.290
Felix F Hernández Hernandez,SEA,19,5,2.49,34,34,2,1,0,0,238.2,200,81,66,15,8,71,217,1.14,.227
Jair J Jurrjens,ATL,14,10,2.60,34,34,0,0,0,0,215.0,186,71,62,15,3,75,152,1.21,.237
Cliff C Lee,PHI,14,13,3.22,34,34,6,2,0,0,231.2,245,88,83,17,5,43,181,1.24,.272
Braden B Looper,MIL,14,7,5.22,34,34,0,0,0,0,194.2,226,123,113,39,5,64,100,1.49,.289
Derek D Lowe,ATL,15,10,4.67,34,34,0,0,0,0,194.2,232,109,101,16,4,63,111,1.52,.301
C Sabathia,NYY,19,8,3.37,34,34,2,1,0,0,230.0,197,96,86,18,9,67,197,1.15,.232
Adam A Wainwright,STL,19,8,2.63,34,34,1,0,0,0,233.0,216,75,68,17,3,66,212,1.21,.244
Randy R Wolf,LAD,11,7,3.23,34,34,0,0,0,0,214.1,178,81,77,24,6,58,160,1.10,.227
Bronson B Arroyo,CIN,15,13,3.84,33,33,3,2,0,0,220.1,214,101,94,31,9,65,127,1.27,.256
Scott S Baker,MIN,15,9,4.37,33,33,1,1,0,0,200.0,190,99,97,28,4,48,162,1.19,.247
Chad C Billingsley,LAD,12,11,4.03,33,32,0,0,0,0,196.1,173,94,88,17,7,86,179,1.32,.244
Nick N Blackburn,MIN,11,11,4.03,33,33,3,0,0,0,205.2,240,103,92,25,3,41,98,1.37,.290
Mark M Buehrle,CWS,13,10,3.84,33,33,1,1,0,0,213.1,222,97,91,27,5,45,105,1.25,.275
A. J. A Burnett,NYY,13,9,4.04,33,33,1,0,0,0,207.0,193,99,93,25,10,97,195,1.40,.247
Matt M Cain,SF,14,8,2.89,33,33,4,0,0,0,217.2,184,73,70,22,3,73,171,1.18,.232
Kevin K Correia,SD,12,11,3.91,33,33,1,1,0,0,198.0,194,92,86,17,4,64,142,1.30,.259
Jorge J De La Rosa,COL,16,9,4.38,33,32,0,0,0,0,185.0,172,95,90,20,9,83,193,1.38,.249
Jon J Garland,LAD,11,13,4.01,33,33,1,0,0,0,204.0,225,106,91,23,6,61,109,1.40,.282
Zack Z Greinke,KC,16,8,2.16,33,33,6,3,0,0,229.1,195,64,55,11,4,51,242,1.07,.230
Jeremy J Guthrie,BAL,10,17,5.04,33,33,1,0,0,0,200.0,224,120,112,35,9,60,110,1.42,.281
Dan D Haren,ARI,14,10,3.14,33,33,3,1,0,0,229.1,192,83,80,27,4,38,223,1.00,.224
Derek D Holland,TEX,8,13,6.12,33,21,1,1,0,1,138.1,160,98,94,26,4,47,107,1.50,.288
Edwin E Jackson,DET,13,9,3.62,33,33,1,0,0,0,214.0,200,93,86,27,5,70,161,1.26,.247
Ubaldo U Jiménez Jimenez,COL,15,12,3.47,33,33,1,0,0,0,218.0,183,87,84,13,10,85,198,1.23,.229
Josh J Johnson,FLA,15,5,3.23,33,33,2,0,0,0,209.0,184,77,75,14,6,58,191,1.16,.237
John J Lannan,WSH,9,13,3.88,33,33,2,1,0,0,206.1,210,100,89,22,6,68,89,1.35,.266
Jason J Marquis,COL,15,13,4.04,33,33,2,1,0,0,216.0,218,104,97,15,4,80,115,1.38,.267
Carl C Pavano,MIN,14,12,5.10,33,33,1,1,0,0,199.1,235,119,113,26,6,39,147,1.37,.294
Juan J Rincon,COL,4,2,6.87,33,0,0,0,0,0,36.2,30,29,28,4,1,26,35,1.53,.222
Wandy W Rodriguez,HOU,14,12,3.02,33,33,1,1,0,0,205.2,192,77,69,21,5,63,193,1.24,.250
Leo L Rosales,ARI,2,1,4.76,33,0,0,0,0,0,45.1,40,24,24,5,0,12,31,1.15,.237
James J Shields,TB,11,12,4.14,33,33,0,0,0,0,219.2,239,113,101,29,1,52,167,1.32,.275
Jered J Weaver,LAA,16,8,3.75,33,33,4,2,0,0,211.0,196,91,88,26,4,66,174,1.24,.246
Kip K Wells,CIN,2,5,5.33,33,7,0,0,2,2,72.2,60,43,43,6,5,40,43,1.38,.227
Barry B Zito,SF,10,13,4.03,33,33,1,0,0,0,192.0,179,89,86,21,8,81,154,1.35,.250
Jonathan J Albaladejo,NYY,5,1,5.24,32,0,0,0,0,1,34.1,41,23,20,6,3,16,21,1.66,.306
Josh J Beckett,BOS,17,6,3.86,32,32,4,2,0,0,212.1,198,99,91,25,7,55,199,1.19,.244
Trevor T Cahill,OAK,10,13,4.63,32,32,0,0,0,0,178.2,185,99,92,27,4,72,90,1.44,.270
Joba J Chamberlain,NYY,9,6,4.75,32,31,0,0,0,0,157.1,167,94,83,21,12,76,133,1.54,.274
John J Danks,CWS,13,11,3.77,32,32,1,0,0,0,200.1,184,89,84,28,5,73,149,1.28,.245
Zach Z Duke,PIT,11,16,4.06,32,32,3,1,0,0,213.0,231,101,96,23,3,49,106,1.31,.285
Matt M Garza,TB,8,12,3.95,32,32,0,0,0,0,203.0,177,93,89,25,11,79,189,1.26,.233
Roy R Halladay,TOR,17,10,2.79,32,32,9,4,0,0,239.0,234,82,74,22,5,35,208,1.13,.256
Cole C Hamels,PHI,10,11,4.32,32,32,2,2,0,0,193.2,206,95,93,24,5,43,168,1.29,.273
Kenshin K Kawakami,ATL,7,12,3.86,32,25,0,0,1,2,156.1,153,73,67,15,6,57,105,1.34,.260
Logan L Kensing,WSH,1,2,8.92,32,0,0,0,1,3,35.1,54,35,35,8,0,17,19,2.01,.358
Jon J Lester,BOS,15,8,3.41,32,32,2,0,0,0,203.1,186,80,77,20,3,64,225,1.23,.242
Tim T Lincecum,SF,15,7,2.48,32,32,4,2,0,0,225.1,168,69,62,10,6,68,261,1.05,.206
Andy A Pettitte,NYY,14,8,4.16,32,32,0,0,0,0,194.2,193,101,90,20,4,76,148,1.38,.259
Joel J Pineiro,STL,15,12,3.49,32,32,3,2,0,0,214.0,218,94,83,11,8,27,105,1.14,.268
Jonathan J Sánchez Sanchez,SF,8,12,4.24,32,29,1,1,0,0,163.1,135,82,77,19,6,88,177,1.37,.221
Brad B Thompson,STL,2,6,4.84,32,8,0,0,0,0,80.0,85,45,43,8,7,23,34,1.35,.273
Javier J Vazquez,ATL,15,10,2.87,32,32,3,0,0,0,219.1,181,75,70,20,4,44,238,1.03,.223
Tyler T Walker,PHI,2,1,3.06,32,0,0,0,0,0,35.1,31,12,12,4,3,9,27,1.13,.230
Joe J Blanton,PHI,12,8,4.05,31,31,0,0,0,0,195.1,198,89,88,30,8,59,163,1.32,.262
Ryan R Dempster,CHC,11,9,3.65,31,31,1,1,0,0,200.0,196,94,81,22,6,65,172,1.31,.260
Chad C Gaudin,NYY,6,10,4.64,31,25,0,0,0,0,147.1,146,85,76,14,8,76,139,1.51,.258
Livan L Hernandez,WSH,9,12,5.44,31,31,2,0,0,0,183.2,220,112,111,19,1,67,102,1.56,.308
Clayton C Kershaw,LAD,8,8,2.79,31,30,0,0,0,0,171.0,119,55,53,7,1,91,185,1.23,.200
Paul P Maholm,PIT,8,9,4.44,31,31,0,0,0,0,194.2,221,102,96,14,6,60,119,1.44,.290
Kevin K Millwood,TEX,13,10,3.67,31,31,3,0,0,0,198.2,195,88,81,26,11,71,123,1.34,.257
Jeff J Niemann,TB,13,6,3.94,31,30,2,2,0,0,180.2,185,84,79,17,9,59,125,1.35,.266
Ricky R Nolasco,FLA,13,9,5.06,31,31,2,0,0,0,185.0,188,111,104,23,2,44,195,1.25,.259
Garrett G Olson,SEA,3,5,5.60,31,11,0,0,0,0,80.1,79,52,50,19,4,34,47,1.41,.258
Mike M Pelfrey,NYM,10,12,5.03,31,31,0,0,0,0,184.1,213,112,103,18,7,66,107,1.51,.289
Rick R Porcello,DET,14,9,3.96,31,31,0,0,0,0,170.2,176,81,75,23,3,52,89,1.34,.267
Joe J Saunders,LAA,16,7,4.60,31,31,1,1,0,0,186.0,202,102,95,29,6,64,101,1.43,.279
Brett B Anderson,OAK,11,11,4.06,30,30,1,1,0,0,175.1,180,94,79,20,3,45,150,1.28,.265
Johnny J Cueto,CIN,11,11,4.41,30,30,0,0,0,0,171.1,172,90,84,24,14,61,132,1.36,.262
Brendan B Donnelly,FLA,3,0,1.78,30,0,0,0,2,2,25.1,22,8,5,1,1,9,25,1.22,.239
Gavin G Floyd,CWS,11,11,4.06,30,30,1,0,0,0,193.0,178,93,87,21,2,59,163,1.23,.244
Yovani Y Gallardo,MIL,13,12,3.73,30,30,1,0,0,0,185.2,150,78,77,21,5,94,204,1.31,.219
Blake B Hawksworth,STL,4,0,2.03,30,0,0,0,0,0,40.0,29,10,9,2,1,15,20,1.10,.209
Matt M Herges,COL,3,1,3.38,30,0,0,0,0,1,34.2,34,14,13,5,0,8,26,1.21,.246
Jamie J Moyer,PHI,12,10,4.94,30,25,0,0,0,0,162.0,177,91,89,27,10,43,94,1.36,.279
Roy R Oswalt,HOU,8,6,4.12,30,30,3,0,0,0,181.1,183,83,83,19,8,42,138,1.24,.265
Brad B Penny,SF,11,9,4.88,30,30,1,0,0,0,173.1,191,102,94,22,5,51,109,1.40,.278
Tim T Redding,NYM,3,6,5.10,30,17,0,0,0,0,120.0,122,72,68,18,2,50,76,1.43,.263
Saul S Rivera,WSH,1,3,6.10,30,0,0,0,0,1,38.1,48,28,26,7,3,14,21,1.62,.310
Max M Scherzer,ARI,9,11,4.12,30,30,0,0,0,0,170.1,166,94,78,20,10,63,174,1.34,.253
Jeff J Suppan,MIL,7,12,5.29,30,30,0,0,0,0,161.2,200,106,95,25,11,74,80,1.69,.309
Armando A Galarraga,DET,6,10,5.64,29,25,0,0,0,0,143.2,158,93,90,24,6,67,95,1.57,.284
Sammy S Gervacio,HOU,1,1,2.14,29,0,0,0,0,1,21.0,16,5,5,1,1,8,25,1.14,.219
Francisco F Liriano,MIN,5,13,5.80,29,24,0,0,0,0,136.2,147,93,88,21,6,65,122,1.55,.279
Brian B Moehler,HOU,8,12,5.47,29,29,1,0,0,0,154.2,187,101,94,21,4,51,91,1.54,.298
Ross R Ohlendorf,PIT,11,10,3.92,29,29,0,0,0,0,176.2,165,80,77,25,7,53,109,1.23,.255
J. J Putz,NYM,1,4,5.22,29,0,0,0,2,4,29.1,29,18,17,1,0,19,19,1.64,.257
Ricky R Romero,TOR,13,9,4.30,29,29,0,0,0,0,178.0,192,88,85,18,10,79,141,1.52,.284
Chris C Volstad,FLA,9,13,5.21,29,29,1,1,0,0,159.0,169,100,92,29,3,59,107,1.43,.278
Joel J Zumaya,DET,3,3,4.94,29,0,0,0,1,7,31.0,34,18,17,5,1,22,30,1.81,.274
Chris C Carpenter,STL,17,4,2.24,28,28,3,1,0,0,192.2,156,49,48,7,7,38,144,1.01,.226
Jose J Contreras,COL,6,13,4.92,28,23,0,0,0,1,131.2,141,86,72,13,6,53,106,1.47,.272
Elmer E Dessens,NYM,0,0,3.31,28,0,0,0,0,0,32.2,24,12,12,5,2,10,14,1.04,.211
Garrett G Mock,WSH,3,10,5.62,28,15,0,0,0,2,91.1,114,65,57,9,1,44,72,1.73,.308
Nate N Robertson,DET,2,3,5.44,28,6,0,0,0,0,49.2,59,33,30,4,2,28,35,1.75,.295
Ken K Takahashi,NYM,0,1,2.96,28,0,0,0,0,0,27.1,23,9,9,2,2,14,23,1.35,.235
Jarrod J Washburn,DET,9,9,3.78,28,28,1,1,0,0,176.0,160,77,74,23,5,49,100,1.19,.243
Jeff J Weaver,LAD,6,4,3.65,28,7,0,0,0,0,79.0,87,34,32,7,5,33,64,1.52,.281
Ryan R Webb,SD,2,1,3.86,28,0,0,0,0,0,25.2,27,14,11,3,1,11,19,1.48,.265
Todd T Wellemeyer,STL,7,10,5.89,28,21,0,0,0,0,122.1,160,88,80,19,3,57,78,1.77,.328
Carlos C Zambrano,CHC,9,7,3.77,28,28,1,1,0,0,169.1,155,78,71,10,9,78,152,1.38,.246
Aaron A Cook,COL,11,6,4.16,27,27,1,1,0,0,158.0,175,76,73,19,2,47,78,1.41,.284
Randy R Flores,COL,0,1,5.25,27,0,0,0,0,0,12.0,14,7,7,2,0,2,14,1.33,.280
John J Lackey,LAA,11,8,3.83,27,27,1,1,0,0,176.1,177,84,75,17,9,47,139,1.27,.263
Ted T Lilly,CHC,12,9,3.10,27,27,0,0,0,0,177.0,151,66,61,22,2,36,151,1.06,.230
Manny M Parra,MIL,11,11,6.36,27,27,0,0,0,0,140.0,179,108,99,19,1,77,116,1.83,.306
Joel J Peralta,COL,0,3,6.20,27,0,0,0,0,1,24.2,27,17,17,3,3,12,22,1.58,.278
Scott S Richmond,TOR,8,11,5.52,27,24,1,0,0,0,138.2,147,90,85,27,0,59,117,1.49,.268
Ian I Snell,SEA,7,10,4.84,27,27,1,0,0,0,145.0,148,82,78,14,2,83,89,1.59,.266
Cory C Wade,LAD,2,3,5.53,27,0,0,0,0,6,27.2,28,17,17,3,1,10,18,1.37,.257
Randy R Wells,CHC,12,10,3.05,27,27,0,0,0,0,165.1,165,67,56,14,6,46,104,1.28,.261
Jeremy J Accardo,TOR,0,0,2.55,26,0,0,0,1,1,24.2,23,8,7,2,2,17,18,1.62,.267
Brian B Bannister,KC,7,12,4.73,26,26,0,0,0,0,154.0,161,94,81,15,4,50,98,1.37,.268
Edgar E Gonzalez,OAK,0,4,5.51,26,6,0,0,0,0,65.1,76,41,40,4,6,28,39,1.59,.292
Aaron A Harang,CIN,6,14,4.21,26,26,2,1,0,0,162.1,186,82,76,24,4,43,142,1.41,.287
Rich R Harden,CHC,9,9,4.09,26,26,0,0,0,0,141.0,122,74,64,23,6,67,171,1.34,.234
Scott S Kazmir,LAA,10,9,4.89,26,26,0,0,0,0,147.1,149,85,80,16,6,60,117,1.42,.259
Pat P Misch,NYM,3,4,4.48,26,7,1,1,0,1,62.1,68,31,31,9,2,22,23,1.44,.285
Brandon B Morrow,SEA,2,4,4.39,26,10,0,0,6,8,69.2,66,38,34,10,0,44,63,1.58,.248
Micah M Owings,CIN,7,12,5.34,26,19,0,0,1,1,119.2,126,75,71,18,6,64,68,1.59,.272
Vicente V Padilla,LAD,12,6,4.46,26,25,0,0,0,0,147.1,156,76,73,16,8,54,97,1.43,.277
Luke L Hochevar,KC,7,13,6.55,25,25,2,1,0,0,143.0,167,109,104,23,8,46,106,1.49,.290
Aaron A Laffey,CLE,7,9,4.44,25,19,0,0,1,1,121.2,140,69,60,9,2,57,59,1.62,.294
B. J. B Ryan,TOR,1,1,6.53,25,0,0,0,2,4,20.2,22,15,15,5,1,17,13,1.89,.293
Johan J Santana,NYM,13,9,3.13,25,25,0,0,0,0,166.2,156,67,58,20,3,46,146,1.21,.244
Randy R Williams,CWS,0,1,4.58,25,0,0,0,0,0,17.2,13,9,9,2,3,12,22,1.42,.206
Matt M Belisle,COL,3,1,5.52,24,0,0,0,0,0,31.0,35,21,19,6,1,5,22,1.29,.280
Jason J Berken,BAL,6,12,6.54,24,24,0,0,0,0,119.2,164,92,87,19,6,44,66,1.74,.327
Brian B Duensing,MIN,5,2,3.64,24,9,0,0,0,0,84.0,84,37,34,7,3,31,53,1.37,.263
Josh J Fogg,COL,0,2,3.74,24,1,0,0,0,0,45.2,32,20,19,7,1,20,27,1.14,.198
Jeff J Gray,OAK,0,1,3.76,24,0,0,0,0,0,26.1,30,12,11,3,2,4,19,1.29,.278
Roberto R Hernandez,CLE,5,12,6.32,24,24,0,0,0,0,125.1,151,97,88,16,8,70,79,1.76,.295
Doug D Mathis,TEX,0,1,3.16,24,2,0,0,1,1,42.2,39,17,15,4,2,10,25,1.15,.244
Josh J Roenicke,TOR,0,0,5.23,24,0,0,0,0,0,31.0,32,19,18,2,1,16,33,1.55,.267
Ervin E Santana,LAA,8,8,5.03,24,23,2,2,0,0,139.2,159,83,78,24,10,47,107,1.47,.288
Jack J Taschner,PHI,1,1,4.91,24,0,0,0,0,1,29.1,38,18,16,3,2,20,19,1.98,.317
David D Huff,CLE,11,8,5.61,23,23,0,0,0,0,128.1,159,82,80,16,1,41,65,1.56,.301
Kyle K Lohse,STL,6,10,4.74,23,22,1,1,0,0,117.2,125,69,62,16,3,36,77,1.37,.269
Gil G Meche,KC,6,10,5.09,23,23,1,1,0,0,129.0,144,81,73,17,3,58,95,1.57,.281
Russ R Ortiz,HOU,3,6,5.57,23,13,0,0,0,0,85.2,95,56,53,8,4,48,65,1.67,.289
Felipe F Paulino,HOU,3,11,6.27,23,17,0,0,0,1,97.2,126,73,68,20,4,37,93,1.67,.317
Yusmeiro Y Petit,ARI,3,10,5.82,23,17,0,0,0,0,89.2,102,62,58,19,0,34,74,1.52,.276
David D Price,TB,10,7,4.42,23,23,0,0,0,0,128.1,119,72,63,17,4,54,102,1.35,.241
Jeremy J Sowers,CLE,6,11,5.25,23,22,0,0,0,0,123.1,134,73,72,11,3,52,51,1.51,.281
Jason J Vargas,SEA,3,6,4.91,23,14,0,0,0,0,91.2,98,53,50,16,3,24,54,1.33,.281
Dallas D Braden,OAK,8,9,3.89,22,22,0,0,0,0,136.2,144,63,59,9,2,42,81,1.36,.268
Dave D Bush,MIL,5,9,6.38,22,21,0,0,0,0,114.1,131,84,81,19,15,37,89,1.47,.294
Kyle K Davies,KC,8,9,5.27,22,22,1,0,0,0,123.0,122,76,72,18,4,66,86,1.53,.265
Tom T Gorzelanny,CHC,7,3,5.55,22,7,0,0,0,1,47.0,45,30,29,6,1,17,47,1.32,.250
Randy R Johnson,SF,8,6,4.88,22,17,0,0,0,1,96.0,97,55,52,19,2,31,86,1.33,.262
Andy A Sonnanstine,TB,6,9,6.77,22,18,0,0,0,0,99.2,131,85,75,19,2,34,60,1.66,.311
Jamie J Walker,BAL,0,0,5.11,22,0,0,0,0,1,12.1,19,8,7,5,1,0,9,1.54,.373
Jesus J Colome,MIL,1,1,7.59,21,0,0,0,0,1,21.1,34,18,18,2,1,6,15,1.88,.362
Mike M Hampton,HOU,7,10,5.30,21,21,0,0,0,0,112.0,128,71,66,13,2,46,74,1.55,.298
Tommy T Hanson,ATL,11,4,2.89,21,21,0,0,0,0,127.2,105,42,41,10,5,46,116,1.18,.225
Casey C Janssen,TOR,2,4,5.85,21,5,0,0,1,1,40.0,59,29,26,5,2,14,24,1.83,.341
Hiroki H Kuroda,LAD,8,7,3.76,21,20,0,0,0,0,117.1,110,59,49,12,1,24,87,1.14,.243
Damaso D Marte,NYY,1,3,9.45,21,0,0,0,0,1,13.1,15,14,14,3,1,6,13,1.58,.278
Chris C Narveson,MIL,2,0,3.83,21,4,0,0,0,0,47.0,45,22,20,7,2,16,46,1.30,.247
Will W Ohman,LAD,1,0,5.84,21,0,0,0,1,2,12.1,12,8,8,4,0,8,7,1.62,.261
J. C. J Romero,PHI,0,0,2.70,21,0,0,0,0,1,16.2,13,6,5,2,2,13,12,1.56,.224
Daniel D Schlereth,ARI,1,4,5.89,21,0,0,0,0,3,18.1,15,13,12,1,1,15,22,1.64,.221
Brett B Tomko,OAK,5,3,3.77,21,6,1,1,0,0,57.1,50,24,24,12,1,13,33,1.10,.236
Tim T Wakefield,BOS,11,5,4.58,21,21,2,0,0,0,129.2,137,67,66,12,10,50,72,1.44,.270
Homer H Bailey,CIN,8,5,4.53,20,20,0,0,0,0,113.1,115,61,57,12,3,52,86,1.47,.266
Jerry J Blevins,OAK,0,0,4.84,20,0,0,0,0,0,22.1,19,12,12,2,0,6,23,1.12,.229
Chad C Bradford,TB,1,0,4.35,20,0,0,0,0,1,10.1,22,5,5,1,0,2,6,2.32,.431
Doug D Brocail,HOU,1,0,4.58,20,0,0,0,0,1,17.2,21,9,9,4,0,13,9,1.92,.309
Alberto A Castillo,BAL,0,0,2.25,20,0,0,0,0,0,12.0,12,4,3,0,1,4,8,1.33,.279
Neftali N Feliz,TEX,1,0,1.74,20,0,0,0,2,3,31.0,13,6,6,2,3,8,39,0.68,.124
Gio G Gonzalez,OAK,6,7,5.75,20,17,0,0,0,0,98.2,113,68,63,14,1,56,109,1.71,.288
Sean S Henn,BAL,0,3,7.53,20,0,0,0,0,2,14.1,15,12,12,2,1,12,15,1.88,.273
David D Hernandez,BAL,4,10,5.42,20,19,0,0,0,0,101.1,118,62,61,27,1,46,68,1.62,.288
Boone B Logan,ATL,1,1,5.19,20,0,0,0,0,0,17.1,21,12,10,1,1,9,10,1.73,.292
Andrew A Miller,FLA,3,5,4.84,20,14,0,0,0,0,80.0,85,52,43,7,2,43,59,1.60,.273
Dustin D Nippert,TEX,5,3,3.88,20,10,0,0,0,0,69.2,64,31,30,7,4,29,54,1.33,.245
David D Patton,CHC,3,1,6.83,20,0,0,0,0,0,27.2,31,22,21,4,0,19,23,1.81,.279
Edwar E Ramirez,NYY,0,0,5.73,20,0,0,0,0,0,22.0,25,15,14,6,0,18,22,1.95,.281
Jeff J Samardzija,CHC,1,3,7.53,20,2,0,0,0,0,34.2,46,29,29,7,1,15,21,1.76,.329
Dennis D Sarfate,BAL,0,1,5.09,20,0,0,0,0,0,23.0,21,15,13,3,1,14,20,1.52,.250
Scot S Shields,LAA,1,3,6.62,20,0,0,0,1,4,17.2,16,14,13,1,0,15,12,1.75,.239
Jess J Todd,CLE,0,1,7.66,20,0,0,0,0,0,22.1,34,19,19,4,0,9,20,1.93,.358
Sean S West,FLA,8,6,4.79,20,20,0,0,0,0,103.1,115,62,55,11,3,44,70,1.54,.280
Brad B Bergesen,BAL,7,5,3.43,19,19,1,0,0,0,123.1,126,52,47,11,5,32,65,1.28,.265
Neal N Cotts,CHC,0,2,7.36,19,0,0,0,0,1,11.0,14,9,9,3,1,9,9,2.09,.311
Scott S Elbert,LAD,2,0,5.03,19,0,0,0,0,0,19.2,19,11,11,4,0,7,21,1.32,.253
Josh J Geer,SD,1,7,5.96,19,17,0,0,0,0,102.2,116,73,68,27,4,23,54,1.35,.288
Tommy T Hunter,TEX,9,6,4.10,19,19,1,0,0,0,112.0,113,55,51,13,2,33,64,1.30,.259
Mike M Lincoln,CIN,1,1,8.22,19,0,0,0,0,0,23.0,29,21,21,7,4,19,9,2.09,.326
Edwin E Moreno,SD,1,3,4.84,19,0,0,0,0,1,22.1,28,13,12,3,2,15,15,1.93,.311
Horacio H Ramirez,KC,0,2,5.96,19,1,0,0,0,1,22.2,27,16,15,3,0,11,13,1.68,.293
Craig C Stammen,WSH,4,7,5.11,19,19,1,0,0,0,105.2,112,67,60,14,3,24,48,1.29,.271
Donnie D Veal,PIT,1,0,7.16,19,0,0,0,0,0,16.1,18,13,13,2,2,20,16,2.33,.281
Brett B Cecil,TOR,7,4,5.30,18,17,0,0,0,0,93.1,116,59,55,17,5,38,69,1.65,.308
Kevin K Hart,PIT,4,9,5.44,18,14,0,0,0,0,81.0,97,55,49,11,4,44,52,1.74,.306
Shane S Loux,LAA,2,3,5.86,18,6,0,0,0,0,58.1,84,42,38,4,4,19,19,1.77,.343
Charlie C Morton,PIT,5,9,4.55,18,18,1,1,0,0,97.0,102,49,49,7,5,40,62,1.46,.276
Brett B Myers,PHI,4,3,4.84,18,10,0,0,0,0,70.2,74,38,38,18,4,23,50,1.37,.272
Tomo T Ohka,CLE,1,5,5.96,18,6,0,0,0,0,71.0,77,47,47,18,4,19,31,1.35,.278
Glen G Perkins,MIN,6,7,5.89,18,17,0,0,0,0,96.1,120,64,63,13,1,23,45,1.48,.304
Rafael R Rodriguez,LAA,0,1,5.58,18,0,0,0,0,2,30.2,47,22,19,4,1,9,10,1.83,.356
Jorge J Sosa,WSH,2,1,6.45,18,0,0,0,2,2,22.1,28,16,16,5,0,12,17,1.79,.311
Tim T Wood,FLA,1,0,2.82,18,0,0,0,0,0,22.1,22,8,7,2,1,10,16,1.43,.272
Bruce B Chen,KC,1,6,5.78,17,9,0,0,0,0,62.1,74,42,40,12,4,25,45,1.59,.301
Willie W Eyre,TEX,0,0,4.50,17,0,0,0,0,0,18.0,18,9,9,0,0,6,8,1.33,.281
Josh J Kinney,STL,1,0,8.80,17,0,0,0,0,1,15.1,23,15,15,2,2,11,8,2.22,.343
Vin V Mazzaro,OAK,4,9,5.32,17,17,0,0,0,0,91.1,120,61,54,12,4,39,59,1.74,.319
Brandon B Mc Carthy,TEX,7,4,4.62,17,17,1,1,0,0,97.1,96,55,50,13,3,36,65,1.36,.255
Billy B Wagner,BOS,1,1,1.72,17,0,0,0,0,0,15.2,8,5,3,1,1,8,26,1.02,.154
Jose J Ascanio,PIT,0,2,4.00,16,0,0,0,0,0,18.0,22,8,8,1,3,9,20,1.72,.314
Mitchell M Boggs,STL,2,3,4.19,16,9,0,0,0,0,58.0,71,28,27,3,4,33,46,1.79,.311
Lance L Broadway,NYM,0,1,5.87,16,0,0,0,0,0,30.2,38,21,20,0,0,15,18,1.73,.302
Clay C Buchholz,BOS,7,4,4.21,16,16,0,0,0,0,92.0,91,44,43,13,2,36,68,1.38,.256
Billy B Buckner,ARI,4,6,6.40,16,13,0,0,0,0,77.1,94,57,55,12,3,29,64,1.59,.306
Buddy B Carlyle,ATL,0,1,8.86,16,0,0,0,0,0,21.1,35,23,21,5,0,12,12,2.20,.380
Roy R Corcoran,SEA,2,0,6.16,16,0,0,0,0,1,19.0,25,13,13,2,1,17,6,2.21,.357
Nelson N Figueroa,NYM,3,8,4.09,16,10,1,1,0,0,70.1,80,33,32,8,9,24,59,1.48,.286
Geoff G Geary,HOU,1,3,8.10,16,0,0,0,0,2,20.0,30,19,18,4,1,10,12,2.00,.357
Jake J Peavy,CWS,9,6,3.45,16,16,1,0,0,0,101.2,80,41,39,8,1,34,110,1.12,.216
Hayden H Penn,FLA,1,0,7.77,16,1,0,0,0,0,22.0,30,27,19,3,2,20,27,2.27,.319
Anibal A Sánchez Sanchez,FLA,4,8,3.87,16,16,0,0,0,0,86.0,84,39,37,10,1,46,71,1.51,.253
Kevin K Slowey,MIN,10,3,4.86,16,16,0,0,0,0,90.2,113,50,49,15,5,15,75,1.41,.309
Jordan J Zimmermann,WSH,3,5,4.63,16,16,0,0,0,0,91.1,95,51,47,10,4,29,92,1.36,.271
Erik E Bedard,SEA,5,3,2.82,15,15,0,0,0,0,83.0,65,29,26,8,4,34,90,1.19,.212
Mike M Burns,MIL,3,5,5.75,15,8,0,0,0,0,51.2,60,36,33,10,1,17,39,1.49,.294
Daniel D Cabrera,ARI,0,6,6.00,15,9,0,0,0,0,51.0,59,47,34,4,4,42,23,1.98,.285
Ross R Detwiler,WSH,1,6,5.00,15,14,1,0,0,0,75.2,87,43,42,3,2,33,43,1.59,.289
Phil P Dumatrait,PIT,0,2,6.92,15,0,0,0,0,1,13.0,13,11,10,4,0,11,7,1.85,.250
Luke L French,SEA,4,5,5.21,15,12,0,0,0,0,67.1,87,45,39,11,2,28,42,1.71,.314
Mike M Gosling,CLE,0,0,5.04,15,0,0,0,0,0,25.0,30,15,14,5,0,11,13,1.64,.291
Dirk D Hayhurst,TOR,0,0,2.78,15,0,0,0,0,0,22.2,23,7,7,2,2,9,13,1.41,.274
Jorge J Julio,MIL,1,1,7.79,15,0,0,0,0,1,17.1,15,17,15,2,4,15,13,1.73,.217
John J Maine,NYM,7,6,4.43,15,15,0,0,0,0,81.1,67,42,40,8,4,38,55,1.29,.224
J. D. J Martin,WSH,5,4,4.44,15,15,0,0,0,0,77.0,85,40,38,14,6,24,37,1.42,.279
Cristhian C Martinez,FLA,1,1,5.13,15,0,0,0,0,1,26.1,27,16,15,2,0,8,18,1.33,.262
Shairon S Martis,WSH,5,3,5.25,15,15,1,0,0,0,85.2,83,52,50,11,4,39,34,1.42,.255
Ryan R Rowland- Smith,SEA,5,4,3.74,15,15,0,0,0,0,96.1,87,43,40,9,4,27,52,1.18,.239
Adam A Russell,SD,3,1,3.65,15,0,0,0,0,0,12.1,13,6,5,0,0,11,14,1.95,.260
John J Smoltz,STL,3,8,6.35,15,15,0,0,0,0,78.0,95,55,55,11,3,18,73,1.45,.300
Luis L Vizcaino,CLE,1,3,4.11,15,0,0,0,1,1,15.1,10,7,7,2,0,12,12,1.43,.182
Tyler T Yates,PIT,0,2,7.50,15,0,0,0,0,0,12.0,14,12,10,2,1,7,9,1.75,.311
Denny D Bautista,PIT,1,1,5.27,14,0,0,0,0,1,13.2,15,8,8,1,1,7,15,1.61,.306
Esmailin E Caridad,CHC,1,0,1.40,14,0,0,0,0,0,19.1,15,4,3,0,3,3,17,0.93,.221
Sergio S Escalona,PHI,1,0,4.61,14,0,0,0,0,0,13.2,12,7,7,0,3,5,10,1.24,.240
Sean S Gallagher,SD,3,2,5.95,14,2,0,0,0,0,19.2,26,16,13,1,2,12,14,1.93,.325
Rich R Hill,BAL,3,3,7.80,14,13,0,0,0,0,57.2,68,53,50,7,1,40,46,1.87,.296
Mike M Hinckley,WSH,0,0,4.66,14,0,0,0,0,1,9.2,8,5,5,1,1,11,3,1.97,.258
Javier J López Lopez,BOS,0,2,9.26,14,0,0,0,0,0,11.2,20,13,12,1,2,9,5,2.49,.392
Josh J Outman,OAK,4,1,3.48,14,12,0,0,0,0,67.1,53,30,26,9,0,25,53,1.16,.212
Troy T Percival,TB,0,1,6.35,14,0,0,0,6,6,11.1,14,8,8,3,1,5,7,1.68,.304
Oliver O Pérez Perez,NYM,3,4,6.82,14,14,0,0,0,0,66.0,69,51,50,12,4,58,62,1.92,.273
Sidney S Ponson,KC,1,7,7.36,14,9,0,0,0,1,58.2,79,50,48,6,2,25,32,1.77,.332
Aaron A Poreda,SD,1,0,2.70,14,0,0,0,0,0,13.1,10,4,4,0,1,13,12,1.73,.217
Tim T Stauffer,SD,4,7,3.58,14,14,0,0,0,0,73.0,71,31,29,8,5,34,53,1.44,.259
Virgil V Vasquez,PIT,2,5,5.84,14,7,0,0,0,0,44.2,58,30,29,6,3,18,29,1.70,.320
Brian B Wolfe,TOR,2,2,8.22,14,0,0,0,0,1,15.1,25,15,14,5,1,7,11,2.09,.379
Chris C Young,SD,4,6,5.21,14,14,0,0,0,0,76.0,70,47,44,12,2,40,50,1.45,.246
Chris C Bootcheck,PIT,0,0,11.05,13,0,0,0,0,0,14.2,16,18,18,1,1,9,13,1.70,.286
Dana D Eveland,OAK,2,4,7.16,13,9,0,0,0,0,44.0,70,39,35,4,0,26,22,2.18,.365
Warner W Madrigal,TEX,0,0,9.95,13,0,0,0,0,0,12.2,18,14,14,2,1,12,5,2.37,.333
Mark M Melancon,NYY,0,1,3.86,13,0,0,0,0,1,16.1,13,8,7,0,4,10,10,1.41,.217
Rich R Thompson,LAA,0,0,5.12,13,0,0,0,0,0,19.1,27,11,11,6,1,7,21,1.76,.329
Bartolo B Colon,CWS,3,6,4.19,12,12,0,0,0,0,62.1,69,42,29,13,2,21,38,1.44,.280
Adam A Eaton,COL,3,5,8.08,12,8,0,0,0,0,49.0,65,44,44,10,0,27,35,1.88,.316
Mike M Ekstrom,SD,0,0,6.38,12,0,0,0,0,0,18.1,21,14,13,3,1,8,19,1.58,.292
Jimmy J Gobble,CWS,0,0,7.50,12,0,0,0,0,0,12.0,14,10,10,3,2,7,10,1.75,.280
Daisuke D Matsuzaka,BOS,4,6,5.76,12,12,0,0,0,0,59.1,81,38,38,10,2,30,54,1.87,.325
Randy R Messenger,SEA,0,1,4.35,12,0,0,0,0,0,10.1,13,5,5,3,0,0,5,1.26,.302
Sergio S Mitre,NYY,3,3,6.79,12,9,0,0,0,0,51.2,71,45,39,10,3,13,32,1.63,.321
Sean S O' Sullivan,LAA,4,2,5.92,12,10,0,0,0,0,51.2,60,34,34,12,1,16,29,1.47,.296
Duaner D Sanchez,SD,1,1,9.00,12,0,0,0,0,1,11.0,18,11,11,3,1,8,2,2.36,.383
Anthony A Swarzak,MIN,3,7,6.25,12,12,0,0,0,0,59.0,76,43,41,12,2,20,34,1.63,.311
Chris C Tillman,BAL,2,5,5.40,12,12,0,0,0,0,65.0,77,40,39,15,2,24,39,1.55,.297
Koji K Uehara,BAL,2,4,4.05,12,12,0,0,0,0,66.2,71,33,30,7,0,12,48,1.25,.270
Chien- Ming C Wang,NYY,1,6,9.64,12,9,0,0,0,0,42.0,66,46,45,7,2,19,29,2.02,.365
Yasuhiko Y Yabuta,KC,2,1,13.50,12,0,0,0,0,1,14.0,29,21,21,3,0,7,9,2.57,.420
Justin J Berg,CHC,0,0,0.75,11,0,0,0,0,0,12.0,10,1,1,0,0,1,7,0.92,.227
Kevin K Cameron,OAK,0,0,3.44,11,0,0,0,1,1,18.1,15,7,7,1,0,6,15,1.15,.221
Doug D Fister,SEA,3,4,4.13,11,10,0,0,0,0,61.0,63,29,28,11,2,15,36,1.28,.264
Matt M Harrison,TEX,4,5,6.11,11,11,2,1,0,0,63.1,81,43,43,9,2,23,34,1.64,.316
Hunter H Jones,BOS,0,0,9.24,11,0,0,0,0,0,12.2,16,13,13,3,1,7,9,1.82,.302
Brad B Kilby,OAK,1,0,0.53,11,1,0,0,0,0,17.0,10,2,1,1,0,4,20,0.82,.164
Justin J Lehr,CIN,5,3,5.37,11,11,1,1,0,0,65.1,72,39,39,14,3,28,33,1.53,.286
Jeff J Manship,MIN,1,1,5.68,11,5,0,0,0,0,31.2,39,21,20,4,1,15,21,1.71,.310
Kam K Mickolio,BAL,0,2,2.63,11,0,0,0,0,0,13.2,11,4,4,0,0,7,14,1.32,.220
Bud B Norris,HOU,6,3,4.53,11,10,0,0,0,0,55.2,59,29,28,9,3,25,54,1.51,.272
Scott S Olsen,WSH,2,4,6.03,11,11,0,0,0,0,62.2,83,45,42,11,0,25,42,1.72,.320
Ramon R Ramirez,CIN,0,0,3.65,11,0,0,0,0,0,12.1,8,5,5,2,1,4,8,0.97,.186
Dan D Runzler,SF,0,0,1.04,11,0,0,0,0,0,8.2,6,1,1,1,1,5,11,1.27,.188
Glendon G Rusch,COL,2,0,6.75,11,0,0,0,0,0,18.2,35,15,14,3,0,3,13,2.04,.398
Marc M Rzepczynski,TOR,2,4,3.67,11,11,0,0,0,0,61.1,51,27,25,7,1,30,60,1.32,.225
Doug D Slaten,ARI,0,0,7.11,11,0,0,0,0,0,6.1,10,5,5,1,0,1,4,1.74,.345
Jeff J Stevens,CHC,1,0,7.11,11,0,0,0,0,0,12.2,14,10,10,2,1,8,9,1.74,.286
Dale D Thayer,TB,0,0,4.61,11,0,0,0,1,1,13.2,18,9,7,3,0,1,8,1.39,.310
Rick R Van Den Hurk,FLA,3,2,4.30,11,11,0,0,0,0,58.2,57,29,28,11,4,21,49,1.33,.252
Greg G Aquino,CLE,1,2,4.50,10,0,0,0,0,0,16.0,13,8,8,1,0,15,11,1.75,.228
Yorman Y Bazardo,HOU,1,3,7.88,10,6,0,0,0,0,32.0,37,31,28,2,1,22,17,1.84,.296
Eddie E Bonine,DET,1,1,4.46,10,4,0,0,0,0,34.1,40,19,17,7,1,12,19,1.51,.308
Waldis W Joaquin,SF,0,0,4.22,10,0,0,0,0,0,10.2,10,5,5,1,2,7,12,1.59,.238
Masa M Kobayashi,CLE,0,0,8.38,10,0,0,0,0,0,9.2,12,9,9,2,1,4,4,1.66,.300
Mat M Latos,SD,4,5,4.62,10,10,0,0,0,0,50.2,43,29,26,7,0,23,39,1.30,.232
Jay J Marshall,OAK,0,2,14.73,10,0,0,0,0,0,7.1,13,12,12,1,1,0,1,1.77,.406
Guillermo G Moscoso,TEX,0,0,3.21,10,0,0,0,0,0,14.0,15,7,5,1,1,6,12,1.50,.268
Eric E Stults,LAD,4,3,4.86,10,10,1,1,0,0,50.0,51,27,27,3,4,26,33,1.54,.268
Jhoulys J Chacín Chacin,COL,0,1,4.91,9,1,0,0,0,0,11.0,6,6,6,1,0,11,13,1.55,.167
Casey C Fien,DET,0,1,7.94,9,0,0,0,0,0,11.1,13,11,10,2,0,6,9,1.68,.289
Freddy F Garcia,CWS,3,4,4.34,9,9,0,0,0,0,56.0,56,27,27,4,0,12,37,1.21,.259
Alex A Hinshaw,SF,0,0,12.00,9,0,0,0,0,0,6.0,10,8,8,2,0,7,2,2.83,.385
Jason J Isringhausen,TB,0,1,2.25,9,0,0,0,0,1,8.0,6,2,2,0,2,5,6,1.38,.200
Kyle K Kendrick,PHI,3,1,3.42,9,2,0,0,0,0,26.1,27,11,10,1,1,9,15,1.37,.273
Wade W Le Blanc,SD,3,1,3.69,9,9,0,0,0,0,46.1,35,19,19,6,4,19,30,1.17,.210
Joe J Martinez,SF,3,2,7.50,9,5,0,0,0,0,30.0,46,27,25,4,1,12,19,1.93,.351
Pedro P Martinez,PHI,5,1,3.63,9,9,0,0,0,0,44.2,48,18,18,7,4,8,37,1.25,.273
David D Purcey,TOR,1,3,6.19,9,9,0,0,0,0,48.0,54,35,33,6,1,30,39,1.75,.287
Denny D Stark,SEA,0,1,6.55,9,0,0,0,0,0,11.0,13,9,8,2,0,10,7,2.09,.302
Pedro P Viola,CIN,0,0,5.14,9,0,0,0,0,0,7.0,7,4,4,2,0,3,5,1.43,.269
Edinson E Vólquez Volquez,CIN,4,2,4.35,9,9,0,0,0,0,49.2,34,25,24,6,5,32,47,1.33,.191
Trevor T Bell,LAA,1,2,9.74,8,4,0,0,0,0,20.1,40,25,22,3,0,11,14,2.51,.412
Kris K Benson,TEX,1,1,8.46,8,2,0,0,0,0,22.1,33,23,21,6,3,12,11,2.01,.340
Jeremy J Bonderman,DET,0,1,8.71,8,1,0,0,0,0,10.1,16,10,10,4,1,8,5,2.32,.364
Michael M Bowden,BOS,1,1,9.56,8,1,0,0,0,0,16.0,23,17,17,3,0,6,12,1.81,.333
Vinnie V Chulk,CLE,0,1,3.75,8,0,0,0,0,1,12.0,10,6,5,1,0,10,4,1.67,.233
Dusty D Hughes,KC,0,2,5.14,8,1,0,0,0,0,14.0,13,9,8,2,2,8,15,1.50,.245
Philip P Humber,MIN,0,0,8.00,8,0,0,0,0,0,9.0,17,8,8,1,0,9,9,2.89,.415
Wilton W Lopez,HOU,0,2,8.38,8,2,0,0,0,1,19.1,32,21,18,4,1,8,9,2.07,.386
Victor V Marte,KC,0,0,8.25,8,0,0,0,0,0,12.0,13,12,11,2,0,12,7,2.08,.283
Brian B Matusz,BAL,5,2,4.63,8,8,0,0,0,0,44.2,52,24,23,6,0,14,38,1.48,.292
Kevin K Mulvey,ARI,0,3,8.14,8,4,0,0,0,0,24.1,29,22,22,5,2,12,18,1.68,.299
Bill B Murphy,TOR,0,0,3.18,8,0,0,0,0,0,11.1,4,4,4,1,0,8,6,1.06,.111
Fernando F Nieve,NYM,3,3,2.95,8,7,0,0,0,0,36.2,36,13,12,4,1,19,23,1.50,.263
James J Parr,ATL,0,0,5.79,8,0,0,0,0,0,14.0,17,9,9,1,1,5,12,1.57,.293
Anthony A Reyes,CLE,1,1,6.57,8,8,0,0,0,0,38.1,40,30,28,5,2,23,22,1.64,.274
Zack Z Segovia,WSH,1,0,7.84,8,0,0,0,0,1,10.1,11,10,9,1,0,6,4,1.65,.282
Carlos C Silva,SEA,1,3,8.60,8,6,0,0,0,0,30.1,41,29,29,5,3,11,10,1.71,.323
Carlos C Torres,CWS,1,2,6.04,8,5,0,0,0,0,28.1,30,20,19,5,2,17,22,1.66,.286
P. J. P Walters,STL,0,0,9.56,8,1,0,0,0,0,16.0,21,19,17,6,0,9,14,1.88,.304
Bryan B Augenstein,ARI,0,1,7.94,7,2,0,0,0,0,17.0,23,16,15,2,2,6,6,1.71,.333
John J Axford,MIL,0,0,3.52,7,0,0,0,1,1,7.2,5,3,3,0,0,6,9,1.43,.179
Collin C Balester,WSH,1,4,6.82,7,7,0,0,0,0,30.1,34,24,23,10,0,14,20,1.58,.281
Paul P Byrd,BOS,1,3,5.82,7,6,0,0,0,0,34.0,47,22,22,4,0,11,11,1.71,.331
Dan D Giese,OAK,0,3,5.32,7,1,0,0,0,0,22.0,22,13,13,5,0,9,11,1.41,.262
Tim T Hudson,ATL,2,1,3.61,7,7,0,0,0,0,42.1,49,17,17,4,0,13,30,1.46,.295
Rodrigo R Lopez,PHI,3,1,5.70,7,5,0,0,0,0,30.0,42,24,19,3,0,11,19,1.77,.339
Matt M Maloney,CIN,2,4,4.87,7,7,0,0,0,0,40.2,43,22,22,9,3,8,28,1.25,.281
Bob B Mc Crory,BAL,0,0,17.18,7,0,0,0,0,0,7.1,17,19,14,3,0,10,4,3.68,.447
Clayton C Mortensen,OAK,2,4,7.63,7,6,0,0,0,0,30.2,42,34,26,6,3,13,13,1.79,.328
Jhonny J Nunez,CWS,0,0,9.53,7,0,0,0,0,0,5.2,10,6,6,1,0,2,3,2.12,.370
Carlos C Rosa,KC,0,0,3.38,7,0,0,0,1,1,10.2,10,4,4,1,0,3,4,1.22,.256
Pedro P Strop,TEX,0,0,7.71,7,0,0,0,0,0,7.0,6,6,6,0,0,4,9,1.43,.231
Dontrelle D Willis,DET,1,4,7.49,7,7,0,0,0,0,33.2,37,28,28,4,1,28,17,1.93,.294
Josh J Banks,SD,1,1,7.15,6,3,0,0,0,0,22.2,30,18,18,6,1,4,9,1.50,.330
Antonio A Bastardo,PHI,2,3,6.46,6,5,0,0,0,0,23.2,26,18,17,4,2,9,19,1.48,.274
Fernando F Cabrera,BOS,0,0,8.44,6,0,0,0,0,0,5.1,7,5,5,0,1,4,8,2.06,.304
Wade W Davis,TB,2,2,3.72,6,6,1,1,0,0,36.1,33,19,15,2,0,13,36,1.27,.243
Freddy F Dolsi,DET,1,0,1.69,6,0,0,0,0,1,10.2,13,6,2,0,0,4,3,1.59,.310
Charlie C Haeger,LAD,1,1,3.32,6,3,0,0,0,0,19.0,13,7,7,4,2,7,15,1.05,.188
Daniel D Hudson,CWS,1,1,3.38,6,2,0,0,0,0,18.2,16,9,7,3,1,9,14,1.34,.225
Chris C Lambert,BAL,0,1,10.22,6,0,0,0,0,0,12.1,20,14,14,5,0,7,11,2.19,.364
Daniel D Mc Cutchen,PIT,1,2,4.21,6,6,0,0,0,0,36.1,38,17,17,6,1,11,19,1.35,.271
Jon J Meloan,OAK,0,0,0.00,6,0,0,0,0,0,8.1,3,1,0,0,0,2,11,0.60,.111
Chad C Paronto,HOU,0,0,12.15,6,0,0,0,0,0,6.2,15,9,9,4,0,1,3,2.40,.455
Jo- Jo J Reyes,ATL,0,2,7.00,6,5,0,0,0,0,27.0,27,25,21,4,1,13,21,1.48,.262
Ryan R Sadowski,SF,2,4,4.45,6,6,0,0,0,0,28.1,28,15,14,2,1,17,17,1.59,.264
Walter W Silva,SD,0,2,8.76,6,6,0,0,0,0,24.2,34,28,24,4,0,15,11,1.99,.330
R. J. R Swindle,MIL,0,0,16.20,6,0,0,0,0,0,6.2,12,12,12,3,1,4,8,2.40,.375
Junichi J Tazawa,BOS,2,3,7.46,6,4,0,0,0,0,25.1,43,23,21,4,3,9,13,2.05,.374
Winston W Abreu,CLE,0,0,10.50,5,0,0,0,0,0,6.0,10,8,7,2,1,4,6,2.33,.370
Brandon B Backe,HOU,0,0,10.38,5,1,0,0,0,0,13.0,21,15,15,5,0,6,10,2.08,.362
Jorge J Campillo,ATL,1,0,4.15,5,0,0,0,0,1,4.1,7,3,2,0,0,3,3,2.31,.389
Carlos C Carrasco,CLE,0,4,8.87,5,5,0,0,0,0,22.1,40,23,22,6,0,11,11,2.28,.400
Lenny L Di Nardo,KC,0,3,10.13,5,5,0,0,0,0,21.1,41,28,24,2,1,15,8,2.63,.414
Alfredo A Figaro,DET,2,2,6.35,5,3,0,0,0,0,17.0,23,13,12,3,1,10,16,1.94,.324
Craig C Hansen,PIT,0,0,5.68,5,0,0,0,0,0,6.1,6,4,4,1,1,4,5,1.58,.240
Bobby B Korecky,ARI,0,0,13.50,5,0,0,0,0,0,6.0,11,9,9,0,0,4,3,2.50,.423
Wilfredo W Ledezma,WSH,0,0,9.53,5,0,0,0,0,0,5.2,8,7,6,1,0,4,8,2.12,.333
Chris C Leroux,FLA,0,0,10.80,5,0,0,0,0,0,6.2,11,8,8,0,0,4,2,2.25,.355
Osiris O Matos,SF,0,0,9.00,5,0,0,0,0,0,6.0,11,7,6,2,0,1,5,2.00,.367
Eric E Milton,LAD,2,1,3.80,5,5,0,0,0,0,23.2,30,12,10,2,2,6,20,1.52,.303
Jonathon J Niese,NYM,1,1,4.21,5,5,0,0,0,0,25.2,27,12,12,1,0,9,18,1.40,.276
Cesar C Ramos,SD,0,1,3.07,5,2,0,0,0,0,14.2,19,5,5,0,0,4,10,1.57,.328
Ryan R Speier,COL,0,0,4.76,5,0,0,0,0,0,5.2,6,3,3,0,1,3,2,1.59,.316
Doug D Waechter,KC,0,0,8.44,5,0,0,0,0,0,5.1,9,5,5,2,0,3,3,2.25,.375
Chris C Waters,BAL,1,0,5.40,5,1,0,0,0,0,11.2,9,7,7,3,0,5,5,1.20,.205
Bryan B Bullington,TOR,0,0,3.00,4,0,0,0,0,0,6.0,7,2,2,0,0,6,5,2.17,.304
Madison M Bumgarner,SF,0,0,1.80,4,1,0,0,0,0,10.0,8,2,2,2,0,3,10,1.10,.229
Daniel D Davidson,LAA,0,0,5.40,4,0,0,0,0,0,1.2,3,1,1,0,0,3,0,3.60,.375
Mike M Dunn,NYY,0,0,6.75,4,0,0,0,0,0,4.0,3,3,3,1,0,5,5,2.00,.200
Marco M Estrada,WSH,0,1,6.14,4,1,0,0,0,0,7.1,6,6,5,1,0,4,9,1.36,.214
Victor V Garate,WSH,0,0,22.50,4,0,0,0,0,0,2.0,5,5,5,1,1,3,0,4.00,.500
Arturo A Lopez,SD,0,0,19.29,4,0,0,0,0,0,2.1,7,5,5,2,1,3,0,4.29,.538
Robert R Ray,TOR,1,2,4.44,4,4,0,0,0,0,24.1,23,15,12,4,2,6,13,1.19,.253
Josh J Rupe,TEX,0,0,15.43,4,0,0,0,0,0,4.2,12,8,8,2,0,5,2,3.64,.462
Jason J Schmidt,LAD,2,2,5.60,4,4,0,0,0,0,17.2,16,12,11,1,3,12,8,1.58,.239
Steven S Shell,WSH,0,0,5.40,4,0,0,0,0,0,5.0,5,3,3,1,0,2,5,1.40,.250
Tobi T Stoner,NYM,0,0,4.00,4,0,0,0,0,0,9.0,9,4,4,2,0,3,5,1.33,.281
Jon J Switzer,NYM,0,0,8.10,4,0,0,0,0,1,3.1,4,3,3,1,1,2,3,1.80,.286
Jairo J Asencio,ATL,0,1,3.38,3,0,0,0,0,0,2.2,3,1,1,0,0,2,0,1.88,.273
Josh J Butler,MIL,0,0,9.00,3,0,0,0,0,0,4.0,7,4,4,0,1,6,3,3.25,.368
Drew D Carpenter,PHI,1,0,11.12,3,1,0,0,0,0,5.2,11,7,7,1,1,4,5,2.65,.423
Cesar C Carrillo,SD,1,2,13.06,3,3,0,0,0,0,10.1,16,15,15,4,2,12,4,2.71,.348
Anthony A Claggett,PIT,0,0,27.00,3,0,0,0,0,0,3.2,13,11,11,3,0,4,3,4.64,.542
Frankie F De La Cruz,SD,0,0,5.40,3,0,0,0,0,0,3.1,2,2,2,0,0,6,2,2.40,.200
Casey C Fossum,NYM,0,0,2.25,3,0,0,0,0,0,4.0,4,1,1,0,0,4,3,2.00,.267
Tom T Gordon,ARI,0,1,21.60,3,0,0,0,0,1,1.2,3,4,4,0,0,3,0,3.60,.429
Eric E Hacker,PIT,0,0,6.00,3,0,0,0,0,0,3.0,4,2,2,0,0,2,1,2.00,.333
Shawn S Hill,SD,1,1,5.25,3,3,0,0,0,0,12.0,15,7,7,1,1,3,7,1.50,.306
Zach Z Jackson,CLE,0,0,9.35,3,1,0,0,0,0,8.2,14,10,9,2,2,4,10,2.08,.350
Anthony A Lerew,KC,0,1,4.05,3,2,0,0,0,0,13.1,14,8,6,4,0,8,7,1.65,.264
Robert R Manuel,CIN,0,0,0.00,3,0,0,0,0,0,4.1,5,0,0,0,0,1,2,1.38,.294
Juan J Morillo,MIN,0,0,22.50,3,0,0,0,0,0,2.0,3,5,5,1,0,3,1,3.00,.333
Bobby B Mosebach,LAA,0,0,7.71,3,0,0,0,0,0,2.1,4,3,2,0,1,3,2,3.00,.364
Dustin D Moseley,LAA,1,0,4.30,3,3,0,0,0,0,14.2,20,8,7,3,0,3,8,1.57,.323
Anthony A Ortega,LAA,0,2,9.24,3,3,0,0,0,0,12.2,19,15,13,4,0,6,7,1.97,.345
Clay C Rapada,DET,0,0,5.40,3,0,0,0,0,0,3.1,4,2,2,1,0,2,2,1.80,.286
Dustin D Richardson,BOS,0,0,0.00,3,0,0,0,0,0,3.1,3,0,0,0,0,1,0,1.20,.250
Henry Alberto H Rodriguez,OAK,0,0,2.25,3,0,0,0,0,0,4.0,4,2,1,0,1,2,4,1.50,.235
Graham G Taylor,FLA,0,2,8.18,3,3,0,0,0,0,11.0,16,14,10,0,1,12,5,2.55,.340
Jason J Waddell,CHC,0,0,5.40,3,0,0,0,0,0,1.2,3,1,1,0,0,0,2,1.80,.375
Wes W Whisler,CWS,0,0,13.50,3,0,0,0,0,0,1.1,0,2,2,0,0,3,2,2.25,.000
Mitch M Atkins,CHC,0,0,0.00,2,0,0,0,0,0,2.0,1,0,0,0,0,0,0,0.50,.143
Brian B Burres,TOR,0,2,14.21,2,2,0,0,0,0,6.1,12,12,10,0,0,5,4,2.68,.375
Tim T Dillard,MIL,0,1,12.46,2,0,0,0,0,1,4.1,7,6,6,1,0,5,1,2.77,.412
Jack J Egbert,CWS,0,0,27.00,2,0,0,0,0,0,2.2,8,8,8,1,0,2,0,3.75,.533
Chad C Fox,CHC,0,0,135.00,2,0,0,0,0,0,0.1,2,5,5,0,0,3,0,15.00,.667
Ernesto E Frieri,SD,0,0,0.00,2,0,0,0,0,0,2.0,0,0,0,0,0,1,2,0.50,.000
Armando A Gabino,MIN,0,0,17.18,2,1,0,0,0,0,3.2,9,7,7,1,0,5,2,3.82,.450
Enrique E Gonzalez,BOS,0,0,4.91,2,0,0,0,0,0,3.2,5,2,2,1,0,2,1,1.91,.313
Paul P Janish S,CIN,0,0,49.50,2,0,0,0,0,0,2.0,9,11,11,2,0,2,3,5.50,.600
John J Koronka,FLA,0,2,11.05,2,2,0,0,0,0,7.1,11,11,9,4,0,7,4,2.45,.344
Jesse J Litsch,TOR,0,1,9.00,2,2,0,0,0,0,9.0,14,9,9,4,1,1,8,1.67,.350
Radhames R Liz,BAL,0,0,67.50,2,0,0,0,0,0,1.1,8,10,10,1,2,2,1,7.50,.667
Carlos C Martinez,FLA,0,0,3.86,2,0,0,0,0,0,2.1,3,1,1,1,1,2,2,2.14,.300
Brad B Mills,TOR,0,1,14.09,2,2,0,0,0,0,7.2,14,12,12,4,0,6,9,2.61,.400
Travis T Schlichting,LAD,0,0,3.38,2,0,0,0,0,0,2.2,1,2,1,1,0,5,2,2.25,.111
Alfredo A Simon,BAL,0,1,9.95,2,2,0,0,0,0,6.1,8,7,7,5,0,2,3,1.58,.308
Josh J Towers,NYY,0,0,3.38,2,0,0,0,0,0,5.1,6,3,2,0,1,1,2,1.31,.273
Josh J Wilson S,SD,0,1,13.50,2,0,0,0,0,0,2.0,3,3,3,1,0,2,0,2.50,.429
Nick N Adenhart,LAA,0,0,0.00,1,1,0,0,0,0,6.0,7,0,0,0,0,3,5,1.67,.292
Dusty D Brown,BOS,0,0,9.00,1,0,0,0,0,0,1.0,2,1,1,0,0,0,1,2.00,.400
David D Davidson,FLA,0,0,45.00,1,0,0,0,0,0,1.0,4,5,5,0,0,4,3,8.00,.571
Kelvim K Escobar,LAA,0,1,3.60,1,1,0,0,0,0,5.0,4,2,2,0,1,4,5,1.60,.235
Ross R Gload,FLA,0,0,0.00,1,0,0,0,0,0,1.0,0,0,0,0,0,2,0,2.00,.000
Nick N Green,BOS,0,0,0.00,1,0,0,0,0,0,2.0,0,0,0,0,0,3,0,1.50,.000
Ian I Kennedy,NYY,0,0,0.00,1,0,0,0,0,0,1.0,0,0,0,0,1,2,1,2.00,.000
Scott S Lewis,CLE,0,0,8.31,1,1,0,0,0,0,4.1,7,4,4,2,0,1,3,1.85,.368
Mark M Loretta,LAD,0,0,0.00,1,0,0,0,0,0,0.1,0,0,0,0,1,0,0,0.00,.000
Luis L Mendoza,TEX,0,0,36.00,1,0,0,0,0,0,1.0,2,4,4,1,1,1,0,3.00,.400
Vladimir V Nunez,ATL,0,0,36.00,1,0,0,0,0,0,1.0,2,4,4,2,0,2,1,4.00,.400
Steven S Register,PHI,0,0,4.50,1,0,0,0,0,0,2.0,3,1,1,0,1,1,1,2.00,.333
Chad C Reineke,OAK,0,0,7.20,1,1,0,0,0,0,5.0,7,4,4,2,1,0,1,1.40,.333
David D Riske,MIL,0,0,18.00,1,0,0,0,0,0,1.0,4,2,2,0,0,0,0,4.00,.800
Fernando F Rodriguez Jr.,LAA,0,0,27.00,1,0,0,0,0,0,0.2,1,3,2,1,0,2,1,4.50,.250
Esmil E Rogers,COL,0,0,4.50,1,1,0,0,0,0,4.0,3,2,2,0,0,2,3,1.25,.231
Cody C Ross R,FLA,0,0,0.00,1,0,0,0,0,0,1.0,1,0,0,0,0,0,0,1.00,.250
Rich R Rundles,CLE,0,0,0.00,1,0,0,0,0,0,1.0,1,0,0,0,1,1,1,2.00,.250
Billy B Sadler,HOU,0,0,13.50,1,0,0,0,0,0,1.1,2,2,2,0,0,1,2,2.25,.333
Nick N Swisher R,NYY,0,0,0.00,1,0,0,0,0,0,1.0,1,0,0,0,0,1,1,2.00,.250
Billy B Traber,BOS,0,0,12.27,1,0,0,0,0,0,3.2,9,5,5,2,0,1,1,2.73,.474
Jonathan J Van Every C,BOS,0,0,0.00,1,0,0,0,0,0,0.2,1,0,0,0,0,1,0,3.00,.333
Brandon B Webb,ARI,0,0,13.50,1,1,0,0,0,0,4.0,6,6,6,2,1,2,2,2.00,.353
