PLAYER,TEAM,AB,R,H,2B,3B,HR,RBI,BB,SO,SB,CS,AVG,OBP,SLG,OPS
Billy B Butler D,KC,162,582,62,168,27,0,15,82,79,102,0,0,.289,.374,.412,.787
Prince P Fielder,DET,162,624,82,174,36,0,25,106,75,117,1,1,.279,.362,.457,.819
Hunter H Pence R,SF,162,629,91,178,35,5,27,99,52,115,22,3,.283,.339,.483,.822
Joey J Votto,CIN,162,581,101,177,30,3,24,73,135,138,6,3,.305,.435,.491,.926
Adrian A Beltré,TEX,161,631,88,199,32,0,30,92,50,78,1,0,.315,.371,.509,.880
Starlin S Castro,CHC,161,666,59,163,34,2,10,44,30,129,9,6,.245,.284,.347,.631
Daniel D Murphy,NYM,161,658,92,188,38,4,13,78,32,95,23,3,.286,.319,.415,.733
Jay J Bruce R,CIN,160,626,89,164,43,1,30,109,63,185,7,3,.262,.329,.478,.807
Robinson R Canó,NYY,160,605,81,190,41,0,27,107,65,85,7,1,.314,.383,.516,.899
Chris C Davis,BAL,160,584,103,167,42,1,53,138,72,199,4,1,.286,.370,.634,1.004
Paul P Goldschmidt,ARI,160,602,103,182,36,3,36,125,99,145,15,7,.302,.401,.551,.952
Adam A Jones C,BAL,160,653,100,186,35,1,33,108,25,136,14,3,.285,.318,.493,.811
Evan E Longoria,TB,160,614,91,165,39,3,32,88,70,162,1,0,.269,.343,.498,.842
Nick N Markakis R,BAL,160,634,89,172,24,0,10,59,55,76,1,2,.271,.329,.356,.685
Dustin D Pedroia,BOS,160,641,91,193,42,2,9,84,73,75,17,5,.301,.372,.415,.786
Anthony A Rizzo,CHC,160,606,71,141,40,2,23,80,76,127,6,5,.233,.323,.419,.742
Jimmy J Rollins S,PHI,160,600,65,151,36,2,6,39,59,93,22,6,.252,.318,.348,.667
Kyle K Seager,SEA,160,615,79,160,32,2,22,69,68,122,9,3,.260,.338,.426,.764
J. J Hardy S,BAL,159,601,66,158,27,0,25,76,38,73,2,1,.263,.306,.433,.738
Eric E Hosmer,KC,159,623,86,188,34,3,17,79,51,100,11,4,.302,.353,.448,.801
Victor V Martinez D,DET,159,605,68,182,36,0,14,83,54,62,0,2,.301,.355,.430,.784
Mark M Trumbo,LAA,159,620,85,145,30,2,34,100,54,184,5,2,.234,.294,.453,.747
Ian I Desmond S,WSH,158,600,77,168,38,3,20,80,43,145,21,6,.280,.331,.453,.784
Josh J Donaldson,OAK,158,579,89,174,37,3,24,93,76,110,5,2,.301,.384,.499,.883
Alcides A Escobar S,KC,158,607,57,142,20,4,4,52,19,84,22,0,.234,.259,.300,.559
James J Loney,TB,158,549,54,164,33,0,13,75,44,77,3,1,.299,.348,.430,.778
Alexei A Ramirez S,CWS,158,637,68,181,39,2,6,48,26,68,30,9,.284,.313,.380,.693
Matt M Carpenter,STL,157,626,126,199,55,7,11,78,72,98,3,3,.318,.392,.481,.873
Adrian A González,LAD,157,583,69,171,32,0,22,100,47,98,1,0,.293,.342,.461,.803
Jon J Jay C,STL,157,548,75,151,27,2,7,67,52,103,10,5,.276,.351,.370,.721
Andrew A Mc Cutchen C,PIT,157,583,97,185,38,5,21,84,78,101,27,10,.317,.404,.508,.911
Andrelton A Simmons S,ATL,157,606,76,150,27,6,17,59,40,55,6,5,.248,.296,.396,.692
Mike M Trout C,LAA,157,589,109,190,39,9,27,97,110,136,33,7,.323,.432,.557,.988
Ben B Zobrist,TB,157,612,77,168,36,3,12,71,72,91,11,3,.275,.354,.402,.756
Elvis E Andrus S,TEX,156,620,91,168,17,4,4,67,52,97,42,8,.271,.328,.331,.659
Alex A Gordon L,KC,156,633,90,168,27,6,20,81,52,141,11,3,.265,.327,.422,.749
Manny M Machado,BAL,156,667,88,189,51,3,14,71,29,113,6,7,.283,.314,.432,.746
Kendrys K Morales D,SEA,156,602,64,167,34,0,23,80,49,114,0,0,.277,.336,.449,.785
Gerardo G Parra R,ARI,156,601,79,161,43,4,10,48,48,100,10,10,.268,.323,.403,.726
Alex A Rios R,TEX,156,616,83,171,33,4,18,81,41,108,42,7,.278,.324,.432,.756
Norichika N Aoki R,MIL,155,597,80,171,20,3,8,37,55,40,20,12,.286,.356,.370,.726
Martin M Prado,ARI,155,609,70,172,36,2,14,82,47,53,3,5,.282,.333,.417,.750
Shin- Soo S Choo C,CIN,154,569,107,162,34,2,21,54,112,133,20,11,.285,.423,.462,.885
Jed J Lowrie S,OAK,154,603,80,175,45,2,15,75,50,91,1,0,.290,.344,.446,.791
Carlos C Santana,CLE,154,541,75,145,39,1,20,74,93,110,3,1,.268,.377,.455,.832
Alejandro A De Aza C,CWS,153,607,84,160,27,4,17,62,50,147,20,8,.264,.323,.405,.728
Yunel Y Escobar S,TB,153,508,61,130,27,1,9,56,57,73,4,4,.256,.332,.366,.698
Denard D Span C,WSH,153,610,75,170,28,11,4,47,42,77,20,6,.279,.327,.380,.707
Jose J Altuve,HOU,152,626,64,177,31,2,5,52,32,85,35,13,.283,.316,.363,.678
Pedro P Álvarez,PIT,152,558,70,130,22,2,36,100,48,186,2,0,.233,.296,.473,.770
Matt M Dominguez,HOU,152,543,56,131,25,0,21,77,30,96,0,1,.241,.286,.403,.690
Adam A La Roche,WSH,152,511,70,121,19,3,20,62,72,131,4,1,.237,.332,.403,.735
Justin J Morneau,PIT,152,572,62,148,36,0,17,77,50,110,0,0,.259,.323,.411,.734
Michael M Brantley L,CLE,151,556,66,158,26,3,10,73,40,67,17,4,.284,.332,.396,.728
Zack Z Cozart S,CIN,151,567,74,144,30,3,12,63,26,102,0,0,.254,.284,.381,.665
Josh J Hamilton R,LAA,151,576,73,144,32,5,21,79,47,158,4,0,.250,.307,.432,.739
Brandon B Phillips,CIN,151,606,80,158,24,2,18,103,39,98,5,3,.261,.310,.396,.706
Alfonso A Soriano L,NYY,151,581,84,148,32,1,34,101,36,156,18,9,.255,.302,.489,.791
Will W Venable R,SD,151,481,64,129,22,8,22,53,29,118,22,6,.268,.312,.484,.796
Brandon B Belt,SF,150,509,76,147,39,4,17,67,52,125,5,2,.289,.360,.481,.841
Todd T Frazier,CIN,150,531,63,124,29,3,19,73,50,125,6,5,.234,.314,.407,.721
Ichiro I Suzuki R,NYY,150,520,57,136,15,3,7,35,26,63,20,4,.262,.297,.342,.639
Brandon B Crawford S,SF,149,499,52,124,24,3,9,43,42,96,1,2,.248,.311,.363,.674
Adam A Dunn D,CWS,149,525,60,115,15,0,34,86,76,189,1,1,.219,.320,.442,.762
Jason J Kipnis,CLE,149,564,86,160,36,4,17,84,76,143,30,7,.284,.366,.452,.818
Justin J Upton L,ATL,149,558,94,147,27,2,27,70,75,161,8,1,.263,.354,.464,.818
Miguel M Cabrera,DET,148,555,103,193,26,1,44,137,90,94,3,0,.348,.442,.636,1.078
Chris C Carter,HOU,148,506,64,113,24,2,29,82,70,212,2,0,.223,.320,.451,.770
Adeiny A Hechavarria S,MIA,148,543,30,123,14,8,3,42,30,96,11,10,.227,.267,.298,.565
Buster B Posey,SF,148,520,61,153,34,1,15,72,60,70,2,1,.294,.371,.450,.821
Matt M Wieters,BAL,148,523,59,123,29,0,22,79,43,104,2,0,.235,.287,.417,.704
Eric E Young Jr. L,NYM,148,539,70,134,27,7,2,32,46,100,46,11,.249,.310,.336,.645
Marlon M Byrd R,PIT,147,532,75,155,35,5,24,88,31,144,2,4,.291,.336,.511,.847
Brian B Dozier,MIN,147,558,72,136,33,4,18,66,51,120,14,7,.244,.312,.414,.726
Freddie F Freeman,ATL,147,551,89,176,27,2,23,109,66,121,1,0,.319,.396,.501,.897
Carlos C Gómez Gomez,MIL,147,536,80,152,27,10,24,73,37,146,40,7,.284,.338,.506,.844
Jonathan J Lucroy,MIL,147,521,59,146,25,6,18,82,46,69,9,1,.280,.340,.455,.794
Leonys L Martin C,TEX,147,457,66,119,21,6,8,49,28,104,36,9,.260,.313,.385,.698
Mitch M Moreland,TEX,147,462,60,107,24,1,23,60,45,117,0,0,.232,.299,.437,.736
Michael M Young,LAD,147,519,52,145,26,5,8,46,43,83,1,0,.279,.335,.395,.730
Ryan R Zimmerman,WSH,147,568,84,156,26,2,26,79,60,133,6,0,.275,.344,.465,.809
Alexi A Amarista C,SD,146,368,35,87,14,4,5,32,22,57,4,2,.236,.282,.337,.619
Nate N Mc Louth L,BAL,146,531,76,137,31,4,12,36,53,86,30,7,.258,.329,.399,.729
Jean J Segura S,MIL,146,588,74,173,20,10,12,49,25,84,44,13,.294,.329,.423,.752
Drew D Stubbs R,CLE,146,430,59,100,21,2,10,45,44,141,17,2,.233,.305,.360,.665
Carlos C Beltrán Beltran R,STL,145,554,79,164,30,3,24,84,38,90,2,1,.296,.339,.491,.830
Brett B Gardner C,NYY,145,539,81,147,33,10,8,52,52,127,24,8,.273,.344,.416,.759
Brandon B Moss,OAK,145,446,73,114,23,3,30,87,50,140,4,2,.256,.337,.522,.859
Nick N Swisher,CLE,145,549,74,135,27,2,22,63,77,138,1,0,.246,.341,.423,.763
Chris C Denorfia R,SD,144,473,67,132,21,2,10,47,42,84,11,0,.279,.337,.395,.732
Torii T Hunter R,DET,144,606,90,184,37,5,17,84,26,113,3,2,.304,.334,.465,.800
Garrett G Jones,PIT,144,403,41,94,26,2,15,51,31,101,2,0,.233,.289,.419,.708
Pete P Kozma S,STL,143,410,44,89,20,0,1,35,34,91,3,1,.217,.275,.273,.548
Adam A Lind,TOR,143,465,67,134,26,1,23,67,51,103,1,0,.288,.357,.497,.854
Edwin E Encarnación,TOR,142,530,90,144,29,1,36,104,82,62,7,1,.272,.370,.534,.904
Andre A Ethier C,LAD,142,482,54,131,33,2,12,52,61,95,4,3,.272,.360,.423,.783
Chris C Johnson,ATL,142,514,54,165,34,0,12,68,29,116,0,0,.321,.358,.457,.816
David D Murphy L,TEX,142,436,51,96,26,1,13,45,37,59,1,4,.220,.282,.374,.656
Lyle L Overbay,NYY,142,445,43,107,24,1,14,59,36,111,2,0,.240,.295,.393,.688
Darwin D Barney,CHC,141,501,49,104,25,1,7,41,36,64,4,2,.208,.266,.303,.569
Gregor G Blanco C,SF,141,452,50,120,17,6,3,41,52,95,14,9,.265,.341,.350,.690
Chase C Headley,SD,141,520,59,130,35,2,13,50,67,142,8,4,.250,.347,.400,.747
Matt M Holliday L,STL,141,520,103,156,31,1,22,94,69,86,6,1,.300,.389,.490,.879
Pablo P Sandoval,SF,141,525,52,146,27,2,14,79,47,79,0,0,.278,.341,.417,.758
Matt M Joyce R,TB,140,413,61,97,22,0,18,47,59,87,7,3,.235,.328,.419,.747
Domonic D Brown L,PHI,139,496,65,135,21,4,27,83,39,97,8,3,.272,.324,.494,.818
Desmond D Jennings C,TB,139,527,82,133,31,6,14,54,64,115,20,8,.252,.334,.414,.748
Mike M Napoli,BOS,139,498,79,129,38,2,23,92,73,187,1,1,.259,.360,.482,.842
J. P. J Arencibia,TOR,138,474,45,92,18,0,21,55,18,148,0,2,.194,.227,.365,.592
Erick E Aybar S,LAA,138,550,68,149,33,5,6,54,23,59,12,7,.271,.301,.382,.683
David D Freese,STL,138,462,53,121,26,1,9,60,47,106,1,2,.262,.340,.381,.721
Salvador S Perez,KC,138,496,48,145,25,3,13,79,21,63,0,0,.292,.323,.433,.757
Yuniesky Y Betancourt,MIL,137,391,35,83,15,1,13,46,14,71,0,0,.212,.240,.355,.595
David D Ortiz,BOS,137,518,84,160,38,2,30,103,76,88,4,0,.309,.395,.564,.959
A J Pollock C,ARI,137,443,64,119,28,5,8,38,33,82,12,3,.269,.322,.409,.730
Nate N Schierholtz R,CHC,137,462,56,116,32,3,21,68,29,94,6,3,.251,.301,.470,.770
Brandon B Barnes C,HOU,136,408,46,98,17,1,8,41,21,127,11,11,.240,.289,.346,.635
Emilio E Bonifácio,KC,136,420,54,102,22,3,3,31,30,103,28,8,.243,.295,.331,.626
Asdrubal A Cabrera S,CLE,136,508,66,123,35,2,14,64,35,114,9,3,.242,.299,.402,.700
Alberto A Callaspo,OAK,136,453,52,117,20,0,10,58,53,47,0,2,.258,.333,.369,.702
Ian I Kinsler,TEX,136,545,85,151,31,2,13,72,51,59,15,11,.277,.344,.413,.756
Yadier Y Molina,STL,136,505,68,161,44,0,12,80,30,55,3,2,.319,.359,.477,.836
Mike M Moustakas,KC,136,472,42,110,26,0,12,42,32,83,2,4,.233,.287,.364,.651
Gaby G Sanchez,PIT,136,264,29,67,18,0,7,36,44,51,1,0,.254,.361,.402,.762
Dan D Uggla,ATL,136,448,60,80,10,3,22,55,77,171,2,0,.179,.309,.362,.671
Yoenis Y Céspedes Cespedes L,OAK,135,529,74,127,21,4,26,80,37,137,7,7,.240,.294,.442,.737
Ryan R Doumit D,MIN,135,485,49,120,28,1,14,55,48,99,1,0,.247,.314,.396,.710
Starling S Marte L,PIT,135,510,83,143,26,10,12,35,25,138,41,15,.280,.343,.441,.784
Mark M Reynolds,NYY,135,445,55,98,14,0,21,67,51,154,3,1,.220,.306,.393,.699
Allen A Craig,STL,134,508,71,160,29,2,13,97,40,100,2,0,.315,.373,.457,.830
Jacoby J Ellsbury C,BOS,134,577,92,172,31,8,9,53,47,92,52,4,.298,.355,.426,.781
Pedro P Florimón Florimon S,MIN,134,403,44,89,17,0,9,44,33,115,15,6,.221,.281,.330,.611
Conor C Gillaspie,CWS,134,408,46,100,14,3,13,40,37,79,0,1,.245,.305,.390,.695
John J Mayberry R,PHI,134,353,47,80,23,1,11,39,27,90,5,3,.227,.286,.391,.677
Daniel D Nava R,BOS,134,458,77,139,29,0,12,66,51,93,0,2,.303,.385,.445,.831
A. J. A Pierzynski,TEX,134,503,48,137,24,1,17,70,11,76,1,1,.272,.297,.425,.722
Logan L Schafer,MIL,134,298,29,63,15,3,4,33,25,60,7,1,.211,.279,.322,.601
Nolan N Arenado,COL,133,486,49,130,29,4,10,52,23,72,2,0,.267,.301,.405,.706
Neil N Walker,PIT,133,478,62,120,24,4,16,53,50,85,1,2,.251,.339,.418,.757
Michael M Saunders C,SEA,132,406,59,96,23,3,12,46,54,118,13,5,.236,.323,.397,.720
Juan J Uribe,LAD,132,388,47,108,22,2,12,50,30,81,5,0,.278,.331,.438,.769
Coco C Crisp,OAK,131,513,93,134,22,3,22,66,61,65,21,5,.261,.335,.444,.780
Andy A Dirks L,DET,131,438,60,112,16,2,9,37,42,84,7,1,.256,.323,.363,.686
Justin J Smoak,SEA,131,454,53,108,19,0,20,50,64,119,0,0,.238,.334,.412,.746
Chase C Utley,PHI,131,476,73,135,25,6,18,69,45,79,8,3,.284,.348,.475,.823
Michael M Bourn C,CLE,130,525,75,138,21,6,6,50,40,132,23,12,.263,.316,.360,.676
Michael M Cuddyer R,COL,130,489,74,162,31,3,20,84,46,100,10,3,.331,.389,.530,.918
Eric E Sogard,OAK,130,368,45,98,24,3,2,35,27,51,10,5,.266,.322,.364,.686
Vernon V Wells L,NYY,130,424,45,99,16,0,11,50,30,73,7,3,.233,.282,.349,.631
Austin A Jackson C,DET,129,552,99,150,30,7,12,49,52,129,8,4,.272,.337,.417,.754
Trevor T Plouffe,MIN,129,477,44,121,22,1,14,52,34,112,2,1,.254,.309,.392,.701
J B Shuck L,LAA,129,437,60,128,20,3,2,39,27,54,8,4,.293,.331,.366,.697
Jayson J Werth R,WSH,129,462,84,147,24,0,25,82,60,101,10,1,.318,.398,.532,.931
Justin J Ruggiano C,MIA,128,424,49,94,18,1,18,50,41,114,15,8,.222,.298,.396,.694
Russell R Martin,PIT,127,438,51,99,21,0,15,55,58,108,9,5,.226,.327,.377,.703
Marco M Scutaro,SF,127,488,57,145,23,3,2,31,45,34,2,0,.297,.357,.369,.726
Mark M Ellis,LAD,126,433,46,117,13,2,6,48,26,74,4,1,.270,.323,.351,.674
Jesus J Guzman,SD,126,288,33,65,17,0,9,35,27,79,3,0,.226,.297,.378,.675
Paul P Konerko,CWS,126,467,41,114,16,0,12,54,45,74,0,0,.244,.313,.355,.669
Troy T Tulowitzki S,COL,126,446,72,139,27,0,25,82,57,85,1,0,.312,.391,.540,.931
B. J. B Upton C,ATL,126,391,30,72,14,0,9,26,44,151,12,5,.184,.268,.289,.557
Jedd J Gyorko,SD,125,486,62,121,26,0,23,63,33,123,1,1,.249,.301,.444,.745
Skip S Schumaker,LAD,125,319,31,84,16,0,2,30,28,54,2,2,.263,.332,.332,.665
Mike M Aviles,CLE,124,361,54,91,15,0,9,46,15,41,8,5,.252,.282,.368,.650
Stephen S Drew,BOS,124,442,57,112,29,8,13,67,54,124,6,0,.253,.333,.443,.777
Juan J Francisco,MIL,124,348,36,79,12,1,18,48,32,138,0,2,.227,.296,.422,.718
Todd T Helton,COL,124,397,41,99,22,1,15,61,40,87,0,0,.249,.314,.423,.738
Raul R Ibanez L,SEA,124,454,54,110,20,2,29,65,42,128,0,0,.242,.306,.487,.793
Dayan D Viciedo L,CWS,124,441,43,117,23,3,14,56,24,98,0,0,.265,.304,.426,.731
Daniel D Descalso S,STL,123,328,43,78,25,1,5,43,22,56,6,3,.238,.290,.366,.656
David D De Jesus L,TB,122,391,52,98,29,3,8,38,39,79,5,3,.251,.327,.402,.729
Howie H Kendrick,LAA,122,478,55,142,21,4,13,54,23,89,6,3,.297,.335,.439,.775
Shane S Victorino R,BOS,122,477,82,140,26,2,15,61,25,75,21,3,.294,.351,.451,.801
Juan J Lagares C,NYM,121,392,35,95,21,5,4,34,20,96,6,3,.242,.281,.352,.633
Wilin W Rosario,COL,121,449,63,131,22,1,21,79,15,109,4,1,.292,.315,.486,.801
Jarrod J Saltalamacchia,BOS,121,425,68,116,40,0,14,65,43,139,4,1,.273,.338,.466,.804
Jason J Castro,HOU,120,435,63,120,35,1,18,56,50,130,2,1,.276,.350,.485,.835
Dexter D Fowler C,COL,119,415,71,109,18,3,12,42,65,105,19,9,.263,.369,.407,.776
Kevin K Frandsen,PHI,119,252,27,59,10,1,5,26,12,29,1,0,.234,.296,.341,.637
Jose J Bautista R,TOR,118,452,82,117,24,0,28,73,69,84,7,2,.259,.358,.498,.856
Sam S Fuld L,TB,118,176,25,35,0,3,2,17,17,28,8,2,.199,.270,.267,.538
Bryce B Harper L,WSH,118,424,71,116,24,3,20,58,61,94,11,4,.274,.368,.486,.854
Omar O Infante,DET,118,453,54,144,24,3,10,51,20,44,5,2,.318,.345,.450,.795
Kelly K Johnson L,TB,118,366,41,86,12,2,16,52,35,99,7,4,.235,.305,.410,.714
Steve S Lombardozzi,WSH,118,290,25,75,15,1,2,22,8,34,4,3,.259,.278,.338,.616
Placido P Polanco,MIA,118,377,33,98,13,0,1,23,23,31,2,0,.260,.315,.302,.617
Colby C Rasmus,TOR,118,417,57,115,26,1,22,66,37,135,0,1,.276,.338,.501,.840
Jeff J Keppinger,CWS,117,423,38,107,13,1,4,40,20,41,0,1,.253,.283,.317,.600
Seth S Smith D,OAK,117,368,49,93,27,0,8,40,39,94,0,0,.253,.329,.391,.721
Carl C Crawford L,LAD,116,435,62,123,30,3,6,31,28,66,15,4,.283,.329,.407,.736
Jonny J Gomes L,BOS,116,312,49,77,17,0,13,52,43,89,1,0,.247,.344,.426,.770
Miguel M Montero,ARI,116,413,44,95,14,0,11,42,51,110,0,0,.230,.318,.344,.662
Nick N Punto S,LAD,116,294,34,75,15,0,2,21,33,67,3,3,.255,.328,.327,.655
Giancarlo G Stanton R,MIA,116,425,62,106,26,0,24,62,74,140,1,0,.249,.365,.480,.845
Lorenzo L Cain C,KC,115,399,54,100,21,3,4,46,33,90,14,6,.251,.310,.348,.658
A. J. A Ellis,LAD,115,390,43,93,17,1,10,52,45,78,0,2,.238,.318,.364,.682
Chris C Iannetta,LAA,115,325,40,73,15,0,11,39,68,100,0,1,.225,.358,.372,.731
Greg G Dobbs,MIA,114,237,21,54,11,0,2,22,22,40,1,1,.228,.303,.300,.603
Nick N Hundley,SD,114,373,35,87,19,0,13,44,26,98,1,0,.233,.290,.389,.679
Josh J Reddick R,OAK,114,385,54,87,19,2,12,56,46,86,9,2,.226,.307,.379,.686
Dustin D Ackley,SEA,113,384,40,97,18,2,4,31,37,72,2,3,.253,.319,.341,.660
Welington W Castillo,CHC,113,380,41,104,23,0,8,32,34,97,2,0,.274,.349,.397,.746
Joe J Mauer,MIN,113,445,62,144,35,0,11,47,61,89,0,1,.324,.404,.476,.880
Juan J Pierre L,MIA,113,308,36,76,11,2,1,8,13,27,23,6,.247,.284,.305,.589
Roger R Bernadina C,PHI,112,227,26,41,10,2,4,11,16,65,4,0,.181,.250,.295,.545
Don D Kelly L,DET,112,216,33,48,6,1,6,23,27,28,2,0,.222,.309,.343,.652
David D Wright,NYM,112,430,63,132,23,6,18,58,55,79,17,3,.307,.390,.514,.904
Elliot E Johnson,ATL,111,254,27,53,7,3,2,19,16,67,22,2,.209,.255,.283,.538
Travis T Snider R,PIT,111,261,28,56,12,2,5,25,24,75,2,3,.215,.281,.333,.614
Josh J Willingham L,MIN,111,389,42,81,20,0,14,48,66,128,1,0,.208,.342,.368,.709
John J Buck,PIT,110,392,39,87,11,0,15,62,29,104,2,1,.222,.288,.365,.652
Carlos C González Gonzalez L,COL,110,391,72,118,23,6,26,70,41,118,21,3,.302,.367,.591,.958
Nelson N Cruz R,TEX,109,413,49,110,18,0,27,76,35,109,5,1,.266,.327,.506,.833
Jose J Iglesias S,DET,109,350,39,106,16,2,3,29,15,60,5,2,.303,.349,.386,.735
D J Le Mahieu,COL,109,404,39,113,21,3,2,28,19,67,18,7,.280,.311,.361,.673
Chris C Stewart,NYY,109,294,28,62,6,0,4,25,30,49,4,0,.211,.293,.272,.566
Matt M Adams,STL,108,296,46,84,14,0,17,51,23,80,0,1,.284,.335,.503,.839
Clint C Barmes S,PIT,108,304,22,64,15,0,5,23,14,70,0,0,.211,.249,.309,.558
Rajai R Davis L,TOR,108,331,49,86,16,2,6,24,21,67,45,6,.260,.312,.375,.687
Luis L Valbuena,CHC,108,331,34,72,15,1,12,37,53,63,1,4,.218,.331,.378,.708
Maicer M Izturis,TOR,107,365,33,86,12,0,5,32,27,38,1,5,.236,.288,.310,.598
Brett B Lawrie,TOR,107,401,41,102,18,3,11,46,30,68,9,5,.254,.315,.397,.712
Jhonny J Peralta S,DET,107,409,50,124,30,0,11,55,35,98,3,3,.303,.358,.457,.815
Chris C Young,OAK,107,335,46,67,18,3,12,40,36,93,10,3,.200,.280,.379,.659
Craig C Gentry,TEX,106,246,39,69,12,4,2,22,29,46,24,3,.280,.373,.386,.759
Jose J Tabata R,PIT,106,308,35,87,17,5,6,33,23,45,3,1,.282,.342,.429,.771
Evan E Gattis L,ATL,105,354,44,86,21,0,21,65,21,81,0,0,.243,.291,.480,.771
Jason J Heyward R,ATL,104,382,67,97,22,1,14,38,48,73,2,4,.254,.349,.427,.776
Mark M Kotsay,SD,104,155,8,30,2,0,1,12,13,25,0,2,.194,.253,.226,.479
Yasiel Y Puig R,LAD,104,382,66,122,21,2,19,42,36,97,11,8,.319,.391,.534,.925
Brendan B Ryan S,NYY,104,319,30,63,12,0,4,22,23,73,4,2,.197,.255,.273,.528
Rickie R Weeks Jr.,MIL,104,350,40,73,20,1,10,24,40,105,7,3,.209,.306,.357,.663
Gordon G Beckham,CWS,103,371,46,99,22,1,5,24,28,56,5,1,.267,.322,.372,.694
Ike I Davis,NYM,103,317,37,65,14,0,9,33,57,101,4,0,.205,.326,.334,.661
Didi D Gregorius S,ARI,103,357,47,90,16,3,7,28,37,65,0,2,.252,.332,.373,.704
Jordy J Mercer S,PIT,103,333,33,95,22,2,8,27,22,62,3,2,.285,.336,.435,.772
Devin D Mesoraco,CIN,103,323,31,77,13,0,9,42,24,61,0,2,.238,.287,.362,.649
Andres A Torres L,SF,103,272,33,68,17,1,2,21,22,61,4,3,.250,.302,.342,.644
Delmon D Young,TB,103,334,30,87,16,0,11,38,20,78,0,0,.260,.307,.407,.715
Joaquin J Arias,SF,102,225,17,61,9,2,1,19,4,33,1,0,.271,.284,.342,.627
Alex A Avila,DET,102,330,39,75,14,1,11,47,44,112,0,0,.227,.317,.376,.693
Nick N Franklin,SEA,102,369,38,83,20,1,12,45,42,113,6,1,.225,.303,.382,.686
Brian B Mc Cann,ATL,102,356,43,91,13,0,20,57,39,66,0,1,.256,.336,.461,.796
Derrick D Robinson L,CIN,102,192,21,49,7,3,0,8,18,44,4,5,.255,.322,.323,.645
Donovan D Solano,MIA,102,361,33,90,13,1,3,34,23,57,3,1,.249,.305,.316,.621
Chris C Parmelee R,MIN,101,294,21,67,13,0,8,24,33,81,1,1,.228,.309,.354,.663
Jeff J Bianchi,MIL,100,236,22,56,8,1,1,25,11,46,4,4,.237,.272,.292,.564
Lucas L Duda,NYM,100,318,42,71,16,0,15,33,55,102,0,3,.223,.352,.415,.767
Jose J Lobatón Lobaton,TB,100,277,38,69,15,2,7,32,30,65,0,1,.249,.320,.394,.714
Jose J Molina,TB,99,283,26,66,14,0,2,18,22,63,2,1,.233,.290,.304,.594
Albert A Pujols D,LAA,99,391,49,101,19,0,17,64,40,55,1,1,.258,.330,.437,.767
Shane S Robinson R,STL,99,144,22,36,2,1,2,16,23,17,5,1,.250,.345,.319,.664
Derek D Norris,OAK,98,264,41,65,16,0,9,30,37,71,5,0,.246,.345,.409,.754
Anthony A Rendon,WSH,98,351,40,93,23,1,7,35,31,69,1,1,.265,.329,.396,.725
Yonder Y Alonso,SD,97,334,34,94,11,0,6,45,32,47,6,0,.281,.341,.368,.710
Oswaldo O Arcia L,MIN,97,351,34,88,17,2,14,43,23,117,1,2,.251,.304,.430,.734
Endy E Chavez R,SEA,97,266,22,71,10,0,2,14,9,31,1,3,.267,.290,.327,.617
Jason J Kubel L,CLE,97,259,21,56,9,1,5,32,29,92,0,1,.216,.293,.317,.610
Xavier X Paul L,CIN,97,209,24,51,12,0,7,32,27,53,0,1,.244,.339,.402,.741
Jerry J Hairston,LAD,96,204,17,43,7,0,2,22,14,22,0,0,.211,.265,.275,.539
Munenori M Kawasaki S,TOR,96,240,27,55,6,5,1,24,32,41,7,1,.229,.326,.308,.634
David D Lough R,KC,96,315,35,90,17,4,5,33,10,52,5,2,.286,.311,.413,.724
Cliff C Pennington S,ARI,96,269,25,65,13,1,1,18,26,54,2,0,.242,.310,.309,.618
Sean S Rodríguez Rodriguez L,TB,96,195,21,48,10,1,5,23,17,59,1,3,.246,.320,.385,.704
Everth E Cabrera S,SD,95,381,54,108,15,5,4,31,41,69,37,12,.283,.355,.381,.736
Jordan J Pacheco,COL,95,247,23,59,15,0,1,22,10,38,0,0,.239,.276,.312,.588
Omar O Quintanilla S,NYM,95,315,28,70,9,2,2,21,38,70,2,0,.222,.306,.283,.589
Lonnie L Chisenhall,CLE,94,289,30,65,17,0,11,36,16,56,1,0,.225,.270,.398,.668
Ed E Lucas,MIA,94,351,43,90,14,1,4,28,26,78,1,1,.256,.311,.336,.647
Will W Middlebrooks,BOS,94,348,41,79,18,0,17,49,20,98,3,1,.227,.271,.425,.696
Cody C Ross L,ARI,94,317,33,88,17,1,8,38,25,50,3,2,.278,.331,.413,.745
Jordan J Schafer C,ATL,94,231,32,57,8,3,3,21,29,73,22,6,.247,.331,.346,.677
Kurt K Suzuki,OAK,94,285,25,66,13,1,5,32,22,35,2,0,.232,.290,.337,.627
Jose J Reyes S,TOR,93,382,58,113,20,0,10,37,34,47,15,6,.296,.353,.427,.780
Hank H Conger,LAA,92,233,23,58,13,1,7,21,17,61,0,1,.249,.310,.403,.713
Aramis A Ramirez,MIL,92,304,43,86,18,0,12,49,36,55,0,1,.283,.370,.461,.831
Carlos C Ruiz,PHI,92,310,30,83,16,0,5,37,18,39,1,0,.268,.320,.368,.688
Clete C Thomas,MIN,92,290,39,62,15,0,4,13,30,92,1,3,.214,.290,.307,.597
Chad C Tracy,WSH,92,129,6,26,4,0,4,11,7,25,0,2,.202,.243,.326,.568
Luke L Scott D,TB,91,253,27,61,13,2,9,40,30,63,1,1,.241,.326,.415,.742
Eduardo E Núñez Nunez S,NYY,90,304,38,79,17,4,3,28,20,51,10,3,.260,.307,.372,.679
Ronny R Cedeno S,SD,89,264,24,64,8,3,3,21,14,73,5,4,.242,.287,.330,.617
Dioner D Navarro,CHC,89,240,31,72,7,0,13,34,23,36,0,1,.300,.365,.492,.856
Carlos C Pena,KC,89,280,38,58,13,1,8,25,43,92,1,3,.207,.321,.346,.668
Kyle K Blanks R,SD,88,280,31,68,14,0,8,35,21,85,1,1,.243,.305,.379,.684
Melky M Cabrera L,TOR,88,344,39,96,15,2,3,30,23,47,2,2,.279,.322,.360,.682
Mark M De Rosa,TOR,88,204,23,48,12,1,7,36,28,49,0,0,.235,.326,.407,.733
Yan Y Gomes,CLE,88,293,45,86,18,2,11,38,18,67,2,0,.294,.345,.481,.826
Michael M Morse L,BAL,88,312,34,67,13,0,13,27,21,87,0,0,.215,.270,.381,.651
Wil W Myers R,TB,88,335,50,98,23,0,13,53,33,91,5,2,.293,.354,.478,.832
Ben B Revere C,PHI,88,315,37,96,9,3,0,17,16,36,22,8,.305,.338,.352,.691
Josh J Rutledge,COL,88,285,45,67,6,1,7,19,22,62,12,0,.235,.294,.337,.630
Jarrod J Dyson C,KC,87,213,30,55,9,4,2,17,21,45,34,6,.258,.326,.366,.692
Chris C Heisey L,CIN,87,224,29,53,11,1,9,23,9,51,3,0,.237,.279,.415,.694
Aaron A Hill,ARI,87,327,45,95,21,1,11,41,29,48,1,4,.291,.356,.462,.818
Jayson J Nix S,NYY,87,267,32,63,9,1,3,24,24,80,13,1,.236,.308,.311,.619
Mike M Carp L,BOS,86,216,34,64,18,2,9,43,22,67,1,0,.296,.362,.523,.885
J. D. J Martinez L,HOU,86,296,24,74,17,0,7,36,10,82,2,0,.250,.272,.378,.650
Ryan R Raburn,CLE,86,243,40,66,18,0,16,55,29,67,0,0,.272,.357,.543,.901
Hanley H Ramirez S,LAD,86,304,62,105,25,2,20,57,27,52,10,2,.345,.402,.638,1.040
Justin J Turner,NYM,86,200,12,56,13,1,2,16,11,34,0,1,.280,.319,.385,.704
Ryan R Flaherty,BAL,85,246,28,55,11,0,10,27,19,62,2,0,.224,.293,.390,.683
Scott S Hairston,WSH,85,157,18,30,5,0,10,26,9,44,2,0,.191,.237,.414,.651
Logan L Morrison,MIA,85,293,32,71,13,4,6,36,38,56,0,0,.242,.333,.375,.709
Jurickson J Profar,TEX,85,286,30,67,11,0,6,26,26,63,2,4,.234,.308,.336,.644
Tyler T Flowers,CWS,84,256,24,50,11,0,10,24,14,94,0,1,.195,.247,.355,.603
Jack J Hannahan,CIN,83,139,12,30,5,1,1,14,19,38,0,0,.216,.317,.288,.604
Charlie C Blackmon R,COL,82,246,35,76,17,2,6,22,7,49,7,0,.309,.336,.467,.803
Travis T Hafner D,NYY,82,262,31,53,8,1,12,37,32,79,2,0,.202,.301,.378,.679
Carlos C Quentin L,SD,82,276,42,76,21,0,13,44,31,55,0,0,.275,.363,.493,.855
Jeff J Francoeur L,SF,81,245,20,50,10,2,3,17,9,61,3,0,.204,.238,.298,.536
Jonathan J Herrera S,COL,81,195,16,57,7,2,1,16,14,24,3,2,.292,.336,.364,.701
Aaron A Hicks C,MIN,81,281,37,54,11,3,8,27,24,84,9,3,.192,.259,.338,.597
Laynce L Nix,PHI,81,128,11,23,4,0,2,7,8,44,1,0,.180,.228,.258,.486
Matt M Tuiasosopo L,DET,81,164,26,40,7,0,7,30,25,57,0,0,.244,.351,.415,.765
Eric E Chavez,ARI,80,228,28,64,14,2,9,44,19,45,1,0,.281,.332,.478,.810
Nate N Freiman,OAK,80,190,10,52,8,1,4,24,14,31,0,0,.274,.327,.389,.716
Ryan R Howard,PHI,80,286,34,76,20,2,11,43,23,95,0,0,.266,.319,.465,.784
Ramon R Santiago,DET,80,205,27,46,8,1,1,14,21,32,0,1,.224,.298,.288,.586
Jordan J Danks C,CWS,79,160,15,37,7,0,5,12,18,57,7,2,.231,.313,.369,.682
Brett B Wallace,HOU,79,262,35,58,14,1,13,36,18,104,1,1,.221,.284,.431,.716
Chris C Getz,KC,78,209,29,46,6,1,1,18,20,24,16,3,.220,.288,.273,.561
Wilson W Ramos,WSH,78,287,29,78,9,0,16,59,15,42,0,1,.272,.307,.470,.777
Brian B Roberts,BAL,77,265,33,66,12,1,8,39,26,44,3,1,.249,.312,.392,.704
Brad B Miller S,SEA,76,306,41,81,11,6,8,36,24,52,5,3,.265,.318,.418,.737
Logan L Forsythe,SD,75,220,22,47,6,1,6,19,19,54,6,1,.214,.281,.332,.613
Ryan R Hanigan,CIN,75,222,17,44,8,0,2,21,29,27,0,1,.198,.306,.261,.568
Justin J Maxwell R,KC,75,234,35,59,16,3,7,25,23,78,6,2,.252,.328,.436,.764
Josh J Satin,NYM,75,190,23,53,15,0,3,17,30,56,1,1,.279,.376,.405,.781
Brad B Ziegler,ARI,75,2,0,0,0,0,0,0,0,0,0,0,.000,.000,.000,.000
Jeff J Baker,TEX,74,154,21,43,8,0,11,21,18,48,1,0,.279,.360,.545,.906
Mike M Baxter,NYM,74,132,14,25,6,1,0,4,17,28,5,2,.189,.303,.250,.553
Reed R Johnson,ATL,74,123,13,30,7,1,1,11,6,32,0,0,.244,.311,.341,.653
Lance L Berkman D,TEX,73,256,27,62,10,1,6,34,38,52,0,0,.242,.340,.359,.700
Julio J Borbon,CHC,73,105,11,21,3,1,1,3,12,22,7,1,.200,.282,.276,.558
Collin C Cowgill L,LAA,73,152,18,32,5,2,4,16,7,42,1,0,.211,.245,.349,.594
Matt M Kemp C,LAD,73,263,35,71,15,0,6,33,22,76,9,0,.270,.328,.395,.723
Jeff J Mathis,MIA,73,232,14,42,7,1,5,29,21,76,0,0,.181,.251,.284,.536
Darin D Ruf,PHI,73,251,36,62,11,0,14,30,33,91,0,0,.247,.348,.458,.806
Ronald R Belisario,LAD,72,1,0,0,0,0,0,0,0,0,0,0,.000,.000,.000,.000
Jamey J Carroll,KC,72,227,26,48,9,0,0,11,17,39,2,1,.211,.267,.251,.518
Avisail A García Garcia R,CWS,72,244,31,69,7,3,7,31,9,59,3,3,.283,.309,.422,.731
Marwin M Gonzalez S,HOU,72,204,22,45,8,0,4,14,9,37,6,2,.221,.252,.319,.571
Paco P Rodríguez Rodriguez,LAD,72,1,0,0,0,0,0,0,0,1,0,0,.000,.000,.000,.000
Trevor T Rosenthal,STL,72,1,0,0,0,0,0,0,0,1,0,0,.000,.000,.000,.000
John J Axford,STL,71,0,0,0,0,0,0,0,0,0,0,0,.000,.000,.000,.000
Jason J Giambi D,CLE,71,186,21,34,8,0,9,31,23,56,0,1,.183,.282,.371,.653
Michael M Gonzalez,MIL,71,0,0,0,0,0,0,0,0,0,0,0,.000,.000,.000,.000
Wil W Nieves,ARI,71,195,16,58,11,0,1,22,8,32,0,0,.297,.320,.369,.690
Angel A Pagán Pagan C,SF,71,280,44,79,16,3,5,30,23,36,9,4,.282,.334,.414,.749
Brayan B Peña Pena,DET,71,229,19,68,11,0,4,22,6,26,0,2,.297,.315,.397,.713
Luis L Avilán Avilan,ATL,70,0,0,0,0,0,0,0,0,0,0,0,.000,.000,.000,.000
Rex R Brothers,COL,70,1,0,0,0,0,0,0,0,1,0,0,.000,.000,.000,.000
Chris C Coghlan,MIA,70,195,10,50,10,3,1,10,17,43,2,0,.256,.318,.354,.672
Mike M Dunn,MIA,70,0,0,0,0,0,0,0,0,0,0,0,.000,.000,.000,.000
Freddy F Galvis,PHI,70,205,13,48,5,4,6,19,13,45,1,0,.234,.283,.385,.668
Kenley K Jansen,LAD,70,1,0,0,0,0,0,0,0,0,0,0,.000,.000,.000,.000
John J Jaso,OAK,70,207,31,56,12,0,3,21,38,45,2,1,.271,.387,.372,.759
Wilton W Lopez,COL,70,1,0,0,0,0,0,0,0,1,0,0,.000,.000,.000,.000
Marcell M Ozuna R,MIA,70,275,31,73,17,4,3,32,13,57,5,1,.265,.303,.389,.692
Scott S Rice,NYM,70,0,0,0,0,0,0,0,0,0,0,0,.000,.000,.000,.000
Ryan R Sweeney C,CHC,70,192,19,51,13,2,6,19,17,31,1,0,.266,.324,.448,.772
Tyler T Clippard,WSH,69,0,0,0,0,0,0,0,0,0,0,0,.000,.000,.000,.000
Corey C Dickerson L,COL,69,194,32,51,13,5,5,17,16,41,2,2,.263,.316,.459,.775
Scooter S Gennett,MIL,69,213,29,69,11,2,6,21,10,42,2,1,.324,.356,.479,.834
Luke L Gregerson,SD,69,0,0,0,0,0,0,0,0,0,0,0,.000,.000,.000,.000
La Troy L Hawkins,NYM,69,0,0,0,0,0,0,0,0,0,0,0,.000,.000,.000,.000
Jason J Bay L,SEA,68,206,30,42,6,0,11,20,26,62,3,1,.204,.298,.393,.691
Matt M Belisle,COL,68,1,0,0,0,0,0,0,0,1,0,0,.000,.000,.000,.000
Andrew A Brown R,NYM,68,150,16,34,5,0,7,24,13,44,1,0,.227,.288,.400,.688
Brandon B Kintzler,MIL,68,0,0,0,0,0,0,0,0,0,0,0,.000,.000,.000,.000
Erik E Kratz,PHI,68,197,21,42,7,0,9,26,18,45,0,0,.213,.280,.386,.666
Mark M Melancon,PIT,68,0,0,0,0,0,0,0,0,0,0,0,.000,.000,.000,.000
Adam A Rosales,TEX,68,147,15,28,5,0,5,12,10,34,0,0,.190,.259,.327,.586
James J Russell,CHC,68,0,0,0,0,0,0,0,0,0,0,0,.000,.000,.000,.000
Rob R Brantly,MIA,67,223,11,47,9,0,1,18,15,53,0,0,.211,.263,.265,.528
Martin M Maldonado,MIL,67,183,13,31,7,1,4,22,13,53,0,0,.169,.236,.284,.520
Aroldis A Chapman,CIN,66,1,0,0,0,0,0,0,0,1,0,0,.000,.000,.000,.000
Adam A Eaton L,ARI,66,250,40,63,10,4,3,22,17,44,5,2,.252,.314,.360,.674
Eduardo E Escobar S,MIN,66,165,23,39,5,2,3,10,11,34,0,2,.236,.282,.345,.628
Rafael R Soriano,WSH,66,0,0,0,0,0,0,0,0,0,0,0,.000,.000,.000,.000
Jordany J Valdespin,NYM,66,133,16,25,3,1,4,16,8,28,4,3,.188,.250,.316,.566
Steve S Cishek,MIA,65,0,0,0,0,0,0,0,0,0,0,0,.000,.000,.000,.000
Craig C Kimbrel,ATL,65,0,0,0,0,0,0,0,0,0,0,0,.000,.000,.000,.000
Josh J Phegley,CWS,65,204,14,42,7,0,4,22,5,41,2,0,.206,.223,.299,.522
Drew D Storen,WSH,65,0,0,0,0,0,0,0,0,0,0,0,.000,.000,.000,.000
Heath H Bell,ARI,64,0,0,0,0,0,0,0,0,0,0,0,.000,.000,.000,.000
Carlos C Corporán Corporan,HOU,64,191,16,43,5,0,7,20,10,60,0,0,.225,.287,.361,.648
J. J Hoover,CIN,64,0,0,0,0,0,0,0,0,0,0,0,.000,.000,.000,.000
Junior J Lake L,CHC,64,236,26,67,16,0,6,16,13,68,4,4,.284,.332,.428,.760
Javier J López Lopez,SF,64,0,0,0,0,0,0,0,0,0,0,0,.000,.000,.000,.000
Seth S Maness,STL,64,5,0,1,0,0,0,0,0,3,0,0,.200,.200,.200,.400
Chris C Nelson,LAA,64,211,19,48,4,4,3,24,13,66,2,1,.227,.273,.327,.600
A J Ramos,MIA,64,0,0,0,0,0,0,0,0,0,0,0,.000,.000,.000,.000
Joe J Thatcher,ARI,64,0,0,0,0,0,0,0,0,0,0,0,.000,.000,.000,.000
Dale D Thayer,SD,64,1,0,0,0,0,0,0,0,0,0,0,.000,.000,.000,.000
Randy R Choate,STL,63,0,0,0,0,0,0,0,0,0,0,0,.000,.000,.000,.000
Robbie R Grossman L,HOU,63,257,29,69,14,0,4,21,23,70,6,7,.268,.332,.370,.702
Cesar C Izturis S,CIN,63,129,6,27,8,0,0,11,9,13,0,0,.209,.259,.271,.530
Tyler T Moore L,WSH,63,167,16,37,9,0,4,21,8,58,0,0,.222,.260,.347,.607
Chad C Qualls,MIA,63,0,0,0,0,0,0,0,0,0,0,0,.000,.000,.000,.000
Sergio S Romo,SF,63,0,0,0,0,0,0,0,0,0,0,0,.000,.000,.000,.000
Hector H Sánchez Sanchez,SF,63,129,8,32,4,0,3,19,7,29,0,0,.248,.300,.349,.649
Tony T Watson,PIT,63,1,0,0,0,0,0,0,0,1,0,0,.000,.000,.000,.000
Alexi A Casilla,BAL,62,112,15,24,4,1,1,10,9,20,9,2,.214,.268,.295,.563
Nick N Noonan,SF,62,105,12,23,2,0,0,5,6,24,0,0,.219,.261,.238,.499
Cody C Ransom,CHC,62,169,21,32,10,1,9,20,22,62,0,0,.189,.286,.420,.707
Christian C Yelich L,MIA,62,240,34,69,12,1,4,16,31,66,10,0,.288,.370,.396,.766
Burke B Badenhop,MIL,61,1,0,0,0,0,0,0,0,1,0,0,.000,.000,.000,.000
Ryan R Braun L,MIL,61,225,30,67,14,2,9,38,27,56,4,5,.298,.372,.498,.869
Luis Alfonso L Cruz,NYY,61,173,18,25,3,0,1,11,6,33,1,0,.145,.190,.179,.369
Curtis C Granderson,NYY,61,214,31,49,13,2,7,15,27,69,8,2,.229,.317,.407,.723
J. P. J Howell,LAD,61,1,0,0,0,0,0,0,0,1,0,0,.000,.000,.000,.000
Yorvit Y Torrealba,COL,61,179,10,43,8,0,0,16,13,24,0,0,.240,.295,.285,.580
Ryan R Webb,MIA,61,3,1,1,0,0,0,0,0,2,0,0,.333,.333,.333,.667
Trevor T Crowe R,HOU,60,165,18,36,7,1,1,13,16,39,6,1,.218,.287,.291,.578
Josh J Harrison,PIT,60,88,10,22,1,2,3,14,2,10,2,0,.250,.290,.409,.699
Sam S Le Cure,CIN,60,0,0,0,0,0,0,0,0,0,0,0,.000,.000,.000,.000
Edward E Mujica,STL,60,2,0,0,0,0,0,0,0,2,0,0,.000,.000,.000,.000
Ryan R Roberts,TB,60,162,15,40,6,0,5,17,11,39,0,2,.247,.295,.377,.671
Austin Au Romine,NYY,60,135,15,28,9,0,1,10,8,37,1,0,.207,.255,.296,.552
Anthony A Varvaro,ATL,59,1,0,0,0,0,0,0,0,1,0,0,.000,.000,.000,.000
Kole K Calhoun R,LAA,58,195,29,55,7,2,8,32,21,41,2,2,.282,.347,.462,.808
Kevin K Gregg,CHC,58,0,0,0,0,0,0,0,0,0,0,0,.000,.000,.000,.000
Jim J Henderson,MIL,58,0,0,0,0,0,0,0,0,0,0,0,.000,.000,.000,.000
David D Hernandez,ARI,58,0,0,0,0,0,0,0,0,0,0,0,.000,.000,.000,.000
Jonathan J Papelbon,PHI,58,0,0,0,0,0,0,0,0,0,0,0,.000,.000,.000,.000
Jonathan J Villar S,HOU,58,210,26,51,9,2,1,8,24,71,18,8,.243,.321,.319,.640
Derek D Dietrich,MIA,57,215,32,46,10,2,9,23,11,56,1,0,.214,.275,.405,.679
Caleb C Gindl L,MIL,57,132,17,32,7,2,5,14,20,25,2,1,.242,.340,.439,.779
Will W Harris,ARI,57,0,0,0,0,0,0,0,0,0,0,0,.000,.000,.000,.000
Chris C Herrmann,MIN,57,157,16,32,7,0,4,18,18,49,0,1,.204,.286,.325,.611
Josh J Outman,COL,57,5,0,0,0,0,0,0,0,2,0,0,.000,.000,.000,.000
Alex A Presley C,MIN,57,185,17,51,5,2,3,15,9,39,1,4,.276,.313,.373,.686
Alfredo A Simon,CIN,57,7,0,1,0,0,0,0,0,4,0,0,.143,.143,.143,.286
Ruben R Tejada S,NYM,57,208,20,42,12,0,0,10,15,24,2,1,.202,.259,.260,.518
Pedro P Ciriaco,KC,56,125,9,28,4,2,2,8,9,23,9,1,.224,.279,.336,.615
Khris K Davis L,MIL,56,136,27,38,10,0,11,27,11,34,3,0,.279,.353,.596,.948
Chris C Dickerson D,BAL,56,105,17,25,5,0,4,13,4,36,5,1,.238,.266,.400,.666
Tim T Federowicz,LAD,56,160,12,37,8,0,4,16,10,56,0,0,.231,.275,.356,.631
Peter P Bourjos C,LAA,55,175,26,48,3,3,3,12,10,43,6,0,.274,.333,.377,.710
David D Carpenter,ATL,55,3,0,0,0,0,0,0,0,1,0,0,.000,.000,.000,.000
Chris C Colabello,MIN,55,160,14,31,3,0,7,17,20,58,0,1,.194,.287,.344,.631
Jose J Mijares,SF,55,0,0,0,0,0,0,0,0,0,0,0,.000,.000,.000,.000
Huston H Street,SD,55,0,0,0,0,0,0,0,0,0,0,0,.000,.000,.000,.000
Joey J Terdoslavich,ATL,55,79,11,17,4,0,0,4,12,24,1,0,.215,.315,.266,.581
Santiago S Casilla,SF,54,0,0,0,0,0,0,0,0,0,0,0,.000,.000,.000,.000
Justin J De Fratus,PHI,54,0,0,0,0,0,0,0,0,0,0,0,.000,.000,.000,.000
Brandon B League,LAD,54,0,0,0,0,0,0,0,1,0,0,0,.000,1.000,.000,1.000
Vin V Mazzaro,PIT,54,6,0,1,0,0,0,0,0,4,0,0,.167,.167,.167,.333
Geovany G Soto,TEX,54,163,20,40,9,0,9,22,20,60,1,2,.245,.328,.466,.794
Justin J Wilson,PIT,54,5,0,0,0,0,0,0,0,5,0,0,.000,.000,.000,.000
Tony T Abreu,SF,53,138,21,37,12,3,2,14,6,33,0,2,.268,.301,.442,.743
Miguel M Tejada,KC,53,156,15,45,5,0,3,20,6,25,1,0,.288,.317,.378,.695
Scott S Van Slyke L,LAD,53,129,13,31,8,0,7,19,20,37,1,1,.240,.342,.465,.807
Jake J Elmore S,HOU,52,120,16,29,4,0,2,6,13,20,1,6,.242,.313,.325,.638
Anthony A Gose C,TOR,52,147,15,38,6,5,2,12,5,37,4,3,.259,.283,.408,.691
Eric E Hinske,ARI,52,52,2,9,3,0,1,6,6,17,0,0,.173,.259,.288,.547
Paul P Janish,ATL,52,41,7,7,2,0,0,2,3,11,0,0,.171,.222,.220,.442
Marc M Krauss,HOU,52,134,11,28,9,0,4,13,10,45,2,0,.209,.267,.366,.633
Bryan B Morris,PIT,52,5,1,1,0,0,0,0,0,2,0,0,.200,.200,.200,.400
Manny M Parra,CIN,52,2,1,1,0,0,0,0,0,0,0,0,.500,.500,.500,1.000
Danny D Valencia,BAL,52,161,20,49,14,1,8,23,8,33,0,2,.304,.335,.553,.888
Casper C Wells,PHI,52,95,6,12,2,0,0,1,7,31,0,1,.126,.186,.147,.334
Mike M Zunino,SEA,52,173,22,37,5,0,5,14,16,49,1,0,.214,.290,.329,.620
Tony T Cruz,STL,51,123,13,25,6,1,1,13,4,25,0,0,.203,.240,.293,.533
Jason J Grilli,PIT,51,0,0,0,0,0,0,0,0,0,0,0,.000,.000,.000,.000
Carlos C Marmol,LAD,51,1,0,0,0,0,0,0,0,0,0,0,.000,.000,.000,.000
John J Mc Donald,BOS,51,69,8,8,1,0,1,4,6,16,0,0,.116,.197,.174,.371
Craig C Stammen,WSH,51,5,0,0,0,0,0,0,1,2,0,0,.000,.167,.000,.167
Cody C Asche,PHI,50,162,18,38,8,1,5,22,15,43,1,0,.235,.302,.389,.691
Henry H Blanco,SEA,50,134,11,19,5,0,3,14,14,36,0,0,.142,.228,.246,.474
Brandon B Inge,PIT,50,105,5,19,3,0,1,7,2,32,0,0,.181,.204,.238,.442
Jean J Machi,SF,50,1,0,0,0,0,0,0,0,1,0,0,.000,.000,.000,.000
Ramiro R Pena,ATL,50,97,14,27,5,1,3,12,8,18,0,2,.278,.330,.443,.774
Anthony A Recker,NYM,50,135,17,29,7,0,6,19,13,49,0,1,.215,.280,.400,.680
Tony T Sipp,ARI,50,0,0,0,0,0,0,0,0,0,0,0,.000,.000,.000,.000
Logan L Ondrusek,CIN,49,0,0,0,0,0,0,0,0,0,0,0,.000,.000,.000,.000
Scott S Atchison,NYM,48,0,0,0,0,0,0,0,0,0,0,0,.000,.000,.000,.000
Willie W Bloomquist,ARI,48,139,16,44,5,1,0,14,8,11,0,2,.317,.360,.367,.727
George G Kontos,SF,48,1,0,0,0,0,0,0,0,1,0,0,.000,.000,.000,.000
Adam A Ottavino,COL,48,9,0,1,0,0,0,0,0,5,0,0,.111,.111,.111,.222
Jimmy J Paredes R,HOU,48,125,8,24,4,0,1,10,6,44,4,4,.192,.231,.248,.479
Brett B Pill,SF,48,85,11,19,4,0,3,12,5,17,0,0,.224,.272,.376,.648
Brian B Bogusevic L,CHC,47,143,18,39,7,1,6,16,10,35,2,0,.273,.323,.462,.784
Charlie C Culberson L,COL,47,99,12,29,5,0,2,12,4,23,5,1,.293,.317,.404,.721
L. J. L Hoes R,HOU,47,170,24,48,7,2,1,10,12,35,7,1,.282,.332,.365,.696
Gerald G Laird,ATL,47,121,12,34,8,0,1,13,14,23,1,1,.281,.367,.372,.739
Kirk K Nieuwenhuis C,NYM,47,95,10,18,3,1,3,14,12,32,2,0,.189,.278,.337,.615
Andrew An Romine,LAA,47,108,9,28,3,0,0,10,7,24,1,0,.259,.308,.287,.595
Stephen S Vogt,OAK,47,135,18,34,6,1,4,16,9,28,0,1,.252,.295,.400,.694
Ty T Wigginton,STL,47,57,9,9,2,0,0,3,5,19,0,1,.158,.238,.193,.431
Reid R Brignac S,NYY,46,92,5,17,4,0,1,6,4,30,0,0,.185,.219,.261,.480
Josh J Collmenter,ARI,46,11,1,1,0,0,0,0,0,5,0,0,.091,.167,.091,.258
George G Kottaras,KC,46,100,13,18,4,0,5,12,24,42,1,0,.180,.349,.370,.719
Donnie D Murphy,CHC,46,149,23,38,8,0,11,23,8,48,2,0,.255,.319,.530,.849
Bobby B Parnell,NYM,46,0,0,0,0,0,0,0,0,0,0,0,.000,.000,.000,.000
Humberto H Quintero,SEA,46,131,8,31,5,0,4,13,6,30,0,0,.237,.275,.366,.642
Jordan J Walden,ATL,46,0,0,0,0,0,0,0,0,0,0,0,.000,.000,.000,.000
Rick R Ankiel C,NYM,45,128,13,24,7,1,7,18,8,60,0,1,.188,.235,.422,.657
Leury L García,CWS,45,101,10,20,1,1,0,2,7,34,7,2,.198,.248,.228,.475
Grant G Green,LAA,45,140,16,35,8,1,1,17,10,44,0,0,.250,.301,.343,.644
Matt M Guerrier,CHC,45,1,0,0,0,0,0,0,0,1,0,0,.000,.000,.000,.000
Blake B Parker,CHC,45,0,0,0,0,0,0,0,0,0,0,0,.000,.000,.000,.000
Josh J Thole,TOR,45,120,11,21,3,1,1,8,12,25,0,0,.175,.256,.242,.497
Antonio A Bastardo,PHI,44,0,0,0,0,0,0,0,0,0,0,0,.000,.000,.000,.000
Danny D Espinosa,WSH,44,158,11,25,9,0,3,12,4,47,1,0,.158,.193,.272,.465
Brendan B Harris S,LAA,44,107,14,22,4,0,4,9,6,29,0,1,.206,.252,.355,.607
Steve S Pearce D,BAL,44,119,14,31,7,0,4,13,15,25,1,0,.261,.362,.420,.782
Alex A Rodriguez,NYY,44,156,21,38,7,0,7,19,23,43,4,2,.244,.348,.423,.771
Nick N Vincent,SD,44,0,0,0,0,0,0,0,0,0,0,0,.000,.000,.000,.000
David D Adams,NYY,43,140,10,27,5,1,2,13,9,43,0,0,.193,.252,.286,.537
Jake J Diekman,PHI,43,0,0,0,0,0,0,0,0,0,0,0,.000,.000,.000,.000
Dan D Jennings,MIA,43,0,0,0,0,0,0,0,0,0,0,0,.000,.000,.000,.000
Guillermo G Quiroz,SF,43,86,5,16,7,0,1,6,5,21,0,0,.186,.237,.302,.539
Hector H Rondón Rondon,CHC,43,0,0,0,0,0,0,0,0,0,0,0,.000,.000,.000,.000
Carlos C Villanueva,CHC,43,32,2,5,0,0,0,1,0,15,0,0,.156,.156,.156,.312
Sean S Halton,MIL,42,101,9,24,4,0,4,17,5,31,0,0,.238,.291,.396,.687
Kevin K Siegrist,STL,42,1,0,0,0,0,0,0,0,1,0,0,.000,.000,.000,.000
Tim T Stauffer,SD,42,8,0,0,0,0,0,0,0,4,0,0,.000,.000,.000,.000
David D Aardsma,NYM,41,0,0,0,0,0,0,0,0,0,0,0,.000,.000,.000,.000
Alex A Gonzalez,MIL,41,113,14,20,3,0,1,8,3,26,0,0,.177,.203,.230,.434
Franklin F Gutierrez R,SEA,41,145,18,36,7,0,10,24,5,43,3,1,.248,.273,.503,.777
Michael M Mc Kenry,PIT,41,115,9,25,6,0,3,14,5,24,0,0,.217,.262,.348,.610
Tom T Gorzelanny,MIL,40,17,0,1,0,0,0,0,0,9,0,0,.059,.059,.059,.118
Jake J Marisnick C,MIA,40,109,6,20,2,1,1,5,6,27,3,1,.183,.231,.248,.478
Nolan N Reimold D,BAL,40,128,17,25,3,0,5,12,10,41,0,1,.195,.250,.336,.586
Sandy S Rosario,SF,40,1,0,0,0,0,0,0,0,1,0,0,.000,.000,.000,.000
Jeremy J Affeldt,SF,39,0,0,0,0,0,0,0,0,0,0,0,.000,.000,.000,.000
Joe J Kelly,STL,39,33,4,5,1,0,0,2,0,8,0,0,.152,.171,.182,.353
Roger R Kieschnick L,SF,38,84,6,17,0,1,0,5,11,29,0,0,.202,.295,.226,.521
Ryan R Ludwick L,CIN,38,129,7,31,5,0,2,12,10,29,0,0,.240,.293,.326,.618
Dee D Strange- Gordon S,LAD,38,94,9,22,1,1,1,6,10,21,10,2,.234,.314,.298,.612
Daric D Barton,OAK,37,104,15,28,2,0,3,16,13,18,0,0,.269,.350,.375,.725
Jackie J Bradley C,BOS,37,95,18,18,5,0,3,10,10,31,2,0,.189,.280,.337,.617
Brandon B Lyon,NYM,37,0,0,0,0,0,0,0,0,0,0,0,.000,.000,.000,.000
J. J Putz,ARI,37,0,0,0,0,0,0,0,0,0,0,0,.000,.000,.000,.000
Pedro P Strop,CHC,37,0,0,0,0,0,0,0,0,0,0,0,.000,.000,.000,.000
Luis L Ayala,ATL,36,0,0,0,0,0,0,0,0,0,0,0,.000,.000,.000,.000
Ryan R Mattheus,WSH,36,0,0,0,0,0,0,0,0,0,0,0,.000,.000,.000,.000
Kevin K Pillar L,TOR,36,102,11,21,4,0,3,13,4,29,0,1,.206,.250,.333,.583
David D Ross,BOS,36,102,11,22,5,0,4,10,11,42,1,0,.216,.298,.382,.681
Kelly K Shoppach,CLE,36,109,11,21,7,0,3,9,12,46,0,0,.193,.288,.339,.627
Edgmer E Escalona,COL,35,6,0,0,0,0,0,0,0,3,0,0,.000,.000,.000,.000
Clayton C Kershaw,LAD,35,77,8,14,3,0,1,10,5,24,0,0,.182,.241,.260,.501
Wilkin W Ramirez,MIN,35,81,5,22,6,1,0,6,3,23,0,0,.272,.302,.370,.673
Moises M Sierra R,TOR,35,107,11,31,13,1,1,13,14,29,1,0,.290,.369,.458,.827
Eric E Stults,SD,35,61,2,10,1,0,1,4,0,21,0,0,.164,.177,.230,.407
Travis T Wood,CHC,35,63,8,14,1,0,3,8,3,21,1,0,.222,.258,.381,.638
Fernando F Abad,WSH,34,0,0,0,0,0,0,0,0,0,0,0,.000,.000,.000,.000
Zoilo Z Almonte L,NYY,34,106,9,25,4,0,1,9,6,19,3,1,.236,.274,.302,.576
Michael M Bowden,CHC,34,0,0,0,0,0,0,0,0,0,0,0,.000,.000,.000,.000
Jonathan J Broxton,CIN,34,0,0,0,0,0,0,0,0,0,0,0,.000,.000,.000,.000
Ryan R Goins,TOR,34,119,11,30,5,0,2,8,2,28,0,0,.252,.264,.345,.609
Cesar C Hernández Hernandez,PHI,34,121,17,35,5,0,0,10,9,26,0,3,.289,.344,.331,.674
Luis L Jimenez,LAA,34,104,15,27,6,0,0,5,2,28,0,2,.260,.291,.317,.608
Donald D Lutz,CIN,34,58,5,14,1,0,1,8,1,14,2,0,.241,.254,.310,.565
Hernan H Pérez,DET,34,66,13,13,0,1,0,5,2,15,1,0,.197,.217,.227,.445
Juan Carlos J Perez C,SF,34,89,8,23,5,0,1,8,6,21,2,0,.258,.302,.348,.650
Doug D Bernier S,MIN,33,53,9,12,3,0,0,5,8,15,2,1,.226,.339,.283,.622
Andrew A Cashner,SD,33,53,7,13,1,0,1,3,1,25,2,0,.245,.259,.321,.580
Josh J Edgin,NYM,33,0,0,0,0,0,0,0,0,0,0,0,.000,.000,.000,.000
Cory C Gearrin,ATL,33,0,0,0,0,0,0,0,0,0,0,0,.000,.000,.000,.000
Miguel M Olivo,MIA,33,74,5,15,2,0,4,9,5,23,0,0,.203,.250,.392,.642
Tyson T Ross,SD,33,33,0,6,0,0,0,0,0,18,0,0,.182,.182,.182,.364
Yovani Y Gallardo,MIL,32,57,4,12,2,0,2,4,0,29,0,0,.211,.211,.351,.561
Kyle K Kendrick,PHI,32,56,1,7,1,1,0,2,1,20,0,0,.125,.155,.179,.334
Wade W Miley,ARI,32,60,2,8,3,0,1,8,1,16,0,0,.133,.148,.233,.381
Carlos C Torres,NYM,32,16,0,1,0,0,0,1,1,8,0,0,.063,.118,.063,.180
Adam A Wainwright,STL,32,71,4,15,4,0,0,6,0,23,0,0,.211,.208,.268,.476
Kolten K Wong,STL,32,59,6,9,1,0,0,0,3,12,3,0,.153,.194,.169,.363
Brad B Brach,SD,31,0,0,0,0,0,0,0,0,0,0,0,.000,.000,.000,.000
Greg G Burke,NYM,31,2,0,0,0,0,0,0,0,1,0,0,.000,.000,.000,.000
Patrick P Corbin,ARI,31,65,8,8,4,0,0,3,2,23,0,0,.123,.162,.185,.346
Matt M Davidson,ARI,31,76,8,18,6,0,3,12,10,24,0,1,.237,.333,.434,.768
Alfredo A Figaro,MIL,31,12,1,3,0,0,0,2,0,5,0,0,.250,.250,.250,.500
Jeanmar J Gómez Gomez,PIT,31,13,0,1,0,0,0,0,0,9,0,0,.077,.077,.077,.154
Cole C Hamels,PHI,31,56,4,10,1,1,0,5,1,24,0,1,.179,.207,.232,.439
Ian I Kennedy,SD,31,53,1,7,3,0,0,1,5,28,0,0,.132,.207,.189,.396
Mat M Latos,CIN,31,71,3,9,2,0,0,4,1,28,0,0,.127,.139,.155,.294
Cliff C Lee,PHI,31,60,5,11,1,1,0,6,2,25,0,2,.183,.210,.233,.443
Lance L Lynn,STL,31,54,1,4,0,0,0,2,4,30,0,0,.074,.138,.074,.212
Ricky R Nolasco,LAD,31,50,3,6,2,0,0,1,6,24,0,0,.120,.214,.160,.374
Wily W Peralta,MIL,31,50,1,7,0,0,0,0,1,20,0,0,.140,.157,.140,.297
Jeff J Samardzija,CHC,31,62,4,7,2,0,1,2,1,31,0,0,.113,.127,.194,.320
Dave D Sappelt C,CHC,31,75,6,18,3,0,0,4,3,14,3,1,.240,.269,.280,.549
Travis Td' Arnaudd' Arnaud,NYM,31,99,4,20,3,0,1,5,12,21,0,0,.202,.286,.263,.548
Bronson B Arroyo,CIN,30,59,0,4,0,0,0,0,0,26,0,0,.068,.068,.068,.136
Homer H Bailey,CIN,30,58,3,9,1,0,0,1,3,18,0,0,.155,.210,.172,.382
Rafael R Betancourt,COL,30,0,0,0,0,0,0,0,0,0,0,0,.000,.000,.000,.000
Matt M Cain,SF,30,52,0,5,0,0,0,2,2,22,0,0,.096,.130,.096,.226
Jhoulys J Chacín Chacin,COL,30,63,2,12,1,0,1,7,3,15,0,0,.190,.221,.254,.475
Dillon D Gee,NYM,30,60,0,8,0,1,0,4,3,30,0,0,.133,.175,.167,.341
Donovan D Hand,MIL,30,11,0,1,0,0,0,0,0,3,0,0,.091,.167,.091,.258
Edwin E Jackson,CHC,30,52,4,4,1,0,1,4,2,17,0,0,.077,.111,.154,.265
Ian I Krol,WSH,30,0,0,0,0,0,0,0,0,0,0,0,.000,.000,.000,.000
Tim T Lincecum,SF,30,57,3,6,0,1,0,1,3,34,0,0,.105,.150,.140,.290
Kyle K Lohse,MIL,30,55,2,8,0,0,0,3,1,29,0,0,.145,.161,.145,.306
Darin D Mastroianni L,MIN,30,65,5,12,2,0,0,5,3,23,2,1,.185,.229,.215,.444
Kris K Medlen,ATL,30,55,3,9,2,0,1,4,4,23,1,0,.164,.217,.255,.471
Julio J Teheran,ATL,30,58,1,13,3,0,0,2,2,16,0,0,.224,.250,.276,.526
Edinson E Vólquez Volquez,LAD,30,42,4,5,1,0,1,4,1,23,0,0,.119,.140,.214,.354
Josh J Wilson,ARI,30,60,9,12,1,1,1,4,5,17,0,0,.200,.262,.300,.562
Dewayne D Wise C,CWS,30,64,6,15,3,0,1,3,2,14,1,1,.234,.258,.328,.586
Alex A Wood,ATL,30,21,1,0,0,0,0,0,0,15,0,0,.000,.000,.000,.000
Robert R Andino S,SEA,29,76,5,14,4,0,0,4,7,27,0,0,.184,.253,.237,.490
Madison M Bumgarner,SF,29,56,3,6,0,0,0,4,5,30,0,0,.107,.177,.107,.285
A. J. A Burnett,PIT,29,59,1,4,0,0,0,2,2,33,0,0,.068,.098,.068,.166
Tony T Campana,ARI,29,46,10,12,0,1,0,0,8,14,8,2,.261,.370,.304,.675
Manny M Corpas,COL,29,3,0,0,0,0,0,0,0,3,0,0,.000,.000,.000,.000
Gio G Gonzalez,WSH,29,56,2,5,1,0,1,1,1,16,0,0,.089,.121,.161,.281
Zack Z Greinke,LAD,29,58,5,19,3,0,0,4,7,10,2,0,.328,.409,.379,.788
Dan D Haren,WSH,29,47,2,8,3,0,0,2,1,17,0,0,.170,.204,.234,.438
Jared J Hughes,PIT,29,2,0,0,0,0,0,0,0,2,0,0,.000,.000,.000,.000
Mike M Leake,CIN,29,63,8,12,2,1,0,2,2,19,0,0,.190,.215,.254,.469
Jeff J Locke,PIT,29,47,3,5,0,0,0,0,2,19,0,0,.106,.143,.106,.249
Michael M Martinez C,PHI,29,40,5,7,0,0,0,3,0,12,1,0,.175,.175,.175,.350
Shelby S Miller,STL,29,53,3,4,1,0,1,2,1,29,0,0,.075,.109,.151,.260
Mike M Minor,ATL,29,61,3,10,1,0,1,6,2,25,0,0,.164,.190,.230,.420
Jesus J Montero,SEA,29,101,6,21,1,1,3,9,8,21,0,1,.208,.264,.327,.590
Francisco F Rodríguez Rodriguez,BAL,29,0,0,0,0,0,0,0,0,0,0,0,.000,.000,.000,.000
Jordan J Zimmermann,WSH,29,65,4,8,1,0,0,2,1,20,0,0,.123,.134,.138,.273
Barry B Zito,SF,29,34,3,5,0,0,0,2,0,8,0,0,.147,.147,.147,.294
Jorge J De La Rosa,COL,28,52,2,2,0,0,0,0,2,21,0,0,.038,.074,.038,.112
Jake J Dunning,SF,28,0,0,0,0,0,0,0,0,0,0,0,.000,.000,.000,.000
Chad C Gaudin,SF,28,25,0,1,0,0,0,1,2,14,0,0,.040,.111,.040,.151
Gonzalez G Germen,NYM,28,1,0,0,0,0,0,0,0,1,0,0,.000,.000,.000,.000
Cole C Gillespie R,CHC,28,59,6,12,2,0,0,4,7,13,0,0,.203,.294,.237,.531
Yasmani Y Grandal,SD,28,88,13,19,8,0,1,9,18,18,0,0,.216,.352,.341,.693
Juan J Nicasio,COL,28,36,4,5,0,0,0,3,4,20,0,0,.139,.225,.139,.364
Stephen S Strasburg,WSH,28,49,2,7,2,0,0,2,2,23,0,0,.143,.176,.184,.360
Ryan R Wheeler,COL,28,41,1,9,2,0,0,7,1,10,0,0,.220,.238,.268,.506
Kevin K Youkilis,NYY,28,105,12,23,7,0,2,8,8,31,0,0,.219,.305,.343,.648
Mitchell M Boggs,COL,27,0,0,0,0,0,0,0,0,0,0,0,.000,.000,.000,.000
Tyler T Colvin C,COL,27,75,8,12,0,0,3,10,3,27,0,0,.160,.192,.280,.472
Scott S Downs,ATL,27,0,0,0,0,0,0,0,0,0,0,0,.000,.000,.000,.000
Wilmer W Flores,NYM,27,95,8,20,5,0,1,13,5,23,0,0,.211,.248,.295,.542
Tom T Koehler,MIA,27,39,1,3,0,0,0,0,0,17,0,0,.077,.077,.077,.154
Felix F Pie L,PIT,27,29,5,4,1,0,0,2,2,13,1,2,.138,.194,.172,.366
Matt M Reynolds,ARI,27,0,0,0,0,0,0,0,0,0,0,0,.000,.000,.000,.000
Hyun Jin H Ryu,LAD,27,58,5,12,3,1,0,5,2,23,0,0,.207,.233,.293,.526
Fernando F Salas,STL,27,2,0,0,0,0,0,0,0,1,0,0,.000,.000,.000,.000
Justin J Sellers S,LAD,27,69,6,13,1,0,1,2,5,20,0,0,.188,.263,.246,.510
Brandon B Snyder,BOS,27,50,5,9,3,0,2,7,0,16,0,0,.180,.212,.360,.572
Logan L Watkins,CHC,27,38,2,8,1,0,0,0,3,14,0,0,.211,.268,.237,.505
Matthew Mden Dekkerden Dekker C,NYM,27,58,7,12,1,0,1,6,4,23,4,1,.207,.270,.276,.546
Trevor T Cahill,ARI,26,49,2,4,1,1,0,5,0,20,0,0,.082,.082,.143,.224
Tyler T Chatwood,COL,26,40,3,12,1,0,0,7,2,8,0,0,.300,.333,.325,.658
Hector H Gimenez,CWS,26,68,8,13,4,0,2,10,7,22,0,0,.191,.275,.338,.613
Matt M Harvey,NYM,26,58,2,5,2,0,0,2,1,27,0,0,.086,.102,.121,.222
Brock B Holt,BOS,26,59,9,12,2,0,0,11,7,4,1,0,.203,.275,.237,.513
Jeremy J Horst,PHI,26,0,0,0,0,0,0,0,0,0,0,0,.000,.000,.000,.000
Rob R Wooten,MIL,26,1,0,0,0,0,0,0,0,1,0,0,.000,.000,.000,.000
Mike M Adams,PHI,25,0,0,0,0,0,0,0,0,0,0,0,.000,.000,.000,.000
Abraham A Almonte C,SEA,25,72,10,19,4,0,2,9,6,21,1,0,.264,.313,.403,.715
Adron A Chambers,STL,25,26,5,4,1,0,0,1,3,11,0,1,.154,.241,.192,.434
Zach Z Duke,CIN,25,2,0,2,0,0,0,0,0,0,0,0,1.000,1.000,1.000,2.000
Jose J Fernández Fernandez,MIA,25,50,5,11,1,1,1,5,0,20,0,0,.220,.216,.340,.556
Brandon B Laird,HOU,25,71,7,12,3,0,5,11,3,26,0,0,.169,.224,.423,.646
Ryan R Lavarnway,BOS,25,77,8,23,7,0,1,14,2,17,0,0,.299,.329,.429,.758
Darnell D Mc Donald,CHC,25,53,4,16,4,0,1,5,4,8,0,0,.302,.351,.434,.785
Shawn S Camp,CHC,24,0,0,0,0,0,0,0,0,0,0,0,.000,.000,.000,.000
Pedro P Feliciano,NYM,24,0,0,0,0,0,0,0,0,0,0,0,.000,.000,.000,.000
Alberto A Gonzalez,NYY,24,57,6,11,2,0,1,6,2,12,0,0,.193,.217,.281,.497
Jeff J Kobernus,WSH,24,30,8,5,0,0,1,1,5,6,3,2,.167,.306,.267,.572
Jhonatan J Solano,WSH,24,48,2,7,2,0,0,2,2,7,0,1,.146,.180,.188,.368
Henry H Urrutia,BAL,24,58,5,16,0,1,0,2,0,11,0,0,.276,.276,.310,.586
Brennan B Boesch R,NYY,23,51,6,14,2,1,3,8,2,9,0,0,.275,.302,.529,.831
Rey R Fuentes C,SD,23,33,4,5,0,0,0,1,3,16,3,0,.152,.222,.152,.374
Jeremy J Hefner,NYM,23,32,0,0,0,0,0,1,1,21,0,0,.000,.059,.000,.059
Francisco F Liriano,PIT,23,47,0,3,0,0,0,1,4,18,0,0,.064,.137,.064,.201
Paul P Maholm,ATL,23,52,2,7,2,0,0,2,1,25,0,0,.135,.151,.173,.324
Brock B Peterson,STL,23,26,0,2,0,0,0,2,2,11,0,0,.077,.143,.077,.220
Rene R Rivera,SD,23,67,4,17,3,1,0,7,2,16,0,0,.254,.268,.328,.596
Taylor T Teagarden,BAL,23,60,3,10,2,0,2,5,1,18,0,1,.167,.180,.300,.480
Chris C Withrow,LAD,23,1,0,0,0,0,0,0,0,1,0,0,.000,.000,.000,.000
Engel E Beltre,TEX,22,40,7,10,1,0,0,2,0,5,1,2,.250,.268,.275,.543
Tony T Cingrani,CIN,22,28,4,7,1,0,0,1,0,9,1,0,.250,.250,.286,.536
Jeff J Francis,COL,22,14,0,1,1,0,0,1,2,3,0,0,.071,.222,.143,.365
Luis L García Garcia,PHI,22,2,0,0,0,0,0,0,0,1,0,0,.000,.000,.000,.000
Tyler T Greene,CWS,22,54,7,12,2,1,1,3,3,19,0,0,.222,.263,.352,.615
Colt C Hynes,SD,22,0,0,0,0,0,0,0,0,0,0,0,.000,.000,.000,.000
Alfredo A Marte,ARI,22,43,4,8,3,0,0,4,4,12,0,0,.186,.271,.256,.527
Jonathon J Niese,NYM,22,39,6,8,2,0,0,4,4,17,0,0,.205,.279,.256,.536
B. J. B Rosenberg,PHI,22,0,0,0,0,0,0,0,0,0,0,0,.000,.000,.000,.000
Tony T Sanchez,PIT,22,60,9,14,4,0,2,5,3,14,0,0,.233,.288,.400,.688
Rob R Scahill,COL,22,1,0,0,0,0,0,0,0,0,0,0,.000,.000,.000,.000
Chris C Valaika,MIA,22,64,4,14,5,0,1,9,3,16,0,0,.219,.261,.344,.605
Anthony A Bass,SD,21,2,0,0,0,0,0,1,0,1,0,0,.000,.000,.000,.000
Chris C Capuano,LAD,21,24,1,1,0,0,0,0,1,8,0,0,.042,.080,.042,.122
Jose J Constanza L,ATL,21,31,2,8,0,0,0,3,0,5,0,3,.258,.258,.258,.516
Ben B Francisco D,NYY,21,44,4,5,0,0,1,1,5,11,0,0,.114,.220,.182,.402
Carlos C Martínez Martinez,STL,21,2,0,0,0,0,0,0,0,1,0,0,.000,.000,.000,.000
Josmil J Pinto,MIN,21,76,10,26,5,0,4,12,6,22,0,0,.342,.398,.566,.963
Henry Alberto H Rodriguez,CHC,21,0,0,0,0,0,0,0,0,0,0,0,.000,.000,.000,.000
Marcus M Semien,CWS,21,69,7,18,4,0,2,7,1,22,2,2,.261,.268,.406,.673
Phillippe P Aumont,PHI,20,0,0,0,0,0,0,0,0,0,0,0,.000,.000,.000,.000
Matt M Carson R,CLE,20,11,5,7,0,0,1,3,1,1,3,0,.636,.692,.909,1.601
Randall R Delgado,ARI,20,32,2,7,0,0,0,1,1,13,0,0,.219,.242,.219,.461
Shelley S Duncan D,TB,20,55,6,10,1,0,2,6,9,14,0,0,.182,.297,.309,.606
Rob R Johnson,STL,20,35,2,6,1,1,0,2,3,6,0,0,.171,.237,.257,.494
Brent B Lillibridge,NYY,20,59,2,7,1,0,0,5,1,17,1,0,.119,.133,.136,.269
Jason J Marquis,SD,20,42,0,5,1,0,0,2,0,12,0,0,.119,.119,.143,.262
Chris C Owings S,ARI,20,55,5,16,5,0,0,5,6,10,2,0,.291,.361,.382,.742
Tyler T Pastornicky,ATL,20,30,5,9,1,0,0,0,1,5,0,0,.300,.323,.333,.656
Chaz C Roe,ARI,20,1,0,0,0,0,0,0,0,1,0,0,.000,.000,.000,.000
Blake B Tekotte C,CWS,20,31,4,7,1,0,1,2,3,9,1,3,.226,.306,.355,.660
Eury E De La Rosa,ARI,19,1,0,0,0,0,0,0,0,0,0,0,.000,.000,.000,.000
Marco M Estrada,MIL,19,34,1,7,1,0,0,2,1,16,0,0,.206,.229,.235,.464
Tim T Hudson,ATL,19,38,2,6,1,0,1,3,4,14,0,0,.158,.238,.263,.501
Cesar C Jimenez,PHI,19,0,0,0,0,0,0,0,0,0,0,0,.000,.000,.000,.000
Austin A Kearns,MIA,19,27,3,5,0,0,0,0,4,8,0,0,.185,.290,.185,.476
Brandon B Mc Carthy,ARI,19,37,0,1,0,0,0,0,3,15,0,0,.027,.100,.027,.127
Tommy T Medica,SD,19,69,9,20,2,0,3,10,10,23,0,0,.290,.380,.449,.829
Charlie C Morton,PIT,19,36,1,5,0,0,0,1,0,11,0,0,.139,.139,.139,.278
Eric E O' Flaherty,ATL,19,0,0,0,0,0,0,0,0,0,0,0,.000,.000,.000,.000
Kevin K Slowey,MIA,19,21,1,1,0,0,0,0,2,12,0,0,.048,.130,.048,.178
Jacob J Turner,MIA,19,35,0,3,0,1,0,0,0,16,0,0,.086,.086,.143,.229
Jake J Westbrook,STL,19,34,5,6,2,0,0,4,4,12,1,0,.176,.263,.235,.498
Xander X Bogaerts,BOS,18,44,7,11,2,0,1,5,5,13,1,0,.250,.320,.364,.684
Nathan N Eovaldi,MIA,18,31,1,2,0,0,0,1,1,17,0,0,.065,.094,.065,.158
Nick N Green S,MIA,18,55,4,13,2,0,1,6,3,14,0,0,.236,.302,.327,.629
Koyie K Hill,MIA,18,58,3,9,2,0,0,0,2,18,0,0,.155,.183,.190,.373
Andrew A Lambo,PIT,18,30,4,7,2,0,1,2,3,11,0,1,.233,.303,.400,.703
Francisco F Peguero L,SF,18,29,4,6,1,0,1,1,1,2,2,0,.207,.233,.345,.578
Brian B Wilson,LAD,18,0,0,0,0,0,0,0,0,0,0,0,.000,.000,.000,.000
Jim J Adduci,TEX,17,31,2,8,1,0,0,0,3,9,2,0,.258,.324,.290,.614
Henderson H Alvarez,MIA,17,30,2,9,3,0,1,6,0,12,0,0,.300,.290,.500,.790
Vic V Black,NYM,17,0,0,0,0,0,0,0,0,0,0,0,.000,.000,.000,.000
Brad B Boxberger,SD,17,1,0,0,0,0,0,0,0,0,0,0,.000,.000,.000,.000
Francisco F Cervelli,NYY,17,52,12,14,3,0,3,8,8,9,0,0,.269,.377,.500,.877
Gerrit G Cole,PIT,17,34,3,7,0,0,0,5,1,14,0,0,.206,.229,.206,.434
Brad B Hawpe,LAA,17,27,2,5,0,0,0,2,5,14,0,0,.185,.313,.185,.498
Ramon R Hernandez,LAD,17,48,4,10,2,0,3,6,6,7,1,0,.208,.291,.438,.728
Derek D Jeter S,NYY,17,63,8,12,1,0,1,7,8,10,0,0,.190,.288,.254,.542
Corky C Miller,CIN,17,35,2,9,5,0,0,8,5,6,0,0,.257,.366,.400,.766
Jonathan J Pettibone,PHI,17,29,4,3,1,0,0,0,3,14,0,0,.103,.188,.138,.325
J C Ramírez Ramirez,PHI,17,1,0,0,0,0,0,0,0,0,0,0,.000,.000,.000,.000
Joe J Savery,PHI,17,0,0,0,0,0,0,0,0,0,0,0,.000,.000,.000,.000
Tyler T Thornburg,MIL,17,16,0,0,0,0,0,0,0,8,0,0,.000,.000,.000,.000
Carlos C Triunfel S,SEA,17,44,1,6,1,0,0,2,0,11,0,0,.136,.152,.159,.311
Ryan R Vogelsong,SF,17,29,2,2,0,0,0,2,3,17,0,0,.069,.156,.069,.225
John J Baker,SD,16,40,0,6,0,0,0,2,6,12,0,0,.150,.261,.150,.411
Chad C Bettis,COL,16,11,0,0,0,0,0,0,0,4,0,0,.000,.000,.000,.000
Michael M Blazek,MIL,16,0,0,0,0,0,0,0,0,0,0,0,.000,.000,.000,.000
Cody C Clark,HOU,16,38,1,4,1,0,0,0,1,15,0,0,.105,.128,.132,.260
Scott S Feldman,BAL,16,37,2,6,2,0,1,8,0,13,0,0,.162,.162,.297,.460
Bryan B Holaday,DET,16,27,8,8,1,0,1,2,2,3,0,0,.296,.367,.444,.811
Blake B Lalli,MIL,16,24,1,3,0,0,0,2,0,7,0,0,.125,.125,.125,.250
Kameron K Loe,ATL,16,1,0,0,0,0,0,0,0,0,0,0,.000,.000,.000,.000
Zach Z Miner,PHI,16,6,0,2,0,0,0,0,0,3,0,0,.333,.333,.333,.667
John Ryan J Murphy,NYY,16,26,3,4,1,0,0,1,1,9,0,0,.154,.185,.192,.378
Zack Z Wheeler,NYM,16,30,1,4,1,0,0,2,1,13,0,0,.133,.161,.167,.328
Keith K Butler,STL,15,0,0,0,0,0,0,0,0,0,0,0,.000,.000,.000,.000
Ezequiel E Carrera R,CLE,15,17,3,3,0,0,0,1,1,5,0,0,.176,.300,.176,.476
Chad C Durbin,PHI,15,0,0,0,0,0,0,0,0,0,0,0,.000,.000,.000,.000
Tommy T Field,LAA,15,26,4,4,0,0,0,0,1,7,0,0,.154,.185,.154,.339
Zach Z Lutz,NYM,15,20,2,6,2,0,0,2,6,6,0,0,.300,.462,.400,.862
Sean S Marshall,CIN,15,0,0,0,0,0,0,0,0,0,0,0,.000,.000,.000,.000
Ethan E Martin,PHI,15,9,0,0,0,0,0,0,0,6,0,0,.000,.000,.000,.000
Ross R Ohlendorf,WSH,15,15,0,0,0,0,0,1,1,11,0,0,.000,.063,.000,.062
Pete P Orr,PHI,15,20,1,4,0,0,0,0,2,8,0,0,.200,.273,.200,.473
Jose J Ramírez Ramirez,CLE,15,12,5,4,0,1,0,0,2,2,0,1,.333,.429,.500,.929
Jon J Rauch,MIA,15,0,0,0,0,0,0,0,0,0,0,0,.000,.000,.000,.000
Kensuke K Tanaka L,SF,15,30,4,8,0,0,0,2,4,3,2,0,.267,.353,.267,.620
Mark M Teixeira,NYY,15,53,5,8,1,0,3,12,8,19,0,0,.151,.270,.340,.610
Raul R Valdes,PHI,15,3,0,1,1,0,0,0,0,0,0,0,.333,.333,.667,1.000
Michael M Wacha,STL,15,21,0,3,0,0,0,3,0,10,0,0,.143,.143,.143,.286
Corey C Brown L,WSH,14,12,2,2,1,0,1,1,3,4,1,0,.167,.333,.500,.833
Jordan J Brown,MIA,14,15,0,3,1,0,0,5,1,1,0,0,.200,.235,.267,.502
Robert R Carson,NYM,14,0,1,0,0,0,0,0,1,0,0,0,.000,1.000,.000,1.000
Johnny J Giavotella,KC,14,41,4,9,3,0,0,4,5,4,0,0,.220,.333,.293,.626
Tuffy T Gosewisch,ARI,14,45,1,8,2,0,0,3,0,8,0,0,.178,.174,.222,.396
John J Lannan,PHI,14,21,2,4,1,0,0,1,2,11,0,0,.190,.261,.238,.499
Tommy T Layne,SD,14,0,0,0,0,0,0,0,0,0,0,0,.000,.000,.000,.000
Shaun S Marcum,NYM,14,22,0,3,1,0,0,0,0,5,0,0,.136,.174,.182,.356
Cameron C Maybin,SD,14,51,7,8,1,0,1,5,4,9,4,1,.157,.232,.235,.467
Peter P Moylan,LAD,14,0,0,0,0,0,0,0,0,0,0,0,.000,.000,.000,.000
Andy A Parrino S,OAK,14,34,2,4,2,0,0,1,2,12,0,0,.118,.167,.176,.343
Michael M Stutes,PHI,14,1,0,0,0,0,0,0,0,0,0,0,.000,.000,.000,.000
Quintin Q Berry,BOS,13,8,5,5,0,0,1,4,1,2,3,0,.625,.667,1.000,1.667
Arquimedes A Caminero,MIA,13,0,0,0,0,0,0,0,0,0,0,0,.000,.000,.000,.000
Robinson R Chirinos,TEX,13,28,3,5,3,0,0,0,2,6,0,0,.179,.233,.286,.519
Jaff J Decker L,SD,13,26,3,4,0,0,1,2,3,4,0,1,.154,.233,.269,.503
Ross R Detwiler,WSH,13,22,1,2,0,0,0,0,1,17,0,0,.091,.130,.091,.221
Kyle K Farnsworth,PIT,13,0,0,0,0,0,0,0,0,0,0,0,.000,.000,.000,.000
Sam S Freeman,STL,13,0,0,0,0,0,0,0,0,0,0,0,.000,.000,.000,.000
Billy B Hamilton C,CIN,13,19,9,7,2,0,0,1,2,4,13,1,.368,.429,.474,.902
Wade W Le Blanc,HOU,13,12,1,2,0,0,0,0,0,2,0,0,.167,.167,.167,.333
Luke L Montz D,OAK,13,28,2,5,3,0,1,5,1,8,0,0,.179,.200,.393,.593
Curtis C Partch,CIN,13,1,0,0,0,0,0,0,0,0,0,0,.000,.000,.000,.000
Clayton C Richard,SD,13,14,1,3,0,0,0,1,0,5,0,0,.214,.214,.214,.429
Tanner T Roark,WSH,13,14,0,4,1,0,0,1,0,5,0,0,.286,.286,.357,.643
Wandy W Rodriguez,PIT,13,22,0,2,0,0,0,1,0,8,0,0,.091,.091,.091,.182
Marc M Rzepczynski,CLE,13,1,0,0,0,0,0,0,0,1,0,0,.000,.000,.000,.000
Neftali N Soto,CIN,13,12,0,0,0,0,0,0,0,6,0,0,.000,.077,.000,.077
Steve S Clevenger,BAL,12,23,2,5,1,0,0,2,1,5,0,0,.217,.250,.261,.511
Kyuji K Fujikawa,CHC,12,0,0,0,0,0,0,0,0,0,0,0,.000,.000,.000,.000
Jon J Garland,COL,12,19,0,3,1,0,0,0,0,5,0,0,.158,.158,.211,.368
Roy R Halladay,PHI,12,18,0,0,0,0,0,1,1,17,0,0,.000,.053,.000,.053
Brent B Morel,CWS,12,25,3,5,0,0,0,1,5,7,1,1,.200,.333,.200,.533
Chris C Rusin,CHC,12,19,1,2,0,0,0,2,0,3,0,0,.105,.105,.105,.210
Nick N Castellanos L,DET,11,18,1,5,0,0,0,0,0,1,0,0,.278,.278,.278,.556
Xavier X Cedeño Cedeno,WSH,11,0,0,0,0,0,0,0,0,0,0,0,.000,.000,.000,.000
Tyler T Cloyd,PHI,11,18,1,2,1,0,0,1,2,4,0,0,.111,.200,.167,.367
Mike M Fiers,MIL,11,4,0,0,0,0,0,0,0,4,0,0,.000,.000,.000,.000
Stephen S Fife,LAD,11,17,0,1,0,0,0,0,1,12,0,0,.059,.111,.059,.170
Justin J Grimm,CHC,11,1,0,0,0,0,0,0,0,0,0,0,.000,.000,.000,.000
Tyler T Lyons,STL,11,12,0,2,0,0,0,0,0,4,0,0,.167,.167,.167,.333
Jeff J Manship,COL,11,7,0,0,0,0,0,0,0,2,0,0,.000,.000,.000,.000
Fernando F Martinez L,HOU,11,33,1,6,0,0,1,3,1,12,0,0,.182,.229,.273,.501
Guillermo G Moscoso,SF,11,2,0,0,0,0,0,0,0,1,0,0,.000,.000,.000,.000
Bryan B Anderson,CWS,10,18,1,1,1,0,0,2,1,5,0,0,.056,.105,.111,.216
Erik E Davis,WSH,10,0,0,0,0,0,0,0,0,0,0,0,.000,.000,.000,.000
Matt M Diaz,MIA,10,18,1,3,1,0,0,1,1,3,0,0,.167,.211,.222,.433
Robbie R Erlin,SD,10,16,0,1,0,0,0,1,1,5,0,0,.063,.118,.063,.180
Mike M Kickham,SF,10,6,0,1,1,0,0,0,0,1,0,0,.167,.167,.333,.500
Chris C Mc Guiness,TEX,10,34,0,6,1,0,0,1,0,13,0,0,.176,.176,.206,.382
Zac Z Rosscup,CHC,10,0,0,0,0,0,0,0,0,0,0,0,.000,.000,.000,.000
Ehire E Adrianza S,SF,9,18,3,4,1,0,1,3,1,5,0,0,.222,.263,.444,.708
Jake J Arrieta,CHC,9,15,0,2,0,0,0,2,0,10,0,0,.133,.133,.133,.267
Jason J Bourgeois D,TB,9,16,2,3,0,0,1,2,2,4,0,0,.188,.278,.375,.653
Michael M Choice R,OAK,9,18,2,5,1,0,0,0,1,6,0,0,.278,.316,.333,.649
Johnny J Cueto,CIN,9,20,1,3,0,0,0,1,0,5,0,0,.150,.150,.150,.300
Jeurys J Familia,NYM,9,0,0,0,0,0,0,0,0,0,0,0,.000,.000,.000,.000
Jaime J García Garcia,STL,9,21,0,0,0,0,0,0,0,10,0,0,.000,.000,.000,.000
Taylor T Jordan,WSH,9,14,0,2,0,0,0,0,0,3,0,0,.143,.143,.143,.286
Joe J Mahoney,MIA,9,29,2,8,1,0,1,4,0,4,0,0,.276,.276,.414,.690
Matt M Pagnozzi,HOU,9,21,1,3,0,0,0,0,1,3,0,0,.143,.182,.143,.325
Eury E Pérez Perez C,WSH,9,8,1,1,0,0,0,0,0,3,1,0,.125,.125,.125,.250
Brooks B Raley,CHC,9,3,0,0,0,0,0,0,0,1,0,0,.000,.000,.000,.000
Henry Alejandro H Rodriguez,CIN,9,9,0,1,0,0,0,0,1,4,0,0,.111,.200,.111,.311
Alex A Sanabia,MIA,9,16,1,1,0,0,0,0,1,7,0,0,.063,.118,.063,.180
Chris C Snyder,BAL,9,20,0,2,0,0,0,1,4,7,0,0,.100,.250,.100,.350
Michael M Taylor R,OAK,9,23,0,1,0,0,0,0,2,5,0,0,.043,.120,.043,.164
Cody C Allen,CLE,8,0,0,0,0,0,0,0,0,0,0,0,.000,.000,.000,.000
Jerry J Blevins,OAK,8,1,0,0,0,0,0,0,0,1,0,0,.000,.000,.000,.000
Nick N Buss L,LAD,8,19,0,2,0,0,0,0,1,1,0,0,.105,.150,.105,.255
Joey J Butler,TEX,8,12,3,4,2,0,0,1,3,6,0,0,.333,.467,.500,.967
Alex A Castellanos R,LAD,8,18,2,3,1,0,1,1,0,5,0,0,.167,.167,.389,.556
Todd T Cunningham L,ATL,8,8,2,2,0,0,0,0,0,3,0,0,.250,.250,.250,.500
Jose J Domínguez Dominguez,LAD,8,1,0,0,0,0,0,0,0,1,0,0,.000,.000,.000,.000
Matt M Garza,CHC,8,18,1,4,1,0,0,2,0,9,0,0,.222,.263,.278,.541
Javy J Guerra,LAD,8,0,0,0,0,0,0,0,0,0,0,0,.000,.000,.000,.000
Johnny J Hellweg,MIL,8,10,0,0,0,0,0,0,0,4,0,0,.000,.000,.000,.000
Heath H Hembree,SF,8,0,0,0,0,0,0,0,0,0,0,0,.000,.000,.000,.000
Matt M Langwell,ARI,8,1,0,0,0,0,0,0,0,0,0,0,.000,.000,.000,.000
Alex A Liddi,SEA,8,17,0,1,1,0,0,0,1,7,0,0,.059,.111,.118,.229
Matt M Lindstrom,CWS,8,0,0,0,0,0,0,0,0,0,0,0,.000,.000,.000,.000
Chris C Marrero,WSH,8,16,0,2,0,0,0,1,0,4,0,0,.125,.125,.125,.250
James J Mc Donald,PIT,8,11,2,3,0,0,0,0,1,5,0,0,.273,.333,.273,.606
Johnny J Monell,SF,8,8,2,1,0,0,0,1,0,3,0,0,.125,.222,.125,.347
Yamaico Y Navarro,BAL,8,28,3,8,0,1,0,2,2,8,0,0,.286,.333,.357,.690
Darren D O' Day,BAL,8,1,0,0,0,0,0,0,0,1,0,0,.000,.000,.000,.000
Roy R Oswalt,COL,8,6,0,2,0,0,0,0,0,2,0,0,.333,.333,.333,.667
Drew D Pomeranz,COL,8,3,0,0,0,0,0,0,0,1,0,0,.000,.000,.000,.000
Josh J Prince,MIL,8,8,3,1,1,0,0,0,1,1,0,0,.125,.222,.250,.472
Chris C Robinson,SD,8,12,1,2,0,0,1,3,0,3,0,0,.167,.167,.417,.583
Fernando F Rodney,TB,8,0,0,0,0,0,0,0,0,0,0,0,.000,.000,.000,.000
Burch B Smith,SD,8,9,0,1,0,0,0,0,1,2,0,0,.111,.200,.111,.311
Jesus J Sucre,SEA,8,26,1,5,0,0,0,3,2,1,0,0,.192,.241,.192,.434
Zach Z Walters,WSH,8,8,2,3,0,1,0,1,1,0,0,0,.375,.444,.625,1.069
Jemile J Weeks D,OAK,8,9,3,1,0,0,0,0,0,5,0,0,.111,.111,.111,.222
Josh J Beckett,LAD,7,8,0,1,0,0,0,0,1,3,0,0,.125,.222,.125,.347
Tim T Byrdak,NYM,7,0,0,0,0,0,0,0,0,0,0,0,.000,.000,.000,.000
Alberto A Cabrera,CHC,7,0,0,0,0,0,0,0,0,0,0,0,.000,.000,.000,.000
Scott S Cousins,LAA,7,4,1,0,0,0,0,0,1,3,0,0,.000,.200,.000,.200
Brian B Duensing,MIN,7,0,0,0,0,0,0,0,0,0,0,0,.000,.000,.000,.000
Frank F Francisco,NYM,7,0,0,0,0,0,0,0,0,0,0,0,.000,.000,.000,.000
Brad B Hand,MIA,7,4,0,0,0,0,0,0,0,2,0,0,.000,.000,.000,.000
Chris C Hatcher,MIA,7,0,0,0,0,0,0,0,0,0,0,0,.000,.000,.000,.000
Travis T Ishikawa,NYY,7,19,0,2,0,0,0,1,1,10,0,0,.105,.150,.105,.255
Ryan R Jackson,STL,7,7,0,0,0,0,0,0,0,2,0,0,.000,.000,.000,.000
Nate N Jones,CWS,7,0,0,0,0,0,0,0,0,0,0,0,.000,.000,.000,.000
Collin C Mc Hugh,COL,7,6,0,1,0,0,0,0,0,2,0,0,.167,.167,.167,.333
Sean S O' Sullivan,SD,7,6,0,1,1,0,0,0,0,4,0,0,.167,.167,.333,.500
Joel J Peralta,TB,7,0,0,0,0,0,0,0,0,0,0,0,.000,.000,.000,.000
Yusmeiro Y Petit,SF,7,16,0,1,0,0,0,2,1,5,0,0,.063,.118,.063,.180
Josh J Roenicke,MIN,7,1,0,0,0,0,0,0,0,0,0,0,.000,.000,.000,.000
Bryan B Shaw,CLE,7,0,0,0,0,0,0,0,0,0,0,0,.000,.000,.000,.000
Tyler T Skaggs,ARI,7,10,0,2,0,0,0,1,0,5,0,0,.200,.200,.200,.400
Wilfredo W Tovar S,NYM,7,15,1,3,0,0,0,2,1,3,1,0,.200,.294,.200,.494
Wesley W Wright,HOU,7,1,0,0,0,0,0,0,0,1,0,0,.000,.000,.000,.000
Wilson W Betemit D,BAL,6,10,0,0,0,0,0,0,0,3,0,0,.000,.000,.000,.000
J. C. J Boscan,CHC,6,9,1,2,1,0,0,0,0,2,0,0,.222,.300,.333,.633
Hiram H Burgos,MIL,6,8,0,1,0,0,0,0,0,6,0,0,.125,.125,.125,.250
Drew D Butera,LAD,6,10,0,1,0,0,0,0,0,5,0,0,.100,.100,.100,.200
Tim T Collins,KC,6,0,0,0,0,0,0,0,0,0,0,0,.000,.000,.000,.000
Jose J Contreras,PIT,6,0,0,0,0,0,0,0,0,0,0,0,.000,.000,.000,.000
Ryan R Cook,OAK,6,0,0,0,0,0,0,0,0,0,0,0,.000,.000,.000,.000
Brandon B Cumpton,PIT,6,9,0,0,0,0,0,0,1,4,0,0,.000,.100,.000,.100
Eric E Fryer,MIN,6,13,2,5,1,0,1,4,3,3,0,0,.385,.500,.692,1.192
Charlie C Furbush,SEA,6,0,0,0,0,0,0,0,0,0,0,0,.000,.000,.000,.000
Freddy F Garcia,ATL,6,8,0,0,0,0,0,0,0,5,0,0,.000,.000,.000,.000
Aaron A Harang,NYM,6,11,1,2,0,0,0,0,0,6,0,0,.182,.182,.182,.364
Kelvin K Herrera,KC,6,0,0,0,0,0,0,0,0,0,0,0,.000,.000,.000,.000
Greg G Holland,KC,6,0,0,0,0,0,0,0,0,0,0,0,.000,.000,.000,.000
Casey C Janssen,TOR,6,0,0,0,0,0,0,0,0,0,0,0,.000,.000,.000,.000
Casey C Kotchman,MIA,6,20,0,0,0,0,0,1,1,1,0,0,.000,.048,.000,.048
Steven S Lerud,PHI,6,5,0,0,0,0,0,0,0,4,0,0,.000,.000,.000,.000
Chang- Yong C Lim,CHC,6,0,0,0,0,0,0,0,0,0,0,0,.000,.000,.000,.000
Matt M Magill,LAD,6,7,0,0,0,0,0,0,0,5,0,0,.000,.000,.000,.000
Daisuke D Matsuzaka,NYM,6,12,0,3,0,0,0,1,0,5,0,0,.250,.250,.250,.500
Jenrry J Mejia,NYM,6,11,0,0,0,0,0,0,0,6,0,0,.000,.000,.000,.000
Thomas T Neal L,CHC,6,15,1,2,0,0,0,0,1,4,0,0,.133,.235,.133,.369
Jake J Peavy,BOS,6,15,1,1,1,0,0,0,0,0,0,0,.067,.067,.133,.200
Ryan R Pressly,MIN,6,0,0,0,0,0,0,0,0,0,0,0,.000,.000,.000,.000
Ramon E R Ramirez,SF,6,0,0,0,0,0,0,0,0,0,0,0,.000,.000,.000,.000
Cesar C Ramos,TB,6,0,0,0,0,0,0,0,0,0,0,0,.000,.000,.000,.000
Ryan R Reid,PIT,6,1,0,0,0,0,0,0,0,0,0,0,.000,.000,.000,.000
David D Robertson,NYY,6,0,0,0,0,0,0,0,0,0,0,0,.000,.000,.000,.000
Jonathan J Sánchez Sanchez,PIT,6,5,1,0,0,0,0,0,1,4,0,0,.000,.167,.000,.167
Jose J Veras,DET,6,0,0,0,0,0,0,0,0,0,0,0,.000,.000,.000,.000
Chris C Volstad,COL,6,0,0,0,0,0,0,0,0,0,0,0,.000,.000,.000,.000
Josh J Wall,LAD,6,0,0,0,0,0,0,0,0,0,0,0,.000,.000,.000,.000
Matt M Albers,CLE,5,0,0,0,0,0,0,0,0,0,0,0,.000,.000,.000,.000
Brandon B Beachy,ATL,5,8,1,1,0,0,0,0,1,3,0,0,.125,.222,.125,.347
Tim T Beckham,TB,5,7,1,3,0,0,0,1,0,0,0,0,.429,.375,.429,.804
Kevin K Correia,MIN,5,7,0,0,0,0,0,0,0,5,0,0,.000,.000,.000,.000
Aaron A Crow,KC,5,0,0,0,0,0,0,0,0,0,0,0,.000,.000,.000,.000
Jermaine J Curtis,STL,5,3,0,0,0,0,0,0,1,1,0,0,.000,.400,.000,.400
Dane D De La Rosa,LAA,5,0,0,0,0,0,0,0,0,0,0,0,.000,.000,.000,.000
Jonathan J Diaz,BOS,5,4,2,0,0,0,0,0,0,0,0,0,.000,.000,.000,.000
Rafael R Dolis,CHC,5,0,0,0,0,0,0,0,0,0,0,0,.000,.000,.000,.000
Sam S Dyson,MIA,5,1,0,0,0,0,0,0,0,0,0,0,.000,.000,.000,.000
Casey C Fien,MIN,5,0,0,0,0,0,0,0,0,0,0,0,.000,.000,.000,.000
Ernesto E Frieri,LAA,5,0,0,0,0,0,0,0,0,0,0,0,.000,.000,.000,.000
Miguel M Gonzalez,CWS,5,9,0,2,0,0,0,0,0,3,0,0,.222,.222,.222,.444
Brett B Hayes,KC,5,18,2,5,3,0,1,2,0,3,0,0,.278,.278,.611,.889
Rich R Hill,CLE,5,0,0,0,0,0,0,0,0,0,0,0,.000,.000,.000,.000
Tommy T Hunter,BAL,5,0,0,0,0,0,0,0,0,0,0,0,.000,.000,.000,.000
Jim J Johnson,BAL,5,0,0,0,0,0,0,0,0,0,0,0,.000,.000,.000,.000
Jake J Mc Gee,TB,5,0,0,0,0,0,0,0,0,0,0,0,.000,.000,.000,.000
Melky M Mesa L,NYY,5,13,2,5,2,0,0,1,1,2,0,1,.385,.429,.538,.967
Adam A Moore,KC,5,10,1,3,1,0,0,0,1,2,1,0,.300,.364,.400,.764
Joe J Nathan,TEX,5,0,0,0,0,0,0,0,0,0,0,0,.000,.000,.000,.000
Pat P Neshek,OAK,5,0,0,0,0,0,0,0,0,0,0,0,.000,.000,.000,.000
Bud B Norris,BAL,5,7,0,3,0,0,0,0,0,0,0,0,.429,.429,.429,.857
Edgar E Olmos,MIA,5,0,0,0,0,0,0,0,0,0,0,0,.000,.000,.000,.000
Troy T Patton,BAL,5,1,0,0,0,0,0,0,0,0,0,0,.000,.000,.000,.000
Glen G Perkins,MIN,5,0,0,0,0,0,0,0,0,0,0,0,.000,.000,.000,.000
Stolmy S Pimentel,PIT,5,1,0,0,0,0,0,0,0,0,0,0,.000,.000,.000,.000
Zach Z Putnam,CHC,5,0,0,0,0,0,0,0,0,0,0,0,.000,.000,.000,.000
Greg G Reynolds,CIN,5,7,1,1,1,0,0,0,0,4,0,0,.143,.143,.286,.429
Mariano M Rivera,NYY,5,0,0,0,0,0,0,0,0,0,0,0,.000,.000,.000,.000
Esmil E Rogers,TOR,5,3,0,0,0,0,0,0,0,1,0,0,.000,.000,.000,.000
Hector H Santiago,CWS,5,4,0,0,0,0,0,0,0,1,0,0,.000,.000,.000,.000
Jonathan J Schoop,BAL,5,14,5,4,0,0,1,1,1,2,0,0,.286,.333,.500,.833
Zeke Z Spruill,ARI,5,1,0,0,0,0,0,0,0,1,0,0,.000,.000,.000,.000
Donnie D Veal,CWS,5,0,0,0,0,0,0,0,0,0,0,0,.000,.000,.000,.000
Neil N Wagner,TOR,5,0,0,0,0,0,0,0,0,0,0,0,.000,.000,.000,.000
Jamey J Wright,TB,5,0,0,0,0,0,0,0,0,0,0,0,.000,.000,.000,.000
Mike M Zagurski,PIT,5,0,0,0,0,0,0,0,0,0,0,0,.000,.000,.000,.000
Hector H Ambriz,HOU,4,0,0,0,0,0,0,0,0,0,0,0,.000,.000,.000,.000
Steve S Ames,MIA,4,0,0,0,0,0,0,0,0,0,0,0,.000,.000,.000,.000
Grant G Balfour,OAK,4,0,0,0,0,0,0,0,0,0,0,0,.000,.000,.000,.000
Joaquin J Benoit,DET,4,0,0,0,0,0,0,0,0,0,0,0,.000,.000,.000,.000
Craig C Breslow,BOS,4,0,0,0,0,0,0,0,0,0,0,0,.000,.000,.000,.000
Charles C Brewer,ARI,4,0,0,0,0,0,0,0,0,0,0,0,.000,.000,.000,.000
Jared J Burton,MIN,4,0,0,0,0,0,0,0,0,0,0,0,.000,.000,.000,.000
Carter C Capps,SEA,4,0,0,0,0,0,0,0,0,0,0,0,.000,.000,.000,.000
Juan J Centeno,NYM,4,10,0,3,0,0,0,1,0,1,0,0,.300,.300,.300,.600
Jesse J Chavez,OAK,4,1,0,0,0,0,0,0,0,1,0,0,.000,.000,.000,.000
Preston P Claiborne,NYY,4,0,0,0,0,0,0,0,0,0,0,0,.000,.000,.000,.000
Paul P Clemens,HOU,4,0,0,0,0,0,0,0,0,0,0,0,.000,.000,.000,.000
Blake B De Witt,ATL,4,3,0,1,1,0,0,0,0,0,0,0,.333,.333,.667,1.000
Steve S Delabar,TOR,4,0,0,0,0,0,0,0,0,0,0,0,.000,.000,.000,.000
Sean S Doolittle,OAK,4,0,0,0,0,0,0,0,0,0,0,0,.000,.000,.000,.000
Doug D Fister,DET,4,5,0,2,0,0,0,1,0,1,0,0,.400,.400,.400,.800
Brian B Flynn,MIA,4,5,0,2,0,0,0,0,0,2,0,0,.400,.400,.400,.800
Chris C Gimenez,TB,4,3,0,1,1,0,0,0,1,1,0,0,.333,.500,.667,1.167
Phil P Gosselin,ATL,4,6,2,2,0,0,0,0,1,2,0,0,.333,.429,.333,.762
Lucas L Harrell,HOU,4,4,0,1,0,0,0,0,2,2,0,0,.250,.500,.250,.750
Sean S Henn,NYM,4,0,0,0,0,0,0,0,0,0,0,0,.000,.000,.000,.000
Elian E Herrera L,LAD,4,8,0,2,0,0,0,0,0,2,0,0,.250,.250,.250,.500
Kris K Johnson,PIT,4,2,0,0,0,0,0,0,0,1,0,0,.000,.000,.000,.000
Michael M Kohn,LAA,4,0,0,0,0,0,0,0,0,0,0,0,.000,.000,.000,.000
Ryan R Langerhans,TOR,4,11,3,3,0,0,0,0,2,2,1,0,.273,.385,.273,.657
Ted T Lilly,LAD,4,5,0,0,0,0,0,0,0,5,0,0,.000,.000,.000,.000
Boone B Logan,NYY,4,0,0,0,0,0,0,0,0,0,0,0,.000,.000,.000,.000
Aaron A Loup,TOR,4,0,0,0,0,0,0,0,0,0,0,0,.000,.000,.000,.000
Josh J Lueke,TB,4,0,0,0,0,0,0,0,0,0,0,0,.000,.000,.000,.000
John J Maine,MIA,4,0,0,0,0,0,0,0,0,0,0,0,.000,.000,.000,.000
Victor V Marte,STL,4,0,0,0,0,0,0,0,0,0,0,0,.000,.000,.000,.000
Brian B Matusz,BAL,4,0,0,0,0,0,0,0,0,0,0,0,.000,.000,.000,.000
Yoervis Y Medina,SEA,4,0,0,0,0,0,0,0,0,0,0,0,.000,.000,.000,.000
Franklin F Morales,BOS,4,2,0,0,0,0,0,0,0,2,0,0,.000,.000,.000,.000
Efren E Navarro,LAA,4,4,0,1,0,0,0,1,2,1,1,0,.250,.500,.250,.750
Jimmy J Nelson,MIL,4,2,0,0,0,0,0,0,0,2,0,0,.000,.000,.000,.000
Joe J Ortiz,TEX,4,0,0,0,0,0,0,0,0,0,0,0,.000,.000,.000,.000
Chris C Perez,CLE,4,0,0,0,0,0,0,0,0,0,0,0,.000,.000,.000,.000
Oliver O Pérez Perez,SEA,4,0,0,0,0,0,0,0,0,0,0,0,.000,.000,.000,.000
Cord C Phelps,CLE,4,9,0,0,0,0,0,0,0,2,0,0,.000,.000,.000,.000
Jason J Pridie L,BAL,4,10,0,2,0,0,0,1,0,2,0,0,.200,.200,.200,.400
Luke L Putkonen,DET,4,0,0,0,0,0,0,0,0,0,0,0,.000,.000,.000,.000
Cory C Rasmus,LAA,4,0,0,0,0,0,0,0,0,0,0,0,.000,.000,.000,.000
Garrett G Richards,LAA,4,0,0,0,0,0,0,0,0,0,0,0,.000,.000,.000,.000
Cameron C Rupp,PHI,4,13,1,4,1,0,0,2,1,4,0,0,.308,.357,.385,.742
Eduardo E Sanchez,CHC,4,0,0,0,0,0,0,0,0,0,0,0,.000,.000,.000,.000
Tanner T Scheppers,TEX,4,0,0,0,0,0,0,0,0,0,0,0,.000,.000,.000,.000
Kyle K Skipworth,MIA,4,3,0,0,0,0,0,0,1,1,0,0,.000,.250,.000,.250
Drew D Smyly,DET,4,0,0,0,0,0,0,0,0,0,0,0,.000,.000,.000,.000
Junichi J Tazawa,BOS,4,0,0,0,0,0,0,0,0,0,0,0,.000,.000,.000,.000
Caleb C Thielbar,MIN,4,0,0,0,0,0,0,0,0,0,0,0,.000,.000,.000,.000
Tom T Wilhelmsen,SEA,4,0,0,0,0,0,0,0,0,0,0,0,.000,.000,.000,.000
C. J. C Wilson,LAA,4,8,1,1,0,0,0,0,1,5,0,0,.125,.222,.125,.347
Scott S Baker,CHC,3,3,0,0,0,0,0,0,0,2,0,0,.000,.000,.000,.000
Travis T Blackley,HOU,3,0,0,0,0,0,0,0,0,0,0,0,.000,.000,.000,.000
Joe J Blanton,LAA,3,6,0,1,0,0,0,0,0,2,0,0,.167,.167,.167,.333
Sean S Burnett,LAA,3,0,0,0,0,0,0,0,0,0,0,0,.000,.000,.000,.000
Nick N Christiani,CIN,3,0,0,0,0,0,0,0,0,0,0,0,.000,.000,.000,.000
Jose J Cisnero,HOU,3,1,0,0,0,0,0,0,0,1,0,0,.000,.000,.000,.000
Louis L Coleman,KC,3,0,0,0,0,0,0,0,0,0,0,0,.000,.000,.000,.000
Bartolo B Colon,OAK,3,6,0,0,0,0,0,0,0,3,0,0,.000,.000,.000,.000
Wade W Davis,KC,3,3,0,0,0,0,0,0,0,2,0,0,.000,.000,.000,.000
Scott S Diamond,MIN,3,7,0,1,0,0,0,0,0,3,0,0,.143,.143,.143,.286
Josh J Fields,HOU,3,0,1,0,0,0,0,0,0,0,0,0,.000,.000,.000,.000
Jason J Frasor,TEX,3,0,0,0,0,0,0,0,0,0,0,0,.000,.000,.000,.000
Onelki O Garcia,LAD,3,0,0,0,0,0,0,0,0,0,0,0,.000,.000,.000,.000
John J Gast,STL,3,5,1,0,0,0,0,0,1,3,0,0,.000,.167,.000,.167
Brandon B Gomes,TB,3,0,0,0,0,0,0,0,0,0,0,0,.000,.000,.000,.000
Juan J Gutierrez,KC,3,0,0,0,0,0,0,0,0,0,0,0,.000,.000,.000,.000
Luke L Hochevar,KC,3,0,0,0,0,0,0,0,0,0,0,0,.000,.000,.000,.000
Derek D Holland,TEX,3,5,1,0,0,0,0,0,2,3,0,0,.000,.286,.000,.286
Ubaldo U Jiménez Jimenez,CLE,3,3,0,0,0,0,0,0,1,3,0,0,.000,.250,.000,.250
Dan D Johnson,BAL,3,5,0,0,0,0,0,0,0,1,0,0,.000,.000,.000,.000
Nate N Karns,WSH,3,3,0,0,0,0,0,0,0,1,0,0,.000,.000,.000,.000
Dallas D Keuchel,HOU,3,2,0,0,0,0,0,0,0,2,0,0,.000,.000,.000,.000
Michael M Kirkman,TEX,3,0,0,0,0,0,0,0,0,0,0,0,.000,.000,.000,.000
Hiroki H Kuroda,NYY,3,6,0,0,0,0,0,0,0,3,0,0,.000,.000,.000,.000
John J Lackey,BOS,3,5,0,0,0,0,0,0,0,3,0,0,.000,.000,.000,.000
Aaron A Laffey,NYM,3,3,0,0,0,0,0,0,0,1,0,0,.000,.000,.000,.000
Jordan J Lyles,HOU,3,6,0,0,0,0,0,0,0,5,0,0,.000,.000,.000,.000
Lou L Marson,CLE,3,3,0,0,0,0,0,0,2,0,0,0,.000,.400,.000,.400
Luis L Mendoza,KC,3,5,0,2,0,0,0,1,0,2,0,0,.400,.400,.400,.800
Tommy T Milone,OAK,3,8,2,2,0,0,0,1,0,1,0,0,.250,.250,.250,.500
Zach Z Phillips,MIA,3,0,0,0,0,0,0,0,0,0,0,0,.000,.000,.000,.000
Rick R Porcello,DET,3,3,0,1,0,0,0,0,0,0,0,0,.333,.333,.333,.667
Todd T Redmond,TOR,3,3,1,0,0,0,0,0,1,1,0,0,.000,.250,.000,.250
Mauricio M Robles,PHI,3,0,0,0,0,0,0,0,0,0,0,0,.000,.000,.000,.000
Robbie R Ross,TEX,3,0,0,0,0,0,0,0,0,0,0,0,.000,.000,.000,.000
Anibal A Sánchez Sanchez,DET,3,4,0,0,0,0,0,0,1,4,0,0,.000,.200,.000,.200
Joe J Saunders,SEA,3,5,0,0,0,0,0,0,0,2,0,0,.000,.000,.000,.000
Joe J Smith,CLE,3,0,0,0,0,0,0,0,0,0,0,0,.000,.000,.000,.000
Max M Stassi D,HOU,3,7,0,2,0,0,0,1,0,2,0,0,.286,.375,.286,.661
Steve S Susdorf L,PHI,3,7,1,1,1,0,0,0,0,1,0,0,.143,.143,.286,.429
Anthony A Swarzak,MIN,3,1,0,0,0,0,0,0,0,1,0,0,.000,.000,.000,.000
Hisanori H Takahashi,CHC,3,0,0,0,0,0,0,0,0,0,0,0,.000,.000,.000,.000
Chris C Tillman,BAL,3,5,0,0,0,0,0,0,0,1,0,0,.000,.000,.000,.000
Ramon R Troncoso,CWS,3,0,0,0,0,0,0,0,0,0,0,0,.000,.000,.000,.000
Koji K Uehara,BOS,3,0,0,0,0,0,0,0,0,0,0,0,.000,.000,.000,.000
Adam A Warren,NYY,3,0,0,0,0,0,0,0,0,0,0,0,.000,.000,.000,.000
Thad T Weber,SD,3,3,0,0,0,0,0,0,0,0,0,0,.000,.000,.000,.000
Danny D Worth,DET,3,2,0,0,0,0,0,0,0,1,0,0,.000,.000,.000,.000
Jose J Álvarez Alvarez,DET,2,1,0,0,0,0,0,0,1,0,0,0,.000,.500,.000,.500
Erik E Bedard,HOU,2,3,0,0,0,0,0,0,0,1,0,0,.000,.000,.000,.000
Chad C Billingsley,LAD,2,3,0,0,0,0,0,0,0,3,0,0,.000,.000,.000,.000
Jeremy J Bonderman,DET,2,2,0,0,0,0,0,0,0,2,0,0,.000,.000,.000,.000
Drake D Britton,BOS,2,0,1,0,0,0,0,0,0,0,0,0,.000,.000,.000,.000
Mark M Buehrle,TOR,2,4,0,0,0,0,0,0,0,1,0,0,.000,.000,.000,.000
Brett B Cecil,TOR,2,0,0,0,0,0,0,0,0,0,0,0,.000,.000,.000,.000
Joba J Chamberlain,NYY,2,0,0,0,0,0,0,0,0,0,0,0,.000,.000,.000,.000
Bruce B Chen,KC,2,2,1,1,0,0,0,0,0,1,0,0,.500,.500,.500,1.000
Robert R Coello,LAA,2,0,0,0,0,0,0,0,0,0,0,0,.000,.000,.000,.000
Neal N Cotts,TEX,2,0,0,0,0,0,0,0,0,0,0,0,.000,.000,.000,.000
Jesse J Crain,CWS,2,0,0,0,0,0,0,0,0,0,0,0,.000,.000,.000,.000
John J Danks,CWS,2,2,0,0,0,0,0,0,0,1,0,0,.000,.000,.000,.000
R. A. R Dickey,TOR,2,6,2,2,1,0,0,1,0,0,0,0,.333,.333,.500,.833
Darin D Downs,DET,2,0,0,0,0,0,0,0,0,0,0,0,.000,.000,.000,.000
Danny D Farquhar,SEA,2,0,0,0,0,0,0,0,0,0,0,0,.000,.000,.000,.000
Edgar E Gonzalez,HOU,2,0,0,0,0,0,0,0,0,0,0,0,.000,.000,.000,.000
Miguel M González Gonzalez,BAL,2,3,0,0,0,0,0,0,0,1,0,0,.000,.000,.000,.000
A. J. A Griffin,OAK,2,4,0,0,0,0,0,0,1,3,0,0,.000,.200,.000,.200
Jeremy J Guthrie,KC,2,4,0,1,0,0,0,0,0,2,0,0,.250,.250,.250,.500
Nick N Hagadone,CLE,2,0,0,0,0,0,0,0,0,0,0,0,.000,.000,.000,.000
David D Hale,ATL,2,4,0,0,0,0,0,0,0,3,0,0,.000,.000,.000,.000
Jeremy J Hellickson,TB,2,3,0,1,0,0,0,0,0,1,0,0,.333,.333,.333,.667
Felix F Hernández Hernandez,SEA,2,5,1,0,0,0,0,0,1,3,0,0,.000,.167,.000,.167
Roberto R Hernandez,TB,2,4,0,0,0,0,0,0,0,3,0,0,.000,.000,.000,.000
Phil P Hughes,NYY,2,3,0,0,0,0,0,0,0,1,0,0,.000,.000,.000,.000
Kevin K Jepsen,LAA,2,0,0,0,0,0,0,0,0,0,0,0,.000,.000,.000,.000
Corban C Joseph,NYY,2,6,1,1,1,0,0,0,1,1,0,0,.167,.286,.333,.619
Scott S Kazmir,CLE,2,4,0,1,0,0,0,0,0,1,0,0,.250,.250,.250,.500
Shawn S Kelley,NYY,2,0,0,0,0,0,0,0,0,0,0,0,.000,.000,.000,.000
Sandy S Leon,WSH,2,1,0,0,0,0,0,0,0,1,0,0,.000,.000,.000,.000
Chris C Leroux,PIT,2,1,0,0,0,0,0,0,0,0,0,0,.000,.000,.000,.000
Jon J Lester,BOS,2,6,0,0,0,0,0,0,0,4,0,0,.000,.000,.000,.000
Brad B Lincoln,TOR,2,1,0,0,0,0,0,0,0,0,0,0,.000,.000,.000,.000
Derek D Lowe,TEX,2,0,0,0,0,0,0,0,0,0,0,0,.000,.000,.000,.000
Mark M Lowe,LAA,2,0,0,0,0,0,0,0,0,0,0,0,.000,.000,.000,.000
Cristhian C Martinez,ATL,2,0,0,0,0,0,0,0,0,0,0,0,.000,.000,.000,.000
Zach Z Mc Allister,CLE,2,4,0,0,0,0,0,0,0,2,0,0,.000,.000,.000,.000
T. J. T Mc Farland,BAL,2,0,0,0,0,0,0,0,0,0,0,0,.000,.000,.000,.000
Miles M Mikolas,SD,2,0,0,0,0,0,0,0,0,0,0,0,.000,.000,.000,.000
Clayton C Mortensen,BOS,2,1,0,0,0,0,0,0,0,1,0,0,.000,.000,.000,.000
Chris C Narveson,MIL,2,0,0,0,0,0,0,0,0,0,0,0,.000,.000,.000,.000
Hideki H Okajima,OAK,2,0,0,0,0,0,0,0,0,0,0,0,.000,.000,.000,.000
Brian B Omogrosso,CWS,2,0,0,0,0,0,0,0,0,0,0,0,.000,.000,.000,.000
Dan D Otero,OAK,2,0,0,0,0,0,0,0,0,0,0,0,.000,.000,.000,.000
Joe J Paterson,ARI,2,0,0,0,0,0,0,0,0,0,0,0,.000,.000,.000,.000
Carlos C Peguero R,SEA,2,6,1,2,0,0,1,1,1,2,1,0,.333,.429,.833,1.262
Audry A Pérez Perez,STL,2,1,0,0,0,0,0,0,0,1,0,0,.000,.000,.000,.000
Juan Pablo J Perez,TOR,2,0,0,0,0,0,0,0,0,0,0,0,.000,.000,.000,.000
Martin M Pérez Perez,TEX,2,5,0,0,0,0,0,0,0,4,0,0,.000,.000,.000,.000
Shane S Peterson,OAK,2,7,1,1,0,0,0,1,1,3,0,0,.143,.250,.143,.393
David D Price,TB,2,6,0,0,0,0,0,0,0,2,0,0,.000,.000,.000,.000
David D Purcey,CWS,2,0,0,0,0,0,0,0,0,0,0,0,.000,.000,.000,.000
Addison A Reed,CWS,2,0,0,0,0,0,0,0,0,0,0,0,.000,.000,.000,.000
Evan E Reed,DET,2,0,0,0,0,0,0,0,0,0,0,0,.000,.000,.000,.000
Bruce B Rondón Rondon,DET,2,0,0,0,0,0,0,0,0,0,0,0,.000,.000,.000,.000
Chance C Ruffin,SEA,2,0,0,0,0,0,0,0,0,0,0,0,.000,.000,.000,.000
C Sabathia,NYY,2,4,0,0,0,0,0,1,0,2,0,0,.000,.000,.000,.000
Sergio S Santos,TOR,2,1,0,0,0,0,0,0,0,0,0,0,.000,.000,.000,.000
Scott S Sizemore,OAK,2,6,0,1,1,0,0,0,0,2,0,0,.167,.167,.333,.500
Dan D Straily,OAK,2,2,0,0,0,0,0,0,1,2,0,0,.000,.333,.000,.333
Nick N Tepesch,TEX,2,3,0,0,0,0,0,0,0,1,0,0,.000,.000,.000,.000
Matt M Thornton,CWS,2,0,0,0,0,0,0,0,0,0,0,0,.000,.000,.000,.000
Alex A Torres,TB,2,0,0,0,0,0,0,0,0,0,0,0,.000,.000,.000,.000
Pedro P Villarreal,CIN,2,1,0,0,0,0,0,0,0,0,0,0,.000,.000,.000,.000
Jered J Weaver,LAA,2,4,0,0,0,0,0,0,0,4,0,0,.000,.000,.000,.000
Brandon B Workman,BOS,2,0,0,0,0,0,0,0,0,0,0,0,.000,.000,.000,.000
Al A Alburquerque,DET,1,0,0,0,0,0,0,0,0,0,0,0,.000,.000,.000,.000
Brett B Anderson,OAK,1,0,0,0,0,0,0,0,0,0,0,0,.000,.000,.000,.000
Chris C Archer,TB,1,1,0,0,0,0,0,0,0,1,0,0,.000,.000,.000,.000
Dylan D Axelrod,CWS,1,2,1,1,0,0,0,0,0,1,0,0,.500,.500,.500,1.000
Andrew A Bailey,BOS,1,0,0,0,0,0,0,0,0,0,0,0,.000,.000,.000,.000
Brandon B Bantz,SEA,1,2,0,0,0,0,0,0,0,1,0,0,.000,.000,.000,.000
Scott S Barnes,CLE,1,0,0,0,0,0,0,0,0,0,0,0,.000,.000,.000,.000
Trevor T Bauer,CLE,1,1,0,0,0,0,0,0,0,1,0,0,.000,.000,.000,.000
Duane D Below,MIA,1,0,0,0,0,0,0,0,0,0,0,0,.000,.000,.000,.000
Christian C Bethancourt,ATL,1,1,0,0,0,0,0,0,0,1,0,0,.000,.000,.000,.000
Buddy B Boshers,LAA,1,0,0,0,0,0,0,0,0,0,0,0,.000,.000,.000,.000
Billy B Buckner,LAA,1,0,0,0,0,0,0,0,0,0,0,0,.000,.000,.000,.000
Alex A Burnett,CHC,1,0,0,0,0,0,0,0,0,0,0,0,.000,.000,.000,.000
Carlos C Carrasco,CLE,1,0,0,0,0,0,0,0,0,0,0,0,.000,.000,.000,.000
Simon S Castro,CWS,1,0,0,0,0,0,0,0,0,0,0,0,.000,.000,.000,.000
Wei- Yin W Chen,BAL,1,2,0,0,0,0,0,0,0,0,0,0,.000,.000,.000,.000
Maikel M Cleto,STL,1,1,0,0,0,0,0,0,0,1,0,0,.000,.000,.000,.000
Alex A Cobb,TB,1,3,0,0,0,0,0,0,0,0,0,0,.000,.000,.000,.000
Phil P Coke,DET,1,0,0,0,0,0,0,0,0,0,0,0,.000,.000,.000,.000
Alex A Colomé Colome,TB,1,2,0,0,0,0,0,0,0,1,0,0,.000,.000,.000,.000
Yu Y Darvish,TEX,1,3,0,0,0,0,0,0,0,2,0,0,.000,.000,.000,.000
Rubby R De La Rosa,BOS,1,0,0,0,0,0,0,0,0,0,0,0,.000,.000,.000,.000
Samuel S Deduno,MIN,1,1,0,0,0,0,0,0,0,1,0,0,.000,.000,.000,.000
Ryan R Dempster,BOS,1,0,0,0,0,0,0,0,0,0,0,0,.000,.000,.000,.000
Felix F Doubront,BOS,1,3,0,0,0,0,0,0,0,1,0,0,.000,.000,.000,.000
Irving I Falu,KC,1,4,0,1,0,0,0,0,0,0,0,0,.250,.250,.250,.500
Gavin G Floyd,CWS,1,2,0,0,0,0,0,0,0,2,0,0,.000,.000,.000,.000
Justin J Freeman,CIN,1,0,0,0,0,0,0,0,0,0,0,0,.000,.000,.000,.000
Kevin K Gausman,BAL,1,1,0,0,0,0,0,0,0,1,0,0,.000,.000,.000,.000
Sonny S Gray,OAK,1,0,0,0,0,0,0,0,0,0,0,0,.000,.000,.000,.000
Freddy F Guzman D,TB,1,0,1,0,0,0,0,0,0,0,1,0,.000,.000,.000,.000
Jason J Hammel,BAL,1,3,0,0,0,0,0,0,0,2,0,0,.000,.000,.000,.000
John J Hester,LAA,1,0,1,0,0,0,0,0,1,0,0,0,.000,1.000,.000,1.000
David D Holmberg,ARI,1,1,0,0,0,0,0,0,0,1,0,0,.000,.000,.000,.000
Phil P Irwin,PIT,1,1,0,0,0,0,0,0,0,1,0,0,.000,.000,.000,.000
Hisashi H Iwakuma,SEA,1,3,0,0,0,0,0,0,0,2,0,0,.000,.000,.000,.000
Jeremy J Jeffress,TOR,1,0,0,0,0,0,0,0,0,0,0,0,.000,.000,.000,.000
Chad C Jenkins,TOR,1,2,0,0,0,0,0,0,0,2,0,0,.000,.000,.000,.000
Josh J Johnson,TOR,1,1,0,0,0,0,0,0,1,1,0,0,.000,.500,.000,.500
Kevin K Kiermaier C,TB,1,0,0,0,0,0,0,0,0,0,0,0,.000,.000,.000,.000
Corey C Kluber,CLE,1,2,1,0,0,0,0,0,1,1,0,0,.000,.333,.000,.333
Bobby B La Fromboise,SEA,1,0,0,0,0,0,0,0,0,0,0,0,.000,.000,.000,.000
Andy A La Roche,TOR,1,4,0,0,0,0,0,0,0,1,0,0,.000,.000,.000,.000
Lucas L Luetge,SEA,1,0,0,0,0,0,0,0,0,0,0,0,.000,.000,.000,.000
Justin J Masterson,CLE,1,2,0,1,0,0,0,0,0,0,0,0,.500,.500,.500,1.000
Yunesky Y Maya,WSH,1,0,0,0,0,0,0,0,0,0,0,0,.000,.000,.000,.000
Dustin D Mc Gowan,TOR,1,0,0,0,0,0,0,0,0,0,0,0,.000,.000,.000,.000
Andrew A Miller,BOS,1,0,0,0,0,0,0,0,0,0,0,0,.000,.000,.000,.000
Matt M Moore,TB,1,2,0,0,0,0,0,0,0,0,0,0,.000,.000,.000,.000
Mike M Nickeas,TOR,1,0,0,0,0,0,0,0,0,0,0,0,.000,.000,.000,.000
Ivan I Nova,NYY,1,3,0,0,0,0,0,0,0,3,0,0,.000,.000,.000,.000
Brett B Oberholtzer,HOU,1,0,0,0,0,0,0,0,0,0,0,0,.000,.000,.000,.000
Alexi A Ogando,TEX,1,1,0,0,0,0,0,0,0,1,0,0,.000,.000,.000,.000
Darren D Oliver,TOR,1,0,0,0,0,0,0,0,0,0,0,0,.000,.000,.000,.000
Jose J Ortega,DET,1,0,0,0,0,0,0,0,0,0,0,0,.000,.000,.000,.000
Ramon R Ortiz,TOR,1,1,0,0,0,0,0,0,0,1,0,0,.000,.000,.000,.000
James J Paxton,SEA,1,1,1,0,0,0,0,0,1,1,0,0,.000,.500,.000,.500
Brad B Peacock,HOU,1,0,0,0,0,0,0,0,0,0,0,0,.000,.000,.000,.000
Mike M Pelfrey,MIN,1,1,0,0,0,0,0,0,0,1,0,0,.000,.000,.000,.000
Luis L Perez,TOR,1,0,0,0,0,0,0,0,0,0,0,0,.000,.000,.000,.000
Andy A Pettitte,NYY,1,2,0,0,0,0,0,0,0,1,0,0,.000,.000,.000,.000
David D Phelps,NYY,1,2,0,0,0,0,0,0,0,2,0,0,.000,.000,.000,.000
Jose J Quintana,CWS,1,2,0,0,0,0,0,0,0,1,0,0,.000,.000,.000,.000
Erasmo E Ramírez Ramirez,SEA,1,1,0,0,0,0,0,0,0,0,0,0,.000,.000,.000,.000
Chris C Resop,OAK,1,0,0,0,0,0,0,0,0,0,0,0,.000,.000,.000,.000
Michael M Roth,LAA,1,0,0,0,0,0,0,0,0,0,0,0,.000,.000,.000,.000
Danny D Salazar,CLE,1,2,0,0,0,0,0,0,0,2,0,0,.000,.000,.000,.000
Angel A Sanchez,CWS,1,2,0,0,0,0,0,0,0,0,0,0,.000,.000,.000,.000
Ervin E Santana,KC,1,4,0,1,0,0,0,0,0,2,0,0,.250,.250,.250,.500
Omir O Santos,CLE,1,1,0,0,0,0,0,0,0,0,0,0,.000,.000,.000,.000
Max M Scherzer,DET,1,3,0,1,1,0,0,1,0,0,0,0,.333,.333,.667,1.000
James J Shields,KC,1,3,1,1,0,0,0,0,0,1,0,0,.333,.333,.333,.667
Eric E Surkamp,SF,1,1,0,0,0,0,0,0,0,0,0,0,.000,.000,.000,.000
Shawn S Tolleson,LAD,1,0,0,0,0,0,0,0,0,0,0,0,.000,.000,.000,.000
Jose J Valverde,DET,1,0,0,0,0,0,0,0,0,0,0,0,.000,.000,.000,.000
Gil G Velazquez,MIA,1,1,0,0,0,0,0,0,0,0,0,0,.000,.000,.000,.000
Justin J Verlander,DET,1,2,0,0,0,0,0,0,0,1,0,0,.000,.000,.000,.000
Brayan B Villarreal,BOS,1,0,0,0,0,0,0,0,0,0,0,0,.000,.000,.000,.000
Jerome J Williams,LAA,1,2,0,0,0,0,0,0,0,1,0,0,.000,.000,.000,.000
Ross R Wolf,TEX,1,0,0,0,0,0,0,0,0,0,0,0,.000,.000,.000,.000
Vance V Worley,MIN,1,1,0,0,0,0,0,0,0,0,0,0,.000,.000,.000,.000
