PLAYER,TEAM,W,L,ERA,GS,CG,SHO,SV,SVO,IP,H,R,ER,HR,HB,BB,SO,WHIP,AVG
Joel J Peralta,TB,3,8,3.41,80,0,0,0,1,4,71.1,47,31,27,7,0,34,74,1.14,.184
Brad B Ziegler,ARI,8,1,2.22,78,0,0,0,13,15,73.0,61,20,18,3,3,22,44,1.14,.228
Cody C Allen,CLE,6,1,2.43,77,0,0,0,2,4,70.1,62,22,19,7,1,26,88,1.25,.233
Ronald R Belisario,LAD,5,7,3.97,77,0,0,0,1,5,68.0,72,34,30,3,5,28,49,1.47,.274
Matt M Lindstrom,CWS,2,4,3.12,76,0,0,0,0,4,60.2,64,23,21,2,1,23,46,1.43,.277
Paco P Rodríguez Rodriguez,LAD,3,4,2.32,76,0,0,0,2,5,54.1,30,15,14,5,2,19,63,0.90,.164
Tanner T Scheppers,TEX,6,2,1.88,76,0,0,0,1,3,76.2,58,21,16,6,7,24,59,1.07,.214
Luis L Avilán Avilan,ATL,5,0,1.52,75,0,0,0,0,2,65.0,40,12,11,1,4,22,38,0.95,.175
John J Axford,STL,7,7,4.02,75,0,0,0,0,7,65.0,73,32,29,10,2,26,65,1.52,.285
Dane D De La Rosa,LAA,6,1,2.86,75,0,0,0,2,5,72.1,56,25,23,3,1,28,65,1.16,.219
Mike M Dunn,MIA,3,4,2.66,75,0,0,0,2,5,67.2,53,21,20,5,0,28,72,1.20,.212
Michael M Gonzalez,MIL,0,3,4.68,75,0,0,0,0,3,50.0,58,28,26,10,2,25,60,1.66,.283
Kenley K Jansen,LAD,4,3,1.88,75,0,0,0,28,32,76.2,48,16,16,6,3,18,111,0.86,.177
Wilton W Lopez,COL,3,4,4.06,75,0,0,0,0,5,75.1,88,35,34,6,1,18,48,1.41,.293
Jim J Johnson,BAL,3,8,2.94,74,0,0,0,50,59,70.1,72,26,23,5,7,18,56,1.28,.273
Trevor T Rosenthal,STL,2,4,2.63,74,0,0,0,3,8,75.1,63,25,22,4,6,20,108,1.10,.223
James J Russell,CHC,1,6,3.59,74,0,0,0,0,8,52.2,46,21,21,7,1,18,37,1.22,.238
Brian B Duensing,MIN,6,2,3.98,73,0,0,0,1,4,61.0,68,28,27,4,2,22,56,1.48,.283
Casey C Fien,MIN,5,2,3.92,73,0,0,0,0,2,62.0,51,28,27,9,0,12,73,1.02,.225
Luke L Gregerson,SD,6,8,2.71,73,0,0,0,4,9,66.1,49,24,20,3,4,18,64,1.01,.203
Scott S Rice,NYM,4,5,3.71,73,0,0,0,0,2,51.0,42,22,21,1,2,27,41,1.35,.235
Koji K Uehara,BOS,4,1,1.09,73,0,0,0,21,24,74.1,33,10,9,5,1,9,101,0.57,.130
Matt M Belisle,COL,5,7,4.32,72,0,0,0,0,5,73.0,76,37,35,6,0,15,62,1.25,.269
Rex R Brothers,COL,2,1,1.74,72,0,0,0,19,21,67.1,51,16,13,5,0,36,76,1.29,.209
Tyler T Clippard,WSH,6,3,2.41,72,0,0,0,0,3,71.0,37,19,19,9,4,24,73,0.86,.152
La Troy L Hawkins,NYM,3,2,2.93,72,0,0,0,13,16,70.2,71,27,23,6,1,10,55,1.15,.264
Mark M Melancon,PIT,3,2,1.39,72,0,0,0,16,21,71.0,60,15,11,1,1,8,70,0.96,.223
Joe J Thatcher,ARI,3,2,3.20,72,0,0,0,0,4,39.1,40,14,14,4,1,10,36,1.27,.267
Jared J Burton,MIN,2,9,3.82,71,0,0,0,2,7,66.0,61,29,28,6,5,22,61,1.26,.242
Ryan R Cook,OAK,6,4,2.54,71,0,0,0,2,9,67.1,62,22,19,2,4,25,67,1.29,.238
Charlie C Furbush,SEA,2,6,3.74,71,0,0,0,0,6,65.0,48,33,27,5,3,29,80,1.18,.199
Brandon B Kintzler,MIL,3,3,2.69,71,0,0,0,0,4,77.0,66,26,23,2,1,16,58,1.06,.234
Jake J Mc Gee,TB,5,3,4.02,71,0,0,0,1,5,62.2,52,28,28,8,1,22,75,1.18,.223
Junichi J Tazawa,BOS,5,4,3.16,71,0,0,0,0,8,68.1,70,25,24,9,1,12,72,1.20,.265
Sean S Doolittle,OAK,5,5,3.13,70,0,0,0,2,7,69.0,53,24,24,4,2,13,60,0.96,.214
Nate N Jones,CWS,4,5,4.15,70,0,0,0,0,4,78.0,69,40,36,5,1,26,89,1.22,.247
David D Robertson,NYY,5,1,2.04,70,0,0,0,3,5,66.1,51,15,15,5,2,18,77,1.04,.213
Bryan B Shaw,CLE,7,3,3.24,70,0,0,0,1,5,75.0,60,31,27,4,4,28,73,1.17,.216
Joe J Smith,CLE,6,2,2.29,70,0,0,0,3,8,63.0,54,17,16,5,3,23,54,1.22,.235
Wesley W Wright,TB,0,4,3.69,70,0,0,0,0,4,53.2,54,24,22,7,3,19,55,1.36,.261
Heath H Bell,ARI,5,2,4.11,69,0,0,0,15,22,65.2,74,30,30,12,3,16,72,1.37,.279
Steve S Cishek,MIA,4,6,2.33,69,0,0,0,34,36,69.2,53,19,18,3,2,22,74,1.08,.211
J. J Hoover,CIN,5,5,2.86,69,0,0,0,3,5,66.0,47,21,21,6,2,26,67,1.11,.200
Javier J López Lopez,SF,4,2,1.83,69,0,0,0,1,1,39.1,30,10,8,1,0,12,37,1.07,.208
Dale D Thayer,SD,3,5,3.32,69,0,0,0,1,4,65.0,59,25,24,8,2,22,64,1.25,.244
Aroldis A Chapman,CIN,4,5,2.54,68,0,0,0,38,43,63.2,37,18,18,7,3,29,112,1.04,.164
Scott S Downs,ATL,4,4,2.49,68,0,0,0,0,4,43.1,45,13,12,1,2,19,37,1.48,.276
Greg G Holland,KC,2,1,1.21,68,0,0,0,47,50,67.0,40,11,9,3,0,18,103,0.87,.170
Tommy T Hunter,BAL,6,5,2.81,68,0,0,0,4,6,86.1,71,28,27,11,2,14,68,0.98,.223
Craig C Kimbrel,ATL,4,3,1.21,68,0,0,0,50,54,67.0,39,10,9,4,3,20,98,0.88,.166
Darren D O' Day,BAL,5,3,2.18,68,0,0,0,2,6,62.0,47,16,15,7,5,15,59,1.00,.210
A J Ramos,MIA,3,4,3.15,68,0,0,0,0,4,80.0,58,32,28,4,2,43,86,1.26,.201
Addison A Reed,CWS,5,4,3.79,68,0,0,0,40,48,71.1,56,31,30,6,2,23,72,1.11,.215
Fernando F Rodney,TB,5,4,3.38,68,0,0,0,37,45,66.2,53,27,25,3,1,36,82,1.34,.211
Rafael R Soriano,WSH,3,3,3.11,68,0,0,0,43,49,66.2,65,24,23,7,0,17,51,1.23,.251
Drew D Storen,WSH,4,2,4.52,68,0,0,0,3,8,61.2,65,34,31,7,1,19,58,1.36,.267
Jerry J Blevins,OAK,5,0,3.15,67,0,0,0,0,4,60.0,47,23,21,7,4,17,52,1.07,.218
Ernesto E Frieri,LAA,2,4,3.80,67,0,0,0,37,41,68.2,55,29,29,11,3,30,98,1.24,.216
J. P. J Howell,LAD,4,1,2.03,67,0,0,0,0,0,62.0,42,14,14,2,1,23,54,1.05,.193
Joe J Nathan,TEX,6,2,1.39,67,0,0,0,43,46,64.2,36,10,10,2,1,22,73,0.90,.162
Jose J Veras,DET,0,5,3.02,67,0,0,0,21,25,62.2,45,23,21,6,4,22,60,1.07,.199
Tony T Watson,PIT,3,1,2.39,67,0,0,0,2,4,71.2,51,19,19,5,6,12,54,0.88,.198
Joaquin J Benoit,DET,4,1,2.01,66,0,0,0,24,26,67.0,47,15,15,5,1,22,73,1.03,.197
Tim T Collins,KC,3,6,3.54,66,0,0,0,0,5,53.1,49,26,21,3,0,28,52,1.44,.244
Seth S Maness,STL,5,2,2.32,66,0,0,0,1,3,62.0,65,17,16,4,1,13,35,1.26,.281
Chad C Qualls,MIA,5,2,2.61,66,0,0,0,0,2,62.0,57,18,18,4,2,19,49,1.23,.251
Pedro P Strop,CHC,2,5,4.55,66,0,0,0,1,4,57.1,45,30,29,5,6,26,66,1.24,.210
Ryan R Webb,MIA,2,6,2.91,66,0,0,0,0,3,80.1,70,30,26,5,2,27,54,1.21,.244
Jamey J Wright,TB,2,2,3.09,66,1,0,0,0,1,70.0,61,25,24,4,5,23,65,1.20,.240
Grant G Balfour,OAK,1,3,2.59,65,0,0,0,38,41,62.2,48,20,18,7,0,27,72,1.20,.206
Brian B Matusz,BAL,2,1,3.53,65,0,0,0,0,4,51.0,43,21,20,3,2,16,50,1.16,.230
Edward E Mujica,STL,2,1,2.78,65,0,0,0,37,41,64.2,60,20,20,9,1,5,46,1.01,.245
Sergio S Romo,SF,5,8,2.54,65,0,0,0,38,43,60.1,53,20,17,5,1,12,58,1.08,.226
Robbie R Ross,TEX,4,2,3.03,65,0,0,0,0,1,62.1,63,21,21,4,5,19,58,1.32,.259
Randy R Choate,STL,2,1,2.29,64,0,0,0,0,1,35.1,26,9,9,0,2,11,28,1.05,.208
Aaron A Loup,TOR,4,6,2.47,64,0,0,0,2,3,69.1,66,23,19,5,7,13,53,1.14,.258
Mariano M Rivera,NYY,6,2,2.11,64,0,0,0,44,51,64.0,58,16,15,6,1,9,54,1.05,.236
Burke B Badenhop,MIL,2,3,3.47,63,0,0,0,1,4,62.1,62,32,24,6,0,12,42,1.19,.266
Rich R Hill,CLE,1,2,6.28,63,0,0,0,0,2,38.2,38,30,27,3,2,29,51,1.73,.257
Michael M Kohn,LAA,1,4,3.74,63,0,0,0,0,2,53.0,42,22,22,7,3,28,52,1.32,.212
Sam S Le Cure,CIN,2,1,2.66,63,0,0,0,1,3,61.0,50,18,18,4,1,24,66,1.21,.222
Yoervis Y Medina,SEA,4,6,2.91,63,0,0,0,1,4,68.0,49,22,22,5,4,40,71,1.31,.201
Josh J Roenicke,MIN,3,1,4.35,63,0,0,0,1,3,62.0,63,31,30,6,1,36,45,1.60,.263
Alfredo A Simon,CIN,6,4,2.87,63,0,0,0,1,3,87.2,68,31,28,8,8,26,63,1.07,.214
Drew D Smyly,DET,6,0,2.37,63,0,0,0,2,6,76.0,62,20,20,4,1,17,81,1.04,.219
Kevin K Gregg,CHC,2,6,3.48,62,0,0,0,33,38,62.0,53,26,24,6,1,32,56,1.37,.230
David D Hernandez,ARI,5,6,4.48,62,0,0,0,2,8,62.1,50,33,31,10,4,24,66,1.19,.215
Anthony A Varvaro,ATL,3,1,2.82,62,0,0,0,1,3,73.1,68,25,23,3,1,25,43,1.27,.245
Craig C Breslow,BOS,5,2,1.81,61,0,0,0,0,1,59.2,49,16,12,3,2,18,33,1.12,.228
Jason J Frasor,TEX,4,3,2.57,61,0,0,0,0,1,49.0,36,15,14,4,0,20,48,1.14,.203
Will W Harris,ARI,4,1,2.91,61,0,0,0,0,1,52.2,50,17,17,3,2,15,53,1.23,.255
Jim J Henderson,MIL,5,5,2.70,61,0,0,0,28,32,60.0,44,18,18,8,2,24,75,1.13,.200
Boone B Logan,NYY,5,2,3.23,61,0,0,0,0,2,39.0,33,15,14,7,0,13,50,1.18,.236
Josh J Outman,COL,3,0,4.33,61,0,0,0,0,1,54.0,56,27,26,3,3,23,53,1.46,.268
Jonathan J Papelbon,PHI,5,1,2.92,61,0,0,0,29,36,61.2,59,23,20,6,1,11,57,1.14,.247
Oliver O Pérez Perez,SEA,3,3,3.74,61,0,0,0,2,3,53.0,50,23,22,6,1,26,74,1.43,.249
Glen G Perkins,MIN,2,0,2.30,61,0,0,0,36,40,62.2,43,16,16,5,3,15,77,0.93,.196
Brett B Cecil,TOR,5,1,2.82,60,0,0,0,1,3,60.2,44,20,19,4,3,23,70,1.10,.201
Jose J Mijares,SF,0,3,4.22,60,0,0,0,0,0,49.0,67,24,23,3,3,20,54,1.78,.321
Matt M Thornton,BOS,0,4,3.74,60,0,0,0,0,1,43.1,47,20,18,4,2,15,30,1.43,.285
Kelvin K Herrera,KC,5,7,3.86,59,0,0,0,2,4,58.1,48,27,25,9,2,21,74,1.18,.219
Tom T Wilhelmsen,SEA,0,3,4.12,59,0,0,0,24,29,59.0,45,28,27,2,1,33,45,1.32,.213
Neal N Cotts,TEX,8,3,1.11,58,0,0,0,1,4,57.0,36,8,7,2,0,18,65,0.95,.180
Justin J De Fratus,PHI,3,3,3.86,58,0,0,0,0,1,46.2,45,21,20,3,5,25,42,1.50,.259
Luke L Hochevar,KC,5,2,1.92,58,0,0,0,2,5,70.1,41,15,15,8,1,17,82,0.82,.169
Brandon B League,LAD,6,4,5.30,58,0,0,0,14,19,54.1,69,37,32,8,3,15,28,1.55,.305
Huston H Street,SD,2,5,2.70,58,0,0,0,33,35,56.2,44,17,17,12,0,14,46,1.02,.213
Justin J Wilson,PIT,6,1,2.08,58,0,0,0,0,3,73.2,50,17,17,4,3,28,59,1.06,.192
Santiago S Casilla,SF,7,2,2.16,57,0,0,0,2,3,50.0,39,14,12,2,2,25,38,1.28,.222
Aaron A Crow,KC,7,5,3.38,57,0,0,0,1,4,48.0,49,19,18,6,2,22,44,1.48,.271
Shawn S Kelley,NYY,4,2,4.39,57,0,0,0,0,1,53.1,47,28,26,8,0,23,71,1.31,.233
Vin V Mazzaro,PIT,8,2,2.81,57,0,0,0,1,3,73.2,68,23,23,3,3,21,46,1.21,.246
Manny M Parra,CIN,2,3,3.33,57,0,0,0,0,1,46.0,40,18,17,5,1,15,56,1.20,.238
Matt M Albers,CLE,3,1,3.14,56,0,0,0,0,0,63.0,57,25,22,2,1,23,35,1.27,.242
David D Carpenter,ATL,4,1,1.78,56,0,0,0,0,0,65.2,45,13,13,5,3,20,74,0.99,.198
Casey C Janssen,TOR,4,1,2.56,56,0,0,0,34,36,52.2,39,17,15,3,2,13,50,0.99,.202
Troy T Patton,BAL,2,0,3.70,56,0,0,0,0,1,56.0,57,25,23,8,3,16,42,1.30,.270
Tony T Sipp,ARI,3,2,4.78,56,0,0,0,0,2,37.2,35,22,20,6,3,22,42,1.51,.240
Steve S Delabar,TOR,5,5,3.22,55,0,0,0,1,6,58.2,50,25,21,4,2,29,82,1.35,.231
Bryan B Morris,PIT,5,7,3.46,55,0,0,0,0,0,65.0,57,25,25,8,2,28,37,1.31,.243
Craig C Stammen,WSH,7,6,2.76,55,0,0,0,0,1,81.2,78,30,25,4,2,27,79,1.29,.262
Jason J Grilli,PIT,0,2,2.70,54,0,0,0,33,35,50.0,40,15,15,4,1,13,74,1.06,.214
Chris C Perez,CLE,5,3,4.33,54,0,0,0,25,30,54.0,56,27,26,11,4,21,54,1.43,.263
Al A Alburquerque,DET,4,3,4.59,53,0,0,0,0,0,49.0,39,25,25,5,2,34,70,1.49,.213
Carter C Capps,SEA,3,3,5.49,53,0,0,0,0,2,59.0,73,37,36,12,2,23,66,1.63,.302
Juan J Gutierrez,LAA,1,5,4.23,53,0,0,0,0,1,55.1,56,29,26,5,1,20,45,1.37,.265
George G Kontos,SF,2,2,4.39,52,0,0,0,0,1,55.1,60,30,27,7,2,18,47,1.41,.282
Carlos C Marmol,LAD,2,4,4.41,52,0,0,0,2,5,49.0,40,26,24,7,4,40,59,1.63,.225
Logan L Ondrusek,CIN,3,1,4.09,52,0,0,0,0,1,55.0,53,26,25,8,1,16,53,1.25,.250
Jean J Machi,SF,3,1,2.38,51,0,0,0,0,2,53.0,46,15,14,2,0,12,51,1.09,.234
Adam A Ottavino,COL,1,3,2.64,51,0,0,0,0,0,78.1,73,27,23,5,2,31,78,1.33,.250
Scott S Atchison,NYM,3,3,4.37,50,0,0,0,0,0,45.1,45,27,22,4,0,12,28,1.26,.254
Darren D Oliver,TOR,3,4,3.86,50,0,0,0,0,3,49.0,47,24,21,6,2,15,40,1.27,.257
Donnie D Veal,CWS,2,3,4.60,50,0,0,0,0,1,29.1,26,16,15,3,0,16,29,1.43,.236
Jordan J Walden,ATL,4,3,3.45,50,0,0,0,1,3,47.0,39,19,18,4,1,14,54,1.13,.220
Phil P Coke,DET,0,5,5.40,49,0,0,0,1,3,38.1,43,24,23,3,0,21,30,1.67,.291
Josh J Collmenter,ARI,5,5,3.13,49,0,0,0,0,1,92.0,79,34,32,8,2,33,85,1.22,.232
Matt M Guerrier,CHC,4,4,4.01,49,0,0,0,0,3,42.2,43,22,19,3,1,17,30,1.41,.270
Blake B Parker,CHC,1,2,2.72,49,0,0,0,1,1,46.1,39,17,14,4,2,15,55,1.17,.220
Bobby B Parnell,NYM,5,5,2.16,49,0,0,0,22,26,50.0,38,17,12,1,1,12,44,1.00,.211
Ryan R Pressly,MIN,3,3,3.87,49,0,0,0,0,0,76.2,71,37,33,5,0,27,49,1.28,.251
Caleb C Thielbar,MIN,3,2,1.76,49,0,0,0,0,0,46.0,24,11,9,4,0,14,39,0.83,.154
Antonio A Bastardo,PHI,3,2,2.32,48,0,0,0,2,5,42.2,33,12,11,2,1,21,47,1.27,.217
Kyle K Farnsworth,PIT,3,1,4.70,48,0,0,0,2,3,38.1,43,20,20,5,1,10,28,1.38,.285
Cesar C Ramos,TB,2,2,4.14,48,0,0,0,1,1,67.1,66,31,31,6,2,22,53,1.31,.256
Francisco F Rodríguez Rodriguez,BAL,3,2,2.70,48,0,0,0,10,10,46.2,42,14,14,7,1,14,54,1.20,.240
Anthony A Swarzak,MIN,3,2,2.91,48,0,0,0,0,2,96.0,89,33,31,7,1,22,69,1.16,.249
Dan D Jennings,MIA,2,4,3.76,47,0,0,0,0,2,40.2,39,17,17,1,0,16,38,1.35,.255
Garrett G Richards,LAA,7,8,4.16,47,17,1,0,1,2,145.0,151,73,67,12,1,44,101,1.34,.269
Carlos C Villanueva,CHC,7,8,4.06,47,15,0,0,0,1,128.2,117,58,58,14,3,40,103,1.22,.248
Travis T Blackley,TEX,2,2,4.83,46,3,0,0,0,1,50.1,46,27,27,12,1,22,40,1.35,.249
Danny D Farquhar,SEA,0,3,4.20,46,0,0,0,16,20,55.2,44,29,26,2,0,22,79,1.19,.217
Joba J Chamberlain,NYY,2,1,4.93,45,0,0,0,1,1,42.0,47,23,23,8,1,26,38,1.74,.278
Jake J Diekman,PHI,1,4,2.58,45,0,0,0,0,1,38.1,34,15,11,1,0,16,41,1.30,.234
Kevin K Jepsen,LAA,1,3,4.50,45,0,0,0,0,2,36.0,41,21,18,3,1,14,36,1.53,.283
Pat P Neshek,OAK,2,1,3.35,45,0,0,0,0,0,40.1,40,17,15,6,0,15,29,1.36,.252
Hector H Rondón Rondon,CHC,2,1,4.77,45,0,0,0,0,1,54.2,52,29,29,6,3,25,44,1.41,.251
Kevin K Siegrist,STL,3,1,0.45,45,0,0,0,0,0,39.2,17,2,2,1,1,18,50,0.88,.128
Nick N Vincent,SD,6,3,2.14,45,0,0,0,1,1,46.1,33,11,11,1,2,11,49,0.95,.202
Preston P Claiborne,NYY,0,2,4.11,44,0,0,0,0,0,50.1,51,23,23,7,2,14,42,1.29,.260
Esmil E Rogers,TOR,5,9,4.77,44,20,0,0,0,1,137.2,152,76,73,21,6,44,96,1.42,.279
David D Aardsma,NYM,2,2,4.31,43,0,0,0,0,2,39.2,39,20,19,7,4,19,36,1.46,.257
Hector H Ambriz,HOU,2,4,5.70,43,0,0,0,2,5,36.1,50,28,23,8,1,14,27,1.76,.325
Tom T Gorzelanny,MIL,3,6,3.90,43,10,0,0,0,1,85.1,77,41,37,11,2,31,83,1.27,.241
Sandy S Rosario,SF,3,2,3.02,43,0,0,0,0,0,41.2,38,15,14,1,0,20,24,1.39,.245
Tim T Stauffer,SD,3,1,3.75,43,0,0,0,0,1,69.2,59,29,29,7,4,20,64,1.13,.231
Josh J Fields,HOU,1,3,4.97,41,0,0,0,5,6,38.0,31,21,21,8,0,18,40,1.29,.220
J. J Putz,ARI,3,1,2.36,40,0,0,0,6,11,34.1,26,9,9,4,0,17,38,1.25,.211
Fernando F Abad,WSH,0,3,3.35,39,0,0,0,0,1,37.2,42,14,14,3,1,10,32,1.38,.271
Jeremy J Affeldt,SF,1,5,3.74,39,0,0,0,0,4,33.2,27,14,14,2,4,17,21,1.31,.225
Luis L Ayala,ATL,2,1,3.27,39,0,0,0,0,3,33.0,38,12,12,2,0,13,22,1.55,.295
Alex A Torres,TB,4,2,1.71,39,0,0,0,0,1,58.0,32,12,11,1,3,20,62,0.90,.159
Jesse J Crain,CWS,2,3,0.74,38,0,0,0,0,1,36.2,31,6,3,0,1,11,46,1.15,.225
T. J. T Mc Farland,BAL,4,1,4.22,38,1,0,0,0,0,74.2,83,37,35,7,0,28,58,1.49,.277
Marc M Rzepczynski,CLE,0,0,3.23,38,0,0,0,0,0,30.2,27,13,11,2,4,10,29,1.21,.239
Edgmer E Escalona,COL,1,4,5.67,37,0,0,0,0,1,46.0,52,32,29,8,2,14,34,1.43,.280
Cory C Gearrin,ATL,2,1,3.77,37,0,0,0,1,3,31.0,30,13,13,2,4,16,23,1.48,.268
Joe J Kelly,STL,10,5,2.69,37,15,0,0,0,1,124.0,124,42,37,10,5,44,79,1.35,.259
Brandon B Lyon,NYM,2,2,4.98,37,0,0,0,0,3,34.1,43,20,19,3,0,13,23,1.63,.323
Ryan R Mattheus,WSH,0,2,6.37,37,0,0,0,0,3,35.1,52,26,25,1,0,15,22,1.90,.351
Andrew A Miller,BOS,1,2,2.64,37,0,0,0,0,1,30.2,25,12,9,3,2,17,48,1.37,.217
Vinnie V Pestano,CLE,1,2,4.08,37,0,0,0,6,9,35.1,37,18,16,6,1,21,37,1.64,.274
Jerome J Williams,LAA,9,10,4.57,37,25,0,0,0,0,169.1,181,93,86,23,4,55,107,1.39,.272
Nick N Hagadone,CLE,0,1,5.46,36,0,0,0,0,1,31.1,24,21,19,4,0,21,30,1.44,.220
Lucas L Harrell,HOU,6,17,5.86,36,22,0,0,0,1,153.2,174,111,100,20,6,88,89,1.70,.289
Neil N Wagner,TOR,2,4,3.79,36,0,0,0,0,1,38.0,39,17,16,5,1,13,33,1.37,.271
Jesse J Chavez,OAK,2,4,3.92,35,0,0,0,1,2,57.1,50,27,25,3,3,20,55,1.22,.230
Paul P Clemens,HOU,4,7,5.40,35,5,0,0,0,2,73.1,82,48,44,16,2,26,49,1.47,.283
Lucas L Luetge,SEA,1,3,4.86,35,0,0,0,0,0,37.0,42,22,20,2,2,16,27,1.57,.296
Tyson T Ross,SD,3,8,3.17,35,16,0,0,0,0,125.0,100,51,44,8,7,44,119,1.15,.225
Michael M Bowden,CHC,1,3,4.30,34,0,0,0,0,2,37.2,32,18,18,3,3,15,23,1.25,.239
Jonathan J Broxton,CIN,2,2,4.11,34,0,0,0,0,3,30.2,27,17,14,4,4,12,25,1.27,.237
Bruce B Chen,KC,9,4,3.27,34,15,0,0,0,2,121.0,107,46,44,13,3,36,78,1.18,.237
R. A. R Dickey,TOR,14,13,4.21,34,34,3,1,0,0,224.2,207,113,105,35,10,71,177,1.24,.242
Josh J Edgin,NYM,1,1,3.77,34,0,0,0,1,2,28.2,26,12,12,2,2,12,20,1.33,.243
Jeanmar J Gómez Gomez,PIT,3,0,3.35,34,8,0,0,0,0,80.2,65,35,30,6,3,28,53,1.15,.223
Ricky R Nolasco,LAD,13,11,3.70,34,33,0,0,0,0,199.1,195,90,82,17,10,46,165,1.21,.255
Hector H Santiago,CWS,4,9,3.56,34,23,0,0,0,0,149.0,137,69,59,17,15,72,137,1.40,.243
James J Shields,KC,13,9,3.15,34,34,2,0,0,0,228.2,215,82,80,20,8,68,196,1.24,.251
Justin J Verlander,DET,13,12,3.46,34,34,0,0,0,0,218.1,212,94,84,19,4,75,217,1.31,.253
Adam A Wainwright,STL,19,9,2.94,34,34,5,2,0,0,241.2,223,83,79,15,6,35,219,1.07,.248
Adam A Warren,NYY,3,2,3.39,34,2,0,0,1,1,77.0,80,29,29,10,2,30,64,1.43,.268
Brad B Brach,SD,1,0,3.19,33,0,0,0,0,0,31.0,36,15,11,3,0,19,31,1.77,.303
Mark M Buehrle,TOR,12,10,4.15,33,33,1,1,0,0,203.2,223,100,94,24,9,51,139,1.35,.276
Alfredo A Figaro,MIL,3,3,4.14,33,5,0,0,1,1,74.0,77,41,34,15,1,15,54,1.24,.265
Doug D Fister,DET,14,9,3.67,33,32,1,0,0,0,208.2,229,91,85,14,16,44,159,1.31,.281
Jeremy J Guthrie,KC,15,12,4.04,33,33,3,2,0,0,211.2,236,99,95,30,8,59,111,1.39,.285
Cole C Hamels,PHI,8,14,3.60,33,33,1,0,0,0,220.0,205,94,88,21,9,50,202,1.16,.246
Derek D Holland,TEX,10,9,3.42,33,33,2,2,0,0,213.0,210,90,81,20,3,64,189,1.29,.259
Hisashi H Iwakuma,SEA,14,6,2.66,33,33,0,0,0,0,219.2,179,69,65,25,2,42,185,1.01,.220
Clayton C Kershaw,LAD,16,9,1.83,33,33,3,2,0,0,236.0,164,55,48,11,3,52,232,0.92,.195
Jon J Lester,BOS,15,8,3.75,33,33,1,1,0,0,213.1,209,94,89,19,7,67,177,1.29,.253
Lance L Lynn,STL,15,10,3.97,33,33,0,0,0,0,201.2,189,92,89,14,11,76,198,1.31,.252
Wade W Miley,ARI,10,10,3.55,33,33,0,0,0,0,202.2,201,88,80,21,4,66,147,1.32,.261
Dan D Otero,OAK,2,0,1.38,33,0,0,0,0,1,39.0,42,7,6,0,0,6,27,1.23,.276
Jose J Quintana,CWS,9,7,3.51,33,33,0,0,0,0,200.0,188,83,78,23,5,56,164,1.22,.247
Jeff J Samardzija,CHC,8,13,4.34,33,33,2,1,0,0,213.2,210,109,103,25,8,78,214,1.35,.255
Eric E Stults,SD,11,13,3.93,33,33,2,0,0,0,203.2,219,97,89,18,2,40,131,1.27,.274
Chris C Tillman,BAL,16,7,3.71,33,33,1,0,0,0,206.1,184,87,85,33,3,68,179,1.22,.241
Carlos C Torres,NYM,4,6,3.44,33,9,0,0,0,0,86.1,79,34,33,15,4,17,75,1.11,.242
Edinson E Vólquez Volquez,LAD,9,12,5.71,33,32,0,0,0,0,170.1,193,114,108,19,3,77,142,1.59,.282
C. J. C Wilson,LAA,17,7,3.39,33,33,0,0,0,0,212.1,200,93,80,15,8,85,188,1.34,.246
Bronson B Arroyo,CIN,14,12,3.79,32,32,2,1,0,0,202.0,199,88,85,32,7,34,124,1.15,.258
Homer H Bailey,CIN,11,12,3.49,32,32,2,1,0,0,209.0,181,85,81,20,10,54,199,1.12,.234
Erik E Bedard,HOU,4,12,4.59,32,26,0,0,1,3,151.0,149,83,77,18,6,75,138,1.48,.260
Rafael R Betancourt,COL,2,5,4.08,32,0,0,0,16,19,28.2,26,15,13,2,0,11,27,1.29,.241
Greg G Burke,NYM,0,3,5.68,32,0,0,0,0,0,31.2,43,27,20,3,0,15,28,1.83,.312
Patrick P Corbin,ARI,14,8,3.41,32,32,3,0,0,0,208.1,189,81,79,19,9,54,178,1.17,.240
Yu Y Darvish,TEX,13,9,2.83,32,32,0,0,0,0,209.2,145,68,66,26,8,80,277,1.07,.194
Ryan R Dempster,BOS,8,9,4.57,32,29,0,0,0,0,171.1,170,97,87,26,6,79,157,1.45,.256
Dillon D Gee,NYM,12,11,3.62,32,32,2,0,0,0,199.0,208,84,80,24,7,47,142,1.28,.268
Gio G Gonzalez,WSH,11,8,3.36,32,32,1,1,0,0,195.2,169,79,73,17,2,76,192,1.25,.231
A. J. A Griffin,OAK,14,10,3.83,32,32,1,1,0,0,200.0,171,91,85,36,4,54,171,1.13,.226
Jeremy J Hellickson,TB,12,10,5.17,32,31,0,0,0,0,174.0,185,103,100,24,4,50,135,1.35,.274
Roberto R Hernandez,TB,6,13,4.89,32,24,1,0,1,1,151.0,164,87,82,24,13,38,113,1.34,.281
Ubaldo U Jiménez Jimenez,CLE,13,9,3.30,32,32,0,0,0,0,182.2,163,75,67,16,3,80,194,1.33,.239
Ian I Krol,WSH,2,1,3.95,32,0,0,0,0,1,27.1,28,12,12,5,0,8,22,1.32,.264
Hiroki H Kuroda,NYY,11,13,3.31,32,32,1,1,0,0,201.1,191,79,74,20,5,43,150,1.16,.249
Mat M Latos,CIN,14,7,3.16,32,32,1,0,0,0,210.2,197,82,74,14,10,58,187,1.21,.247
Tim T Lincecum,SF,10,14,4.37,32,32,1,1,0,0,197.2,184,102,96,21,7,76,193,1.32,.248
Kyle K Lohse,MIL,11,10,3.35,32,32,2,1,0,0,198.2,196,78,74,26,3,36,125,1.17,.259
Justin J Masterson,CLE,14,10,3.45,32,29,3,3,0,0,193.0,156,75,74,13,17,76,195,1.20,.222
Kris K Medlen,ATL,15,12,3.11,32,31,0,0,0,0,197.0,194,77,68,18,8,47,157,1.22,.258
Mike M Minor,ATL,13,9,3.21,32,32,1,0,0,0,204.2,177,79,73,22,1,46,181,1.09,.232
Bud B Norris,BAL,10,12,4.18,32,30,0,0,0,0,176.2,196,89,82,17,5,67,147,1.49,.283
Joe J Ortiz,TEX,2,2,4.23,32,0,0,0,0,0,44.2,46,26,21,5,0,10,27,1.25,.269
Jarrod J Parker,OAK,12,8,3.97,32,32,1,0,0,0,197.0,178,92,87,25,7,63,134,1.22,.242
Wily W Peralta,MIL,11,15,4.37,32,32,2,1,0,0,183.1,187,107,89,19,7,73,129,1.42,.264
Rick R Porcello,DET,13,8,4.32,32,29,1,0,0,0,177.0,185,87,85,18,3,42,142,1.28,.270
C Sabathia,NYY,14,13,4.78,32,32,2,0,0,0,211.0,224,122,112,28,4,65,175,1.37,.272
Ervin E Santana,KC,9,10,3.28,32,32,0,0,0,0,211.0,190,85,77,26,6,51,161,1.14,.238
Joe J Saunders,SEA,11,16,5.26,32,32,2,0,0,0,183.0,232,117,107,25,4,61,107,1.60,.311
Max M Scherzer,DET,21,3,2.90,32,32,0,0,0,0,214.1,152,73,69,18,4,56,240,0.97,.198
Travis T Wood,CHC,9,12,3.11,32,32,0,0,0,0,200.0,163,73,69,18,8,66,144,1.15,.222
Jordan J Zimmermann,WSH,19,9,3.25,32,32,4,2,0,0,213.1,192,81,77,19,7,40,161,1.09,.239
Madison M Bumgarner,SF,13,9,2.77,31,31,0,0,0,0,201.1,146,68,62,15,6,62,199,1.03,.203
Andrew A Cashner,SD,10,9,3.09,31,26,1,1,0,0,175.0,151,68,60,12,4,47,128,1.13,.233
Jhoulys J Chacín Chacin,COL,14,10,3.47,31,31,0,0,0,0,197.1,188,82,76,11,3,61,126,1.26,.253
Manny M Corpas,COL,1,2,4.54,31,0,0,0,0,0,41.2,40,21,21,5,1,16,30,1.34,.255
Kevin K Correia,MIN,9,13,4.18,31,31,0,0,0,0,185.1,218,89,86,24,2,45,101,1.42,.297
Wade W Davis,KC,8,11,5.32,31,24,0,0,0,0,135.1,169,89,80,15,4,58,114,1.68,.307
Yovani Y Gallardo,MIL,12,10,4.18,31,31,0,0,0,0,180.2,180,92,84,18,3,66,144,1.36,.261
Donovan D Hand,MIL,1,5,3.69,31,7,0,0,0,1,68.1,71,29,28,10,5,21,37,1.35,.280
Dan D Haren,WSH,10,14,4.67,31,30,0,0,1,1,169.2,179,92,88,28,7,31,151,1.24,.268
Felix F Hernández Hernandez,SEA,12,10,3.04,31,31,0,0,0,0,204.1,185,74,69,15,3,46,216,1.13,.242
Edwin E Jackson,CHC,8,18,4.98,31,31,0,0,0,0,175.1,197,110,97,16,5,59,135,1.46,.281
Ian I Kennedy,SD,7,10,4.91,31,31,0,0,0,0,181.1,180,108,99,27,12,73,163,1.40,.259
Dallas D Keuchel,HOU,6,10,5.15,31,22,0,0,0,0,153.2,184,96,88,20,5,52,123,1.54,.297
Mike M Leake,CIN,14,7,3.37,31,31,0,0,0,0,192.1,193,78,72,21,6,48,122,1.25,.263
Cliff C Lee,PHI,14,8,2.87,31,31,2,1,0,0,222.2,193,77,71,22,4,32,222,1.01,.232
Shelby S Miller,STL,15,9,3.06,31,31,1,1,0,0,173.1,152,65,59,20,5,57,169,1.21,.234
Juan J Nicasio,COL,9,9,5.14,31,31,0,0,0,0,157.2,168,97,90,17,5,64,119,1.47,.268
Alex A Wood,ATL,3,3,3.13,31,11,0,0,0,0,77.2,76,29,27,3,1,27,77,1.33,.263
Dylan D Axelrod,CWS,4,11,5.68,30,20,0,0,0,0,128.1,170,89,81,24,4,43,73,1.66,.318
Andrew A Bailey,BOS,3,1,3.77,30,0,0,0,8,13,28.2,23,12,12,7,0,12,39,1.22,.223
A. J. A Burnett,PIT,10,11,3.30,30,30,1,0,0,0,191.0,165,79,70,11,9,67,209,1.21,.231
Matt M Cain,SF,8,10,4.00,30,30,0,0,0,0,184.1,158,85,82,23,5,55,158,1.16,.228
Bartolo B Colon,OAK,18,6,2.65,30,30,3,3,0,0,190.1,193,60,56,14,0,29,117,1.17,.264
Jorge J De La Rosa,COL,16,6,3.49,30,30,0,0,0,0,167.2,170,70,65,11,5,62,112,1.38,.269
Scott S Feldman,BAL,12,12,3.86,30,30,2,1,0,0,181.2,159,87,78,19,9,56,132,1.18,.234
Chad C Gaudin,SF,5,2,3.06,30,12,0,0,0,0,97.0,81,34,33,6,2,40,88,1.25,.227
Miguel M González Gonzalez,BAL,11,8,3.78,30,28,0,0,0,0,171.1,157,81,72,24,3,53,120,1.23,.243
Phil P Hughes,NYY,4,14,5.19,30,29,0,0,0,0,145.2,170,91,84,24,5,42,121,1.46,.293
Kyle K Kendrick,PHI,10,13,4.70,30,30,2,1,0,0,182.0,207,104,95,18,7,47,110,1.40,.285
Jeff J Locke,PIT,10,7,3.52,30,30,0,0,0,0,166.1,146,69,65,11,6,84,125,1.38,.242
Andy A Pettitte,NYY,11,11,3.74,30,30,1,0,0,0,185.1,198,85,77,17,4,48,128,1.33,.275
Luke L Putkonen,DET,1,3,3.03,30,0,0,0,0,0,29.2,30,11,10,4,0,9,28,1.31,.261
Matt M Reynolds,ARI,0,2,1.98,30,0,0,0,2,3,27.1,25,7,6,2,1,5,23,1.10,.240
Bruce B Rondón Rondon,DET,1,2,3.45,30,0,0,0,1,3,28.2,28,11,11,2,0,11,30,1.36,.259
Hyun Jin H Ryu,LAD,14,8,3.00,30,30,2,1,0,0,192.0,182,67,64,15,1,49,154,1.20,.252
Chris C Sale,CWS,11,14,3.07,30,30,4,1,0,0,214.1,184,81,73,23,14,46,226,1.07,.230
Stephen S Strasburg,WSH,8,9,3.00,30,30,1,1,0,0,183.0,136,71,61,16,12,56,191,1.05,.207
Julio J Teheran,ATL,14,8,3.20,30,30,0,0,0,0,185.2,173,69,66,22,13,45,170,1.17,.246
Barry B Zito,SF,5,11,5.74,30,25,0,0,0,0,133.1,173,94,85,19,4,54,86,1.70,.318
Felix F Doubront,BOS,11,6,4.32,29,27,0,0,0,0,162.1,161,84,78,13,5,71,139,1.43,.261
Darin D Downs,DET,0,2,4.84,29,0,0,0,0,0,35.1,36,20,19,4,2,11,37,1.33,.265
Jake J Dunning,SF,0,2,2.84,29,0,0,0,0,0,25.1,20,8,8,2,3,11,16,1.22,.225
Gonzalez G Germen,NYM,1,2,3.93,29,0,0,0,1,3,34.1,32,15,15,1,0,16,33,1.40,.241
Jared J Hughes,PIT,2,3,4.78,29,0,0,0,0,0,32.0,37,17,17,2,2,16,23,1.66,.291
Scott S Kazmir,CLE,10,9,4.04,29,29,0,0,0,0,158.0,162,76,71,19,3,47,162,1.32,.262
Tom T Koehler,MIA,5,10,4.41,29,23,0,0,0,0,143.0,140,72,70,14,5,54,92,1.36,.261
John J Lackey,BOS,10,13,3.52,29,29,2,0,0,0,189.1,179,80,74,26,6,40,161,1.16,.247
Mike M Pelfrey,MIN,5,13,5.19,29,29,0,0,0,0,152.2,184,92,88,13,6,53,101,1.55,.300
Anibal A Sánchez Sanchez,DET,14,8,2.57,29,29,1,1,0,0,182.0,156,56,52,9,2,54,202,1.15,.229
Sergio S Santos,TOR,1,1,1.75,29,0,0,0,1,3,25.2,11,5,5,1,0,4,28,0.58,.131
Ramon R Troncoso,CWS,1,4,4.50,29,0,0,0,0,0,30.0,30,22,15,4,1,16,18,1.53,.256
Mike M Adams,PHI,1,4,3.96,28,0,0,0,0,1,25.0,23,11,11,5,1,11,23,1.36,.242
Joe J Blanton,LAA,2,14,6.04,28,20,0,0,0,0,132.2,180,96,89,29,4,34,108,1.61,.317
Jose J Cisnero,HOU,2,2,4.12,28,0,0,0,0,2,43.2,49,23,20,5,1,22,41,1.63,.283
Jose J Fernández Fernandez,MIA,12,6,2.19,28,28,0,0,0,0,172.2,111,47,42,10,5,58,187,0.98,.182
Zack Z Greinke,LAD,15,4,2.63,28,28,1,1,0,0,177.2,152,54,52,13,7,46,148,1.11,.234
Jeremy J Horst,PHI,0,2,6.23,28,0,0,0,0,1,26.0,35,19,18,4,2,12,21,1.81,.330
Tommy T Milone,OAK,12,9,4.14,28,26,1,0,0,0,156.1,160,83,72,25,2,39,126,1.27,.258
Mitchell M Boggs,COL,0,3,8.10,27,0,0,0,2,5,23.1,28,23,21,5,3,20,16,2.06,.301
Louis L Coleman,KC,3,0,0.61,27,0,0,0,0,0,29.2,19,2,2,1,1,6,32,0.84,.186
Justin J Grimm,CHC,7,9,5.97,27,17,0,0,0,0,98.0,120,70,65,15,2,34,76,1.57,.300
Jordan J Lyles,HOU,7,9,5.59,27,25,0,0,1,1,141.2,165,98,88,17,11,49,93,1.51,.285
Matt M Moore,TB,17,4,3.29,27,27,1,1,0,0,150.1,119,58,55,14,4,76,143,1.30,.216
David D Price,TB,10,8,3.33,27,27,4,0,0,0,186.2,178,78,69,16,3,27,151,1.10,.252
Fernando F Salas,STL,0,3,4.50,27,0,0,0,0,2,28.0,27,15,14,3,1,6,22,1.18,.255
Dan D Straily,OAK,10,8,3.96,27,27,0,0,0,0,152.1,132,74,67,16,7,57,124,1.24,.233
Rob R Wooten,MIL,3,1,3.90,27,0,0,0,0,1,27.2,27,12,12,1,1,8,18,1.27,.257
Trevor T Cahill,ARI,8,10,3.99,26,25,0,0,0,0,146.2,143,70,65,13,6,65,102,1.42,.261
Shawn S Camp,CHC,1,1,7.04,26,0,0,0,0,3,23.0,34,18,18,7,0,9,13,1.87,.362
Zach Z Duke,CIN,1,2,6.03,26,1,0,0,0,0,31.1,39,23,21,3,1,10,18,1.56,.307
Brandon B Gomes,TB,3,1,6.52,26,0,0,0,0,0,19.1,18,15,14,4,0,7,29,1.29,.247
Jason J Hammel,BAL,7,8,4.97,26,23,0,0,1,1,139.1,155,81,77,22,8,48,96,1.46,.284
Aaron A Harang,NYM,5,12,5.40,26,26,2,2,0,0,143.1,153,91,86,26,6,40,113,1.35,.267
Matt M Harvey,NYM,9,5,2.27,26,26,1,1,0,0,178.1,135,46,45,7,4,31,191,0.93,.209
Corey C Kluber,CLE,11,5,3.85,26,24,0,0,0,0,147.1,153,67,63,15,5,33,136,1.26,.271
Francisco F Liriano,PIT,16,8,3.02,26,26,2,0,0,0,161.0,134,54,54,9,0,63,163,1.22,.224
Paul P Maholm,ATL,10,11,4.41,26,26,0,0,0,0,153.0,169,82,75,17,10,47,105,1.41,.280
Joakim J Soria,TEX,1,0,3.80,26,0,0,0,0,0,23.2,18,10,10,2,1,14,28,1.35,.212
Alex A Wilson,BOS,1,1,4.88,26,0,0,0,0,0,27.2,34,16,15,0,1,14,22,1.73,.306
Chris C Withrow,LAD,3,0,2.60,26,0,0,0,1,2,34.2,20,10,10,5,0,13,43,0.95,.165
Buddy B Boshers,LAA,0,0,4.70,25,0,0,0,0,0,15.1,13,8,8,0,1,8,13,1.37,.241
Kevin K Chapman,HOU,1,1,1.77,25,0,0,0,1,4,20.1,13,6,4,1,1,13,15,1.28,.183
Pedro P Feliciano,NYM,0,2,3.97,25,0,0,0,0,0,11.1,11,5,5,1,1,6,9,1.50,.262
Michael M Kirkman,TEX,0,2,8.18,25,0,0,0,1,2,22.0,36,20,20,2,0,15,25,2.32,.364
Dustin D Mc Gowan,TOR,0,0,2.45,25,0,0,0,0,1,25.2,19,11,7,2,2,12,26,1.21,.190
Josh J Zeid,HOU,0,1,3.90,25,0,0,0,1,2,27.2,26,12,12,3,1,12,24,1.37,.250
Anthony A Bass,SD,0,0,5.36,24,0,0,0,0,0,42.0,51,26,25,4,0,20,31,1.69,.297
Chris C Capuano,LAD,4,7,4.26,24,20,0,0,0,1,105.2,125,57,50,11,0,24,81,1.41,.295
Scott S Diamond,MIN,6,13,5.43,24,24,0,0,0,0,131.0,163,88,79,21,1,36,52,1.52,.306
Luis L García Garcia,PHI,1,1,3.73,24,0,0,0,0,0,31.1,27,15,13,3,1,23,23,1.60,.237
Matt M Garza,TEX,10,6,3.82,24,24,1,0,0,0,155.1,150,73,66,20,5,42,136,1.24,.253
Jeremy J Hefner,NYM,4,8,4.34,24,23,0,0,0,0,130.2,132,75,63,20,5,37,99,1.29,.260
Zach Z Mc Allister,CLE,9,9,3.75,24,24,0,0,0,0,134.1,134,65,56,13,6,49,101,1.36,.257
Clayton C Mortensen,BOS,1,2,5.34,24,0,0,0,0,0,30.1,32,19,18,3,3,16,21,1.58,.267
Jonathon J Niese,NYM,8,8,3.71,24,24,1,1,0,0,143.0,158,68,59,10,4,48,105,1.44,.281
David D Purcey,CWS,1,1,2.13,24,0,0,0,0,0,25.1,19,7,6,2,2,17,23,1.42,.209
Jason J Vargas,LAA,9,8,4.02,24,24,3,2,0,0,150.0,162,68,67,17,5,46,109,1.39,.276
Jered J Weaver,LAA,11,8,3.27,24,24,0,0,0,0,154.1,139,58,56,17,7,37,117,1.14,.237
Chris C Archer,TB,9,7,3.22,23,23,2,2,0,0,128.2,107,49,46,15,8,38,101,1.13,.226
Wei- Yin W Chen,BAL,7,7,4.07,23,23,0,0,0,0,137.0,142,62,62,17,2,39,104,1.32,.272
Tony T Cingrani,CIN,7,4,2.92,23,18,0,0,0,0,104.2,72,37,34,14,2,43,120,1.10,.196
Jeff J Francis,COL,3,5,6.27,23,12,0,0,0,0,70.1,89,54,49,12,1,24,63,1.61,.306
Ivan I Nova,NYY,9,6,3.10,23,20,3,2,0,0,139.1,135,49,48,9,14,44,116,1.28,.258
Alexi A Ogando,TEX,7,4,3.11,23,18,0,0,0,0,104.1,87,38,36,11,5,41,72,1.23,.231
Jake J Peavy,BOS,12,5,4.17,23,23,2,0,0,0,144.2,130,70,67,20,2,36,121,1.15,.238
Rob R Scahill,COL,1,0,5.13,23,0,0,0,0,0,33.1,40,19,19,5,4,9,20,1.47,.301
Phillippe P Aumont,PHI,1,3,4.19,22,0,0,0,0,0,19.1,24,11,9,0,3,13,19,1.91,.308
Alex A Cobb,TB,11,3,2.76,22,22,1,0,0,0,143.1,120,46,44,13,3,45,134,1.15,.228
John J Danks,CWS,4,14,4.75,22,22,0,0,0,0,138.1,151,81,73,28,4,27,89,1.29,.277
Colt C Hynes,SD,0,0,9.00,22,0,0,0,0,0,17.0,25,17,17,3,1,9,13,2.00,.338
Brad B Lincoln,TOR,1,2,3.98,22,0,0,0,0,0,31.2,28,17,14,4,3,22,25,1.58,.233
Brandon B Maurer,SEA,5,8,6.30,22,14,0,0,0,0,90.0,114,66,63,16,6,27,70,1.57,.311
Brandon B Mc Carthy,ARI,5,11,4.53,22,22,2,1,0,0,135.0,161,71,68,13,5,21,76,1.35,.296
Luis L Mendoza,KC,2,6,5.36,22,15,0,0,0,0,94.0,106,60,56,10,3,43,54,1.59,.289
David D Phelps,NYY,6,5,4.98,22,12,0,0,0,1,86.2,88,50,48,8,5,35,79,1.42,.265
Henry Alberto H Rodriguez,CHC,0,1,4.09,22,0,0,0,0,0,22.0,20,12,10,2,2,20,12,1.82,.233
B. J. B Rosenberg,PHI,2,0,4.58,22,0,0,0,1,1,19.2,20,10,10,0,0,9,19,1.47,.263
Ross R Wolf,TEX,1,3,4.15,22,3,0,0,0,0,47.2,58,24,22,5,1,15,21,1.53,.307
Marco M Estrada,MIL,7,4,3.87,21,21,0,0,0,0,128.0,109,56,55,19,2,29,118,1.08,.229
Tim T Hudson,ATL,8,7,3.97,21,21,0,0,0,0,131.1,120,60,58,10,2,36,95,1.19,.245
Carlos C Martínez Martinez,STL,2,1,5.08,21,1,0,0,1,1,28.1,31,16,16,1,3,9,24,1.41,.282
Chaz C Roe,ARI,1,0,4.03,21,0,0,0,0,2,22.1,18,10,10,3,0,13,24,1.39,.228
Jake J Westbrook,STL,7,8,4.63,21,19,1,1,0,0,116.2,132,69,60,7,10,50,44,1.56,.293
Tyler T Chatwood,COL,8,5,3.15,20,20,1,0,0,0,111.1,118,44,39,5,4,41,66,1.43,.278
Rhiner R Cruz,HOU,0,2,3.38,20,0,0,0,0,0,21.1,25,9,8,2,2,11,10,1.69,.305
Randall R Delgado,ARI,5,7,4.26,20,19,1,1,0,0,116.1,116,59,55,24,1,23,79,1.19,.264
Kevin K Gausman,BAL,3,5,5.66,20,5,0,0,0,2,47.2,51,30,30,8,0,13,49,1.34,.276
Kameron K Loe,ATL,2,3,7.09,20,1,0,0,0,0,26.2,40,21,21,11,0,10,15,1.88,.345
Jason J Marquis,SD,9,5,4.05,20,20,0,0,0,0,117.2,111,61,53,18,4,68,72,1.52,.257
Franklin F Morales,BOS,2,2,4.62,20,1,0,0,0,1,25.1,24,13,13,2,3,15,21,1.54,.255
Charlie C Morton,PIT,7,4,3.26,20,20,0,0,0,0,116.0,113,51,42,6,16,36,85,1.28,.261
Martin M Pérez Perez,TEX,10,6,3.62,20,20,1,0,0,0,124.1,129,55,50,15,3,37,84,1.34,.267
Kevin K Slowey,MIA,3,6,4.11,20,14,0,0,0,0,92.0,106,44,42,12,4,18,76,1.35,.291
Jacob J Turner,MIA,3,8,3.74,20,20,1,0,0,0,118.0,116,55,49,11,4,54,77,1.44,.262
Jose J Valverde,DET,0,1,5.59,20,0,0,0,9,12,19.1,18,12,12,6,2,6,19,1.24,.237
Brandon B Workman,BOS,6,3,4.97,20,3,0,0,0,1,41.2,44,23,23,5,0,15,47,1.42,.272
Gerrit G Cole,PIT,10,7,3.22,19,19,0,0,0,0,117.1,109,43,42,7,3,28,100,1.17,.253
Eury E De La Rosa,ARI,0,1,7.36,19,0,0,0,0,0,14.2,13,13,12,5,0,5,16,1.23,.232
Cesar C Jimenez,PHI,1,1,3.71,19,0,0,0,0,0,17.0,14,7,7,1,1,10,11,1.41,.226
Chia- Jen C Lo,HOU,0,3,4.19,19,0,0,0,2,5,19.1,14,9,9,2,0,13,16,1.40,.203
Josh J Lueke,TB,0,2,5.06,19,0,0,0,0,0,21.1,23,12,12,3,1,12,25,1.64,.277
Eric E O' Flaherty,ATL,3,0,2.50,19,0,0,0,0,1,18.0,12,5,5,2,0,5,11,0.94,.188
Juan Pablo J Perez,TOR,1,2,3.69,19,0,0,0,0,1,31.2,23,17,13,3,1,15,33,1.20,.200
Cory C Rasmus,LAA,1,1,5.40,19,0,0,0,0,1,21.2,24,15,13,6,0,13,20,1.71,.270
Will W Smith,KC,2,1,3.24,19,1,0,0,0,3,33.1,24,16,12,6,1,7,43,0.93,.202
Nick N Tepesch,TEX,4,6,4.84,19,17,0,0,0,0,93.0,100,53,50,12,7,27,76,1.37,.272
Ryan R Vogelsong,SF,4,6,5.73,19,19,0,0,0,0,103.2,124,73,66,15,6,38,67,1.56,.299
Vic V Black,NYM,3,0,3.71,18,0,0,0,1,2,17.0,17,7,7,1,2,6,15,1.35,.254
Michael M Blazek,MIL,0,1,5.71,18,0,0,0,0,0,17.1,16,12,11,3,1,13,14,1.67,.235
Jeremy J Bonderman,DET,2,4,5.40,18,7,0,0,0,0,55.0,58,36,33,7,2,27,32,1.55,.271
Brad B Boxberger,SD,0,1,2.86,18,0,0,0,1,1,22.0,19,9,7,3,0,13,24,1.45,.250
Drake D Britton,BOS,1,1,3.86,18,0,0,0,0,2,21.0,21,9,9,1,0,7,17,1.33,.280
Samuel S Deduno,MIN,8,8,3.83,18,18,0,0,0,0,108.0,105,48,46,7,9,41,67,1.35,.259
Nathan N Eovaldi,MIA,4,6,3.39,18,18,0,0,0,0,106.1,100,44,40,7,1,40,78,1.32,.249
J. A. J Happ,TOR,5,7,4.56,18,18,0,0,0,0,92.2,91,53,47,10,2,45,77,1.47,.250
Brad B Peacock,HOU,5,6,5.18,18,14,0,0,0,0,83.1,78,51,48,15,3,37,77,1.38,.241
Jonathan J Pettibone,PHI,5,4,4.04,18,18,0,0,0,0,100.1,109,50,45,9,5,38,66,1.47,.284
J C Ramírez Ramirez,PHI,0,1,7.50,18,0,0,0,0,0,24.0,30,22,20,6,0,15,16,1.88,.313
Chris C Resop,OAK,1,1,6.00,18,0,0,0,0,0,18.0,22,13,12,3,2,10,13,1.78,.293
Joe J Savery,PHI,2,0,3.15,18,0,0,0,0,0,20.0,15,11,7,1,0,11,14,1.30,.205
Evan E Scribner,OAK,0,0,4.39,18,0,0,0,0,0,26.2,26,13,13,3,0,7,19,1.24,.243
Tyler T Thornburg,MIL,3,1,2.03,18,7,0,0,0,0,66.2,53,17,15,1,3,26,48,1.19,.225
Brian B Wilson,LAD,2,1,0.66,18,0,0,0,0,0,13.2,8,1,1,0,0,4,13,0.88,.178
Henderson H Alvarez,MIA,5,6,3.59,17,17,1,1,0,0,102.2,90,42,41,2,7,27,57,1.14,.237
Freddy F Garcia,ATL,4,7,4.37,17,13,0,0,0,0,80.1,83,40,39,18,1,17,46,1.24,.270
Philip P Humber,HOU,0,8,7.90,17,7,0,0,0,2,54.2,75,48,48,9,1,20,36,1.74,.322
Wade W Le Blanc,HOU,1,5,5.40,17,7,0,0,0,0,55.0,72,40,33,7,3,20,33,1.67,.309
Todd T Redmond,TOR,4,3,4.32,17,14,0,0,0,0,77.0,70,38,37,13,6,23,76,1.21,.239
Raul R Valdes,PHI,1,1,7.46,17,1,0,0,0,0,35.0,42,29,29,7,2,8,37,1.43,.300
Zack Z Wheeler,NYM,7,5,3.42,17,17,0,0,0,0,100.0,90,42,38,10,4,46,84,1.36,.243
Brett B Anderson,OAK,1,4,6.04,16,5,0,0,3,3,44.2,51,32,30,5,0,21,46,1.61,.287
Chad C Bettis,COL,1,3,5.64,16,8,0,0,0,1,44.2,55,34,28,6,2,20,30,1.68,.302
Clay C Buchholz,BOS,12,1,1.74,16,16,1,1,0,0,108.1,75,23,21,4,1,36,96,1.02,.199
Keith K Butler,STL,0,0,4.05,16,0,0,0,0,0,20.0,13,9,9,0,1,11,16,1.20,.181
Xavier X Cedeño Cedeno,WSH,0,0,6.57,16,0,0,0,0,0,12.1,15,12,9,0,2,8,9,1.86,.306
Robert R Coello,LAA,2,2,3.71,16,0,0,0,1,1,17.0,14,7,7,1,0,8,23,1.29,.219
Chad C Durbin,PHI,1,0,9.00,16,0,0,0,0,0,16.0,25,17,16,4,0,9,16,2.13,.357
Josh J Johnson,TOR,2,8,6.20,16,16,0,0,0,0,81.1,105,64,56,15,3,30,83,1.66,.305
Sean S Marshall,CIN,0,1,1.74,16,0,0,0,0,0,10.1,4,3,2,0,1,2,10,0.58,.118
Zach Z Miner,PHI,0,2,4.40,16,3,0,0,0,1,28.2,33,14,14,4,2,17,20,1.74,.297
Ross R Ohlendorf,WSH,4,1,3.28,16,7,0,0,0,1,60.1,56,22,22,8,1,14,45,1.16,.245
Jake J Petricka,CWS,1,1,3.26,16,0,0,0,0,1,19.1,20,7,7,0,1,10,10,1.55,.278
Evan E Reed,DET,0,1,4.24,16,0,0,0,0,0,23.1,28,16,11,2,1,8,17,1.54,.301
Michael M Stutes,PHI,3,1,4.58,16,0,0,0,0,0,17.2,14,11,9,1,1,8,9,1.25,.212
Carlos C Carrasco,CLE,1,4,6.75,15,7,0,0,0,0,46.2,64,36,35,4,1,18,30,1.76,.330
Tommy T Hanson,LAA,4,3,5.42,15,13,0,0,0,0,73.0,83,47,44,10,3,30,56,1.55,.286
Ethan E Martin,PHI,2,5,6.08,15,8,0,0,0,1,40.0,42,27,27,9,1,26,47,1.70,.261
Jon J Rauch,MIA,1,2,7.56,15,0,0,0,0,0,16.2,23,14,14,1,1,7,15,1.80,.329
Michael M Roth,LAA,1,1,7.20,15,1,0,0,0,0,20.0,24,16,16,0,1,6,17,1.50,.300
Michael M Wacha,STL,4,1,2.78,15,9,0,0,0,1,64.2,52,20,20,5,0,19,65,1.10,.219
Jose J Álvarez Alvarez,DET,1,5,5.82,14,6,0,0,0,0,38.2,42,26,25,7,2,16,31,1.50,.280
Jake J Arrieta,CHC,5,4,4.78,14,14,0,0,0,0,75.1,59,41,40,9,5,41,60,1.33,.216
Robert R Carson,NYM,0,0,8.24,14,0,0,0,0,0,19.2,21,19,18,9,1,7,8,1.42,.269
Pedro P Hernandez,MIN,3,3,6.83,14,12,0,0,0,0,56.2,80,43,43,10,0,23,29,1.82,.338
David D Huff,NYY,3,1,5.50,14,2,0,0,0,0,37.2,33,23,23,7,1,9,31,1.12,.237
John J Lannan,PHI,3,6,5.33,14,14,0,0,0,0,74.1,86,48,44,6,5,27,38,1.52,.296
Tommy T Layne,SD,0,2,2.08,14,0,0,0,0,0,8.2,10,4,2,1,2,5,6,1.73,.323
Shaun S Marcum,NYM,1,10,5.29,14,12,0,0,0,0,78.1,85,48,46,7,4,21,60,1.35,.284
Peter P Moylan,LAD,1,0,6.46,14,0,0,0,0,0,15.1,23,11,11,3,0,7,6,1.96,.365
Curtis C Partch,CIN,0,1,6.17,14,0,0,0,0,0,23.1,17,16,16,8,4,17,16,1.46,.210
Erasmo E Ramírez Ramirez,SEA,5,3,4.98,14,13,0,0,0,0,72.1,79,44,40,12,3,26,57,1.45,.273
Tanner T Roark,WSH,7,1,1.51,14,5,0,0,0,0,53.2,38,11,9,1,0,11,40,0.91,.202
Sean S Burnett,LAA,0,0,0.93,13,0,0,0,0,0,9.2,9,1,1,1,0,4,7,1.34,.265
Arquimedes A Caminero,MIA,0,0,2.77,13,0,0,0,0,1,13.0,10,4,4,2,1,3,12,1.00,.208
Tyler T Cloyd,PHI,2,7,6.56,13,11,0,0,0,0,60.1,83,45,44,7,1,25,41,1.79,.328
Ross R Detwiler,WSH,2,7,4.04,13,13,0,0,0,0,71.1,92,37,32,5,5,14,39,1.49,.315
Sam S Freeman,STL,1,0,2.19,13,0,0,0,0,0,12.1,8,3,3,0,0,5,8,1.05,.182
Roy R Halladay,PHI,4,5,6.82,13,13,1,0,0,0,62.0,55,48,47,12,10,36,51,1.47,.238
Matt M Langwell,ARI,1,0,5.14,13,0,0,0,0,0,14.0,13,8,8,2,1,7,12,1.43,.241
Guillermo G Moscoso,SF,2,2,5.10,13,2,0,0,0,0,30.0,20,17,17,5,3,21,31,1.37,.192
Brett B Oberholtzer,HOU,4,5,2.76,13,10,2,1,0,0,71.2,66,26,22,7,1,13,45,1.10,.237
Chris C Rusin,CHC,2,6,3.93,13,13,0,0,0,0,66.1,66,30,29,8,3,24,36,1.36,.261
Blake B Beavan,SEA,0,2,6.13,12,2,0,0,0,0,39.2,46,27,27,8,1,8,27,1.36,.284
Stephen S Fife,LAD,4,4,3.86,12,10,0,0,0,0,58.1,69,29,25,7,5,20,45,1.53,.304
Kyuji K Fujikawa,CHC,1,1,5.25,12,0,0,0,2,3,12.0,11,7,7,1,2,2,14,1.08,.239
Jon J Garland,COL,4,6,5.82,12,12,0,0,0,0,68.0,85,45,44,9,2,23,32,1.59,.315
Sonny S Gray,OAK,5,3,2.67,12,10,0,0,0,0,64.0,51,22,19,4,0,20,67,1.11,.214
Mike M Kickham,SF,0,3,10.16,12,3,0,0,0,0,28.1,46,34,32,8,0,10,29,1.98,.351
Tyler T Lyons,STL,2,4,4.75,12,8,0,0,0,0,53.0,49,29,28,5,3,16,43,1.23,.241
Hector H Noesí Noesi,SEA,0,1,6.59,12,1,0,0,0,0,27.1,42,21,20,3,1,12,21,1.98,.353
Brian B Omogrosso,CWS,0,2,9.37,12,0,0,0,0,0,16.1,28,18,17,2,1,9,16,2.27,.378
Clayton C Richard,SD,2,5,7.01,12,11,0,0,0,0,52.2,65,44,41,13,0,21,24,1.63,.308
Wandy W Rodriguez,PIT,6,4,3.59,12,12,0,0,0,0,62.2,58,26,25,10,4,12,46,1.12,.240
Alfredo A Aceves,BOS,4,1,4.86,11,6,0,0,0,0,37.0,42,21,20,8,0,22,24,1.73,.288
Johnny J Cueto,CIN,5,2,2.82,11,11,0,0,0,0,60.2,46,20,19,7,1,18,51,1.05,.209
Rubby R De La Rosa,BOS,0,2,5.56,11,0,0,0,0,0,11.1,15,7,7,2,3,2,6,1.50,.313
Jorge J De Leon,HOU,0,1,5.40,11,0,0,0,0,0,10.0,12,7,6,1,1,7,6,1.90,.293
Robbie R Erlin,SD,3,3,4.12,11,9,0,0,0,0,54.2,53,26,25,6,0,15,40,1.24,.255
Mike M Fiers,MIL,1,4,7.25,11,3,0,0,0,0,22.1,28,20,18,8,0,6,15,1.52,.298
Mark M Lowe,LAA,1,0,9.26,11,0,0,0,0,0,11.2,11,12,12,1,0,11,7,1.89,.256
Jeff J Manship,COL,0,5,7.04,11,4,0,0,0,0,30.2,37,25,24,6,0,12,18,1.60,.298
Jose J Ortega,DET,0,2,3.86,11,0,0,0,0,1,11.2,10,5,5,2,1,6,10,1.37,.227
Josh J Stinson,BAL,0,0,3.18,11,1,0,0,0,1,17.0,10,7,6,4,1,3,12,0.76,.169
Andrew A Albers,MIN,2,5,4.05,10,10,1,1,0,0,60.0,64,34,27,6,2,7,25,1.18,.271
Pedro P Beato,BOS,1,1,3.60,10,0,0,0,0,0,10.0,12,5,4,1,1,2,5,1.40,.279
Cory C Burns,TEX,1,0,3.18,10,0,0,0,0,0,11.1,12,4,4,1,1,7,5,1.68,.261
Jarred J Cosart,HOU,1,1,1.95,10,10,0,0,0,0,60.0,46,15,13,3,0,35,33,1.35,.220
Erik E Davis,WSH,1,0,3.12,10,0,0,0,0,0,8.2,10,3,3,0,0,1,12,1.27,.278
Kyle K Gibson,MIN,2,4,6.53,10,10,0,0,0,0,51.0,69,38,37,7,5,20,29,1.75,.327
Liam L Hendriks,MIN,1,3,6.85,10,8,0,0,0,0,47.1,67,39,36,10,3,14,34,1.71,.327
Jeremy J Jeffress,TOR,1,0,0.87,10,0,0,0,0,0,10.1,8,1,1,1,0,5,12,1.26,.211
Chad C Jenkins,TOR,1,0,2.70,10,3,0,0,0,0,33.1,31,13,10,3,1,6,15,1.11,.250
Bobby B La Fromboise,SEA,0,1,5.91,10,0,0,0,0,0,10.2,12,8,7,0,0,4,11,1.50,.286
Nick N Maronde,LAA,0,0,6.75,10,0,0,0,0,0,5.1,4,6,4,1,0,8,5,2.25,.200
Brandon B Morrow,TOR,2,3,5.63,10,10,0,0,0,0,54.1,63,39,34,12,1,18,42,1.49,.286
Andre A Rienzo,CWS,2,3,4.82,10,10,0,0,0,0,56.0,55,34,30,11,2,28,38,1.48,.253
Zac Z Rosscup,CHC,0,0,1.35,10,0,0,0,0,0,6.2,3,1,1,1,0,7,7,1.50,.130
Danny D Salazar,CLE,2,3,3.12,10,10,0,0,0,0,52.0,44,18,18,7,0,15,65,1.13,.226
Alex A Sanabia,MIA,3,7,4.88,10,10,0,0,0,0,55.1,69,33,30,10,4,25,31,1.70,.317
Burch B Smith,SD,1,3,6.44,10,7,0,0,0,0,36.1,39,26,26,9,0,21,46,1.65,.269
Vance V Worley,MIN,1,5,7.21,10,10,0,0,0,0,48.2,82,43,39,9,3,15,25,1.99,.381
Jose J Domínguez Dominguez,LAD,0,0,2.16,9,0,0,0,0,0,8.1,11,3,2,0,1,3,4,1.68,.314
Jeurys J Familia,NYM,0,0,4.22,9,0,0,0,1,1,10.2,12,5,5,2,0,9,8,1.97,.293
Jaime J García Garcia,STL,5,2,3.58,9,9,0,0,0,0,55.1,57,26,22,6,0,15,43,1.30,.263
Javy J Guerra,LAD,0,0,6.75,9,0,0,0,0,0,10.2,15,9,8,1,1,6,12,1.97,.319
Joel J Hanrahan,BOS,0,1,9.82,9,0,0,0,4,6,7.1,10,8,8,4,0,6,5,2.18,.333
Heath H Hembree,SF,0,0,0.00,9,0,0,0,0,0,7.2,4,0,0,0,0,2,12,0.78,.148
Steve S Johnson,BAL,1,1,7.47,9,1,0,0,0,0,15.2,14,13,13,2,0,13,20,1.72,.233
Taylor T Jordan,WSH,1,3,3.66,9,9,0,0,0,0,51.2,59,27,21,3,3,11,29,1.35,.291
Derek D Lowe,TEX,1,0,9.00,9,0,0,0,0,0,13.0,16,13,13,3,2,3,8,1.46,.308
Roy R Oswalt,COL,0,6,8.63,9,6,0,0,0,0,32.1,49,31,31,3,1,9,34,1.79,.358
Brooks B Raley,CHC,0,0,5.14,9,0,0,0,0,0,14.0,11,9,8,2,2,8,14,1.36,.224
Chance C Ruffin,SEA,0,2,8.38,9,0,0,0,0,1,9.2,14,10,9,3,2,5,15,1.97,.333
Michael M Tonkin,MIN,0,0,0.79,9,0,0,0,0,0,11.1,9,6,1,0,0,3,10,1.06,.205
Daniel D Webb,CWS,0,0,3.18,9,0,0,0,0,0,11.1,9,4,4,0,0,4,10,1.15,.220
Josh J Beckett,LAD,0,5,5.19,8,8,1,0,0,0,43.1,50,30,25,8,1,15,41,1.50,.289
Zack Z Britton,BAL,2,3,4.95,8,7,0,0,0,0,40.0,52,23,22,4,1,17,18,1.73,.321
Tim T Byrdak,NYM,0,0,7.71,8,0,0,0,0,0,4.2,5,4,4,2,0,2,3,1.50,.263
Cesar C Cabral,NYY,0,0,2.45,8,0,0,0,0,0,3.2,3,1,1,0,1,1,6,1.09,.231
Frank F Francisco,NYM,1,0,4.26,8,0,0,0,1,1,6.1,4,3,3,0,1,3,6,1.11,.182
Edgar E Gonzalez,HOU,0,1,7.50,8,0,0,0,0,0,18.0,26,16,15,6,1,8,11,1.89,.333
Johnny J Hellweg,MIL,1,4,6.75,8,7,0,0,0,0,30.2,40,30,23,3,8,26,9,2.15,.325
C. C Lee,CLE,0,0,4.15,8,0,0,0,0,0,4.1,4,3,2,0,1,3,4,1.62,.250
Charlie C Leesman,CWS,0,0,7.04,8,1,0,0,0,0,15.1,16,14,12,2,1,16,13,2.09,.267
Josh J Lindblom,TEX,1,3,5.46,8,5,0,0,0,0,31.1,35,19,19,4,0,11,21,1.47,.278
Yusmeiro Y Petit,SF,4,1,3.56,8,7,1,1,0,0,48.0,46,19,19,4,0,11,47,1.19,.251
Drew D Pomeranz,COL,0,4,6.23,8,4,0,0,0,0,21.2,25,15,15,4,1,19,19,2.03,.301
Brayan B Villarreal,BOS,0,2,20.77,8,0,0,0,0,0,4.1,8,10,10,1,0,9,6,3.92,.444
P. J. P Walters,MIN,2,5,5.95,8,8,0,0,0,0,39.1,51,30,26,5,1,18,22,1.75,.311
Thad T Weber,TOR,0,1,2.40,8,0,0,0,0,0,15.0,12,5,4,2,0,8,10,1.33,.235
Allen A Webster,BOS,1,2,8.60,8,7,0,0,0,0,30.1,37,30,29,7,2,18,23,1.81,.308
Ryan R Brasier,LAA,0,0,2.00,7,0,0,0,0,0,9.0,7,2,2,1,0,4,7,1.22,.233
Billy B Buckner,LAA,1,0,4.67,7,2,0,0,0,0,17.1,17,9,9,5,1,7,7,1.38,.270
Francisley F Bueno,KC,1,0,0.00,7,0,0,0,0,0,8.1,4,0,0,0,0,2,5,0.72,.143
Alberto A Cabrera,CHC,0,0,4.50,7,0,0,0,0,0,6.0,7,3,3,0,1,5,4,2.00,.292
Jose J Contreras,PIT,0,0,9.00,7,0,0,0,0,0,5.0,7,5,5,1,0,6,5,2.60,.318
Matt M Daley,NYY,1,0,0.00,7,0,0,0,0,0,6.0,2,0,0,0,1,0,8,0.33,.100
Jose J De La Torre,BOS,0,0,6.35,7,0,0,0,0,0,11.1,10,8,8,2,1,10,15,1.76,.244
Brad B Hand,MIA,1,1,3.05,7,2,0,0,0,0,20.2,13,7,7,2,0,8,15,1.02,.176
Chris C Hatcher,MIA,0,1,12.46,7,0,0,0,0,0,8.2,13,13,12,1,0,4,7,1.96,.325
Daisuke D Matsuzaka,NYM,3,3,4.42,7,7,0,0,0,0,38.2,32,21,19,4,5,16,33,1.24,.227
Kyle K Mc Clellan,TEX,0,1,7.71,7,0,0,0,0,0,9.1,7,8,8,2,1,5,3,1.29,.212
Collin C Mc Hugh,COL,0,4,10.04,7,5,0,0,0,0,26.0,45,29,29,6,0,5,11,1.92,.388
Sean S O' Sullivan,SD,0,2,3.96,7,3,0,0,0,0,25.0,31,12,11,0,1,14,12,1.80,.310
Jake J Odorizzi,TB,0,1,3.94,7,4,0,0,1,1,29.2,28,13,13,3,2,8,22,1.21,.252
Ramon R Ortiz,TOR,1,2,6.04,7,4,0,0,0,0,25.1,34,17,17,7,1,11,8,1.78,.337
Stephen S Pryor,SEA,0,0,0.00,7,0,0,0,0,1,7.1,3,0,0,0,0,1,7,0.55,.120
Ryan R Reid,PIT,0,0,1.64,7,0,0,0,1,2,11.0,9,2,2,1,2,3,7,1.09,.231
Tyler T Skaggs,ARI,2,3,5.12,7,7,0,0,0,0,38.2,38,23,22,7,2,15,36,1.37,.252
Mike M Zagurski,NYY,0,0,17.05,7,0,0,0,0,0,6.1,11,12,12,1,2,8,5,3.00,.393
Scott S Barnes,CLE,0,1,7.27,6,0,0,0,1,1,8.2,8,7,7,3,2,3,10,1.27,.242
Dellin D Betances,NYY,0,0,10.80,6,0,0,0,0,0,5.0,9,6,6,1,0,2,10,2.20,.375
Hiram H Burgos,MIL,1,2,6.44,6,6,0,0,0,0,29.1,38,23,21,5,2,11,18,1.67,.309
Brandon B Cumpton,PIT,2,1,2.05,6,5,0,0,0,0,30.2,26,8,7,1,1,5,22,1.01,.226
Octavio O Dotel,DET,0,0,13.50,6,0,0,0,0,1,4.2,10,7,7,0,0,4,4,3.00,.417
Neftali N Feliz,TEX,0,0,0.00,6,0,0,0,0,0,4.2,5,0,0,0,1,2,4,1.50,.278
Donnie D Joseph,KC,0,0,0.00,6,0,0,0,0,0,5.2,4,0,0,0,0,4,7,1.41,.200
Chang- Yong C Lim,CHC,0,0,5.40,6,0,0,0,0,0,5.0,6,3,3,0,1,7,5,2.60,.316
Matt M Magill,LAD,0,2,6.51,6,6,0,0,0,0,27.2,27,25,20,6,1,28,26,1.99,.257
Shairon S Martis,MIN,0,1,5.59,6,0,0,0,0,0,9.2,6,6,6,3,0,4,7,1.03,.171
James J Mc Donald,PIT,2,2,5.76,6,6,0,0,0,0,29.2,29,24,19,1,3,20,25,1.65,.252
Luis L Perez,TOR,0,1,5.40,6,0,0,0,0,0,5.0,4,3,3,0,0,2,6,1.20,.211
Ramon E R Ramirez,SF,0,0,11.12,6,0,0,0,0,0,5.2,9,8,7,2,0,5,0,2.47,.429
Greg G Reynolds,CIN,1,3,5.52,6,5,0,0,0,0,29.1,38,19,18,5,4,6,13,1.50,.322
Zeke Z Spruill,ARI,0,2,5.56,6,2,0,0,0,0,11.1,17,11,7,3,1,5,9,1.94,.354
Chris C Volstad,COL,0,0,10.80,6,0,0,0,0,0,8.1,19,10,10,1,2,1,3,2.40,.432
Josh J Wall,LAD,0,1,18.00,6,0,0,0,0,0,7.0,17,14,14,2,0,6,7,3.29,.486
Chien- Ming C Wang,TOR,1,2,7.67,6,6,0,0,0,0,27.0,40,24,23,5,0,9,14,1.81,.351
Brandon B Beachy,ATL,2,1,4.50,5,5,0,0,0,0,30.0,27,17,15,5,0,4,23,1.03,.239
Rafael R Dolis,CHC,0,0,0.00,5,0,0,0,0,0,5.0,3,2,0,0,0,2,0,1.00,.158
Danny D Duffy,KC,2,0,1.85,5,5,0,0,0,0,24.1,19,5,5,0,1,14,22,1.36,.213
Sam S Dyson,MIA,0,2,9.00,5,1,0,0,0,0,11.0,16,12,11,2,1,5,5,1.91,.348
Pedro P Figueroa,OAK,0,0,12.00,5,0,0,0,0,0,3.0,6,4,4,2,0,3,3,3.00,.400
Gavin G Floyd,CWS,0,4,5.18,5,5,0,0,0,0,24.1,27,15,14,4,0,12,25,1.60,.287
Deunte D Heath,CWS,0,0,11.74,5,0,0,0,0,0,7.2,8,10,10,2,0,12,3,2.61,.276
Erik E Johnson,CWS,3,2,3.25,5,5,0,0,0,0,27.2,32,16,10,5,1,11,18,1.55,.281
Aaron A Laffey,TOR,0,0,7.11,5,3,0,0,0,0,12.2,18,10,10,1,2,10,9,2.21,.375
Ted T Lilly,LAD,0,2,5.09,5,5,0,0,0,0,23.0,27,16,13,4,1,10,18,1.61,.276
Jenrry J Mejia,NYM,1,2,2.30,5,5,0,0,0,0,27.1,28,9,7,2,0,4,27,1.17,.269
Vidal V Nuño Nuno,NYY,1,2,2.25,5,3,0,0,0,0,20.0,16,5,5,2,1,6,9,1.10,.213
Hideki H Okajima,OAK,0,0,2.25,5,0,0,0,0,0,4.0,7,1,1,1,0,2,1,2.25,.368
Edgar E Olmos,MIA,0,1,7.20,5,0,0,0,0,0,5.0,7,9,4,2,0,3,2,2.00,.350
Stolmy S Pimentel,PIT,0,0,1.93,5,0,0,0,0,0,9.1,6,4,2,0,0,2,9,0.86,.171
Zach Z Putnam,CHC,0,0,18.90,5,0,0,0,0,0,3.1,9,7,7,1,0,0,4,2.70,.500
Jonathan J Sánchez Sanchez,PIT,0,3,11.85,5,4,0,0,0,0,13.2,25,18,18,7,2,8,15,2.41,.397
Steve S Ames,MIA,0,1,4.50,4,0,0,0,0,0,4.0,6,2,2,0,0,2,4,2.00,.375
Jairo J Asencio,BAL,0,0,7.71,4,0,0,0,0,0,2.1,3,2,2,1,0,2,4,2.14,.300
Trevor T Bauer,CLE,1,2,5.29,4,4,0,0,0,0,17.0,15,11,10,3,1,16,11,1.82,.238
Charles C Brewer,ARI,0,0,3.00,4,0,0,0,0,0,6.0,8,2,2,0,0,2,5,1.67,.320
Simon S Castro,CWS,0,1,2.70,4,0,0,0,0,0,6.2,5,2,2,1,1,3,6,1.20,.217
Cole C De Vries,MIN,0,2,10.80,4,2,0,0,0,0,15.0,22,18,18,6,0,9,12,2.07,.333
Barry B Enright,LAA,0,2,12.96,4,2,0,0,0,0,8.1,12,12,12,2,0,7,6,2.28,.333
Brian B Flynn,MIA,0,2,8.50,4,4,0,0,0,0,18.0,27,17,17,4,0,13,15,2.22,.370
Preston P Guilmet,CLE,0,0,10.13,4,0,0,0,0,0,5.1,8,6,6,0,0,3,1,2.06,.320
Sean S Henn,NYM,0,1,3.38,4,0,0,0,0,0,2.2,3,1,1,1,0,3,1,2.25,.300
Kris K Johnson,PIT,0,2,6.10,4,1,0,0,0,0,10.1,12,7,7,0,1,4,9,1.55,.300
John J Maine,MIA,0,0,12.27,4,0,0,0,0,0,7.1,15,10,10,2,0,5,7,2.73,.441
Victor V Marte,STL,0,1,6.00,4,0,0,0,0,0,3.0,4,2,2,0,1,3,2,2.33,.308
David D Martinez,HOU,1,0,7.15,4,0,0,0,0,1,11.1,16,11,9,1,0,3,6,1.68,.381
Brett B Myers,CLE,0,3,8.02,4,3,0,0,0,0,21.1,29,19,19,10,0,5,12,1.59,.319
Jimmy J Nelson,MIL,0,0,0.90,4,1,0,0,0,0,10.0,2,1,1,0,0,5,8,0.70,.065
James J Paxton,SEA,3,0,1.50,4,4,0,0,0,0,24.0,15,5,4,2,0,7,21,0.92,.172
Clay C Rapada,CLE,0,0,0.00,4,0,0,0,0,0,2.0,1,0,0,0,0,2,0,1.50,.143
Ricky R Romero,TOR,0,2,11.05,4,2,0,0,0,0,7.1,11,9,9,2,1,8,5,2.59,.355
Eduardo E Sanchez,CHC,0,1,5.68,4,0,0,0,0,0,6.1,5,4,4,1,0,5,5,1.58,.238
Steven S Wright,BOS,2,0,5.40,4,1,0,0,0,0,13.1,12,8,8,0,1,9,10,1.58,.245
Scott S Baker,CHC,0,0,3.60,3,3,0,0,0,0,15.0,9,6,6,3,0,4,6,0.87,.173
Alex A Burnett,CHC,0,0,11.57,3,0,0,0,0,0,2.1,5,3,3,0,0,2,2,3.00,.417
Nick N Christiani,CIN,0,0,2.25,3,0,0,0,0,0,4.0,2,1,1,1,1,2,1,1.00,.167
Alex A Colomé Colome,TB,1,1,2.25,3,3,0,0,0,0,16.0,14,8,4,2,1,9,12,1.44,.230
Kyle K Drabek,TOR,0,0,7.71,3,0,0,0,0,0,2.1,4,2,2,1,1,2,3,2.57,.364
Onelki O Garcia,LAD,0,0,13.50,3,0,0,0,0,0,1.1,1,2,2,1,0,4,1,3.75,.200
John J Gast,STL,2,0,5.11,3,3,0,0,0,0,12.1,11,7,7,1,0,5,8,1.30,.234
Nate N Karns,WSH,0,1,7.50,3,3,0,0,0,0,12.0,17,11,10,5,1,6,11,1.92,.321
Brett B Marshall,NYY,0,0,4.50,3,0,0,0,0,0,12.0,13,6,6,3,1,7,7,1.67,.283
Zach Z Phillips,MIA,0,1,5.40,3,0,0,0,0,0,1.2,3,1,1,0,0,3,1,3.60,.429
Mauricio M Robles,PHI,0,0,1.93,3,0,0,0,0,0,4.2,7,3,1,0,0,3,6,2.14,.318
Daniel D Stange,LAA,0,1,16.20,3,0,0,0,0,0,1.2,2,3,3,1,0,2,1,2.40,.286
Mickey M Storey,TOR,0,0,6.75,3,0,0,0,0,0,4.0,6,3,3,0,0,1,6,1.75,.353
Hisanori H Takahashi,CHC,0,0,6.00,3,0,0,0,0,0,3.0,3,2,2,1,0,2,3,1.67,.273
Yordano Y Ventura,KC,0,1,3.52,3,3,0,0,0,0,15.1,13,6,6,3,0,6,11,1.24,.224
Taijuan T Walker,SEA,1,0,3.60,3,3,0,0,0,0,15.0,11,7,6,0,0,4,12,1.00,.204
Daniel D Bard,BOS,0,0,9.00,2,0,0,0,0,0,1.0,1,1,1,0,0,2,1,3.00,.250
Duane D Below,MIA,0,1,10.13,2,0,0,0,0,0,2.2,6,3,3,0,0,2,2,3.00,.500
Chad C Billingsley,LAD,1,0,3.00,2,2,0,0,0,0,12.0,12,4,4,1,0,5,6,1.42,.286
Chris C Dwyer,KC,0,0,0.00,2,0,0,0,0,0,3.0,2,0,0,0,0,1,2,1.00,.200
Cody C Eppley,NYY,0,0,21.60,2,0,0,0,0,0,1.2,4,4,4,0,0,0,1,2.40,.500
Wilmer W Font,TEX,0,0,0.00,2,0,0,0,0,0,1.1,1,0,0,0,0,2,0,2.25,.200
David D Hale,ATL,1,0,0.82,2,2,0,0,0,0,11.0,11,1,1,0,0,1,14,1.09,.244
Matt M Harrison,TEX,0,2,8.44,2,2,0,0,0,0,10.2,14,11,10,2,0,7,12,1.97,.326
Jair J Jurrjens,BAL,0,0,4.91,2,1,0,0,0,0,7.1,9,4,4,1,0,1,6,1.36,.300
Chris C Leroux,PIT,0,0,6.75,2,0,0,0,0,0,4.0,4,3,3,1,0,6,3,2.50,.267
Cristhian C Martinez,ATL,0,0,7.71,2,0,0,0,0,0,2.1,5,2,2,0,0,0,0,2.14,.417
Joe J Martinez,CLE,1,0,1.80,2,0,0,0,0,0,5.0,4,1,1,0,0,0,3,0.80,.211
Miles M Mikolas,SD,0,0,0.00,2,0,0,0,0,0,1.2,0,0,0,0,1,1,1,0.60,.000
Chris C Narveson,MIL,0,0,0.00,2,0,0,0,0,0,2.0,1,0,0,0,0,1,0,1.00,.143
Joe J Paterson,ARI,0,0,3.86,2,0,0,0,0,0,2.1,2,1,1,0,3,0,2,0.86,.250
Tyler T Robertson,MIN,0,0,9.00,2,0,0,0,0,0,1.0,1,1,1,1,0,0,2,1.00,.250
Skip S Schumaker,LAD,0,0,0.00,2,0,0,0,0,0,2.0,3,0,0,0,0,3,1,3.00,.333
Pedro P Villarreal,CIN,0,1,12.71,2,1,0,0,0,0,5.2,13,8,8,4,0,3,4,2.82,.448
Duke D Welker,PIT,0,0,0.00,2,0,0,0,0,0,1.1,0,0,0,0,0,0,1,0.00,.000
Casper C Wells R,PHI,0,1,27.00,2,0,0,0,0,0,1.2,3,5,5,0,0,4,1,4.20,.375
Blake B Wood,CLE,0,0,0.00,2,0,0,0,0,0,1.1,1,0,0,0,0,3,1,3.00,.200
Mike M Belfiore,BAL,0,0,13.50,1,0,0,0,0,0,1.1,3,2,2,2,0,1,0,3.00,.500
Jeff J Beliveau,TB,0,0,0.00,1,0,0,0,0,0,0.2,1,0,0,0,0,1,0,3.00,.333
Chris C Bootcheck,NYY,0,0,9.00,1,0,0,0,0,0,1.0,2,1,1,0,0,2,1,4.00,.400
Dave D Bush,TOR,0,0,15.00,1,0,0,0,0,0,3.0,5,5,5,4,0,1,1,2.00,.357
David D Carpenter,LAA,0,0,108.00,1,0,0,0,0,0,0.1,2,4,4,1,0,2,1,12.00,.667
Jamey J Carroll,MIN,0,0,0.00,1,0,0,0,0,0,1.0,0,0,0,0,0,0,0,0.00,.000
Zach Z Clark,BAL,0,0,16.20,1,0,0,0,0,0,1.2,3,3,3,0,0,2,1,3.00,.429
Maikel M Cleto,STL,0,0,19.29,1,0,0,0,0,0,2.1,5,5,5,1,2,1,5,2.57,.417
Jake J Elmore,HOU,0,0,0.00,1,0,0,0,0,0,1.0,0,0,0,0,0,0,0,0.00,.000
Justin J Freeman,CIN,0,0,18.00,1,0,0,0,0,0,1.0,2,2,2,1,0,0,0,2.00,.400
Sam S Fuld L,TB,0,0,0.00,1,0,0,0,0,0,0.1,0,0,0,0,0,0,0,0.00,.000
Justin J Germano,TOR,0,0,9.00,1,0,0,0,0,0,2.0,6,2,2,1,0,0,1,3.00,.500
Alberto A Gonzalez S,NYY,0,0,0.00,1,0,0,0,0,0,0.1,0,0,0,0,0,0,0,0.00,.000
Josh J Harrison,PIT,0,0,0.00,1,0,0,0,0,0,0.1,0,0,0,0,0,0,0,0.00,.000
David D Holmberg,ARI,0,0,7.36,1,1,0,0,0,0,3.2,6,3,3,0,0,3,0,2.45,.375
Phil P Irwin,PIT,0,0,7.71,1,1,0,0,0,0,4.2,6,5,4,0,0,4,4,2.14,.316
Rob R Johnson,STL,0,0,0.00,1,0,0,0,0,0,0.1,0,0,0,0,0,0,1,0.00,.000
Logan L Kensing,COL,0,0,0.00,1,0,0,0,0,0,0.2,0,0,0,0,0,1,1,1.50,.000
Yunesky Y Maya,WSH,0,1,54.00,1,0,0,0,0,0,0.1,2,2,2,1,0,0,0,6.00,.667
John J Mc Donald S,PHI,0,0,0.00,1,0,0,0,0,0,0.1,2,0,0,0,0,0,1,6.00,.667
Jim J Miller,NYY,0,0,20.25,1,0,0,0,0,0,1.1,3,3,3,1,0,1,0,3.00,.500
David D Murphy L,TEX,0,0,0.00,1,0,0,0,0,0,1.0,1,0,0,0,0,0,1,1.00,.250
Sean S Nolin,TOR,0,1,40.50,1,1,0,0,0,0,1.1,7,6,6,1,0,1,0,6.00,.700
Ryan R Raburn L,CLE,0,0,0.00,1,0,0,0,0,0,1.0,0,0,0,0,0,0,1,0.00,.000
Anthony A Recker,NYM,0,0,18.00,1,0,0,0,0,0,1.0,1,2,2,1,0,1,0,2.00,.250
Enny E Romero,TB,0,0,0.00,1,1,0,0,0,0,4.2,1,0,0,0,0,4,0,1.07,.071
Matt M Shoemaker,LAA,0,0,0.00,1,1,0,0,0,0,5.0,2,0,0,0,0,2,5,0.80,.118
Eric E Surkamp,SF,0,1,23.63,1,1,0,0,0,0,2.2,9,7,7,2,2,0,0,3.38,.563
Everett E Teaford,KC,0,0,0.00,1,0,0,0,0,0,0.2,1,0,0,0,0,0,0,1.50,.333
Shawn S Tolleson,LAD,0,0,-.--,1,0,0,0,0,0,0.0,0,0,0,0,0,2,0,-.--,.000
Josh J Tomlin,CLE,0,0,0.00,1,0,0,0,0,0,2.0,2,0,0,0,0,0,0,1.00,.250
