PLAYER,TEAM,W,L,ERA,GS,CG,SHO,SV,SVO,IP,H,R,ER,HR,HB,BB,SO,WHIP,AVG
Kevin K Siegrist,STL,7,1,2.17,81,0,0,0,6,10,74.2,53,20,18,4,3,34,90,1.17,.198
Mark M Melancon,PIT,3,2,2.23,78,0,0,0,51,53,76.2,57,22,19,4,2,14,62,0.93,.207
Javier J López Lopez,SF,1,0,1.60,77,0,0,0,0,0,39.1,19,8,7,1,0,16,26,0.89,.145
Tony T Watson,PIT,4,1,1.91,77,0,0,0,1,3,75.1,55,17,16,3,4,17,62,0.96,.205
Jeurys J Familia,NYM,2,2,1.85,76,0,0,0,43,48,78.0,59,16,16,6,2,19,86,1.00,.207
Jared J Hughes,PIT,3,1,2.28,76,0,0,0,0,3,67.0,70,21,17,3,7,19,36,1.33,.282
Seth S Maness,STL,4,2,4.26,76,0,0,0,3,6,63.1,77,35,30,7,1,13,46,1.42,.307
Will W Smith,MIL,7,2,2.70,76,0,0,0,0,4,63.1,52,23,19,5,1,24,91,1.20,.220
Pedro P Strop,CHC,2,6,2.91,76,0,0,0,3,5,68.0,39,24,22,5,4,29,81,1.00,.167
Sam S Dyson,TEX,5,4,2.63,75,0,0,0,2,4,75.1,65,26,22,4,4,21,71,1.14,.233
Kevin K Jepsen,MIN,3,6,2.33,75,0,0,0,15,20,69.2,52,20,18,5,0,27,59,1.13,.206
Dellin D Betances,NYY,6,4,1.50,74,0,0,0,9,13,84.0,45,17,14,6,3,40,131,1.01,.157
Bryan B Shaw,CLE,3,3,2.95,74,0,0,0,2,6,64.0,59,24,21,8,1,19,54,1.22,.242
Justin J Wilson,NYY,5,0,3.10,74,0,0,0,0,2,61.0,49,21,21,3,2,20,66,1.13,.223
Luis L Avilán Avilan,LAD,2,5,4.05,73,0,0,0,0,3,53.1,48,24,24,6,1,15,49,1.18,.239
Arquimedes A Caminero,PIT,5,1,3.62,73,0,0,0,0,1,74.2,63,31,30,7,6,29,73,1.23,.224
George G Kontos,SF,4,4,2.33,73,0,0,0,0,2,73.1,57,20,19,9,0,12,44,0.94,.213
Shawn S Tolleson,TEX,6,4,2.99,73,0,0,0,35,37,72.1,66,25,24,9,2,17,76,1.15,.239
Mike M Dunn,MIA,2,5,4.50,72,0,0,0,0,3,54.0,46,27,27,6,2,29,65,1.39,.227
Luis L García Garcia,PHI,4,6,3.51,72,0,0,0,2,4,66.2,72,28,26,4,0,37,63,1.64,.275
Kelvin K Herrera,KC,4,3,2.71,72,0,0,0,0,7,69.2,52,23,21,5,2,26,64,1.12,.206
Jeremy J Jeffress,MIL,5,0,2.65,72,0,0,0,0,4,68.0,64,22,20,5,3,22,67,1.26,.249
Jim J Johnson,LAD,2,6,4.46,72,0,0,0,10,17,66.2,77,36,33,5,5,20,50,1.46,.296
Hector H Rondón Rondon,CHC,6,4,1.67,72,0,0,0,30,34,70.0,55,19,13,4,3,15,69,1.00,.212
Marc M Rzepczynski,SD,2,4,5.66,72,0,0,0,0,4,35.0,40,29,22,3,3,14,41,1.54,.292
Fernando F Salas,LAA,5,2,4.24,72,0,0,0,0,2,63.2,61,34,30,8,3,12,74,1.15,.249
Joakim J Soria,PIT,3,1,2.53,72,0,0,0,24,30,67.2,55,20,19,8,2,19,64,1.09,.222
Randy R Choate,STL,1,0,3.95,71,0,0,0,1,1,27.1,29,14,12,2,6,5,22,1.24,.279
Zach Z Duke,CWS,3,6,3.41,71,0,0,0,1,3,60.2,47,26,23,9,3,32,66,1.30,.218
A J Ramos,MIA,2,4,2.30,71,0,0,0,32,38,70.1,45,18,18,6,3,26,87,1.01,.184
Cody C Allen,CLE,2,5,2.99,70,0,0,0,34,38,69.1,56,26,23,2,2,25,99,1.17,.219
Steve S Geltz,TB,2,6,3.74,70,2,0,0,2,5,67.1,45,31,28,8,2,26,61,1.05,.189
Blaine B Hardy,DET,5,3,3.08,70,0,0,0,0,3,61.1,61,23,21,2,1,22,55,1.35,.260
Oliver O Pérez Perez,HOU,2,4,4.17,70,0,0,0,0,3,41.0,39,24,19,4,4,15,51,1.32,.239
Sergio S Romo,SF,0,5,2.98,70,0,0,0,2,4,57.1,51,20,19,3,1,10,71,1.06,.235
Carson C Smith,SEA,2,5,2.31,70,0,0,0,13,18,70.0,49,19,18,2,7,22,92,1.01,.194
Joe J Smith,LAA,5,5,3.58,70,0,0,0,5,9,65.1,64,26,26,4,2,19,57,1.27,.259
Brad B Boxberger,TB,4,10,3.71,69,0,0,0,41,47,63.0,54,29,26,9,2,32,74,1.37,.231
Tyler T Clippard,NYM,5,4,2.92,69,0,0,0,19,25,71.0,49,25,23,8,4,31,64,1.13,.186
Wade W Davis,KC,8,1,0.94,69,0,0,0,17,18,67.1,33,8,7,3,0,20,78,0.79,.144
Ken K Giles,PHI,6,3,1.80,69,0,0,0,15,20,70.0,59,23,14,2,1,25,87,1.20,.219
Burke B Badenhop,CIN,2,4,3.93,68,0,0,0,0,3,66.1,71,30,29,4,0,20,36,1.37,.273
Blaine B Boyer,MIN,3,6,2.49,68,0,0,0,1,3,65.0,62,24,18,5,0,19,33,1.25,.254
Neal N Cotts,MIN,1,0,3.41,68,0,0,0,0,0,63.1,58,26,24,12,4,22,58,1.26,.245
Christian C Friedrich,COL,0,4,5.25,68,0,0,0,0,0,58.1,75,37,34,5,1,25,45,1.71,.321
Will W Harris,HOU,5,5,1.90,68,0,0,0,2,6,71.0,42,18,15,8,1,22,68,0.90,.168
Keone K Kela,TEX,7,5,2.39,68,0,0,0,1,4,60.1,52,18,16,4,0,18,68,1.16,.232
Ryan R Madson,KC,1,2,2.13,68,0,0,0,3,6,63.1,47,17,15,5,2,14,58,0.96,.205
Darren D O' Day,BAL,6,2,1.52,68,0,0,0,6,11,65.1,47,13,11,5,5,14,82,0.93,.198
Roberto R Osuna,TOR,1,6,2.58,68,0,0,0,20,23,69.2,48,21,20,7,1,16,75,0.92,.191
Fernando F Rodney,CHC,7,5,4.74,68,0,0,0,16,23,62.2,59,36,33,9,8,29,58,1.40,.248
Trevor T Rosenthal,STL,2,4,2.10,68,0,0,0,48,51,68.2,62,16,16,3,1,25,83,1.27,.238
Al A Alburquerque,DET,4,1,4.21,67,0,0,0,0,1,62.0,63,29,29,4,1,33,58,1.55,.269
Joaquin J Benoit,SD,6,5,2.34,67,0,0,0,2,6,65.1,36,17,17,7,2,23,63,0.90,.159
Santiago S Casilla,SF,4,2,2.79,67,0,0,0,38,44,58.0,51,19,18,6,2,23,62,1.28,.236
Jake J Diekman,TEX,2,1,4.01,67,0,0,0,0,3,58.1,53,28,26,5,3,31,69,1.44,.235
J. J Hoover,CIN,8,2,2.94,67,0,0,0,1,7,64.1,44,24,21,7,2,31,52,1.17,.196
Franklin F Morales,KC,4,2,3.18,67,0,0,0,0,0,62.1,58,24,22,4,4,14,41,1.16,.246
Bryan B Morris,MIA,5,4,3.14,67,0,0,0,0,2,63.0,67,26,22,3,3,26,47,1.48,.275
Antonio A Bastardo,PIT,4,1,2.98,66,0,0,0,1,2,57.1,39,19,19,4,3,26,64,1.13,.188
Jonathan J Broxton,STL,4,5,4.62,66,0,0,0,0,3,60.1,61,32,31,7,0,22,63,1.38,.266
Xavier X Cedeño Cedeno,TB,4,1,2.35,66,0,0,0,1,3,46.0,40,13,12,4,2,14,47,1.17,.231
Andrew A Chafin,ARI,5,1,2.76,66,0,0,0,2,2,75.0,56,23,23,3,1,30,58,1.15,.207
Pat P Neshek,HOU,3,6,3.62,66,0,0,0,1,4,54.2,49,25,22,8,2,12,51,1.12,.240
Brad B Ziegler,ARI,0,3,1.85,66,0,0,0,30,32,68.0,48,17,14,3,1,17,36,0.96,.198
Aroldis A Chapman,CIN,4,4,1.63,65,0,0,0,33,36,66.1,43,13,12,3,5,33,116,1.15,.181
Jeanmar J Gómez Gomez,PHI,2,3,3.01,65,0,0,0,0,3,74.2,82,28,25,4,2,17,50,1.33,.278
J. P. J Howell,LAD,6,1,1.43,65,0,0,0,1,4,44.0,47,9,7,3,2,14,39,1.39,.272
Cesar C Ramos,LAA,2,1,2.75,65,0,0,0,0,2,52.1,55,17,16,2,3,15,43,1.34,.279
Jose J Álvarez Alvarez,LAA,4,3,3.49,64,0,0,0,0,1,67.0,58,29,26,5,5,23,59,1.21,.228
Zack Z Britton,BAL,4,1,1.92,64,0,0,0,36,40,65.2,51,16,14,3,1,14,79,0.99,.214
Randall R Delgado,ARI,8,4,3.25,64,1,0,0,1,3,72.0,63,28,26,7,1,33,73,1.33,.234
Luke L Gregerson,HOU,7,3,3.10,64,0,0,0,31,36,61.0,48,24,21,5,2,10,59,0.95,.213
Daniel D Hudson,ARI,4,3,3.86,64,1,0,0,4,6,67.2,64,34,29,7,0,25,71,1.32,.245
Tommy T Layne,BOS,2,1,3.97,64,0,0,0,1,2,47.2,41,22,21,3,2,27,45,1.43,.234
Scott S Oberg,COL,3,4,5.09,64,0,0,0,1,3,58.1,58,35,33,10,6,31,44,1.53,.266
Alexi A Ogando,BOS,3,1,3.99,64,0,0,0,0,5,65.1,59,29,29,12,3,28,53,1.33,.242
Brett B Cecil,TOR,5,5,2.48,63,0,0,0,5,8,54.1,39,17,15,4,2,13,70,0.96,.197
Brandon B Gomes,TB,2,6,4.27,63,0,0,0,1,3,59.0,55,28,28,10,3,15,44,1.19,.248
Fernando F Abad,OAK,2,2,4.15,62,0,0,0,0,3,47.2,45,23,22,11,1,19,45,1.34,.251
Brad B Brach,BAL,5,3,2.72,62,0,0,0,1,2,79.1,57,25,24,7,0,38,89,1.20,.203
Casey C Fien,MIN,4,6,3.55,62,0,0,0,0,4,63.1,61,26,25,6,0,8,41,1.09,.250
Justin J Grimm,CHC,3,5,1.99,62,0,0,0,3,6,49.2,31,18,11,4,1,26,67,1.15,.178
Jake J Petricka,CWS,4,3,3.63,62,0,0,0,2,3,52.0,56,21,21,2,1,18,33,1.42,.284
Huston H Street,LAA,3,3,3.18,62,0,0,0,40,45,62.1,52,22,22,7,0,20,57,1.16,.226
Justin J De Fratus,PHI,0,2,5.51,61,0,0,0,0,1,80.0,92,52,49,9,5,32,68,1.55,.291
Jumbo J Diaz,CIN,2,1,4.18,61,0,0,0,1,5,60.1,58,29,28,9,3,18,70,1.26,.253
Craig C Kimbrel,SD,4,2,2.58,61,0,0,0,39,43,59.1,40,19,17,6,1,22,87,1.04,.185
Zach Z Mc Allister,CLE,4,4,3.00,61,1,0,0,1,2,69.0,70,28,23,7,3,23,84,1.35,.258
Junichi J Tazawa,BOS,2,7,4.14,61,0,0,0,3,10,58.2,65,28,27,5,1,13,56,1.33,.280
John J Axford,COL,4,5,4.20,60,0,0,0,25,31,55.2,56,27,26,4,0,32,62,1.58,.259
Boone B Logan,COL,0,3,4.33,60,0,0,0,0,4,35.1,40,17,17,3,5,17,44,1.61,.280
Aaron A Loup,TOR,2,5,4.46,60,0,0,0,0,4,42.1,47,24,21,6,6,7,46,1.28,.275
Andrew A Miller,NYY,3,2,2.04,60,0,0,0,36,38,61.2,33,16,14,5,5,20,100,0.86,.151
Glen G Perkins,MIN,3,5,3.32,60,0,0,0,32,35,57.0,58,21,21,9,0,10,54,1.19,.256
Chad C Qualls,HOU,3,5,4.38,60,0,0,0,4,6,49.1,46,24,24,6,2,9,46,1.11,.247
David D Robertson,CWS,6,5,3.41,60,0,0,0,34,41,63.1,46,27,24,7,1,13,86,0.93,.196
Francisco F Rodríguez Rodriguez,MIL,1,3,2.21,60,0,0,0,38,40,57.0,38,15,14,6,0,11,62,0.86,.189
Tony T Sipp,HOU,3,4,1.99,60,0,0,0,0,3,54.1,41,13,12,5,1,15,62,1.03,.208
Matt M Thornton,WSH,2,1,2.18,60,0,0,0,0,1,41.1,33,12,10,2,1,11,23,1.06,.212
Blake B Treinen,WSH,2,5,3.86,60,0,0,0,0,3,67.2,62,32,29,4,2,32,65,1.39,.254
Steve S Cishek,STL,2,6,3.58,59,0,0,0,4,9,55.1,55,26,22,4,1,27,48,1.48,.259
Yimi Y García Garcia,LAD,3,5,3.34,59,1,0,0,1,6,56.2,44,23,21,8,2,10,68,0.95,.209
Jean J Machi,BOS,2,0,5.12,59,0,0,0,4,4,58.0,59,35,33,8,1,22,42,1.40,.258
Jonathan J Papelbon,WSH,4,3,2.13,59,0,0,0,24,26,63.1,53,22,15,7,7,12,56,1.03,.225
Chasen C Shreve,NYY,6,2,3.09,59,0,0,0,0,1,58.1,49,21,20,10,1,33,64,1.41,.228
Carlos C Torres,NYM,5,6,4.68,59,0,0,0,0,1,57.2,61,32,30,5,0,18,48,1.37,.276
Alex A Wilson,DET,3,3,2.19,59,1,0,0,2,4,70.0,61,19,17,5,2,11,38,1.03,.238
Liam L Hendriks,TOR,5,0,2.92,58,0,0,0,0,2,64.2,59,23,21,3,2,11,71,1.08,.240
Tommy T Hunter,CHC,4,2,4.18,58,0,0,0,1,2,60.1,61,29,28,7,1,14,47,1.24,.265
Ryan R Mattheus,CIN,2,4,4.02,58,0,0,0,0,1,56.0,67,31,25,3,2,18,37,1.52,.296
Brian B Matusz,BAL,1,4,2.94,58,0,0,0,0,2,49.0,38,18,16,5,3,20,56,1.18,.211
Drew D Storen,WSH,2,2,3.44,58,0,0,0,29,34,55.0,45,23,21,4,5,16,67,1.11,.220
Mark M Lowe,TOR,1,3,1.96,57,0,0,0,1,5,55.0,46,15,12,4,1,12,61,1.05,.231
Jason J Motte,CHC,8,1,3.91,57,0,0,0,6,7,48.1,48,21,21,4,2,11,34,1.22,.255
Kevin K Quackenbush,SD,3,2,4.01,57,0,0,0,0,1,58.1,52,28,26,6,1,20,58,1.23,.240
Hansel H Robles,NYM,4,3,3.67,57,0,0,0,0,4,54.0,37,27,22,8,2,18,61,1.02,.190
Fernando F Rodriguez Jr.,OAK,4,2,3.84,56,0,0,0,0,2,58.2,43,27,25,4,1,24,65,1.14,.200
Brian B Duensing,MIN,4,1,4.25,55,0,0,0,1,2,48.2,46,24,23,5,4,21,24,1.38,.254
Addison A Reed,NYM,3,3,3.38,55,0,0,0,4,8,56.0,58,21,21,3,0,19,51,1.38,.262
Hunter H Strickland,SF,3,3,2.45,55,0,0,0,0,2,51.1,34,14,14,4,2,10,50,0.86,.190
Josh J Fields,HOU,4,1,3.55,54,0,0,0,0,2,50.2,39,20,20,2,1,19,67,1.14,.210
Sam S Freeman,TEX,0,0,3.05,54,0,0,0,0,0,38.1,31,13,13,4,3,25,40,1.46,.218
Kenley K Jansen,LAD,2,1,2.41,54,0,0,0,36,38,52.1,33,14,14,6,2,8,80,0.78,.176
Robbie R Ross,BOS,0,2,3.86,54,0,0,0,6,8,60.2,59,28,26,7,3,20,53,1.30,.254
Evan E Scribner,OAK,2,2,4.35,54,0,0,0,0,4,60.0,58,31,29,14,2,4,64,1.03,.251
Travis T Wood,CHC,5,4,3.84,54,9,0,0,4,4,100.2,86,48,43,11,1,39,118,1.24,.229
Joe J Beimel,SEA,2,1,3.99,53,0,0,0,1,3,47.1,49,25,21,8,1,16,22,1.37,.283
Dan D Jennings,CWS,2,3,3.99,53,0,0,0,0,0,56.1,55,28,25,3,0,24,46,1.40,.256
Shawn S Kelley,SD,2,2,2.45,53,0,0,0,0,0,51.1,41,18,14,4,0,15,63,1.09,.220
Brandon B Maurer,SD,7,4,3.00,53,0,0,0,0,1,51.0,39,19,17,3,1,15,39,1.06,.209
Juan J Nicasio,LAD,1,3,3.86,53,1,0,0,1,3,58.1,59,25,25,1,1,32,65,1.56,.263
Drew D Pomeranz,OAK,5,6,3.66,53,9,0,0,3,6,86.0,71,44,35,8,3,31,82,1.19,.226
Tom T Wilhelmsen,SEA,2,2,3.19,53,0,0,0,13,15,62.0,56,24,22,3,2,29,60,1.37,.246
Jeremy J Affeldt,SF,2,2,5.86,52,0,0,0,0,0,35.1,43,24,23,6,2,14,21,1.61,.293
Pedro P Báez Baez,LAD,4,2,3.35,52,0,0,0,0,3,51.0,47,22,19,4,1,11,60,1.14,.247
Sean S Gilmartin,NYM,3,2,2.67,50,1,0,0,0,1,57.1,50,17,17,2,2,18,54,1.19,.236
Chris C Hatcher,LAD,3,5,3.69,49,0,0,0,4,6,39.0,35,19,16,4,3,13,45,1.23,.238
Luke L Hochevar,KC,1,1,3.73,49,0,0,0,1,2,50.2,49,23,21,7,1,16,49,1.28,.250
Edward E Mujica,OAK,3,5,4.75,49,0,0,0,1,5,47.1,52,28,25,10,1,7,30,1.25,.284
Zach Z Putnam,CWS,3,3,4.07,49,0,0,0,0,3,48.2,42,24,22,7,4,24,64,1.36,.239
James J Russell,CHC,0,2,5.29,49,0,0,0,1,3,34.0,42,24,20,3,0,9,20,1.50,.307
Felipe F Vázquez Vazquez,WSH,2,1,2.79,49,0,0,0,2,3,48.1,35,15,15,2,1,11,43,0.95,.199
Neftali N Feliz,DET,3,4,6.38,48,0,0,0,10,17,48.0,57,34,34,5,1,18,39,1.56,.298
Tom T Gorzelanny,DET,2,2,5.95,48,0,0,0,0,0,39.1,45,28,26,4,2,23,36,1.73,.292
Trevor T Gott,LAA,4,2,3.02,48,0,0,0,0,4,47.2,43,18,16,2,3,16,27,1.24,.242
Greg G Holland,KC,3,2,3.83,48,0,0,0,32,37,44.2,39,20,19,2,0,26,49,1.46,.239
Casey C Janssen,WSH,2,5,4.95,48,0,0,0,0,3,40.0,38,22,22,5,1,8,27,1.15,.248
Corey C Knebel,MIL,0,0,3.22,48,0,0,0,0,1,50.1,44,18,18,8,2,17,58,1.21,.232
Trevor T May,MIN,8,9,4.00,48,16,0,0,0,2,114.2,127,53,51,11,4,26,110,1.33,.279
Edwin E Jackson,ATL,4,3,3.07,47,0,0,0,1,2,55.2,44,25,19,4,1,21,40,1.17,.218
Mike M Morin,LAA,4,2,6.37,47,0,0,0,1,1,35.1,36,28,25,3,2,9,41,1.27,.265
Rafael R Betancourt,COL,2,4,6.18,45,0,0,0,1,4,39.1,43,29,27,4,0,12,40,1.40,.267
Michael M Blazek,MIL,5,3,2.43,45,0,0,0,0,0,55.2,40,17,15,3,1,18,47,1.04,.200
Craig C Breslow,BOS,0,4,4.15,45,2,0,0,1,4,65.0,69,33,30,12,2,23,46,1.42,.279
Josh J Collmenter,ARI,4,6,3.79,44,12,1,1,1,1,121.0,129,53,51,18,1,24,63,1.26,.277
Alex A Colomé Colome,TB,8,5,3.94,43,13,0,0,0,5,109.2,112,50,48,9,4,31,88,1.30,.271
Danny D Farquhar,SEA,1,8,5.12,43,0,0,0,1,3,51.0,53,33,29,9,1,17,48,1.37,.266
Joe J Thatcher,HOU,1,3,3.18,43,0,0,0,0,0,22.2,23,8,8,1,0,12,26,1.54,.274
Koji K Uehara,BOS,2,4,2.23,43,0,0,0,25,27,40.1,28,14,10,3,0,9,47,0.92,.188
Adam A Warren,NYY,7,7,3.29,43,17,0,0,1,1,131.1,114,51,48,10,7,39,104,1.16,.236
La Troy L Hawkins,TOR,3,1,3.26,42,0,0,0,3,5,38.2,44,16,14,4,0,7,34,1.32,.286
Yusmeiro Y Petit,SF,1,1,3.67,42,1,0,0,1,1,76.0,75,32,31,11,1,15,59,1.18,.256
Tanner T Scheppers,TEX,4,1,5.63,42,0,0,0,0,3,38.1,37,25,24,6,2,23,32,1.57,.250
Ross R Detwiler,ATL,1,5,7.25,41,7,0,0,0,2,58.1,82,51,47,10,6,36,41,2.02,.340
Eric E O' Flaherty,NYM,1,2,8.10,41,0,0,0,0,1,30.0,47,30,27,2,2,18,21,2.17,.343
Dan D Otero,OAK,2,4,6.75,41,0,0,0,0,1,46.2,64,35,35,7,2,6,28,1.50,.333
Aaron A Sanchez,TOR,7,6,3.22,41,11,0,0,0,1,92.1,74,35,33,9,3,44,61,1.28,.224
Aaron A Thompson,MIN,1,3,5.01,41,0,0,0,0,1,32.1,32,19,18,2,0,11,17,1.33,.264
Elvis E Araujo,PHI,2,1,3.38,40,0,0,0,0,0,34.2,29,17,13,1,0,19,34,1.38,.225
Aaron A Barrett,WSH,3,3,4.60,40,0,0,0,0,3,29.1,28,15,15,1,3,7,35,1.19,.248
Frank F Garces,SD,0,1,5.21,40,1,0,0,0,0,38.0,41,23,22,9,1,22,30,1.66,.281
David D Hernandez,ARI,1,5,4.28,40,0,0,0,0,0,33.2,33,18,16,6,3,11,33,1.31,.256
Manny M Parra,CIN,1,2,3.90,40,0,0,0,0,1,32.1,32,15,14,2,0,6,23,1.18,.264
Tanner T Roark,WSH,4,7,4.38,40,12,0,0,1,2,111.0,119,55,54,17,5,26,70,1.31,.279
Ryan R Webb,CLE,1,0,3.20,40,0,0,0,0,0,50.2,46,21,18,4,2,12,31,1.14,.245
Brandon B Cunniff,ATL,2,2,4.63,39,0,0,0,0,2,35.0,27,20,18,4,0,22,37,1.40,.213
J. R. J Graham,MIN,1,1,4.95,39,1,0,0,0,1,63.2,73,41,35,10,4,21,53,1.48,.287
Adam A Liberatore,LAD,2,2,4.25,39,0,0,0,0,1,29.2,26,14,14,3,0,9,29,1.18,.232
Jake J Mc Gee,TB,1,2,2.41,39,0,0,0,6,10,37.1,27,11,10,3,1,8,48,0.94,.197
Alex A Torres,NYM,0,0,3.15,39,0,0,0,1,2,34.1,26,16,12,6,1,26,35,1.51,.206
Brad B Hand,MIA,4,7,5.30,38,12,0,0,0,0,93.1,107,55,55,9,3,32,67,1.49,.292
Bud B Norris,SD,3,11,6.72,38,11,0,0,0,2,83.0,100,68,62,15,4,31,71,1.58,.297
Dale D Thayer,SD,2,2,4.06,38,0,0,0,0,1,37.2,37,17,17,5,0,15,25,1.38,.262
Kyle K Lohse,MIL,5,13,5.85,37,22,0,0,2,2,152.1,180,99,99,29,4,43,108,1.46,.297
Joe J Blanton,PIT,7,2,2.84,36,4,0,0,2,2,76.0,69,26,24,7,1,16,79,1.12,.240
Brooks B Brown,COL,1,3,4.91,36,0,0,0,0,3,33.0,32,18,18,2,1,16,20,1.45,.254
Joba J Chamberlain,KC,0,2,4.88,36,0,0,0,0,2,27.2,38,20,15,6,1,9,23,1.70,.325
Jason J Grilli,ATL,3,4,2.94,36,0,0,0,24,26,33.2,28,13,11,2,0,10,45,1.13,.217
Nick N Hagadone,CLE,0,1,4.28,36,0,0,0,0,0,27.1,30,16,13,3,0,12,28,1.54,.273
Tommy T Kahnle,COL,0,1,4.86,36,0,0,0,2,3,33.1,31,22,18,3,0,28,39,1.77,.250
Chaz C Roe,BAL,4,2,4.14,36,0,0,0,0,1,41.1,44,19,19,4,1,17,38,1.48,.280
Arodys A Vizcaíno Vizcaino,ATL,3,1,1.60,36,0,0,0,9,10,33.2,27,7,6,1,0,13,37,1.19,.218
Tony T Cingrani,CIN,0,3,5.67,35,1,0,0,0,2,33.1,31,21,21,3,3,25,39,1.68,.250
Gonzalez G Germen,COL,0,0,4.42,35,1,0,0,1,3,38.2,41,19,19,4,0,26,33,1.73,.275
Erik E Goeddel,NYM,1,1,2.43,35,0,0,0,0,0,33.1,24,9,9,1,2,9,34,0.99,.203
Vidal V Nuño Nuno,SEA,1,5,3.74,35,10,0,0,0,0,89.0,90,38,37,15,5,22,81,1.26,.264
Josh J Osich,SF,2,0,2.20,35,0,0,0,0,2,28.2,24,12,7,4,0,8,27,1.12,.218
Bruce B Rondón Rondon,DET,1,0,5.81,35,0,0,0,5,9,31.0,31,22,20,3,2,19,36,1.61,.261
Carlos C Villanueva,STL,4,3,2.95,35,0,0,0,2,2,61.0,50,21,20,6,2,21,55,1.16,.223
Chris C Archer,TB,12,13,3.23,34,34,1,1,0,0,212.0,175,85,76,19,3,66,252,1.14,.220
Cam C Bedrosian,LAA,1,0,5.40,34,0,0,0,0,0,33.1,40,21,20,3,2,19,34,1.77,.303
Matt M Belisle,STL,1,1,2.67,34,0,0,0,0,1,33.2,34,10,10,1,3,15,25,1.46,.266
Odrisamer O Despaigne,SD,5,9,5.80,34,18,0,0,0,0,125.2,142,82,81,17,9,32,69,1.38,.287
Marco M Estrada,TOR,13,8,3.13,34,28,0,0,0,0,181.0,134,67,63,24,5,55,131,1.04,.203
Justin J Miller,COL,3,3,4.05,34,0,0,0,1,2,33.1,21,15,15,2,0,11,38,0.96,.178
Erasmo E Ramírez Ramirez,TB,11,6,3.75,34,27,0,0,0,0,163.1,145,73,68,16,9,40,126,1.13,.236
Edinson E Vólquez Volquez,KC,13,9,3.55,34,33,1,0,0,0,200.1,190,89,79,16,8,72,155,1.31,.251
Chris C Young,KC,11,6,3.06,34,18,0,0,0,1,123.1,91,44,42,16,0,43,83,1.09,.202
David D Aardsma,ATL,1,1,4.70,33,0,0,0,0,3,30.2,25,17,16,6,1,14,35,1.27,.223
Jake J Arrieta,CHC,22,6,1.77,33,33,4,3,0,0,229.0,150,52,45,10,6,48,236,0.86,.185
Anthony A Bass,TEX,0,0,4.50,33,0,0,0,0,1,64.0,66,33,32,5,1,20,45,1.34,.269
Bartolo B Colon,NYM,14,13,4.16,33,31,1,1,0,0,194.2,217,94,90,25,4,24,136,1.24,.281
R. A. R Dickey,TOR,11,11,3.91,33,33,2,0,0,0,214.1,195,97,93,25,11,61,126,1.19,.244
Charlie C Furbush,SEA,1,1,2.08,33,0,0,0,0,0,21.2,9,6,5,2,2,5,17,0.65,.122
Yovani Y Gallardo,TEX,13,11,3.42,33,33,0,0,0,0,184.1,193,76,70,15,1,68,121,1.42,.268
Clayton C Kershaw,LAD,16,7,2.13,33,33,4,3,0,0,232.2,163,62,55,15,5,42,301,0.88,.194
Dallas D Keuchel,HOU,20,8,2.48,33,33,3,2,0,0,232.0,185,68,64,17,2,51,216,1.02,.217
Ian I Krol,DET,2,3,5.79,33,0,0,0,0,1,28.0,31,19,18,4,2,17,26,1.71,.287
John J Lackey,STL,13,10,2.77,33,33,1,0,0,0,218.0,211,71,67,21,4,53,175,1.21,.256
Colby C Lewis,TEX,17,9,4.66,33,33,2,1,0,0,204.2,211,114,106,26,11,42,142,1.24,.266
Shelby S Miller,ATL,6,17,3.02,33,33,2,2,0,0,205.1,183,82,69,13,6,73,171,1.25,.238
Jonathon J Niese,NYM,9,10,4.13,33,29,0,0,0,0,176.2,192,93,81,20,9,55,113,1.40,.280
Joel J Peralta,LAD,3,1,4.34,33,0,0,0,3,3,29.0,28,14,14,6,0,8,24,1.24,.248
Tyson T Ross,SD,10,12,3.26,33,33,1,0,0,0,196.0,172,78,71,9,8,84,212,1.31,.237
Zac Z Rosscup,CHC,2,1,4.39,33,0,0,0,0,2,26.2,26,13,13,5,0,13,29,1.46,.252
Hector H Santiago,LAA,9,9,3.59,33,32,0,0,0,0,180.2,156,80,72,29,10,71,162,1.26,.227
Max M Scherzer,WSH,14,12,2.79,33,33,4,3,0,0,228.2,176,74,71,27,5,34,276,0.92,.208
James J Shields,SD,13,7,3.91,33,33,0,0,0,0,202.1,189,93,88,33,9,81,216,1.33,.248
Julio J Teheran,ATL,11,8,4.04,33,33,0,0,0,0,200.2,189,99,90,27,9,73,171,1.31,.253
Ryan R Vogelsong,SF,9,11,4.67,33,22,0,0,0,1,135.0,140,76,70,17,3,58,108,1.47,.265
Jerome J Williams,PHI,4,12,5.80,33,21,0,0,1,2,121.0,161,83,78,22,5,34,74,1.61,.317
Jordan J Zimmermann,WSH,13,10,3.66,33,33,0,0,0,0,201.2,204,89,82,24,8,39,164,1.20,.264
Matt M Barnes,BOS,3,4,5.44,32,2,0,0,0,0,43.0,56,28,26,9,2,15,39,1.65,.311
Mark M Buehrle,TOR,15,8,3.81,32,32,4,1,0,0,198.2,214,100,84,22,7,33,91,1.24,.279
Madison M Bumgarner,SF,18,9,2.93,32,32,4,2,0,0,218.1,181,73,71,21,7,39,234,1.01,.222
Gerrit G Cole,PIT,19,8,2.60,32,32,0,0,0,0,208.0,183,71,60,11,10,44,202,1.09,.239
Johnny J Cueto,KC,11,13,3.44,32,32,2,2,0,0,212.0,194,87,81,21,8,46,176,1.13,.242
Rubby R De La Rosa,ARI,14,9,4.67,32,32,0,0,0,0,188.2,193,103,98,32,4,63,150,1.36,.265
Jason J Frasor,ATL,1,0,1.29,32,0,0,0,0,1,28.0,27,5,4,1,0,18,22,1.61,.260
Kyle K Gibson,MIN,11,11,3.84,32,32,1,0,0,0,194.2,186,88,83,18,7,65,145,1.29,.252
Zack Z Greinke,LAD,19,3,1.66,32,32,1,0,0,0,222.2,148,43,41,14,5,40,200,0.84,.187
Cole C Hamels,TEX,13,8,3.65,32,32,2,1,0,0,212.1,190,88,86,22,10,62,215,1.19,.238
J. A. J Happ,PIT,11,8,3.61,32,31,0,0,0,0,172.0,173,71,69,16,2,45,151,1.27,.259
Dan D Haren,CHC,11,9,3.60,32,32,0,0,0,0,187.1,174,79,75,31,8,38,132,1.13,.245
Kyle K Hendricks,CHC,8,7,3.95,32,32,1,1,0,0,180.0,166,82,79,17,8,43,167,1.16,.244
Ubaldo U Jiménez Jimenez,BAL,12,10,4.11,32,32,0,0,0,0,184.0,182,89,84,20,11,68,168,1.36,.257
Corey C Kluber,CLE,9,16,3.49,32,32,4,0,0,0,222.0,189,92,86,22,11,45,245,1.05,.231
Tom T Koehler,MIA,11,14,4.08,32,31,0,0,0,0,187.1,180,96,85,22,6,77,137,1.37,.255
Jon J Lester,CHC,11,12,3.34,32,32,1,0,0,0,205.0,183,83,76,16,7,47,207,1.12,.240
Jeff J Manship,CLE,1,0,0.92,32,0,0,0,0,0,39.1,20,4,4,1,1,10,33,0.76,.155
Collin C Mc Hugh,HOU,19,7,3.89,32,32,0,0,0,0,203.2,207,89,88,19,9,53,171,1.28,.263
Wade W Miley,BOS,11,11,4.46,32,32,1,0,0,0,193.2,201,98,96,17,4,64,147,1.37,.265
Hector H Neris,PHI,2,2,3.79,32,0,0,0,0,0,40.1,38,19,17,8,4,10,41,1.19,.245
David D Price,TOR,18,5,2.45,32,32,3,1,0,0,220.1,190,70,60,17,3,47,225,1.08,.230
Jose J Quintana,CWS,9,10,3.36,32,32,1,1,0,0,206.1,218,81,77,16,8,44,177,1.27,.272
Garrett G Richards,LAA,15,12,3.65,32,32,1,1,0,0,207.1,181,94,84,20,5,76,176,1.24,.236
Jeff J Samardzija,CWS,11,13,4.96,32,32,2,2,0,0,214.0,228,122,118,29,12,49,163,1.29,.273
Ryan R Tepera,TOR,0,2,3.27,32,0,0,0,1,1,33.0,23,14,12,8,3,6,22,0.88,.193
Alex A Wood,LAD,12,12,3.84,32,32,0,0,0,0,189.2,198,86,81,15,4,59,139,1.36,.275
Brett B Anderson,LAD,10,9,3.69,31,31,1,0,0,0,180.1,194,82,74,18,2,46,116,1.33,.278
Trevor T Bauer,CLE,11,12,4.55,31,30,1,0,0,0,176.0,152,90,89,23,5,79,170,1.31,.232
Andrew A Cashner,SD,6,16,4.34,31,31,0,0,0,0,184.2,200,111,89,19,6,66,165,1.44,.279
Wei- Yin W Chen,BAL,11,8,3.34,31,31,0,0,0,0,191.1,192,78,71,28,5,41,153,1.22,.262
Kyle K Crockett,CLE,0,0,4.08,31,0,0,0,0,0,17.2,17,9,8,1,1,7,15,1.36,.266
Anthony A De Sclafani,CIN,9,13,4.05,31,31,0,0,0,0,184.2,194,93,83,17,5,55,151,1.35,.273
Steve S Delabar,TOR,2,0,5.22,31,0,0,0,1,4,29.1,28,19,17,5,1,14,30,1.43,.250
Mike M Fiers,HOU,7,10,3.69,31,30,1,1,0,0,180.1,162,83,74,24,6,64,180,1.25,.238
Gio G Gonzalez,WSH,11,8,3.79,31,31,0,0,0,0,175.2,181,79,74,8,4,69,169,1.42,.269
Sonny S Gray,OAK,14,7,2.73,31,31,3,2,0,0,208.0,166,71,63,17,2,59,169,1.08,.217
Jason J Hammel,CHC,10,7,3.74,31,31,0,0,0,0,170.2,158,79,71,23,6,40,172,1.16,.242
Felix F Hernández Hernandez,SEA,18,9,3.53,31,31,2,2,0,0,201.2,180,80,79,23,9,58,191,1.18,.240
Chris C Heston,SF,12,11,3.95,31,31,2,1,0,0,177.2,169,82,78,16,13,64,141,1.31,.253
Scott S Kazmir,HOU,7,11,3.10,31,31,0,0,0,0,183.0,162,77,63,20,9,59,155,1.21,.237
Francisco F Liriano,PIT,12,7,3.38,31,31,0,0,0,0,186.2,155,75,70,15,5,70,205,1.21,.223
Lance L Lynn,STL,12,11,3.03,31,31,0,0,0,0,175.1,172,66,59,13,5,68,167,1.37,.258
Matt M Marksberry,ATL,0,3,5.01,31,0,0,0,0,3,23.1,22,16,13,2,1,16,21,1.63,.247
Carlos C Martínez Martinez,STL,14,7,3.01,31,29,0,0,0,0,179.2,168,65,60,13,8,63,184,1.29,.250
Chris C Sale,CWS,13,11,3.41,31,31,1,0,0,0,208.2,185,88,79,23,13,42,274,1.09,.233
Bo B Schultz,TOR,0,1,3.56,31,0,0,0,1,3,43.0,32,19,17,7,1,14,31,1.07,.205
Alfredo A Simon,DET,13,12,5.05,31,31,2,1,0,0,187.0,201,112,105,24,8,68,117,1.44,.276
Chris C Tillman,BAL,11,11,4.99,31,31,0,0,0,0,173.0,176,97,96,20,5,64,120,1.39,.267
Matt M Albers,CWS,2,0,1.21,30,0,0,0,0,0,37.1,31,6,5,3,1,9,28,1.07,.228
Christian C Bergman,COL,3,1,4.74,30,4,0,0,0,0,68.1,82,36,36,8,0,15,37,1.42,.306
Enrique E Burgos,ARI,2,2,4.67,30,0,0,0,2,4,27.0,27,15,14,2,0,15,39,1.56,.257
Carter C Capps,MIA,1,0,1.16,30,0,0,0,0,2,31.0,18,5,4,2,2,7,58,0.81,.168
David D Carpenter,WSH,0,1,4.01,30,0,0,0,0,2,24.2,25,12,11,4,1,9,15,1.38,.269
Carlos C Carrasco,CLE,14,12,3.63,30,30,3,1,0,0,183.2,154,75,74,18,5,43,216,1.07,.228
Jesse J Chavez,OAK,7,15,4.18,30,26,0,0,1,1,157.0,164,78,73,18,2,48,136,1.35,.268
John J Danks,CWS,7,15,4.71,30,30,2,1,0,0,177.2,195,104,93,24,3,56,124,1.41,.281
Danny D Duffy,KC,7,8,4.08,30,24,0,0,1,1,136.2,137,64,62,15,9,53,102,1.39,.264
Jeremy J Guthrie,KC,8,8,5.95,30,24,0,0,0,0,148.1,186,101,98,29,9,44,84,1.55,.310
Drew D Hutchison,TOR,13,5,5.57,30,28,1,1,0,0,150.1,179,103,93,22,11,44,129,1.48,.297
Ian I Kennedy,SD,9,15,4.28,30,30,0,0,0,0,168.1,166,95,80,31,7,52,174,1.30,.258
Mike M Leake,SF,11,10,3.70,30,30,2,1,0,0,192.0,174,80,79,22,3,49,119,1.16,.243
Jeff J Locke,PIT,8,11,4.49,30,30,0,0,0,0,168.1,179,95,84,15,7,60,129,1.42,.274
T. J. T Mc Farland,BAL,2,2,4.91,30,0,0,0,0,0,40.1,52,26,22,4,0,18,26,1.74,.306
Jimmy J Nelson,MIL,11,13,4.11,30,30,0,0,0,0,177.1,163,89,81,18,13,65,148,1.29,.246
Bobby B Parnell,NYM,2,4,6.38,30,0,0,0,1,3,24.0,30,20,17,0,0,17,13,1.96,.323
Mike M Pelfrey,MIN,6,11,4.26,30,30,0,0,0,0,164.2,198,86,78,11,12,45,86,1.48,.304
Danny D Salazar,CLE,14,10,3.45,30,30,0,0,0,0,185.0,156,79,71,23,7,53,195,1.13,.226
Michael M Wacha,STL,17,7,3.38,30,30,0,0,0,0,181.1,162,74,68,19,6,58,153,1.21,.236
Jacob Jde Gromde Grom,NYM,14,8,2.54,30,30,0,0,0,0,191.0,149,59,54,16,2,38,205,0.98,.215
Aaron A Harang,PHI,6,15,4.86,29,29,0,0,0,0,172.1,189,100,93,26,6,51,108,1.39,.278
Matt M Harvey,NYM,13,8,2.71,29,29,0,0,0,0,189.1,156,62,57,18,5,37,188,1.02,.222
C Sabathia,NYY,6,10,4.73,29,29,1,0,0,0,167.1,188,92,88,28,6,50,137,1.42,.285
Pedro P Villarreal,CIN,1,3,3.42,29,0,0,0,0,0,50.0,57,24,19,6,3,12,29,1.38,.294
Taijuan T Walker,SEA,11,8,4.56,29,29,1,0,0,0,169.2,163,92,86,25,9,40,157,1.20,.252
Austin A Adams,CLE,2,0,3.78,28,0,0,0,1,1,33.1,37,15,14,2,0,13,23,1.50,.276
Nick N Masset,ATL,2,2,4.68,28,0,0,0,0,0,25.0,30,15,13,3,2,9,18,1.56,.300
Ryan R O' Rourke,MIN,0,0,6.14,28,0,0,0,0,0,22.0,16,15,15,3,0,15,24,1.41,.200
Jake J Odorizzi,TB,9,9,3.35,28,28,0,0,0,0,169.1,149,65,63,18,3,46,150,1.15,.231
Rick R Porcello,BOS,9,15,4.92,28,28,0,0,0,0,172.0,196,103,94,25,10,38,149,1.36,.287
Rob R Scahill,PIT,2,4,2.64,28,0,0,0,0,0,30.2,33,15,9,3,1,16,24,1.60,.268
Miguel M Socolovich,STL,4,1,1.82,28,0,0,0,0,0,29.2,25,7,6,1,0,10,27,1.18,.221
Yordano Y Ventura,KC,13,8,4.08,28,28,0,0,0,0,163.1,154,75,74,14,9,58,156,1.30,.248
Chase C Anderson,ARI,6,6,4.30,27,27,0,0,0,0,152.2,158,75,73,18,7,40,111,1.30,.272
Nathan N Eovaldi,NYY,14,3,4.20,27,27,0,0,0,0,154.1,175,72,72,10,3,49,121,1.45,.285
Jeremy J Hellickson,ARI,9,12,4.62,27,27,0,0,0,0,146.0,151,79,75,22,6,43,121,1.33,.264
Phil P Hughes,MIN,11,9,4.40,27,25,1,0,0,0,155.1,184,76,76,29,2,16,94,1.29,.293
Nate N Karns,TB,7,5,3.67,27,26,0,0,0,0,147.0,132,62,60,19,5,56,145,1.28,.239
Kyle K Kendrick,COL,7,13,6.32,27,27,0,0,0,0,142.1,172,102,100,33,7,45,80,1.52,.302
Michael M Lorenzen,CIN,4,9,5.40,27,21,0,0,0,0,113.1,131,70,68,18,6,57,83,1.66,.292
Andrew A Mc Kirahan,ATL,1,0,5.93,27,0,0,0,0,1,27.1,40,18,18,2,2,10,22,1.83,.345
Spencer S Patton,TEX,1,1,9.00,27,0,0,0,0,0,24.0,24,24,24,5,4,12,28,1.50,.261
Michael M Pineda,NYY,12,10,4.37,27,27,1,0,0,0,160.2,176,83,78,21,3,21,156,1.23,.278
Ryan R Pressly,MIN,3,2,2.93,27,0,0,0,0,0,27.2,27,9,9,0,0,12,22,1.41,.257
Daniel D Webb,CWS,1,0,6.30,27,0,0,0,0,1,30.0,41,26,21,3,1,22,22,2.10,.325
A. J. A Burnett,PIT,9,7,3.18,26,26,0,0,0,0,164.0,174,64,58,11,11,49,143,1.36,.275
Trevor T Cahill,CHC,1,3,5.40,26,3,0,0,0,0,43.1,44,27,26,4,2,16,36,1.38,.267
Jorge J De La Rosa,COL,9,7,4.17,26,26,1,0,0,0,149.0,137,73,69,17,3,65,134,1.36,.247
Matt M Garza,MIL,6,14,5.63,26,25,0,0,0,0,148.2,176,102,93,23,2,57,104,1.57,.294
Miguel M González Gonzalez,BAL,9,12,4.91,26,26,0,0,0,0,144.2,151,81,79,24,8,51,109,1.40,.270
Matt M Grace,WSH,2,1,4.24,26,0,0,0,0,2,17.0,26,11,8,0,1,8,14,2.00,.356
Mitch M Harris,STL,2,1,3.67,26,0,0,0,0,0,27.0,30,14,11,4,0,13,15,1.59,.278
Marcos M Mateo,SD,1,1,4.00,26,0,0,0,0,1,27.0,22,16,12,5,3,9,33,1.15,.222
Carlos C Rodón Rodon,CWS,9,6,3.75,26,23,1,0,0,0,139.1,130,63,58,11,8,71,139,1.44,.251
Michael M Tonkin,MIN,0,0,3.47,26,0,0,0,0,0,23.1,21,9,9,4,1,9,19,1.29,.239
Pat P Venditte,OAK,2,2,4.40,26,0,0,0,0,0,28.2,22,14,14,3,0,12,23,1.19,.210
Nick N Vincent,SD,0,1,2.35,26,0,0,0,0,2,23.0,25,8,6,0,0,10,22,1.52,.281
Jered J Weaver,LAA,7,12,4.64,26,26,1,1,0,0,159.0,163,84,82,24,12,33,90,1.23,.264
Matt M Andriese,TB,3,5,4.11,25,8,0,0,2,2,65.2,69,32,30,8,2,18,49,1.32,.267
Kyle K Barraclough,MIA,2,1,2.59,25,0,0,0,0,1,24.1,12,8,7,1,0,18,30,1.23,.154
Doug D Fister,WSH,5,7,4.19,25,15,0,0,1,1,103.0,120,56,48,14,6,24,63,1.40,.295
Kevin K Gausman,BAL,4,7,4.25,25,17,0,0,0,0,112.1,109,56,53,17,2,29,103,1.23,.251
Joe J Kelly,BOS,10,6,4.82,25,25,0,0,0,0,134.1,145,76,72,15,6,49,110,1.44,.276
Cody C Martin,OAK,2,5,7.92,25,2,0,0,0,3,30.2,40,27,27,8,2,12,27,1.70,.325
Branden B Pinder,NYY,0,2,2.93,25,0,0,0,0,0,27.2,28,9,9,4,0,14,25,1.52,.262
Anibal A Sánchez Sanchez,DET,10,10,4.99,25,25,1,1,0,0,157.0,152,89,87,29,1,49,138,1.28,.252
Matt M Shoemaker,LAA,7,10,4.46,25,24,0,0,0,0,135.1,135,70,67,24,4,35,116,1.26,.259
Tim T Hudson,SF,8,9,4.44,24,22,0,0,0,0,123.2,134,62,61,13,7,37,64,1.38,.282
Mat M Latos,LAA,4,10,4.95,24,21,0,0,0,0,116.1,120,67,64,13,1,32,100,1.31,.267
Chris C Martin,NYY,0,2,5.66,24,0,0,0,1,1,20.2,28,13,13,2,1,6,18,1.65,.304
Nick N Martínez Martinez,TEX,7,7,3.96,24,21,0,0,0,0,125.0,135,66,55,16,13,46,77,1.45,.274
Tommy T Milone,MIN,9,5,3.92,24,23,0,0,1,1,128.2,128,64,56,17,1,36,91,1.27,.260
Angel A Nesbitt,DET,1,1,5.40,24,0,0,0,0,2,21.2,22,14,13,2,4,8,14,1.38,.265
Chris C Rusin,COL,6,10,5.33,24,22,2,1,0,0,131.2,170,88,78,19,3,41,86,1.60,.310
Noah N Syndergaard,NYM,9,7,3.24,24,24,0,0,0,0,150.0,126,60,54,19,3,31,166,1.05,.225
Masahiro M Tanaka,NYY,12,7,3.51,24,24,1,0,0,0,154.0,126,66,60,25,1,27,139,0.99,.221
Tyler T Thornburg,MIL,0,2,3.67,24,0,0,0,0,0,34.1,31,22,14,7,3,12,34,1.25,.231
Scott S Atchison,CLE,1,1,6.86,23,0,0,0,0,1,19.2,23,15,15,6,1,4,12,1.37,.288
Brian B Ellington,MIA,2,1,2.88,23,0,0,0,0,0,25.0,17,10,8,1,2,13,18,1.20,.193
Charlie C Morton,PIT,9,9,4.81,23,23,0,0,0,0,129.0,137,77,69,13,12,41,96,1.38,.271
Williams W Pérez Perez,ATL,7,6,4.78,23,20,1,0,1,1,116.2,130,66,62,13,9,51,73,1.55,.291
David D Phelps,MIA,4,8,4.50,23,19,0,0,0,0,112.0,119,59,56,11,4,33,77,1.36,.272
Robbie R Ray,ARI,5,12,3.52,23,23,0,0,0,0,127.2,121,56,50,9,8,49,119,1.33,.255
Clayton C Richard,CHC,4,2,3.83,23,3,0,0,0,0,42.1,47,18,18,3,1,7,22,1.28,.272
Enny E Romero,TB,0,2,5.10,23,0,0,0,0,2,30.0,39,18,17,1,0,13,31,1.73,.312
Stephen S Strasburg,WSH,11,7,3.46,23,23,0,0,0,0,127.1,115,56,49,14,3,26,155,1.11,.236
Vance V Worley,PIT,4,6,4.02,23,8,0,0,0,1,71.2,81,36,32,6,2,21,49,1.42,.287
Chris C Capuano,NYY,0,4,7.97,22,4,0,0,0,0,40.2,52,38,36,6,3,22,38,1.82,.310
Carlos C Contreras,CIN,0,0,4.82,22,0,0,0,0,0,28.0,22,16,15,3,1,20,19,1.50,.214
Jon J Edwards,SD,0,0,4.32,22,0,0,0,0,0,16.2,12,8,8,4,0,16,22,1.68,.211
Roenis R Elías Elias,SEA,5,8,4.14,22,20,0,0,0,0,115.1,106,57,53,15,9,44,97,1.30,.245
Ernesto E Frieri,TB,1,0,4.63,22,0,0,0,2,3,23.1,20,12,12,6,1,11,19,1.33,.233
Mychal M Givens,BAL,2,0,1.80,22,0,0,0,0,0,30.0,20,7,6,1,1,6,38,0.87,.185
Heath H Hembree,BOS,2,0,3.55,22,0,0,0,0,0,25.1,25,10,10,5,0,9,15,1.34,.258
Lance L Mc Cullers,HOU,6,7,3.22,22,22,1,0,0,0,125.2,106,49,45,10,5,43,129,1.19,.226
Peter P Moylan,ATL,1,0,3.48,22,0,0,0,0,1,10.1,12,5,4,1,0,0,8,1.16,.273
R. J. R Alvarez,OAK,0,0,9.90,21,0,0,0,0,1,20.0,27,23,22,7,0,13,23,2.00,.318
Mike M Bolsinger,LAD,6,6,3.62,21,21,0,0,0,0,109.1,104,49,44,11,1,45,98,1.36,.251
Mike M Broadway,SF,0,2,5.19,21,0,0,0,0,0,17.1,20,10,10,1,1,7,13,1.56,.294
Jairo J Díaz Diaz,COL,0,1,2.37,21,0,0,0,0,1,19.0,16,6,5,2,0,6,18,1.16,.222
Jason J García Garcia,BAL,1,0,4.25,21,0,0,0,0,0,29.2,25,19,14,3,2,17,22,1.42,.223
Kendall K Graveman,OAK,6,9,4.05,21,21,1,0,0,0,115.2,126,57,52,15,5,38,77,1.42,.276
Mayckol M Guaipe,SEA,0,3,5.40,21,0,0,0,0,3,26.2,34,19,16,5,3,13,22,1.76,.330
Taylor T Jungmann,MIL,9,8,3.77,21,21,1,0,0,0,119.1,106,55,50,11,8,47,107,1.28,.241
Ross R Ohlendorf,TEX,3,1,3.72,21,0,0,0,1,2,19.1,21,8,8,4,0,7,19,1.45,.273
Eduardo E Rodriguez,BOS,10,6,3.85,21,21,0,0,0,0,121.2,120,55,52,13,4,37,98,1.29,.255
C. J. C Wilson,LAA,8,8,3.89,21,21,0,0,0,0,132.0,118,59,57,13,10,46,110,1.24,.240
Chad C Bettis,COL,8,6,4.23,20,20,0,0,0,0,115.0,120,56,54,11,3,42,98,1.41,.268
Brandon B Finnegan,CIN,5,2,3.56,20,4,0,0,0,1,48.0,37,19,19,8,1,21,45,1.21,.216
Jaime J García Garcia,STL,10,6,2.43,20,20,0,0,0,0,129.2,106,37,35,6,3,30,97,1.05,.225
David D Goforth,MIL,1,0,4.01,20,0,0,0,0,0,24.2,32,13,11,4,0,8,24,1.62,.323
Roberto R Hernandez,HOU,3,5,4.36,20,11,0,0,0,0,84.2,90,48,41,9,1,26,42,1.37,.275
Hisashi H Iwakuma,SEA,9,5,3.54,20,20,1,1,0,0,129.2,117,53,51,18,1,21,111,1.06,.240
Adam A Loewen,PHI,1,0,6.98,20,0,0,0,0,0,19.1,20,15,15,3,3,17,22,1.91,.282
Bryan B Mitchell,NYY,0,2,6.37,20,2,0,0,1,1,29.2,37,24,21,4,2,16,29,1.79,.296
Wily W Peralta,MIL,5,10,4.72,20,20,0,0,0,0,108.2,130,60,57,14,4,37,60,1.54,.302
J C Ramírez Ramirez,SEA,1,2,5.32,20,0,0,0,0,3,23.2,25,14,14,3,1,11,16,1.52,.266
Rob R Rasmussen,SEA,2,1,9.98,20,0,0,0,0,1,15.1,26,18,17,2,0,8,17,2.22,.366
David D Rollins,SEA,0,2,7.56,20,0,0,0,0,0,25.0,37,21,21,3,2,8,21,1.80,.346
Jose J Ureña Urena,MIA,1,5,5.25,20,9,0,0,0,1,61.2,73,37,36,5,3,25,28,1.59,.307
Drew D Ver Hagen,DET,2,0,2.05,20,0,0,0,0,1,26.1,18,6,6,1,1,14,13,1.22,.200
Justin J Verlander,DET,5,8,3.38,20,20,1,1,0,0,133.1,113,56,50,13,3,32,113,1.09,.229
Matt M Wisler,ATL,8,8,4.71,20,19,0,0,0,0,109.0,119,59,57,16,4,40,72,1.46,.280
Kirby K Yates,TB,1,0,7.97,20,0,0,0,0,0,20.1,23,18,18,10,1,7,21,1.48,.274
Yohan Y Flande,COL,3,3,4.74,19,10,0,0,0,0,68.1,73,36,36,14,1,25,43,1.43,.277
Dalier D Hinojosa,PHI,2,0,0.73,19,0,0,0,0,1,24.2,15,3,2,1,1,11,23,1.05,.167
Cesar C Jimenez,MIL,0,0,3.13,19,0,0,0,0,0,23.0,17,8,8,2,0,8,25,1.09,.205
Nate N Jones,CWS,2,2,3.32,19,0,0,0,0,1,19.0,12,7,7,5,0,6,27,0.95,.188
Logan L Kensing,SEA,2,1,5.87,19,0,0,0,0,1,15.1,12,10,10,2,0,7,13,1.24,.214
Sam S Le Cure,CIN,0,2,3.15,19,0,0,0,0,1,20.0,16,9,7,2,0,7,15,1.15,.216
Arnold A Leon,OAK,0,2,4.39,19,0,0,0,0,0,26.2,30,14,13,3,0,9,19,1.46,.291
Jake J Peavy,SF,8,6,3.58,19,19,0,0,0,0,110.2,99,45,44,12,2,25,78,1.12,.239
Vinnie V Pestano,LAA,1,0,5.40,19,0,0,0,0,2,11.2,15,9,7,3,1,8,13,1.97,.306
Neil N Ramírez Ramirez,CHC,1,0,3.21,19,0,0,0,0,0,14.0,12,5,5,1,0,6,15,1.29,.231
Vince V Velasquez,HOU,1,1,4.37,19,7,0,0,0,0,55.2,50,28,27,5,2,21,58,1.28,.240
Chris C Bassitt,OAK,1,8,3.56,18,13,0,0,0,0,86.0,78,36,34,5,9,30,64,1.26,.244
Clay C Buchholz,BOS,7,7,3.26,18,18,1,0,0,0,113.1,114,48,41,6,5,23,107,1.21,.260
Scott S Carroll,CWS,1,1,3.44,18,0,0,0,0,0,36.2,40,19,14,2,3,13,27,1.45,.280
Miguel M Castro,COL,0,3,6.11,18,0,0,0,4,6,17.2,21,13,12,4,0,10,18,1.75,.296
Alex A Claudio,TEX,1,1,2.87,18,0,0,0,0,1,15.2,12,6,5,4,1,6,13,1.15,.211
Phil P Coke,TOR,0,0,5.68,18,0,0,0,0,0,12.2,15,8,8,2,0,5,12,1.58,.300
Scott S Feldman,HOU,5,5,3.90,18,18,0,0,0,0,108.1,115,49,47,13,0,27,61,1.31,.275
Mike M Foltynewicz,ATL,4,6,5.71,18,15,0,0,0,0,86.2,112,63,55,17,4,29,77,1.63,.313
Shane S Greene,DET,4,8,6.88,18,16,0,0,0,0,83.2,103,67,64,13,6,27,50,1.55,.308
Andrew A Heaney,LAA,6,4,3.49,18,18,0,0,0,0,105.2,99,41,41,9,6,28,78,1.20,.248
Keith K Hessler,ARI,0,1,8.03,18,0,0,0,0,2,12.1,16,11,11,4,0,4,12,1.62,.302
Raisel R Iglesias,CIN,3,7,4.15,18,16,0,0,0,0,95.1,81,45,44,11,7,28,104,1.14,.228
Justin J Masterson,BOS,4,2,5.61,18,9,0,0,0,0,59.1,68,38,37,7,10,27,49,1.60,.289
Matt M Reynolds,ARI,0,0,4.61,18,0,0,0,0,1,13.2,14,7,7,6,1,7,18,1.54,.259
Paco P Rodríguez Rodriguez,LAD,0,0,2.61,18,0,0,0,0,0,10.1,10,3,3,0,0,3,8,1.26,.263
Esmil E Rogers,NYY,1,1,6.27,18,0,0,0,0,0,33.0,41,29,23,5,2,14,31,1.67,.306
Sammy S Solís Solis,WSH,1,1,3.38,18,0,0,0,0,0,21.1,25,11,8,2,1,4,17,1.36,.291
Tim T Stauffer,NYM,1,0,6.97,18,0,0,0,0,1,20.2,32,18,16,6,1,9,14,1.98,.360
Logan L Verrett,NYM,1,2,3.59,18,4,0,0,1,2,47.2,34,20,19,6,2,15,39,1.03,.202
Andrew A Bellatti,TB,3,1,2.31,17,0,0,0,0,0,23.1,16,7,6,4,1,10,18,1.11,.198
Rex R Brothers,COL,1,0,1.74,17,0,0,0,0,0,10.1,9,2,2,0,0,8,5,1.65,.243
Carlos C Frías Frias,LAD,5,5,4.06,17,13,0,0,0,0,77.2,88,38,35,7,3,26,43,1.47,.297
David D Hale,COL,5,5,6.09,17,12,0,0,0,0,78.1,95,56,53,14,2,20,61,1.47,.298
Ryan R Kelly,ATL,0,0,7.02,17,0,0,0,0,1,16.2,21,14,13,5,0,6,10,1.62,.313
Jack J Leathersich,NYM,0,1,2.31,17,0,0,0,0,0,11.2,12,3,3,0,1,7,14,1.63,.273
Tyler T Lyons,STL,3,1,3.75,17,8,0,0,0,0,60.0,59,29,25,12,1,15,60,1.23,.252
Yoervis Y Medina,CHC,1,0,4.71,17,0,0,0,1,2,21.0,23,12,11,2,0,11,16,1.62,.267
Ivan I Nova,NYY,6,11,5.07,17,17,0,0,0,0,94.0,99,54,53,13,7,33,63,1.40,.269
Noe N Ramirez,BOS,0,1,4.15,17,0,0,0,0,0,13.0,13,12,6,3,2,7,13,1.54,.250
C. J. C Riefenhauser,TB,1,0,5.52,17,0,0,0,0,0,14.2,15,10,9,3,0,7,7,1.50,.283
Wandy W Rodriguez,TEX,6,4,4.90,17,15,0,0,0,0,86.1,99,48,47,10,3,36,72,1.56,.285
Nick N Rumbelow,NYY,1,1,4.02,17,0,0,0,0,0,15.2,16,8,7,2,0,5,15,1.34,.254
Ervin E Santana,MIN,7,5,4.00,17,17,0,0,0,0,108.0,104,50,48,12,4,36,82,1.30,.253
Eddie E Butler,COL,3,10,5.90,16,16,1,0,0,0,79.1,102,57,52,13,4,42,44,1.82,.322
Patrick P Corbin,ARI,6,5,3.60,16,16,0,0,0,0,85.0,91,34,34,9,2,17,78,1.27,.272
Felix F Doubront,OAK,3,3,5.50,16,12,0,0,1,1,75.1,87,50,46,10,1,26,56,1.50,.298
Jesse J Hahn,OAK,6,6,3.35,16,16,1,1,0,0,96.2,88,46,36,5,8,25,64,1.17,.238
Sugar Ray S Marimon,ATL,0,1,7.36,16,0,0,0,0,0,25.2,30,21,21,3,0,14,14,1.71,.300
Mike M Montgomery,SEA,4,6,4.60,16,16,2,2,0,0,90.0,92,49,46,11,4,37,64,1.43,.261
Cory C Rasmus,LAA,0,0,5.23,16,1,0,0,0,1,20.2,15,12,12,3,1,11,27,1.26,.200
Joe J Ross,WSH,5,5,3.64,16,13,0,0,0,0,76.2,64,33,31,7,2,21,69,1.11,.223
Kyle K Ryan,DET,2,4,4.47,16,6,0,0,0,0,56.1,60,29,28,9,1,20,30,1.42,.282
Steven S Wright,BOS,5,4,4.09,16,9,0,0,0,0,72.2,67,38,33,12,1,27,52,1.29,.239
Cody C Anderson,CLE,7,3,3.05,15,15,1,0,0,0,91.1,77,32,31,9,1,24,44,1.11,.231
Collin C Balester,CIN,1,1,7.47,15,0,0,0,0,0,15.2,17,13,13,3,1,13,13,1.91,.274
David D Buchanan,PHI,2,9,6.99,15,15,0,0,0,0,74.2,109,60,58,12,3,29,44,1.85,.346
Adam A Conley,MIA,4,1,3.76,15,11,0,0,0,0,67.0,65,28,28,7,3,21,59,1.28,.258
Tim T Lincecum,SF,7,4,4.13,15,15,0,0,0,0,76.1,75,37,35,7,1,38,60,1.48,.260
Kris K Medlen,KC,6,2,4.01,15,8,0,0,0,0,58.1,56,30,26,6,2,18,40,1.27,.252
Roman R Mendez,BOS,0,1,5.27,15,0,0,0,0,1,13.2,14,8,8,2,1,8,10,1.61,.286
Adam A Morgan,PHI,5,7,4.48,15,15,0,0,0,0,84.1,88,45,42,14,4,17,49,1.25,.269
Chris C Narveson,MIA,3,1,4.45,15,2,0,0,0,0,30.1,24,15,15,7,0,9,32,1.09,.214
Ken K Roberts,PHI,1,1,7.24,15,0,0,0,0,1,13.2,22,11,11,0,1,3,6,1.83,.379
Jarred J Cosart,MIA,2,5,4.52,14,13,0,0,0,0,69.2,63,35,35,10,1,33,47,1.38,.243
Danny D Coulombe,OAK,0,0,5.63,14,0,0,0,0,1,16.0,17,10,10,0,0,9,11,1.63,.270
Tyler T Cravy,MIL,0,8,5.70,14,7,0,0,0,1,42.2,47,30,27,5,2,22,35,1.62,.281
Buck B Farmer,DET,0,4,7.36,14,5,0,0,0,0,40.1,53,35,33,10,3,17,24,1.74,.323
Jeff J Francis,TOR,1,2,6.14,14,0,0,0,0,0,22.0,27,16,15,3,1,9,21,1.64,.300
Chi C Gonzalez,TEX,4,6,3.90,14,10,1,1,0,0,67.0,49,33,29,6,3,32,30,1.21,.202
Radhames R Liz,PIT,1,4,4.24,14,0,0,0,0,1,23.1,26,11,11,4,3,12,27,1.63,.286
Dustin D Mc Gowan,PHI,1,2,6.94,14,1,0,0,0,0,23.1,29,21,18,7,0,20,21,2.10,.296
Martin M Pérez Perez,TEX,3,6,4.46,14,14,0,0,0,0,78.2,88,45,39,3,2,24,48,1.42,.285
Andre A Rienzo,MIA,0,1,5.95,14,0,0,0,0,0,19.2,17,14,13,2,1,13,15,1.53,.230
Sergio S Santos,NYY,0,0,4.96,14,0,0,0,0,0,16.1,16,9,9,3,0,7,18,1.41,.246
Ian I Thomas,LAD,1,1,3.86,14,1,0,0,0,0,23.1,20,11,10,2,0,11,23,1.33,.235
Sam S Tuivailala,STL,0,1,3.07,14,0,0,0,0,0,14.2,13,5,5,2,0,8,20,1.43,.228
Nate N Adcock,CIN,1,2,6.00,13,0,0,0,0,0,18.0,15,12,12,3,1,12,13,1.50,.221
Matthew M Boyd,DET,1,6,7.53,13,12,0,0,0,0,57.1,71,50,48,17,1,20,43,1.59,.313
Silvino S Bracho,ARI,0,0,1.46,13,0,0,0,1,1,12.1,9,2,2,2,1,4,17,1.05,.200
Aaron A Brooks,OAK,3,4,6.67,13,9,0,0,0,0,55.1,73,41,41,9,4,14,38,1.57,.322
Danny D Burawa,ATL,0,0,6.23,13,0,0,0,0,0,13.0,11,9,9,2,1,5,11,1.23,.239
Matt M Cain,SF,2,4,5.79,13,11,0,0,0,0,60.2,71,39,39,12,4,20,41,1.50,.293
Oliver O Drake,BAL,0,0,2.87,13,0,0,0,0,0,15.2,16,7,5,1,0,9,17,1.60,.262
Ryan R Dull,OAK,1,2,4.24,13,0,0,0,1,2,17.0,12,8,8,4,0,6,16,1.06,.203
Dominic D Leone,ARI,0,5,8.40,13,0,0,0,0,1,15.0,19,15,14,2,1,9,9,1.87,.302
Kyle K Lobstein,DET,3,8,5.94,13,11,0,0,0,0,63.2,78,43,42,7,0,23,32,1.59,.305
Evan E Marshall,ARI,0,2,6.08,13,0,0,0,0,2,13.1,20,9,9,3,0,5,7,1.88,.357
Rafael R Martín Martin,WSH,2,0,5.11,13,0,0,0,0,0,12.1,12,9,7,4,1,5,25,1.38,.245
Aaron A Nola,PHI,6,2,3.59,13,13,0,0,0,0,77.2,74,31,31,11,2,19,68,1.20,.251
Daniel D Norris,DET,3,2,3.75,13,13,0,0,0,0,60.0,53,31,25,9,2,19,45,1.20,.236
Sean S O' Sullivan,PHI,1,6,6.08,13,13,0,0,0,0,71.0,94,49,48,16,6,20,35,1.61,.322
James J Paxton,SEA,3,4,3.90,13,13,0,0,0,0,67.0,67,34,29,8,0,29,56,1.43,.253
Keyvius K Sampson,CIN,2,6,6.54,13,12,0,0,0,0,52.1,67,43,38,7,0,26,42,1.78,.303
Tony T Zych,SEA,0,0,2.45,13,1,0,0,0,0,18.1,17,6,5,1,2,3,24,1.09,.239
Jake J Brigham,ATL,0,1,8.64,12,0,0,0,0,0,16.2,28,16,16,1,1,8,12,2.16,.384
Caleb C Cotham,NYY,1,0,6.52,12,0,0,0,0,0,9.2,14,7,7,4,0,1,11,1.55,.326
Sean S Doolittle,OAK,1,0,3.95,12,0,0,0,4,5,13.2,12,6,6,1,0,5,15,1.24,.235
Matt M Moore,TB,3,4,5.43,12,12,0,0,0,0,63.0,74,40,38,9,4,23,46,1.54,.298
Justin J Nicolino,MIA,5,4,4.01,12,12,0,0,0,0,74.0,72,33,33,8,3,20,23,1.24,.267
Drew D Smyly,TB,5,2,3.11,12,12,0,0,0,0,66.2,58,24,23,11,1,20,77,1.17,.230
Jordan J Walden,STL,0,1,0.87,12,0,0,0,1,1,10.1,7,1,1,0,0,4,12,1.06,.189
Mike M Wright Jr.,BAL,3,5,6.04,12,9,0,0,0,0,44.2,52,30,30,9,5,18,26,1.57,.291
A. J. A Achter,MIN,0,1,6.75,11,0,0,0,0,0,13.1,12,10,10,4,0,6,14,1.35,.231
Buddy B Carlyle,NYM,1,0,5.63,11,0,0,0,1,1,8.0,8,5,5,0,0,1,6,1.13,.276
Simon S Castro,COL,2,0,6.10,11,0,0,0,0,0,10.1,11,7,7,0,1,5,9,1.55,.282
Andrew A Faulkner,TEX,0,0,2.79,11,0,0,0,0,0,9.2,8,3,3,2,0,3,10,1.14,.216
Jose J Fernández Fernandez,MIA,6,1,2.92,11,11,0,0,0,0,64.2,61,21,21,4,2,14,79,1.16,.249
Kevin K Gregg,CIN,0,2,10.13,11,0,0,0,0,1,10.2,13,12,12,3,0,5,14,1.69,.289
Phil P Klein,TEX,1,0,6.75,11,2,0,0,0,0,17.1,23,15,13,4,0,10,12,1.90,.303
Bobby B La Fromboise,PIT,0,0,1.13,11,0,0,0,0,0,8.0,5,1,1,1,0,1,8,0.75,.179
Tyler T Olson,SEA,1,1,5.40,11,0,0,0,0,0,13.1,18,8,8,2,1,10,8,2.10,.346
Henry H Owens,BOS,4,4,4.57,11,11,0,0,0,0,63.0,62,35,32,7,3,24,50,1.37,.255
James J Pazos,NYY,0,0,0.00,11,0,0,0,0,0,5.0,3,0,0,0,0,3,3,1.20,.176
Luis L Severino,NYY,5,3,2.89,11,11,0,0,0,0,62.1,53,21,20,9,2,22,56,1.20,.229
Matt M Stites,ARI,0,0,12.46,11,0,0,0,0,0,8.2,14,14,12,1,0,5,6,2.19,.368
Wesley W Wright,LAA,0,0,3.68,11,0,0,0,0,0,7.1,6,4,3,1,0,3,5,1.23,.231
Andrew A Bailey,NYY,0,1,5.19,10,0,0,0,0,0,8.2,9,8,5,2,0,5,6,1.62,.265
Tyler T Duffey,MIN,5,1,3.10,10,10,0,0,0,0,58.0,56,20,20,4,0,20,53,1.31,.256
Dana D Eveland,ATL,0,1,5.40,10,0,0,0,0,0,3.1,5,2,2,1,0,3,4,2.40,.357
Deolis D Guerra,PIT,2,0,6.48,10,0,0,0,0,0,16.2,26,12,12,5,1,3,17,1.74,.371
Derek D Holland,TEX,4,3,4.91,10,10,1,1,0,0,58.2,59,32,32,11,5,17,41,1.30,.269
John J Lamb,CIN,1,5,5.80,10,10,0,0,0,0,49.2,58,32,32,8,2,19,58,1.55,.296
Jordan J Lyles,COL,2,5,5.14,10,10,0,0,0,0,49.0,54,32,28,2,3,19,30,1.49,.290
Vin V Mazzaro,MIA,0,0,3.75,10,0,0,0,0,0,12.0,15,6,5,0,0,6,6,1.75,.319
Hector H Noesí Noesi,CWS,0,4,6.89,10,5,0,0,0,0,32.2,41,26,25,7,1,17,22,1.78,.301
Adam A Ottavino,COL,1,0,0.00,10,0,0,0,3,3,10.1,3,0,0,0,1,2,13,0.48,.094
Jorge J Rondon,BAL,0,1,13.19,10,0,0,0,0,0,14.1,28,26,21,3,0,9,9,2.58,.389
Brian B Schlitter,CHC,1,2,7.36,10,0,0,0,0,2,7.1,12,6,6,2,0,2,4,1.91,.364
Anthony A Swarzak,CLE,0,0,3.38,10,0,0,0,0,0,13.1,18,9,5,1,0,4,13,1.65,.316
Josh J Tomlin,CLE,7,2,3.02,10,10,2,0,0,0,65.2,47,22,22,13,2,8,57,0.84,.195
Miguel M Almonte,KC,0,2,6.23,9,0,0,0,0,0,8.2,7,6,6,4,1,7,10,1.62,.212
Ryan R Cook,BOS,0,2,18.69,9,0,0,0,0,0,8.2,20,19,18,4,0,7,6,3.12,.426
Samuel S Deduno,HOU,0,1,6.86,9,2,0,0,1,1,21.0,24,16,16,3,3,9,17,1.57,.293
Jeff J Ferrell,DET,0,0,6.35,9,0,0,0,0,0,11.1,12,8,8,3,0,4,6,1.41,.267
Zack Z Godley,ARI,5,1,3.19,9,6,0,0,0,0,36.2,29,13,13,4,3,17,34,1.25,.227
Jon J Gray,COL,0,2,5.53,9,9,0,0,0,0,40.2,52,26,25,4,2,14,40,1.62,.319
Jason J Gurka,COL,0,0,9.39,9,0,0,0,0,0,7.2,16,8,8,1,0,2,7,2.35,.432
Jason J Marquis,CIN,3,4,6.46,9,9,0,0,0,0,47.1,64,37,34,10,1,14,37,1.65,.330
Ricky R Nolasco,MIN,5,2,6.75,9,8,0,0,0,0,37.1,50,31,28,3,1,14,35,1.71,.321
Josh J Ravin,LAD,2,1,6.75,9,0,0,0,0,0,9.1,13,7,7,3,1,4,12,1.82,.310
Josh A. J Smith,CIN,0,4,6.89,9,7,0,0,0,0,32.2,42,27,25,5,5,21,30,1.93,.316
Eric E Stults,ATL,1,5,5.85,9,8,0,0,0,0,47.2,48,31,31,10,0,13,31,1.28,.268
Jason J Vargas,KC,5,2,3.98,9,9,0,0,0,0,43.0,46,20,19,5,1,12,27,1.35,.271
Anthony A Varvaro,BOS,0,1,4.09,9,0,0,0,0,0,11.0,14,5,5,0,0,6,8,1.82,.311
Allen A Webster,ARI,1,1,5.81,9,5,0,0,0,0,31.0,32,28,20,10,2,20,17,1.68,.271
Tyler T Wilson,BAL,2,2,3.50,9,5,0,0,0,0,36.0,39,14,14,1,1,11,13,1.39,.289
Shawn S Armstrong,CLE,0,0,2.25,8,0,0,0,0,0,8.0,5,2,2,1,0,2,11,0.88,.179
Archie A Bradley,ARI,2,3,5.80,8,8,0,0,0,0,35.2,36,23,23,3,2,22,23,1.63,.267
Erik E Cordier,MIA,0,0,5.84,8,0,0,0,0,0,12.1,13,8,8,1,1,6,7,1.54,.271
Jerad J Eickhoff,PHI,3,3,2.65,8,8,0,0,0,0,51.0,40,16,15,5,0,13,49,1.04,.212
Dillon D Gee,NYM,0,3,5.90,8,7,0,0,0,0,39.2,55,29,26,5,1,11,25,1.66,.329
Cory C Mazzoni,SD,0,0,20.77,8,0,0,0,0,0,8.2,23,22,20,2,0,5,8,3.23,.489
Colton C Murray,PHI,0,1,5.87,8,0,0,0,0,0,7.2,11,5,5,2,0,2,9,1.70,.314
Brett B Oberholtzer,HOU,2,2,4.46,8,8,0,0,0,0,38.1,44,21,19,4,1,17,27,1.59,.293
Stolmy S Pimentel,TEX,0,1,3.97,8,0,0,0,0,0,11.1,11,5,5,1,0,3,7,1.24,.268
Jose J Ramírez Ramirez,SEA,1,0,12.91,8,0,0,0,0,0,7.2,15,14,11,0,3,10,5,3.26,.385
Nick N Tropeano,LAA,3,2,3.82,8,7,0,0,0,0,37.2,40,18,16,2,0,10,38,1.33,.270
Tsuyoshi T Wada,CHC,1,1,3.62,8,7,0,0,0,0,32.1,30,14,13,5,1,11,31,1.27,.246
Randy R Wolf,DET,0,5,6.23,8,7,0,0,0,0,34.2,46,28,24,5,1,15,28,1.76,.319
Alec A Asher,PHI,0,6,9.31,7,7,0,0,0,0,29.0,42,30,30,8,1,10,16,1.79,.339
Manny M Banuelos,ATL,1,4,5.13,7,6,0,0,0,0,26.1,30,17,15,4,3,12,19,1.59,.283
Chad C Billingsley,PHI,2,3,5.84,7,7,0,0,0,0,37.0,53,26,24,5,1,8,15,1.65,.346
Jerry J Blevins,NYM,1,0,0.00,7,0,0,0,0,1,5.0,0,0,0,0,0,0,4,0.00,.000
Kendry K Flores,MIA,1,2,4.97,7,1,0,0,0,0,12.2,16,8,7,0,1,4,9,1.58,.314
Gavin G Floyd,CLE,0,0,2.70,7,0,0,0,0,0,13.1,11,4,4,0,1,4,7,1.13,.220
Cory C Gearrin,SF,0,0,4.91,7,0,0,0,0,0,3.2,1,2,2,0,0,1,5,0.55,.083
Severino S González Gonzalez,PHI,3,3,7.92,7,7,0,0,0,0,30.2,44,27,27,5,4,7,28,1.66,.346
Nick N Goody,NYY,0,0,4.76,7,0,0,0,0,0,5.2,6,3,3,0,1,3,3,1.59,.273
Cody C Hall,SF,0,0,6.48,7,0,0,0,0,0,8.1,10,6,6,1,1,4,7,1.68,.278
Luke L Jackson,TEX,0,0,4.26,7,0,0,0,0,0,6.1,5,3,3,1,0,2,6,1.11,.200
Brandon B Kintzler,MIL,0,1,6.43,7,0,0,0,0,0,7.0,12,6,5,1,0,5,7,2.43,.387
Raudel R Lazo,MIA,0,0,3.18,7,0,0,0,0,0,5.2,5,2,2,1,0,2,5,1.24,.238
Jacob J Lindgren,NYY,0,0,5.14,7,0,0,0,0,1,7.0,5,4,4,3,0,4,8,1.29,.208
Shaun S Marcum,CLE,3,2,5.40,7,6,0,0,0,0,35.0,32,21,21,9,1,11,30,1.23,.246
Jenrry J Mejia,NYM,1,0,0.00,7,0,0,0,0,0,7.1,4,0,0,0,0,2,7,0.82,.167
Frankie F Montas,CWS,0,2,4.80,7,2,0,0,0,0,15.0,14,8,8,1,0,9,20,1.53,.246
Yohan Y Pino,KC,0,2,3.26,7,1,0,0,0,0,19.1,23,8,7,2,0,3,13,1.34,.291
Todd T Redmond,TOR,0,0,7.31,7,1,0,0,0,0,16.0,17,13,13,3,1,7,13,1.50,.266
Jose A. J Váldez Valdez,DET,0,1,4.00,7,0,0,0,0,1,9.0,10,4,4,2,0,4,4,1.56,.286
Adam A Wainwright,STL,2,1,1.61,7,4,0,0,0,0,28.0,25,7,5,0,0,4,20,1.04,.238
Dario D Alvarez,NYM,1,0,12.27,6,0,0,0,0,0,3.2,5,5,5,2,2,1,2,1.64,.333
Jonathan J Aro,BOS,0,1,6.97,6,0,0,0,0,0,10.1,15,8,8,2,0,4,8,1.84,.341
Dylan D Axelrod,CIN,0,1,7.30,6,0,0,0,0,0,12.1,11,13,10,5,0,8,12,1.54,.220
Grant G Balfour,TB,0,0,6.23,6,0,0,0,0,0,4.1,3,3,3,1,1,4,0,1.62,.200
Ronald R Belisario,TB,0,0,7.88,6,0,0,0,0,0,8.0,8,7,7,0,0,4,6,1.50,.250
Tim T Cooney,STL,1,0,3.16,6,6,0,0,0,0,31.1,28,12,11,3,1,10,29,1.21,.241
Zach Z Davies,MIL,3,2,3.71,6,6,0,0,0,0,34.0,26,14,14,2,0,15,24,1.21,.211
Taylor T Hill,WSH,0,0,3.75,6,0,0,0,0,0,12.0,14,5,5,2,1,4,9,1.50,.304
David D Holmberg,CIN,1,4,7.62,6,6,0,0,0,0,28.1,36,24,24,10,2,16,15,1.84,.321
Jay J Jackson,SD,0,0,6.23,6,0,0,0,0,0,4.1,7,3,3,0,0,1,4,1.85,.368
Erik E Johnson,CWS,3,1,3.34,6,6,0,0,0,0,35.0,32,14,13,8,1,17,30,1.40,.248
Steve S Johnson,BAL,0,0,10.13,6,0,0,0,0,0,5.1,8,6,6,2,0,5,3,2.44,.333
Michael M Kohn,ATL,0,0,0.00,6,0,0,0,0,0,4.2,0,0,0,0,0,6,4,1.29,.000
Steven S Matz,NYM,4,0,2.27,6,6,0,0,0,0,35.2,34,9,9,4,1,10,34,1.23,.250
Scott S Mc Gough,MIA,0,0,9.45,6,0,0,0,0,0,6.2,12,7,7,0,0,4,4,2.40,.387
Sean S Nolin,OAK,1,2,5.28,6,6,0,0,0,0,29.0,35,19,17,4,0,12,15,1.62,.302
Edgar E Olmos,SEA,1,0,4.50,6,2,0,0,0,0,14.0,16,8,7,1,1,8,4,1.71,.281
Ariel A Peña Pena,MIL,2,1,4.28,6,5,0,0,0,0,27.1,24,14,13,2,2,14,27,1.39,.238
Colin C Rea,SD,2,2,4.26,6,6,0,0,0,0,31.2,29,16,15,2,1,11,26,1.26,.246
Rafael R Soriano,CHC,2,0,6.35,6,0,0,0,0,1,5.2,8,4,4,2,0,1,4,1.59,.333
Giovanni G Soto,CLE,0,0,0.00,6,0,0,0,0,0,3.1,3,0,0,0,0,0,0,0.90,.231
Caleb C Thielbar,MIN,0,0,5.40,6,0,0,0,0,0,5.0,5,3,3,0,0,0,5,1.00,.263
Yhonathan Y Barrios,MIL,0,0,0.00,5,0,0,0,0,0,6.2,3,0,0,0,0,0,7,0.45,.136
Jeff J Beliveau,TB,0,0,13.50,5,0,0,0,0,0,2.2,6,4,4,1,0,1,2,2.63,.429
Jake J Buchanan,HOU,0,0,2.00,5,0,0,0,0,0,9.0,5,2,2,1,1,4,5,1.00,.161
Angel A Castro,OAK,0,1,2.25,5,0,0,0,0,0,4.0,8,1,1,1,0,3,4,2.75,.444
Jhoulys J Chacín Chacin,ARI,2,1,3.38,5,4,0,0,0,0,26.2,24,11,10,4,0,10,21,1.28,.240
Scott S Copeland,TOR,1,1,6.46,5,3,0,0,0,0,15.1,24,11,11,1,0,2,6,1.70,.369
Kevin K Correia,PHI,0,3,6.56,5,5,0,0,0,0,23.1,37,23,17,4,0,8,14,1.93,.363
Carl C Edwards,CHC,0,0,3.86,5,0,0,0,0,0,4.2,3,3,2,0,0,3,4,1.29,.188
Michael M Feliz,HOU,0,0,7.88,5,0,0,0,0,0,8.0,9,7,7,2,1,4,7,1.63,.273
Preston P Guilmet,MIL,0,0,11.05,5,0,0,0,0,0,7.1,9,9,9,2,0,4,6,1.77,.310
Colt C Hynes,TOR,0,0,6.00,5,0,0,0,0,0,3.0,8,2,2,0,0,2,4,3.33,.500
Tyler T Matzek,COL,2,1,4.09,5,5,0,0,0,0,22.0,21,10,10,2,3,19,15,1.82,.269
Rafael R Montero,NYM,0,1,4.50,5,1,0,0,0,0,10.0,9,6,5,0,0,5,13,1.40,.225
Brandon B Morrow,SD,2,0,2.73,5,5,0,0,0,0,33.0,29,10,10,3,0,7,23,1.09,.248
Chris C Rearick,SD,0,0,12.00,5,0,0,0,0,0,3.0,6,4,4,2,0,2,4,2.67,.462
A. J. A Schugel,ARI,0,0,5.00,5,0,0,0,0,0,9.0,17,13,5,2,0,5,5,2.44,.370
Craig C Stammen,WSH,0,0,0.00,5,0,0,0,0,0,4.0,2,0,0,0,0,3,3,1.25,.154
Chin-hui C Tsao,LAD,1,1,10.29,5,0,0,0,0,0,7.0,15,9,8,3,0,3,7,2.57,.441
Donnie D Veal,ATL,0,0,14.54,5,0,0,0,0,1,4.1,8,7,7,3,1,2,3,2.31,.400
Ryan R Weber,ATL,0,3,4.76,5,5,0,0,0,0,28.1,25,15,15,3,2,6,19,1.09,.248
Asher A Wojciechowski,HOU,0,1,7.16,5,3,0,0,0,0,16.1,23,13,13,2,0,7,16,1.84,.329
Scott S Alexander,KC,0,0,4.50,4,0,0,0,0,0,6.0,5,3,3,0,1,3,3,1.33,.238
Henderson H Alvarez,MIA,0,4,6.45,4,4,0,0,0,0,22.1,28,18,16,1,0,7,9,1.57,.311
Brett B Bochy,SF,0,0,0.00,4,0,0,0,0,0,3.0,1,0,0,0,1,1,3,0.67,.100
David D Carpenter,ATL,0,0,7.36,4,0,0,0,0,0,3.2,6,3,3,2,0,0,5,1.64,.353
Louis L Coleman,KC,1,0,0.00,4,0,0,0,0,0,3.0,1,0,0,0,0,2,1,1.00,.111
Jose J Domínguez Dominguez,TB,1,0,0.00,4,0,0,0,0,0,5.2,2,0,0,0,0,2,5,0.71,.125
Rich R Hill,BOS,2,1,1.55,4,4,1,1,0,0,29.0,14,5,5,2,2,5,36,0.66,.141
T J House,CLE,0,4,13.15,4,4,0,0,0,0,13.0,21,19,19,1,2,12,7,2.54,.362
Taylor T Jordan,WSH,0,2,5.29,4,1,0,0,0,0,17.0,20,10,10,0,0,6,11,1.53,.290
Guido G Knudson,DET,0,0,18.00,4,0,0,0,0,0,5.0,13,10,10,5,0,3,6,3.20,.464
Brandon B Mc Carthy,LAD,3,0,5.87,4,4,0,0,0,0,23.0,24,15,15,9,0,4,29,1.22,.267
Diego D Moreno,NYY,1,0,5.23,4,0,0,0,0,0,10.1,9,6,6,1,2,3,8,1.16,.225
Nefi N Ogando,PHI,0,0,9.00,4,0,0,0,0,0,4.0,7,5,4,0,0,2,2,2.25,.368
Anthony A Ranaudo,TEX,0,1,7.63,4,2,0,0,0,0,15.1,18,13,13,2,1,8,11,1.70,.295
Drew D Rucinski,LAA,0,2,7.71,4,1,0,0,0,0,7.0,10,6,6,1,1,6,4,2.29,.357
Dan D Straily,HOU,0,1,5.40,4,3,0,0,0,0,16.2,16,11,10,2,1,8,14,1.44,.239
Marcus M Stroman,TOR,4,0,1.67,4,4,0,0,0,0,27.0,20,5,5,2,1,6,18,0.96,.208
Everett E Teaford,TB,0,0,1.59,4,0,0,0,0,0,5.2,5,1,1,0,1,3,4,1.41,.250
Chase C Whitley,NYY,1,2,4.19,4,4,0,0,0,0,19.1,20,9,9,3,2,5,16,1.29,.260
Rob R Wooten,MIL,0,0,12.00,4,0,0,0,0,0,6.0,5,8,8,1,1,6,6,1.83,.227
Dallas D Beeler,CHC,0,1,9.72,3,3,0,0,0,0,8.1,14,11,9,0,0,7,7,2.52,.359
Kevin K Chapman,HOU,0,0,3.38,3,0,0,0,0,0,5.1,4,2,2,1,0,3,8,1.31,.211
A. J. A Cole,WSH,0,0,5.79,3,1,0,0,1,1,9.1,14,11,6,1,0,1,9,1.61,.341
Kyle K Drabek,CWS,0,0,5.06,3,0,0,0,0,0,5.1,9,3,3,1,0,2,3,2.06,.375
Robbie R Erlin,SD,1,2,4.76,3,3,0,0,0,0,17.0,16,9,9,1,1,2,10,1.06,.258
Junior J Guerra,CWS,0,0,6.75,3,0,0,0,0,0,4.0,7,3,3,1,0,1,3,2.00,.412
Javy J Guerra,CWS,0,0,0.00,3,0,0,0,0,0,1.2,2,0,0,0,0,1,0,1.80,.333
Matt M Harrison,TEX,1,2,6.75,3,3,0,0,0,0,16.0,19,12,12,3,0,6,5,1.56,.306
David D Huff,LAD,0,0,9.00,3,1,0,0,0,0,6.0,11,6,6,2,1,1,4,2.00,.407
Casey C Kelly,SD,0,2,7.94,3,2,0,0,0,0,11.1,19,13,10,1,1,3,7,1.94,.365
Aaron A Laffey,COL,1,0,3.68,3,0,0,0,0,0,7.1,8,3,3,1,1,3,3,1.50,.296
Jon J Moscot,CIN,1,1,4.63,3,3,0,0,0,0,11.2,11,6,6,2,0,5,6,1.37,.250
Tyler T Wagner,MIL,0,2,7.24,3,3,0,0,0,0,13.2,22,11,11,1,0,7,5,2.12,.386
Barry B Zito,OAK,0,0,10.29,3,2,0,0,0,0,7.0,12,8,8,4,0,6,2,2.57,.387
Homer H Bailey,CIN,0,1,5.56,2,2,0,0,0,0,11.1,16,7,7,3,0,4,3,1.76,.340
Scott S Baker,LAD,0,1,5.73,2,2,0,0,0,0,11.0,11,7,7,4,0,3,8,1.27,.262
Brandon B Beachy,LAD,0,1,7.88,2,2,0,0,0,0,8.0,10,7,7,1,0,6,5,2.00,.313
Cesar C Cabral,BAL,0,0,0.00,2,0,0,0,0,0,1.0,0,0,0,0,0,1,1,1.00,.000
Bruce B Chen,CLE,0,1,12.79,2,2,0,0,0,0,6.1,17,9,9,3,0,1,4,2.84,.500
Ike I Davis,OAK,0,0,0.00,2,0,0,0,0,0,2.0,1,0,0,0,0,1,1,1.00,.143
Abel A De Los Santos,WSH,0,0,5.40,2,0,0,0,0,0,1.2,2,1,1,1,0,1,3,1.80,.286
Kyuji K Fujikawa,TEX,0,0,16.20,2,0,0,0,0,0,1.2,2,3,3,1,1,0,1,1.20,.286
Marcus M Hatley,STL,0,0,0.00,2,0,0,0,0,0,1.1,1,0,0,0,0,2,2,2.25,.200
Adrian A Houser,MIL,0,0,0.00,2,0,0,0,0,0,2.0,1,0,0,0,0,2,0,1.50,.167
Edgar E Ibarra,LAA,0,0,2.25,2,0,0,0,0,0,4.0,4,1,1,0,0,3,3,1.75,.250
Juan J Jaime,ATL,0,1,6.75,2,0,0,0,0,0,1.1,0,1,1,0,0,4,1,3.00,.000
Chad C Jenkins,TOR,0,0,4.91,2,0,0,0,0,0,3.2,3,2,2,1,0,3,2,1.64,.214
C. C Lee,CLE,0,0,5.40,2,0,0,0,0,0,1.2,4,1,1,0,0,1,3,3.00,.444
Jorge J López Lopez,MIL,1,1,5.40,2,2,0,0,0,0,10.0,14,6,6,0,1,5,10,1.90,.350
Michael M Mariot,KC,0,0,3.00,2,0,0,0,0,0,3.0,2,1,1,1,0,2,1,1.33,.200
Alex A Meyer,MIN,0,0,16.88,2,0,0,0,0,0,2.2,4,5,5,2,0,3,3,2.63,.364
Chris C Reed,MIA,0,0,4.50,2,0,0,0,0,0,4.0,6,2,2,0,0,1,1,1.75,.375
Adam A Rosales S,TEX,0,0,9.00,2,0,0,0,0,0,2.0,2,3,2,2,0,1,1,1.50,.250
David D Ross,CHC,0,0,0.00,2,0,0,0,0,0,2.0,0,0,0,0,0,0,0,0.00,.000
Chad C Smith,OAK,0,0,33.75,2,0,0,0,0,0,1.1,5,5,5,0,1,3,2,6.00,.556
Jesus J Sucre,SEA,0,0,13.50,2,0,0,0,0,0,2.0,6,3,3,1,0,0,0,3.00,.545
Matt M West,LAD,0,0,0.00,2,0,0,0,0,0,3.0,2,0,0,0,0,1,2,1.00,.200
Joe J Wieland,LAD,0,1,8.31,2,2,0,0,0,0,8.2,10,8,8,2,0,5,4,1.73,.294
Dan D Winkler,ATL,0,0,10.80,2,0,0,0,0,0,1.2,2,2,2,2,0,1,2,1.80,.286
Andrew A Albers,TOR,0,0,3.38,1,0,0,0,0,0,2.2,1,1,1,1,0,2,1,1.13,.111
Alexi A Amarista S,SD,0,0,0.00,1,0,0,0,0,0,0.1,0,0,0,0,0,0,0,0.00,.000
Phillippe P Aumont,PHI,0,1,13.50,1,1,0,0,0,0,4.0,5,6,6,2,0,7,3,3.00,.313
Chris C Beck,CWS,0,1,6.00,1,1,0,0,0,0,6.0,10,5,4,0,0,4,3,2.33,.385
Leonel L Campos,SD,0,0,9.00,1,0,0,0,0,0,1.0,1,1,1,0,0,1,1,2.00,.250
John J Cornely,ATL,0,0,36.00,1,0,0,0,0,0,1.0,3,4,4,1,0,1,1,4.00,.500
Kyle K Davies,NYY,0,0,0.00,1,0,0,0,0,0,2.1,3,0,0,0,0,0,2,1.29,.300
Jose J De Paula,NYY,0,0,2.70,1,0,0,0,0,0,3.1,2,1,1,1,0,4,2,1.80,.182
Jaff J Decker R,PIT,0,0,0.00,1,0,0,0,0,0,1.0,2,0,0,0,0,0,0,2.00,.400
Chris C Denorfia R,CHC,0,0,0.00,1,0,0,0,0,0,0.1,0,0,0,0,0,0,0,0.00,.000
Jake J Elmore,TB,0,0,9.00,1,0,0,0,0,0,1.0,3,1,1,1,0,0,0,3.00,.500
Jeff J Francoeur R,PHI,0,0,9.00,1,0,0,0,0,0,2.0,1,2,2,1,1,3,1,2.00,.167
Nick N Franklin,TB,0,0,18.00,1,0,0,0,0,0,1.0,3,2,2,1,1,0,0,3.00,.500
Leury L García Garcia C,CWS,0,0,0.00,1,0,0,0,0,0,1.0,1,0,0,0,1,0,1,1.00,.250
Jonny J Gomes L,ATL,0,0,18.00,1,0,0,0,0,0,1.0,3,2,2,1,0,0,1,3.00,.600
Marco M Gonzales,STL,0,0,13.50,1,1,0,0,0,0,2.2,7,4,4,1,0,1,1,3.00,.500
Nick N Greenwood,STL,0,1,-.--,1,0,0,0,0,1,0.0,2,2,2,1,0,0,0,-.--,1.000
Donovan D Hand,CIN,0,0,0.00,1,0,0,0,0,0,3.0,2,0,0,0,1,1,3,1.00,.182
Brian B Johnson,BOS,0,1,8.31,1,1,0,0,0,0,4.1,3,4,4,0,0,4,3,1.62,.214
Garrett G Jones,NYY,0,0,0.00,1,0,0,0,0,0,0.2,0,0,0,0,1,1,0,1.50,.000
Adam A La Roche,CWS,0,0,0.00,1,0,0,0,0,0,1.0,0,0,0,0,0,0,1,0.00,.000
Zach Z Lee,LAD,0,1,13.50,1,1,0,0,0,0,4.2,11,7,7,1,0,1,3,2.57,.478
Lucas L Luetge,SEA,0,0,0.00,1,0,0,0,0,0,2.1,0,0,0,0,0,2,2,0.86,.000
Brad B Mills,OAK,0,0,5.40,1,1,0,0,0,0,5.0,7,3,3,1,1,1,1,1.60,.333
Tyler T Moore L,WSH,0,0,0.00,1,0,0,0,0,0,0.2,0,0,0,0,1,0,0,0.00,.000
Akeel A Morris,NYM,0,0,67.50,1,0,0,0,0,0,0.2,3,5,5,1,0,3,0,9.00,.600
Toru T Murata,CLE,0,1,8.10,1,1,0,0,0,0,3.1,4,5,3,2,0,1,2,1.50,.267
David D Murphy L,CLE,0,0,0.00,1,0,0,0,0,0,0.1,2,5,0,1,1,1,0,9.00,.500
Joe J Nathan,DET,0,0,0.00,1,0,0,0,1,1,0.1,0,0,0,0,0,0,1,0.00,.000
Brad B Peacock,HOU,0,1,5.40,1,1,0,0,0,0,5.0,5,3,3,0,1,2,3,1.40,.278
Ryan R Raburn L,CLE,0,0,0.00,1,0,0,0,0,0,0.2,1,2,0,0,0,1,0,3.00,.333
Alexei A Ramirez S,CWS,0,0,0.00,1,0,0,0,0,0,1.0,1,0,0,0,1,0,0,1.00,.250
Jo- Jo J Reyes,LAA,1,0,0.00,1,0,0,0,0,0,0.1,0,0,0,0,0,0,0,0.00,.000
Donn D Roach,CHC,0,1,10.80,1,1,0,0,0,0,3.1,8,4,4,0,0,1,1,2.70,.471
Clint C Robinson,WSH,0,0,0.00,1,0,0,0,0,0,1.0,1,0,0,0,0,0,1,1.00,.250
Shane S Robinson L,MIN,0,0,0.00,1,0,0,0,0,0,1.0,0,0,0,0,0,1,1,1.00,.000
Seth S Rosin,PHI,0,0,22.50,1,0,0,0,0,0,2.0,7,5,5,1,1,1,0,4.00,.636
Brendan B Ryan S,NYY,0,0,0.00,1,0,0,0,0,0,2.0,2,0,0,0,0,0,0,1.00,.250
Casey C Sadler,PIT,1,0,3.60,1,1,0,0,0,0,5.0,4,2,2,1,0,1,5,1.00,.222
Eric E Surkamp,LAD,0,0,10.80,1,0,0,0,0,0,3.1,4,4,4,2,2,1,4,1.50,.308
Ichiro I Suzuki R,MIA,0,0,9.00,1,0,0,0,0,0,1.0,2,1,1,0,0,0,0,2.00,.400
Matt M Tracy,NYY,0,0,0.00,1,0,0,0,0,0,2.0,2,3,0,0,0,2,1,2.00,.222
Chris C Volstad,PIT,0,0,0.00,1,0,0,0,0,0,2.0,2,0,0,0,0,0,0,1.00,.286
Adam A Wilk,LAA,0,0,4.50,1,0,0,0,0,0,2.0,2,1,1,1,1,1,2,1.50,.250
Josh J Wilson S,DET,0,0,9.00,1,0,0,0,0,0,1.0,2,1,1,1,0,0,0,2.00,.500
