PLAYER,TEAM,AB,R,H,2B,3B,HR,RBI,BB,SO,SB,CS,AVG,OBP,SLG,OPS
Joe J Carter R,TOR,162,638,89,174,42,3,33,108,49,112,20,9,.273,.330,.503,.833
Cecil C Fielder,DET,162,624,102,163,25,0,44,133,78,151,0,0,.261,.347,.513,.860
Cal C Ripken S,BAL,162,650,99,210,46,5,34,114,53,46,6,1,.323,.374,.566,.940
Roberto R Alomar,TOR,161,637,88,188,41,11,9,69,57,86,53,11,.295,.354,.436,.791
Brett B Butler C,LA,161,615,112,182,13,5,2,38,108,79,38,28,.296,.401,.343,.744
Harold H Reynolds,SEA,161,631,95,160,34,6,3,57,72,63,28,8,.254,.332,.341,.673
Ruben R Sierra,TEX,161,661,110,203,44,5,25,116,56,91,16,4,.307,.357,.502,.859
Mark M Grace,CHC,160,619,87,169,28,5,8,58,70,53,3,4,.273,.346,.373,.719
Steve S Finley C,HOU,159,596,84,170,28,10,8,54,42,65,34,18,.285,.331,.406,.737
Mike M Gallego,OAK,159,482,67,119,15,4,12,49,67,84,6,9,.247,.343,.369,.712
Lance L Johnson C,CWS,159,588,72,161,14,13,0,49,26,58,26,11,.274,.304,.342,.646
Rafael R Palmeiro,TEX,159,631,115,203,49,3,26,88,68,72,4,3,.322,.389,.532,.922
Carlos C Baerga,CLE,158,593,80,171,28,2,11,69,48,74,3,2,.288,.346,.398,.744
Paul P Molitor D,MIL,158,665,133,216,32,13,17,75,77,62,19,8,.325,.399,.489,.888
Ryne R Sandberg,CHC,158,585,104,170,32,2,26,100,87,89,22,8,.291,.379,.485,.865
Steve S Sax,NYY,158,652,85,198,38,2,10,56,41,38,31,11,.304,.345,.414,.759
Frank F Thomas D,CWS,158,559,104,178,31,2,32,109,138,112,1,2,.318,.453,.553,1.006
Jay J Bell S,PIT,157,608,96,164,32,8,16,67,52,99,10,6,.270,.330,.428,.758
Bobby B Bonilla R,PIT,157,577,102,174,44,6,18,100,90,67,2,4,.302,.391,.492,.883
Robin R Ventura,CWS,157,606,92,172,25,1,23,100,80,67,2,4,.284,.367,.442,.810
Matt M Williams,SF,157,589,72,158,24,5,34,98,33,128,5,5,.268,.310,.499,.809
Jeff J Bagwell,HOU,156,554,79,163,26,4,15,82,75,116,7,4,.294,.387,.437,.824
Howard H Johnson,NYM,156,564,108,146,34,4,38,117,78,120,30,16,.259,.342,.535,.877
Devon D White C,TOR,156,642,110,181,40,10,17,60,55,135,33,10,.282,.342,.455,.797
Tim T Raines L,CWS,155,609,102,163,20,6,5,50,83,68,51,15,.268,.359,.345,.703
Todd T Zeile,STL,155,565,76,158,36,3,11,81,62,94,17,11,.280,.353,.412,.765
Jose J Canseco R,OAK,154,572,115,152,32,1,44,122,78,152,26,6,.266,.359,.556,.915
Milt M Cuyler C,DET,154,475,77,122,15,7,3,33,52,92,41,10,.257,.335,.337,.672
Ron R Gant C,ATL,154,561,101,141,35,3,32,105,71,104,34,15,.251,.338,.496,.834
Ken K Griffey C,SEA,154,548,76,179,42,1,22,100,71,82,18,6,.327,.399,.527,.926
Ozzie O Guillen S,CWS,154,524,52,143,20,3,3,49,11,38,21,15,.273,.284,.340,.624
Felix F Jose R,STL,154,568,69,173,40,6,8,77,50,113,20,12,.305,.360,.438,.798
Mark M Mc Gwire,OAK,154,483,62,97,22,0,22,75,93,116,2,1,.201,.330,.383,.714
Mickey M Tettleton,DET,154,501,85,132,17,2,31,89,101,131,3,3,.263,.387,.491,.878
Barry B Bonds L,PIT,153,510,95,149,28,5,25,116,107,73,43,13,.292,.410,.514,.924
Chili C Davis D,MIN,153,534,84,148,34,1,29,93,95,117,5,6,.277,.385,.507,.892
Fred F Mc Griff,SD,153,528,84,147,19,1,31,106,105,135,4,1,.278,.396,.494,.890
Dale D Murphy R,PHI,153,544,66,137,33,1,18,81,48,93,1,0,.252,.309,.415,.724
Eddie E Murray,LA,153,576,69,150,23,1,19,96,55,74,10,3,.260,.321,.403,.724
Terry T Pendleton,ATL,153,586,94,187,34,8,22,86,43,70,10,2,.319,.363,.517,.880
Jody J Reed,BOS,153,618,87,175,42,2,5,60,60,53,6,5,.283,.349,.382,.731
Chris C Sabo,CIN,153,582,91,175,35,3,26,88,44,79,19,6,.301,.354,.505,.860
Juan J Samuel,LA,153,594,74,161,22,6,12,58,49,133,23,8,.271,.328,.389,.717
Steve S Buechele,PIT,152,530,74,139,22,3,22,85,49,97,0,5,.262,.331,.440,.771
Ken K Caminiti,HOU,152,574,65,145,30,3,13,80,46,85,4,5,.253,.312,.383,.695
Gary G Gaetti,CAL,152,586,58,144,22,1,18,66,33,104,5,5,.246,.293,.379,.672
John J Kruk,PHI,152,538,84,158,27,6,21,92,67,100,7,0,.294,.367,.483,.851
Don D Mattingly,NYY,152,587,64,169,35,0,9,68,46,42,2,0,.288,.339,.394,.732
Brian B Mc Rae C,KC,152,629,86,164,28,9,8,64,24,99,20,11,.261,.288,.372,.660
Pete P O' Brien,SEA,152,560,58,139,29,3,17,88,44,61,0,1,.248,.300,.402,.702
Paul P O' Neill R,CIN,152,532,71,136,36,0,28,91,73,107,12,7,.256,.346,.481,.827
Kirby K Puckett C,MIN,152,611,92,195,29,6,15,89,31,78,11,5,.319,.352,.460,.812
Benito B Santiago,SD,152,580,60,155,22,3,17,87,23,114,8,10,.267,.296,.403,.700
Casey C Candaele,HOU,151,461,44,121,20,7,4,50,40,49,9,3,.262,.319,.362,.682
Delino D De Shields,MON,151,563,83,134,15,4,10,51,95,151,56,23,.238,.347,.332,.680
Chuck C Knoblauch,MIN,151,565,78,159,24,6,1,50,59,40,25,5,.281,.351,.350,.701
Ray R Lankford C,STL,151,566,83,142,23,15,9,69,41,114,44,20,.251,.301,.392,.693
Tim T Wallach,MON,151,577,60,130,22,1,13,73,50,100,2,4,.225,.292,.334,.626
Dave D Henderson C,OAK,150,572,86,158,33,0,25,85,58,113,6,6,.276,.346,.465,.811
Jose J Lind,PIT,150,502,53,133,16,6,3,54,30,56,7,4,.265,.306,.339,.644
Edgar E Martinez,SEA,150,544,98,167,35,1,14,52,84,72,0,3,.307,.405,.452,.857
Luis L Polonia,CAL,150,604,92,179,28,8,2,50,52,74,48,23,.296,.352,.379,.731
Ozzie O Smith S,STL,150,550,96,157,30,3,3,50,83,36,35,9,.285,.380,.367,.747
Dave D Winfield R,CAL,150,568,75,149,27,4,28,86,56,109,7,2,.262,.326,.472,.798
George G Bell L,CHC,149,558,63,159,27,0,25,86,32,62,2,6,.285,.323,.468,.791
Rafael R Belliard S,ATL,149,353,36,88,9,2,0,27,22,63,3,1,.249,.296,.286,.582
Craig C Biggio,HOU,149,546,79,161,23,4,4,46,53,71,19,6,.295,.358,.374,.731
Andre A Dawson R,CHC,149,563,69,153,21,4,31,104,22,80,4,5,.272,.302,.488,.790
Mike M Devereaux C,BAL,149,608,82,158,27,10,19,59,47,115,16,9,.260,.313,.431,.744
Travis T Fryman,DET,149,557,65,144,36,3,21,91,40,149,12,5,.259,.309,.447,.756
Carlos C Quintana,BOS,149,478,69,141,21,1,11,71,61,66,1,0,.295,.375,.412,.787
Will W Clark,SF,148,565,84,170,32,7,29,116,51,91,4,2,.301,.359,.536,.895
Alvaro A Espinoza S,NYY,148,480,51,123,23,2,5,33,16,57,4,1,.256,.282,.344,.626
Marquis M Grissom C,MON,148,558,73,149,23,9,6,39,34,89,76,17,.267,.310,.373,.683
Kevin K Maas D,NYY,148,500,69,110,14,1,23,63,83,128,5,1,.220,.333,.390,.723
Mike M Greenwell L,BOS,147,544,76,163,26,6,9,83,43,35,15,5,.300,.350,.419,.769
Julio J Franco,TEX,146,589,108,201,27,3,15,78,65,78,36,9,.341,.408,.474,.882
Tony T Phillips,DET,146,564,87,160,28,4,17,72,79,95,10,5,.284,.371,.438,.809
Dickie D Thon S,PHI,146,539,44,136,18,4,9,44,25,84,11,5,.252,.283,.351,.634
Alvin A Davis D,SEA,145,462,39,102,15,1,12,69,56,78,0,3,.221,.299,.335,.635
Tony T Fernandez S,SD,145,558,81,152,27,5,4,38,55,74,23,9,.272,.337,.360,.697
Lenny L Harris,LA,145,429,59,123,16,1,3,38,37,32,12,3,.287,.349,.350,.698
Greg G Vaughn L,MIL,145,542,81,132,24,5,27,98,62,125,2,2,.244,.319,.456,.774
Wade W Boggs,BOS,144,546,93,181,42,2,8,51,89,32,1,2,.332,.421,.460,.881
Terry T Shumpert,KC,144,369,45,80,16,4,5,34,30,75,17,11,.217,.283,.322,.605
Robby R Thompson,SF,144,492,74,129,24,5,19,48,63,95,14,7,.262,.352,.447,.800
Wally W Joyner,CAL,143,551,79,166,34,3,21,96,52,66,2,0,.301,.360,.488,.848
Shane S Mack R,MIN,143,442,79,137,27,8,18,74,34,79,13,9,.310,.363,.529,.893
Kevin K Mc Reynolds L,NYM,143,522,65,135,32,1,16,74,49,46,6,6,.259,.322,.416,.738
Joe J Orsulak L,BAL,143,486,57,135,22,1,5,43,28,45,6,2,.278,.321,.358,.679
B. J. B Surhoff,MIL,143,505,57,146,19,4,5,68,26,33,5,8,.289,.319,.372,.691
Tom T Brunansky R,BOS,142,459,54,105,24,1,16,70,49,72,1,2,.229,.303,.390,.692
Shawon S Dunston,CHC,142,492,59,128,22,7,12,50,23,64,21,6,.260,.292,.407,.699
Juan J Gonzalez C,TEX,142,545,78,144,34,1,27,102,42,118,4,4,.264,.321,.479,.800
Charlie C Hayes,PHI,142,460,34,106,23,1,12,53,16,75,3,3,.230,.257,.363,.620
Omar O Vizquel S,SEA,142,426,42,98,16,4,1,41,45,37,7,2,.230,.302,.293,.595
Harold H Baines D,OAK,141,488,76,144,25,1,20,90,72,67,0,1,.295,.383,.473,.857
Mel M Hall R,NYY,141,492,67,140,23,2,19,80,26,40,0,1,.285,.321,.455,.776
Randy R Milligan,BAL,141,483,57,127,17,2,16,70,84,108,0,5,.263,.373,.406,.779
Tony T Peña Pena,BOS,141,464,45,107,23,2,5,48,37,53,8,3,.231,.291,.321,.612
Jack J Clark D,BOS,140,481,75,120,18,1,28,87,96,133,0,2,.249,.374,.466,.840
Jim J Gantner,MIL,140,526,63,149,27,4,2,47,27,34,4,6,.283,.320,.361,.681
Tom T Pagnozzi,STL,140,459,38,121,24,5,2,57,36,63,9,13,.264,.319,.351,.670
Greg G Briley L,SEA,139,381,39,99,17,3,2,26,27,51,23,11,.260,.307,.336,.642
Greg G Gagne S,MIN,139,408,52,108,23,3,8,42,26,72,11,9,.265,.310,.395,.705
John J Olerud,TOR,139,454,64,116,30,1,17,68,68,84,0,2,.256,.353,.438,.792
Spike S Owen,MON,139,424,39,108,22,8,3,26,42,61,2,6,.255,.321,.366,.686
Darryl D Strawberry R,LA,139,505,86,134,22,4,28,99,75,125,10,8,.265,.361,.491,.852
Billy B Hatcher L,CIN,138,442,45,116,25,3,4,41,26,55,11,9,.262,.312,.360,.671
Manuel M Lee S,TOR,138,445,41,104,18,3,0,29,24,107,7,2,.234,.274,.288,.561
Andy A Van Slyke C,PIT,138,491,87,130,24,7,17,83,71,85,10,3,.265,.355,.446,.801
Lou L Whitaker,DET,138,470,94,131,26,2,23,78,90,45,4,2,.279,.391,.489,.881
Daryl D Boston C,NYM,137,255,40,70,16,4,4,21,30,42,15,8,.275,.350,.416,.765
Jay J Buhner R,SEA,137,406,64,99,14,4,27,77,53,117,0,1,.244,.337,.498,.834
Kal K Daniels L,LA,137,461,54,115,15,1,17,73,63,116,6,1,.249,.337,.397,.734
Luis L Gonzalez,HOU,137,473,51,120,28,9,13,69,40,101,10,7,.254,.320,.433,.753
Gary G Pettis C,TEX,137,282,37,61,7,5,0,19,54,91,29,13,.216,.341,.277,.618
Larry L Walker R,MON,137,487,59,141,30,2,16,64,42,102,14,9,.290,.349,.458,.807
Gregg G Jefferies,NYM,136,486,59,132,19,2,9,62,47,38,26,5,.272,.336,.374,.711
Mark M Lemke,ATL,136,269,36,63,11,2,2,23,29,27,1,2,.234,.305,.312,.617
Hal H Morris,CIN,136,478,72,152,33,1,14,59,46,61,10,4,.318,.374,.479,.853
Kevin K Reimer L,TEX,136,394,46,106,22,0,20,69,33,93,0,3,.269,.332,.477,.809
Jim J Eisenreich L,KC,135,375,47,113,22,3,2,47,20,35,5,3,.301,.333,.392,.725
Matt M Nokes,NYY,135,456,52,122,20,0,24,77,25,49,3,2,.268,.308,.469,.778
Dante D Bichette R,MIL,134,445,53,106,18,3,15,59,22,107,14,8,.238,.272,.393,.665
Ivan I Calderon L,MON,134,470,69,141,22,3,19,75,53,64,31,16,.300,.368,.481,.848
Rob R Deer,DET,134,448,64,80,14,2,25,64,89,175,1,3,.179,.314,.386,.700
Carlton C Fisk,CWS,134,460,42,111,25,0,18,74,32,86,1,2,.241,.299,.413,.712
Tony T Gwynn R,SD,134,530,69,168,27,11,4,62,34,19,8,8,.317,.355,.432,.787
Rickey R Henderson L,OAK,134,470,105,126,17,1,18,57,98,73,58,18,.268,.400,.423,.823
Dan D Pasqua,CWS,134,417,71,108,22,5,18,66,62,86,0,2,.259,.358,.465,.823
Dick D Schofield S,CAL,134,427,44,96,9,3,0,31,50,69,8,4,.225,.310,.260,.570
Greg G Olson,ATL,133,411,46,99,25,0,6,44,44,48,1,1,.241,.316,.345,.662
Bill B Spiers S,MIL,133,414,71,117,13,6,8,54,34,55,14,8,.283,.337,.401,.738
Mike M Felder L,SF,132,348,51,92,10,6,0,18,30,31,21,6,.264,.325,.328,.652
Kirk K Gibson L,KC,132,462,81,109,17,6,16,55,69,103,18,4,.236,.341,.403,.744
Kent K Hrbek,MIN,132,462,72,131,20,1,20,89,67,48,4,4,.284,.373,.461,.834
Dave D Parker,TOR,132,502,47,120,26,2,11,59,33,98,3,3,.239,.288,.365,.653
Danny D Tartabull R,KC,132,484,78,153,35,3,31,100,65,121,6,3,.316,.397,.593,.990
Dave D Valle,SEA,132,324,38,63,8,1,8,32,34,49,0,2,.194,.286,.299,.586
George G Brett D,KC,131,505,77,129,40,2,10,61,58,75,2,0,.255,.327,.402,.730
Willie W Mc Gee C,SF,131,497,67,155,30,3,4,43,34,74,17,9,.312,.357,.408,.766
Ellis E Burks C,BOS,130,474,56,119,33,3,14,56,39,81,6,11,.251,.314,.422,.736
Robin R Yount C,MIL,130,503,66,131,20,4,10,77,54,79,6,4,.260,.332,.376,.707
Todd T Benzinger,KC,129,416,36,109,18,5,3,51,27,66,4,6,.262,.310,.351,.660
Jeff J Blauser S,ATL,129,352,49,91,14,3,11,54,54,59,5,6,.259,.358,.409,.767
Felix F Fermin S,CLE,129,424,30,111,13,2,0,31,26,27,5,4,.262,.307,.302,.609
Luis L Rivera S,BOS,129,414,64,107,22,3,8,40,35,86,4,4,.258,.318,.384,.702
Terry T Steinbach,OAK,129,456,50,125,31,1,6,67,22,70,2,2,.274,.312,.386,.698
Jose J Oquendo,STL,127,366,37,88,11,4,1,26,67,48,1,2,.240,.357,.301,.658
Dan D Gladden L,MIN,126,461,65,114,14,9,6,52,36,60,15,9,.247,.306,.356,.662
Roberto R Kelly C,NYY,126,486,68,130,22,2,20,69,45,77,32,9,.267,.333,.444,.777
Bill B Pecota,KC,125,398,53,114,23,2,6,45,41,45,16,7,.286,.356,.399,.756
Kevin K Bass R,SF,124,361,43,84,10,4,10,40,36,56,7,4,.233,.307,.366,.673
Dave D Magadan,NYM,124,418,58,108,23,0,4,51,83,50,1,1,.258,.378,.342,.720
Dave D Martinez R,MON,124,396,47,117,18,5,7,42,20,54,16,7,.295,.332,.419,.751
Otis O Nixon L,ATL,124,401,81,119,10,1,0,26,47,40,72,21,.297,.371,.327,.698
Willie W Randolph,MIL,124,431,60,141,14,3,0,54,75,38,4,2,.327,.424,.374,.798
Chico C Walker,CHC,124,374,51,96,10,1,6,34,33,57,13,5,.257,.315,.337,.652
Albert A Belle L,CLE,123,461,60,130,31,2,28,95,25,99,3,1,.282,.323,.540,.863
Brian B Downing D,TEX,123,407,76,113,17,2,17,49,58,70,1,1,.278,.377,.455,.831
Brian B Harper,MIN,123,441,54,137,28,1,10,69,14,22,1,2,.311,.336,.447,.783
Barry B Larkin S,CIN,123,464,88,140,27,4,20,69,55,64,24,6,.302,.378,.506,.884
Jerome J Walton C,CHC,123,270,42,59,13,1,5,17,19,55,7,3,.219,.275,.330,.604
Alex A Cole C,CLE,122,387,58,114,17,3,0,21,58,47,27,17,.295,.386,.354,.740
Darryl D Hamilton C,MIL,122,405,64,126,15,6,1,57,33,38,16,6,.311,.361,.385,.746
Darrin D Jackson C,SD,122,359,51,94,12,1,21,49,27,66,5,3,.262,.315,.476,.791
Brook B Jacoby,OAK,122,419,28,94,21,1,4,44,27,54,2,1,.224,.274,.308,.582
Lonnie L Smith,ATL,122,353,58,97,19,1,7,44,50,64,9,5,.275,.377,.394,.771
Kurt K Stillwell S,KC,122,385,44,102,17,1,6,51,33,56,3,4,.265,.322,.361,.683
Sam S Horn D,BAL,121,317,45,74,16,0,23,61,41,99,0,0,.233,.326,.502,.828
Stan S Javier,LA,121,176,21,36,5,3,1,11,16,36,7,1,.205,.268,.284,.552
Mike M Pagliarulo,MIN,121,365,38,102,20,0,6,36,21,55,1,2,.279,.322,.384,.706
Orlando O Merced,PIT,120,411,83,113,17,2,10,50,64,81,8,4,.275,.373,.399,.772
Jeff J Huson S,TEX,119,268,36,57,8,3,2,26,39,32,8,3,.213,.312,.287,.599
Lance L Parrish,CAL,119,402,38,87,12,0,19,51,35,117,0,1,.216,.285,.388,.674
Mike M Scioscia,LA,119,345,39,91,16,2,8,40,47,32,4,3,.264,.353,.391,.745
Jerald J Clark L,SD,118,369,26,84,16,0,10,47,31,90,2,1,.228,.295,.352,.647
Doug D Dascenzo C,CHC,118,239,40,61,11,0,1,18,24,26,14,7,.255,.327,.314,.641
Leo L Gomez,BAL,118,391,40,91,17,2,16,45,40,82,1,1,.233,.302,.409,.712
Al A Newman S,MIN,118,246,25,47,5,0,0,19,23,21,4,5,.191,.260,.211,.472
Bip B Roberts,SD,117,424,66,119,13,3,3,32,37,71,26,11,.281,.342,.347,.689
Tim T Teufel,SD,117,341,41,74,16,0,12,44,51,77,9,3,.217,.319,.370,.688
Sammy S Sosa R,CWS,116,316,39,64,10,1,10,33,14,98,13,6,.203,.240,.335,.576
Mark M Whiten R,CLE,116,407,46,99,18,7,9,45,30,85,4,3,.243,.297,.388,.685
Kevin K Elster S,NYM,115,348,33,84,16,2,6,36,40,53,2,3,.241,.318,.351,.669
Pedro P Guerrero,STL,115,427,41,116,12,1,8,70,37,46,4,2,.272,.326,.361,.687
Chris C James D,CLE,115,437,31,104,16,2,5,41,18,61,3,4,.238,.273,.318,.591
Milt M Thompson L,STL,115,326,55,100,16,5,6,34,32,53,16,9,.307,.368,.442,.809
Brady B Anderson L,BAL,113,256,40,59,12,3,2,27,38,44,12,5,.230,.338,.324,.662
Kelly K Gruber,TOR,113,429,58,108,18,2,20,65,31,70,12,7,.252,.308,.443,.751
Kevin K Mitchell L,SF,113,371,52,95,13,1,27,69,43,57,2,3,.256,.338,.515,.853
Luis L Sojo,CAL,113,364,38,94,14,1,3,20,14,26,4,2,.258,.295,.327,.622
Willie W Wilson L,OAK,113,294,38,70,14,4,0,28,18,43,20,5,.238,.290,.313,.603
Garry G Templeton S,NYM,112,276,25,61,10,2,3,26,10,38,3,2,.221,.246,.304,.550
Bill B Doran,CIN,111,361,51,101,12,2,6,35,46,39,5,4,.280,.359,.374,.732
Alfredo A Griffin S,LA,109,350,27,85,6,2,0,27,22,49,5,4,.243,.286,.271,.557
David D Justice R,ATL,109,396,67,109,25,1,21,87,65,81,8,8,.275,.377,.503,.880
Scott S Leius,MIN,109,199,35,57,7,2,5,20,30,35,5,5,.286,.378,.417,.795
Gerald G Perry,STL,109,242,29,58,8,4,6,36,22,34,15,8,.240,.300,.380,.680
Michael M La Valliere,PIT,108,336,25,97,11,2,3,41,33,27,2,1,.289,.351,.360,.711
Carmelo C Martinez,CIN,108,275,30,61,11,0,10,36,43,64,0,1,.222,.324,.371,.695
Ernest E Riles,OAK,108,281,30,60,8,4,5,32,31,42,3,2,.214,.290,.324,.614
Gerald G Young C,HOU,108,142,26,31,3,1,1,11,24,17,16,5,.218,.327,.275,.602
Jerry J Browne,CLE,107,290,28,66,5,2,1,29,27,29,2,4,.228,.292,.269,.561
Andres A Galarraga,MON,107,375,34,82,13,2,9,33,23,86,5,6,.219,.268,.336,.604
Craig C Grebeck,CWS,107,224,37,63,16,3,6,31,38,40,1,3,.281,.386,.460,.846
Chris C Hoiles,BAL,107,341,36,83,15,0,11,31,29,61,0,2,.243,.304,.384,.688
Greg G Myers,TOR,107,309,25,81,22,0,8,36,21,45,0,0,.262,.306,.411,.717
Mitch M Webster,LA,107,203,23,42,8,5,2,19,21,61,2,3,.207,.281,.325,.606
Mark M Carreon L,NYM,106,254,18,66,6,0,4,21,12,26,2,1,.260,.297,.331,.628
Thomas T Howard C,SD,106,281,30,70,12,3,4,22,24,57,10,7,.249,.309,.356,.665
Jeff J Treadway,ATL,106,306,41,98,17,2,3,32,23,19,2,2,.320,.368,.418,.787
Pat P Borders,TOR,105,291,22,71,17,0,5,36,11,45,0,0,.244,.271,.354,.625
Mike M Sharperson,LA,105,216,24,60,11,2,2,20,25,24,1,3,.278,.355,.375,.730
Geronimo G Pena,STL,104,185,38,45,8,3,5,17,18,45,15,5,.243,.322,.400,.722
Billy B Ripken,BAL,104,287,24,62,11,1,0,14,15,31,0,1,.216,.253,.261,.515
Hubie H Brooks R,NYM,103,357,48,85,11,1,16,50,44,62,3,1,.238,.324,.409,.733
Luis L Salazar,CHC,103,333,34,86,14,1,14,38,15,45,0,3,.258,.292,.432,.725
Franklin F Stubbs,MIL,103,362,48,77,16,2,11,38,35,71,13,4,.213,.282,.359,.641
Tom T Herr,SF,102,215,23,45,8,1,1,21,45,28,9,2,.209,.344,.270,.613
Mike M Huff R,CWS,102,243,42,61,10,2,3,25,37,48,14,4,.251,.361,.346,.707
Gary G Carter,LA,101,248,22,61,14,0,6,26,22,26,2,2,.246,.323,.375,.698
Wes W Chamberlain L,PHI,101,383,51,92,16,3,13,50,31,73,9,4,.240,.300,.399,.700
Dwight D Evans R,BAL,101,270,35,73,9,1,6,38,54,54,2,3,.270,.393,.378,.771
Rex R Hudler,STL,101,207,21,47,10,2,1,15,10,29,12,8,.227,.260,.309,.570
Ricky R Jordan,PHI,101,301,38,82,21,3,9,49,14,49,0,2,.272,.304,.452,.756
Rafael R Ramirez S,HOU,101,233,17,55,10,0,1,20,13,40,3,3,.236,.274,.292,.566
Alan A Trammell S,DET,101,375,57,93,20,0,9,55,37,39,11,2,.248,.320,.373,.693
Dave D Anderson S,SF,100,226,24,56,5,2,2,13,12,35,2,4,.248,.286,.314,.600
Juan J Bell,BAL,100,209,26,36,9,2,1,15,8,51,0,0,.172,.201,.249,.450
Joey J Cora,CWS,100,228,37,55,2,3,0,18,20,21,11,6,.241,.313,.276,.589
Mariano M Duncan,CIN,100,333,46,86,7,4,12,40,12,57,5,4,.258,.288,.411,.699
Joel J Skinner,CLE,99,284,23,69,14,0,1,24,14,67,0,2,.243,.279,.303,.582
Gary G Varsho R,PIT,99,187,23,51,11,2,4,23,19,34,9,2,.273,.344,.417,.762
Gene G Larkin R,MIN,98,255,34,73,14,1,2,19,30,21,2,3,.286,.361,.373,.734
Keith K Miller,NYM,98,275,41,77,22,1,4,23,23,44,14,4,.280,.345,.411,.756
Mickey M Morandini,PHI,98,325,38,81,11,4,1,20,29,45,13,2,.249,.313,.317,.630
Gary G Redus,PIT,98,252,45,62,12,2,7,24,28,39,17,3,.246,.324,.393,.717
Herm H Winningham C,CIN,98,169,17,38,6,1,1,4,11,40,4,4,.225,.272,.290,.562
Mike M Aldrete,CLE,97,198,24,48,6,1,1,20,39,41,1,3,.242,.364,.298,.662
Brian R. B Hunter,ATL,97,271,32,68,16,1,12,50,17,48,0,2,.251,.296,.450,.746
Pete P Incaviglia L,DET,97,337,38,72,12,1,11,38,36,92,1,3,.214,.290,.353,.643
Rance R Mulliniks D,TOR,97,240,27,60,12,1,2,24,44,44,0,0,.250,.364,.333,.697
Luis L Quinones,CIN,97,212,15,47,4,3,4,20,21,31,1,2,.222,.297,.325,.622
Mario M Diaz S,TEX,96,182,24,48,7,0,1,22,15,18,0,1,.264,.318,.319,.637
Pat P Kelly,NYY,96,298,35,72,12,4,3,23,15,52,12,1,.242,.288,.339,.626
Hensley H Meulens L,NYY,96,288,37,64,8,1,6,29,18,97,3,0,.222,.276,.319,.595
Mackey M Sasser,NYM,96,228,18,62,14,2,5,35,9,19,0,2,.272,.298,.417,.714
Mike M Stanley,TEX,95,181,25,45,13,1,3,25,34,44,0,0,.249,.372,.381,.753
Shawn S Abner C,CAL,94,216,27,42,10,2,3,14,11,43,1,2,.194,.236,.301,.537
Wally W Backman,PHI,94,185,20,45,12,0,0,15,30,30,3,2,.243,.344,.308,.652
Chris C Gwynn,LA,94,139,18,35,5,1,5,22,10,23,1,0,.252,.301,.410,.711
David D Howard S,KC,94,236,20,51,7,0,1,17,16,45,3,2,.216,.267,.258,.525
Joe J Oliver,CIN,94,269,21,58,11,0,11,41,18,53,0,0,.216,.265,.379,.644
Randy R Bush,MIN,93,165,21,50,10,1,6,23,24,25,0,2,.303,.401,.485,.886
Jose J Vizcaino,CHC,93,145,7,38,5,0,0,10,5,18,2,1,.262,.283,.297,.579
Sid S Bream,ATL,91,265,32,67,12,0,11,45,25,31,0,3,.253,.313,.423,.736
Jose J Gonzalez R,CLE,91,117,15,13,2,1,2,7,13,42,8,0,.111,.205,.197,.401
Mike M Kingery,SF,91,110,13,20,2,2,0,8,15,21,1,0,.182,.280,.236,.516
Jeff J Reed,CIN,91,270,20,72,15,2,3,31,23,38,0,1,.267,.321,.370,.691
Lance L Blankenship,OAK,90,185,33,46,8,0,3,21,23,42,12,3,.249,.336,.341,.677
Mike M Bordick S,OAK,90,235,21,56,5,1,0,21,14,37,3,4,.238,.289,.268,.557
Rick R Cerone,NYM,90,227,18,62,13,0,2,16,30,24,1,1,.273,.360,.357,.717
Scott S Fletcher,CWS,90,248,14,51,10,1,1,28,17,26,0,2,.206,.262,.266,.528
Dave D Gallagher C,CAL,90,270,32,79,17,0,1,30,24,43,2,4,.293,.355,.367,.721
Jack J Howell,SD,90,241,35,50,5,1,8,23,29,44,1,1,.207,.293,.336,.629
Dwight D Smith,CHC,90,167,16,38,7,2,3,21,11,32,2,3,.228,.279,.347,.627
Dale D Sveum S,MIL,90,266,33,64,19,1,4,43,32,78,2,4,.241,.320,.365,.685
Jose J Uribe S,SF,90,231,23,51,8,4,1,12,20,33,3,4,.221,.283,.303,.586
Darren D Daulton,PHI,89,285,36,56,12,0,12,42,41,66,5,0,.196,.297,.365,.662
Eric E Davis C,CIN,89,285,39,67,10,0,11,33,48,92,14,2,.235,.353,.386,.739
Ivan I Rodriguez,TEX,88,280,24,74,16,0,3,27,5,42,0,1,.264,.276,.354,.630
Steve S Lyons C,BOS,87,212,15,51,10,1,4,17,11,35,10,3,.241,.277,.354,.631
Geno G Petralli,TEX,87,199,21,54,8,1,2,20,21,25,2,1,.271,.339,.352,.691
Dave D Bergman,DET,86,194,23,46,10,1,7,29,35,40,1,1,.237,.351,.407,.758
Tom T Foley S,MON,86,168,12,35,11,1,0,15,14,30,2,0,.208,.269,.286,.554
Candy C Maldonado L,TOR,86,288,37,72,15,0,12,48,36,76,4,0,.250,.342,.427,.769
David D Segui,BAL,86,212,15,59,7,0,2,22,12,19,1,1,.278,.316,.340,.655
Rick R Wilkins,CHC,86,203,21,45,9,0,6,22,19,56,3,3,.222,.307,.355,.662
Mookie M Wilson L,TOR,86,241,26,58,12,4,2,28,8,35,11,3,.241,.277,.349,.626
Glenn G Braggs L,CIN,85,250,36,65,10,0,11,39,23,46,11,3,.260,.323,.432,.755
Mark M Davidson L,HOU,85,142,10,27,6,0,2,15,12,28,0,0,.190,.263,.275,.538
Brent B Mayne,KC,85,231,22,58,8,0,3,31,23,42,2,4,.251,.315,.325,.640
Lloyd L Mc Clendon,PIT,85,163,24,47,7,0,7,24,18,23,2,1,.288,.366,.460,.826
John J Morris,PHI,85,127,15,28,2,1,1,6,12,25,2,0,.220,.293,.276,.568
Kevin K Seitzer,KC,85,234,28,62,11,3,1,25,29,21,4,1,.265,.350,.350,.700
Curtis C Wilkerson,PIT,85,191,20,36,9,1,2,18,15,40,2,1,.188,.243,.277,.520
Bernie B Williams C,NYY,85,320,43,76,19,4,3,34,48,57,10,5,.238,.336,.350,.686
Jesse J Barfield R,NYY,84,284,37,64,12,0,17,48,36,80,1,0,.225,.312,.447,.759
Mark M Lewis,CLE,84,314,29,83,15,1,0,30,15,45,2,2,.264,.293,.318,.612
Mike M Macfarlane,KC,84,267,34,74,18,2,13,41,17,52,1,0,.277,.330,.506,.836
Jeff J Schaefer S,SEA,84,164,19,41,7,1,1,11,5,25,3,1,.250,.272,.323,.595
Scott S Bradley,SEA,83,172,10,35,7,0,0,11,19,19,0,0,.203,.280,.244,.524
Gilberto G Reyes,MON,83,207,11,45,9,0,0,13,19,51,2,4,.217,.285,.261,.546
Pat P Tabler,TOR,82,185,20,40,5,1,1,21,29,21,0,0,.216,.318,.270,.588
Max M Venable R,CAL,82,187,24,46,8,2,3,21,11,30,2,1,.246,.292,.358,.650
Bernard B Gilkey L,STL,81,268,28,58,7,2,5,20,39,33,14,8,.216,.316,.313,.630
Dean D Palmer,TEX,81,268,38,50,9,2,15,37,32,98,0,2,.187,.281,.403,.684
Matt M Merullo,CWS,80,140,8,32,1,0,5,21,9,18,0,0,.229,.268,.343,.611
Gary G Thurman L,KC,80,184,24,51,9,0,2,13,11,42,15,5,.277,.320,.359,.678
Randy R Velarde,NYY,80,184,19,45,11,1,1,15,18,43,3,1,.245,.322,.332,.654
Steve S Decker,SF,79,233,11,48,7,1,5,24,16,44,0,1,.206,.262,.309,.571
Tim T Hulett,BAL,79,206,29,42,9,0,7,18,13,49,0,1,.204,.255,.350,.604
Tracy T Jones L,SEA,79,175,30,44,8,1,3,24,18,22,2,0,.251,.321,.360,.681
Bob B Melvin,BAL,79,228,11,57,10,0,1,23,11,46,0,0,.250,.279,.307,.586
Eric E Yelding S,HOU,78,276,19,67,11,1,1,20,13,46,11,9,.243,.276,.301,.577
Von V Hayes C,PHI,77,284,43,64,15,1,0,21,31,42,9,2,.225,.303,.285,.589
Donnie D Hill,CAL,77,209,36,50,8,1,1,20,30,21,1,0,.239,.335,.301,.636
Barry B Jones,MON,77,1,0,0,0,0,0,0,0,0,0,0,.000,.000,.000,.000
Don D Slaught,PIT,77,220,19,65,17,1,1,29,21,32,1,0,.295,.363,.395,.759
Jamie J Quirk,OAK,76,203,16,53,4,0,1,17,16,28,0,3,.261,.321,.296,.617
Randy R Ready,PHI,76,205,32,51,10,1,1,20,47,25,2,1,.249,.385,.322,.707
Paul P Assenmacher,CHC,75,4,1,1,0,0,0,0,1,1,0,0,.250,.400,.250,.650
Skeeter S Barnes,DET,75,159,28,46,13,2,5,17,9,24,10,7,.289,.325,.491,.816
Ron R Karkovice,CWS,75,167,25,41,13,0,5,22,15,42,0,0,.246,.310,.413,.723
Vance V Law,OAK,74,134,11,28,7,1,0,9,18,27,0,0,.209,.303,.276,.579
Lloyd L Moseby,DET,74,260,37,68,15,1,6,35,21,43,8,1,.262,.321,.396,.717
Mike M Stanton,ATL,74,6,0,3,1,0,0,1,1,1,0,0,.500,.571,.667,1.238
Mo M Vaughn,BOS,74,219,21,57,12,0,4,32,26,43,2,1,.260,.339,.370,.708
Eric E Bullock,MON,73,72,6,16,4,0,1,6,9,13,6,1,.222,.305,.319,.624
Juan J Agosto,STL,72,3,0,1,0,0,0,0,1,2,0,0,.333,.500,.333,.833
Tim T Burke,NYM,72,6,0,0,0,0,0,0,0,4,0,0,.000,.000,.000,.000
Vince V Coleman C,NYM,72,278,45,71,7,5,1,17,39,47,37,14,.255,.347,.327,.674
Tommy T Gregg,ATL,72,107,13,20,8,1,1,4,12,24,2,2,.187,.275,.308,.583
Glenallen G Hill C,CLE,72,221,29,57,8,2,8,25,23,54,6,4,.258,.324,.421,.745
Darren D Lewis C,SF,72,222,41,55,5,3,1,15,36,30,13,7,.248,.358,.311,.668
Carlos C Martinez D,CLE,72,257,22,73,14,0,5,30,10,43,3,2,.284,.310,.397,.707
Roger R Mc Dowell,LA,72,2,0,0,0,0,0,0,0,0,0,0,.000,.000,.000,.000
Mike M Fitzgerald,MON,71,198,17,40,5,2,4,28,22,35,4,2,.202,.278,.308,.586
Rene R Gonzales S,TOR,71,118,16,23,3,0,1,6,12,22,0,0,.195,.289,.246,.535
Chuck C Mc Elroy,CHC,71,10,1,3,1,0,0,2,0,3,0,1,.300,.300,.400,.700
Warren W Newson R,CWS,71,132,20,39,5,0,4,25,28,34,2,2,.295,.419,.424,.843
Al A Osuna,HOU,71,2,1,0,0,0,0,1,0,1,0,0,.000,.000,.000,.000
Cory C Snyder R,TOR,71,166,14,29,4,1,3,17,9,60,0,0,.175,.216,.265,.481
Hector H Villanueva,CHC,71,192,23,53,10,1,13,32,21,30,0,0,.276,.346,.542,.888
Warren W Cromartie,KC,69,131,13,41,7,2,1,20,15,18,1,3,.313,.381,.420,.801
Jeff J Innis,NYM,69,2,0,0,0,0,0,0,0,1,0,0,.000,.000,.000,.000
Terry T Kennedy,SF,69,171,12,40,7,1,3,13,11,31,0,0,.234,.283,.339,.622
Charlie C O' Brien,NYM,69,168,16,31,6,0,2,14,17,25,0,2,.185,.272,.256,.528
Mitch M Williams,PHI,69,1,0,0,0,0,0,0,1,1,0,0,.000,.500,.000,.500
Joe J Boever,PHI,68,3,0,1,0,0,0,0,0,0,0,0,.333,.333,.333,.667
Ted T Power,CIN,68,3,0,0,0,0,0,1,1,3,0,0,.000,.250,.000,.250
Jeff J Brantley,SF,67,3,0,0,0,0,0,0,0,1,0,0,.000,.000,.000,.000
Andujar A Cedeno S,HOU,67,251,27,61,13,2,9,36,9,74,4,3,.243,.270,.418,.688
Rob R Dibble,CIN,67,2,0,0,0,0,0,0,0,0,0,0,.000,.000,.000,.000
Kirt K Manwaring,SF,67,178,16,40,9,0,0,19,9,22,1,1,.225,.271,.275,.546
Chito C Martinez R,BAL,67,216,32,58,12,1,13,33,11,51,1,1,.269,.303,.514,.816
Junior J Noboa,MON,67,95,5,23,3,0,1,2,1,8,2,3,.242,.250,.305,.555
Lee L Smith,STL,67,0,0,0,0,0,0,0,0,0,0,0,.000,.000,.000,.000
Henry H Cotto L,SEA,66,177,35,54,6,2,6,23,10,27,16,3,.305,.347,.463,.811
Junior J Felix C,CAL,66,230,32,65,10,2,2,26,11,55,7,5,.283,.321,.370,.691
Dave D Cochrane L,SEA,65,178,16,44,13,0,2,22,9,38,0,1,.247,.286,.354,.640
Jim J Lindeman,PHI,65,95,13,32,5,0,0,12,13,14,0,1,.337,.413,.389,.802
Rich R Rodriguez,SD,65,5,0,0,0,0,0,0,0,2,0,0,.000,.000,.000,.000
Scott S Terry,STL,65,7,1,1,0,0,0,1,0,2,0,0,.143,.143,.143,.286
Bob B Geren,NYY,64,128,7,28,3,0,2,12,9,31,0,1,.219,.270,.289,.559
Les L Lancaster,CHC,64,28,2,5,2,0,0,2,0,13,0,0,.179,.179,.250,.429
Mark M Leonard,SF,64,129,14,31,7,1,2,14,12,25,0,1,.240,.306,.357,.662
Mike M Maddux,SD,64,13,1,1,0,0,0,0,2,4,0,0,.077,.200,.077,.277
Scott S Ruskin,MON,64,2,1,0,0,0,0,0,1,1,0,0,.000,.333,.000,.333
Damon D Berryhill,ATL,63,160,13,30,7,0,5,14,11,42,1,2,.188,.243,.325,.568
Mike M Brumley S,BOS,63,118,16,25,5,0,0,5,10,22,2,0,.212,.273,.254,.528
Lenny L Dykstra C,PHI,63,246,48,73,13,5,3,12,37,20,24,4,.297,.391,.427,.818
Pat P Sheridan,NYY,62,113,13,23,3,0,4,7,13,30,1,1,.204,.286,.336,.622
Bill B Landrum,PIT,61,4,0,0,0,0,0,0,0,3,0,0,.000,.000,.000,.000
Junior J Ortiz,MIN,61,134,9,28,5,1,0,11,15,12,0,1,.209,.293,.261,.554
Dave D Righetti,SF,61,3,0,0,0,0,0,0,0,2,0,0,.000,.000,.000,.000
Ed E Sprague,TOR,61,160,17,44,7,0,4,20,19,43,0,3,.275,.361,.394,.754
Andy A Allanson,DET,60,151,10,35,10,0,1,16,7,31,0,1,.232,.266,.318,.584
Stan S Belinda,PIT,60,7,0,0,0,0,0,1,2,5,0,0,.000,.222,.000,.222
Scott S Coolbaugh,SD,60,180,12,39,8,1,2,15,19,45,0,3,.217,.294,.306,.599
Tim T Crews,LA,60,1,0,0,0,0,0,0,1,1,0,0,.000,.500,.000,.500
Rick R Dempsey,MIL,60,147,15,34,5,0,4,21,23,20,0,2,.231,.329,.347,.676
Craig C Wilson,STL,60,82,5,14,2,0,0,13,6,10,0,0,.171,.222,.195,.417
John J Candelaria,LA,59,0,0,0,0,0,0,0,0,0,0,0,.000,.000,.000,.000
Cris C Carpenter,STL,59,3,0,1,0,0,0,1,0,0,0,0,.333,.333,.333,.667
Greg G Litton,SF,59,127,13,23,7,1,1,15,11,25,0,2,.181,.250,.276,.526
Alejandro A Pena,ATL,59,1,0,0,0,0,0,0,0,1,0,0,.000,.000,.000,.000
Jack J Daugherty L,TEX,58,144,8,28,3,2,1,11,16,23,1,0,.194,.270,.264,.534
Mike M Hartley,PHI,58,5,0,0,0,0,0,0,0,1,0,0,.000,.000,.000,.000
Steve S Lake,PHI,58,158,12,36,4,1,1,11,2,26,0,0,.228,.238,.285,.522
Randy R Myers,CIN,58,29,3,5,1,0,0,2,1,16,0,0,.172,.200,.207,.407
Bret B Barberie,MON,57,136,16,48,12,2,2,18,20,22,0,0,.353,.435,.515,.950
Paul P Faries,SD,57,130,13,23,3,1,0,7,14,21,3,1,.177,.262,.215,.478
Alonzo A Powell L,SEA,57,111,16,24,6,1,3,12,11,24,0,2,.216,.288,.369,.657
Luis L Alicea,STL,56,68,5,13,3,0,0,0,8,19,0,1,.191,.276,.235,.512
Dave D Hollins,PHI,56,151,18,45,10,2,6,21,17,26,1,1,.298,.378,.510,.888
Ced C Landrum L,CHC,56,86,28,20,2,1,0,6,10,18,27,5,.233,.313,.279,.592
Curt C Schilling,HOU,56,3,0,1,0,0,0,1,0,0,0,0,.333,.333,.333,.667
Jim J Gott,LA,55,2,0,1,0,0,0,0,0,1,0,0,.500,.500,.500,1.000
Francisco F Oliveras,SF,55,10,0,2,0,0,0,0,0,4,0,0,.200,.200,.200,.400
Mike M Benjamin S,SF,54,106,12,13,3,0,2,8,7,26,3,0,.123,.188,.208,.396
Jim J Clancy,ATL,54,6,0,0,0,0,0,0,0,2,0,0,.000,.000,.000,.000
Craig C Lefferts,SD,54,6,0,0,0,0,0,0,0,4,0,0,.000,.000,.000,.000
Bob B Patterson,PIT,54,4,1,1,0,0,0,0,0,2,0,0,.250,.250,.250,.500
Deion D Sanders L,ATL,54,110,16,21,1,2,4,13,12,23,11,3,.191,.270,.345,.616
Dave D Hansen,LA,53,56,3,15,4,0,1,5,2,12,1,0,.268,.293,.393,.686
Ken K Oberkfell,HOU,53,70,7,16,4,0,0,14,14,8,0,0,.229,.357,.286,.643
Phil P Plantier R,BOS,53,148,27,49,7,1,11,35,23,38,1,0,.331,.420,.615,1.034
John J Shelby L,DET,53,143,19,22,8,1,3,8,8,23,0,2,.154,.204,.287,.491
John J Franco,NYM,52,1,0,0,0,0,0,0,0,1,0,0,.000,.000,.000,.000
Ron R Hassey,MON,52,119,5,27,8,0,1,14,13,16,1,1,.227,.301,.319,.620
Dwayne D Henry,HOU,52,1,0,0,0,0,0,0,0,1,0,0,.000,.000,.000,.000
Chris C Jones,CIN,52,89,14,26,1,2,2,6,2,31,2,1,.292,.304,.416,.720
Bob B Kipper,PIT,52,1,0,0,0,0,0,0,0,0,0,0,.000,.000,.000,.000
Jose J Offerman S,LA,52,113,10,22,2,0,0,3,25,32,3,2,.195,.345,.212,.558
Heathcliff H Slocumb,CHC,52,1,0,0,0,0,0,0,0,0,0,0,.000,.000,.000,.000
Sandy S Alomar,CLE,51,184,10,40,9,0,0,7,8,24,0,4,.217,.264,.266,.530
Jeff J Fassero,MON,51,3,0,0,0,0,0,0,1,2,0,0,.000,.250,.000,.250
Pedro P Munoz R,MIN,51,138,15,39,7,1,7,26,9,31,3,0,.283,.327,.500,.827
Kent K Mercker,ATL,50,10,0,1,0,0,0,2,1,7,0,0,.100,.182,.100,.282
Gary G Sheffield,MIL,50,175,25,34,12,2,2,22,19,15,5,5,.194,.277,.320,.597
Juan J Berenguer,ATL,49,5,0,0,0,0,0,0,0,3,0,0,.000,.000,.000,.000
Glenn G Davis,BAL,49,176,29,40,9,1,10,28,16,29,4,0,.227,.307,.460,.767
Mike M Heath,ATL,49,139,4,29,3,1,1,12,7,26,0,0,.209,.250,.266,.516
John J Marzano,BOS,49,114,10,30,8,0,0,9,1,16,0,0,.263,.271,.333,.604
Mike M Simms R,HOU,49,123,18,25,5,0,3,16,18,38,1,0,.203,.301,.317,.618
Beau B Allred R,CLE,48,125,17,29,3,0,3,12,25,35,2,2,.232,.359,.328,.688
Kevin K Gross,LA,48,25,4,7,1,0,0,3,2,14,0,0,.280,.333,.320,.653
Keith K Mitchell L,ATL,48,66,11,21,0,0,2,5,8,12,3,1,.318,.392,.409,.801
Turner T Ward R,TOR,48,113,12,27,7,0,0,7,11,18,0,0,.239,.306,.301,.607
Trevor T Wilson,SF,48,51,7,12,1,0,1,5,4,16,0,0,.235,.304,.314,.617
Jim J Corsi,HOU,47,1,0,0,0,0,0,0,0,1,0,0,.000,.000,.000,.000
Jeff J Manto,CLE,47,128,15,27,7,0,2,13,14,22,2,0,.211,.306,.313,.619
Javier J Ortiz,HOU,47,83,7,23,4,1,1,5,14,14,0,0,.277,.381,.386,.767
Kenny K Williams R,MON,47,99,16,25,7,2,1,4,7,27,3,1,.253,.312,.394,.706
Darrin D Fletcher,PHI,46,136,5,31,8,0,1,12,5,15,0,1,.228,.255,.309,.564
Rich R Gedman,STL,46,94,7,10,1,0,3,8,4,15,0,1,.106,.140,.213,.353
Kelly K Downs,SF,45,23,3,2,0,0,0,1,1,5,0,0,.087,.125,.087,.212
Jose J Hernandez S,TEX,45,98,8,18,2,1,0,4,3,31,0,1,.184,.208,.224,.432
Ron R Tingley,CAL,45,115,11,23,7,0,1,13,8,34,1,1,.200,.258,.287,.545
Francisco F Cabrera,ATL,44,95,7,23,6,0,4,23,6,20,1,1,.242,.284,.432,.716
Neal N Heaton,PIT,44,14,0,4,1,0,0,1,1,2,0,0,.286,.333,.357,.690
Jay J Howell,LA,44,0,0,0,0,0,0,0,0,0,0,0,.000,.000,.000,.000
Scott S Livingstone,DET,44,127,19,37,5,0,2,11,10,25,2,1,.291,.341,.378,.718
Karl K Rhodes R,HOU,44,136,7,29,3,1,1,12,14,26,2,2,.213,.289,.272,.562
Kevin K Romine,BOS,44,55,7,9,2,0,1,7,3,10,1,1,.164,.207,.255,.461
Jose J Tolentino,HOU,44,54,6,14,4,0,1,6,4,9,0,0,.259,.305,.389,.694
Kevin K Ward L,SD,44,107,13,26,7,2,2,8,9,27,1,4,.243,.308,.402,.710
Cecil C Espy,PIT,43,82,7,20,4,0,1,11,5,17,4,0,.244,.281,.329,.610
Bill B Sampen,MON,43,13,2,3,0,0,0,1,0,6,0,0,.231,.231,.231,.462
Doug D Simons,NYM,42,3,0,0,0,0,0,0,0,0,0,0,.000,.000,.000,.000
Mike M Bielecki,ATL,41,46,1,3,0,0,0,7,3,21,0,0,.065,.122,.065,.188
Norm N Charlton,CIN,41,23,1,1,1,0,0,0,0,10,0,0,.043,.043,.087,.130
Jeff J Hamilton,LA,41,94,4,21,4,0,1,14,4,21,0,0,.223,.255,.298,.553
Nelson N Santovenia,MON,41,96,7,24,5,0,2,14,2,18,0,0,.250,.255,.365,.620
Tony T Perezchica S,CLE,40,70,6,19,6,1,0,3,5,17,0,1,.271,.320,.386,.706
Bob B Scanlan,CHC,40,24,0,1,0,0,0,1,1,10,0,0,.042,.080,.042,.122
Walt W Weiss S,OAK,40,133,15,30,6,1,0,13,12,14,6,0,.226,.286,.286,.571
Eric E Anthony R,HOU,39,118,11,18,6,0,1,7,12,41,1,0,.153,.227,.229,.456
Rob R Ducey L,TOR,39,68,8,16,2,2,1,4,6,26,2,0,.235,.297,.368,.665
Greg G Maddux,CHC,39,88,8,18,2,0,1,7,2,24,1,0,.205,.222,.261,.484
Wally W Ritchie,PHI,39,3,0,0,0,0,0,0,0,2,0,0,.000,.000,.000,.000
Larry L Andersen,SD,38,2,0,0,0,0,0,0,0,1,0,0,.000,.000,.000,.000
Oscar O Azocar,SD,38,57,5,14,2,0,0,9,1,9,2,0,.246,.267,.281,.547
Jarvis J Brown,MIN,38,37,10,8,0,0,0,0,2,8,7,1,.216,.256,.216,.473
Tommy T Greene,PHI,38,71,4,19,2,0,2,7,4,15,0,0,.268,.307,.380,.687
Tom T Lampkin,SD,38,58,4,11,3,1,0,3,3,9,0,0,.190,.230,.276,.505
John J Smoltz,ATL,38,65,7,7,3,0,0,3,5,28,0,0,.108,.171,.154,.325
Steve S Avery,ATL,37,79,4,17,1,1,0,2,4,31,1,0,.215,.253,.253,.506
Chris C Donnels,NYM,37,89,7,20,2,0,0,5,14,19,1,1,.225,.330,.247,.577
Darryl D Kile,HOU,37,38,2,0,0,0,0,1,3,23,0,0,.000,.073,.000,.073
Mel M Rojas,MON,37,4,0,0,0,0,0,0,0,3,0,0,.000,.000,.000,.000
Craig C Shipley S,SD,37,91,6,25,3,0,1,6,2,14,0,1,.275,.298,.341,.638
Tim T Spehr,KC,37,74,7,14,5,0,3,14,9,18,1,0,.189,.282,.378,.661
John J Wehner,PIT,37,106,15,36,7,0,0,7,7,17,3,0,.340,.381,.406,.786
Scott S Brosius,OAK,36,68,9,16,5,0,2,4,3,11,3,1,.235,.268,.397,.665
Tom T Browning,CIN,36,70,3,12,3,0,1,5,3,19,0,1,.171,.205,.257,.463
John J Burkett,SF,36,55,0,5,1,0,0,1,3,26,0,0,.091,.138,.109,.247
Doug D Drabek,PIT,36,84,6,15,1,0,0,2,1,28,0,0,.179,.188,.190,.379
Tom T Glavine,ATL,36,74,1,17,1,0,0,6,6,19,1,0,.230,.288,.243,.531
Charlie C Leibrandt,ATL,36,70,1,3,2,1,0,2,3,18,0,0,.043,.082,.100,.182
Tino T Martinez,SEA,36,112,11,23,2,0,4,9,11,24,0,0,.205,.272,.330,.602
Vicente V Palacios,PIT,36,14,0,1,0,0,0,0,0,7,0,0,.071,.071,.071,.143
Zane Z Smith,PIT,36,71,3,13,3,0,0,10,3,8,0,0,.183,.224,.225,.449
Wally W Whitehurst,NYM,36,33,2,6,1,0,0,0,2,6,0,0,.182,.229,.212,.441
Bud B Black,SF,35,71,3,13,3,0,0,6,0,20,0,0,.183,.183,.225,.408
Willie W Fraser,STL,35,2,0,0,0,0,0,0,0,2,0,0,.000,.000,.000,.000
Luis L Lopez,CLE,35,82,7,18,4,1,0,7,4,7,0,0,.220,.261,.293,.554
Terry T Mulholland,PHI,35,80,3,7,0,0,0,0,1,32,1,0,.088,.110,.088,.197
Don D Robinson,SF,35,40,1,6,1,0,0,4,1,13,0,0,.150,.171,.175,.346
Pete P Schourek,NYM,35,22,0,3,1,0,0,3,2,9,0,0,.136,.208,.182,.390
Dave D Smith,CHC,35,1,0,0,0,0,0,0,0,0,0,0,.000,.000,.000,.000
Frank F Viola,NYM,35,71,2,9,2,0,0,1,2,13,0,0,.127,.151,.155,.306
Ernie E Whitt,BAL,35,62,5,15,2,0,0,3,8,12,0,0,.242,.329,.274,.603
David D Cone,NYM,34,72,3,9,0,0,0,5,3,14,0,0,.125,.179,.125,.304
Marvin M Freeman,ATL,34,7,0,0,0,0,0,0,0,5,0,0,.000,.000,.000,.000
Mike M Morgan,LA,34,76,2,7,0,0,0,3,1,11,0,0,.092,.101,.092,.193
Tim T Belcher,LA,33,67,3,8,2,0,0,3,0,26,0,0,.119,.119,.149,.269
Andy A Benes,SD,33,62,4,2,0,0,1,1,6,29,0,0,.032,.143,.081,.224
Pete P Harnisch,HOU,33,62,4,6,1,0,0,4,4,21,0,1,.097,.149,.113,.262
Jeff J King,PIT,33,109,16,26,1,1,4,18,14,15,3,1,.239,.328,.376,.704
Ramon R Martinez,LA,33,77,6,9,1,0,1,9,1,25,0,0,.117,.128,.169,.297
Mark M Portugal,HOU,33,46,4,9,1,0,0,3,4,4,0,0,.196,.269,.217,.487
Mark M Salas,DET,33,57,2,5,1,0,1,7,0,10,0,0,.088,.117,.158,.275
John J Smiley,PIT,33,70,3,7,0,0,0,3,3,24,0,0,.100,.137,.100,.237
Xavier X Hernandez,HOU,32,10,0,0,0,0,0,0,2,7,0,0,.000,.167,.000,.167
Jim J Leyritz,NYY,32,77,8,14,3,0,0,4,13,15,0,1,.182,.300,.221,.521
Dennis D Martinez,MON,32,72,8,11,4,0,0,2,1,24,0,0,.153,.164,.208,.373
Bob B Mc Clure,STL,32,1,1,1,0,0,0,0,0,0,0,0,1.000,1.000,1.000,2.000
Randy R Tomlin,PIT,32,52,5,10,1,0,0,2,2,18,0,0,.192,.222,.212,.434
Rod R Beck,SF,31,2,0,1,0,0,0,0,0,0,0,0,.500,.500,.500,1.000
Sean S Berry,KC,31,60,5,8,3,0,0,1,5,23,0,0,.133,.212,.183,.396
Greg G Brock,MIL,31,60,9,17,4,0,1,6,14,9,1,1,.283,.419,.400,.819
Jose J De Jesus,PHI,31,62,3,8,0,0,0,4,2,39,0,0,.129,.156,.129,.285
Steve S Frey,MON,31,2,0,0,0,0,0,0,1,2,0,0,.000,.333,.000,.333
Bruce B Hurst,SD,31,67,3,9,1,0,0,6,4,23,0,0,.134,.183,.149,.332
Reggie R Jefferson,CLE,31,108,11,21,3,0,3,13,4,24,0,0,.194,.221,.306,.527
Jose J Melendez,SD,31,20,1,2,1,0,0,0,1,14,0,0,.100,.143,.150,.293
Bob B Ojeda,LA,31,56,2,9,0,0,1,3,3,10,0,0,.161,.200,.214,.414
Jose J Rijo,CIN,31,67,7,14,0,0,0,5,2,13,0,1,.209,.232,.209,.441
Bruce B Ruffin,PHI,31,24,0,0,0,0,0,0,4,18,0,0,.000,.143,.000,.143
Gary G Scott,CHC,31,79,8,13,3,0,1,5,13,14,0,1,.165,.305,.241,.546
Bryn B Smith,STL,31,65,6,16,1,0,0,8,1,11,0,0,.246,.254,.262,.515
Craig C Worthington,BAL,31,102,11,23,3,0,4,12,12,14,0,1,.225,.313,.373,.686
Darrel D Akerfelds,PHI,30,3,0,0,0,0,0,0,0,3,0,0,.000,.000,.000,.000
Shawn S Boskie,CHC,30,41,3,7,0,1,1,2,3,15,0,0,.171,.227,.293,.520
Ken K Griffey L,SEA,30,85,10,24,7,0,1,9,13,13,0,0,.282,.380,.400,.780
Ken K Hill,STL,30,50,2,5,0,0,0,3,4,12,0,0,.100,.167,.100,.267
Bob B Tewksbury,STL,30,58,5,9,1,0,0,2,4,16,0,0,.155,.210,.172,.382
Kip K Gross,CIN,29,22,1,2,0,0,0,1,0,6,0,0,.091,.091,.091,.182
John J Orton,CAL,29,69,7,14,4,0,0,3,10,17,0,1,.203,.313,.261,.573
Dave D Rohde,HOU,29,41,3,5,0,0,0,0,5,8,0,0,.122,.217,.122,.339
Brian B Barnes,MON,28,49,1,4,0,0,0,1,7,19,0,0,.082,.196,.082,.278
Rod R Booker S,PHI,28,53,3,12,1,0,0,7,1,7,0,0,.226,.236,.245,.482
Don D Carman,CIN,28,5,0,0,0,0,0,1,0,3,0,0,.000,.000,.000,.000
Braulio B Castillo C,PHI,28,52,3,9,3,0,0,2,1,15,1,1,.173,.189,.231,.419
Jose J De Leon,STL,28,46,0,2,0,0,0,0,0,17,0,0,.043,.043,.043,.087
Jim J Deshaies,HOU,28,41,1,4,0,0,0,0,4,16,0,0,.098,.178,.098,.275
Ron R Jones,PHI,28,26,0,4,2,0,0,3,2,9,0,0,.154,.214,.231,.445
Omar O Olivares,STL,28,53,4,12,3,0,0,6,2,16,0,0,.226,.255,.283,.538
Jack J Armstrong,CIN,27,43,3,4,1,0,0,2,1,18,0,0,.093,.114,.116,.230
John J Costello,SD,27,1,0,0,0,0,0,0,0,1,0,0,.000,.000,.000,.000
Mark M Gardner,MON,27,55,1,5,0,0,0,4,1,18,0,0,.091,.107,.091,.198
Dwight D Gooden,NYM,27,63,7,15,3,0,1,6,0,9,1,1,.238,.238,.333,.571
Andy A Mota,HOU,27,90,4,17,2,0,1,6,1,17,2,0,.189,.198,.244,.442
Scott S Scudder,CIN,27,29,2,3,0,0,1,1,0,11,0,0,.103,.103,.207,.310
Jim J Thome,CLE,27,98,7,25,4,2,1,9,5,16,1,1,.255,.298,.367,.665
Jimmy J Jones,HOU,26,38,4,7,1,0,0,0,3,11,0,0,.184,.244,.211,.454
Tom T Prince,PIT,26,34,4,9,3,0,1,2,7,3,0,0,.265,.405,.441,.846
Paul P Sorrento,MIN,26,47,6,12,2,0,4,13,4,11,0,0,.255,.314,.553,.867
Eddie E Taubensee,CLE,26,66,5,16,2,1,0,8,5,16,0,0,.242,.288,.303,.591
Mike M Capel,HOU,25,0,0,0,0,0,0,0,0,0,0,0,.000,.000,.000,.000
Mike M Humphreys L,NYY,25,40,9,8,0,0,0,3,9,7,2,0,.200,.347,.200,.547
Dennis D Rasmussen,SD,25,44,3,6,1,0,0,0,5,12,0,0,.136,.224,.159,.384
Bob B Walk,PIT,25,39,2,8,1,0,1,5,1,11,0,0,.205,.225,.308,.533
Freddie F Benavides S,CIN,24,63,11,18,1,0,0,3,1,15,1,0,.286,.303,.302,.605
Brad B Komminsk R,OAK,24,25,1,3,1,0,0,2,2,9,1,0,.120,.185,.160,.345
Rob R Mallicoat,HOU,24,1,0,0,0,0,0,0,0,0,0,0,.000,.000,.000,.000
Mike M Marshall,CAL,24,69,4,18,4,0,1,7,0,20,0,0,.261,.261,.362,.623
Roger R Mason,PIT,24,0,1,0,0,0,0,0,1,0,0,0,.000,1.000,.000,1.000
Chris C Nabholz,MON,24,52,5,6,0,0,0,1,3,14,0,0,.115,.164,.115,.279
Denny D Walling,TEX,24,44,1,4,1,0,0,2,3,8,0,0,.091,.184,.114,.297
Danny D Cox,PHI,23,29,4,3,0,0,0,1,2,16,0,0,.103,.161,.103,.265
Scott S Hemond,OAK,23,23,4,5,0,0,0,0,1,7,1,2,.217,.250,.217,.467
Bo B Jackson D,CWS,23,71,8,16,4,0,3,14,12,25,0,1,.225,.333,.408,.742
Tim T Layana,CIN,23,1,0,0,0,0,0,0,0,1,0,0,.000,.000,.000,.000
Rick R Mahler,ATL,23,14,0,2,1,0,0,0,0,4,0,0,.143,.143,.214,.357
Terry T Mc Daniel L,NYM,23,29,3,6,1,0,0,2,1,11,2,0,.207,.233,.241,.475
Milt M Hill,CIN,22,1,0,0,0,0,0,0,0,1,0,0,.000,.000,.000,.000
Torey T Lovullo,NYY,22,51,0,9,2,0,0,2,5,7,0,0,.176,.250,.216,.466
Bobby B Rose,CAL,22,65,5,18,5,1,1,8,3,13,0,0,.277,.304,.431,.735
John J Russell,TEX,22,27,3,3,0,0,0,1,1,7,0,0,.111,.138,.111,.249
George G Canale,MIL,21,34,6,6,2,0,3,10,8,6,0,0,.176,.318,.500,.818
Joe J Girardi,CHC,21,47,3,9,2,0,0,6,6,6,0,0,.191,.283,.234,.517
Orel O Hershiser,LA,21,31,6,8,2,0,0,2,3,8,1,0,.258,.324,.323,.646
Dann D Howitt R,OAK,21,42,5,7,1,0,1,3,1,12,0,0,.167,.182,.262,.444
Todd T Hundley,NYM,21,60,5,8,0,1,1,7,6,14,0,0,.133,.221,.217,.437
Wayne W Kirby R,CLE,21,43,4,9,2,0,0,5,2,6,1,2,.209,.239,.256,.495
Mark M Mc Lemore,HOU,21,61,6,9,1,0,0,2,6,13,0,1,.148,.221,.164,.384
Doug D Piatt,MON,21,1,0,0,0,0,0,0,0,0,0,0,.000,.000,.000,.000
John J Vander Wal L,MON,21,61,4,13,4,1,1,8,1,18,0,0,.213,.222,.361,.583
Dennis D Cook,LA,20,1,0,0,0,0,0,0,0,1,0,0,.000,.000,.000,.000
Ron R Darling,MON,20,40,0,5,4,0,0,3,0,16,0,0,.125,.125,.225,.350
Chris C Hammond,CIN,20,34,4,12,3,0,0,1,2,10,0,0,.353,.389,.441,.830
Greg G Harris,SD,20,36,0,3,0,0,0,2,1,13,0,0,.083,.132,.083,.215
Kenny K Lofton C,HOU,20,74,9,15,1,0,0,0,5,19,2,1,.203,.253,.216,.469
Tim T Naehring S,BOS,20,55,1,6,1,0,0,3,6,15,0,0,.109,.197,.127,.324
Carl C Nichols,HOU,20,51,3,10,3,0,0,1,5,17,0,0,.196,.268,.255,.523
Jim J Presley,SD,20,59,3,8,0,0,1,5,4,16,0,1,.136,.200,.186,.386
Rick R Sutcliffe,CHC,20,32,2,3,1,0,0,2,1,9,0,0,.094,.121,.125,.246
Steve S Wilson,LA,20,2,0,0,0,0,0,0,0,1,0,0,.000,.000,.000,.000
Oil Can O Boyd,MON,19,36,1,3,0,0,0,2,3,19,0,0,.083,.154,.083,.237
Rod R Brewer,STL,19,13,0,1,0,0,0,1,0,5,0,0,.077,.077,.077,.154
Monty M Fariss L,TEX,19,31,6,8,1,0,1,6,7,11,0,0,.258,.395,.387,.782
Luis L Mercedes,BAL,19,54,10,11,2,0,0,2,4,9,0,0,.204,.259,.241,.499
Randy R St. Claire,ATL,19,2,0,1,0,0,0,0,0,0,0,0,.500,.500,.500,1.000
Derek D Bell L,TOR,18,28,5,4,0,0,0,1,6,5,3,2,.143,.314,.143,.457
Frank F Castillo,CHC,18,35,0,5,0,0,0,1,2,13,0,1,.143,.189,.143,.332
Gary G Disarcina S,CAL,18,57,5,12,2,0,0,3,3,4,0,0,.211,.274,.246,.520
Donald D Harris C,TEX,18,8,4,3,0,0,1,2,1,3,1,0,.375,.444,.750,1.194
Michael M La Coss,SF,18,9,2,2,0,0,0,0,1,6,0,0,.222,.300,.222,.522
Bobby B Moore L,KC,18,14,3,5,1,0,0,0,1,2,3,2,.357,.400,.429,.829
Jeff J Parrett,ATL,18,0,0,0,0,0,0,0,1,0,0,0,.000,1.000,.000,1.000
Harvey H Pulliam L,KC,18,33,4,9,1,0,3,4,3,9,0,0,.273,.333,.576,.909
Rosario R Rodriguez,PIT,18,1,0,0,0,0,0,0,0,0,0,0,.000,.000,.000,.000
Steve S Searcy,PHI,18,4,0,0,0,0,0,0,0,3,0,0,.000,.000,.000,.000
Lee L Stevens,CAL,18,58,8,17,7,0,0,9,6,12,1,2,.293,.354,.414,.768
Don D Wakamatsu,CWS,18,31,2,7,0,0,0,0,1,6,0,0,.226,.250,.226,.476
Lenny L Webster,MIN,18,34,7,10,1,0,3,8,6,10,0,0,.294,.390,.588,.978
Eddie E Zosky S,TOR,18,27,2,4,1,1,0,2,0,8,0,0,.148,.148,.259,.407
Bob B Zupcic C,BOS,18,25,3,4,0,0,1,3,1,6,0,0,.160,.192,.280,.472
Mike M Bell,ATL,17,30,4,4,0,0,1,1,2,7,1,0,.133,.188,.233,.421
Ryan R Bowen,HOU,17,22,2,4,1,0,0,0,3,11,0,0,.182,.280,.227,.507
Tony T Castillo,NYM,17,4,0,0,0,0,0,0,0,0,0,0,.000,.000,.000,.000
Bryan B Hickerson,SF,17,12,0,0,0,0,0,0,0,6,0,0,.000,.000,.000,.000
Danny D Jackson,CHC,17,23,1,2,0,0,0,1,0,13,0,0,.087,.087,.087,.174
Ron R Kittle,CWS,17,47,7,9,0,0,2,7,5,9,0,0,.191,.291,.319,.610
Rodney R Mc Cray,CWS,17,7,2,2,0,0,0,0,0,2,1,1,.286,.286,.286,.571
Jose J Mota,SD,17,36,4,8,0,0,0,2,2,7,0,0,.222,.282,.222,.504
Rick R Schu,PHI,17,22,1,2,0,0,0,2,1,7,0,0,.091,.125,.091,.216
Jim J Vatcher R,SD,17,20,3,4,0,0,0,2,4,6,1,0,.200,.333,.200,.533
Jerry J Willard,ATL,17,14,1,3,0,0,1,4,2,5,0,0,.214,.313,.429,.741
Mark M Wohlers,ATL,17,1,0,0,0,0,0,0,0,1,0,0,.000,.000,.000,.000
Tom T Goodwin,LA,16,7,3,1,0,0,0,0,0,0,1,1,.143,.143,.143,.286
Chris C Haney,MON,16,26,1,2,0,0,0,1,0,3,0,0,.077,.077,.077,.154
Tim T Jones S,STL,16,24,1,4,2,0,0,2,2,6,0,1,.167,.222,.250,.472
Jeff J Mc Knight L,BAL,16,41,2,7,1,0,0,2,2,7,1,0,.171,.209,.195,.404
Gino G Minutelli,CIN,16,3,0,0,0,0,0,0,0,1,0,0,.000,.000,.000,.000
Johnny J Paredes,DET,16,18,4,6,0,0,0,0,0,1,1,1,.333,.333,.333,.667
Scott S Servais,HOU,16,37,0,6,3,0,0,6,4,8,0,0,.162,.244,.243,.487
Luis Ldelos Santosdelos Santos D,DET,16,30,1,5,2,0,0,0,2,4,0,0,.167,.219,.233,.452
Dann D Bilardello,SD,15,26,4,7,2,1,0,5,3,4,0,0,.269,.345,.423,.768
Mike M Blowers,NYY,15,35,3,7,0,0,1,1,4,3,0,0,.200,.282,.286,.568
Sil S Campusano C,PHI,15,35,2,4,0,0,1,2,1,10,0,0,.114,.139,.200,.339
Carlos C Hernandez,LA,15,14,1,3,1,0,0,1,0,5,1,0,.214,.250,.286,.536
Derrick D May,CHC,15,22,4,5,2,0,1,3,2,1,0,0,.227,.280,.455,.734
Terry T Puhl,KC,15,18,0,4,0,0,0,3,3,2,0,0,.222,.333,.222,.556
Carlos C Rodriguez S,NYY,15,37,1,7,0,0,0,2,1,2,0,0,.189,.211,.189,.400
Rich R Amaral,SEA,14,16,2,1,0,0,0,0,1,5,0,0,.063,.167,.063,.229
Pat P Combs,PHI,14,15,5,2,0,0,0,0,2,7,0,0,.133,.278,.133,.411
Scott S Cooper,BOS,14,35,6,16,4,2,0,7,2,2,0,0,.457,.486,.686,1.172
Wes W Gardner,SD,14,2,0,0,0,0,0,0,0,2,0,0,.000,.000,.000,.000
Danny D Heep,ATL,14,12,4,5,1,0,0,3,1,4,0,1,.417,.462,.500,.962
Eric E Karros,LA,14,14,0,1,1,0,0,1,1,6,0,0,.071,.133,.143,.276
Mike M Perez,STL,14,0,0,0,0,0,0,0,0,0,0,0,.000,.000,.000,.000
Doug D Sisk,ATL,14,0,0,0,0,0,0,0,0,0,0,0,.000,.000,.000,.000
Pete P Smith,ATL,14,12,1,2,0,0,0,0,1,5,0,0,.167,.231,.167,.397
Jeff J Gardner S,NYM,13,37,3,6,0,0,0,1,4,6,0,0,.162,.238,.162,.400
Stan S Jefferson L,CIN,13,19,2,1,0,0,0,0,1,3,2,0,.053,.100,.053,.153
Rob R Maurer,TEX,13,16,0,1,1,0,0,2,2,6,0,0,.063,.211,.125,.336
Paul P Mc Clellan,SF,13,21,0,3,0,0,0,1,1,3,0,0,.143,.182,.143,.325
John J Moses L,DET,13,21,5,1,1,0,0,1,2,7,4,0,.048,.130,.095,.226
Rick R Parker,SF,13,14,0,1,0,0,0,1,1,5,0,0,.071,.133,.071,.205
Adam A Peterson,SD,13,13,0,0,0,0,0,0,2,9,0,0,.000,.133,.000,.133
Rey R Sanchez S,CHC,13,23,1,6,0,0,0,2,4,3,0,0,.261,.370,.261,.631
Ed E Whitson,SD,13,24,1,3,0,0,0,1,1,6,0,0,.125,.160,.125,.285
Marty M Barrett,SD,12,16,1,3,1,0,1,3,0,3,0,0,.188,.235,.438,.673
Chuck C Carr,NYM,12,11,1,2,0,0,0,1,0,2,1,0,.182,.182,.182,.364
Vinny V Castilla S,ATL,12,5,1,1,0,0,0,0,0,2,0,0,.200,.200,.200,.400
Pat P Clements,SD,12,1,0,0,0,0,0,0,0,1,0,0,.000,.000,.000,.000
Carlos C Garcia S,PIT,12,24,2,6,0,2,0,1,1,8,0,0,.250,.280,.417,.697
Jason J Grimsley,PHI,12,17,2,1,0,0,0,0,2,6,0,0,.059,.158,.059,.217
Jim J Lewis,SD,12,2,0,0,0,0,0,0,0,1,0,0,.000,.000,.000,.000
Russ R Morman,KC,12,23,1,6,0,0,0,1,1,5,0,0,.261,.292,.261,.552
Jim J Olander C,MIL,12,9,2,0,0,0,0,0,2,5,0,0,.000,.182,.000,.182
Ricky R Bones,SD,11,13,1,1,0,0,0,1,2,5,0,0,.077,.200,.077,.277
Keith K Brown,CIN,11,0,0,0,0,0,0,0,0,0,0,0,.000,.000,.000,.000
Scott S Bullett,PIT,11,4,2,0,0,0,0,0,0,3,1,1,.000,.200,.000,.200
Dave D Clark,KC,11,10,1,2,0,0,0,1,1,1,0,0,.200,.273,.200,.473
Darnell D Coles,SF,11,14,1,3,0,0,0,0,0,2,0,0,.214,.214,.214,.429
Rheal R Cormier,STL,11,21,2,5,0,0,0,1,0,5,0,0,.238,.238,.238,.476
Brian B Dorsett,SD,11,12,0,1,0,0,0,1,0,3,0,0,.083,.083,.083,.167
Steve S Foster,CIN,11,0,0,0,0,0,0,0,0,0,0,0,.000,.000,.000,.000
Scott S Garrelts,SF,11,4,1,0,0,0,0,0,0,1,0,0,.000,.000,.000,.000
Wayne W Housie,BOS,11,8,2,2,1,0,0,0,1,3,1,0,.250,.333,.375,.708
Scott S Lusader,NYY,11,7,2,1,0,0,0,1,1,3,0,1,.143,.250,.143,.393
Barry B Lyons,CAL,11,14,0,1,0,0,0,0,0,2,0,0,.071,.071,.071,.143
Joe J Redfield,PIT,11,18,1,2,0,0,0,0,4,1,0,1,.111,.273,.111,.384
Jose J Segura,SF,11,0,0,0,0,0,0,0,0,0,0,0,.000,.000,.000,.000
Phil P Stephenson,SD,11,7,0,2,0,0,0,0,2,3,0,0,.286,.444,.286,.730
Ron R Witmeyer,OAK,11,19,0,1,0,0,0,0,0,5,0,0,.053,.053,.053,.105
Ruben R Amaro,CAL,10,23,0,5,1,0,0,2,3,3,0,0,.217,.308,.261,.569
Kim K Batiste S,PHI,10,27,2,6,0,0,0,1,1,8,0,1,.222,.250,.222,.472
Jose J Escobar S,CLE,10,15,0,3,0,0,0,1,1,4,0,0,.200,.250,.200,.450
Tony T Eusebio,HOU,10,19,4,2,1,0,0,0,6,8,0,0,.105,.320,.158,.478
Nelson N Liriano,KC,10,22,5,9,0,0,0,1,0,2,0,1,.409,.409,.409,.818
Jorge J Pedre,KC,10,19,2,5,1,1,0,3,3,5,0,0,.263,.364,.421,.785
Dan D Petry,ATL,10,5,1,1,0,0,0,0,0,0,0,0,.200,.200,.200,.400
John J Ramos,NYY,10,26,4,8,1,0,0,3,1,3,0,0,.308,.310,.346,.656
Steve S Rosenberg,SD,10,1,0,0,0,0,0,0,0,1,0,0,.000,.000,.000,.000
Donnie D Scott,CIN,10,19,0,3,0,0,0,0,0,2,0,0,.158,.158,.158,.316
Tim T Sherrill,STL,10,0,0,0,0,0,0,0,0,0,0,0,.000,.000,.000,.000
Glenn G Sutko,CIN,10,10,0,1,0,0,0,1,2,6,0,0,.100,.250,.100,.350
Kelvin K Torve,NYM,10,8,0,0,0,0,0,0,0,1,0,0,.000,.000,.000,.000
Ted T Wood R,SF,10,25,0,3,0,0,0,1,2,11,0,0,.120,.185,.120,.305
Anthony A Young,NYM,10,14,0,2,1,0,0,0,0,4,0,0,.143,.143,.214,.357
Carmen C Castillo,MIN,9,12,0,2,0,1,0,0,0,2,0,0,.167,.231,.333,.564
Royce R Clayton S,SF,9,26,0,3,1,0,0,2,1,6,0,0,.115,.148,.154,.302
Stu S Cole,KC,9,7,1,1,0,0,0,0,2,2,0,0,.143,.333,.143,.476
Gary G Cooper,HOU,9,16,1,4,1,0,0,2,3,6,0,0,.250,.368,.313,.681
Ray R Giannelli,TOR,9,24,2,4,1,0,0,0,5,9,1,0,.167,.310,.208,.519
Shawn S Hare R,DET,9,19,0,1,1,0,0,0,2,1,0,0,.053,.143,.105,.248
Jeremy J Hernandez,SD,9,2,0,0,0,0,0,0,0,1,0,0,.000,.000,.000,.000
Chris C Howard,SEA,9,6,1,1,1,0,0,0,1,2,0,0,.167,.286,.333,.619
Pat P Lennon,SEA,9,8,2,1,1,0,0,1,3,1,0,0,.125,.364,.250,.614
Fred F Manrique S,OAK,9,21,2,3,0,0,0,0,2,1,0,0,.143,.217,.143,.360
Stan S Royer,STL,9,21,1,6,1,0,0,1,1,2,0,0,.286,.318,.333,.652
Reggie R Sanders C,CIN,9,40,6,8,0,0,1,3,0,9,1,1,.200,.200,.275,.475
Andy A Ashby,PHI,8,12,0,1,0,0,0,0,0,9,0,0,.083,.083,.083,.167
Esteban E Beltre S,CWS,8,6,0,1,0,0,0,0,1,1,1,0,.167,.286,.167,.452
Terry T Bross,NYM,8,0,0,0,0,0,0,0,0,0,0,0,.000,.000,.000,.000
Sid S Fernandez,NYM,8,13,1,2,1,0,0,0,0,7,0,0,.154,.154,.231,.385
Gary G Green S,TEX,8,20,0,3,1,0,0,1,1,6,0,0,.150,.190,.200,.390
Doug D Jennings L,OAK,8,9,0,1,0,0,0,0,2,2,0,1,.111,.273,.111,.384
Jamie J Moyer,STL,8,8,0,0,0,0,0,0,1,4,0,0,.000,.111,.000,.111
Mike M Remlinger,SF,8,7,1,0,0,0,0,0,1,2,0,0,.000,.125,.000,.125
Mark M Clark,STL,7,7,0,0,0,0,0,0,0,2,0,0,.000,.000,.000,.000
Gil G Heredia,SF,7,7,0,3,0,0,0,0,1,1,0,0,.429,.500,.429,.929
Tim T Mc Intosh L,MIL,7,11,2,4,1,0,1,1,0,4,0,0,.364,.364,.727,1.091
Erik E Pappas,CHC,7,17,1,3,0,0,0,2,1,5,0,0,.176,.222,.176,.399
Dean D Wilkins,HOU,7,1,0,0,0,0,0,0,0,1,0,0,.000,.000,.000,.000
Tony T Bernazard,DET,6,12,0,2,0,0,0,0,0,4,0,0,.167,.167,.167,.333
Cliff C Brantley,PHI,6,8,0,0,0,0,0,0,0,4,0,0,.000,.000,.000,.000
Chris C Cron,CAL,6,15,0,2,0,0,0,0,2,5,0,0,.133,.235,.133,.369
Derek D Lilliquist,SD,6,2,0,0,0,0,0,1,0,0,0,0,.000,.000,.000,.000
Eric E Nolte,SD,6,9,2,1,0,0,0,0,0,6,0,0,.111,.111,.111,.222
Armando A Reynoso,ATL,6,7,0,0,0,0,0,0,1,5,0,0,.000,.125,.000,.125
Jeff J Richardson,PIT,6,4,0,1,0,0,0,0,0,3,0,0,.250,.250,.250,.500
Rich R Sauveur,NYM,6,0,0,0,0,0,0,0,0,0,0,0,.000,.000,.000,.000
Ray R Stephens,STL,6,7,0,2,0,0,0,0,1,3,0,0,.286,.375,.286,.661
Jeff J Tackett,BAL,6,8,1,1,0,0,0,0,2,2,0,0,.125,.300,.125,.425
John J Wetteland,LA,6,0,0,0,0,0,0,0,0,0,0,0,.000,.000,.000,.000
Troy T Afenir,OAK,5,11,0,1,0,0,0,0,0,2,0,0,.091,.091,.091,.182
Blaine B Beatty,NYM,5,0,0,0,0,0,0,0,0,0,0,0,.000,.000,.000,.000
Chris C Gardner,HOU,5,5,0,0,0,0,0,0,1,1,0,0,.000,.167,.000,.167
Mark M Huismann,PIT,5,0,0,0,0,0,0,0,0,0,0,0,.000,.000,.000,.000
Carney C Lansford,OAK,5,16,0,1,0,0,0,1,0,2,0,0,.063,.063,.063,.125
Luis L Medina D,CLE,5,16,0,1,0,0,0,0,1,7,0,0,.063,.118,.063,.180
Rico R Rossy,ATL,5,1,0,0,0,0,0,0,0,1,0,0,.000,.000,.000,.000
Mo M Sanford,CIN,5,8,0,0,0,0,0,0,0,5,0,0,.000,.000,.000,.000
Tony T Scruggs L,TEX,5,6,1,0,0,0,0,0,0,1,0,0,.000,.000,.000,.000
Matt M Sinatro,SEA,5,8,1,2,0,0,0,1,1,1,0,0,.250,.333,.250,.583
Greg G Smith,LA,5,3,1,0,0,0,0,0,0,2,0,0,.000,.000,.000,.000
Mike M Harkey,CHC,4,5,2,2,0,0,0,0,1,0,0,0,.400,.500,.400,.900
Mike M Henneman,DET,4,0,0,0,0,0,0,0,0,0,0,0,.000,.000,.000,.000
Jeff J Juden,HOU,4,5,0,0,0,0,0,0,0,4,0,0,.000,.000,.000,.000
Laddie L Renfroe,CHC,4,1,0,0,0,0,0,0,0,0,0,0,.000,.000,.000,.000
Rick R Reuschel,SF,4,2,0,0,0,0,0,0,0,0,0,0,.000,.000,.000,.000
Nikco N Riesgo R,MON,4,7,1,1,0,0,0,0,3,1,0,0,.143,.400,.143,.543
Rich R Rowland,DET,4,4,0,1,0,0,0,1,1,2,0,0,.250,.333,.250,.583
Dave D Schmidt,MON,4,0,0,0,0,0,0,0,0,0,0,0,.000,.000,.000,.000
Shane S Turner,BAL,4,1,0,0,0,0,0,0,0,0,0,0,.000,.000,.000,.000
Amalio A Carreno,PHI,3,1,0,0,0,0,0,0,0,1,0,0,.000,.000,.000,.000
Matias M Carrillo L,MIL,3,0,0,0,0,0,0,0,0,0,0,0,.000,.000,.000,.000
Mike M Christopher,LA,3,0,0,0,0,0,0,0,0,0,0,0,.000,.000,.000,.000
Mark M Davis R,CAL,3,2,0,0,0,0,0,0,0,0,0,0,.000,.000,.000,.000
Dennis D Eckersley,OAK,3,0,0,0,0,0,0,0,0,0,0,0,.000,.000,.000,.000
Kevin K Flora,CAL,3,8,1,1,0,0,0,0,1,5,1,0,.125,.222,.125,.347
Mark M Grater,STL,3,0,0,0,0,0,0,0,0,0,0,0,.000,.000,.000,.000
Randy R Knorr,TOR,3,1,0,0,0,0,0,0,1,1,0,0,.000,.500,.000,.500
Chad C Kreuter,TEX,3,4,0,0,0,0,0,0,0,1,0,0,.000,.000,.000,.000
Terry T Lee,CIN,3,6,0,0,0,0,0,0,0,2,0,0,.000,.000,.000,.000
Bill B Long,MON,3,0,0,0,0,0,0,0,0,0,0,0,.000,.000,.000,.000
Ever E Magallanes S,CLE,3,2,0,0,0,0,0,0,1,1,0,0,.000,.333,.000,.333
Tim T Mauser,PHI,3,3,0,0,0,0,0,0,0,2,0,0,.000,.000,.000,.000
Mark M Parent,TEX,3,1,0,0,0,0,0,0,0,1,0,0,.000,.000,.000,.000
Yorkis Y Perez,CHC,3,0,0,0,0,0,0,0,0,0,0,0,.000,.000,.000,.000
Jeff J Schulz,PIT,3,3,0,0,0,0,0,0,0,2,0,0,.000,.000,.000,.000
Doug D Strange,CHC,3,9,0,4,1,0,0,1,0,1,1,0,.444,.455,.556,1.010
Bill B Swift,SEA,3,0,0,0,0,0,0,0,0,0,0,0,.000,.000,.000,.000
Nick N Capra L,TEX,2,0,1,0,0,0,0,0,1,0,0,0,.000,1.000,.000,1.000
Hector H Fajardo,PIT,2,3,0,0,0,0,0,0,0,1,0,0,.000,.000,.000,.000
Eric E Gunderson,SF,2,0,0,0,0,0,0,0,0,0,0,0,.000,.000,.000,.000
Bryan B Harvey,CAL,2,0,0,0,0,0,0,0,0,0,0,0,.000,.000,.000,.000
Mike M Jeffcoat,TEX,2,1,1,1,1,0,0,1,0,0,0,0,1.000,1.000,2.000,3.000
Dave D La Point,PHI,2,2,0,0,0,0,0,0,0,1,0,0,.000,.000,.000,.000
Scott S May,CHC,2,0,0,0,0,0,0,0,0,0,0,0,.000,.000,.000,.000
Mike M Scott,HOU,2,1,0,0,0,0,0,0,0,0,0,0,.000,.000,.000,.000
Tim T Scott,SD,2,0,0,0,0,0,0,0,0,0,0,0,.000,.000,.000,.000
Julio J Valera,NYM,2,0,0,0,0,0,0,0,0,0,0,0,.000,.000,.000,.000
David D Wainhouse,MON,2,0,0,0,0,0,0,0,0,0,0,0,.000,.000,.000,.000
Brian B Williams,HOU,2,3,0,0,0,0,0,0,0,0,0,0,.000,.000,.000,.000
Paul P Zuvella,KC,2,0,0,0,0,0,0,0,0,0,0,0,.000,.000,.000,.000
Paul P Abbott,MIN,1,0,0,0,0,0,0,0,0,0,0,0,.000,.000,.000,.000
Rick R Aguilera,MIN,1,0,0,0,0,0,0,0,0,0,0,0,.000,.000,.000,.000
Dana D Allison,OAK,1,0,0,0,0,0,0,0,0,0,0,0,.000,.000,.000,.000
Allan A Anderson,MIN,1,0,0,0,0,0,0,0,0,0,0,0,.000,.000,.000,.000
Jeff J Banister,PIT,1,1,0,1,0,0,0,0,0,0,0,0,1.000,1.000,1.000,2.000
Brian B Bohanon,TEX,1,0,0,0,0,0,0,0,0,0,0,0,.000,.000,.000,.000
Mike M Dalton,DET,1,0,0,0,0,0,0,0,0,0,0,0,.000,.000,.000,.000
Butch B Davis,LA,1,1,0,0,0,0,0,0,0,0,0,0,.000,.000,.000,.000
Mike M Flanagan,BAL,1,0,0,0,0,0,0,0,0,0,0,0,.000,.000,.000,.000
Chris C George,MIL,1,0,0,0,0,0,0,0,0,0,0,0,.000,.000,.000,.000
Paul P Gibson,DET,1,0,0,0,0,0,0,0,0,0,0,0,.000,.000,.000,.000
Tom T Gordon,KC,1,0,0,0,0,0,0,0,0,0,0,0,.000,.000,.000,.000
Lee L Guetterman,NYY,1,0,0,0,0,0,0,0,0,0,0,0,.000,.000,.000,.000
Bill B Gullickson,DET,1,0,0,0,0,0,0,0,0,0,0,0,.000,.000,.000,.000
Mark M Guthrie,MIN,1,0,0,0,0,0,0,0,0,0,0,0,.000,.000,.000,.000
Atlee A Hammaker,SD,1,1,0,0,0,0,0,0,0,1,0,0,.000,.000,.000,.000
Doug D Henry,MIL,1,0,0,0,0,0,0,0,0,0,0,0,.000,.000,.000,.000
Rick R Honeycutt,OAK,1,0,0,0,0,0,0,0,0,0,0,0,.000,.000,.000,.000
Michael M Jackson,SEA,1,0,0,0,0,0,0,0,0,0,0,0,.000,.000,.000,.000
Terry T Leach,MIN,1,0,0,0,0,0,0,0,0,0,0,0,.000,.000,.000,.000
Doug D Lindsey,PHI,1,3,0,0,0,0,0,0,0,3,0,0,.000,.000,.000,.000
Jose J Mesa,BAL,1,0,0,0,0,0,0,0,0,0,0,0,.000,.000,.000,.000
Paul P Miller,PIT,1,3,0,0,0,0,0,0,0,0,0,0,.000,.000,.000,.000
Mike M Moore,OAK,1,0,0,0,0,0,0,0,0,0,0,0,.000,.000,.000,.000
Rob R Murphy,SEA,1,0,0,0,0,0,0,0,0,0,0,0,.000,.000,.000,.000
Gregg G Olson,BAL,1,0,0,0,0,0,0,0,0,0,0,0,.000,.000,.000,.000
Dave D Pavlas,CHC,1,0,0,0,0,0,0,0,0,0,0,0,.000,.000,.000,.000
Jim J Poole,TEX,1,0,0,0,0,0,0,0,0,0,0,0,.000,.000,.000,.000
Jeff J Reardon,BOS,1,0,0,0,0,0,0,0,0,0,0,0,.000,.000,.000,.000
Rick R Reed,PIT,1,2,0,1,1,0,0,2,0,0,0,0,.500,.500,1.000,1.500
Kenny K Rogers,TEX,1,0,0,0,0,0,0,0,0,0,0,0,.000,.000,.000,.000
Wayne W Rosenthal,TEX,1,0,0,0,0,0,0,0,0,0,0,0,.000,.000,.000,.000
Jeff J Russell,TEX,1,0,0,0,0,0,0,0,0,0,0,0,.000,.000,.000,.000
Mike M Schooler,SEA,1,0,0,0,0,0,0,0,0,0,0,0,.000,.000,.000,.000
Eric E Show,OAK,1,0,0,0,0,0,0,0,0,0,0,0,.000,.000,.000,.000
Joe J Slusarski,OAK,1,0,0,0,0,0,0,0,0,0,0,0,.000,.000,.000,.000
Frank F Tanana,DET,1,1,0,0,0,0,0,0,0,1,0,0,.000,.000,.000,.000
Gary G Wayne,MIN,1,0,0,0,0,0,0,0,0,0,0,0,.000,.000,.000,.000
Eric E Wedge,BOS,1,1,0,1,0,0,0,0,0,0,0,0,1.000,1.000,1.000,2.000
Bob B Welch,OAK,1,0,0,0,0,0,0,0,0,0,0,0,.000,.000,.000,.000
Curt C Young,OAK,1,0,0,0,0,0,0,0,0,0,0,0,.000,.000,.000,.000
