PLAYER,TEAM,W,L,ERA,GS,CG,SHO,SV,SVO,IP,H,R,ER,HR,HB,BB,SO,WHIP,AVG
Steve S Kline,MON,1,5,3.50,83,0,0,0,14,14,82.1,88,36,32,8,3,27,64,1.40,.278
Kelly K Wunsch,CWS,6,3,2.93,83,0,0,0,1,1,61.1,50,22,20,4,2,29,51,1.29,.221
Scott S Sullivan,CIN,3,6,3.47,79,0,0,0,3,3,106.1,87,44,41,14,9,38,96,1.18,.226
Mike M Myers,COL,0,1,1.99,78,0,0,0,1,1,45.1,24,10,10,2,2,24,41,1.06,.160
Mike M Venafro,TEX,3,1,3.83,77,0,0,0,1,1,56.1,64,27,24,2,4,21,32,1.51,.295
Turk T Wendell,NYM,8,6,3.59,77,0,0,0,1,1,82.2,60,36,33,9,5,41,73,1.22,.206
Armando A Benitez,NYM,4,4,2.61,76,0,0,0,41,41,76.0,39,24,22,10,0,38,106,1.01,.148
Mark M Guthrie,TOR,3,6,4.67,76,0,0,0,0,0,71.1,70,41,37,8,2,37,63,1.50,.261
Felix F Rodriguez,SF,4,2,2.64,76,0,0,0,3,3,81.2,65,29,24,5,3,42,95,1.31,.220
Bob B Wells,MIN,0,7,3.65,76,0,0,0,10,10,86.1,80,39,35,14,4,15,76,1.10,.247
Scott S Sauerbeck,PIT,5,4,4.04,75,0,0,0,1,1,75.2,76,36,34,4,1,61,83,1.81,.270
Mike M Trombley,BAL,4,5,4.13,75,0,0,0,4,4,72.0,67,34,33,15,4,38,72,1.46,.247
Felix F Heredia,CHC,7,3,4.76,74,0,0,0,2,2,58.2,46,31,31,6,2,33,52,1.35,.220
Derek D Lowe,BOS,4,4,2.56,74,0,0,0,42,42,91.1,90,27,26,6,2,22,79,1.23,.257
Curt C Leskanic,MIL,9,3,2.56,73,0,0,0,12,12,77.1,58,23,22,7,3,51,75,1.41,.212
Braden B Looper,FLA,5,1,4.41,73,0,0,0,2,2,67.1,71,41,33,3,5,36,29,1.59,.268
Jeff J Nelson,NYY,8,4,2.45,73,0,0,0,0,0,69.2,44,24,19,2,2,45,71,1.28,.183
Keith K Foulke,CWS,3,1,2.97,72,0,0,0,34,34,88.0,66,31,29,9,2,22,91,1.00,.207
Doug D Henry,SF,4,4,3.79,72,0,0,0,1,1,78.1,57,36,33,12,4,49,62,1.35,.207
Jose J Jimenez,COL,5,2,3.18,72,0,0,0,24,24,70.2,63,27,25,4,3,28,44,1.29,.239
Steve S Karsay,CLE,5,9,3.76,72,0,0,0,20,20,76.2,79,33,32,5,3,25,66,1.36,.266
Arthur A Rhodes,SEA,5,8,4.28,72,0,0,0,0,0,69.1,51,34,33,6,0,29,77,1.15,.205
Jeff J Tam,OAK,3,3,2.63,72,0,0,0,3,3,85.2,86,30,25,3,1,23,46,1.27,.268
Mike M Williams,PIT,3,4,3.50,72,0,0,0,24,24,72.0,56,34,28,8,4,40,71,1.33,.218
Mike M Remlinger,ATL,5,3,3.47,71,0,0,0,12,12,72.2,55,29,28,6,3,37,72,1.27,.207
Dave D Veres,STL,3,5,2.85,71,0,0,0,29,29,75.2,65,26,24,6,6,25,67,1.19,.239
Buddy B Groom,BAL,6,3,4.85,70,0,0,0,4,4,59.1,63,37,32,5,0,21,44,1.42,.275
Eddie E Guardado,MIN,7,4,3.94,70,0,0,0,9,9,61.2,55,27,27,14,1,25,52,1.30,.238
Trevor T Hoffman,SD,4,7,2.99,70,0,0,0,43,43,72.1,61,29,24,7,0,11,85,1.00,.224
Kevin K Walker,SD,7,1,4.19,70,0,0,0,0,0,66.2,49,35,31,5,5,38,56,1.31,.206
Matt M Anderson,DET,3,2,4.72,69,0,0,0,1,1,74.1,61,44,39,8,3,45,71,1.43,.228
Hector H Carrasco,BOS,5,4,4.69,69,1,0,0,1,1,78.2,90,46,41,8,4,38,64,1.63,.291
Jose J Paniagua,SEA,3,0,3.47,69,0,0,0,5,5,80.1,68,31,31,6,7,38,71,1.32,.234
Mike M Stanton,NYY,2,3,4.10,69,0,0,0,0,0,68.0,68,32,31,5,2,24,75,1.35,.263
David D Weathers,MIL,3,5,3.07,69,0,0,0,1,1,76.1,73,29,26,7,2,32,50,1.38,.260
Bob B Wickman,CLE,3,5,3.10,69,0,0,0,30,30,72.2,64,30,25,1,1,32,55,1.32,.235
Antonio A Alfonseca,FLA,5,6,4.24,68,0,0,0,45,45,70.0,82,35,33,7,1,24,47,1.51,.291
Dennis D Cook,NYM,6,3,5.34,68,0,0,0,2,2,59.0,63,35,35,8,5,31,53,1.59,.270
Tim T Crabtree,TEX,2,7,5.15,68,0,0,0,2,2,80.1,86,52,46,7,2,31,54,1.46,.274
Roberto R Hernandez,TB,4,7,3.19,68,0,0,0,32,32,73.1,76,33,26,9,3,23,61,1.35,.272
Billy B Koch,TOR,9,3,2.63,68,0,0,0,33,33,78.2,78,28,23,6,2,18,60,1.22,.258
Robb R Nen,SF,4,3,1.50,68,0,0,0,41,41,66.0,37,15,11,4,2,19,92,0.85,.162
Paul P Quantrill,TOR,2,5,4.52,68,0,0,0,1,1,83.2,100,45,42,7,2,25,47,1.49,.298
Gabe G White,COL,11,2,2.36,68,0,0,0,5,5,84.0,64,23,22,6,3,15,84,0.94,.211
Armando A Almanza,FLA,4,2,4.86,67,0,0,0,0,0,46.1,38,27,25,3,2,43,46,1.75,.228
Todd T Jones,DET,2,4,3.52,67,0,0,0,42,42,64.0,67,28,25,6,1,25,67,1.44,.276
Travis T Miller,MIN,2,3,3.90,67,0,0,0,1,1,67.0,83,35,29,4,1,32,62,1.72,.297
C. J. C Nitkowski,DET,4,9,5.25,67,11,0,0,0,0,109.2,124,79,64,13,4,49,81,1.58,.286
Terry T Adams,LA,6,9,3.52,66,0,0,0,2,2,84.1,80,42,33,6,0,39,56,1.41,.245
Valerio V De Los Santos,MIL,2,3,5.13,66,2,0,0,0,0,73.2,72,43,42,15,1,33,70,1.43,.254
Danny D Graves,CIN,10,5,2.56,66,0,0,0,30,30,91.1,81,31,26,8,3,42,53,1.35,.243
Shigetoshi S Hasegawa,ANA,10,5,3.48,66,0,0,0,9,9,95.2,100,42,37,11,2,38,59,1.44,.270
La Troy L Hawkins,MIN,2,5,3.39,66,0,0,0,14,14,87.2,85,34,33,7,1,32,59,1.33,.256
Jason J Isringhausen,OAK,6,4,3.78,66,0,0,0,33,33,69.0,67,34,29,6,3,32,57,1.43,.252
Jose J Mesa,SEA,4,6,5.36,66,0,0,0,1,1,80.2,89,48,48,11,5,41,84,1.61,.280
Mariano M Rivera,NYY,7,4,2.85,66,0,0,0,36,36,75.2,58,26,24,4,0,25,58,1.10,.208
Rick R White,NYM,5,9,3.52,66,0,0,0,3,3,99.2,83,44,39,9,7,38,67,1.21,.224
Jason J Christiansen,STL,3,8,5.06,65,0,0,0,1,1,48.0,41,29,27,3,2,27,53,1.42,.233
Wayne W Gomes,PHI,4,6,4.40,65,0,0,0,7,7,73.2,72,41,36,6,3,35,49,1.45,.262
Bob B Howry,CWS,2,4,3.17,65,0,0,0,7,7,71.0,54,26,25,6,4,29,60,1.17,.216
Heathcliff H Slocumb,SD,2,4,4.98,65,0,0,0,1,1,68.2,69,43,38,9,3,37,46,1.54,.265
Jeff J Zimmerman,TEX,4,5,5.30,65,0,0,0,1,1,69.2,80,45,41,10,2,34,74,1.64,.286
Rheal R Cormier,BOS,3,3,4.61,64,0,0,0,0,0,68.1,74,40,35,7,0,17,43,1.33,.275
Rich R Garces,BOS,8,1,3.25,64,0,0,0,1,1,74.2,64,28,27,7,1,23,69,1.17,.229
Mark M Petkovsek,ANA,4,2,4.33,64,1,0,0,2,2,81.0,86,40,39,8,3,23,31,1.35,.277
Greg G Swindell,ARI,2,6,3.20,64,0,0,0,1,1,76.0,71,29,27,7,1,20,64,1.20,.247
Anthony A Telford,MON,5,4,3.79,64,0,0,0,3,3,78.1,76,38,33,10,5,23,68,1.26,.257
Chris C Brock,PHI,7,8,4.34,63,5,0,0,1,1,93.1,85,48,45,21,3,41,69,1.35,.239
Alan A Embree,SF,3,5,4.95,63,0,0,0,2,2,60.0,62,34,33,4,3,25,49,1.45,.274
Jason J Grimsley,NYY,3,2,5.04,63,4,0,0,1,1,96.1,100,58,54,10,5,42,53,1.47,.268
Jim J Mecir,OAK,10,3,2.96,63,0,0,0,5,5,85.0,70,31,28,4,2,36,70,1.25,.225
Kazuhiro K Sasaki,SEA,2,5,3.16,63,0,0,0,37,37,62.2,42,25,22,10,2,31,78,1.16,.184
Juan J Acevedo,MIL,3,7,3.81,62,0,0,0,0,0,82.2,77,38,35,11,1,31,51,1.31,.246
Carlos C Almanzar,SD,4,5,4.39,62,0,0,0,0,0,69.2,73,35,34,12,4,25,56,1.41,.266
Ricky R Bottalico,KC,9,6,4.83,62,0,0,0,16,16,72.2,65,40,39,12,2,41,56,1.46,.239
John J Franco,NYM,5,4,3.40,62,0,0,0,4,4,55.2,46,24,21,6,2,26,56,1.29,.221
Dan D Plesac,ARI,5,1,3.15,62,0,0,0,0,0,40.0,34,21,14,4,0,26,45,1.50,.228
Dennys D Reyes,CIN,2,1,4.53,62,0,0,0,0,0,43.2,43,31,22,5,1,29,36,1.65,.262
Mike M Timlin,STL,5,4,4.18,62,0,0,0,12,12,64.2,67,33,30,8,4,35,52,1.58,.271
John J Wetteland,TEX,6,5,4.20,62,0,0,0,34,34,60.0,67,35,28,10,2,24,53,1.52,.285
Mike M Holtz,ANA,3,4,5.05,61,0,0,0,0,0,41.0,37,26,23,4,2,18,40,1.34,.248
Byung- Hyun B Kim,ARI,6,6,4.46,61,1,0,0,14,14,70.2,52,39,35,9,9,46,111,1.39,.200
John J Frascatore,TOR,2,4,5.42,60,0,0,0,0,0,73.0,87,51,44,14,7,33,30,1.64,.301
Mike M Morgan,ARI,5,5,4.87,60,4,0,0,5,5,101.2,123,55,55,10,1,40,56,1.60,.311
Jeff J Shaw,LA,3,4,4.24,60,0,0,0,27,27,57.1,61,29,27,7,1,16,39,1.34,.265
Bill B Simas,CWS,2,3,3.46,60,0,0,0,0,0,67.2,69,27,26,9,1,22,49,1.34,.276
Pedro P Borbon,TOR,1,1,6.48,59,0,0,0,1,1,41.2,45,37,30,5,5,38,29,1.99,.280
Matt M Herges,LA,11,3,3.17,59,4,0,0,1,1,110.2,100,43,39,7,6,40,75,1.27,.249
Kerry K Ligtenberg,ATL,2,3,3.61,59,0,0,0,12,12,52.1,43,21,21,7,0,24,51,1.28,.226
John J Rocker,ATL,1,2,2.89,59,0,0,0,24,24,53.0,42,25,17,5,2,48,77,1.70,.210
Tim T Worrell,CHC,5,6,2.99,59,0,0,0,3,3,69.1,72,26,23,10,1,29,57,1.46,.265
Aaron A Fultz,SF,5,2,4.67,58,0,0,0,1,1,69.1,67,38,36,8,3,28,62,1.37,.263
Danny D Patterson,DET,5,1,3.97,58,0,0,0,0,0,56.2,69,26,25,4,2,14,29,1.46,.309
Jerry J Spradlin,CHC,4,5,6.00,58,1,0,0,7,7,90.0,101,64,60,11,4,32,67,1.48,.291
Steve S Reed,CLE,2,0,4.34,57,0,0,0,0,0,56.0,58,30,27,7,1,21,39,1.41,.269
Paul P Shuey,CLE,4,2,3.39,57,0,0,0,0,0,63.2,51,25,24,4,3,30,69,1.27,.219
Stan S Belinda,ATL,1,3,7.71,56,0,0,0,1,1,46.2,55,44,40,14,3,22,51,1.65,.294
Ricky R Bones,FLA,2,3,4.54,56,0,0,0,0,0,77.1,94,43,39,6,3,27,59,1.56,.303
Francisco F Cordero,TEX,1,2,5.35,56,0,0,0,0,0,77.1,87,51,46,11,4,48,49,1.75,.285
Vic V Darensbourg,FLA,5,3,4.06,56,0,0,0,0,0,62.0,61,32,28,7,2,28,59,1.44,.260
Jeff J Brantley,PHI,2,7,5.86,55,0,0,0,23,23,55.1,64,36,36,12,2,29,57,1.68,.288
Mike M Magnante,OAK,1,1,4.31,55,0,0,0,0,0,39.2,50,22,19,3,2,19,17,1.74,.311
Vicente V Padilla,PHI,4,7,3.72,55,0,0,0,2,2,65.1,72,33,27,3,1,28,51,1.53,.283
Rick R Aguilera,CHC,1,2,4.91,54,0,0,0,29,29,47.2,47,28,26,11,4,18,38,1.36,.251
Manny M Aybar,FLA,2,2,4.31,54,0,0,0,0,0,79.1,74,42,38,11,2,35,45,1.37,.244
Mike M De Jean,COL,4,4,4.89,54,0,0,0,0,0,53.1,54,31,29,9,0,30,34,1.58,.269
Doug D Jones,OAK,4,2,3.93,54,0,0,0,2,2,73.1,86,34,32,6,2,18,54,1.42,.292
Terry T Mulholland,ATL,9,9,5.11,54,20,1,0,1,1,156.2,198,96,89,24,4,41,78,1.53,.308
Troy T Percival,ANA,5,5,4.50,54,0,0,0,32,32,50.0,42,27,25,7,2,30,49,1.44,.228
Joe J Slusarski,HOU,2,7,4.21,54,0,0,0,3,3,77.0,80,36,36,8,3,22,54,1.32,.268
Felipe F Lira,MON,5,8,5.40,53,7,0,0,0,0,101.2,129,71,61,11,4,36,51,1.62,.310
Pat P Mahomes,NYM,5,3,5.46,53,5,0,0,0,0,94.0,96,63,57,15,2,66,76,1.72,.263
Marc M Valdes,HOU,5,5,5.08,53,0,0,0,2,2,56.2,69,41,32,3,5,25,35,1.66,.301
Jose J Cabrera,HOU,2,3,5.92,52,0,0,0,2,2,59.1,74,40,39,10,3,17,41,1.53,.308
Scott S Kamieniecki,ATL,3,4,5.59,52,0,0,0,2,2,58.0,64,40,36,9,1,42,46,1.83,.282
Russ R Springer,ARI,2,4,5.08,52,0,0,0,0,0,62.0,63,36,35,11,2,34,59,1.56,.261
Marc M Wilkins,PIT,4,2,5.07,52,0,0,0,0,0,60.1,54,34,34,4,6,43,37,1.61,.248
Mike M Fetters,LA,6,2,3.24,51,0,0,0,5,5,50.0,35,18,18,7,2,25,40,1.20,.205
Mike M James,STL,2,2,3.16,51,0,0,0,2,2,51.1,40,22,18,7,3,24,41,1.25,.219
Al A Levine,ANA,3,4,3.87,51,5,0,0,2,2,95.1,98,44,41,10,2,49,42,1.54,.266
Jose J Silva,PIT,11,9,5.56,51,19,1,0,0,0,136.0,178,96,84,16,5,50,98,1.68,.317
Julian J Tavarez,COL,11,5,4.43,51,12,1,0,1,1,120.0,124,68,59,11,7,53,62,1.48,.268
Todd T Van Poppel,CHC,4,5,3.75,51,2,0,0,2,2,86.1,80,38,36,10,2,48,77,1.48,.249
Tim T Wakefield,BOS,6,10,5.48,51,17,0,0,0,0,159.1,170,107,97,31,4,65,102,1.47,.272
Octavio O Dotel,HOU,3,7,5.40,50,16,0,0,16,16,125.0,127,80,75,26,7,61,142,1.50,.265
Sean S Lowe,CWS,4,1,5.48,50,5,0,0,0,0,70.2,78,47,43,10,6,39,53,1.66,.284
T. J. T Mathews,OAK,2,3,6.03,50,0,0,0,0,0,59.2,73,40,40,10,2,25,42,1.64,.303
Doug D Brocail,DET,5,4,4.09,49,0,0,0,0,0,50.2,57,25,23,5,1,14,41,1.40,.285
Scott S Strickland,MON,4,3,3.00,49,0,0,0,9,9,48.0,38,18,16,3,1,16,48,1.13,.215
Scott S Williamson,CIN,5,8,3.29,48,10,0,0,6,6,112.0,92,45,41,7,3,75,136,1.49,.224
Willie W Blair,DET,10,6,4.88,47,17,0,0,0,0,156.2,185,89,85,20,2,35,74,1.40,.296
John J Johnstone,SF,3,4,6.30,47,0,0,0,0,0,50.0,64,35,35,11,2,13,37,1.54,.322
Matt M Mantei,ARI,1,1,4.57,47,0,0,0,17,17,45.1,31,24,23,4,2,35,53,1.46,.193
Justin J Speier,CLE,5,2,3.29,47,0,0,0,0,0,68.1,57,27,25,9,4,28,69,1.24,.226
Kyle K Farnsworth,CHC,2,9,6.43,46,5,0,0,1,1,77.0,90,58,55,14,4,50,74,1.82,.291
Antonio A Osuna,LA,3,6,3.74,46,0,0,0,0,0,67.1,57,30,28,7,2,35,70,1.37,.229
Doug D Creek,TB,1,3,4.60,45,0,0,0,1,1,60.2,49,33,31,10,2,39,73,1.45,.224
Albie A Lopez,TB,11,13,4.13,45,24,4,1,2,2,185.1,199,95,85,24,1,70,96,1.45,.277
Dan D Miceli,FLA,6,4,4.25,45,0,0,0,0,0,48.2,45,23,23,4,1,18,40,1.29,.242
Jose J Santiago,KC,8,6,3.91,45,0,0,0,2,2,69.0,70,33,30,7,3,26,44,1.39,.260
Dan D Reichert,KC,8,10,4.70,44,18,1,1,2,2,153.1,157,92,80,15,7,91,94,1.62,.271
Donne D Wall,SD,5,2,3.35,44,0,0,0,1,1,53.2,36,20,20,4,0,21,29,1.06,.193
Kelvim K Escobar,TOR,10,15,5.35,43,24,3,1,2,2,180.0,186,118,107,26,3,85,142,1.51,.267
Josias J Manzanillo,PIT,2,2,3.38,43,0,0,0,0,0,58.2,50,23,22,6,0,32,39,1.40,.240
Chuck C Mc Elroy,BAL,3,0,4.69,43,2,0,0,0,0,63.1,60,36,33,6,2,34,50,1.48,.247
Esteban E Yan,TB,7,8,6.21,43,20,0,0,0,0,137.2,158,98,95,26,11,42,111,1.45,.285
Scott S Forster,MON,0,1,7.88,42,0,0,0,0,0,32.0,28,31,28,5,2,25,23,1.66,.230
Lance L Painter,TOR,2,0,4.73,42,2,0,0,0,0,66.2,69,37,35,9,2,22,53,1.37,.271
B. J. B Ryan,BAL,2,3,5.91,42,0,0,0,0,0,42.2,36,29,28,7,0,31,41,1.57,.225
Mike M Johnson,MON,5,6,6.39,41,13,0,0,0,0,101.1,107,73,72,18,9,53,70,1.58,.269
Alan A Mills,BAL,4,1,5.29,41,0,0,0,2,2,49.1,56,29,29,9,2,35,36,1.84,.284
Elmer E Dessens,CIN,11,5,4.28,40,16,1,0,1,1,147.1,170,73,70,10,3,43,85,1.45,.296
Rich R Loiselle,PIT,2,3,5.10,40,0,0,0,0,0,42.1,43,27,24,5,3,30,32,1.72,.262
Steve S Woodard,CLE,4,10,5.85,40,22,1,0,0,0,147.2,182,105,96,26,6,44,100,1.53,.305
John J Wasdin,COL,1,6,5.38,39,4,1,0,1,1,80.1,90,48,48,14,5,24,71,1.42,.286
Jeff J Fassero,BOS,8,8,4.78,38,23,0,0,0,0,130.0,153,72,69,16,1,50,97,1.56,.296
Dustin D Hermanson,MON,12,14,4.77,38,30,2,1,4,4,198.0,226,128,105,26,4,75,94,1.52,.290
Hipolito H Pichardo,BOS,6,3,3.46,38,1,0,0,1,1,65.0,63,29,25,1,3,26,37,1.37,.260
Jeff J Wallace,PIT,2,0,7.07,38,0,0,0,0,0,35.2,42,32,28,5,4,34,27,2.13,.290
Bruce B Chen,PHI,7,4,3.29,37,15,0,0,0,0,134.0,116,54,49,18,2,46,112,1.21,.232
Steve S Rain,CHC,3,4,4.35,37,0,0,0,0,0,49.2,46,25,24,10,1,27,54,1.47,.250
Robert R Ramsay,SEA,1,1,3.40,37,1,0,0,0,0,50.1,43,22,19,3,1,40,32,1.65,.234
Todd T Erdos,SD,0,0,5.93,36,0,0,0,2,2,54.2,63,38,36,7,7,28,34,1.66,.286
Ray R King,MIL,3,2,1.26,36,0,0,0,0,0,28.2,18,7,4,1,0,10,19,0.98,.180
Jose J Mercedes,BAL,14,7,4.02,36,20,1,0,0,0,145.2,150,71,65,15,3,64,70,1.47,.270
Kevin K Millwood,ATL,10,13,4.66,36,35,0,0,0,0,212.2,213,115,110,26,3,62,168,1.29,.258
Julio J Santana,MON,1,5,5.67,36,4,0,0,0,0,66.2,69,45,42,11,2,33,58,1.53,.271
Paul P Abbott,SEA,9,7,4.22,35,27,0,0,0,0,179.0,164,89,84,23,5,80,100,1.36,.243
Tom T Glavine,ATL,21,9,3.40,35,35,4,2,0,0,241.0,222,101,91,24,4,65,152,1.19,.244
Rick R Helling,TEX,16,13,4.48,35,35,0,0,0,0,217.0,212,122,108,29,9,99,146,1.43,.252
Randy R Johnson,ARI,19,7,2.64,35,35,8,3,0,0,248.2,202,89,73,23,6,76,347,1.12,.224
Jon J Lieber,CHC,12,11,4.41,35,35,6,1,0,0,251.0,248,130,123,36,10,54,192,1.20,.257
Greg G Maddux,ATL,19,9,3.00,35,35,6,3,0,0,249.1,225,91,83,19,10,42,190,1.07,.238
Ricardo R Rincon,CLE,2,0,2.70,35,0,0,0,0,0,20.0,17,7,6,1,1,13,20,1.50,.224
Jeff J Suppan,KC,10,9,4.94,35,33,3,1,0,0,217.0,240,121,119,36,7,84,128,1.49,.284
Ron R Villone,CIN,10,10,5.43,35,23,2,0,0,0,141.0,154,95,85,22,9,78,77,1.65,.286
David D Wells,TOR,20,8,4.11,35,35,9,1,0,0,229.2,266,115,105,23,8,31,166,1.29,.289
Rod R Beck,BOS,3,0,3.10,34,0,0,0,0,0,40.2,34,15,14,2,2,12,35,1.13,.222
Brian B Bohanon,COL,12,10,4.68,34,26,2,1,0,0,177.0,181,101,92,24,6,79,98,1.47,.266
Chris C Carpenter,TOR,10,12,6.26,34,27,2,0,0,0,175.1,204,130,122,30,5,83,113,1.64,.290
Matt M Clement,SD,13,17,5.14,34,34,0,0,0,0,205.0,194,131,117,22,16,125,170,1.56,.248
Chuck C Finley,CLE,16,11,4.17,34,34,3,0,0,0,218.0,211,108,101,23,2,101,189,1.43,.256
Chris C Holt,HOU,8,16,5.35,34,32,3,1,0,0,207.0,247,131,123,22,8,75,136,1.56,.304
Darryl D Kile,STL,20,9,3.91,34,34,5,1,0,0,232.1,215,109,101,33,13,58,192,1.18,.247
Esteban E Loaiza,TOR,10,13,4.56,34,31,1,1,1,1,199.1,228,112,101,29,13,57,137,1.43,.288
Mike M Mussina,BAL,11,15,3.79,34,34,6,1,0,0,237.2,236,105,100,28,3,46,210,1.19,.255
Denny D Neagle,NYY,15,9,4.52,34,33,1,0,0,0,209.0,210,109,105,31,5,81,146,1.39,.261
Chan Ho C Park,LA,18,10,3.27,34,34,3,1,0,0,226.0,173,92,82,21,12,124,217,1.31,.214
Matt M Perisho,TEX,2,7,7.37,34,13,0,0,0,0,105.0,136,99,86,20,6,67,74,1.93,.316
Brad B Radke,MIN,12,16,4.45,34,34,4,1,0,0,226.2,261,119,112,27,5,51,141,1.38,.286
Kenny K Rogers,TEX,13,13,4.55,34,34,2,0,0,0,227.1,257,126,115,20,11,78,127,1.47,.285
Aaron A Sele,SEA,17,10,4.51,34,34,2,2,0,0,211.2,221,110,106,17,5,74,137,1.39,.271
Steve S Trachsel,TOR,8,15,4.80,34,34,3,1,0,0,200.2,232,116,107,26,6,74,110,1.52,.294
Brian B Anderson,ARI,11,7,4.05,33,32,2,0,0,0,213.1,226,101,96,38,3,39,104,1.24,.275
Kevin K Brown,LA,13,6,2.58,33,33,5,1,0,0,230.0,181,76,66,21,9,47,216,0.99,.213
Ryan R Dempster,FLA,14,10,3.66,33,33,2,1,0,0,226.1,210,102,92,30,5,97,209,1.36,.243
Mike M Hampton,NYM,15,10,3.14,33,33,3,1,0,0,217.2,194,89,76,10,8,99,151,1.35,.241
Jimmy J Haynes,MIL,12,13,5.33,33,33,0,0,0,0,199.1,228,128,118,21,7,100,88,1.65,.295
Pat P Hentgen,STL,15,12,4.72,33,33,1,1,0,0,194.1,202,107,102,24,3,89,118,1.50,.276
Livan L Hernandez,SF,17,11,3.75,33,33,5,2,0,0,240.0,254,114,100,22,4,73,165,1.36,.273
Jose J Lima,HOU,7,16,6.65,33,33,0,0,0,0,196.1,251,152,145,48,2,68,124,1.62,.313
Brian B Meadows,KC,13,10,5.13,33,32,2,0,0,0,196.1,234,119,112,32,8,64,79,1.52,.298
Eric E Milton,MIN,13,10,4.86,33,33,0,0,0,0,200.0,205,123,108,35,7,44,160,1.25,.260
Russ R Ortiz,SF,14,12,5.01,33,32,0,0,0,0,195.2,192,117,109,28,7,112,167,1.55,.261
Jim J Parque,CWS,13,6,4.28,33,32,0,0,0,0,187.0,208,105,89,21,11,71,111,1.49,.283
Steve S Parris,CIN,12,17,4.81,33,33,0,0,0,0,192.2,227,109,103,30,4,71,117,1.55,.294
Yorkis Y Perez,HOU,2,1,5.16,33,0,0,0,0,0,22.2,25,18,13,4,0,14,21,1.72,.266
Javier J Vazquez,MON,11,9,4.05,33,33,2,1,0,0,217.2,247,104,98,24,5,61,196,1.42,.286
Jay J Witasick,SD,6,10,5.82,33,25,2,0,0,0,150.0,178,107,97,24,7,73,121,1.67,.294
Rolando R Arrojo,BOS,10,11,5.63,32,32,0,0,0,0,172.2,187,118,108,24,16,68,124,1.48,.277
Pedro P Astacio,COL,12,9,5.27,32,32,3,0,0,0,196.1,217,119,115,32,15,77,193,1.50,.281
Kris K Benson,PIT,10,12,3.85,32,32,2,1,0,0,217.2,206,104,93,24,10,86,184,1.34,.249
Dave D Burba,CLE,16,6,4.47,32,32,0,0,0,0,191.1,199,99,95,19,2,91,180,1.52,.267
Roger R Clemens,NYY,13,8,3.70,32,32,1,0,0,0,204.1,184,96,84,26,10,84,188,1.31,.236
Omar O Daal,PHI,4,19,6.14,32,28,0,0,0,0,167.0,208,128,114,26,9,72,96,1.68,.305
Darren D Dreifort,LA,12,9,4.16,32,32,1,1,0,0,192.2,175,105,89,31,12,87,164,1.36,.238
Mike M Fyhrie,ANA,0,0,2.39,32,0,0,0,0,0,52.2,54,14,14,4,0,15,43,1.31,.269
Gil G Heredia,OAK,15,11,4.12,32,32,2,0,0,0,198.2,214,106,91,24,4,66,101,1.41,.274
Tim T Hudson,OAK,20,6,4.14,32,32,2,2,0,0,202.1,169,100,93,24,7,82,169,1.24,.227
Hideo H Nomo,DET,8,12,4.74,32,31,1,0,0,0,190.0,191,102,100,31,3,89,181,1.47,.263
Andy A Pettitte,NYY,19,9,4.35,32,32,3,1,0,0,204.2,219,111,99,17,4,80,125,1.46,.271
Sidney S Ponson,BAL,9,13,4.82,32,32,6,1,0,0,222.0,223,125,119,30,1,83,152,1.38,.258
Lou L Pote,ANA,1,1,3.40,32,1,0,0,1,1,50.1,52,23,19,4,0,17,44,1.37,.267
Mark M Redman,MIN,12,9,4.76,32,24,0,0,0,0,151.1,168,81,80,22,3,45,117,1.41,.281
Rich R Rodriguez,NYM,0,1,7.78,32,0,0,0,0,0,37.0,59,40,32,7,3,15,18,2.00,.364
Kirk K Rueter,SF,11,9,3.96,32,31,0,0,0,0,184.0,205,92,81,23,2,62,71,1.45,.290
Jesus J Sanchez,FLA,9,12,5.34,32,32,2,2,0,0,182.0,197,118,108,32,4,76,123,1.50,.280
Mike M Sirotka,CWS,15,10,3.79,32,32,1,0,0,0,197.0,203,101,83,23,1,69,128,1.38,.269
Garrett G Stephenson,STL,16,9,4.49,32,31,3,2,0,0,200.1,209,105,100,31,7,63,123,1.36,.270
Mac M Suzuki,KC,8,10,4.34,32,29,1,1,0,0,188.2,195,100,91,26,3,94,135,1.53,.265
Brett B Tomko,SEA,7,5,4.68,32,8,0,0,1,1,92.1,92,53,48,12,3,40,59,1.43,.264
Randy R Wolf,PHI,11,9,4.36,32,32,1,0,0,0,206.1,210,107,100,25,8,83,160,1.42,.269
Rick R Ankiel C,STL,11,7,3.50,31,30,0,0,0,0,175.0,137,80,68,21,6,90,194,1.30,.219
Kevin K Appier,OAK,15,11,4.52,31,31,1,1,0,0,195.1,200,109,98,23,9,102,129,1.55,.262
Andy A Ashby,ATL,12,13,4.92,31,31,3,1,0,0,199.1,216,124,109,29,6,61,106,1.39,.280
Jason J Bere,CLE,12,10,5.47,31,31,0,0,0,0,169.1,180,107,103,25,5,89,142,1.59,.275
John J Burkett,ATL,10,6,4.89,31,22,0,0,0,0,134.1,162,79,73,13,4,51,110,1.59,.303
Bobby B Chouinard,COL,2,2,3.86,31,0,0,0,0,0,32.2,35,17,14,4,1,9,23,1.35,.273
Al A Leiter,NYM,16,8,3.20,31,31,2,1,0,0,208.0,176,84,74,19,11,76,200,1.21,.228
Cory C Lidle,TB,4,6,5.03,31,11,0,0,0,0,96.2,114,61,54,13,3,29,62,1.48,.294
Tom T Martin,CLE,1,0,4.05,31,0,0,0,0,0,33.1,32,16,15,3,1,15,21,1.41,.254
Joe J Mays,MIN,7,15,5.56,31,28,2,1,0,0,160.1,193,105,99,20,2,67,102,1.62,.299
Matt M Morris,STL,3,3,3.57,31,0,0,0,4,4,53.0,53,22,21,3,2,17,34,1.32,.261
Pat P Rapp,BAL,9,12,5.90,31,30,0,0,0,0,174.0,203,125,114,18,5,83,106,1.64,.290
Armando A Reynoso,ARI,11,12,5.27,31,30,2,0,0,0,170.2,179,102,100,22,6,52,89,1.35,.273
Todd T Ritchie,PIT,9,8,4.81,31,31,1,1,0,0,187.0,208,111,100,26,3,51,124,1.39,.282
Glendon G Rusch,NYM,11,11,4.01,31,30,2,0,0,0,190.2,196,91,85,18,6,44,157,1.26,.267
Ed E Vosberg,PHI,1,1,4.13,31,0,0,0,0,0,24.0,21,11,11,4,0,18,23,1.63,.241
Jeff J Weaver,DET,11,15,4.32,31,30,2,0,0,0,200.0,205,102,96,26,15,52,136,1.29,.267
Alan A Benes,STL,2,2,5.67,30,0,0,0,0,0,46.0,54,33,29,7,2,23,26,1.67,.290
Andy A Benes,STL,12,9,4.88,30,27,1,0,0,0,166.0,174,95,90,30,1,68,137,1.46,.275
Jason J Boyd,PHI,0,1,6.55,30,0,0,0,0,0,34.1,39,28,25,2,1,24,32,1.83,.293
Bartolo B Colon,CLE,15,8,3.88,30,30,2,1,0,0,188.0,163,86,81,21,4,98,212,1.39,.233
David D Cone,NYY,4,14,6.91,30,29,0,0,0,0,155.0,192,124,119,25,9,82,120,1.77,.306
Doug D Davis,TEX,7,6,5.38,30,13,1,0,0,0,98.2,109,61,59,14,3,58,66,1.69,.288
Scott S Elarton,HOU,17,7,4.81,30,30,2,0,0,0,192.2,198,117,103,29,6,84,131,1.46,.263
Shawn S Estes,SF,15,6,4.26,30,30,4,2,0,0,190.1,194,99,90,11,3,108,136,1.59,.275
Mark M Gardner,SF,11,7,4.05,30,20,0,0,0,0,149.0,155,72,67,16,5,42,92,1.32,.270
Daniel D Garibay,CHC,2,8,6.03,30,8,0,0,0,0,74.2,88,54,50,9,1,39,46,1.70,.299
John J Halama,SEA,14,9,5.08,30,30,1,1,0,0,166.2,206,108,94,19,2,56,87,1.57,.308
Carlos C Perez,LA,5,8,5.56,30,22,0,0,0,0,144.0,192,95,89,25,8,33,64,1.56,.324
Rick R Reed,NYM,11,5,4.11,30,30,0,0,0,0,184.0,192,90,84,28,5,34,121,1.23,.266
Bryan B Rekar,TB,7,10,4.41,30,27,2,0,0,0,173.1,200,92,85,22,4,39,95,1.38,.292
Johan J Santana,MIN,2,3,6.49,30,5,0,0,0,0,86.0,102,64,62,11,2,54,64,1.81,.302
Kevin K Tapani,CHC,8,12,5.01,30,30,2,0,0,0,195.2,208,113,109,35,8,47,150,1.30,.271
James J Baldwin,CWS,14,7,4.65,29,28,2,1,0,0,178.0,185,96,92,34,8,59,116,1.37,.272
Kevin K Beirne,CWS,1,3,6.70,29,1,0,0,0,0,49.2,50,41,37,9,4,20,41,1.41,.263
Kent K Bottenfield,PHI,8,10,5.40,29,29,1,1,0,0,171.2,185,106,103,30,3,77,106,1.53,.274
Bryce B Florie,BOS,0,4,4.56,29,0,0,0,1,1,49.1,57,30,25,5,1,19,34,1.54,.295
Orlando O Hernandez,NYY,12,13,4.51,29,29,3,0,0,0,195.2,186,104,98,34,6,51,141,1.21,.247
Pedro P Martinez,BOS,18,6,1.74,29,29,7,4,0,0,217.0,128,44,42,17,14,32,284,0.74,.167
Onan O Masaoka,LA,1,1,4.00,29,0,0,0,0,0,27.0,23,12,12,2,1,15,27,1.41,.230
Brian B Moehler,DET,12,9,4.50,29,29,2,0,0,0,178.0,222,99,89,20,2,40,103,1.47,.305
Guillermo G Mota,MON,1,1,6.00,29,0,0,0,0,0,30.0,27,21,20,3,2,12,24,1.30,.245
Jay J Powell,HOU,1,1,5.67,29,0,0,0,0,0,27.0,29,18,17,1,0,19,16,1.78,.271
Curt C Schilling,ARI,11,12,3.81,29,29,8,2,0,0,210.1,204,90,89,27,1,45,168,1.18,.255
Tanyon T Sturtze,TB,5,2,4.74,29,6,0,0,0,0,68.1,72,39,36,8,3,29,44,1.48,.272
Brian B Williams,CLE,1,1,7.23,29,0,0,0,1,1,42.1,51,36,34,6,4,31,20,1.94,.313
Masato M Yoshii,COL,6,15,5.86,29,29,0,0,0,0,167.1,201,112,109,32,2,53,88,1.52,.306
Mark M Buehrle,CWS,4,1,4.21,28,3,0,0,0,0,51.1,55,27,24,5,3,19,37,1.44,.272
Robert R Person,PHI,9,7,3.63,28,28,1,1,0,0,173.1,144,73,70,13,6,95,164,1.38,.229
Billy B Wagner,HOU,2,4,6.18,28,0,0,0,6,6,27.2,28,19,19,6,1,18,28,1.66,.255
Matt M Whiteside,SD,2,3,4.14,28,0,0,0,0,0,37.0,32,21,17,6,1,17,27,1.32,.232
Jimmy J Anderson,PIT,5,11,5.25,27,26,1,0,0,0,144.0,169,94,84,13,7,58,73,1.58,.294
Nelson N Cruz,DET,5,2,3.07,27,0,0,0,0,0,41.0,39,14,14,4,3,13,34,1.27,.253
Will W Cunnane,SD,1,1,4.23,27,3,0,0,0,0,38.1,35,21,18,2,1,21,34,1.46,.241
Dwight D Gooden,NYY,6,5,4.71,27,14,0,0,2,2,105.0,119,64,55,23,3,44,55,1.55,.287
Bobby B Jones,NYM,11,6,5.06,27,27,1,0,0,0,154.2,171,90,87,25,5,49,85,1.42,.281
Ramon R Martinez,BOS,10,8,6.13,27,27,0,0,0,0,127.2,143,94,87,16,9,67,89,1.64,.283
Mark M Mulder,OAK,9,10,5.44,27,27,0,0,0,0,154.0,191,106,93,22,4,69,88,1.69,.308
Brian B Rose,COL,7,10,5.79,27,24,0,0,0,0,116.2,130,78,75,21,6,51,64,1.55,.278
Scott S Schoeneweis,ANA,7,10,5.45,27,27,1,1,0,0,170.0,183,112,103,21,6,67,78,1.47,.276
Bryan B Ward,ANA,0,0,3.29,27,0,0,0,0,0,27.1,22,11,10,3,0,10,14,1.17,.216
Rob R Bell,CIN,7,8,5.00,26,26,1,0,0,0,140.1,130,84,78,32,1,73,112,1.45,.243
Jamie J Brewington,CLE,3,0,5.36,26,0,0,0,0,0,45.1,56,28,27,3,2,19,34,1.65,.311
Jamie J Moyer,SEA,13,10,5.49,26,26,0,0,0,0,154.0,173,103,94,22,3,53,98,1.47,.281
Jamey J Wright,MIL,7,9,4.10,26,25,0,0,0,0,164.2,157,81,75,12,18,88,96,1.49,.261
Frank F Castillo,TOR,10,5,3.59,25,24,0,0,0,0,138.0,112,58,55,18,5,56,104,1.22,.220
Wayne W Franklin,HOU,0,0,5.48,25,0,0,0,0,0,21.1,24,14,13,2,4,12,21,1.69,.282
Mark M Holzemer,PHI,0,1,7.71,25,0,0,0,0,0,25.2,36,23,22,4,1,8,19,1.71,.336
Jason J Johnson,BAL,1,10,7.02,25,13,0,0,0,0,107.2,119,95,84,21,4,61,79,1.67,.278
Ryan R Kohlmeier,BAL,0,1,2.39,25,0,0,0,13,13,26.1,30,9,7,1,0,15,17,1.71,.291
Kevin K Jarvis,COL,3,4,5.95,24,19,0,0,0,0,115.0,138,83,76,26,4,33,60,1.49,.300
Dave D Mlicki,DET,6,11,5.58,24,21,0,0,0,0,119.1,143,79,74,17,3,44,57,1.57,.291
Mike M Mohler,CLE,1,2,9.00,24,0,0,0,0,0,20.0,27,21,20,2,2,15,10,2.10,.318
Derrick D Turnbow,ANA,0,0,4.74,24,1,0,0,0,0,38.0,36,21,20,7,2,36,25,1.89,.254
Matt M Whisenant,SD,2,2,3.80,24,0,0,0,0,0,21.1,16,12,9,1,0,17,12,1.55,.213
Scott S Aldred,PHI,1,3,5.75,23,0,0,0,0,0,20.1,23,14,13,3,1,10,21,1.62,.284
Jeff J D' Amico,MIL,12,7,2.66,23,23,1,1,0,0,162.1,143,55,48,14,6,46,101,1.16,.238
Scott S Karl,ANA,4,5,7.42,23,13,0,0,0,0,87.1,126,77,72,16,3,45,38,1.96,.341
Ron R Mahay,FLA,1,1,7.19,23,2,0,0,0,0,41.1,57,35,33,10,0,25,32,1.98,.333
Brad B Penny,FLA,8,7,4.81,23,22,0,0,0,0,119.2,120,70,64,13,5,60,80,1.50,.263
Jim J Poole,MON,1,0,10.97,23,0,0,0,0,0,10.2,21,14,13,5,1,4,8,2.34,.420
Frankie F Rodriguez,SEA,2,1,6.27,23,0,0,0,0,0,47.1,60,33,33,8,0,22,19,1.73,.317
Rudy R Seanez,ATL,2,4,4.29,23,0,0,0,2,2,21.0,15,11,10,3,1,9,20,1.14,.192
John J Snyder,MIL,3,10,6.17,23,23,0,0,0,0,127.0,147,95,87,8,9,77,69,1.76,.296
Woody W Williams,SD,10,8,3.75,23,23,4,0,0,0,168.0,152,74,70,23,3,54,111,1.23,.239
Kerry K Wood,CHC,8,7,4.80,23,23,1,0,0,0,137.0,112,77,73,17,9,87,132,1.45,.226
Lorenzo L Barcelo,CWS,4,2,3.69,22,1,0,0,0,0,39.0,34,17,16,5,0,9,26,1.10,.231
Randy R Choate,NYY,0,1,4.76,22,0,0,0,0,0,17.0,14,10,9,3,1,8,12,1.29,.215
Reid R Cornelius,FLA,4,10,4.82,22,21,0,0,0,0,125.0,135,74,67,19,4,50,50,1.48,.282
Adam A Eaton,SD,7,4,4.13,22,22,0,0,0,0,135.0,134,63,62,14,2,61,90,1.44,.260
Pete P Harnisch,CIN,8,6,4.74,22,22,3,1,0,0,131.0,133,76,69,23,1,46,71,1.37,.261
Jesus J Pena,BOS,2,1,5.13,22,0,0,0,1,1,26.1,28,19,15,7,1,19,20,1.78,.277
Carlos C Reyes,SD,1,3,5.72,22,0,0,0,1,1,28.1,25,18,18,7,1,13,17,1.34,.238
Shane S Reynolds,HOU,7,8,5.22,22,22,0,0,0,0,131.0,150,86,76,20,6,45,93,1.49,.287
Freddy F Garcia,SEA,9,5,3.91,21,20,0,0,0,0,124.1,112,62,54,16,2,64,79,1.42,.241
Andy A Larkin,KC,0,3,7.96,21,0,0,0,1,1,26.0,35,24,23,6,0,16,24,1.96,.324
Mike M Maddux,HOU,2,2,6.26,21,0,0,0,0,0,27.1,31,20,19,6,2,12,17,1.57,.282
Kent K Mercker,ANA,1,3,6.52,21,7,0,0,0,0,48.1,57,35,35,12,2,29,30,1.78,.300
Omar O Olivares,OAK,4,8,6.75,21,16,1,0,0,0,108.0,134,86,81,10,7,60,57,1.80,.309
Darren D Oliver,TEX,2,9,7.42,21,21,0,0,0,0,108.0,151,95,89,16,4,42,49,1.79,.339
Ruben R Quevedo,CHC,3,10,7.47,21,15,1,0,0,0,88.0,96,81,73,21,3,54,65,1.70,.271
Pete P Schourek,BOS,3,10,5.11,21,21,0,0,0,0,107.1,116,67,61,17,3,38,63,1.43,.278
Ismael I Valdez,LA,2,7,5.64,21,20,0,0,0,0,107.0,124,69,67,22,3,40,74,1.53,.294
Bronson B Arroyo,PIT,2,6,6.40,20,12,0,0,0,0,71.2,88,61,51,10,4,36,50,1.73,.302
Darwin D Cubillan,TEX,1,0,9.45,20,0,0,0,0,0,33.1,52,36,35,9,1,25,27,2.31,.364
Cal C Eldred,CWS,10,2,4.58,20,20,2,1,0,0,112.0,103,61,57,12,5,59,97,1.45,.243
Chris C Fussell,KC,5,3,6.30,20,9,0,0,0,0,70.0,76,52,49,18,2,44,46,1.71,.286
Eric E Gagne,LA,4,6,5.15,20,19,0,0,0,0,101.1,106,62,58,20,3,60,79,1.64,.270
Joe J Nathan,SF,5,2,5.21,20,15,0,0,0,0,93.1,89,63,54,12,4,63,61,1.63,.255
Steve S Schrenk,PHI,2,3,7.33,20,0,0,0,0,0,23.1,25,20,19,3,1,13,19,1.63,.269
Scott S Service,OAK,1,2,6.38,20,0,0,0,1,1,36.2,45,31,26,5,1,19,35,1.75,.302
Steve S Sparks,DET,7,5,4.07,20,15,1,1,1,1,104.0,108,55,47,7,4,29,53,1.32,.263
Gene G Stechschulte,STL,1,0,6.31,20,0,0,0,0,0,25.2,24,22,18,6,0,17,12,1.60,.247
Everett E Stull,MIL,2,3,5.82,20,4,0,0,0,0,43.1,41,30,28,7,4,30,33,1.64,.256
Mark M Thompson,STL,1,1,5.04,20,0,0,0,0,0,25.0,24,21,14,4,3,15,19,1.56,.250
Kip K Wells,CWS,6,9,6.02,20,20,0,0,0,0,98.2,126,76,66,15,2,58,71,1.86,.312
Kris K Wilson,KC,0,1,4.19,20,0,0,0,0,0,34.1,38,16,16,3,0,11,17,1.43,.288
Mark M Wohlers,CIN,1,2,4.50,20,0,0,0,0,0,28.0,19,14,14,3,0,17,20,1.29,.192
Scott S Downs,MON,4,3,5.29,19,19,0,0,0,0,97.0,122,62,57,13,5,40,63,1.67,.312
Roy R Halladay,TOR,4,7,10.64,19,13,0,0,0,0,67.2,107,87,80,14,2,42,44,2.20,.357
Al A Reyes,LA,1,0,4.58,19,0,0,0,0,0,19.2,15,10,10,2,0,12,18,1.37,.211
Chuck C Smith,FLA,6,6,3.23,19,19,1,0,0,0,122.2,111,53,44,6,3,54,118,1.35,.248
Brian B Tollberg,SD,4,5,3.58,19,19,1,0,0,0,118.0,126,58,47,13,5,35,76,1.36,.274
Ben B Weber,ANA,1,1,6.35,19,0,0,0,0,0,22.2,28,19,16,0,0,6,14,1.50,.292
Miguel M Batista,KC,2,7,8.54,18,9,0,0,0,0,65.1,85,68,62,19,2,37,37,1.87,.317
Francisco F Cordova,PIT,6,8,5.21,18,17,0,0,0,0,95.0,107,63,55,12,2,38,66,1.53,.285
Ken K Hill,CWS,5,8,7.16,18,17,0,0,0,0,81.2,107,67,65,16,2,59,50,2.03,.327
Darren D Holmes,ARI,0,1,13.03,18,0,0,0,1,1,19.1,37,28,28,6,2,9,16,2.38,.416
Andrew A Lorraine,CLE,1,2,5.88,18,5,0,0,0,0,41.1,44,29,27,6,0,23,30,1.62,.272
Ramon R Ortiz,ANA,8,6,5.09,18,18,2,0,0,0,111.1,96,69,63,18,2,55,73,1.36,.236
Chris C Peters,PIT,0,1,2.86,18,0,0,0,1,1,28.1,23,9,9,2,1,14,16,1.31,.221
Ryan R Rupe,TB,5,6,6.92,18,18,0,0,0,0,91.0,121,75,70,19,9,31,61,1.67,.321
Todd T Stottlemyre,ARI,9,6,4.91,18,18,0,0,0,0,95.1,98,55,52,18,2,36,76,1.41,.268
Joe J Strong,FLA,1,1,7.32,18,0,0,0,1,1,19.2,26,16,16,3,2,12,18,1.93,.325
Tony T Armas,MON,7,9,4.36,17,17,0,0,0,0,95.0,74,49,46,10,3,50,59,1.31,.218
Jim J Brower,CLE,2,3,6.24,17,11,0,0,0,0,62.0,80,45,43,11,2,31,32,1.79,.309
Paul P Byrd,PHI,2,9,6.51,17,15,0,0,0,0,83.0,89,67,60,17,3,35,53,1.49,.271
Jerry J Dipoto,COL,0,0,3.95,17,0,0,0,0,0,13.2,16,6,6,1,0,5,9,1.54,.314
Dave D Eiland,TB,2,3,7.24,17,10,0,0,0,0,54.2,77,46,44,8,4,18,17,1.74,.326
Vladimir V Nunez,FLA,0,6,7.90,17,12,0,0,0,0,68.1,88,63,60,12,2,34,45,1.79,.319
Paul P Rigdon,MIL,5,5,5.15,17,16,0,0,0,0,87.1,89,52,50,18,1,35,63,1.42,.264
Blake B Stein,KC,8,5,4.68,17,17,1,0,0,0,107.2,98,57,56,19,3,57,78,1.44,.247
Billy B Taylor,TB,1,3,8.56,17,0,0,0,0,0,13.2,13,13,13,2,2,9,13,1.61,.255
Mike M Thurman,MON,4,9,6.42,17,17,0,0,0,0,88.1,112,69,63,9,3,46,52,1.79,.315
Allen A Watson,NYY,0,0,10.23,17,0,0,0,0,0,22.0,30,25,25,6,2,18,20,2.18,.330
Eric E Weaver,ANA,0,2,6.87,17,0,0,0,0,0,18.1,20,16,14,5,0,16,8,1.96,.267
Chad C Durbin,KC,2,5,8.21,16,16,0,0,0,0,72.1,91,71,66,14,0,43,37,1.85,.301
Scott S Erickson,BAL,5,8,7.87,16,16,1,0,0,0,92.2,127,81,81,14,5,48,41,1.89,.331
Ryan R Glynn,TEX,5,7,5.58,16,16,0,0,0,0,88.2,107,65,55,15,3,41,33,1.67,.293
Craig C House,COL,1,1,7.24,16,0,0,0,0,0,13.2,13,11,11,3,2,17,8,2.20,.265
Trever T Miller,LA,0,0,10.47,16,0,0,0,0,0,16.1,27,22,19,3,2,12,11,2.39,.365
Wade W Miller,HOU,6,6,5.14,16,16,2,0,0,0,105.0,104,66,60,14,3,42,89,1.39,.257
Jim J Morris,TB,0,0,4.35,16,0,0,0,0,0,10.1,10,9,5,1,0,7,10,1.65,.250
Jason J Ryan,MIN,0,1,7.62,16,1,0,0,0,0,26.0,37,24,22,8,1,10,19,1.81,.330
Sean S Bergman,MIN,4,5,9.66,15,14,0,0,0,0,68.0,111,76,73,18,2,33,35,2.12,.374
Jim J Bruske,MIL,1,0,6.48,15,0,0,0,0,0,16.2,22,15,12,5,2,12,8,2.04,.314
Cameron C Cairncross,CLE,1,0,3.86,15,0,0,0,0,0,9.1,11,4,4,1,0,3,8,1.50,.306
Brian B Cooper,ANA,4,8,5.90,15,15,1,1,0,0,87.0,105,66,57,18,2,35,36,1.61,.300
Osvaldo O Fernandez,CIN,4,3,3.62,15,14,1,0,0,0,79.2,69,33,32,6,2,31,36,1.26,.238
Jon J Garland,CWS,4,8,6.46,15,13,0,0,0,0,69.2,82,55,50,10,1,40,42,1.75,.292
Jonathan J Johnson,TEX,1,1,6.21,15,0,0,0,0,0,29.0,34,23,20,3,6,19,23,1.83,.291
Calvin C Maduro,BAL,0,0,9.64,15,2,0,0,0,0,23.1,29,25,25,8,2,16,18,1.93,.315
Jason J Marquis,ATL,1,0,5.01,15,0,0,0,0,0,23.1,23,16,13,4,1,12,17,1.50,.261
Greg G Mc Michael,ATL,0,0,4.41,15,0,0,0,0,0,16.1,12,8,8,3,0,4,14,0.98,.214
Gil G Meche,SEA,4,4,3.78,15,15,1,1,0,0,85.2,75,37,36,7,1,40,60,1.34,.240
Carl C Pavano,MON,8,4,3.06,15,15,0,0,0,0,97.0,89,40,33,8,8,34,64,1.27,.248
Jeff J Sparks,TB,0,1,3.54,15,0,0,0,0,0,20.1,13,8,8,2,2,18,24,1.52,.186
Jamie J Arnold,CHC,0,3,6.18,14,4,0,0,1,1,39.1,38,31,27,1,4,24,16,1.58,.259
Jason J Green,HOU,1,1,6.62,14,0,0,0,0,0,17.2,15,16,13,3,1,20,19,1.98,.234
Larry L Luebbers,CIN,0,2,6.20,14,1,0,0,1,1,20.1,27,15,14,1,0,12,9,1.92,.333
Mike M Matthews,STL,0,0,11.57,14,0,0,0,0,0,9.1,15,12,12,2,1,10,8,2.68,.349
Dave D Maurer,SD,1,0,3.68,14,0,0,0,0,0,14.2,15,8,6,2,2,5,13,1.36,.263
Ramiro R Mendoza,NYY,7,4,4.25,14,9,1,1,0,0,65.2,66,32,31,9,4,20,30,1.31,.260
Dan D Serafini,PIT,2,5,5.51,14,11,0,0,0,0,65.1,79,41,40,11,4,28,35,1.64,.306
Matt M Skrmetta,PIT,2,2,11.66,14,0,0,0,0,0,14.2,19,22,19,3,1,9,11,1.91,.311
Jarrod J Washburn,ANA,7,2,3.74,14,14,0,0,0,0,84.1,64,38,35,16,1,37,49,1.20,.215
Barry B Zito,OAK,7,4,2.72,14,14,1,1,0,0,92.2,64,30,28,6,2,45,78,1.18,.195
Matt M Blank,MON,0,1,5.14,13,0,0,0,0,0,14.0,12,8,8,1,1,5,4,1.21,.226
A. J. A Burnett,FLA,3,7,4.79,13,13,0,0,0,0,82.2,80,46,44,8,2,44,57,1.50,.259
Sean S De Paula,CLE,0,0,5.94,13,0,0,0,0,0,16.2,20,11,11,3,0,14,16,2.04,.294
Scott S Eyre,CWS,1,1,6.63,13,1,0,0,0,0,19.0,29,15,14,3,1,12,16,2.16,.372
Mike M Garcia,PIT,0,2,11.12,13,0,0,0,0,0,11.1,21,15,14,1,0,7,9,2.47,.429
Geraldo G Guzman,ARI,5,4,5.37,13,10,0,0,0,0,60.1,66,36,36,8,2,22,52,1.46,.286
Kevin K Hodges,SEA,0,0,5.19,13,0,0,0,0,0,17.1,18,10,10,4,2,12,7,1.73,.310
Matt M Karchner,CHC,1,1,6.14,13,0,0,0,0,0,14.2,19,11,10,3,0,11,5,2.05,.311
Allen A Mc Dill,DET,0,0,7.20,13,0,0,0,0,0,10.0,13,9,8,2,1,1,7,1.40,.317
Tomo T Ohka,BOS,3,6,3.12,13,12,0,0,0,0,69.1,70,25,24,7,2,26,40,1.38,.263
Gregg G Olson,LA,0,1,5.09,13,0,0,0,0,0,17.2,21,11,10,4,1,7,15,1.58,.300
John J Riedling,CIN,3,1,2.35,13,0,0,0,1,1,15.1,11,7,4,1,1,8,18,1.24,.208
Paul P Spoljaric,KC,0,0,6.52,13,0,0,0,0,0,9.2,9,7,7,4,0,5,6,1.45,.265
Amaury A Telemaco,PHI,1,3,6.66,13,2,0,0,0,0,24.1,25,22,18,6,0,14,22,1.60,.275
Ugueth U Urbina,MON,0,1,4.05,13,0,0,0,8,8,13.1,11,6,6,1,0,5,22,1.20,.224
Adam A Bernero,DET,0,1,4.19,12,4,0,0,0,0,34.1,33,18,16,3,1,13,20,1.34,.270
Chad C Bradford,CWS,1,0,1.98,12,0,0,0,0,0,13.2,13,4,3,0,0,1,9,1.02,.255
Tim T Byrdak,KC,0,1,11.37,12,0,0,0,0,0,6.1,11,8,8,3,0,4,8,2.37,.367
Mark M Clark,TEX,3,5,7.98,12,8,0,0,0,0,44.0,66,42,39,10,3,24,16,2.05,.347
Hector H Mercado,CIN,0,0,4.50,12,0,0,0,0,0,14.0,12,7,7,2,0,8,13,1.43,.240
Jaime J Navarro,CLE,0,6,10.53,12,7,0,0,0,0,33.1,54,44,39,9,1,23,16,2.31,.375
Cliff C Politte,PHI,4,3,3.66,12,8,0,0,0,0,59.0,55,24,24,8,0,27,50,1.39,.248
J. C. J Romero,MIN,2,7,7.02,12,11,0,0,0,0,57.2,72,51,45,8,1,30,50,1.77,.312
Luis L Vizcaino,OAK,0,1,7.45,12,0,0,0,0,0,19.1,25,17,16,2,2,11,18,1.86,.305
Juan J Alvarez,ANA,0,0,13.50,11,0,0,0,0,0,6.0,14,9,9,3,0,7,2,3.50,.467
Jack J Cressend,MIN,0,0,5.27,11,0,0,0,0,0,13.2,20,8,8,0,0,6,6,1.90,.364
Rick R Croushore,BOS,2,1,7.88,11,0,0,0,0,0,16.0,19,14,14,1,2,11,14,1.88,.297
Tom T Davey,SD,2,1,0.71,11,0,0,0,0,0,12.2,12,1,1,0,0,2,6,1.11,.250
Darrell D Einertson,NYY,0,0,3.55,11,0,0,0,0,0,12.2,16,9,5,1,0,4,3,1.58,.302
Seth S Etherton,ANA,5,1,5.52,11,11,0,0,0,0,60.1,68,38,37,16,1,22,32,1.49,.278
Tony T Fiore,TB,1,1,8.40,11,0,0,0,0,0,15.0,21,16,14,3,2,9,8,2.00,.333
Sterling S Hitchcock,SD,1,6,4.93,11,11,0,0,0,0,65.2,69,38,36,12,5,26,61,1.45,.267
Hideki H Irabu,MON,2,5,7.24,11,11,0,0,0,0,54.2,77,45,44,9,1,14,42,1.66,.339
Bobby B Jones,NYM,0,1,4.15,11,1,0,0,0,0,21.2,18,11,10,2,3,14,20,1.48,.222
Brandon B Kolb,SD,0,1,4.50,11,0,0,0,0,0,14.0,16,8,7,0,0,11,12,1.93,.296
Scott S Linebrink,HOU,0,0,6.00,11,0,0,0,0,0,12.0,18,8,8,4,3,8,6,2.17,.346
Gabe G Molina,ATL,0,0,9.00,11,0,0,0,0,0,15.0,28,18,15,3,1,10,9,2.53,.394
Scott S Mullen,KC,0,0,4.35,11,0,0,0,0,0,10.1,10,5,5,2,0,3,7,1.26,.244
Charles C Nagy,CLE,2,7,8.21,11,11,0,0,0,0,57.0,71,53,52,15,2,21,41,1.61,.300
Jeremy J Powell,MON,0,3,7.96,11,4,0,0,0,0,26.0,35,27,23,6,0,9,19,1.69,.321
Jason J Rakers,KC,2,0,9.14,11,0,0,0,0,0,21.2,33,22,22,5,0,7,16,1.85,.351
Jason J Schmidt,PIT,2,5,5.40,11,11,0,0,0,0,63.1,71,43,38,6,1,41,51,1.77,.284
Dan D Wheeler,TB,1,1,5.48,11,2,0,0,0,0,23.0,29,14,14,2,2,11,17,1.74,.302
Matt M Williams,MIL,0,0,7.00,11,0,0,0,0,0,9.0,7,7,7,2,1,13,7,2.22,.219
Paul P Wilson,TB,1,4,3.35,11,7,0,0,0,0,51.0,38,20,19,1,4,16,40,1.06,.209
Craig C Dingman,NYY,0,0,6.55,10,0,0,0,0,0,11.0,18,8,8,1,0,3,8,1.91,.375
Orel O Hershiser,LA,1,5,13.14,10,6,0,0,0,0,24.2,42,36,36,5,11,14,13,2.27,.389
Kevin K Mc Glinchy,ATL,0,0,2.16,10,0,0,0,0,0,8.1,11,4,2,1,0,6,9,2.04,.314
Dan D Murray,KC,0,0,4.66,10,0,0,0,0,0,19.1,20,10,10,7,1,10,16,1.55,.278
Brad B Rigby,MON,0,0,11.85,10,0,0,0,2,2,13.2,27,21,18,6,2,8,5,2.56,.397
Rich R Sauveur,OAK,0,0,4.35,10,0,0,0,0,0,10.1,13,5,5,3,0,1,7,1.35,.310
Brian B Sikorski,TEX,1,3,5.73,10,5,0,0,0,0,37.2,46,31,24,9,1,25,32,1.88,.288
Don D Wengert,ATL,0,1,7.20,10,0,0,0,0,0,10.0,12,9,8,2,0,5,7,1.70,.286
Tim T Belcher,ANA,4,5,6.86,9,9,1,0,0,0,40.2,45,31,31,8,2,22,22,1.65,.281
Miguel M Del Toro,SF,2,0,5.19,9,1,0,0,0,0,17.1,17,10,10,3,2,6,16,1.33,.250
Trevor T Enders,TB,0,1,10.61,9,0,0,0,0,0,9.1,14,13,11,2,0,5,5,2.04,.359
Thomas T Jacquez,PHI,0,0,11.05,9,0,0,0,1,1,7.1,10,9,9,2,0,3,6,1.77,.333
Mark M Johnson,DET,0,1,7.50,9,3,0,0,0,0,24.0,25,23,20,3,1,16,11,1.71,.266
Sang- Hoon S Lee,BOS,0,0,3.09,9,0,0,0,0,0,11.2,11,4,4,2,2,4,6,1.29,.262
Pete P Munro,TOR,1,1,5.96,9,3,0,0,0,0,25.2,38,22,17,1,3,16,16,2.10,.355
Brian B Powell,HOU,2,1,5.74,9,5,0,0,0,0,31.1,34,21,20,8,1,13,14,1.50,.279
David D Wainhouse,STL,0,1,9.35,9,0,0,0,0,0,8.2,13,10,9,2,2,4,5,1.96,.351
Jaret J Wright,CLE,3,4,4.70,9,9,1,1,0,0,51.2,44,27,27,6,1,28,36,1.39,.235
Clayton C Andrews,TOR,1,2,10.02,8,2,0,0,0,0,20.2,34,23,23,6,0,9,12,2.08,.374
Eric E Cammack,NYM,0,0,6.30,8,0,0,0,0,0,10.0,7,7,7,1,1,10,9,1.70,.194
Giovanni G Carrara,COL,0,1,12.83,8,0,0,0,0,0,13.1,21,19,19,5,1,11,15,2.40,.356
Kane K Davis,MIL,0,3,12.60,8,2,0,0,0,0,15.0,27,24,21,4,2,13,4,2.67,.386
Matt M De Witt,TOR,1,0,8.56,8,0,0,0,0,0,13.2,20,13,13,4,2,9,6,2.12,.351
Alex A Fernandez,FLA,4,4,4.13,8,8,0,0,0,0,52.1,59,25,24,7,0,16,27,1.43,.292
Matt M Kinney,MIN,2,2,5.10,8,8,0,0,0,0,42.1,41,26,24,7,0,25,24,1.56,.261
Mike M Lincoln,MIN,0,3,10.89,8,4,0,0,0,0,20.2,36,25,25,10,2,13,15,2.37,.383
Trey T Moore,MON,1,5,6.62,8,8,0,0,0,0,35.1,55,31,26,7,4,21,24,2.15,.364
John J Parrish,BAL,2,4,7.18,8,8,0,0,0,0,36.1,40,32,29,6,1,35,28,2.06,.288
Joel J Pineiro,SEA,1,0,5.59,8,1,0,0,0,0,19.1,25,13,12,3,0,13,10,1.97,.316
Ariel A Prieto,OAK,1,2,5.12,8,6,0,0,0,0,31.2,42,21,18,3,1,13,19,1.74,.321
Britt B Reames,STL,2,1,2.88,8,7,0,0,0,0,40.2,30,17,13,4,1,23,31,1.30,.207
Sean S Spencer,MON,0,0,5.40,8,0,0,0,0,0,6.2,7,4,4,2,0,3,6,1.50,.292
Stan S Spencer,SD,2,2,3.26,8,8,0,0,0,0,49.2,44,22,18,7,2,19,40,1.27,.239
Rob R Stanifer,BOS,0,0,7.62,8,0,0,0,0,0,13.0,22,19,11,3,0,4,3,2.00,.355
Matt M Wise,ANA,3,3,5.54,8,6,0,0,0,0,37.1,40,23,23,7,1,13,20,1.42,.272
Tim T Young,BOS,0,0,6.43,8,0,0,0,0,0,7.0,7,5,5,3,1,2,6,1.29,.269
Brian B Boehringer,SD,0,3,5.74,7,3,0,0,0,0,15.2,18,15,10,4,0,10,9,1.79,.286
Paxton P Crawford,BOS,2,1,3.41,7,4,0,0,0,0,29.0,25,15,11,0,2,13,17,1.31,.240
Jeff J D' Amico,KC,0,1,9.22,7,1,0,0,0,0,13.2,19,14,14,2,0,15,9,2.49,.345
Horacio H Estrada,MIL,3,0,6.29,7,4,0,0,0,0,24.1,30,18,17,5,2,20,13,2.05,.300
Matt M Ginter,CWS,1,0,13.50,7,0,0,0,0,0,9.1,18,14,14,5,0,7,6,2.68,.409
David D Lee,COL,0,0,11.12,7,0,0,0,1,1,5.2,10,9,7,3,1,6,6,2.82,.357
Ted T Lilly,NYY,0,0,5.63,7,0,0,0,0,0,8.0,8,6,5,1,0,5,11,1.63,.235
Steve S Montgomery,SD,0,2,7.94,7,0,0,0,0,0,5.2,6,6,5,3,0,4,3,1.76,.273
Mike M Munoz,TEX,0,1,13.50,7,0,0,0,0,0,4.0,11,6,6,1,0,3,1,3.50,.524
Chris C Nichting,CLE,0,0,7.00,7,0,0,0,0,0,9.0,13,7,7,0,2,5,7,2.00,.342
Vicente V Palacios,SD,0,1,6.75,7,0,0,0,0,0,10.2,12,10,8,4,0,5,8,1.59,.308
Jay J Spurgeon,BAL,1,1,6.00,7,4,0,0,0,0,24.0,26,16,16,5,2,15,11,1.71,.283
Jay J Tessmer,NYY,0,0,6.75,7,0,0,0,0,0,6.2,9,6,5,3,0,1,5,1.50,.300
Jeff J Williams,LA,0,0,15.88,7,0,0,0,0,0,5.2,12,11,10,1,0,8,3,3.53,.462
Bobby B Witt,CLE,0,1,7.63,7,2,0,0,0,0,15.1,28,13,13,4,0,6,6,2.22,.394
Doug D Bochtler,KC,0,2,6.48,6,0,0,0,0,0,8.1,13,6,6,2,0,10,4,2.76,.371
Lesli L Brea,BAL,0,1,11.00,6,1,0,0,0,0,9.0,12,11,11,1,1,10,5,2.44,.324
Jason J Dickson,ANA,2,2,6.11,6,6,0,0,0,0,28.0,39,20,19,5,1,7,18,1.64,.336
Eric E Gunderson,TOR,0,1,7.11,6,0,0,0,0,0,6.1,15,6,5,0,1,2,2,2.68,.455
Joey J Hamilton,TOR,2,1,3.55,6,6,0,0,0,0,33.0,28,13,13,3,2,12,15,1.21,.233
Travis T Harper,TB,1,2,4.78,6,5,1,1,0,0,32.0,30,17,17,5,1,15,14,1.41,.244
Yovanny Y Lara,MON,0,0,6.35,6,0,0,0,0,0,5.2,5,4,4,0,0,8,3,2.29,.250
Brett B Laxton,KC,0,1,8.10,6,1,0,0,0,0,16.2,23,15,15,0,2,10,14,1.98,.348
Rodrigo R Lopez,SD,0,3,8.76,6,6,0,0,0,0,24.2,40,24,24,5,0,13,17,2.15,.377
Tony T Mc Knight,HOU,4,1,3.86,6,6,1,0,0,0,35.0,35,19,15,4,2,9,23,1.26,.245
Brian B O' Connor,PIT,0,0,5.11,6,1,0,0,0,0,12.1,12,11,7,2,1,11,7,1.86,.250
Will W Ohman,CHC,1,0,8.10,6,0,0,0,0,0,3.1,4,3,3,0,0,4,2,2.40,.308
Jesse J Orosco,STL,0,0,3.86,6,0,0,0,0,0,2.1,3,3,1,1,2,3,4,2.57,.273
Jose J Parra,PIT,0,1,6.94,6,2,0,0,0,0,11.2,17,9,9,3,1,7,9,2.06,.354
Hector H Ramirez,MIL,0,1,10.00,6,0,0,0,0,0,9.0,11,10,10,1,0,5,4,1.78,.289
Luis L Rivera,BAL,1,0,1.23,6,0,0,0,0,0,7.1,5,1,1,0,0,6,5,1.50,.208
Jose J Rodriguez,STL,0,0,0.00,6,0,0,0,0,0,4.0,2,2,0,0,1,3,2,1.25,.143
Mark M Watson,CLE,0,1,8.53,6,0,0,0,0,0,6.1,12,7,6,0,1,2,4,2.21,.400
Todd T Belitz,OAK,0,0,2.70,5,0,0,0,0,0,3.1,4,2,1,0,0,4,3,2.40,.267
Mike M Buddie,MIL,0,0,4.50,5,0,0,0,0,0,6.0,8,3,3,0,0,1,5,1.50,.320
Brad B Clontz,PIT,0,0,5.14,5,0,0,0,0,0,7.0,7,4,4,1,0,11,8,2.57,.269
David D Coggin,PHI,2,0,5.33,5,5,0,0,0,0,27.0,35,20,16,2,1,12,17,1.74,.315
Allen A Levrault,MIL,0,1,4.50,5,1,0,0,0,0,12.0,10,7,6,0,0,7,9,1.42,.238
Rusty R Meacham,HOU,0,0,11.57,5,0,0,0,0,0,4.2,8,6,6,3,0,2,3,2.14,.381
Luke L Prokopec,LA,1,1,3.00,5,3,0,0,0,0,21.0,19,10,7,2,2,9,12,1.33,.253
Jose J Rosado,KC,2,2,5.86,5,5,0,0,0,0,27.2,29,18,18,4,4,9,15,1.37,.271
Johnny J Ruffin,ARI,0,0,9.00,5,0,0,0,0,0,9.0,14,9,9,4,0,3,5,1.89,.350
Kevin K Tolar,DET,0,0,3.00,5,0,0,0,0,0,3.0,1,1,1,0,0,1,3,0.67,.091
Scott S Winchester,CIN,0,0,3.68,5,0,0,0,0,0,7.1,10,4,3,1,0,2,3,1.64,.313
Rocky R Biddle,CWS,1,2,8.34,4,4,0,0,0,0,22.2,31,25,21,5,0,8,7,1.72,.326
Justin J Brunette,STL,0,0,5.79,4,0,0,0,0,0,4.2,8,3,3,0,0,5,2,2.79,.364
Buddy B Carlyle,SD,0,0,21.00,4,0,0,0,0,0,3.0,6,7,7,0,0,3,2,3.00,.400
Ben B Ford,NYY,0,1,9.00,4,2,0,0,0,0,11.0,14,11,11,1,3,7,5,1.91,.333
Keith K Glauber,CIN,0,0,3.68,4,0,0,0,0,0,7.1,5,3,3,0,1,2,4,0.95,.185
Randy R Keisler,NYY,1,0,11.81,4,1,0,0,0,0,10.2,16,14,14,1,0,8,6,2.25,.364
David D Moraga,COL,0,0,40.50,4,0,0,0,0,0,2.2,10,12,12,1,1,2,2,4.50,.625
Danny D Mota,MIN,0,0,8.44,4,0,0,0,0,0,5.1,10,5,5,1,0,1,3,2.06,.370
Doug D Nickle,PHI,0,0,13.50,4,0,0,0,0,0,2.2,5,4,4,0,1,2,0,2.63,.417
Grant G Roberts,NYM,0,0,11.57,4,1,0,0,0,0,7.0,11,10,9,0,0,4,6,2.14,.344
Rafael R Roque,MIL,0,0,10.13,4,0,0,0,0,0,5.1,7,6,6,1,0,7,4,2.63,.333
Ryan R Vogelsong,SF,0,0,0.00,4,0,0,0,0,0,6.0,4,0,0,0,0,2,6,1.00,.182
Danny D Young,CHC,0,1,21.00,4,0,0,0,0,0,3.0,5,7,7,1,0,6,0,3.67,.357
Chad C Zerbe,SF,0,0,4.50,4,0,0,0,0,0,6.0,6,3,3,1,0,1,5,1.17,.273
Kirk K Bullinger,PHI,0,0,5.40,3,0,0,0,0,0,3.1,4,2,2,0,0,0,4,1.20,.308
Tim T Drew,CLE,1,0,10.00,3,3,0,0,0,0,9.0,17,12,10,1,1,8,5,2.78,.425
Nelson N Figueroa,ARI,0,1,7.47,3,3,0,0,0,0,15.2,17,13,13,4,0,5,7,1.40,.283
Erik E Hiljus,DET,0,0,7.36,3,0,0,0,0,0,3.2,5,3,3,1,0,1,2,1.64,.333
Rodney R Myers,SD,0,0,4.50,3,0,0,0,0,0,2.0,2,1,1,0,0,0,3,1.00,.250
Steve S Ontiveros,BOS,1,1,10.13,3,1,0,0,0,0,5.1,9,6,6,1,0,4,1,2.44,.375
Sean S Runyan,DET,0,0,6.00,3,0,0,0,0,0,3.0,2,2,2,0,0,2,1,1.33,.222
Brian B Smith,PIT,0,0,10.38,3,0,0,0,0,0,4.1,6,5,5,1,0,2,3,1.85,.375
Steve S Sparks,PIT,0,0,6.75,3,0,0,0,0,0,4.0,4,3,3,0,0,5,2,2.25,.267
Brandon B Villafuerte,DET,0,0,10.38,3,0,0,0,0,0,4.1,4,5,5,0,0,4,1,1.85,.250
Pete P Walker,COL,0,0,17.36,3,0,0,0,0,0,4.2,10,9,9,1,0,4,2,3.00,.435
Jake J Westbrook,NYY,0,2,13.50,3,2,0,0,0,0,6.2,15,10,10,1,0,4,1,2.85,.469
John J Bale,TOR,0,0,14.73,2,0,0,0,0,0,3.2,5,7,6,1,2,3,6,2.18,.313
Tim T Bogar S,HOU,0,0,4.50,2,0,0,0,0,0,2.0,2,1,1,1,0,1,1,1.50,.250
Dave D Borkowski,DET,0,1,21.94,2,1,0,0,0,0,5.1,11,13,13,2,0,7,1,3.38,.423
Mark M Brownson,PHI,1,0,7.20,2,0,0,0,0,0,5.0,7,4,4,1,0,3,3,2.00,.333
Norm N Charlton,CIN,0,0,27.00,2,0,0,0,0,0,3.0,6,9,9,1,0,6,1,4.00,.429
Mike M Duvall,TB,0,0,7.71,2,0,0,0,0,0,2.1,5,2,2,0,0,1,0,2.57,.455
Leo L Estrella,TOR,0,0,5.79,2,0,0,0,0,0,4.2,9,3,3,1,0,0,3,1.93,.450
Kip K Gross,HOU,0,1,10.38,2,1,0,0,0,0,4.1,9,8,5,2,0,2,3,2.54,.429
Brett B Hinchliffe,ANA,0,0,5.40,2,0,0,0,0,0,1.2,1,1,1,0,0,1,0,1.20,.167
Masao M Kida,DET,0,0,10.13,2,0,0,0,0,0,2.2,5,3,3,1,0,0,0,1.88,.385
Oswaldo O Mairena,CHC,0,0,18.00,2,0,0,0,0,0,2.0,7,4,4,1,0,2,0,4.50,.583
Jim J Mann,NYM,0,0,10.13,2,0,0,0,0,0,2.2,6,3,3,1,0,1,0,2.63,.429
Aaron A Myette,CWS,0,0,0.00,2,0,0,0,0,0,2.2,0,0,0,0,0,4,1,1.50,.000
Joey J Nation,CHC,0,2,6.94,2,2,0,0,0,0,11.2,12,9,9,2,2,8,8,1.71,.279
Phil P Norton,CHC,0,1,9.35,2,2,0,0,0,0,8.2,14,10,9,5,0,7,6,2.42,.350
Bill B Pulsipher,NYM,0,2,12.15,2,2,0,0,0,0,6.2,12,9,9,1,1,6,7,2.70,.387
Bob B Scanlan,MIL,0,0,27.00,2,0,0,0,0,0,1.2,6,6,5,0,1,0,1,3.60,.600
Chris C Seelbach,ATL,0,1,10.80,2,0,0,0,0,0,1.2,3,2,2,0,0,0,1,1.80,.500
Dan D Smith,BOS,0,0,8.10,2,0,0,0,0,0,3.1,2,3,3,0,0,3,1,1.50,.250
Dennis D Springer,NYM,0,1,8.74,2,2,0,0,0,0,11.1,20,11,11,2,1,5,5,2.21,.377
Dave D Stevens,ATL,0,0,12.00,2,0,0,0,0,0,3.0,5,4,4,2,0,1,4,2.00,.357
T. J. T Tucker,MON,0,1,11.57,2,2,0,0,0,0,7.0,11,9,9,5,0,3,2,2.00,.344
Ed E Yarnall,NYY,0,0,15.00,2,1,0,0,0,0,3.0,5,5,5,1,1,3,1,2.67,.417
Derek D Bell R,NYM,0,0,36.00,1,0,0,0,0,0,1.0,3,5,4,0,0,3,0,6.00,.429
Rigo R Beltran,COL,0,0,40.50,1,1,0,0,0,0,1.1,6,6,6,2,0,3,1,6.75,.600
Pasqual P Coco,TOR,0,0,9.00,1,1,0,0,0,0,4.0,5,4,4,1,1,5,2,2.50,.294
Jason J Grilli,FLA,1,0,5.40,1,1,0,0,0,0,6.2,11,4,4,0,2,2,3,1.95,.379
Domingo D Guzman,SD,0,0,9.00,1,0,0,0,0,0,1.0,1,1,1,0,2,1,0,2.00,.333
Juan J Guzman,TB,0,1,43.20,1,1,0,0,0,0,1.2,7,8,8,2,0,2,3,5.40,.636
Luther L Hackman,STL,0,0,10.13,1,0,0,0,0,0,2.2,4,3,3,0,1,4,0,3.00,.400
Shane S Halter,DET,0,0,-.--,1,0,0,0,0,0,0.0,0,0,0,0,0,1,0,-.--,.000
Chris C Haney,CLE,0,0,9.00,1,0,0,0,0,0,1.0,1,1,1,0,0,1,0,2.00,.333
Marcus M Jones,OAK,0,0,15.43,1,1,0,0,0,0,2.1,5,4,4,1,0,3,1,3.43,.417
Mike M Judd,LA,0,1,15.75,1,1,0,0,0,0,4.0,4,7,7,2,1,3,5,1.75,.250
Dan D Kolb,TEX,0,0,67.50,1,0,0,0,0,0,0.2,5,5,5,0,0,2,0,10.50,.833
John J Mabry L,SEA,0,0,27.00,1,0,0,0,0,0,0.2,3,2,2,0,0,1,0,6.00,.600
Willie W Martinez,CLE,0,0,3.00,1,0,0,0,0,0,3.0,1,1,1,0,0,1,1,0.67,.111
Brent B Mayne,COL,1,0,0.00,1,0,0,0,0,0,1.0,1,0,0,0,0,1,0,2.00,.250
Frank F Menechino,OAK,0,0,36.00,1,0,0,0,0,0,1.0,6,4,4,1,0,0,0,6.00,.750
Alan A Newman,CLE,0,0,20.25,1,0,0,0,0,0,1.1,6,3,3,1,0,1,0,5.25,.667
Keith K Osik,PIT,0,0,45.00,1,0,0,0,0,0,1.0,5,5,5,1,2,0,1,5.00,.625
Scott S Radinsky,STL,0,0,-.--,1,0,0,0,0,0,0.0,0,0,0,0,0,1,0,-.--,.000
Jon J Ratliff,OAK,0,0,0.00,1,0,0,0,0,0,1.0,0,0,0,0,0,0,0,0.00,.000
Jerrod J Riggan,NYM,0,0,0.00,1,0,0,0,0,0,2.0,3,2,0,0,0,0,1,1.50,.300
Scott S Sheldon,TEX,0,0,0.00,1,0,0,0,0,0,0.1,0,0,0,0,0,0,1,0.00,.000
Ismael I Villegas,ATL,0,0,13.50,1,0,0,0,0,0,2.2,4,4,4,2,1,2,2,2.25,.333
