PLAYER,TEAM,W,L,ERA,GS,CG,SHO,SV,SVO,IP,H,R,ER,HR,HB,BB,SO,WHIP,AVG
Salomon S Torres,PIT,3,6,3.28,94,0,0,0,12,15,93.1,98,42,34,6,6,38,72,1.46,.274
Matt M Capps,PIT,9,1,3.79,85,0,0,0,1,10,80.2,81,37,34,12,3,12,56,1.15,.266
Jon J Rauch,WSH,4,5,3.35,85,0,0,0,2,5,91.1,78,37,34,13,2,36,86,1.25,.231
Bob B Howry,CHC,4,5,3.17,84,0,0,0,5,9,76.2,70,28,27,8,3,17,71,1.13,.245
Scott S Proctor,NYY,6,4,3.52,83,0,0,0,1,8,102.1,89,41,40,12,2,33,89,1.19,.232
Mike M Stanton,SF,7,7,3.99,82,0,0,0,8,14,67.2,70,30,30,2,2,27,48,1.43,.275
Todd T Coffey,CIN,6,7,3.58,81,0,0,0,8,12,78.0,85,34,31,7,2,27,60,1.44,.274
Geoff G Geary,PHI,7,1,2.96,81,0,0,0,1,4,91.1,103,34,30,6,6,20,60,1.35,.287
Chad C Qualls,HOU,7,3,3.76,81,0,0,0,0,6,88.2,76,38,37,10,6,28,56,1.17,.242
Jose J Mesa,COL,1,5,3.86,79,0,0,0,1,8,72.1,73,32,31,9,5,36,39,1.51,.270
Brad B Lidge,HOU,1,5,5.28,78,0,0,0,32,38,75.0,69,47,44,10,6,36,104,1.40,.238
Will W Ohman,CHC,1,1,4.13,78,0,0,0,0,0,65.1,51,30,30,6,5,34,74,1.30,.208
Francisco F Cordero,MIL,10,5,3.70,77,0,0,0,22,33,75.1,69,32,31,7,3,32,84,1.34,.247
Shawn S Camp,TB,7,4,4.68,75,0,0,0,4,6,75.0,93,43,39,9,7,19,53,1.49,.313
Damaso D Marte,PIT,1,7,3.70,75,0,0,0,0,4,58.1,51,30,24,5,4,31,63,1.41,.244
Juan J Rincon,MIN,3,1,2.91,75,0,0,0,1,3,74.1,76,30,24,2,3,24,65,1.35,.270
Dan D Wheeler,HOU,3,5,2.52,75,0,0,0,9,12,71.1,58,22,20,5,2,24,68,1.15,.221
Ryan R Dempster,CHC,1,9,4.80,74,0,0,0,24,33,75.0,77,47,40,5,3,36,67,1.51,.262
Scott S Eyre,CHC,1,3,3.38,74,0,0,0,0,3,61.1,61,25,23,11,0,30,73,1.48,.265
Aaron A Heilman,NYM,4,5,3.62,74,0,0,0,0,5,87.0,73,37,35,5,3,28,73,1.16,.231
Scot S Shields,LAA,7,7,2.87,74,0,0,0,2,8,87.2,70,30,28,8,1,24,84,1.07,.217
Alan A Embree,SD,4,3,3.27,73,0,0,0,0,0,52.1,50,21,19,4,0,15,53,1.24,.249
Scott S Linebrink,SD,7,4,3.57,73,0,0,0,2,11,75.2,70,31,30,9,1,22,68,1.22,.243
Joe J Borowski,FLA,3,3,3.75,72,0,0,0,36,43,69.2,63,31,29,7,2,33,64,1.38,.235
Kyle K Farnsworth,NYY,3,6,4.36,72,0,0,0,6,10,66.0,62,34,32,8,1,28,75,1.36,.243
John J Grabow,PIT,4,2,4.13,72,0,0,0,0,2,69.2,68,34,32,7,3,30,66,1.41,.260
Steve S Kline,SF,4,3,3.66,72,0,0,0,1,1,51.2,53,24,21,3,1,26,33,1.53,.275
J. J Putz,SEA,4,1,2.30,72,0,0,0,36,43,78.1,59,20,20,4,2,13,104,0.92,.207
Takashi T Saito,LAD,6,2,2.07,72,0,0,0,24,26,78.1,48,19,18,3,2,23,107,0.91,.177
George G Sherrill,SEA,2,4,4.28,72,0,0,0,1,1,40.0,30,19,19,0,0,27,42,1.43,.213
Russ R Springer,HOU,1,1,3.47,72,0,0,0,0,0,59.2,46,23,23,10,4,16,46,1.04,.211
Macay M Mc Bride,ATL,4,1,3.65,71,0,0,0,1,2,56.2,53,28,23,2,1,32,46,1.50,.248
Scott S Schoeneweis,CIN,4,2,4.88,71,0,0,0,4,6,51.2,48,28,28,4,2,24,29,1.39,.247
Chad C Bradford,NYM,4,2,2.90,70,0,0,0,2,3,62.0,59,22,20,1,0,13,45,1.16,.254
Kiko K Calero,OAK,3,2,3.41,70,0,0,0,2,5,58.0,50,22,22,4,0,24,67,1.28,.231
Neal N Cotts,CWS,1,2,5.17,70,0,0,0,1,4,54.0,64,33,31,12,3,24,43,1.63,.291
Trever T Miller,HOU,2,3,3.02,70,0,0,0,1,3,50.2,42,17,17,7,4,13,56,1.09,.225
Ron R Villone,NYY,3,3,5.04,70,0,0,0,0,1,80.1,75,48,45,9,4,51,72,1.57,.250
Luis L Vizcaino,ARI,4,6,3.58,70,0,0,0,0,2,65.1,51,26,26,8,4,29,72,1.22,.215
Billy B Wagner,NYM,3,2,2.24,70,0,0,0,40,45,72.1,59,22,18,7,4,21,94,1.11,.219
Braden B Looper,STL,9,3,3.56,69,0,0,0,0,2,73.1,76,30,29,3,2,20,41,1.31,.277
Ken K Ray,ATL,1,1,4.52,69,0,0,0,5,8,67.2,66,36,34,9,0,38,50,1.54,.259
Francisco F Rodríguez Rodriguez,LAA,2,3,1.73,69,0,0,0,47,51,73.0,52,16,14,6,1,28,98,1.10,.197
Huston H Street,OAK,4,4,3.31,69,0,0,0,37,48,70.2,64,28,26,4,2,13,67,1.09,.238
Jonathan J Broxton,LAD,4,1,2.59,68,0,0,0,3,7,76.1,61,25,22,7,1,33,97,1.23,.216
Ambiorix A Burgos,KC,4,5,5.52,68,1,0,0,18,30,73.1,83,49,45,16,6,37,72,1.64,.288
Chad C Cordero,WSH,7,4,3.19,68,0,0,0,29,33,73.1,59,27,26,13,3,22,69,1.10,.215
Jesse J Crain,MIN,4,5,3.52,68,0,0,0,1,4,76.2,79,31,30,6,2,18,60,1.27,.262
Roberto R Hernandez,NYM,0,3,3.11,68,0,0,0,2,5,63.2,61,32,22,5,1,32,48,1.46,.248
Brandon B Lyon,ARI,2,4,3.89,68,0,0,0,0,7,69.1,68,32,30,7,0,22,46,1.30,.258
Tom T Martin,COL,2,0,5.07,68,0,0,0,0,1,60.1,62,37,34,4,4,25,46,1.44,.264
Mike M Timlin,BOS,6,6,4.36,68,0,0,0,9,17,64.0,78,33,31,7,2,16,30,1.47,.305
Bobby B Jenks,CWS,3,4,4.00,67,0,0,0,41,45,69.2,66,32,31,5,2,31,80,1.39,.253
Ray R King,COL,1,4,4.43,67,0,0,0,1,2,44.2,56,26,22,6,2,20,23,1.70,.327
David D Weathers,CIN,4,4,3.54,67,0,0,0,12,19,73.2,61,31,29,12,2,34,50,1.29,.226
Ryan R Franklin,CIN,6,7,4.54,66,0,0,0,0,3,77.1,86,42,39,13,4,33,43,1.54,.285
Brian B Fuentes,COL,3,4,3.44,66,0,0,0,30,36,65.1,50,25,25,8,6,26,73,1.16,.209
Aaron A Fultz,PHI,3,1,4.54,66,1,0,0,0,2,71.1,80,39,36,7,2,28,62,1.51,.288
Matt M Herges,FLA,2,3,4.31,66,0,0,0,0,4,71.0,94,42,34,5,3,28,36,1.72,.321
Roberto R Novoa,CHC,2,1,4.26,66,0,0,0,0,0,76.0,77,47,36,15,6,32,53,1.43,.262
Dennys D Reyes,MIN,5,0,0.89,66,0,0,0,0,1,50.2,35,8,5,3,0,15,49,0.99,.197
Jeremy J Accardo,TOR,2,4,5.35,65,0,0,0,3,8,69.0,76,42,41,7,1,20,54,1.39,.280
Randy R Flores,STL,1,1,5.62,65,0,0,0,0,1,41.2,49,29,26,5,1,22,40,1.70,.290
Trevor T Hoffman,SD,0,2,2.14,65,0,0,0,46,51,63.0,48,16,15,6,1,13,50,0.97,.205
Gary G Majewski,CIN,4,4,4.61,65,0,0,0,0,7,70.1,79,38,36,5,4,29,43,1.54,.283
Chad C Paronto,ATL,2,3,3.18,65,0,0,0,0,2,56.2,53,23,20,5,3,19,41,1.27,.252
J. C. J Romero,LAA,1,2,6.70,65,0,0,0,0,1,48.1,57,40,36,3,1,28,31,1.76,.298
B. J. B Ryan,TOR,2,2,1.37,65,0,0,0,38,42,72.1,42,12,11,3,0,20,86,0.86,.169
Brian B Shouse,MIL,1,3,3.99,65,0,0,0,2,5,38.1,40,18,17,4,6,18,23,1.51,.270
Andrew A Sisco,KC,1,3,7.10,65,0,0,0,1,5,58.1,66,47,46,8,1,40,52,1.82,.289
Rheal R Cormier,CIN,2,3,2.44,64,0,0,0,0,4,48.0,48,13,13,5,3,17,19,1.35,.267
Pedro P Feliciano,NYM,7,2,2.09,64,0,0,0,0,3,60.1,56,15,14,4,3,20,54,1.26,.248
Ruddy R Lugo,TB,2,4,3.81,64,0,0,0,0,0,85.0,75,39,36,4,5,37,48,1.32,.240
Joe J Nathan,MIN,7,0,1.58,64,0,0,0,36,38,68.1,38,12,12,3,1,16,95,0.79,.158
Joel J Peralta,KC,1,3,4.40,64,0,0,0,1,3,73.2,74,37,36,10,2,17,57,1.24,.263
Derrick D Turnbow,MIL,4,9,6.87,64,0,0,0,24,32,56.1,56,51,43,8,4,39,69,1.69,.255
Rick R White,PHI,4,1,5.15,64,0,0,0,1,2,64.2,72,44,37,8,3,20,40,1.42,.293
Akinori A Otsuka,TEX,2,4,2.11,63,0,0,0,32,36,59.2,53,17,14,3,0,11,47,1.07,.241
Mariano M Rivera,NYY,5,5,1.80,63,0,0,0,34,37,75.0,61,16,15,3,5,11,55,0.96,.223
Fernando F Rodney,DET,7,4,3.52,63,0,0,0,7,11,71.2,51,36,28,6,8,34,65,1.19,.196
Matt M Thornton,CWS,5,3,3.33,63,0,0,0,2,5,54.0,46,20,20,5,1,21,49,1.24,.229
Joe J Beimel,LAD,2,1,2.96,62,0,0,0,2,2,70.0,70,26,23,7,0,21,30,1.30,.262
Elmer E Dessens,LAD,5,8,4.56,62,0,0,0,2,7,77.0,86,43,39,8,1,22,52,1.40,.282
Brendan B Donnelly,LAA,6,0,3.94,62,0,0,0,0,1,64.0,58,32,28,8,4,28,53,1.34,.240
Josh J Hancock,STL,3,3,4.09,62,0,0,0,1,3,77.0,70,37,35,9,1,23,50,1.21,.241
Todd T Jones,DET,2,6,3.94,62,0,0,0,37,43,64.0,70,31,28,4,3,11,28,1.27,.276
Jorge J Julio,ARI,2,4,4.23,62,0,0,0,16,20,66.0,52,35,31,10,1,35,88,1.32,.210
Ron R Mahay,TEX,1,3,3.95,62,0,0,0,0,1,57.0,54,30,25,7,0,28,56,1.44,.250
Mike M Myers,NYY,1,2,3.23,62,0,0,0,0,1,30.2,29,14,11,3,3,10,22,1.27,.244
Todd T Williams,BAL,2,4,4.74,62,0,0,0,1,5,57.0,76,36,30,8,2,19,24,1.67,.323
Joel J Zumaya,DET,6,3,1.94,62,0,0,0,1,6,83.1,56,20,18,6,2,42,97,1.18,.187
Jose J Capellan,MIL,4,2,4.40,61,0,0,0,0,2,71.2,65,37,35,11,3,31,58,1.34,.244
Ramon E R Ramirez,COL,4,3,3.46,61,0,0,0,0,2,67.2,58,28,26,5,1,27,61,1.26,.230
Chris C Ray,BAL,4,4,2.73,61,0,0,0,33,38,66.0,45,22,20,10,1,27,51,1.09,.193
Adam A Wainwright,STL,2,1,3.12,61,0,0,0,3,5,75.0,64,26,26,6,4,22,72,1.15,.230
Jimmy J Gobble,KC,4,6,5.14,60,6,0,0,2,4,84.0,95,51,48,12,1,29,80,1.48,.282
La Troy L Hawkins,BAL,3,2,4.48,60,0,0,0,0,4,60.1,73,30,30,4,0,15,27,1.46,.300
Brandon B Medders,ARI,5,3,3.64,60,0,0,0,0,1,71.2,76,37,29,5,2,28,47,1.45,.270
Scott S Downs,TOR,6,2,4.09,59,5,0,0,1,4,77.0,73,38,35,9,2,30,61,1.34,.249
Tom T Gordon,PHI,3,4,3.34,59,0,0,0,34,39,59.1,53,23,22,9,1,22,68,1.26,.233
Jason J Isringhausen,STL,4,8,3.55,59,0,0,0,33,43,58.1,47,25,23,10,3,38,52,1.46,.222
Randy R Messenger,FLA,2,7,5.67,59,0,0,0,0,1,60.1,72,42,38,8,1,24,45,1.59,.296
Jonathan J Papelbon,BOS,4,2,0.92,59,0,0,0,35,41,68.1,40,8,7,3,1,13,75,0.78,.167
Rick R Bauer,TEX,3,1,3.55,58,1,0,0,2,5,71.0,73,31,28,4,4,25,35,1.38,.272
Justin J Speier,TOR,2,0,2.98,58,0,0,0,0,3,51.1,47,18,17,5,1,21,55,1.32,.235
Julian J Tavarez,BOS,5,4,4.47,58,6,1,0,1,3,98.2,110,54,49,10,6,44,56,1.56,.293
Oscar O Villarreal,ATL,9,1,3.61,58,4,0,0,0,4,92.1,93,41,37,13,5,27,55,1.30,.261
Danys D Baez,ATL,5,6,4.53,57,0,0,0,9,17,59.2,60,35,30,3,7,17,39,1.29,.268
Bob B Wickman,ATL,1,6,2.67,57,0,0,0,33,37,54.0,53,22,16,2,1,13,42,1.22,.251
Joaquin J Benoit,TEX,1,1,4.86,56,0,0,0,0,2,79.2,68,49,43,5,3,38,85,1.33,.224
Hector H Carrasco,LAA,7,3,3.41,56,3,0,0,1,2,100.1,93,42,38,10,5,27,72,1.20,.244
Tyler T Johnson,STL,2,4,4.95,56,0,0,0,0,2,36.1,33,21,20,5,4,23,37,1.54,.244
Jamie J Walker,DET,0,1,2.81,56,0,0,0,0,0,48.0,47,15,15,8,0,8,37,1.15,.251
Tyler T Yates,ATL,2,5,3.96,56,0,0,0,1,6,50.0,42,23,22,6,0,31,46,1.46,.228
Jon J Adkins,SD,2,1,3.98,55,0,0,0,0,0,54.1,55,26,24,3,2,20,30,1.38,.271
Chad C Gaudin,OAK,4,2,3.09,55,0,0,0,2,3,64.0,51,24,22,3,1,42,36,1.45,.222
Arthur A Rhodes,PHI,0,5,5.32,55,0,0,0,4,7,45.2,47,27,27,2,2,30,48,1.69,.261
Jeremy J Affeldt,COL,8,8,6.20,54,9,0,0,1,3,97.1,102,74,67,13,2,55,48,1.61,.266
Michael M Gonzalez,PIT,3,4,2.17,54,0,0,0,24,24,54.0,42,13,13,1,2,31,64,1.35,.213
Saul S Rivera,WSH,3,0,3.43,54,0,0,0,1,3,60.1,59,28,23,4,4,32,41,1.51,.250
Justin J Duchscherer,OAK,2,1,2.91,53,0,0,0,9,11,55.2,52,18,18,4,1,9,51,1.10,.244
Dan D Kolb,MIL,2,2,4.84,53,0,0,0,1,3,48.1,53,28,26,4,1,20,26,1.51,.282
Brandon B Mc Carthy,CWS,4,7,4.68,53,2,0,0,0,1,84.2,77,44,44,17,0,33,69,1.30,.243
Brian B Meadows,TB,3,6,5.17,53,0,0,0,8,10,69.2,90,43,40,14,0,15,35,1.51,.313
Rafael R Soriano,SEA,1,2,2.25,53,0,0,0,2,6,60.0,44,15,15,6,2,21,65,1.08,.204
Chris C Britton,BAL,0,2,3.35,52,0,0,0,1,3,53.2,46,22,20,4,0,17,41,1.17,.228
Brad B Halsey,OAK,5,4,4.67,52,7,0,0,0,0,94.1,108,53,49,11,5,46,53,1.63,.288
Guillermo G Mota,NYM,4,3,4.53,52,0,0,0,0,0,55.2,55,29,28,11,0,24,46,1.42,.257
Fernando F Cabrera,CLE,3,3,5.19,51,0,0,0,0,4,60.2,53,36,35,12,1,32,71,1.40,.243
Jason J Frasor,TOR,3,2,4.32,51,0,0,0,0,1,50.0,47,24,24,8,2,17,51,1.28,.244
Jason J Grilli,DET,2,3,4.21,51,0,0,0,0,0,62.0,61,31,29,6,5,25,31,1.39,.261
Rafael R Betancourt,CLE,3,4,3.81,50,0,0,0,3,6,56.2,52,25,24,7,0,11,48,1.11,.241
Manny M Delcarmen,BOS,2,0,5.06,50,0,0,0,0,4,53.1,68,32,30,2,2,17,45,1.59,.309
Ryan R Madson,PHI,11,9,5.69,50,17,0,0,2,4,134.1,176,92,85,20,10,50,99,1.68,.321
Duaner D Sanchez,NYM,5,1,2.60,49,0,0,0,0,1,55.1,43,19,16,3,4,24,44,1.21,.223
Rudy R Seanez,SD,3,3,4.92,49,0,0,0,0,2,53.0,58,32,29,8,1,32,54,1.70,.270
Taylor T Tankersley,FLA,2,1,2.85,49,0,0,0,3,7,41.0,33,14,13,4,1,26,46,1.44,.228
Bill B Bray,CIN,3,2,4.09,48,0,0,0,2,3,50.2,57,27,23,5,1,18,39,1.48,.284
Vinnie V Chulk,SF,1,3,5.24,48,0,0,0,0,2,46.1,46,29,27,6,3,20,43,1.42,.256
Kevin K Correia,SF,2,0,3.49,48,0,0,0,0,1,69.2,64,27,27,5,3,22,57,1.23,.242
Scott S Dohmann,KC,2,4,7.08,48,0,0,0,1,3,48.1,59,39,38,9,4,33,44,1.90,.312
Julio J Mateo,SEA,9,4,4.19,48,0,0,0,0,3,53.2,62,27,25,6,3,22,31,1.57,.297
Scott S Sauerbeck,OAK,0,1,4.97,46,0,0,0,0,2,25.1,22,17,14,3,7,18,17,1.58,.234
Todd T Wellemeyer,KC,1,4,4.14,46,0,0,0,1,1,78.1,68,38,36,6,4,50,54,1.51,.241
David D Aardsma,CHC,3,0,4.08,45,0,0,0,0,0,53.0,41,25,24,9,1,28,49,1.30,.214
Cla C Meredith,SD,5,1,1.07,45,0,0,0,0,2,50.2,30,6,6,3,2,6,37,0.71,.170
Darren D Oliver,NYM,4,1,3.44,45,0,0,0,0,0,81.0,70,33,31,13,3,21,60,1.12,.231
Jorge J Sosa,STL,3,11,5.42,45,13,0,0,4,7,118.0,138,79,71,30,1,40,75,1.51,.292
Keith K Foulke,BOS,3,1,4.35,44,0,0,0,0,0,49.2,52,24,24,9,2,7,36,1.19,.271
Brian B Tallet,TOR,3,0,3.81,44,1,0,0,0,0,54.1,45,24,23,5,3,31,37,1.40,.238
Brett B Tomko,LAD,8,7,4.73,44,15,0,0,0,3,112.1,123,67,59,17,2,29,76,1.35,.276
Jose J Valverde,ARI,2,3,5.84,44,0,0,0,18,22,49.1,50,32,32,6,2,22,69,1.46,.256
C. J. C Wilson,TEX,2,4,4.06,44,0,0,0,1,2,44.1,39,23,20,7,5,18,43,1.29,.234
Eddie E Guardado,CIN,1,3,3.89,43,0,0,0,13,18,37.0,44,19,16,10,1,13,39,1.54,.297
Joe J Nelson,KC,1,1,4.43,43,0,0,0,9,10,44.2,37,22,22,5,1,24,44,1.37,.226
Brad B Thompson,STL,1,2,3.34,43,1,0,0,0,0,56.2,58,23,21,4,5,20,32,1.38,.267
Greg G Aquino,ARI,2,0,4.47,42,0,0,0,0,0,48.1,54,27,24,8,4,24,51,1.61,.283
Scott S Cassidy,SD,6,4,2.53,42,0,0,0,0,2,42.2,39,18,12,8,1,19,49,1.36,.248
Willie W Eyre,MIN,1,0,5.31,42,0,0,0,0,0,59.1,75,36,35,8,6,22,26,1.63,.309
Sendy S Rleal,BAL,1,1,4.44,42,0,0,0,0,1,46.2,48,25,23,10,0,23,19,1.52,.274
Scott S Williamson,SD,2,4,5.72,42,0,0,0,0,0,39.1,41,26,25,4,1,22,42,1.60,.272
Armando A Benitez,SF,4,2,3.52,41,0,0,0,17,25,38.1,39,15,15,6,0,21,31,1.57,.267
David D Riske,CWS,1,2,3.89,41,0,0,0,0,1,44.0,40,20,19,6,3,17,28,1.30,.241
Michael M Wuertz,CHC,3,1,2.66,41,0,0,0,0,1,40.2,35,14,12,5,1,16,42,1.25,.226
Dave D Borkowski,HOU,3,2,4.69,40,0,0,0,0,0,71.0,70,38,37,8,0,23,52,1.31,.257
Bruce B Chen,BAL,0,7,6.93,40,12,0,0,0,0,98.2,137,81,76,28,0,35,70,1.74,.334
Fernando F Nieve,HOU,3,3,4.20,40,11,0,0,0,0,96.1,87,46,45,18,2,41,70,1.33,.242
Joel J Pineiro,SEA,8,13,6.36,40,25,1,0,1,2,165.2,209,123,117,23,10,64,87,1.65,.311
Jon J Switzer,TB,2,2,4.54,40,0,0,0,0,3,33.2,38,19,17,5,1,19,18,1.69,.284
Matt M Wise,MIL,5,6,3.86,40,0,0,0,0,4,44.1,45,24,19,6,2,14,27,1.33,.268
Jason J Davis,CLE,3,2,3.74,39,0,0,0,1,3,55.1,67,28,23,1,3,14,37,1.46,.302
Matt M Guerrier,MIN,1,0,3.36,39,1,0,0,1,1,69.2,78,29,26,9,0,21,37,1.42,.287
Joe J Kennedy,OAK,4,1,2.31,39,0,0,0,1,3,35.0,34,10,9,1,1,13,29,1.34,.254
Seth S Mc Clung,TB,6,12,6.29,39,15,0,0,6,7,103.0,120,77,72,14,3,68,59,1.83,.294
Craig C Hansen,BOS,2,2,6.63,38,0,0,0,0,2,38.0,46,32,28,5,4,15,30,1.61,.305
Roberto R Hernandez,CLE,1,10,5.42,38,7,0,0,0,3,74.2,88,46,45,9,7,31,58,1.59,.298
Clay C Hensley,SD,11,12,3.71,37,29,1,1,0,1,187.0,174,82,77,15,3,76,122,1.34,.250
Logan L Kensing,FLA,1,3,4.54,37,0,0,0,1,7,37.2,30,19,19,6,3,19,45,1.30,.221
Kent K Mercker,CIN,1,1,4.13,37,0,0,0,1,3,28.1,28,15,13,6,0,11,17,1.38,.259
Brian B Sweeney,SD,2,0,3.20,37,0,0,0,2,3,56.1,53,22,20,6,1,16,23,1.22,.249
Jake J Woods,SEA,7,4,4.20,37,8,0,0,1,1,105.0,115,51,49,12,2,53,66,1.60,.278
Scott S Feldman,TEX,0,2,3.92,36,0,0,0,0,1,41.1,42,19,18,4,4,10,30,1.26,.266
Aaron A Harang,CIN,16,11,3.76,36,35,6,2,0,0,234.1,242,109,98,28,8,56,216,1.27,.269
Rodrigo R Lopez,BAL,9,18,5.90,36,29,0,0,0,0,189.0,234,129,124,32,4,59,136,1.55,.302
Andy A Pettitte,HOU,14,13,4.20,36,35,2,1,0,0,214.1,238,114,100,27,2,70,178,1.44,.284
Mike M Remlinger,ATL,2,4,4.03,36,0,0,0,2,5,22.1,27,11,10,2,2,9,19,1.61,.293
Jae Weong J Seo,TB,3,12,5.33,36,26,0,0,0,0,157.0,197,101,93,31,4,56,88,1.61,.311
Carlos C Silva,MIN,11,15,5.94,36,31,0,0,0,0,180.1,246,130,119,38,7,32,70,1.54,.324
Bronson B Arroyo,CIN,14,11,3.29,35,35,3,1,0,0,240.2,222,98,88,31,5,64,184,1.19,.243
Kurt K Birkins,BAL,5,2,4.94,35,0,0,0,0,1,31.0,25,19,17,4,3,16,27,1.32,.221
Manny M Corpas,COL,1,2,3.62,35,0,0,0,0,2,32.1,36,13,13,3,2,8,27,1.36,.286
Tim T Hudson,ATL,13,12,4.86,35,35,2,1,0,0,218.1,235,129,118,25,9,79,141,1.44,.273
Derek D Lowe,LAD,16,8,3.63,35,34,1,0,0,0,218.0,221,97,88,14,5,55,123,1.27,.262
Ricky R Nolasco,FLA,11,11,4.82,35,22,0,0,0,0,140.0,157,86,75,20,10,41,99,1.41,.286
Kirk K Saarloos,OAK,7,7,4.75,35,16,0,0,2,3,121.1,149,70,64,19,3,53,52,1.66,.308
John J Smoltz,ATL,16,9,3.49,35,35,3,1,0,0,232.0,221,93,90,23,9,55,211,1.19,.251
Miguel M Batista,ARI,11,8,4.58,34,33,3,1,0,0,206.1,231,116,105,18,6,84,110,1.53,.288
Jeremy J Bonderman,DET,14,8,4.08,34,34,0,0,0,0,214.0,214,104,97,18,3,64,202,1.30,.259
Dave D Bush,MIL,12,11,4.41,34,32,3,2,0,0,210.0,201,111,103,26,18,38,166,1.14,.252
Chris C Capuano,MIL,11,12,4.03,34,34,3,2,0,0,221.1,229,108,99,29,9,47,174,1.25,.265
Doug D Davis,MIL,11,11,4.91,34,34,1,1,0,0,203.1,206,118,111,19,5,102,159,1.51,.266
Zach Z Duke,PIT,10,15,4.47,34,34,2,1,0,0,215.1,255,116,107,17,7,68,117,1.50,.302
Dan D Haren,OAK,14,13,4.12,34,34,2,0,0,0,223.0,224,109,102,31,10,45,176,1.21,.258
Brad B Hennessey,SF,5,6,4.26,34,12,0,0,1,1,99.1,92,53,47,12,10,42,42,1.35,.251
Livan L Hernandez,ARI,13,13,4.83,34,34,0,0,0,0,216.0,246,125,116,29,4,78,128,1.50,.288
Kyle K Lohse,CIN,5,10,5.83,34,19,0,0,0,0,126.2,150,83,82,15,6,44,97,1.53,.298
Greg G Maddux,LAD,15,14,4.20,34,34,0,0,0,0,210.0,219,109,98,20,0,37,117,1.22,.271
Kevin K Millwood,TEX,16,12,4.52,34,34,2,0,0,0,215.0,228,114,108,23,4,53,157,1.31,.272
Brad B Penny,LAD,16,9,4.33,34,33,0,0,0,0,189.0,206,94,91,19,9,54,148,1.38,.279
Kenny K Rogers,DET,17,8,3.84,34,33,0,0,0,0,204.0,195,97,87,23,9,62,99,1.26,.253
Johan J Santana,MIN,19,6,2.77,34,34,1,0,0,0,233.2,186,79,72,24,4,47,245,1.00,.216
Chien- Ming C Wang,NYY,19,6,3.63,34,33,2,1,1,1,218.0,233,92,88,12,2,52,76,1.31,.277
Dontrelle D Willis,FLA,12,12,3.87,34,34,4,1,0,0,223.1,234,106,96,21,19,83,160,1.42,.274
Jamey J Wright,SF,6,10,5.19,34,21,0,0,0,0,156.0,167,95,90,16,10,64,79,1.48,.282
Barry B Zito,OAK,16,10,3.83,34,34,0,0,0,0,221.0,211,99,94,27,13,99,151,1.40,.257
Josh J Beckett,BOS,16,11,5.01,33,33,0,0,0,0,204.2,191,120,114,36,10,74,158,1.29,.245
Erik E Bedard,BAL,15,11,3.76,33,33,0,0,0,0,196.1,196,92,82,16,5,69,171,1.35,.258
Freddy F Garcia,CWS,17,9,4.53,33,33,1,0,0,0,216.1,228,116,109,32,7,48,135,1.28,.267
Jon J Garland,CWS,18,7,4.51,33,32,1,1,0,0,211.1,247,112,106,26,6,41,112,1.36,.294
Tim T Hamulack,LAD,0,3,6.35,33,0,0,0,0,0,34.0,36,28,24,7,2,22,34,1.71,.265
Randy R Johnson,NYY,17,11,5.00,33,33,2,0,0,0,205.0,194,125,114,28,10,60,172,1.24,.250
John J Lackey,LAA,13,11,3.56,33,33,3,2,0,0,217.2,203,98,86,14,9,72,190,1.26,.246
Brandon B League,TOR,1,2,2.53,33,0,0,0,1,4,42.2,34,17,12,3,3,9,29,1.01,.214
Cliff C Lee,CLE,14,11,4.40,33,33,1,0,0,0,200.2,224,114,98,29,8,58,129,1.41,.278
Wes W Littleton,TEX,2,1,1.73,33,0,0,0,1,1,36.1,23,7,7,2,2,13,17,0.99,.189
Jason J Marquis,STL,14,16,6.02,33,33,0,0,0,0,194.1,221,136,130,35,16,75,96,1.52,.289
Dan D Miceli,TB,1,2,3.94,33,0,0,0,4,7,32.0,25,17,14,4,1,20,18,1.41,.217
Matt M Morris,SF,10,15,4.98,33,33,2,0,0,0,207.2,218,123,115,22,14,63,117,1.35,.268
Jamie J Moyer,PHI,11,14,4.30,33,33,2,1,0,0,211.1,228,110,101,33,5,51,108,1.32,.277
Ramon R Ortiz,WSH,11,16,5.57,33,33,0,0,0,0,190.2,230,127,118,31,18,64,104,1.54,.297
Roy R Oswalt,HOU,15,8,2.98,33,32,2,0,0,0,220.2,220,76,73,18,6,38,166,1.17,.263
Vicente V Padilla,TEX,15,10,4.50,33,33,0,0,0,0,200.0,206,108,100,21,17,70,156,1.38,.266
Ervin E Santana,LAA,16,8,4.28,33,33,0,0,0,0,204.0,181,106,97,21,11,70,141,1.23,.241
Javier J Vazquez,CWS,11,12,4.84,33,32,1,0,0,0,202.2,206,116,109,23,15,56,184,1.29,.259
Brandon B Webb,ARI,16,8,3.10,33,33,5,3,0,0,235.0,216,91,81,15,6,50,178,1.13,.246
Carlos C Zambrano,CHC,16,7,3.41,33,33,0,0,0,0,214.0,162,91,81,20,9,115,210,1.29,.208
Joe J Blanton,OAK,16,12,4.82,32,31,1,1,0,0,194.1,241,111,104,17,5,58,107,1.54,.309
Mark M Buehrle,CWS,12,13,4.99,32,32,1,0,0,0,204.0,247,124,113,36,6,48,98,1.45,.305
Matt M Cain,SF,13,12,4.15,32,31,1,1,0,0,190.2,157,93,88,18,6,87,179,1.28,.222
Chris C Carpenter,STL,15,8,3.09,32,32,5,3,0,0,221.2,194,81,76,21,10,43,184,1.07,.235
Aaron A Cook,COL,9,15,4.23,32,32,0,0,0,0,212.2,242,107,100,17,7,55,92,1.40,.288
Bryan B Corey,BOS,2,1,3.69,32,0,0,0,0,0,39.0,35,16,16,1,2,15,28,1.28,.241
Jeff J Francis,COL,13,11,4.16,32,32,1,1,0,0,199.0,187,101,92,18,13,69,117,1.29,.250
Tom T Glavine,NYM,15,7,3.82,32,32,0,0,0,0,198.0,202,94,84,22,6,62,131,1.33,.267
Kevin K Gregg,LAA,3,4,4.14,32,3,0,0,0,0,78.1,88,41,36,10,2,21,71,1.39,.280
Roy R Halladay,TOR,16,5,3.19,32,32,4,0,0,0,220.0,208,82,78,19,5,34,132,1.10,.251
Chad C Harville,TB,0,2,5.93,32,0,0,0,1,2,41.0,44,27,27,5,0,22,30,1.61,.277
Jason J Jennings,COL,9,13,3.78,32,32,3,2,0,0,212.0,206,94,89,17,3,85,142,1.37,.258
Ted T Lilly,TOR,15,13,4.31,32,32,0,0,0,0,181.2,179,98,87,28,4,81,160,1.43,.254
Gil G Meche,SEA,11,8,4.48,32,32,1,0,0,0,186.2,183,106,93,24,8,84,156,1.43,.256
Mike M Mussina,NYY,15,7,3.51,32,32,1,0,0,0,197.1,184,88,77,22,5,35,172,1.11,.241
Pat P Neshek,MIN,4,2,2.19,32,0,0,0,0,2,37.0,23,9,9,6,0,6,53,0.78,.176
Jake J Peavy,SD,11,14,4.09,32,32,2,0,0,0,202.1,187,93,92,23,6,62,215,1.23,.242
Odalis O Perez,KC,6,8,6.20,32,20,0,0,0,1,126.1,169,93,87,18,3,31,81,1.58,.320
Nate N Robertson,DET,13,13,3.84,32,32,1,0,0,0,208.2,206,98,89,29,8,67,137,1.31,.259
Jason J Schmidt,SF,11,9,3.59,32,32,3,1,0,0,213.1,189,94,85,21,6,80,180,1.26,.238
Ian I Snell,PIT,14,11,4.74,32,32,0,0,0,0,186.0,198,104,98,29,2,74,169,1.46,.277
Jeff J Suppan,STL,12,7,4.12,32,32,0,0,0,0,190.0,207,100,87,21,8,69,104,1.45,.277
Jake J Westbrook,CLE,15,10,4.17,32,32,3,2,0,0,211.1,247,106,98,15,4,55,109,1.43,.296
Paul P Byrd,CLE,10,9,4.88,31,31,1,0,0,0,179.0,232,120,97,26,6,38,88,1.51,.308
Juan J Cruz,ARI,5,6,4.18,31,15,0,0,0,0,94.2,80,45,44,7,11,47,88,1.34,.230
Josh J Fogg,COL,11,9,5.49,31,31,1,1,0,0,172.0,206,115,105,24,6,60,93,1.55,.300
Mark M Hendrickson,LAD,6,15,4.21,31,25,1,1,0,0,164.2,173,87,77,17,4,62,99,1.43,.269
Felix F Hernández Hernandez,SEA,12,14,4.52,31,31,2,1,0,0,191.0,195,105,96,23,6,60,176,1.34,.262
Josh J Johnson,FLA,12,7,3.10,31,24,0,0,0,1,157.0,136,63,54,14,4,68,133,1.30,.236
Cory C Lidle,NYY,12,10,4.85,31,30,0,0,0,0,170.2,181,100,92,30,11,58,130,1.40,.271
Brett B Myers,PHI,12,7,3.91,31,31,1,0,0,0,198.0,194,93,86,29,3,63,189,1.30,.257
Scott S Olsen,FLA,12,10,4.04,31,31,0,0,0,0,180.2,160,94,81,23,7,75,166,1.30,.239
Felix F Rodriguez,WSH,1,1,7.67,31,0,0,0,0,0,29.1,32,25,25,5,4,16,15,1.64,.281
Curt C Schilling,BOS,15,7,3.97,31,31,0,0,0,0,204.0,220,90,90,28,3,28,183,1.22,.276
Claudio C Vargas,ARI,12,10,4.83,31,30,0,0,0,0,167.2,185,101,90,27,8,52,123,1.41,.274
Jarrod J Washburn,SEA,8,14,4.67,31,31,0,0,0,0,187.0,198,103,97,25,7,55,103,1.35,.268
Jeff J Weaver,STL,8,14,5.76,31,31,0,0,0,0,172.0,213,117,110,34,10,47,107,1.51,.303
Brian B Wilson,SF,2,3,5.40,31,0,0,0,1,2,30.0,32,19,18,1,1,21,23,1.77,.281
Chris C Young,SD,11,5,3.46,31,31,0,0,0,0,179.1,134,72,69,28,6,69,164,1.13,.206
Tony T Armas,WSH,9,12,5.03,30,30,0,0,0,0,154.0,167,96,86,19,13,64,97,1.50,.279
Matt M Belisle,CIN,2,0,3.60,30,2,0,0,0,1,40.0,43,18,16,5,3,19,26,1.55,.277
Kris K Benson,BAL,11,12,4.82,30,30,3,0,0,0,183.0,199,105,98,33,7,58,88,1.40,.287
Randy R Choate,ARI,0,1,3.94,30,0,0,0,0,0,16.0,21,9,7,0,3,3,12,1.50,.304
Jose J Contreras,CWS,13,9,4.27,30,30,1,1,0,0,196.0,194,101,93,20,10,55,134,1.27,.256
David D Cortes,COL,3,1,4.30,30,0,0,0,0,0,29.1,35,14,14,3,1,6,14,1.40,.310
Kelvim K Escobar,LAA,11,14,3.61,30,30,1,0,0,0,189.1,192,93,76,17,4,50,147,1.28,.264
Travis T Harper,TB,2,0,4.93,30,0,0,0,0,2,42.0,62,27,23,6,2,13,32,1.79,.348
Paul P Maholm,PIT,8,10,4.76,30,30,0,0,0,0,176.0,202,98,93,19,12,81,117,1.61,.295
Cliff C Politte,CWS,2,2,8.70,30,0,0,0,0,2,30.0,47,30,29,9,1,15,15,2.07,.353
Wandy W Rodriguez,HOU,9,10,5.64,30,24,0,0,0,0,135.2,154,96,85,17,6,63,98,1.60,.290
Brian B Sikorski,CLE,3,2,5.03,30,0,0,0,0,1,34.0,36,19,19,8,1,7,38,1.26,.273
Steve S Trachsel,NYM,15,8,4.97,30,30,1,0,0,0,164.2,185,94,91,23,4,78,79,1.60,.288
Justin J Verlander,DET,17,9,3.63,30,30,1,1,0,0,186.0,187,78,75,21,6,60,124,1.33,.266
Jaret J Wright,NYY,11,7,4.49,30,27,0,0,0,0,140.1,157,76,70,10,7,57,84,1.52,.283
Jason J Bergmann,WSH,0,2,6.68,29,6,0,0,0,0,64.2,81,49,48,12,6,27,54,1.67,.312
Lance L Cormier,ATL,4,5,4.89,29,9,0,0,0,0,73.2,90,44,40,8,2,39,43,1.75,.314
Chris C Hammond,CIN,1,1,6.91,29,0,0,0,0,2,28.2,36,23,22,5,0,5,23,1.43,.303
Orlando O Hernandez,NYM,11,11,4.66,29,29,1,0,0,0,162.1,155,90,84,22,12,61,164,1.33,.252
Mike M Mac Dougal,CWS,1,1,1.55,29,0,0,0,1,2,29.0,21,5,5,1,1,6,21,0.93,.206
Brian B Moehler,FLA,7,11,6.57,29,21,0,0,0,1,122.0,164,95,89,19,5,38,58,1.66,.325
Mark M Redman,KC,11,10,5.71,29,29,2,1,0,0,167.0,202,110,106,19,8,63,76,1.59,.307
Jorge J De La Rosa,KC,5,6,6.49,28,13,0,0,0,0,79.0,81,59,57,14,2,54,67,1.71,.266
Hung- Chih H Kuo,LAD,1,5,4.22,28,5,0,0,0,0,59.2,54,30,28,3,1,33,71,1.46,.244
Francisco F Liriano,MIN,12,3,2.16,28,16,0,0,1,1,121.0,89,31,29,9,1,32,144,1.00,.205
Brad B Radke,MIN,12,9,4.32,28,28,0,0,0,0,162.1,197,87,78,24,1,32,83,1.41,.307
C Sabathia,CLE,12,11,3.22,28,28,6,2,0,0,192.2,182,83,69,17,7,44,172,1.17,.247
Aaron A Sele,LAD,8,6,4.53,28,15,0,0,0,1,103.1,120,57,52,11,2,30,57,1.45,.290
Byung- Hyun B Kim,COL,8,12,5.57,27,27,0,0,0,0,155.0,179,103,96,18,8,61,129,1.55,.295
Jon J Lieber,PHI,9,11,4.93,27,27,2,1,0,0,168.0,196,100,92,27,6,24,100,1.31,.291
Javier J López Lopez,BOS,1,0,2.70,27,0,0,0,1,1,16.2,13,10,5,1,2,10,11,1.38,.232
Noah N Lowry,SF,7,10,4.74,27,27,1,1,0,0,159.1,166,89,84,21,6,56,84,1.39,.273
Zach Z Miner,DET,7,6,4.84,27,16,1,0,0,0,93.0,100,53,50,11,0,32,59,1.42,.276
Scott S Munter,SF,0,1,8.74,27,0,0,0,0,0,22.2,30,22,22,1,2,18,7,2.12,.366
Renyel R Pinto,FLA,0,0,3.03,27,0,0,0,1,1,29.2,20,12,10,3,1,27,36,1.58,.190
Chris C Reitsma,ATL,1,2,8.68,27,0,0,0,8,12,28.0,46,27,27,7,3,8,13,1.93,.362
Jonathan J Sánchez Sanchez,SF,3,1,4.95,27,4,0,0,0,0,40.0,39,26,22,2,4,23,33,1.55,.250
Esteban E Yan,CIN,1,0,5.54,27,0,0,0,1,1,37.1,32,25,23,8,1,20,24,1.39,.237
Daniel D Cabrera,BAL,9,10,4.74,26,26,2,1,0,0,148.0,130,82,78,11,5,104,157,1.58,.241
Shawn S Chacon,PIT,7,6,6.36,26,20,0,0,0,0,109.0,124,86,77,23,9,63,62,1.72,.288
Luke L Hudson,KC,7,6,5.12,26,15,0,0,0,1,102.0,109,62,58,7,4,38,64,1.44,.276
Esteban E Loaiza,OAK,11,9,4.89,26,26,2,1,0,0,154.2,179,92,84,17,5,40,97,1.42,.288
Eric E Milton,CIN,8,8,5.19,26,26,0,0,0,0,152.2,163,94,88,29,5,42,90,1.34,.269
Russ R Ortiz,BAL,0,8,8.14,26,11,0,0,0,0,63.0,86,60,57,18,3,40,44,2.00,.333
Brian B Shackelford,CIN,1,0,7.16,26,0,0,0,0,0,16.1,18,13,13,4,2,10,15,1.71,.269
Matt M Smith,PHI,0,1,0.87,26,0,0,0,0,0,20.2,7,2,2,0,0,12,21,0.92,.108
Ryan R Wagner,WSH,3,3,4.70,26,0,0,0,0,2,30.2,36,21,16,3,2,15,20,1.66,.293
Tyler T Walker,TB,1,4,7.11,26,0,0,0,10,14,25.1,27,20,20,1,0,12,19,1.54,.276
Doug D Brocail,SD,2,2,4.76,25,0,0,0,0,0,28.1,27,16,15,1,0,8,19,1.24,.252
Giovanni G Carrara,LAD,0,1,4.55,25,0,0,0,1,2,27.2,27,14,14,5,1,7,25,1.23,.250
Ron R Flores,OAK,1,2,3.34,25,0,0,0,1,1,29.2,28,11,11,3,0,10,20,1.28,.255
Casey C Fossum,TB,6,6,5.33,25,25,0,0,0,0,130.0,136,89,77,18,12,63,88,1.53,.265
Chuck C James,ATL,11,4,3.78,25,18,0,0,0,0,119.0,101,54,50,20,6,47,91,1.24,.232
Ramon R Pena,ARI,3,4,5.58,25,0,0,0,1,1,30.2,36,21,19,6,0,8,21,1.43,.290
Glendon G Rusch,CHC,3,8,7.46,25,9,0,0,0,0,66.1,86,57,55,21,1,33,59,1.79,.320
Victor V Santos,PIT,5,9,5.70,25,19,0,0,0,0,115.1,150,80,73,16,4,42,81,1.66,.321
Woody W Williams,SD,12,5,3.65,25,24,0,0,0,0,145.1,152,68,59,21,7,35,72,1.29,.267
Geremi G Gonzalez,MIL,4,2,5.79,24,4,0,0,0,1,56.0,71,43,36,10,2,23,44,1.68,.314
Sean S Green,SEA,0,0,4.50,24,0,0,0,0,1,32.0,34,16,16,2,2,13,15,1.47,.279
Jason J Johnson,CIN,3,12,6.10,24,20,0,0,0,0,115.0,160,86,78,14,5,35,54,1.70,.335
Scott S Kazmir,TB,10,8,3.24,24,24,1,1,0,0,144.2,132,59,52,15,2,52,163,1.27,.240
Wilfredo W Ledezma,DET,3,3,3.58,24,7,0,0,0,1,60.1,60,28,24,5,2,23,39,1.38,.254
Sean S Marshall,CHC,6,9,5.59,24,24,0,0,0,0,125.2,132,85,78,20,7,59,77,1.52,.270
Chan Ho C Park,SD,7,7,4.81,24,21,1,1,0,0,136.2,146,81,73,20,10,44,96,1.39,.271
Jack J Taschner,SF,0,1,8.38,24,0,0,0,0,1,19.1,31,23,18,4,2,7,15,1.97,.344
Emiliano E Fruto,SEA,2,2,5.50,23,0,0,0,1,2,36.0,34,24,22,4,2,24,34,1.61,.246
Mike M Gallo,HOU,1,2,6.06,23,0,0,0,0,1,16.1,28,11,11,3,2,7,7,2.14,.400
Cole C Hamels,PHI,9,8,4.08,23,23,0,0,0,0,132.1,117,66,60,19,3,48,145,1.25,.237
Edwin E Jackson,TB,0,0,5.45,23,1,0,0,0,0,36.1,42,27,22,2,1,25,27,1.84,.292
John J Koronka,TEX,7,7,5.69,23,23,0,0,0,0,125.0,145,80,79,17,5,47,61,1.54,.294
Pedro P Martinez,NYM,9,8,4.48,23,23,0,0,0,0,132.2,108,72,66,19,10,39,137,1.11,.220
Tim T Wakefield,BOS,7,11,4.63,23,23,1,0,0,0,140.0,135,80,72,19,10,51,90,1.33,.248
Pete P Walker,TOR,1,1,5.40,23,0,0,0,1,1,30.0,37,24,18,5,0,13,27,1.67,.296
Mike M Wood,KC,3,3,5.71,23,7,0,0,0,0,64.2,86,51,41,10,7,23,29,1.69,.314
Tim T Worrell,SF,3,2,7.52,23,0,0,0,6,8,20.1,28,18,17,9,1,7,12,1.72,.308
Heath H Bell,NYM,0,0,5.11,22,0,0,0,0,0,37.0,51,25,21,6,0,11,35,1.68,.331
Taylor T Buchholz,HOU,6,10,5.89,22,19,1,1,0,0,113.0,107,80,74,21,3,34,77,1.25,.248
Joey J Eischen,WSH,0,1,8.59,22,0,0,0,0,1,14.2,18,18,14,2,1,19,18,2.52,.295
Enrique E Gonzalez,ARI,3,7,5.67,22,18,0,0,0,0,106.1,114,71,67,14,4,34,66,1.39,.275
Adam A Loewen,BAL,6,6,5.37,22,19,0,0,0,0,112.1,111,72,67,8,8,62,98,1.54,.259
Julio J Manon,BAL,0,1,5.40,22,0,0,0,0,1,20.0,23,13,12,5,2,16,22,1.95,.274
Chad C Orvella,TB,1,5,7.40,22,0,0,0,0,3,24.1,36,23,20,6,3,20,17,2.30,.346
Oliver O Pérez Perez,NYM,3,13,6.55,22,22,1,1,0,0,112.2,129,90,82,20,6,68,102,1.75,.293
Chris C Resop,FLA,1,2,3.38,22,0,0,0,0,1,21.1,26,9,8,1,1,16,10,1.97,.310
A. J. A Burnett,TOR,10,8,3.98,21,21,2,1,0,0,135.2,138,67,60,14,8,39,118,1.30,.264
Clay C Condrey,PHI,2,2,3.14,21,0,0,0,0,1,28.2,35,11,10,3,0,9,16,1.53,.318
Tim T Corcoran,TB,5,9,4.38,21,16,0,0,0,0,90.1,92,48,44,10,4,48,59,1.55,.271
Runelvys R Hernandez,KC,6,10,6.48,21,21,1,1,0,0,109.2,145,87,79,22,6,48,50,1.76,.327
Josh J Kinney,STL,0,0,3.24,21,0,0,0,0,0,25.0,17,9,9,3,1,8,22,1.00,.189
Boone B Logan,CWS,0,0,8.31,21,0,0,0,1,2,17.1,21,18,16,2,3,15,15,2.08,.288
Shaun S Marcum,TOR,3,4,5.06,21,14,0,0,0,0,78.1,87,44,44,14,4,38,65,1.60,.279
Michael M O' Connor,WSH,3,8,4.80,21,20,0,0,0,0,105.0,96,61,56,15,7,45,59,1.34,.244
Elizardo E Ramirez,CIN,4,9,5.37,21,19,0,0,0,0,104.0,123,70,62,14,8,29,69,1.46,.293
John J Rheinecker,TEX,4,6,5.86,21,13,0,0,0,0,70.2,104,46,46,6,3,19,28,1.74,.349
Chris C Schroder,WSH,0,2,6.35,21,0,0,0,0,1,28.1,23,21,20,7,5,15,39,1.34,.223
James J Shields,TB,6,8,4.84,21,21,1,0,0,0,124.2,141,69,67,18,5,38,104,1.44,.288
Jason J Standridge,CIN,1,1,4.82,21,0,0,0,0,0,18.2,17,14,10,2,1,14,18,1.66,.239
T. J. T Beam,NYY,2,0,8.50,20,0,0,0,0,1,18.0,26,17,17,5,2,6,12,1.78,.338
Fabio F Castro,PHI,0,1,2.27,20,0,0,0,1,2,31.2,18,9,8,1,2,13,18,0.98,.170
Roman R Colon,DET,2,0,4.89,20,1,0,0,1,1,38.2,46,21,21,6,1,14,25,1.55,.303
Scott S Elarton,KC,4,9,5.34,20,20,0,0,0,0,114.2,117,73,68,26,6,52,49,1.47,.267
Rick R Helling,MIL,0,2,4.11,20,2,0,0,0,1,35.0,25,17,16,6,0,15,32,1.14,.202
Ryan R Vogelsong,PIT,0,0,6.39,20,0,0,0,0,0,38.0,44,27,27,2,7,16,27,1.58,.301
Jay J Witasick,OAK,1,0,6.75,20,0,0,0,0,0,22.2,25,17,17,3,1,21,23,2.03,.281
Antonio A Alfonseca,TEX,0,0,5.63,19,0,0,0,0,0,16.0,23,10,10,3,0,7,5,1.88,.348
Kevin K Barry,ATL,1,1,5.61,19,1,0,0,0,1,25.2,24,16,16,2,1,14,19,1.48,.253
Brian B Bruney,NYY,1,1,0.87,19,0,0,0,0,0,20.2,14,2,2,1,1,15,25,1.40,.189
Roger R Clemens,HOU,7,6,2.30,19,19,0,0,0,0,113.1,89,34,29,7,4,29,102,1.04,.216
Jason J Grimsley,ARI,1,2,4.88,19,0,0,0,0,0,27.2,30,15,15,4,0,8,10,1.37,.280
Casey C Janssen,TOR,6,10,5.07,19,17,0,0,0,0,94.0,103,58,53,12,7,21,44,1.32,.275
Carlos C Marmol,CHC,5,7,6.08,19,13,0,0,0,0,77.0,71,54,52,14,5,59,59,1.69,.250
Sidney S Ponson,NYY,4,5,6.25,19,16,0,0,0,0,85.0,108,62,59,10,4,36,48,1.69,.318
Mike M Thompson,SD,4,5,4.99,19,16,0,0,0,0,92.0,103,56,51,13,7,30,35,1.45,.285
Jered J Weaver,LAA,11,2,2.56,19,19,0,0,0,0,123.0,94,36,35,15,3,33,105,1.03,.209
Chad C Billingsley,LAD,7,4,3.80,18,16,0,0,0,0,90.0,92,43,38,7,3,58,59,1.67,.272
Boof B Bonser,MIN,7,6,4.22,18,18,0,0,0,0,100.1,104,50,47,18,1,24,84,1.28,.267
Jim J Brower,SD,0,1,12.15,18,0,0,0,0,1,20.0,32,27,27,2,5,14,14,2.30,.372
Mike M Burns,BOS,0,0,7.29,18,0,0,0,0,0,21.0,40,17,17,2,2,4,16,2.10,.421
Tomo T Ohka,MIL,4,5,4.82,18,18,0,0,0,0,97.0,98,58,52,12,5,35,50,1.37,.266
Rafael R Perez,CLE,0,0,4.38,18,0,0,0,0,1,12.1,10,6,6,2,0,6,15,1.30,.204
Brian B Sanches,PHI,0,0,5.91,18,0,0,0,0,0,21.1,23,14,14,5,0,13,22,1.69,.271
Anibal A Sánchez Sanchez,FLA,10,3,2.83,18,17,2,1,0,0,114.1,90,39,36,9,4,46,72,1.19,.217
Tanyon T Sturtze,NYY,0,0,7.59,18,0,0,0,0,0,10.2,17,10,9,3,1,6,6,2.16,.354
John J Thomson,ATL,2,7,4.82,18,15,0,0,0,0,80.1,93,55,43,11,2,32,46,1.56,.295
Pedro P Astacio,WSH,5,5,5.98,17,17,1,1,0,0,90.1,109,64,60,14,1,31,42,1.55,.301
Gustavo G Chacin,TOR,9,4,5.05,17,17,0,0,0,0,87.1,90,51,49,19,6,38,47,1.47,.266
Francisco F Del Rosario,TOR,1,2,6.65,17,1,0,0,0,0,23.0,24,17,17,4,1,16,21,1.74,.264
John J Halama,BAL,3,1,6.14,17,1,0,0,0,1,29.1,38,20,20,6,0,13,12,1.74,.325
Rich R Hill,CHC,6,7,4.17,17,16,2,1,0,0,99.1,83,51,46,16,2,39,90,1.23,.227
Mark M Mulder,STL,6,7,7.14,17,17,0,0,0,0,93.1,124,77,74,19,5,35,50,1.70,.327
Anthony A Reyes,STL,5,8,5.06,17,17,1,0,0,0,85.1,84,48,48,17,7,34,72,1.38,.262
Ben B Sheets,MIL,6,7,3.82,17,17,0,0,0,0,106.0,105,47,45,9,2,11,116,1.09,.259
Kyle K Snyder,BOS,4,5,6.56,17,11,0,0,0,0,60.1,87,51,44,12,2,20,57,1.77,.331
Scott S Baker,MIN,5,8,6.37,16,16,0,0,0,0,83.1,114,63,59,17,3,16,62,1.56,.324
Tim T Byrdak,BAL,1,0,12.86,16,0,0,0,0,0,7.0,14,10,10,2,0,8,2,3.14,.438
Jon J Huber,SEA,2,1,1.08,16,0,0,0,0,0,16.2,10,3,2,0,0,6,11,0.96,.172
Justin J Lehr,MIL,2,1,8.62,16,0,0,0,0,0,15.2,24,16,15,2,1,7,12,1.98,.369
John J Maine,NYM,6,5,3.60,16,15,1,1,0,0,90.0,69,40,36,15,2,33,71,1.13,.212
Dustin D Mc Gowan,TOR,1,2,7.24,16,3,0,0,0,1,27.1,35,27,22,2,2,25,22,2.20,.304
Josh J Rupe,TEX,0,1,3.41,16,0,0,0,0,1,29.0,33,11,11,2,1,9,14,1.45,.287
Chris C Spurling,MIL,0,0,5.06,16,0,0,0,0,1,21.1,25,12,12,5,0,8,7,1.55,.287
Micah M Bowie,WSH,0,1,1.37,15,0,0,0,0,0,19.2,11,3,3,1,0,7,11,0.92,.164
Angel A Guzman,CHC,0,6,7.39,15,10,0,0,0,0,56.0,68,48,46,9,6,37,60,1.88,.308
Jon J Lester,BOS,7,2,4.76,15,15,0,0,0,0,81.1,91,43,43,7,5,43,60,1.65,.294
Kameron K Loe,TEX,3,6,5.86,15,15,1,1,0,0,78.1,105,54,51,10,1,22,34,1.62,.317
Mark M Lowe,SEA,1,0,1.93,15,0,0,0,0,0,18.2,12,4,4,1,2,9,20,1.13,.190
Tom T Mastny,CLE,0,1,5.51,15,0,0,0,5,7,16.1,17,10,10,1,1,8,14,1.53,.279
Sergio S Mitre,FLA,1,5,5.71,15,7,0,0,0,1,41.0,44,28,26,7,6,20,31,1.56,.275
Peter P Moylan,ATL,0,0,4.80,15,0,0,0,0,0,15.0,18,8,8,1,0,5,14,1.53,.290
Eric E O' Flaherty,SEA,0,0,4.09,15,0,0,0,0,0,11.0,18,9,5,2,0,6,6,2.18,.360
Yusmeiro Y Petit,FLA,1,1,9.57,15,1,0,0,0,0,26.1,46,28,28,7,0,9,20,2.09,.390
Josh J Towers,TOR,2,10,8.42,15,12,0,0,0,0,62.0,93,62,58,17,3,17,35,1.77,.343
Billy B Traber,WSH,4,3,6.44,15,8,0,0,0,0,43.1,53,33,31,5,8,14,25,1.55,.301
Brandon B Claussen,CIN,3,8,6.19,14,14,0,0,0,0,77.0,93,56,53,14,6,28,57,1.57,.301
Kyle K Davies,ATL,3,7,8.38,14,14,1,0,0,0,63.1,90,60,59,14,3,33,51,1.94,.332
Octavio O Dotel,NYY,0,0,10.80,14,0,0,0,0,0,10.0,18,13,12,2,0,11,7,2.90,.383
Nate N Field,COL,1,1,4.00,14,0,0,0,0,1,9.0,9,4,4,2,0,5,14,1.56,.257
Matt M Miller,CLE,1,0,3.45,14,0,0,0,0,0,15.2,11,6,6,2,2,9,12,1.28,.212
Horacio H Ramirez,ATL,5,5,4.48,14,14,0,0,0,0,76.1,85,42,38,6,4,31,37,1.52,.287
Bobby B Seay,DET,0,0,6.46,14,0,0,0,0,0,15.1,14,11,11,1,3,9,12,1.50,.246
Josh J Sharpless,PIT,0,0,1.50,14,0,0,0,0,0,12.0,7,2,2,0,0,11,7,1.50,.175
Jeremy J Sowers,CLE,7,4,3.57,14,14,2,2,0,0,88.1,85,36,35,10,2,20,35,1.19,.252
Robinson R Tejeda,TEX,5,5,4.28,14,14,0,0,0,0,73.2,83,40,35,10,3,32,40,1.56,.288
Dave D Williams,NYM,5,4,6.52,14,13,0,0,0,0,69.0,93,52,50,14,6,20,32,1.64,.326
Craig C Breslow,BOS,0,2,3.75,13,0,0,0,0,0,12.0,12,5,5,0,1,6,12,1.50,.261
Lenny L Di Nardo,BOS,1,2,7.85,13,6,0,0,0,0,39.0,61,35,34,6,1,20,17,2.08,.363
Adam A Eaton,TEX,7,4,5.12,13,13,0,0,0,0,65.0,78,38,37,11,4,24,43,1.57,.299
Danny D Graves,CLE,2,1,5.79,13,0,0,0,0,1,14.0,18,12,9,3,0,5,3,1.64,.305
Mike M Maroth,DET,5,2,4.19,13,9,0,0,0,0,53.2,64,26,25,11,1,16,24,1.49,.295
Joe J Mays,CIN,0,5,8.70,13,10,0,0,0,0,50.2,78,56,49,11,0,26,25,2.05,.355
Joe J Saunders,LAA,7,3,4.71,13,13,0,0,0,0,70.2,71,42,37,6,1,29,51,1.42,.264
David D Wells,SD,3,5,4.42,13,13,0,0,0,0,75.1,97,41,37,11,0,12,38,1.45,.314
Denny D Bautista,COL,0,3,5.62,12,8,0,0,0,0,41.2,47,34,26,5,4,21,27,1.63,.283
Matt M Clement,BOS,5,5,6.61,12,12,0,0,0,0,65.1,77,50,48,8,6,38,43,1.76,.291
Franklyn F German,FLA,0,0,3.00,12,0,0,0,0,1,12.0,7,4,4,1,1,14,6,1.75,.171
Jim J Hoey,BAL,0,1,10.24,12,0,0,0,0,1,9.2,14,11,11,1,2,5,6,1.97,.359
Carlos C Martinez,FLA,0,1,1.74,12,0,0,0,0,0,10.1,9,2,2,0,0,6,11,1.45,.250
Franquelis F Osoria,LAD,0,2,7.13,12,0,0,0,0,0,17.2,27,14,14,4,1,9,13,2.04,.360
Chris C Sampson,HOU,2,1,2.12,12,3,0,0,0,0,34.0,25,10,8,3,1,5,15,0.88,.205
Ty T Taubenheim,TOR,1,5,4.89,12,7,0,0,0,0,35.0,40,22,19,5,4,18,26,1.66,.282
Jason J Vargas,FLA,1,2,7.33,12,5,0,0,0,0,43.0,50,39,35,9,4,30,25,1.86,.292
Jose J Veras,NYY,0,0,4.09,12,0,0,0,1,1,11.0,8,5,5,2,0,5,6,1.18,.211
Randy R Wolf,PHI,4,0,5.56,12,12,0,0,0,0,56.2,63,37,35,13,2,33,44,1.69,.285
Jonah J Bayliss,PIT,1,1,4.30,11,0,0,0,0,0,14.2,13,7,7,1,1,11,15,1.64,.241
Chris C Booker,WSH,0,0,9.72,11,0,0,0,0,0,8.1,10,9,9,4,0,4,7,1.68,.294
Brian B Burres,BAL,0,0,2.25,11,0,0,0,0,0,8.0,6,2,2,1,0,1,6,0.88,.200
Gavin G Floyd,PHI,4,3,7.29,11,11,1,1,0,0,54.1,70,48,44,14,3,32,34,1.88,.315
Wayne W Franklin,ATL,0,0,7.04,11,0,0,0,0,0,7.2,8,6,6,2,0,6,3,1.83,.296
Edgar E Gonzalez,ARI,3,4,4.22,11,5,0,0,0,0,42.2,45,20,20,7,3,9,28,1.27,.273
Tom T Gorzelanny,PIT,2,5,3.79,11,11,0,0,0,0,61.2,50,29,26,3,4,31,40,1.31,.226
Randy R Keisler,OAK,0,0,4.50,11,0,0,0,0,0,10.0,14,5,5,3,0,2,5,1.60,.350
Juan J Mateo,CHC,1,3,5.32,11,10,0,0,0,0,45.2,51,31,27,6,3,23,35,1.62,.288
Agustin A Montero,CWS,1,0,5.14,11,0,0,0,0,0,14.0,15,10,8,3,0,2,7,1.21,.278
Royce R Ring,NYM,0,0,2.13,11,0,0,0,0,0,12.2,7,3,3,2,0,3,8,0.79,.156
Aaron A Small,NYY,0,3,8.46,11,3,0,0,0,0,27.2,42,29,26,9,1,12,12,1.95,.341
Doug D Waechter,TB,1,4,6.62,11,10,0,0,0,0,53.0,67,40,39,6,5,19,25,1.62,.310
Lance L Carter,LAD,0,1,8.49,10,0,0,0,0,1,11.2,17,11,11,1,0,8,5,2.14,.347
Bartolo B Colon,LAA,1,5,5.11,10,10,1,1,0,0,56.1,71,39,32,11,3,11,31,1.46,.306
Casey C Daigle,ARI,0,0,3.65,10,0,0,0,0,0,12.1,14,5,5,1,0,6,7,1.62,.311
Chris C Demaria,MIL,0,1,5.93,10,0,0,0,0,0,13.2,10,11,9,4,2,9,11,1.39,.200
Joey J Devine,ATL,0,0,9.95,10,0,0,0,0,1,6.1,8,7,7,1,1,9,10,2.68,.308
Brandon B Duckworth,KC,1,5,6.11,10,8,0,0,0,0,45.2,62,36,31,3,2,24,27,1.88,.332
Jeff J Fassero,SF,1,1,7.80,10,1,0,0,0,0,15.0,23,13,13,4,0,8,7,2.07,.365
Matt M Garza,MIN,3,6,5.76,10,9,0,0,0,0,50.0,62,33,32,6,0,23,38,1.70,.301
Edward E Mujica,CLE,0,1,2.95,10,0,0,0,0,0,18.1,25,6,6,1,1,0,12,1.36,.333
Brian B Rogers,PIT,0,0,8.31,10,0,0,0,0,0,8.2,11,8,8,2,1,2,7,1.50,.324
Jae Kuk J Ryu,CHC,0,1,8.40,10,1,0,0,0,0,15.0,23,14,14,7,2,6,17,1.93,.348
Jermaine J Van Buren,BOS,1,0,11.77,10,0,0,0,0,0,13.0,14,17,17,1,0,15,8,2.23,.292
Carlos C Villanueva,MIL,2,2,3.69,10,6,0,0,0,0,53.2,43,22,22,8,4,11,39,1.01,.216
Les L Walrond,CHC,0,1,6.23,10,2,0,0,0,0,17.1,19,13,12,2,0,12,21,1.79,.271
Ryan R Braun,KC,0,1,6.75,9,0,0,0,0,2,10.2,13,8,8,2,0,3,6,1.50,.317
Dewon D Brazelton,SD,0,2,12.00,9,2,0,0,0,0,18.0,28,25,24,6,0,9,9,2.06,.354
Andrew A Brown,CLE,0,0,3.60,9,0,0,0,0,0,10.0,6,4,4,0,1,8,7,1.40,.171
Scott S Erickson,NYY,0,0,7.94,9,0,0,0,0,0,11.1,13,12,10,2,3,7,2,1.76,.283
Dana D Eveland,MIL,0,3,8.13,9,5,0,0,0,1,27.2,39,25,25,4,5,16,32,1.99,.331
Jeremy J Guthrie,CLE,0,0,6.98,9,1,0,0,0,0,19.1,24,15,15,2,2,15,14,2.02,.316
Jason J Hammel,TB,0,6,7.77,9,9,0,0,0,0,44.0,61,38,38,7,1,21,32,1.86,.333
Rich R Harden,OAK,4,0,4.24,9,9,0,0,0,0,46.2,31,22,22,5,1,26,49,1.22,.191
Jason J Hirsh,HOU,3,4,6.04,9,9,0,0,0,0,44.2,48,32,30,11,3,22,29,1.57,.267
Kevin K Jarvis,BOS,0,2,7.71,9,4,0,0,0,0,28.0,40,27,24,3,2,11,13,1.82,.339
Steve S Karsay,OAK,1,0,5.79,9,0,0,0,0,0,9.1,13,6,6,4,1,3,5,1.71,.351
Juan J Lara,CLE,0,0,1.80,9,0,0,0,0,1,5.0,4,2,1,0,0,1,2,1.00,.222
Scott S Mathieson,PHI,1,4,7.47,9,8,0,0,0,0,37.1,48,36,31,8,1,16,28,1.71,.312
Mark M Prior,CHC,1,6,7.21,9,9,0,0,0,0,43.2,46,39,35,9,8,28,38,1.69,.269
Eddy E Rodriguez,BAL,1,1,7.20,9,0,0,0,0,0,15.0,17,14,12,5,0,10,11,1.80,.283
Doug D Slaten,ARI,0,0,0.00,9,0,0,0,0,0,5.2,3,0,0,0,0,2,3,0.88,.167
John J Wasdin,TEX,2,2,5.10,9,5,0,0,0,0,30.0,33,19,17,6,4,13,16,1.53,.266
Kip K Wells,TEX,2,5,6.50,9,9,0,0,0,0,44.1,61,33,32,3,4,21,20,1.85,.337
Brandon B Backe,HOU,3,2,3.77,8,8,0,0,0,0,43.0,43,18,18,4,3,18,19,1.42,.261
Brian B Bannister,NYM,2,1,4.26,8,6,0,0,0,0,38.0,34,18,18,4,2,22,19,1.47,.239
Zach Z Day,WSH,2,5,6.75,8,8,0,0,0,0,40.0,51,32,30,5,3,21,19,1.80,.311
Frank F Francisco,TEX,0,1,4.91,8,0,0,0,0,0,7.1,8,4,4,2,0,2,6,1.36,.267
J. P. J Howell,TB,1,3,5.10,8,8,0,0,0,0,42.1,52,25,24,4,3,14,33,1.56,.310
Travis T Hughes,WSH,0,0,6.35,8,0,0,0,0,0,11.1,13,8,8,2,3,6,4,1.68,.310
Zach Z Jackson,MIL,2,2,5.40,8,7,0,0,0,0,38.1,48,26,23,6,4,14,22,1.62,.304
Jeff J Karstens,NYY,2,1,3.80,8,6,0,0,0,0,42.2,40,20,18,6,1,11,16,1.20,.242
Bob B Keppel,KC,0,4,5.50,8,6,0,0,0,0,34.1,45,21,21,6,1,15,20,1.75,.326
Sun- Woo S Kim,CIN,0,1,12.51,8,1,0,0,0,0,13.2,24,19,19,5,1,8,8,2.34,.393
Nick N Masset,TEX,0,0,4.15,8,0,0,0,0,0,8.2,9,4,4,0,2,2,4,1.27,.300
Chris C Michalak,CIN,2,4,4.89,8,6,0,0,0,0,35.0,42,21,19,6,3,16,10,1.66,.304
Andrew A Miller,DET,0,1,6.10,8,0,0,0,0,0,10.1,8,9,7,0,2,10,6,1.74,.205
John J Patterson,WSH,1,2,4.43,8,8,0,0,0,0,40.2,36,21,20,4,3,9,42,1.11,.237
Beltran B Perez,WSH,2,1,3.86,8,3,0,0,0,0,21.0,16,9,9,3,0,13,9,1.38,.222
Juan J Salas,TB,0,0,5.40,8,0,0,0,0,1,10.0,13,7,6,1,0,3,8,1.60,.295
Dennis D Sarfate,MIL,0,0,4.32,8,0,0,0,0,0,8.1,9,4,4,0,0,4,11,1.56,.265
Brian B Slocum,CLE,0,0,5.60,8,2,0,0,0,0,17.2,27,11,11,3,1,9,11,2.04,.360
Alay A Soler,NYM,2,3,6.00,8,8,1,1,0,0,45.0,50,33,30,7,1,21,23,1.58,.275
Jordan J Tata,DET,0,0,6.14,8,0,0,0,0,0,14.2,14,11,10,1,0,7,6,1.43,.250
Edinson E Vólquez Volquez,TEX,1,6,7.29,8,8,0,0,0,0,33.1,52,28,27,7,1,17,15,2.07,.359
Winston W Abreu,BAL,0,0,10.13,7,0,0,0,0,0,8.0,10,10,9,1,1,6,6,2.00,.294
Chris C Bootcheck,LAA,0,1,10.45,7,0,0,0,0,0,10.1,16,12,12,3,0,9,7,2.42,.364
Scott S Dunn,TB,1,0,11.74,7,0,0,0,0,1,7.2,17,10,10,2,2,4,4,2.74,.436
Kason K Gabbard,BOS,1,3,3.51,7,4,0,0,0,0,25.2,24,11,10,0,0,16,15,1.56,.255
Charlie C Haeger,CWS,1,1,3.44,7,1,0,0,1,1,18.1,12,10,7,0,0,13,19,1.36,.182
Juan Carlos J Oviedo,KC,0,0,4.73,7,0,0,0,0,0,13.1,15,7,7,2,2,5,7,1.50,.300
Juan Pablo J Perez,PIT,0,1,8.10,7,0,0,0,0,0,3.1,5,3,3,1,2,1,3,1.80,.385
Davis D Romero,TOR,1,0,3.86,7,0,0,0,0,0,16.1,19,7,7,1,1,6,10,1.53,.297
Julio J Santana,PHI,0,0,7.56,7,0,0,0,0,0,8.1,8,9,7,1,1,9,4,2.04,.258
Sean S Tracey,CWS,0,0,3.38,7,0,0,0,0,0,8.0,4,3,3,2,1,5,3,1.13,.143
Mike M Venafro,COL,1,0,2.45,7,0,0,0,0,0,3.2,3,1,1,0,0,3,2,1.64,.250
Joe J Winkelsas,MIL,0,1,7.71,7,0,0,0,0,0,7.0,9,7,6,1,0,6,4,2.14,.310
Ezequiel E Astacio,HOU,2,0,11.12,6,0,0,0,0,0,5.2,7,7,7,2,0,6,6,2.29,.292
Cha Seung C Baek,SEA,4,1,3.67,6,6,0,0,0,0,34.1,26,15,14,6,2,13,23,1.14,.208
Roy R Corcoran,WSH,0,1,11.12,6,0,0,0,0,1,5.2,12,8,7,1,0,4,6,2.82,.414
Kevin K Gryboski,WSH,0,0,14.29,6,0,0,0,0,1,5.2,14,11,9,3,1,2,4,2.82,.452
Dustin D Hermanson,CWS,0,0,4.05,6,0,0,0,0,0,6.2,6,3,3,2,1,1,5,1.05,.240
Shawn S Hill,WSH,1,3,4.66,6,6,0,0,0,0,36.2,43,20,19,2,3,12,16,1.50,.297
Jeff J Nelson,CWS,0,1,3.38,6,0,0,0,0,1,2.2,3,1,1,1,0,5,2,3.00,.300
Hayden H Penn,BAL,0,4,15.10,6,6,0,0,0,0,19.2,38,33,33,8,2,13,8,2.59,.392
Darrell D Rasner,NYY,3,1,4.43,6,3,0,0,0,0,20.1,18,10,10,2,1,5,11,1.13,.237
Britt B Reames,PIT,0,0,9.82,6,0,0,0,0,0,7.1,11,8,8,2,0,5,6,2.18,.355
Eric E Stults,LAD,1,0,5.60,6,2,0,0,0,0,17.2,17,12,11,4,0,7,5,1.36,.266
Yhency Y Brazoban,LAD,0,0,5.40,5,0,0,0,0,1,5.0,7,3,3,0,0,2,4,1.80,.350
Eude E Brito,PHI,1,2,7.36,5,2,0,0,0,0,18.1,21,15,15,2,1,12,9,1.80,.296
Jason J Childers,TB,0,1,4.70,5,0,0,0,0,0,7.2,12,6,4,1,0,4,5,2.09,.343
Brian B Falkenborg,STL,0,1,2.84,5,0,0,0,0,0,6.1,5,2,2,0,1,0,5,0.79,.217
Jose J Garcia,FLA,0,0,4.91,5,0,0,0,0,0,11.0,10,6,6,1,0,5,8,1.36,.233
Justin J Hampson,COL,1,0,7.50,5,1,0,0,0,1,12.0,19,10,10,3,1,5,9,2.00,.352
Greg G Jones,LAA,0,0,6.00,5,0,0,0,0,0,6.0,8,5,4,1,0,2,1,1.67,.348
Marty M Mc Leary,PIT,2,0,2.04,5,2,0,0,0,0,17.2,17,5,4,1,0,6,8,1.30,.258
Wade W Miller,CHC,0,2,4.57,5,5,0,0,0,0,21.2,19,12,11,4,1,18,20,1.71,.232
Terry T Mulholland,ARI,0,0,9.00,5,0,0,0,0,1,3.0,7,3,3,1,0,1,1,2.67,.500
Chris C Narveson,STL,0,0,4.82,5,1,0,0,0,0,9.1,6,5,5,1,1,5,12,1.18,.176
Ricardo R Rincon,STL,0,0,10.80,5,0,0,0,0,0,3.1,6,4,4,1,1,4,6,3.00,.375
Billy B Sadler,SF,0,0,6.75,5,0,0,0,0,0,4.0,5,3,3,2,1,2,6,1.75,.294
Steve S Stemle,KC,0,1,15.00,5,0,0,0,0,1,6.0,15,10,10,1,0,3,0,3.00,.455
Brian B Stokes,TB,1,0,4.88,5,4,0,0,0,0,24.0,31,13,13,2,1,9,15,1.67,.320
Jerome J Williams,CHC,0,2,7.30,5,2,0,0,0,0,12.1,15,12,10,2,1,11,5,2.11,.326
Kris K Wilson,NYY,0,0,8.64,5,1,0,0,0,0,8.1,14,8,8,4,0,4,6,2.16,.368
Shane S Youman,PIT,0,2,2.91,5,3,0,0,0,0,21.2,15,7,7,1,0,10,5,1.15,.200
Victor V Zambrano,NYM,1,2,6.75,5,5,0,0,0,0,21.1,25,16,16,5,0,11,15,1.69,.291
Matt M Albers,HOU,0,2,6.00,4,2,0,0,0,0,15.0,17,10,10,1,0,7,11,1.60,.298
Steve S Andrade,KC,0,0,9.64,4,0,0,0,0,0,4.2,5,5,5,0,0,4,5,1.93,.278
Adam A Bernero,KC,1,1,6.00,4,3,0,0,0,0,15.0,22,10,10,3,0,2,12,1.60,.333
Brett B Campbell,WSH,0,0,10.38,4,0,0,0,0,0,4.1,4,5,5,1,1,2,4,1.38,.250
Francisco F Cruceta,SEA,0,0,10.80,4,1,0,0,0,0,6.2,10,8,8,2,0,6,2,2.40,.370
Joselo J Diaz,KC,0,0,10.80,4,0,0,0,0,0,6.2,10,8,8,2,1,8,3,2.70,.345
Ryan R Feierabend,SEA,0,1,3.71,4,2,0,0,0,0,17.0,15,7,7,3,0,7,11,1.29,.231
Jared J Fernandez,MIL,0,0,9.95,4,0,0,0,0,0,6.1,11,7,7,2,0,1,1,1.89,.367
Ben B Hendrickson,MIL,0,2,12.00,4,3,0,0,0,0,12.0,21,17,16,0,0,9,8,2.50,.382
Sean S Henn,NYY,0,1,4.82,4,1,0,0,0,0,9.1,11,5,5,2,1,5,7,1.71,.297
Cesar C Jimenez,SEA,0,0,14.73,4,1,0,0,0,0,7.1,13,12,12,4,0,4,3,2.32,.382
Jose J Lima,NYM,0,4,9.87,4,4,0,0,0,0,17.1,25,22,19,3,2,10,12,2.02,.329
Mike M Pelfrey,NYM,2,1,5.48,4,4,0,0,0,0,21.1,25,14,13,1,3,12,13,1.73,.305
Glen G Perkins,MIN,0,0,1.59,4,0,0,0,0,0,5.2,3,1,1,0,0,0,6,0.53,.150
Santiago S Ramirez,WSH,0,0,8.10,4,0,0,0,0,0,3.1,6,3,3,1,0,2,1,2.40,.375
Jason J Shiell,ATL,0,2,8.62,4,3,0,0,0,0,15.2,23,15,15,5,1,9,14,2.04,.343
Phil P Stockman,ATL,0,0,2.25,4,0,0,0,0,0,4.0,3,1,1,0,0,4,4,1.75,.231
Jason J Windsor,OAK,0,1,6.59,4,3,0,0,0,0,13.2,21,12,10,2,0,5,6,1.90,.375
Kerry K Wood,CHC,1,2,4.12,4,4,0,0,0,0,19.2,19,13,9,5,1,8,13,1.37,.253
Miguel M Asencio,COL,1,0,4.70,3,1,0,0,0,0,7.2,9,8,4,1,1,4,7,1.70,.281
Travis T Chick,SEA,0,0,12.60,3,0,0,0,0,0,5.0,7,7,7,0,0,10,2,3.40,.333
Chad C Durbin,DET,0,0,1.50,3,0,0,0,0,0,6.0,6,1,1,1,0,0,3,1.00,.250
Zack Z Greinke,KC,1,0,4.26,3,0,0,0,0,0,6.1,7,3,3,1,0,3,5,1.58,.280
Jeff J Harris,SEA,0,0,5.40,3,0,0,0,0,0,3.1,3,2,2,0,0,0,1,0.90,.250
Mike M Holtz,BOS,0,0,16.20,3,0,0,0,0,0,1.2,3,3,3,0,1,4,2,4.20,.429
Bobby B Livingston,SEA,0,0,18.00,3,0,0,0,0,0,5.0,9,10,10,2,2,6,3,3.00,.375
Dustin D Moseley,LAA,1,0,9.00,3,2,0,0,0,0,11.0,22,11,11,3,0,2,3,2.18,.440
Henry H Owens,NYM,0,0,9.00,3,0,0,0,0,0,4.0,4,4,4,0,0,4,2,2.00,.286
David D Pauley,BOS,0,2,7.88,3,3,0,0,0,0,16.0,31,14,14,1,2,6,10,2.31,.419
Matt M Roney,OAK,0,1,4.50,3,0,0,0,0,0,4.0,5,2,2,0,0,1,0,1.50,.333
Mike M Adams,MIL,0,0,11.57,2,0,0,0,0,0,2.1,4,3,3,1,0,2,1,2.57,.364
Colter C Bean,NYY,0,0,9.00,2,0,0,0,0,0,2.0,2,2,2,0,1,2,1,2.00,.333
Blaine B Boyer,ATL,0,0,40.50,2,0,0,0,0,0,0.2,4,3,3,0,0,1,0,7.50,.667
Jason J Bulger,LAA,0,0,16.20,2,0,0,0,0,0,1.2,1,3,3,0,0,3,1,2.40,.167
Santiago S Casilla,OAK,0,0,11.57,2,0,0,0,0,0,2.1,2,3,3,0,0,2,2,1.71,.250
Mike M De Jean,COL,1,0,0.00,2,0,0,0,0,0,1.2,1,0,0,0,0,2,0,1.80,.167
Ryan R Drese,WSH,0,2,5.19,2,2,0,0,0,0,8.2,9,8,5,0,0,8,5,1.96,.290
Eric E Du Bose,BAL,0,0,9.64,2,0,0,0,0,0,4.2,10,5,5,2,0,3,2,2.79,.500
Seth S Etherton,KC,1,1,9.39,2,2,0,0,0,0,7.2,10,9,8,3,0,6,4,2.09,.313
Bartolome B Fortunato,NYM,1,0,27.00,2,0,0,0,0,0,3.0,7,9,9,2,1,2,0,3.00,.467
Eric E Gagne,LAD,0,0,0.00,2,0,0,0,1,1,2.0,0,0,0,0,1,1,3,0.50,.000
Justin J Germano,CIN,0,1,5.40,2,1,0,0,0,0,6.2,8,4,4,1,1,3,8,1.65,.296
Devern D Hansack,BOS,1,1,2.70,2,2,1,1,0,0,10.0,6,3,3,2,0,1,8,0.70,.171
Philip P Humber,NYM,0,0,0.00,2,0,0,0,0,0,2.0,0,0,0,0,0,1,2,0.50,.000
Ubaldo U Jiménez Jimenez,COL,0,0,3.52,2,1,0,0,0,0,7.2,5,4,3,1,0,3,3,1.04,.185
Shane S Komine,OAK,0,0,5.00,2,2,0,0,0,0,9.0,10,5,5,3,0,8,1,2.00,.270
Mike M Koplove,ARI,0,0,3.00,2,0,0,0,0,0,3.0,5,1,1,0,0,2,1,2.33,.417
Colby C Lewis,DET,0,0,3.00,2,0,0,0,0,0,3.0,8,1,1,1,0,1,5,3.00,.471
Dustin D Nippert,ARI,0,2,11.70,2,2,0,0,0,0,10.0,15,13,13,5,0,7,9,2.20,.349
Ryan R O' Malley,CHC,1,1,2.13,2,2,0,0,0,0,12.2,10,3,3,0,1,7,4,1.34,.213
Allan A Simpson,MIL,0,0,3.38,2,0,0,0,0,0,2.2,1,2,1,0,0,4,5,1.88,.111
Abe A Alvarez,BOS,0,0,12.00,1,0,0,0,0,0,3.0,5,4,4,2,0,2,2,2.33,.385
Jeff J Bajenaru,ARI,0,1,36.00,1,0,0,0,0,1,1.0,4,4,4,3,0,0,0,4.00,.571
Philip P Barzilla,HOU,0,0,0.00,1,0,0,0,0,0,0.1,1,0,0,0,0,0,0,3.00,.500
Jorge J Campillo,SEA,0,0,15.43,1,0,0,0,0,0,2.1,4,4,4,0,0,0,1,1.71,.364
Jesus J Colome,TB,0,0,27.00,1,0,0,0,0,0,0.1,0,1,1,0,0,1,0,3.00,.000
R. A. R Dickey,TEX,0,1,18.90,1,1,0,0,0,0,3.1,8,7,7,6,0,1,1,2.70,.471
Shawn S Estes,SD,0,1,4.50,1,1,0,0,0,0,6.0,5,3,3,0,1,3,4,1.33,.217
Jeff J Fulchino,FLA,0,0,0.00,1,0,0,0,0,0,0.1,0,0,0,0,0,1,0,3.00,.000
Mike M Gosling,CIN,0,0,13.50,1,0,0,0,0,0,1.1,1,2,2,1,1,1,1,1.50,.200
Jim J Johnson,BAL,0,1,24.00,1,1,0,0,0,0,3.0,9,8,8,1,1,3,0,4.00,.563
Anthony A Lerew,ATL,0,0,22.50,1,0,0,0,0,0,2.0,5,5,5,0,1,3,1,4.00,.455
Chris C Mabeus,MIL,0,0,21.60,1,0,0,0,0,0,1.2,4,4,4,1,0,3,2,4.20,.444
Pat P Misch,SF,0,0,0.00,1,0,0,0,0,0,1.0,2,0,0,0,0,0,1,2.00,.400
Juan J Morillo,COL,0,0,15.75,1,1,0,0,0,0,4.0,8,7,7,3,1,3,4,2.75,.421
Clint C Nageotte,SEA,0,0,27.00,1,0,0,0,0,0,1.0,2,3,3,1,0,2,1,4.00,.400
Mike M Smith,MIN,0,0,12.00,1,1,0,0,0,0,3.0,5,4,4,1,1,3,1,2.67,.357
Travis T Smith,ATL,0,1,4.15,1,1,0,0,0,0,4.1,5,4,2,0,0,1,1,1.38,.313
Tim T Stauffer,SD,1,0,1.50,1,1,0,0,0,0,6.0,3,2,1,0,0,1,2,0.67,.150
