PLAYER,TEAM,AB,R,H,2B,3B,HR,RBI,BB,SO,SB,CS,AVG,OBP,SLG,OPS
Manny M Machado,BAL,162,633,102,181,30,1,35,86,70,111,20,8,.286,.359,.502,.861
Kyle K Seager,SEA,161,623,85,166,37,0,26,74,54,98,6,6,.266,.328,.451,.779
Elvis E Andrus S,TEX,160,596,69,154,34,2,7,62,46,78,25,9,.258,.309,.357,.667
Chris C Davis,BAL,160,573,100,150,31,0,47,117,84,208,2,3,.262,.361,.562,.923
Evan E Longoria,TB,160,604,74,163,35,1,21,73,51,132,3,1,.270,.328,.435,.764
Anthony A Rizzo,CHC,160,586,94,163,38,3,31,101,78,105,17,6,.278,.387,.512,.898
Kole K Calhoun R,LAA,159,630,78,161,23,2,26,83,45,164,4,1,.256,.308,.422,.731
Yoenis Y Céspedes Cespedes C,NYM,159,633,101,184,42,6,35,105,33,141,7,5,.291,.328,.542,.870
Paul P Goldschmidt,ARI,159,567,103,182,38,2,33,110,118,151,21,5,.321,.435,.570,1.005
Kevin K Pillar C,TOR,159,586,76,163,31,2,12,56,28,85,25,4,.278,.314,.399,.713
Mike M Trout C,LAA,159,575,104,172,32,6,41,90,92,158,11,7,.299,.402,.590,.991
Melky M Cabrera L,CWS,158,629,70,172,36,2,12,77,40,88,3,0,.273,.314,.394,.708
Josh J Donaldson,TOR,158,620,122,184,41,2,41,123,73,133,6,0,.297,.371,.568,.939
Prince P Fielder D,TEX,158,613,78,187,28,0,23,98,64,88,0,0,.305,.378,.463,.841
Eric E Hosmer,KC,158,599,98,178,33,5,18,93,61,108,7,3,.297,.363,.459,.822
J. D. J Martinez R,DET,158,596,93,168,33,2,38,102,53,178,3,2,.282,.344,.535,.879
Joe J Mauer,MIN,158,592,69,157,34,2,10,66,67,112,2,1,.265,.338,.380,.718
Kendrys K Morales D,KC,158,569,81,165,41,2,22,106,58,103,0,0,.290,.362,.485,.847
Joey J Votto,CIN,158,545,95,171,33,2,29,80,143,135,11,3,.314,.459,.541,1.000
Nolan N Arenado,COL,157,616,97,177,43,4,42,130,34,110,2,5,.287,.323,.575,.898
Charlie C Blackmon,COL,157,614,93,176,31,9,17,58,46,112,43,13,.287,.347,.450,.797
Jay J Bruce R,CIN,157,580,72,131,35,4,26,87,58,145,9,5,.226,.294,.434,.729
Brian B Dozier,MIN,157,628,101,148,39,4,28,77,61,148,12,4,.236,.307,.444,.751
Todd T Frazier,CIN,157,619,82,158,43,1,35,89,44,137,13,8,.255,.309,.498,.806
Curtis C Granderson R,NYM,157,580,98,150,33,2,26,70,91,151,11,6,.259,.364,.457,.820
Andrew A Mc Cutchen C,PIT,157,566,91,165,36,3,23,96,98,133,11,5,.292,.401,.488,.889
A J Pollock C,ARI,157,609,111,192,39,6,20,76,53,89,39,7,.315,.367,.498,.865
Albert A Pujols,LAA,157,602,85,147,22,0,40,95,50,72,5,3,.244,.307,.480,.787
Erick E Aybar S,LAA,156,597,74,161,30,1,3,44,25,73,15,6,.270,.301,.338,.640
Xander X Bogaerts S,BOS,156,613,84,196,35,3,7,81,32,101,10,2,.320,.355,.421,.776
Robinson R Canó,SEA,156,624,82,179,34,1,21,79,43,107,2,6,.287,.334,.446,.779
Ian I Desmond S,WSH,156,583,69,136,27,2,19,62,45,187,13,5,.233,.290,.384,.674
Dexter D Fowler C,CHC,156,596,102,149,29,8,17,46,84,154,20,7,.250,.346,.411,.757
Adrian A González,LAD,156,571,76,157,33,0,28,90,62,107,0,1,.275,.350,.480,.830
Chase C Headley,NYY,156,580,74,150,29,1,11,62,51,135,0,2,.259,.324,.369,.693
Nick N Markakis R,ATL,156,612,73,181,38,1,3,53,70,83,2,1,.296,.370,.376,.746
Didi D Gregorius S,NYY,155,525,57,139,24,2,9,56,33,85,5,3,.265,.318,.370,.688
Gerardo G Parra R,BAL,155,547,83,159,36,5,14,51,28,92,14,4,.291,.328,.452,.780
Jhonny J Peralta S,STL,155,579,64,159,26,1,17,71,50,111,1,4,.275,.334,.411,.745
Marcus M Semien S,OAK,155,556,65,143,23,7,15,45,42,132,11,5,.257,.310,.405,.715
Jose J Abreu,CWS,154,613,88,178,34,3,30,101,39,140,0,0,.290,.347,.502,.850
Jose J Altuve,HOU,154,638,86,200,40,4,15,66,33,67,38,13,.313,.353,.459,.812
Matt M Carpenter,STL,154,574,101,156,44,3,28,84,81,151,4,3,.272,.365,.505,.871
Nick N Castellanos,DET,154,549,42,140,33,6,15,73,39,152,0,3,.255,.303,.419,.722
Jason J Heyward R,STL,154,547,79,160,33,4,13,60,56,90,23,3,.293,.359,.439,.797
Matt M Kemp R,SD,154,596,80,158,31,3,23,100,39,147,12,2,.265,.312,.443,.755
Ian I Kinsler,DET,154,624,94,185,35,7,11,73,43,80,10,6,.296,.342,.428,.770
Alexei A Ramirez S,CWS,154,583,54,145,33,0,10,62,31,68,17,7,.249,.285,.357,.642
Carlos C Santana,CLE,154,550,72,127,29,2,19,85,108,122,11,3,.231,.357,.395,.752
Jose J Bautista R,TOR,153,543,108,136,29,3,40,114,110,106,8,2,.250,.377,.536,.913
Adam A Eaton C,CWS,153,610,98,175,28,9,14,56,58,131,18,8,.287,.361,.431,.792
Logan L Forsythe,TB,153,540,69,152,33,2,17,68,55,111,9,4,.281,.359,.444,.804
Evan E Gattis D,HOU,153,566,66,139,20,11,27,88,30,119,0,1,.246,.285,.463,.748
Carlos C González Gonzalez R,COL,153,554,87,150,25,2,40,97,46,133,2,0,.271,.325,.540,.864
Bryce B Harper R,WSH,153,521,118,172,38,1,42,99,124,131,6,4,.330,.460,.649,1.109
Starling S Marte L,PIT,153,579,84,166,30,2,19,81,27,123,30,10,.287,.337,.444,.780
Gregory G Polanco R,PIT,153,593,83,152,35,6,9,52,55,121,27,10,.256,.320,.381,.701
Ichiro I Suzuki R,MIA,153,398,45,91,5,6,1,21,31,51,11,5,.229,.282,.279,.561
Nelson N Cruz R,SEA,152,590,90,178,22,1,44,93,59,164,3,2,.302,.369,.566,.936
Jace J Peterson,ATL,152,528,55,126,23,5,6,52,56,120,12,10,.239,.314,.335,.649
Trevor T Plouffe,MIN,152,573,74,140,35,4,22,86,50,124,2,1,.244,.307,.435,.742
Ben B Revere L,TOR,152,592,84,181,22,7,2,45,32,64,31,7,.306,.342,.377,.718
Yangervis Y Solarte,SD,152,526,63,142,33,4,14,63,34,56,1,0,.270,.320,.428,.748
Kris K Bryant,CHC,151,559,87,154,31,5,26,99,77,199,13,4,.275,.369,.488,.858
Billy B Butler D,OAK,151,538,63,135,28,1,15,65,52,101,0,0,.251,.323,.390,.713
Starlin S Castro,CHC,151,547,52,145,23,2,11,69,21,91,5,5,.265,.296,.375,.671
Freddy F Galvis S,PHI,151,559,63,147,14,5,7,50,30,103,10,1,.263,.302,.343,.646
Brett B Gardner L,NYY,151,571,94,148,26,3,16,66,68,135,20,5,.259,.343,.399,.742
Kevin K Kiermaier C,TB,151,505,62,133,25,12,10,40,24,95,18,5,.263,.298,.420,.718
Joc J Pederson C,LAD,151,480,67,101,19,1,26,54,92,170,4,7,.210,.346,.417,.763
Alex A Rodriguez D,NYY,151,523,83,131,22,1,33,86,84,145,4,0,.250,.356,.486,.842
Neil N Walker,PIT,151,543,69,146,32,3,16,71,44,110,4,1,.269,.328,.427,.756
Pedro P Álvarez,PIT,150,437,60,106,18,0,27,77,48,131,2,0,.243,.318,.469,.787
D J Le Mahieu,COL,150,564,85,170,21,5,6,61,50,107,23,3,.301,.358,.388,.746
Buster B Posey,SF,150,557,74,177,28,0,19,95,56,52,2,0,.318,.379,.470,.849
Justin J Upton L,SD,150,542,85,136,26,3,26,81,68,159,19,5,.251,.336,.454,.790
Kolten K Wong,STL,150,557,71,146,28,4,11,61,36,95,15,8,.262,.321,.386,.707
Shin- Soo S Choo R,TEX,149,555,94,153,32,3,22,82,76,147,4,2,.276,.375,.463,.838
Matt M Duffy,SF,149,573,77,169,28,6,12,77,30,96,12,0,.295,.334,.428,.762
Brett B Lawrie,OAK,149,562,64,146,29,3,16,60,28,144,5,2,.260,.299,.407,.706
Adam A Lind,MIL,149,502,72,139,32,0,20,87,66,100,0,0,.277,.360,.460,.820
David D Peralta L,ARI,149,462,61,144,26,10,17,78,44,107,9,4,.312,.371,.522,.893
Josh J Reddick R,OAK,149,526,67,143,25,4,20,77,49,65,10,2,.272,.333,.449,.781
Chris C Coghlan L,CHC,148,440,64,110,25,6,16,41,58,94,11,2,.250,.341,.443,.784
Alcides A Escobar S,KC,148,612,76,157,20,5,3,47,26,75,17,5,.257,.293,.320,.614
Avisail A García Garcia R,CWS,148,553,66,142,17,2,13,59,36,141,7,7,.257,.309,.365,.675
Brandon B Phillips,CIN,148,588,69,173,19,2,12,70,27,68,23,3,.294,.328,.395,.722
Odubel O Herrera C,PHI,147,495,64,147,30,3,8,41,28,129,16,8,.297,.344,.418,.762
Mike M Moustakas,KC,147,549,73,156,34,1,22,82,43,76,1,2,.284,.348,.470,.818
Derek D Norris,SD,147,515,65,129,33,2,14,62,35,131,4,1,.250,.305,.404,.709
Chris C Owings,ARI,147,515,59,117,27,5,4,43,26,144,16,4,.227,.264,.322,.587
Andrelton A Simmons S,ATL,147,535,60,142,23,2,4,44,39,48,5,3,.265,.321,.338,.660
Edwin E Encarnación Encarnacion D,TOR,146,528,94,146,31,0,39,111,77,98,3,2,.277,.372,.557,.929
Logan L Morrison,SEA,146,457,47,103,15,3,17,54,47,81,8,4,.225,.302,.383,.685
David D Ortiz,BOS,146,528,73,144,37,0,37,108,77,95,0,1,.273,.360,.553,.913
Mookie M Betts C,BOS,145,597,92,174,42,8,18,77,46,82,21,6,.291,.341,.479,.820
Brandon B Moss,STL,145,469,47,106,24,2,19,58,49,148,0,1,.226,.304,.407,.711
Dee D Strange- Gordon,MIA,145,615,88,205,24,8,4,46,25,91,58,20,.333,.359,.418,.776
Brad B Miller S,SEA,144,438,44,113,22,4,11,46,47,101,13,4,.258,.329,.402,.730
Jimmy J Rollins S,LAD,144,517,71,116,24,3,13,41,44,86,12,8,.224,.285,.358,.642
Adrian A Beltré,TEX,143,567,83,163,32,4,18,83,41,65,1,0,.287,.334,.453,.788
Asdrubal A Cabrera S,TB,143,505,66,134,28,5,15,58,36,107,6,3,.265,.315,.430,.744
Brandon B Crawford S,SF,143,507,65,130,33,4,21,84,39,119,6,4,.256,.321,.462,.782
Juan J Lagares C,NYM,143,441,47,114,16,5,6,41,16,87,7,3,.259,.289,.358,.647
Andre A Ethier R,LAD,142,395,54,116,20,7,14,53,43,75,2,3,.294,.366,.486,.852
Salvador S Perez,KC,142,531,52,138,25,0,21,70,13,82,1,0,.260,.280,.426,.706
Addison A Russell,CHC,142,475,60,115,29,1,13,54,42,149,4,3,.242,.307,.389,.696
Jean J Segura S,MIL,142,560,57,144,16,5,6,50,13,93,25,6,.257,.281,.336,.616
Mark M Trumbo R,SEA,142,508,62,133,23,3,22,64,36,132,0,0,.262,.310,.449,.759
Michael M Bourn L,ATL,141,425,39,101,15,2,0,30,46,107,17,7,.238,.310,.282,.592
Jason J Kipnis,CLE,141,565,86,171,43,7,9,52,57,107,12,8,.303,.372,.451,.823
Cameron C Maybin,ATL,141,505,65,135,18,2,10,59,45,102,23,6,.267,.327,.370,.697
Ryan R Braun,MIL,140,506,87,144,27,3,25,84,54,115,24,4,.285,.356,.498,.854
Lorenzo L Cain C,KC,140,551,101,169,34,6,16,72,37,98,28,6,.307,.361,.477,.838
Anthony A Gose C,DET,140,485,73,123,24,8,5,26,45,145,23,11,.254,.321,.367,.688
Mark M Reynolds,STL,140,382,35,88,21,2,13,48,44,121,2,3,.230,.315,.398,.713
Chris C Young R,NYY,140,318,53,80,20,1,14,42,30,73,3,1,.252,.320,.453,.773
Yunel Y Escobar,WSH,139,535,75,168,25,1,9,56,45,70,2,2,.314,.375,.415,.790
Torii T Hunter R,MIN,139,521,67,125,22,0,22,81,35,105,2,5,.240,.293,.409,.702
Sean S Rodríguez,PIT,139,224,25,55,12,1,4,17,5,63,2,2,.246,.281,.362,.642
Michael A. M Taylor C,WSH,138,472,49,108,15,2,14,63,35,158,16,3,.229,.282,.358,.640
Brandon B Belt,SF,137,492,73,138,33,5,18,68,56,147,9,3,.280,.356,.478,.834
Michael M Brantley L,CLE,137,529,68,164,45,0,15,84,60,51,15,1,.310,.379,.480,.859
Wilmer W Flores S,NYM,137,483,55,127,22,0,16,59,19,63,0,1,.263,.295,.408,.703
Adam A Jones C,BAL,137,546,74,147,25,3,27,82,24,102,3,1,.269,.308,.474,.782
Aramis A Ramirez,PIT,137,475,43,117,31,1,17,75,31,68,1,0,.246,.297,.423,.720
Colby C Rasmus L,HOU,137,432,67,103,23,2,25,61,47,154,2,1,.238,.314,.475,.789
Austin A Jackson R,CHC,136,491,56,131,25,3,9,48,29,126,17,10,.267,.311,.385,.696
Yadier Y Molina,STL,136,488,34,132,23,2,4,61,32,59,3,1,.270,.310,.350,.660
Seth S Smith L,SEA,136,395,54,98,31,5,12,42,47,99,0,0,.248,.330,.443,.773
Stephen S Vogt,OAK,136,445,58,116,21,3,18,71,56,97,0,2,.261,.341,.443,.783
Marlon M Byrd R,SF,135,506,58,125,25,5,23,73,29,145,2,1,.247,.290,.453,.743
Lucas L Duda,NYM,135,471,67,115,33,0,27,73,66,138,0,2,.244,.352,.486,.838
Brian B Mc Cann,NYY,135,465,68,108,15,1,26,94,52,97,0,0,.232,.320,.437,.756
Will W Venable L,TEX,135,349,40,85,13,3,6,33,37,94,16,1,.244,.320,.350,.669
Nick N Ahmed S,ARI,134,421,49,95,17,6,9,34,29,81,4,5,.226,.275,.359,.634
Carlos C Beltrán Beltran R,NYY,133,478,57,132,34,1,19,67,45,85,0,0,.276,.337,.471,.808
Jake J Marisnick C,HOU,133,339,46,80,15,4,9,36,18,105,24,9,.236,.281,.383,.665
Mike M Napoli,TEX,133,407,46,91,20,1,18,50,57,118,3,3,.224,.324,.410,.734
Angel A Pagán Pagan C,SF,133,512,55,134,21,3,3,37,32,93,12,4,.262,.303,.332,.635
Ender E Inciarte R,ARI,132,524,73,159,27,5,6,45,26,58,21,10,.303,.338,.408,.746
Mitch M Moreland,TEX,132,471,51,131,27,0,23,85,32,112,1,0,.278,.330,.482,.812
David D Murphy L,LAA,132,361,38,102,18,1,10,50,20,49,0,2,.283,.318,.421,.739
Justin J Smoak,TOR,132,296,44,67,16,1,18,59,29,86,0,0,.226,.299,.470,.768
Luis L Valbuena,HOU,132,434,62,97,18,0,25,56,50,106,1,0,.224,.310,.438,.748
Stephen S Drew,NYY,131,383,43,77,16,1,17,44,37,71,0,2,.201,.271,.381,.652
Skip S Schumaker,CIN,131,244,23,59,20,0,1,21,23,51,2,2,.242,.306,.336,.642
Kurt K Suzuki,MIN,131,433,36,104,17,0,5,50,29,59,0,0,.240,.296,.314,.610
Francisco F Cervelli,PIT,130,451,56,133,17,5,7,43,46,94,1,1,.295,.370,.401,.771
Adeiny A Hechavarria S,MIA,130,470,54,132,17,6,5,48,23,78,7,2,.281,.315,.374,.689
Daniel D Murphy,NYM,130,499,56,140,38,2,14,73,31,38,2,2,.281,.322,.449,.770
Cody C Asche L,PHI,129,425,41,104,22,3,12,39,26,111,1,2,.245,.294,.395,.689
Justin J Bour,MIA,129,409,42,107,20,0,23,73,34,101,0,0,.262,.321,.479,.800
Chris C Carter,HOU,129,391,50,78,17,0,24,64,57,151,1,2,.199,.307,.427,.734
Johnny J Giavotella,LAA,129,453,51,123,25,5,4,49,32,59,2,1,.272,.318,.375,.694
Brock B Holt,BOS,129,454,56,127,27,6,2,45,46,97,8,1,.280,.349,.379,.727
Ryan R Howard,PHI,129,467,53,107,29,1,23,77,27,138,0,0,.229,.277,.443,.720
Russell R Martin,TOR,129,441,76,106,23,2,23,77,53,106,4,5,.240,.329,.458,.787
Martin M Prado,MIA,129,500,52,144,22,2,9,63,37,68,1,0,.288,.338,.394,.732
Ryan R Goins,TOR,128,376,52,94,16,4,5,45,39,83,2,1,.250,.318,.354,.672
Brandon B Guyer L,TB,128,332,51,88,21,2,8,28,25,61,10,4,.265,.359,.413,.771
Jedd J Gyorko,SD,128,421,34,104,15,0,16,57,27,107,0,1,.247,.297,.397,.694
Wilson W Ramos,WSH,128,475,41,109,16,0,15,68,21,101,0,0,.229,.258,.358,.616
Troy T Tulowitzki S,TOR,128,486,77,136,27,0,17,70,38,114,1,0,.280,.337,.440,.777
Eduardo E Escobar S,MIN,127,409,48,107,31,4,12,58,28,86,2,3,.262,.309,.445,.754
Cesar C Hernández,PHI,127,405,57,110,20,4,1,35,40,86,19,5,.272,.339,.348,.687
Adam A La Roche D,CWS,127,429,41,89,21,0,12,44,49,133,0,0,.207,.293,.340,.634
Jung Ho J Kang,PIT,126,421,60,121,24,2,15,58,28,99,5,4,.287,.355,.461,.816
J. T. J Realmuto,MIA,126,441,49,114,21,7,10,47,19,70,8,4,.259,.290,.406,.696
Clint C Robinson,WSH,126,309,44,84,15,1,10,34,37,52,0,0,.272,.358,.424,.782
Pablo P Sandoval,BOS,126,470,43,115,25,1,10,47,25,73,0,0,.245,.292,.366,.658
Justin J Turner,LAD,126,385,55,113,26,1,16,60,36,71,5,2,.294,.370,.491,.861
Christian C Yelich L,MIA,126,476,63,143,30,2,7,44,47,101,16,5,.300,.366,.416,.782
Ben B Zobrist,KC,126,467,76,129,36,3,13,56,62,56,3,4,.276,.359,.450,.809
Billy B Burns C,OAK,125,520,70,153,18,9,5,42,26,81,26,8,.294,.334,.392,.726
Mark M Canha,OAK,124,441,61,112,22,3,16,70,33,96,7,2,.254,.315,.426,.742
Omar O Infante,KC,124,440,39,97,23,7,2,44,9,69,2,2,.220,.234,.318,.552
Marcell M Ozuna C,MIA,123,459,47,119,27,0,10,44,30,110,2,3,.259,.308,.383,.691
Eddie E Rosario L,MIN,122,453,60,121,18,15,13,50,15,118,11,6,.267,.289,.459,.748
Khris K Davis L,MIL,121,392,54,97,16,2,27,66,44,122,6,2,.247,.323,.505,.828
Delino D De Shields C,TEX,121,425,83,111,22,10,2,37,53,101,25,8,.261,.344,.374,.718
David D Freese,LAA,121,424,53,109,27,0,14,56,31,107,1,1,.257,.323,.420,.743
Sam S Fuld L,OAK,120,290,34,57,16,3,2,22,30,55,9,3,.197,.276,.293,.569
Marwin M Gonzalez,HOU,120,344,44,96,18,1,12,34,16,74,4,5,.279,.317,.442,.759
Jose J Iglesias S,DET,120,416,44,125,17,3,2,23,25,44,11,8,.300,.347,.370,.717
Victor V Martinez D,DET,120,440,39,108,20,0,11,64,31,52,0,0,.245,.301,.366,.667
Rougned R Odor,TEX,120,426,54,111,21,9,16,61,23,79,6,7,.261,.316,.465,.781
Yolmer Y Sánchez,CWS,120,389,40,87,23,1,5,31,19,81,2,2,.224,.268,.326,.595
Eric E Sogard,OAK,120,372,40,92,12,3,1,37,23,50,6,1,.247,.294,.304,.598
Miguel M Cabrera,DET,119,429,64,145,28,1,18,76,77,82,1,1,.338,.440,.534,.974
Juan J Uribe,NYM,119,360,40,91,17,0,14,43,34,80,2,0,.253,.320,.417,.737
Alexi A Amarista S,SD,118,324,28,66,10,4,3,30,24,55,5,1,.204,.257,.287,.544
Danny D Espinosa,WSH,118,367,59,88,21,1,13,37,33,106,5,2,.240,.311,.409,.719
Jeff J Francoeur R,PHI,118,326,34,84,16,1,13,45,13,77,0,2,.258,.286,.433,.718
Freddie F Freeman,ATL,118,416,62,115,27,0,18,66,56,98,3,1,.276,.370,.471,.841
Yasmany Y Tomás Tomas R,ARI,118,406,40,111,19,3,9,48,17,110,5,2,.273,.305,.401,.707
Peter P Bourjos C,STL,117,195,32,39,8,3,4,13,19,59,5,8,.200,.290,.333,.623
Michael M Cuddyer L,NYM,117,379,44,98,18,1,10,41,24,88,2,0,.259,.309,.391,.699
Howie H Kendrick,LAD,117,464,64,137,22,2,9,54,27,82,6,2,.295,.336,.409,.746
Aaron A Hill,ARI,116,313,32,72,18,0,6,39,31,54,7,2,.230,.295,.345,.640
Jordy J Mercer S,PIT,116,394,34,96,21,0,3,34,27,73,3,2,.244,.293,.320,.613
Ben B Paulsen,COL,116,325,42,90,19,4,11,49,23,92,1,2,.277,.326,.462,.787
Jose J Reyes S,COL,116,481,57,132,25,2,7,53,26,62,24,6,.274,.310,.378,.688
Ruben R Tejada S,NYM,116,360,36,94,23,0,3,28,38,70,2,1,.261,.338,.350,.688
Gregor G Blanco C,SF,115,327,59,95,19,3,5,26,40,59,13,5,.291,.368,.413,.781
Carlos C Gómez Gomez,HOU,115,435,61,111,29,1,12,56,31,101,17,9,.255,.314,.409,.724
Yasmani Y Grandal,LAD,115,355,43,83,12,0,16,47,65,92,0,1,.234,.353,.403,.756
Alejandro A De Aza L,SF,114,325,51,85,17,7,7,35,31,84,7,5,.262,.333,.422,.755
Scooter S Gennett,MIL,114,375,42,99,18,4,6,29,12,68,1,3,.264,.294,.381,.676
Billy B Hamilton C,CIN,114,412,56,93,8,3,4,28,28,75,57,8,.226,.274,.289,.563
J. J Hardy S,BAL,114,411,45,90,14,0,8,37,20,88,0,0,.219,.253,.311,.564
Josh J Harrison,PIT,114,418,57,120,29,1,4,28,19,71,10,8,.287,.327,.390,.717
James J Mc Cann,DET,114,401,32,106,18,5,7,41,16,90,0,1,.264,.297,.387,.683
C. J. C Cron,LAA,113,378,37,99,17,1,16,51,17,82,3,1,.262,.300,.439,.739
Miguel M Montero,CHC,113,347,36,86,11,0,15,53,49,103,1,1,.248,.345,.409,.754
A. J. A Pierzynski,ATL,113,407,38,122,24,1,9,49,19,37,0,2,.300,.339,.430,.769
Rajai R Davis C,DET,112,341,55,88,16,11,8,30,22,76,18,8,.258,.306,.440,.746
David D De Jesus,LAA,112,288,27,67,9,2,5,30,21,52,3,2,.233,.297,.330,.626
Tyler T Flowers,CWS,112,331,21,79,12,0,9,39,21,104,0,1,.239,.295,.356,.652
Hernan H Pérez,MIL,112,263,14,64,15,2,1,21,5,59,5,1,.243,.257,.327,.584
Mike M Zunino,SEA,112,350,28,61,11,0,11,28,21,132,0,1,.174,.230,.300,.530
Jacoby J Ellsbury C,NYY,111,452,66,116,15,2,7,33,35,86,21,9,.257,.318,.345,.663
Kelly K Johnson,NYM,111,310,38,82,11,0,14,47,23,81,2,1,.265,.314,.435,.750
Mark M Teixeira,NYY,111,392,57,100,22,0,31,79,59,85,2,0,.255,.357,.548,.906
Welington W Castillo,ARI,110,342,42,81,15,1,19,57,25,92,0,0,.237,.296,.453,.750
Rene R Rivera,TB,110,298,16,53,14,0,5,26,11,86,0,0,.178,.213,.275,.488
Steven S Souza Jr. R,TB,110,373,59,84,15,1,16,40,46,144,12,6,.225,.318,.399,.717
Casey C Mc Gehee,MIA,109,237,14,47,12,0,2,20,21,50,1,1,.198,.264,.274,.538
Andrew An Romine,DET,109,184,25,47,5,0,2,15,11,46,10,5,.255,.307,.315,.622
Dustin D Ackley,NYY,108,238,28,55,11,3,10,30,18,45,2,2,.231,.284,.429,.712
Brayan B Peña Pena,CIN,108,333,17,91,17,0,0,18,29,34,2,0,.273,.334,.324,.659
Cory C Spangenberg,SD,108,303,38,82,17,5,4,21,28,75,9,4,.271,.333,.399,.733
Jake J Lamb,ARI,107,350,38,92,15,5,6,34,36,97,3,2,.263,.331,.386,.716
Chase C Utley,LAD,107,373,37,79,21,2,8,39,32,64,4,0,.212,.286,.343,.629
Brandon B Barnes L,COL,106,255,30,64,13,2,2,17,21,67,4,2,.251,.314,.341,.656
Andres A Blanco,PHI,106,233,32,68,22,3,7,25,21,44,1,1,.292,.360,.502,.863
Lonnie L Chisenhall R,CLE,106,333,38,82,19,1,7,44,23,69,4,1,.246,.294,.372,.667
Alex A Guerrero,LAD,106,219,25,51,9,1,11,36,7,57,1,0,.233,.261,.434,.695
Darin D Ruf,PHI,106,268,30,63,12,0,12,39,21,69,1,0,.235,.300,.414,.714
Cliff C Pennington,TOR,105,210,24,44,6,0,3,21,27,49,3,0,.210,.298,.281,.578
Hanley H Ramirez L,BOS,105,401,59,100,12,1,19,53,21,71,6,3,.249,.291,.426,.717
Alex A Rios R,KC,105,385,40,98,22,2,4,32,15,67,9,0,.255,.287,.353,.640
Danny D Valencia,OAK,105,345,59,100,23,1,18,66,29,80,2,2,.290,.345,.519,.864
Jason J Castro,HOU,104,337,38,71,19,0,11,31,33,115,0,0,.211,.283,.365,.648
Alex A Gordon L,KC,104,354,40,96,18,0,13,48,49,92,2,5,.271,.377,.432,.809
James J Loney,TB,104,361,25,101,16,0,4,32,23,34,2,4,.280,.322,.357,.680
Jimmy J Paredes D,BAL,104,363,46,100,17,2,10,42,19,111,4,4,.275,.310,.416,.726
Yonder Y Alonso,SD,103,354,50,100,18,1,5,31,42,48,2,5,.282,.361,.381,.742
Chris C Denorfia L,CHC,103,212,18,57,11,1,3,18,15,56,0,1,.269,.319,.373,.691
Randal R Grichuk L,STL,103,323,49,89,23,7,17,47,22,110,4,2,.276,.329,.548,.877
Nick N Hundley,COL,103,366,45,110,21,5,10,43,21,76,5,6,.301,.339,.467,.806
Jonathan J Lucroy,MIL,103,371,51,98,20,3,7,43,36,64,1,0,.264,.326,.391,.717
George G Springer R,HOU,102,388,59,107,19,2,16,41,50,109,16,4,.276,.367,.459,.826
Chris C Colabello,TOR,101,333,55,107,19,1,15,54,22,96,2,0,.321,.367,.520,.886
Daniel D Descalso,COL,101,185,22,38,3,2,5,22,20,45,1,2,.205,.283,.324,.607
Taylor T Featherston,LAA,101,154,23,25,5,1,2,9,7,46,4,2,.162,.212,.247,.459
Jorge J Soler R,CHC,101,366,39,96,18,1,10,47,32,121,3,1,.262,.324,.399,.723
Gordon G Beckham,CWS,100,211,24,44,8,0,6,20,19,43,0,1,.209,.275,.332,.607
Caleb C Joseph,BAL,100,320,38,75,16,1,11,49,27,72,0,0,.234,.299,.394,.693
Justin J Maxwell R,SF,100,249,26,52,8,2,7,26,20,76,2,1,.209,.275,.341,.616
Joe J Panik,SF,100,382,59,119,27,2,8,37,38,42,3,2,.312,.378,.455,.833
Carlos C Correa S,HOU,99,387,52,108,22,1,22,68,40,78,14,4,.279,.345,.512,.856
Francisco F Lindor S,CLE,99,390,50,122,22,4,12,51,27,69,12,2,.313,.353,.482,.835
Mike M Aviles L,CLE,98,290,37,67,10,0,5,17,20,38,3,1,.231,.282,.317,.599
Clint C Barmes S,SD,98,207,24,48,14,1,3,16,10,55,0,1,.232,.281,.353,.633
Michael M Morse,PIT,98,229,14,53,7,1,5,19,23,76,0,0,.231,.313,.336,.649
Preston P Tucker L,HOU,98,300,35,73,19,0,13,33,20,68,0,2,.243,.297,.437,.734
Alberto A Callaspo,LAD,97,230,20,54,7,0,1,15,28,34,0,0,.235,.315,.278,.594
Aaron A Hicks C,MIN,97,352,48,90,11,3,11,33,34,66,13,3,.256,.323,.398,.721
Tyler T Moore,WSH,97,187,14,38,12,0,6,27,11,45,0,0,.203,.250,.364,.614
Jose J Ramírez Ramirez S,CLE,97,315,50,69,14,3,6,27,32,39,10,4,.219,.291,.340,.631
Grady G Sizemore L,TB,97,273,24,69,17,0,6,33,20,60,3,3,.253,.307,.381,.688
Eugenio E Suárez Suarez S,CIN,97,372,42,104,19,2,13,48,17,94,4,1,.280,.315,.446,.761
Scott S Van Slyke L,LAD,96,222,19,53,14,0,6,30,23,62,3,1,.239,.317,.383,.700
Jonny J Gomes,KC,95,225,29,48,9,0,7,26,31,81,1,1,.213,.313,.347,.660
Yan Y Gomes,CLE,95,363,38,84,22,0,12,45,13,104,0,0,.231,.267,.391,.658
Leonys L Martin C,TEX,95,288,26,63,12,0,5,25,16,69,14,5,.219,.264,.313,.576
Ryan R Zimmerman,WSH,95,346,43,86,25,1,16,73,33,79,1,0,.249,.308,.465,.773
Norichika N Aoki L,SF,93,355,42,102,12,3,5,26,30,25,14,5,.287,.353,.380,.733
Matt M Joyce L,LAA,93,247,17,43,12,1,5,21,30,67,0,3,.174,.272,.291,.564
Dustin D Pedroia,BOS,93,381,46,111,19,1,12,42,38,51,2,2,.291,.356,.441,.797
Shane S Peterson L,MIL,93,201,22,52,7,3,2,16,20,55,0,1,.259,.324,.353,.678
Chris C Iannetta,LAA,92,272,28,51,10,0,10,34,41,83,0,1,.188,.293,.335,.628
Steve S Pearce L,BAL,92,294,42,64,13,1,15,40,23,69,1,1,.218,.289,.422,.711
Ezequiel E Carrera L,TOR,91,172,27,47,8,0,3,26,11,45,2,1,.273,.321,.372,.693
Ryan R Flaherty,BAL,91,267,34,54,8,3,9,31,26,81,0,0,.202,.281,.356,.637
Danny D Santana S,MIN,91,261,30,56,10,5,0,21,6,68,8,4,.215,.241,.291,.532
Derek D Dietrich L,MIA,90,250,38,64,14,3,10,24,23,65,0,2,.256,.346,.456,.802
Jarrod J Dyson C,KC,90,200,31,50,8,6,2,18,14,37,26,3,.250,.311,.380,.690
Joey J Butler D,TB,88,257,30,71,12,0,8,30,16,82,5,2,.276,.326,.416,.742
Jayson J Werth L,WSH,88,331,51,73,16,1,12,42,38,84,0,1,.221,.302,.384,.685
Wilin W Rosario,COL,87,231,22,62,14,1,6,29,8,56,2,1,.268,.295,.416,.710
Travis T Snider,PIT,87,237,24,55,12,2,4,28,26,66,1,0,.232,.313,.350,.663
B. J. B Upton C,SD,87,205,23,53,12,4,5,17,21,62,9,3,.259,.327,.429,.757
Paulo P Orlando R,KC,86,241,31,60,14,6,7,27,5,53,3,3,.249,.269,.444,.713
Carlos C Pérez Perez,LAA,86,260,20,65,13,0,4,21,19,49,2,0,.250,.299,.346,.645
Jason J Rogers,MIL,86,152,22,45,6,2,4,16,15,34,0,0,.296,.367,.441,.808
Carlos C Ruiz,PHI,86,284,23,60,13,1,2,22,28,43,1,1,.211,.290,.285,.575
Jonathan J Schoop,BAL,86,305,34,85,17,0,15,39,9,79,2,0,.279,.306,.482,.788
Pedro P Ciriaco,ATL,84,142,14,37,8,1,1,15,2,38,4,2,.261,.275,.352,.627
David D Lough L,BAL,84,134,14,27,1,1,4,12,5,36,2,4,.201,.241,.313,.555
Blake B Swihart,BOS,84,288,47,79,17,1,5,31,18,77,4,2,.274,.319,.392,.712
Elian E Herrera,MIL,83,256,29,62,18,0,7,33,18,72,3,1,.242,.290,.395,.684
Chris C Johnson D,CLE,83,243,18,62,11,0,3,18,10,74,2,1,.255,.286,.337,.624
Will W Middlebrooks,SD,83,255,23,54,7,2,9,29,11,60,2,1,.212,.241,.361,.602
Shane S Robinson L,MIN,83,180,28,45,7,3,0,16,12,29,6,1,.250,.299,.322,.621
Abraham A Almonte C,CLE,82,232,36,58,12,5,5,24,21,52,7,1,.250,.310,.409,.719
Tim T Beckham,TB,82,203,24,45,7,4,9,37,13,69,3,1,.222,.274,.429,.702
Ryan R Raburn,CLE,82,173,22,52,16,1,8,29,23,44,0,0,.301,.393,.543,.936
Tucker T Barnhart,CIN,81,242,23,61,9,0,3,18,25,45,0,1,.252,.324,.326,.650
Cameron C Rupp,PHI,81,270,24,63,9,1,9,28,24,71,0,1,.233,.301,.374,.675
Gio G Urshela,CLE,81,267,25,60,8,1,6,21,18,58,0,1,.225,.279,.330,.608
Rusney R Castillo,BOS,80,273,35,69,10,2,5,29,13,54,4,5,.253,.288,.359,.647
Maikel M Franco,PHI,80,304,45,85,22,1,14,50,26,52,1,0,.280,.343,.497,.840
Anthony A Rendon,WSH,80,311,43,82,16,0,5,25,36,70,1,2,.264,.344,.363,.707
Miguel M Sanó Sano D,MIN,80,279,46,75,17,1,18,52,53,119,1,1,.269,.385,.530,.916
Jon J Jay C,STL,79,210,25,44,5,1,1,10,19,36,0,2,.210,.306,.257,.563
Martin M Maldonado,MIL,79,229,19,48,7,0,4,22,23,65,0,1,.210,.282,.293,.575
Yasiel Y Puig R,LAD,79,282,30,72,12,3,11,38,26,66,3,3,.255,.322,.436,.758
Jarrod J Saltalamacchia,ARI,79,200,26,45,15,0,9,24,23,69,0,0,.225,.310,.435,.745
J B Shuck,CWS,79,143,15,38,8,2,0,15,16,16,7,5,.266,.340,.350,.689
Robinson R Chirinos,TEX,78,233,33,54,16,1,10,34,28,62,0,0,.232,.325,.438,.762
Geovany G Soto,CWS,78,187,20,41,8,0,9,21,21,63,0,1,.219,.301,.406,.708
Drew D Stubbs C,TEX,78,123,20,24,4,2,5,10,14,60,5,1,.195,.283,.382,.665
Ivan I De Jesús Jesus L,CIN,76,201,15,49,10,2,4,28,19,55,0,2,.244,.311,.373,.684
Enrique K Hernández,LAD,76,202,24,62,12,2,7,22,11,46,0,2,.307,.346,.490,.836
Pete P Kozma S,STL,76,99,15,15,0,0,0,2,10,21,3,1,.152,.236,.152,.388
Jake J Smolinski L,OAK,76,166,24,32,7,2,6,26,19,39,1,1,.193,.281,.367,.649
Nick N Swisher L,ATL,76,219,14,43,9,0,6,25,35,54,0,0,.196,.312,.320,.631
Conor C Gillaspie,LAA,75,237,14,54,15,2,4,24,13,47,0,1,.228,.269,.359,.627
Kevin K Siegrist,STL,75,0,0,0,0,0,0,0,0,0,0,0,.000,.000,.000,.000
Matt M Wieters,BAL,75,258,24,69,14,1,8,25,21,67,0,0,.267,.319,.422,.742
Jackie J Bradley R,BOS,74,221,43,55,17,4,10,43,27,69,3,0,.249,.335,.498,.832
Jeurys J Familia,NYM,74,0,0,0,0,0,0,0,0,0,0,0,.000,.000,.000,.000
Seth S Maness,STL,74,3,0,0,0,0,0,0,0,2,0,0,.000,.000,.000,.000
Kirk K Nieuwenhuis,NYM,74,128,21,25,11,0,4,14,10,49,2,2,.195,.270,.375,.644
Giancarlo G Stanton R,MIA,74,279,47,74,12,1,27,67,34,95,4,2,.265,.346,.606,.952
Hank H Conger,HOU,73,201,25,46,11,0,11,33,23,63,0,1,.229,.311,.448,.759
Jonathan J Herrera,CHC,73,126,14,29,5,1,2,14,2,23,3,0,.230,.242,.333,.576
Matt M Holliday L,STL,73,229,24,64,16,1,4,35,39,49,2,1,.279,.394,.410,.804
Josh J Phegley,OAK,73,225,27,56,16,1,9,34,14,51,0,0,.249,.300,.449,.749
Kevin K Plawecki,NYM,73,233,18,51,9,0,3,21,17,60,0,0,.219,.280,.296,.576
Pedro P Strop,CHC,73,0,0,0,0,0,0,0,0,0,0,0,.000,.000,.000,.000
Ike I Davis,OAK,72,214,19,49,17,0,3,20,23,44,0,0,.229,.301,.350,.652
Mark M Melancon,PIT,72,0,0,0,0,0,0,0,0,0,0,0,.000,.000,.000,.000
Eduardo E Núñez Nunez S,MIN,72,188,23,53,14,1,4,20,12,29,8,4,.282,.327,.431,.758
David D Ross,CHC,72,159,6,28,9,0,1,9,20,61,1,0,.176,.267,.252,.518
Will W Smith,MIL,72,0,0,0,0,0,0,0,0,0,0,0,.000,.000,.000,.000
Tony T Watson,PIT,72,0,0,0,0,0,0,0,0,0,0,0,.000,.000,.000,.000
Rafael R Ynoa,COL,72,127,14,33,8,1,0,9,3,28,1,0,.260,.277,.339,.616
Eric E Campbell,NYM,71,173,28,34,8,0,3,19,26,37,5,3,.197,.312,.295,.607
Jared J Hughes,PIT,71,0,0,0,0,0,0,0,0,0,0,0,.000,.000,.000,.000
Javier J López Lopez,SF,71,0,0,0,0,0,0,0,0,0,0,0,.000,.000,.000,.000
Shane S Victorino L,LAA,71,178,19,41,4,2,1,7,16,32,7,0,.230,.308,.292,.601
John J Jaso D,TB,70,185,23,53,17,0,5,22,28,39,1,2,.286,.380,.459,.839
George G Kontos,SF,70,2,0,0,0,0,0,0,0,2,0,0,.000,.000,.000,.000
Roberto R Pérez Perez,CLE,70,184,30,42,9,1,7,21,33,64,0,0,.228,.348,.402,.751
Carl C Crawford L,LAD,69,181,19,48,9,2,4,16,10,41,10,2,.265,.304,.403,.707
Tony T Cruz,STL,69,142,6,29,7,1,2,11,6,32,0,0,.204,.235,.310,.545
Luis L García Garcia,PHI,69,0,0,0,0,0,0,0,0,0,0,0,.000,.000,.000,.000
Jed J Lowrie,HOU,69,230,35,51,14,0,9,30,28,43,1,0,.222,.312,.400,.712
A J Ramos,MIA,69,0,0,0,0,0,0,0,0,0,0,0,.000,.000,.000,.000
Hector H Rondón Rondon,CHC,69,0,0,0,0,0,0,0,0,0,0,0,.000,.000,.000,.000
Logan L Schafer C,MIL,69,122,17,27,6,1,1,6,12,29,1,0,.221,.299,.311,.611
Kyle K Schwarber L,CHC,69,232,52,57,6,1,16,43,36,77,3,3,.246,.355,.487,.842
Jason J Bourgeois C,CIN,68,196,28,47,5,2,3,14,14,33,3,1,.240,.294,.332,.626
Jeremy J Jeffress,MIL,68,0,0,0,0,0,0,0,0,0,0,0,.000,.000,.000,.000
Tyler T Saladino,CWS,68,236,33,53,6,4,4,20,12,51,8,2,.225,.267,.335,.602
Alex A Avila,DET,67,178,21,34,5,0,4,13,40,66,0,1,.191,.339,.287,.626
Arquimedes A Caminero,PIT,67,0,0,0,0,0,0,0,0,0,0,0,.000,.000,.000,.000
Mike M Dunn,MIA,67,1,0,1,0,0,0,0,0,0,0,0,1.000,1.000,1.000,2.000
Cole C Gillespie,MIA,67,145,17,42,10,2,2,16,10,27,4,1,.290,.333,.428,.761
John Ryan J Murphy,NYY,67,155,21,43,9,1,3,14,12,43,0,0,.277,.327,.406,.734
Sergio S Romo,SF,67,2,0,0,0,0,0,0,0,1,0,0,.000,.000,.000,.000
Dan D Uggla,WSH,67,120,12,22,4,2,2,16,19,40,0,1,.183,.298,.300,.598
Travis Td' Arnaudd' Arnaud,NYM,67,239,31,64,14,1,12,41,23,49,0,0,.268,.340,.485,.825
Luis L Avilán Avilan,LAD,66,1,0,0,0,0,0,0,0,0,0,0,.000,.000,.000,.000
Randy R Choate,STL,66,0,0,0,0,0,0,0,1,0,0,0,.000,1.000,.000,1.000
Hector H Gómez,MIL,66,127,15,23,11,2,1,7,3,40,0,0,.181,.212,.323,.535
Corey C Dickerson L,COL,65,224,30,68,18,2,10,31,10,56,0,1,.304,.333,.536,.869
Ken K Giles,PHI,65,0,0,0,0,0,0,0,0,0,0,0,.000,.000,.000,.000
Travis T Shaw,BOS,65,226,31,61,10,0,13,36,18,57,0,1,.270,.327,.487,.813
Santiago S Casilla,SF,64,0,0,0,0,0,0,0,0,0,0,0,.000,.000,.000,.000
Jim J Johnson,LAD,64,0,0,0,0,0,0,0,0,0,0,0,.000,.000,.000,.000
Bryan B Morris,MIA,64,0,0,0,0,0,0,0,0,0,0,0,.000,.000,.000,.000
Trevor T Rosenthal,STL,64,1,0,0,0,0,0,0,0,1,0,0,.000,.000,.000,.000
Brett B Wallace,SD,64,96,14,29,6,0,5,16,10,31,0,0,.302,.374,.521,.895
Burke B Badenhop,CIN,63,1,0,0,0,0,0,0,0,0,0,0,.000,.000,.000,.000
Domonic D Brown R,PHI,63,189,19,43,6,1,5,25,14,36,3,1,.228,.284,.349,.634
A. J. A Ellis,LAD,63,181,24,43,9,0,7,21,32,38,0,0,.238,.355,.403,.758
Christian C Friedrich,COL,63,3,0,0,0,0,0,0,0,0,0,0,.000,.000,.000,.000
Stephen S Piscotty L,STL,63,233,29,71,15,4,7,39,20,56,2,1,.305,.359,.494,.853
Brad B Ziegler,ARI,63,0,0,0,0,0,0,0,0,0,0,0,.000,.000,.000,.000
Joaquin J Benoit,SD,62,0,0,0,0,0,0,0,0,0,0,0,.000,.000,.000,.000
Jonathan J Broxton,STL,62,0,0,0,0,0,0,0,0,0,0,0,.000,.000,.000,.000
Aroldis A Chapman,CIN,62,1,1,0,0,0,0,0,0,0,0,0,.000,.000,.000,.000
J. P. J Howell,LAD,62,0,0,0,0,0,0,0,0,0,0,0,.000,.000,.000,.000
Devon D Travis,TOR,62,217,38,66,18,0,8,35,18,43,3,1,.304,.361,.498,.859
Antonio A Bastardo,PIT,61,2,0,0,0,0,0,0,0,2,0,0,.000,.000,.000,.000
Andrew A Chafin,ARI,61,3,0,0,0,0,0,0,0,1,0,0,.000,.000,.000,.000
Randall R Delgado,ARI,61,1,0,0,0,0,0,0,0,1,0,0,.000,.000,.000,.000
Jeanmar J Gómez Gomez,PHI,61,1,0,0,0,0,0,0,0,1,0,0,.000,.000,.000,.000
J. J Hoover,CIN,61,0,0,0,0,0,0,0,0,0,0,0,.000,.000,.000,.000
Daniel D Hudson,ARI,61,1,0,0,0,0,0,0,0,1,0,0,.000,.000,.000,.000
Scott S Oberg,COL,61,0,0,0,0,0,0,0,0,0,0,0,.000,.000,.000,.000
Nolan N Reimold L,BAL,61,170,24,42,5,1,6,20,23,47,0,0,.247,.344,.394,.738
Denard D Span C,WSH,61,246,38,74,17,0,5,22,25,26,11,0,.301,.365,.431,.796
Matt M Adams,STL,60,175,14,42,9,0,5,24,10,41,1,0,.240,.280,.377,.657
Tyler T Collins L,DET,60,192,18,51,11,3,4,25,13,43,2,1,.266,.316,.417,.732
Wil W Myers C,SD,60,225,40,57,13,1,8,29,27,55,5,2,.253,.336,.427,.763
Daniel D Nava R,TB,60,139,13,27,4,0,1,10,20,36,1,0,.194,.315,.245,.560
Miguel M Rojas S,MIA,60,142,13,40,7,1,1,17,11,16,0,1,.282,.329,.366,.695
Franklin F Gutierrez L,SEA,59,171,27,50,11,0,15,35,14,54,0,0,.292,.354,.620,.974
John J Mayberry,NYM,59,110,8,18,6,1,3,9,9,33,1,0,.164,.227,.318,.545
Steve S Cishek,STL,58,0,0,0,0,0,0,0,0,0,0,0,.000,.000,.000,.000
Jumbo J Diaz,CIN,58,0,0,0,0,0,0,0,0,0,0,0,.000,.000,.000,.000
Adonis A García,ATL,58,191,20,53,12,0,10,26,5,35,0,0,.277,.293,.497,.790
Michael M Mc Kenry,COL,58,127,20,26,7,3,4,17,22,41,2,2,.205,.329,.402,.730
Jonathan J Papelbon,WSH,58,0,0,0,0,0,0,0,0,0,0,0,.000,.000,.000,.000
Francisco F Rodríguez Rodriguez,MIL,58,0,0,0,0,0,0,0,0,0,0,0,.000,.000,.000,.000
Chris C Stewart,PIT,58,159,9,46,8,0,0,15,6,29,0,0,.289,.320,.340,.659
Kennys K Vargas D,MIN,58,175,18,42,4,0,5,17,9,54,0,0,.240,.277,.349,.626
John J Axford,COL,57,0,0,0,0,0,0,0,0,0,0,0,.000,.000,.000,.000
Justin J De Fratus,PHI,57,3,0,1,0,0,0,0,0,1,0,0,.333,.333,.333,.667
Justin J Grimm,CHC,57,1,0,0,0,0,0,0,0,1,0,0,.000,.000,.000,.000
Garrett G Jones R,NYY,57,144,12,31,4,1,5,17,8,37,0,0,.215,.257,.361,.618
Boone B Logan,COL,57,0,0,0,0,0,0,0,0,0,0,0,.000,.000,.000,.000
Ketel K Marte S,SEA,57,219,25,62,14,3,2,17,24,43,8,4,.283,.351,.402,.753
Justin J Ruggiano L,LAD,57,125,20,31,8,1,6,15,14,41,5,2,.248,.333,.472,.805
Blake B Treinen,WSH,57,2,0,0,0,0,0,0,0,1,0,0,.000,.000,.000,.000
Travis T Wood,CHC,57,30,0,3,0,0,0,2,2,16,0,0,.100,.156,.100,.256
Michael M Conforto L,NYM,56,174,30,47,14,0,9,26,17,39,0,1,.270,.335,.506,.841
Austin A Hedges,SD,56,137,13,23,2,0,3,11,8,38,0,0,.168,.215,.248,.463
Kevin K Quackenbush,SD,56,0,0,0,0,0,0,0,0,0,0,0,.000,.000,.000,.000
Matt M Thornton,WSH,56,0,0,0,0,0,0,0,0,0,0,0,.000,.000,.000,.000
Carlos C Torres,NYM,56,1,1,1,0,0,0,0,0,0,0,0,1.000,1.000,1.000,2.000
Bobby B Wilson,TEX,56,132,8,25,5,0,1,14,11,39,0,1,.189,.255,.250,.505
Drew D Butera,KC,55,107,9,21,3,0,1,5,6,26,0,1,.196,.252,.252,.504
Collin C Cowgill L,LAA,55,69,10,13,2,1,1,2,4,19,2,1,.188,.233,.290,.523
Yimi Y García Garcia,LAD,55,0,0,0,0,0,0,0,0,0,0,0,.000,.000,.000,.000
Jason J Motte,CHC,55,0,0,0,0,0,0,0,0,0,0,0,.000,.000,.000,.000
Hansel H Robles,NYM,55,0,0,0,0,0,0,0,0,0,0,0,.000,.000,.000,.000
Donovan D Solano,MIA,55,90,6,17,3,1,0,7,1,18,0,0,.189,.215,.244,.460
Matthew Mden Dekkerden Dekker L,WSH,55,99,12,25,6,1,5,12,9,20,0,1,.253,.315,.485,.800
Ryan R Hanigan,BOS,54,174,28,43,8,0,2,16,20,39,0,0,.247,.337,.328,.664
Craig C Kimbrel,SD,54,1,0,0,0,0,0,0,0,1,0,0,.000,.000,.000,.000
Ryan R Mattheus,CIN,54,0,0,0,0,0,0,0,0,0,0,0,.000,.000,.000,.000
Dioner D Navarro,TOR,54,171,17,42,7,0,5,20,17,29,0,0,.246,.307,.374,.682
Efren E Navarro,LAA,54,83,9,21,4,0,0,5,5,16,0,2,.253,.295,.301,.597
Kelby K Tomlinson,SF,54,178,23,54,6,3,2,20,14,40,5,4,.303,.358,.404,.762
Zack Z Cozart S,CIN,53,194,28,50,10,1,9,28,14,29,3,3,.258,.310,.459,.769
Adam A Rosales,TEX,53,114,14,26,4,0,3,7,10,30,4,4,.228,.296,.342,.638
Drew D Storen,WSH,53,0,0,0,0,0,0,0,0,0,0,0,.000,.000,.000,.000
Jonathan J Villar S,HOU,53,116,18,33,7,1,2,11,10,29,7,2,.284,.339,.414,.752
Eric E Young Jr.,NYM,53,85,16,13,4,2,0,5,6,18,6,2,.153,.217,.247,.464
Ehire E Adrianza,SF,52,113,11,21,7,1,0,11,15,20,3,2,.186,.303,.265,.568
Juan J Nicasio,LAD,52,1,0,0,0,0,0,0,0,0,0,0,.000,.000,.000,.000
Hunter H Pence R,SF,52,207,30,57,13,1,9,40,16,48,4,1,.275,.327,.478,.806
Tommy T Pham C,STL,52,153,28,41,7,5,5,18,19,41,2,0,.268,.347,.477,.824
Addison A Reed,NYM,52,2,0,0,0,0,0,0,0,0,0,0,.000,.000,.000,.000
Domingo D Santana C,MIL,52,160,20,38,7,0,8,26,20,63,4,1,.238,.337,.431,.768
Hunter H Strickland,SF,52,1,0,0,0,0,0,0,0,1,0,0,.000,.000,.000,.000
Andrew A Susac,SF,52,133,14,29,7,2,3,14,14,43,0,0,.218,.297,.368,.666
Delmon D Young R,BAL,52,174,20,47,6,0,2,16,4,29,0,0,.270,.289,.339,.628
Brennan B Boesch,CIN,51,89,4,13,2,0,1,5,4,30,1,0,.146,.191,.202,.394
Jake J Elmore,TB,51,141,10,29,5,0,2,16,12,25,1,1,.206,.263,.284,.546
Kenley K Jansen,LAD,51,0,0,0,0,0,0,0,0,0,0,0,.000,.000,.000,.000
Neal N Cotts,MIN,50,0,0,0,0,0,0,0,0,0,0,0,.000,.000,.000,.000
Josh J Hamilton L,TEX,50,170,22,43,8,0,8,25,10,52,0,0,.253,.291,.441,.732
Shawn S Kelley,SD,50,0,0,0,0,0,0,0,0,0,0,0,.000,.000,.000,.000
Jerry J Sands R,CLE,50,123,11,29,5,1,4,19,9,36,0,0,.236,.286,.390,.676
Jesus J Sucre,SEA,50,127,9,20,6,0,1,7,6,21,0,0,.157,.195,.228,.424
Greg G Garcia,STL,49,75,7,18,5,0,2,4,10,12,0,0,.240,.337,.387,.724
Justin J Morneau,COL,49,168,19,52,10,3,3,15,13,25,0,0,.310,.363,.458,.821
Pedro P Báez Baez,LAD,48,0,0,0,0,0,0,0,0,0,0,0,.000,.000,.000,.000
Christian C Bethancourt,ATL,48,155,16,31,8,0,2,12,5,33,1,1,.200,.225,.290,.515
Sean S Gilmartin,NYM,48,6,1,2,0,0,0,0,0,3,0,0,.333,.333,.333,.667
Jeremy J Affeldt,SF,47,2,0,0,0,0,0,0,0,2,0,0,.000,.000,.000,.000
Emilio E Bonifácio Bonifacio,CWS,47,78,5,13,2,0,0,4,2,27,1,4,.167,.198,.192,.390
Brandon B Maurer,SD,47,0,0,0,0,0,0,0,0,0,0,0,.000,.000,.000,.000
Eury E Pérez Perez L,ATL,47,119,10,32,4,0,0,5,7,23,3,1,.269,.331,.303,.633
Brendan B Ryan,NYY,47,96,10,22,6,2,0,8,5,29,0,0,.229,.275,.333,.608
Matt M Szczur L,CHC,47,72,5,16,5,0,1,8,6,15,2,0,.222,.278,.333,.612
Greg G Bird,NYY,46,157,26,41,9,0,11,31,19,53,0,0,.261,.343,.529,.871
Byron B Buxton C,MIN,46,129,16,27,7,1,2,6,6,44,2,2,.209,.250,.326,.576
Kyle K Parker L,COL,46,106,10,19,3,1,3,11,6,37,1,0,.179,.223,.311,.534
Oliver O Pérez Perez,HOU,46,0,0,0,0,0,0,0,0,0,0,0,.000,.000,.000,.000
James J Russell,CHC,46,1,0,0,0,0,0,0,0,1,0,0,.000,.000,.000,.000
Felipe F Vázquez Vazquez,WSH,46,0,0,0,0,0,0,0,0,0,0,0,.000,.000,.000,.000
Chris C Hatcher,LAD,45,1,0,0,0,0,0,0,0,0,0,0,.000,.000,.000,.000
Chris C Herrmann,MIN,45,103,13,15,5,1,2,10,7,37,0,0,.146,.214,.272,.486
Edwin E Jackson,ATL,45,1,0,0,0,0,0,0,0,0,0,0,.000,.000,.000,.000
Casey C Janssen,WSH,45,0,0,0,0,0,0,0,0,0,0,0,.000,.000,.000,.000
Max M Muncy,OAK,45,102,14,21,8,1,3,9,9,31,0,0,.206,.268,.392,.660
Rafael R Betancourt,COL,44,0,0,0,0,0,0,0,0,0,0,0,.000,.000,.000,.000
Coco C Crisp L,OAK,44,126,11,22,6,0,0,6,13,25,2,0,.175,.252,.222,.474
Nick N Franklin,TB,44,101,11,16,4,1,3,7,7,37,1,0,.158,.213,.307,.520
Phil P Gosselin,ARI,44,106,19,33,9,1,3,15,9,16,2,1,.311,.373,.500,.873
Travis T Ishikawa,PIT,44,63,6,13,3,0,1,8,9,20,0,0,.206,.306,.302,.607
Corey C Knebel,MIL,44,0,0,0,0,0,0,0,0,0,0,0,.000,.000,.000,.000
Jose J Lobatón Lobaton,WSH,44,136,11,27,4,0,3,20,15,40,0,0,.199,.279,.294,.573
Trayce T Thompson R,CWS,44,122,17,36,8,3,5,16,13,26,1,0,.295,.363,.533,.896
Christian C Colón Colon S,KC,43,107,8,31,5,0,0,6,11,17,3,2,.290,.356,.336,.692
Sam S Dyson,TEX,43,0,0,0,0,0,0,0,0,0,0,0,.000,.000,.000,.000
Kristopher K Negrón Negron S,CIN,43,93,5,13,2,0,0,2,9,23,2,0,.140,.238,.161,.399
Michael M Blazek,MIL,42,4,0,1,1,0,0,1,0,2,0,0,.250,.250,.500,.750
Hanser H Alberto,TEX,41,99,12,22,2,1,0,4,2,17,1,0,.222,.238,.263,.500
Jeff J Baker,MIA,41,72,11,15,3,0,3,8,8,25,0,0,.208,.288,.375,.662
Josh J Collmenter,ARI,41,27,2,5,0,0,0,1,3,9,0,0,.185,.267,.185,.452
Sandy S Leon,BOS,41,114,8,21,2,0,0,3,7,28,0,1,.184,.238,.202,.440
Mikie M Mahtook L,TB,41,105,22,31,5,1,9,19,6,31,4,3,.295,.351,.619,.970
Joaquin J Arias,SF,40,58,5,12,1,0,1,4,0,12,1,0,.207,.207,.276,.483
Jake J Diekman,TEX,40,0,0,0,0,0,0,0,0,0,0,0,.000,.000,.000,.000
Manny M Parra,CIN,40,0,0,0,0,0,0,0,0,0,0,0,.000,.000,.000,.000
Yusmeiro Y Petit,SF,40,9,1,0,0,0,0,0,0,3,0,0,.000,.000,.000,.000
Aaron A Altherr L,PHI,39,137,25,33,11,4,5,22,16,41,6,2,.241,.338,.489,.827
Darrell D Ceciliani,NYM,39,68,5,14,2,0,1,3,4,25,5,1,.206,.270,.279,.550
Todd T Cunningham L,ATL,39,86,13,19,4,0,0,4,5,17,2,1,.221,.280,.267,.547
Josh J Rutledge,BOS,39,74,11,21,1,0,1,10,5,26,0,0,.284,.333,.338,.671
Curt C Casali,TB,38,101,13,24,6,0,10,18,8,34,0,0,.238,.304,.594,.898
Brandon B Cunniff,ATL,38,0,0,0,0,0,0,0,0,0,0,0,.000,.000,.000,.000
Tuffy T Gosewisch,ARI,38,128,9,27,6,0,1,13,8,23,2,1,.211,.261,.281,.542
Adam A Liberatore,LAD,38,2,0,0,0,0,0,0,0,2,0,0,.000,.000,.000,.000
Kyle K Lohse,MIL,38,39,3,9,1,0,0,1,0,10,0,0,.231,.231,.256,.487
Jesus J Montero,SEA,38,112,11,25,6,0,5,19,4,32,0,0,.223,.250,.411,.661
David D Wright,NYM,38,152,24,44,7,0,5,17,22,36,2,1,.289,.379,.434,.814
Aaron A Barrett,WSH,37,0,0,0,0,0,0,0,0,0,0,0,.000,.000,.000,.000
Andrew A Cashner,SD,37,60,2,5,0,0,0,1,1,24,0,0,.083,.098,.083,.182
Frank F Garces,SD,37,0,0,0,0,0,0,0,0,0,0,0,.000,.000,.000,.000
David D Hernandez,ARI,37,0,0,0,0,0,0,0,0,0,0,0,.000,.000,.000,.000
Ryan R Lavarnway,ATL,37,94,6,18,6,0,2,6,12,28,0,0,.191,.283,.319,.602
Jose J Pirela,NYY,37,74,7,17,3,0,1,5,2,16,1,0,.230,.247,.311,.558
Tanner T Roark,WSH,37,27,1,5,2,0,0,0,0,9,0,0,.185,.185,.259,.444
Daniel D Robertson L,LAA,37,75,10,21,2,0,0,7,2,7,0,0,.280,.299,.307,.605
Darnell D Sweeney,PHI,37,85,9,15,4,1,3,11,13,27,0,2,.176,.286,.353,.639
Chris C Taylor S,SEA,37,94,9,16,3,1,0,1,6,31,3,2,.170,.220,.223,.443
Alex A Torres,NYM,37,1,0,0,0,0,0,0,0,0,0,0,.000,.000,.000,.000
Rickie R Weeks Jr.,SEA,37,84,7,14,1,0,2,9,9,25,0,0,.167,.263,.250,.513
Elvis E Araujo,PHI,36,1,0,0,0,0,0,0,0,1,0,0,.000,.000,.000,.000
Allen A Craig,BOS,36,79,6,12,1,0,1,3,7,26,0,0,.152,.239,.203,.441
Joey J Gallo L,TEX,36,108,16,22,3,1,6,14,15,57,3,0,.204,.301,.417,.718
Chris C Gimenez,TEX,36,98,19,25,6,1,5,14,10,19,2,0,.255,.330,.490,.820
Micah M Johnson,CWS,36,100,10,23,4,0,0,4,9,30,3,2,.230,.306,.270,.576
Jean J Machi,BOS,36,3,0,0,0,0,0,0,0,2,0,0,.000,.000,.000,.000
Luis L Sardinas,MIL,36,97,8,19,0,1,0,4,6,25,0,0,.196,.240,.216,.457
Dale D Thayer,SD,36,0,0,0,0,0,0,0,0,0,0,0,.000,.000,.000,.000
Willie W Bloomquist,SEA,35,69,2,11,1,0,0,4,2,13,1,1,.159,.194,.174,.368
Brooks B Brown,COL,35,0,0,0,0,0,0,0,0,0,0,0,.000,.000,.000,.000
Gonzalez G Germen,COL,35,1,0,0,0,0,0,0,0,1,0,0,.000,.000,.000,.000
Brad B Hand,MIA,35,17,1,2,0,0,0,2,0,5,0,0,.118,.118,.118,.235
Corey C Hart,PIT,35,54,3,12,1,0,2,9,1,19,0,0,.222,.246,.352,.598
Mike M Baxter,CHC,34,57,6,14,1,0,0,2,7,14,0,0,.246,.348,.263,.612
Madison M Bumgarner,SF,34,77,9,19,2,0,5,9,3,27,0,0,.247,.275,.468,.742
Kaleb K Cowart,LAA,34,46,8,8,2,0,1,4,5,19,1,1,.174,.255,.283,.538
Travis T Jankowski C,SD,34,90,9,19,2,2,2,12,4,24,2,1,.211,.245,.344,.589
Tommy T Kahnle,COL,34,0,0,0,0,0,0,0,0,0,0,0,.000,.000,.000,.000
Mike M Leake,SF,34,69,4,8,3,0,2,8,0,36,0,0,.116,.116,.246,.362
Josh J Osich,SF,34,1,0,0,0,0,0,0,0,1,0,0,.000,.000,.000,.000
Carlos C Peguero L,BOS,34,75,11,14,4,0,4,9,13,37,2,0,.187,.311,.400,.711
Dalton D Pompey C,TOR,34,94,17,21,8,0,2,6,7,23,5,1,.223,.291,.372,.664
James J Shields,SD,34,68,7,9,2,0,0,2,1,28,0,0,.132,.145,.162,.307
Arodys A Vizcaíno Vizcaino,ATL,34,0,0,0,0,0,0,0,0,0,0,0,.000,.000,.000,.000
Daniel D Castro,ATL,33,96,14,23,2,1,2,5,3,15,0,0,.240,.263,.344,.606
Tony T Cingrani,CIN,33,2,1,0,0,0,0,1,0,1,0,0,.000,.000,.000,.000
Carlos C Corporán Corporan,TEX,33,107,10,19,4,0,3,15,6,40,0,0,.178,.244,.299,.543
Erik E Goeddel,NYM,33,1,0,0,0,0,0,0,0,0,0,0,.000,.000,.000,.000
Jason J Grilli,ATL,33,0,0,0,0,0,0,0,0,0,0,0,.000,.000,.000,.000
Chris C Heisey R,LAD,33,55,8,10,2,0,2,9,15,17,0,1,.182,.347,.327,.674
Tommy T La Stella,CHC,33,67,4,18,6,0,1,11,5,7,2,0,.269,.324,.403,.727
Jefry J Marte,DET,33,80,9,17,4,0,4,11,8,22,0,0,.213,.284,.413,.697
Joel J Peralta,LAD,33,1,0,0,0,0,0,0,0,1,0,0,.000,.000,.000,.000
Joakim J Soria,PIT,33,0,0,0,0,0,0,0,0,0,0,0,.000,.000,.000,.000
Matt M Belisle,STL,32,0,0,0,0,0,0,0,0,0,0,0,.000,.000,.000,.000
Jeff J Mathis,MIA,32,93,9,15,4,1,2,12,7,24,0,0,.161,.214,.290,.504
Shelby S Miller,ATL,32,56,1,3,2,0,0,0,4,29,0,0,.054,.117,.089,.206
Chris C Parmelee,BAL,32,97,11,21,7,1,4,9,4,26,0,1,.216,.255,.433,.688
Anthony A Recker,NYM,32,80,6,10,1,0,2,5,11,35,1,0,.125,.239,.213,.452
Tyson T Ross,SD,32,56,6,14,1,1,1,6,2,19,0,0,.250,.283,.357,.640
Zac Z Rosscup,CHC,32,0,0,0,0,0,0,0,0,0,0,0,.000,.000,.000,.000
Max M Scherzer,WSH,32,69,4,15,0,0,0,0,2,23,0,0,.217,.239,.217,.457
Carlos C Villanueva,STL,32,8,0,0,0,0,0,0,0,5,0,0,.000,.000,.000,.000
Bartolo B Colon,NYM,31,58,2,8,1,0,0,4,0,24,0,0,.138,.150,.155,.305
Rubby R De La Rosa,ARI,31,64,3,6,0,0,0,2,0,25,0,0,.094,.094,.094,.188
Odrisamer O Despaigne,SD,31,30,0,2,1,0,0,0,1,11,0,0,.067,.097,.100,.197
Jason J Hammel,CHC,31,65,6,11,1,0,0,4,1,18,0,0,.169,.179,.185,.364
Dilson D Herrera,NYM,31,90,7,19,3,1,3,6,11,23,2,0,.211,.311,.367,.677
Clayton C Kershaw,LAD,31,71,2,9,2,0,0,2,2,23,0,0,.127,.162,.155,.317
John J Lackey,STL,31,62,0,7,2,0,0,3,4,24,0,0,.113,.167,.145,.312
Carlos C Martínez Martinez,STL,31,56,2,8,2,0,0,0,1,23,0,0,.143,.172,.179,.351
Justin J Miller,COL,31,2,0,0,0,0,0,0,0,2,0,0,.000,.000,.000,.000
Jonathon J Niese,NYM,31,52,5,9,1,0,0,4,5,18,0,0,.173,.246,.192,.438
Marc M Rzepczynski,SD,31,0,0,0,0,0,0,0,0,0,0,0,.000,.000,.000,.000
Richie R Shaffer,TB,31,74,11,14,3,0,4,6,10,32,0,1,.189,.307,.392,.699
Ryan R Strausborger,TEX,31,45,9,9,0,0,1,3,3,11,2,1,.200,.240,.267,.507
Jordan J Zimmermann,WSH,31,63,4,10,1,0,0,3,0,18,0,0,.159,.159,.175,.333
David D Aardsma,ATL,30,1,0,0,0,0,0,0,0,1,0,0,.000,.000,.000,.000
Jake J Arrieta,CHC,30,79,5,12,1,1,2,2,1,45,0,0,.152,.163,.266,.428
Enrique E Burgos,ARI,30,0,0,0,0,0,0,0,0,0,0,0,.000,.000,.000,.000
Steve S Clevenger D,BAL,30,101,11,29,4,2,2,15,4,13,0,0,.287,.314,.426,.740
Tyler T Clippard,NYM,30,1,0,0,0,0,0,0,0,0,0,0,.000,.000,.000,.000
Gerrit G Cole,PIT,30,60,5,9,0,0,0,2,2,28,0,0,.150,.177,.150,.327
Anthony A De Sclafani,CIN,30,58,1,9,1,0,0,3,3,33,0,0,.155,.194,.172,.366
Zack Z Greinke,LAD,30,67,8,15,2,0,2,3,1,14,1,0,.224,.232,.343,.575
Dan D Haren,CHC,30,49,4,6,1,0,0,5,5,16,0,0,.122,.200,.143,.343
Kyle K Hendricks,CHC,30,60,2,3,1,0,0,1,1,24,0,0,.050,.066,.067,.132
Tom T Koehler,MIA,30,50,2,6,1,0,0,1,2,28,0,0,.120,.154,.140,.294
Jon J Lester,CHC,30,62,6,4,0,0,0,0,3,30,0,0,.065,.108,.065,.172
Michael M Lorenzen,CIN,30,36,4,9,0,1,0,4,0,13,0,0,.250,.270,.306,.576
Matt M Marksberry,ATL,30,0,0,0,0,0,0,0,0,0,0,0,.000,.000,.000,.000
Hector H Neris,PHI,30,1,0,0,0,0,0,0,0,1,0,0,.000,.000,.000,.000
Mike M Olt,CWS,30,94,7,18,0,0,4,5,7,35,0,1,.191,.255,.319,.574
Julio J Teheran,ATL,30,52,0,5,0,0,0,2,2,9,0,0,.096,.130,.096,.226
Ryan R Vogelsong,SF,30,36,3,5,1,0,1,2,1,13,0,0,.139,.162,.250,.412
Jerome J Williams,PHI,30,31,0,2,1,0,0,1,1,14,0,0,.065,.094,.097,.190
Brett B Anderson,LAD,29,47,1,4,1,0,0,3,5,32,0,0,.085,.173,.106,.280
Christian C Bergman,COL,29,12,1,2,0,0,0,0,1,4,0,0,.167,.231,.167,.397
Everth E Cabrera S,BAL,29,96,7,20,2,0,0,4,5,22,2,0,.208,.250,.229,.479
Doug D Fister,WSH,29,31,2,7,1,0,0,0,2,15,0,0,.226,.273,.258,.531
Junior J Lake L,BAL,29,80,4,16,7,0,1,5,4,29,4,0,.200,.238,.325,.563
Francisco F Liriano,PIT,29,65,4,11,2,0,1,7,0,28,0,0,.169,.169,.246,.415
Jeff J Locke,PIT,29,45,1,3,1,0,0,2,2,18,0,0,.067,.106,.089,.195
Jordan J Pacheco,ARI,29,66,8,16,0,0,2,8,9,14,1,0,.242,.333,.333,.667
Alex A Wood,LAD,29,55,2,9,2,0,0,4,4,34,0,0,.164,.220,.200,.420
Chase C Anderson,ARI,28,48,0,5,0,0,0,3,1,23,0,0,.104,.122,.104,.227
Javier J Báez,CHC,28,76,4,22,6,0,1,4,4,24,1,2,.289,.325,.408,.733
Carter C Capps,MIA,28,2,0,1,0,0,0,0,0,1,0,0,.500,.500,.500,1.000
Aaron A Harang,PHI,28,48,4,8,1,0,0,0,1,18,0,0,.167,.184,.188,.371
Matt M Harvey,NYM,28,65,1,7,2,0,1,7,0,31,0,0,.108,.108,.185,.292
Chris C Heston,SF,28,51,1,10,2,0,0,3,0,18,0,0,.196,.196,.235,.431
Desmond D Jennings L,TB,28,97,9,26,2,1,1,7,8,17,5,3,.268,.324,.340,.664
James J Jones C,SEA,28,29,1,3,1,0,0,0,2,13,1,1,.103,.161,.138,.299
Lance L Lynn,STL,28,50,3,8,2,0,0,1,0,26,0,0,.160,.160,.200,.360
Bobby B Parnell,NYM,28,0,0,0,0,0,0,0,0,0,0,0,.000,.000,.000,.000
Ryan R Rua L,TEX,28,83,10,16,5,0,4,7,3,32,0,0,.193,.221,.398,.618
Hector H Sánchez Sanchez,SF,28,56,5,10,4,0,1,5,2,14,0,0,.179,.207,.304,.510
Rob R Scahill,PIT,28,0,0,0,0,0,0,0,0,0,0,0,.000,.000,.000,.000
Joey J Terdoslavich,ATL,28,56,5,12,4,1,1,4,3,14,0,0,.214,.254,.375,.629
Jacob Jde Gromde Grom,NYM,28,59,3,11,1,0,0,4,3,16,0,0,.186,.226,.203,.429
Adam A Duvall L,CIN,27,64,6,14,2,0,5,9,6,26,0,0,.219,.306,.484,.790
Gio G Gonzalez,WSH,27,43,1,4,1,0,0,2,1,18,0,0,.093,.152,.116,.268
Ian I Kennedy,SD,27,42,3,4,3,0,0,0,0,23,0,0,.095,.095,.167,.262
Marc M Krauss,DET,27,78,3,11,3,0,2,8,3,31,0,0,.141,.173,.256,.429
Nick N Masset,ATL,27,0,0,0,0,0,0,0,0,0,0,0,.000,.000,.000,.000
Johnny J Monell,NYM,27,48,5,8,2,0,0,4,4,13,0,0,.167,.231,.208,.439
Jimmy J Nelson,MIL,27,55,1,6,1,0,0,2,1,34,0,0,.109,.125,.127,.252
Jordan J Schafer C,MIN,27,69,9,15,3,0,0,5,3,23,0,3,.217,.250,.261,.511
Corey C Seager S,LAD,27,98,17,33,8,1,4,17,14,19,2,0,.337,.425,.561,.986
Jose J Tabata,PIT,27,38,2,11,0,0,0,4,2,7,0,1,.289,.341,.289,.631
Trea T Turner,WSH,27,40,5,9,1,0,1,1,4,12,2,2,.225,.295,.325,.620
Pedro P Villarreal,CIN,27,6,0,1,1,0,0,2,0,3,0,0,.167,.167,.333,.500
Michael M Wacha,STL,27,52,5,8,1,0,0,4,4,20,1,0,.154,.214,.173,.387
Cristhian C Adames S,COL,26,53,4,13,1,1,0,3,3,11,0,1,.245,.298,.302,.600
Trevor T Cahill,CHC,26,7,0,1,0,0,0,0,1,2,0,0,.143,.250,.143,.393
Craig C Gentry L,OAK,26,50,6,6,0,2,0,3,4,15,1,1,.120,.196,.200,.396
Matt M Grace,WSH,26,0,0,0,0,0,0,0,0,0,0,0,.000,.000,.000,.000
Mitch M Harris,STL,26,1,0,0,0,0,0,0,0,1,0,0,.000,.000,.000,.000
Jeremy J Hellickson,ARI,26,41,3,9,0,0,0,7,2,14,0,0,.220,.283,.220,.502
Chris C Rusin,COL,26,46,5,10,0,0,1,4,0,7,0,0,.217,.217,.283,.500
Miguel M Socolovich,STL,26,1,0,0,0,0,0,0,0,0,0,0,.000,.000,.000,.000
Jorge J De La Rosa,COL,25,48,0,3,0,0,0,3,0,18,0,0,.063,.063,.063,.125
Matt M Garza,MIL,25,39,0,3,0,0,0,0,1,21,0,1,.077,.100,.077,.177
Kyle K Kendrick,COL,25,43,6,8,2,0,1,2,3,16,0,0,.186,.239,.302,.542
Deven D Marrero,BOS,25,53,8,12,0,0,1,3,3,19,2,1,.226,.268,.283,.551
Marcos M Mateo,SD,25,0,0,0,0,0,0,0,0,0,0,0,.000,.000,.000,.000
Nick N Vincent,SD,25,0,0,0,0,0,0,0,0,0,0,0,.000,.000,.000,.000
J. P. J Arencibia,TB,24,71,9,22,3,0,6,17,1,22,0,0,.310,.315,.606,.921
Kyle K Barraclough,MIA,24,0,0,0,0,0,0,0,0,0,0,0,.000,.000,.000,.000
A. J. A Burnett,PIT,24,42,1,5,0,0,1,5,0,20,0,0,.119,.116,.190,.307
Ross R Detwiler,ATL,24,1,0,0,0,0,0,0,0,1,0,0,.000,.000,.000,.000
Pedro P Florimón Florimon S,PIT,24,23,5,2,0,1,0,1,2,12,1,0,.087,.160,.174,.334
Robbie R Grossman L,HOU,24,49,7,7,2,0,1,5,5,17,0,0,.143,.222,.245,.467
Bryan B Holaday,DET,24,64,3,18,5,0,2,13,1,13,0,0,.281,.292,.453,.745
Dixon D Machado S,DET,24,68,6,16,3,0,0,5,7,14,1,0,.235,.307,.279,.586
Andrew A Mc Kirahan,ATL,24,1,0,0,0,0,0,0,0,1,0,0,.000,.000,.000,.000
Shawn S O' Malley C,SEA,24,42,10,11,1,0,1,7,12,14,3,0,.262,.418,.357,.775
Hector H Olivera,ATL,24,79,4,20,4,1,2,11,5,12,0,0,.253,.310,.405,.715
Jaff J Decker,PIT,23,28,8,6,1,1,0,1,7,9,0,0,.214,.371,.321,.693
Danny D Dorn,ARI,23,30,0,5,1,0,0,3,2,10,0,0,.167,.219,.200,.419
La Troy L Hawkins,TOR,23,1,0,0,0,0,0,0,0,1,0,0,.000,.000,.000,.000
Munenori M Kawasaki,TOR,23,28,6,6,2,0,0,2,4,6,0,1,.214,.313,.286,.598
Devin D Mesoraco,CIN,23,45,2,8,1,1,0,2,5,9,1,0,.178,.275,.244,.519
David D Phelps,MIA,23,34,0,4,0,0,0,0,0,16,0,0,.118,.143,.118,.260
Tomas T Telis,MIA,23,38,2,6,0,0,0,2,1,4,0,0,.158,.220,.158,.377
Tyler T Thornburg,MIL,23,3,0,0,0,0,0,0,0,1,0,0,.000,.000,.000,.000
Vance V Worley,PIT,23,17,1,3,1,0,0,0,0,6,0,0,.176,.176,.235,.412
Joe J Blanton,PIT,22,4,0,0,0,0,0,0,0,1,0,0,.000,.000,.000,.000
Brian B Bogusevic R,PHI,22,58,9,15,3,0,2,5,3,21,2,0,.259,.295,.414,.709
Carlos C Contreras,CIN,22,0,0,0,0,0,0,0,0,0,0,0,.000,.000,.000,.000
Brian B Ellington,MIA,22,0,0,0,0,0,0,0,0,0,0,0,.000,.000,.000,.000
Dustin D Garneau,COL,22,70,6,11,3,0,2,8,6,14,0,0,.157,.224,.286,.509
Tim T Hudson,SF,22,38,3,7,2,0,1,1,1,11,0,0,.184,.205,.316,.521
Ryan R Jackson,LAA,22,9,0,0,0,0,0,0,1,5,0,0,.000,.100,.000,.100
Peter P Moylan,ATL,22,0,0,0,0,0,0,0,0,0,0,0,.000,.000,.000,.000
Bud B Norris,SD,22,4,0,0,0,0,0,0,0,1,0,0,.000,.000,.000,.000
Juan Carlos J Perez,SF,22,39,5,11,3,0,0,2,1,6,1,0,.282,.300,.359,.659
Clayton C Richard,CHC,22,14,1,2,2,0,0,3,1,6,0,0,.143,.200,.286,.486
Stephen S Strasburg,WSH,22,38,1,5,0,0,0,0,2,17,0,0,.132,.175,.132,.307
Noah N Syndergaard,NYM,22,43,2,9,1,0,1,4,1,26,0,0,.209,.227,.302,.530
Mike M Bolsinger,LAD,21,38,1,1,1,0,0,0,0,23,0,0,.026,.026,.053,.079
Mike M Broadway,SF,21,0,0,0,0,0,0,0,0,0,0,0,.000,.000,.000,.000
Grant G Green,LAA,21,42,6,8,0,0,1,3,2,14,0,1,.190,.227,.262,.489
Taylor T Jungmann,MIL,21,37,2,10,2,0,0,0,1,12,0,0,.270,.289,.324,.614
Ryan R La Marre C,CIN,21,25,2,2,0,0,0,0,0,9,0,0,.080,.080,.080,.160
Mat M Latos,LAD,21,24,1,7,0,0,0,1,0,7,0,0,.292,.292,.292,.583
Charlie C Morton,PIT,21,36,0,1,0,0,0,1,1,18,0,0,.028,.054,.028,.082
Jarrett J Parker R,SF,21,49,11,17,2,0,6,14,5,21,1,1,.347,.407,.755,1.163
Williams W Pérez Perez,ATL,21,28,2,2,0,0,0,0,2,13,0,0,.071,.133,.071,.205
Fernando F Rodney,CHC,21,0,0,0,0,0,0,0,0,0,0,0,.000,.000,.000,.000
Josh J Wilson,DET,21,38,4,12,3,0,0,5,0,15,0,0,.316,.350,.395,.745
Austin A Barnes,LAD,20,29,4,6,2,0,0,1,6,6,1,0,.207,.361,.276,.637
Brandon B Drury,ARI,20,56,3,12,3,0,2,8,2,8,0,0,.214,.254,.375,.629
David D Goforth,MIL,20,3,0,0,0,0,0,0,0,3,0,0,.000,.000,.000,.000
Cole C Hamels,TEX,20,42,2,7,1,0,0,0,0,17,0,0,.167,.167,.190,.357
Tommy T Hunter,CHC,20,0,0,0,0,0,0,0,0,0,0,0,.000,.000,.000,.000
Andrew A Lambo,PIT,20,25,1,1,1,0,0,0,2,8,0,0,.040,.111,.080,.191
Matt M Mc Bride,COL,20,42,5,7,0,0,0,0,0,4,0,0,.167,.186,.167,.353
Gregorio G Petit,NYY,20,42,7,7,3,0,0,5,3,16,0,0,.167,.217,.238,.456
Matt M Wisler,ATL,20,29,0,4,0,0,0,1,2,6,0,0,.138,.194,.138,.332
Oswaldo O Arcia L,MIN,19,58,6,16,0,0,2,8,4,15,0,0,.276,.338,.379,.718
Cheslor C Cuthbert,KC,19,46,6,10,2,1,1,8,4,9,0,0,.217,.280,.370,.650
Jairo J Díaz Diaz,COL,19,0,0,0,0,0,0,0,0,0,0,0,.000,.000,.000,.000
Jaime J García Garcia,STL,19,41,1,4,0,0,0,1,2,15,0,0,.098,.140,.098,.237
Kyle K Kubitza,LAA,19,36,6,7,0,0,0,1,3,15,0,0,.194,.256,.194,.451
Sam S Le Cure,CIN,19,1,0,0,0,0,0,0,0,0,0,0,.000,.000,.000,.000
Adam A Loewen,PHI,19,3,0,1,0,0,0,0,0,0,0,0,.333,.333,.333,.667
Cody C Martin,ATL,19,0,0,0,0,0,0,0,0,0,0,0,.000,.000,.000,.000
Jake J Peavy,SF,19,36,5,7,2,0,1,3,1,17,0,0,.194,.216,.333,.550
Wily W Peralta,MIL,19,30,1,1,0,0,0,1,3,15,0,0,.033,.121,.033,.154
Neil N Ramírez Ramirez,CHC,19,0,0,0,0,0,0,0,0,0,0,0,.000,.000,.000,.000
Robbie R Ray,ARI,19,31,0,3,1,0,0,0,0,14,0,0,.097,.097,.129,.226
Scott S Schebler,LAD,19,36,6,9,0,0,3,4,3,13,2,1,.250,.325,.500,.825
Jon J Singleton,HOU,19,47,6,9,2,0,1,6,10,17,1,0,.191,.328,.298,.626
Steve S Tolleson,TOR,19,41,9,11,5,1,0,3,4,9,2,0,.268,.333,.439,.772
Kyle K Blanks,TEX,18,67,10,21,5,0,3,6,4,20,1,0,.313,.352,.522,.874
Socrates S Brito,ARI,18,33,5,10,3,1,0,1,1,7,1,0,.303,.324,.455,.778
Mike M Fiers,MIL,18,30,0,3,0,0,0,0,0,12,0,0,.100,.100,.100,.200
Yohan Y Flande,COL,18,21,1,3,0,0,0,1,0,10,0,0,.143,.143,.143,.286
Oscar O Hernández Hernandez,ARI,18,31,4,5,1,0,0,1,3,15,0,0,.161,.257,.194,.451
Keith K Hessler,ARI,18,1,0,1,0,0,0,0,0,0,0,0,1.000,1.000,1.000,2.000
Cesar C Jimenez,MIL,18,0,0,0,0,0,0,0,0,0,0,0,.000,.000,.000,.000
Eric E O' Flaherty,NYM,18,0,0,0,0,0,0,0,0,0,0,0,.000,.000,.000,.000
Matt M Reynolds,ARI,18,0,0,0,0,0,0,0,0,0,0,0,.000,.000,.000,.000
Paco P Rodríguez Rodriguez,LAD,18,0,0,0,0,0,0,0,0,0,0,0,.000,.000,.000,.000
Sammy S Solís Solis,WSH,18,2,0,1,0,0,0,0,0,0,0,0,.500,.500,.500,1.000
Josh J Thole,TOR,18,49,5,10,2,0,0,2,3,9,0,0,.204,.250,.245,.495
Jose J Ureña Urena,MIA,18,13,0,1,0,0,0,0,0,9,0,0,.077,.077,.077,.154
Darwin D Barney,TOR,17,27,4,7,1,0,2,4,1,2,0,0,.259,.286,.519,.804
Chad C Bettis,COL,17,29,2,2,0,0,0,1,4,13,0,0,.069,.182,.069,.251
Reid R Brignac,MIA,17,13,2,1,0,0,0,0,3,5,0,0,.077,.250,.077,.327
Johnny J Cueto,CIN,17,37,1,6,0,0,0,0,1,10,0,0,.162,.184,.162,.346
Mike M Foltynewicz,ATL,17,28,0,2,1,0,0,3,0,19,0,0,.071,.069,.107,.176
Leury L García Garcia,CWS,17,14,0,3,0,0,0,1,1,7,1,0,.214,.267,.214,.481
Slade S Heathcott R,NYY,17,25,6,10,2,0,2,8,2,5,0,1,.400,.429,.720,1.149
John J Hicks,SEA,17,32,1,2,1,0,0,1,1,18,1,1,.063,.091,.094,.185
Dalier D Hinojosa,PHI,17,0,0,0,0,0,0,0,0,0,0,0,.000,.000,.000,.000
Reed R Johnson,WSH,17,22,0,5,1,0,0,3,0,6,0,0,.227,.250,.273,.523
Tyler T Lyons,STL,17,16,3,3,0,0,0,1,2,4,0,0,.188,.278,.188,.465
Danny D Muno,NYM,17,27,2,4,1,0,0,0,4,11,1,0,.148,.258,.185,.443
Andy A Parrino S,OAK,17,6,1,0,0,0,0,0,2,5,0,0,.000,.250,.000,.250
Joe J Ross,WSH,17,27,2,3,0,0,0,0,0,11,0,0,.111,.143,.111,.254
Xavier X Scruggs,STL,17,42,5,11,2,0,0,7,0,10,1,0,.262,.279,.310,.589
Rex R Brothers,COL,16,0,0,0,0,0,0,0,0,0,0,0,.000,.000,.000,.000
Eddie E Butler,COL,16,23,0,1,0,0,0,0,0,13,0,0,.043,.043,.043,.087
Phil P Coke,CHC,16,0,0,0,0,0,0,0,0,0,0,0,.000,.000,.000,.000
Carlos C Frías Frias,LAD,16,21,1,1,0,0,0,0,1,12,0,0,.048,.130,.048,.178
Raisel R Iglesias,CIN,16,30,0,2,0,1,0,1,0,13,0,0,.067,.067,.133,.200
Luis L Jimenez,BOS,16,16,1,1,0,0,0,0,1,6,0,0,.063,.118,.063,.180
Ryan R Kelly,ATL,16,0,0,0,0,0,0,0,0,0,0,0,.000,.000,.000,.000
Erik E Kratz,PHI,16,26,3,5,2,0,0,3,1,5,0,0,.192,.214,.269,.484
Jack J Leathersich,NYM,16,0,0,0,0,0,0,0,0,0,0,0,.000,.000,.000,.000
Tim T Lincecum,SF,16,21,0,3,1,0,0,0,2,10,0,0,.143,.217,.190,.408
Michael M Martinez,CLE,16,30,7,8,2,0,0,2,1,12,0,1,.267,.290,.333,.624
Rob R Refsnyder,NYY,16,43,3,13,3,0,2,5,3,7,2,0,.302,.348,.512,.860
Collin C Balester,CIN,15,1,0,0,0,0,0,0,0,0,0,0,.000,.000,.000,.000
David D Buchanan,PHI,15,20,2,4,1,0,0,1,2,8,0,0,.200,.273,.250,.523
Patrick P Corbin,ARI,15,25,1,3,0,0,0,3,3,11,0,0,.120,.214,.120,.334
Wilmer W Difo,WSH,15,11,1,2,0,0,0,0,0,2,0,0,.182,.182,.182,.364
Eric E Fryer,MIN,15,22,2,5,2,0,0,2,5,11,0,0,.227,.370,.318,.689
David D Hale,COL,15,23,1,2,0,0,0,0,0,9,0,0,.087,.087,.087,.174
Luke L Maile,TB,15,35,2,6,3,0,0,2,0,8,0,0,.171,.171,.257,.429
Rico R Noel,NYY,15,2,5,1,0,0,0,0,0,0,5,2,.500,.500,.500,1.000
Rob R Brantly,CWS,14,33,3,4,1,0,1,6,2,8,0,0,.121,.167,.242,.409
Jarred J Cosart,MIA,14,17,0,1,0,0,0,1,0,8,0,0,.059,.059,.059,.118
Tyler T Cravy,MIL,14,8,0,0,0,0,0,0,0,3,0,0,.000,.000,.000,.000
Chris C Dominguez,CIN,14,23,2,6,1,1,1,3,0,12,0,0,.261,.261,.522,.783
Tommy T Field,TEX,14,41,6,8,1,0,2,5,2,16,1,0,.195,.250,.366,.616
Brett B Hayes,CLE,14,32,4,5,0,0,3,6,3,7,0,0,.156,.229,.438,.666
Tyler T Holt C,CIN,14,31,4,3,0,0,0,0,3,11,1,0,.097,.176,.097,.273
Paul P Janish S,BAL,14,35,4,10,3,0,0,3,0,3,0,0,.286,.278,.371,.649
Radhames R Liz,PIT,14,1,0,0,0,0,0,0,0,0,0,0,.000,.000,.000,.000
Sugar Ray S Marimon,ATL,14,6,0,2,0,0,0,0,1,3,0,0,.333,.429,.333,.762
Chris C Narveson,MIA,14,6,1,0,0,0,0,1,0,4,0,0,.000,.000,.000,.000
Nick N Noonan S,SF,14,22,2,2,1,0,1,3,2,8,0,0,.091,.167,.273,.439
Ken K Roberts,PHI,14,0,0,0,0,0,0,0,0,0,0,0,.000,.000,.000,.000
Ian I Thomas,LAD,14,3,1,0,0,0,0,0,1,1,0,0,.000,.250,.000,.250
Silvino S Bracho,ARI,13,0,0,0,0,0,0,0,0,0,0,0,.000,.000,.000,.000
Trevor T Brown,SF,13,39,1,9,3,0,0,5,3,8,1,1,.231,.279,.308,.587
Ramon R Cabrera,CIN,13,30,4,11,1,0,1,3,0,5,0,0,.367,.367,.500,.867
Adam A Conley,MIA,13,18,0,4,0,0,0,1,0,8,0,0,.222,.222,.222,.444
Allan A Dykstra,TB,13,31,3,4,0,0,1,4,6,12,0,0,.129,.289,.226,.515
Evan E Marshall,ARI,13,0,0,0,0,0,0,0,0,0,0,0,.000,.000,.000,.000
Dustin D Mc Gowan,PHI,13,3,0,0,0,0,0,0,0,3,0,0,.000,.000,.000,.000
Adam A Morgan,PHI,13,26,2,2,1,0,0,1,0,12,0,0,.077,.077,.115,.192
Justin J Nicolino,MIA,13,25,0,1,0,0,0,0,0,8,0,0,.040,.040,.040,.080
Aaron A Nola,PHI,13,23,0,2,0,0,0,1,1,16,0,0,.087,.125,.087,.212
Andre A Rienzo,MIA,13,2,0,0,0,0,0,0,0,0,0,0,.000,.000,.000,.000
Stefen S Romero L,SEA,13,21,6,4,1,0,1,3,3,6,0,0,.190,.292,.381,.673
Keyvius K Sampson,CIN,13,16,1,0,0,0,0,0,0,11,0,0,.000,.000,.000,.000
Sergio S Santos,NYY,13,0,0,0,0,0,0,0,0,0,0,0,.000,.000,.000,.000
Logan L Verrett,NYM,13,7,0,0,0,0,0,0,0,2,0,0,.000,.000,.000,.000
Nate N Adcock,CIN,12,0,0,0,0,0,0,0,0,0,0,0,.000,.000,.000,.000
Dariel D Álvarez Alvarez R,BAL,12,29,3,7,1,0,1,1,2,8,0,0,.241,.290,.379,.670
Nevin N Ashley,MIL,12,20,2,2,1,0,0,1,0,8,0,0,.100,.143,.150,.293
Jake J Brigham,ATL,12,1,0,0,0,0,0,0,0,1,0,0,.000,.000,.000,.000
Danny D Burawa,ATL,12,0,0,0,0,0,0,0,0,0,0,0,.000,.000,.000,.000
Matt M Cain,SF,12,16,0,0,0,0,0,1,0,9,0,0,.000,.000,.000,.000
Jon J Edwards,SD,12,0,0,0,0,0,0,0,0,0,0,0,.000,.000,.000,.000
Ramon R Flores L,NYY,12,32,3,7,1,0,0,0,0,4,0,0,.219,.219,.250,.469
J. A. J Happ,PIT,12,23,1,2,0,0,0,0,1,13,0,0,.087,.125,.087,.212
Dan D Johnson,STL,12,19,1,3,0,0,0,2,2,4,0,0,.158,.238,.158,.396
Steve S Lombardozzi,PIT,12,10,1,0,0,0,0,0,1,4,0,0,.000,.091,.000,.091
Rafael R Martín Martin,WSH,12,0,0,0,0,0,0,0,0,0,0,0,.000,.000,.000,.000
Sean S O' Sullivan,PHI,12,20,2,2,1,0,0,0,1,10,0,0,.100,.143,.150,.293
J C Ramírez Ramirez,ARI,12,0,0,0,0,0,0,0,0,0,0,0,.000,.000,.000,.000
Jamie J Romak,ARI,12,15,2,5,2,0,0,1,1,6,0,0,.333,.375,.467,.842
Sam S Tuivailala,STL,12,0,0,0,0,0,0,0,0,0,0,0,.000,.000,.000,.000
Jordan J Walden,STL,12,0,0,0,0,0,0,0,0,0,0,0,.000,.000,.000,.000
Zach Z Walters,CLE,12,30,0,4,0,0,0,3,0,15,0,0,.133,.133,.133,.267
Arismendy A Alcántara,CHC,11,26,5,2,0,0,0,1,5,11,1,0,.077,.226,.077,.303
Carson C Blair,OAK,11,31,3,4,0,0,1,3,4,18,0,0,.129,.229,.226,.454
Buddy B Carlyle,NYM,11,0,0,0,0,0,0,0,0,0,0,0,.000,.000,.000,.000
Simon S Castro,COL,11,0,0,0,0,0,0,0,0,0,0,0,.000,.000,.000,.000
Alex A Dickerson,SD,11,8,0,2,0,0,0,0,0,3,0,0,.250,.250,.250,.500
Rocky R Gale,SD,11,10,0,1,0,0,0,0,0,1,0,0,.100,.100,.100,.200
Kevin K Gregg,CIN,11,0,0,0,0,0,0,0,0,0,0,0,.000,.000,.000,.000
Bobby B La Fromboise,PIT,11,0,0,0,0,0,0,0,0,0,0,0,.000,.000,.000,.000
Tom T Murphy,COL,11,35,5,9,1,0,3,9,4,10,0,0,.257,.333,.543,.876
Max M Stassi,HOU,11,15,4,6,0,0,1,2,1,5,0,0,.400,.438,.600,1.038
Matt M Stites,ARI,11,0,0,0,0,0,0,0,0,0,0,0,.000,.000,.000,.000
Chase Cd' Arnaudd' Arnaud,PHI,11,17,2,3,0,1,0,0,1,7,0,1,.176,.222,.294,.516
Juan J Centeno,MIL,10,21,0,1,1,0,0,0,2,7,0,0,.048,.130,.095,.226
Jose J Fernández Fernandez,MIA,10,18,2,3,1,0,1,2,0,4,0,0,.167,.167,.389,.556
Jason J Gurka,COL,10,0,0,0,0,0,0,0,0,0,0,0,.000,.000,.000,.000
Matt M Hague,TOR,10,12,1,3,1,0,0,0,2,4,0,0,.250,.400,.333,.733
John J Lamb,CIN,10,16,0,1,1,0,0,1,0,8,0,0,.063,.063,.125,.188
Jordan J Lyles,COL,10,19,0,0,0,0,0,0,0,11,0,0,.000,.000,.000,.000
Rey R Navarro,BAL,10,29,5,8,2,0,1,3,0,3,0,0,.276,.276,.448,.724
Adam A Ottavino,COL,10,0,0,0,0,0,0,0,0,0,0,0,.000,.000,.000,.000
Brian B Schlitter,CHC,10,0,0,0,0,0,0,0,0,0,0,0,.000,.000,.000,.000
Josh A. J Smith,CIN,10,9,1,2,0,1,0,0,0,4,0,0,.222,.222,.444,.667
Henry H Urrutia L,BAL,10,34,3,9,1,0,1,6,2,3,0,0,.265,.306,.382,.688
Mac M Williamson L,SF,10,32,2,7,0,1,0,1,0,8,0,0,.219,.235,.281,.516
David D Carpenter,WSH,9,0,0,0,0,0,0,0,0,0,0,0,.000,.000,.000,.000
Xavier X Cedeño Cedeno,TB,9,0,0,0,0,0,0,0,0,0,0,0,.000,.000,.000,.000
Dana D Eveland,ATL,9,0,0,0,0,0,0,0,0,0,0,0,.000,.000,.000,.000
Terrance T Gore,KC,9,3,1,0,0,0,0,0,0,1,3,0,.000,.250,.000,.250
Jon J Gray,COL,9,11,1,0,0,0,0,0,2,6,0,0,.000,.154,.000,.154
Tyler T Ladendorf L,OAK,9,17,3,4,0,1,0,2,1,2,0,0,.235,.278,.353,.631
Steven S Moya D,DET,9,22,1,4,0,1,0,0,3,10,0,0,.182,.280,.273,.553
Cody C Ross R,OAK,9,22,3,2,0,0,0,3,3,6,0,0,.091,.200,.091,.291
Michael M Saunders R,TOR,9,31,2,6,0,0,0,3,5,10,0,0,.194,.306,.194,.499
Cody C Stanley,STL,9,10,2,4,1,0,0,3,0,3,0,0,.400,.400,.500,.900
Eric E Stults,ATL,9,13,0,1,0,0,0,0,0,7,0,0,.077,.077,.077,.154
Allen A Webster,ARI,9,11,1,0,0,0,0,0,0,6,0,0,.000,.000,.000,.000
Quintin Q Berry,CHC,8,1,1,0,0,0,0,0,0,1,2,1,.000,.000,.000,.000
Archie A Bradley,ARI,8,14,0,2,0,0,0,0,0,7,0,1,.143,.143,.143,.286
Erik E Cordier,MIA,8,0,0,0,0,0,0,0,0,0,0,0,.000,.000,.000,.000
Cody C Decker,SD,8,11,0,0,0,0,0,1,0,5,0,0,.000,.000,.000,.000
Matt M Duffy,HOU,8,8,0,3,1,0,0,3,1,2,0,0,.375,.444,.500,.944
Dillon D Gee,NYM,8,10,0,1,0,0,0,0,0,5,0,0,.100,.100,.100,.200
Zack Z Godley,ARI,8,9,0,1,0,0,0,0,0,6,0,0,.111,.111,.111,.222
Deolis D Guerra,PIT,8,1,0,0,0,0,0,0,0,0,0,0,.000,.000,.000,.000
Gorkys G Hernández Hernandez L,PIT,8,5,0,0,0,0,0,0,0,0,1,0,.000,.000,.000,.000
Kelvin K Herrera,KC,8,0,0,0,0,0,0,0,0,0,0,0,.000,.000,.000,.000
L. J. L Hoes R,HOU,8,15,1,4,0,0,0,1,1,3,0,0,.267,.313,.267,.579
Tommy T Layne,BOS,8,0,0,0,0,0,0,0,0,0,0,0,.000,.000,.000,.000
Jason J Marquis,CIN,8,16,2,3,1,0,0,1,0,4,0,0,.188,.188,.250,.438
Vin V Mazzaro,MIA,8,0,0,0,0,0,0,0,0,0,0,0,.000,.000,.000,.000
Peter P O' Brien,ARI,8,10,1,4,1,0,1,3,2,5,0,0,.400,.500,.800,1.300
Francisco F Peña Pena,KC,8,7,0,1,0,0,0,0,0,3,0,0,.143,.143,.143,.286
Alex A Presley L,HOU,8,12,1,3,0,0,0,1,1,5,0,0,.250,.308,.250,.558
Josh J Ravin,LAD,8,0,0,0,0,0,0,0,0,0,0,0,.000,.000,.000,.000
Taylor T Teagarden,CHC,8,15,0,3,0,0,0,2,0,4,0,0,.200,.200,.200,.400
Ronald R Torreyes,LAD,8,6,1,2,1,0,0,1,1,1,0,0,.333,.429,.500,.929
Mason M Williams C,NYY,8,21,3,6,3,0,1,3,1,3,0,0,.286,.318,.571,.890
Jesus J Aguilar,CLE,7,19,0,6,1,0,0,2,0,7,0,0,.316,.350,.368,.718
Manny M Banuelos,ATL,7,3,0,0,0,0,0,0,0,1,0,0,.000,.000,.000,.000
Chad C Billingsley,PHI,7,13,2,1,0,0,1,1,0,5,0,0,.077,.077,.308,.385
Jerry J Blevins,NYM,7,0,0,0,0,0,0,0,0,0,0,0,.000,.000,.000,.000
Brad B Boxberger,TB,7,0,0,0,0,0,0,0,0,0,0,0,.000,.000,.000,.000
Blaine B Boyer,MIN,7,0,0,0,0,0,0,0,0,0,0,0,.000,.000,.000,.000
Keon K Broxton,PIT,7,2,3,0,0,0,0,0,0,1,1,1,.000,.000,.000,.000
Jonathan J Diaz S,TOR,7,13,1,2,0,0,0,2,1,3,0,0,.154,.267,.154,.420
Jerad J Eickhoff,PHI,7,14,1,2,0,0,0,2,0,7,0,0,.143,.143,.143,.286
Kevin K Frandsen,SF,7,11,1,2,0,0,0,0,1,3,0,0,.182,.250,.182,.432
Jason J Frasor,ATL,7,0,0,0,0,0,0,0,0,0,0,0,.000,.000,.000,.000
Severino S González Gonzalez,PHI,7,10,2,1,0,0,0,1,1,4,0,0,.100,.182,.100,.282
Brandon B Kintzler,MIL,7,1,0,0,0,0,0,0,0,0,0,0,.000,.000,.000,.000
Raudel R Lazo,MIA,7,0,0,0,0,0,0,0,0,0,0,0,.000,.000,.000,.000
Ryan R Madson,KC,7,0,0,0,0,0,0,0,0,0,0,0,.000,.000,.000,.000
Cory C Mazzoni,SD,7,0,0,0,0,0,0,0,0,0,0,0,.000,.000,.000,.000
Zach Z Mc Allister,CLE,7,0,0,0,0,0,0,0,0,0,0,0,.000,.000,.000,.000
Jenrry J Mejia,NYM,7,0,0,0,0,0,0,0,0,0,0,0,.000,.000,.000,.000
Colton C Murray,PHI,7,0,0,0,0,0,0,0,0,0,0,0,.000,.000,.000,.000
Jose J Peraza,LAD,7,22,3,4,1,1,0,1,2,2,3,0,.182,.250,.318,.568
Colin C Rea,SD,7,9,2,2,1,0,0,0,1,4,0,0,.222,.300,.333,.633
Michael M Reed R,MIL,7,6,2,2,1,0,0,0,0,3,0,0,.333,.333,.500,.833
Yadiel Y Rivera,MIL,7,14,0,1,0,0,0,0,0,4,0,0,.071,.071,.071,.143
Jhonatan J Solano,MIA,7,20,1,1,1,0,0,2,1,1,0,0,.050,.095,.100,.195
Tsuyoshi T Wada,CHC,7,8,1,0,0,0,0,0,1,5,0,0,.000,.111,.000,.111
Adam A Wainwright,STL,7,10,0,0,0,0,0,0,0,2,0,0,.000,.000,.000,.000
Christian C Walker,BAL,7,9,0,1,0,0,0,0,3,4,0,0,.111,.333,.111,.444
Jackson J Williams,SF,7,10,1,2,1,0,0,1,4,1,1,0,.200,.429,.300,.729
Al A Alburquerque,DET,6,0,0,0,0,0,0,0,0,0,0,0,.000,.000,.000,.000
Dario D Alvarez,NYM,6,0,0,0,0,0,0,0,0,0,0,0,.000,.000,.000,.000
Alec A Asher,PHI,6,6,0,2,1,0,0,0,0,3,0,0,.333,.333,.500,.833
Dylan D Axelrod,CIN,6,2,0,0,0,0,0,0,0,1,0,0,.000,.000,.000,.000
Tim T Cooney,STL,6,10,1,3,1,0,0,0,0,0,0,0,.300,.300,.400,.700
Zach Z Davies,MIL,6,13,1,1,0,0,0,0,0,3,0,0,.077,.077,.077,.154
Wade W Davis,KC,6,0,0,0,0,0,0,0,0,0,0,0,.000,.000,.000,.000
Zach Z Duke,CWS,6,0,0,0,0,0,0,0,0,0,0,0,.000,.000,.000,.000
Brandon B Finnegan,CIN,6,4,0,0,0,0,0,0,0,2,0,0,.000,.000,.000,.000
Kendry K Flores,MIA,6,1,0,0,0,0,0,0,0,1,0,0,.000,.000,.000,.000
Cory C Gearrin,SF,6,0,0,0,0,0,0,0,0,0,0,0,.000,.000,.000,.000
Trevor T Gott,LAA,6,0,0,0,0,0,0,0,0,0,0,0,.000,.000,.000,.000
Cody C Hall,SF,6,0,0,0,0,0,0,0,0,0,0,0,.000,.000,.000,.000
Luke L Hochevar,KC,6,0,0,0,0,0,0,0,0,0,0,0,.000,.000,.000,.000
David D Holmberg,CIN,6,8,2,1,0,0,0,0,2,5,0,0,.125,.364,.125,.489
Jay J Jackson,SD,6,0,0,0,0,0,0,0,0,0,0,0,.000,.000,.000,.000
Kevin K Jepsen,TB,6,0,0,0,0,0,0,0,0,0,0,0,.000,.000,.000,.000
Keone K Kela,TEX,6,0,0,0,0,0,0,0,0,0,0,0,.000,.000,.000,.000
Michael M Kohn,ATL,6,0,0,0,0,0,0,0,0,0,0,0,.000,.000,.000,.000
Steven S Matz,NYM,6,14,1,4,1,0,0,5,0,1,0,0,.286,.286,.357,.643
Tyler T Matzek,COL,6,8,3,3,1,0,0,0,0,1,0,0,.375,.375,.500,.875
Scott S Mc Gough,MIA,6,0,0,0,0,0,0,0,0,0,0,0,.000,.000,.000,.000
Wil W Nieves,SD,6,13,1,1,0,0,1,4,1,4,0,0,.077,.143,.308,.450
Vidal V Nuño Nuno,SEA,6,7,0,1,0,0,0,1,0,0,0,0,.143,.143,.143,.286
Ariel A Peña Pena,MIL,6,7,0,0,0,0,0,0,0,6,0,0,.000,.000,.000,.000
Drew D Pomeranz,OAK,6,0,0,0,0,0,0,0,0,0,0,0,.000,.000,.000,.000
Ryan R Pressly,MIN,6,0,0,0,0,0,0,0,0,0,0,0,.000,.000,.000,.000
Jason J Pridie,OAK,6,9,0,0,0,0,0,0,1,4,0,0,.000,.100,.000,.100
Cesar C Ramos,LAA,6,0,0,0,0,0,0,0,0,0,0,0,.000,.000,.000,.000
Fernando F Rodriguez Jr.,OAK,6,0,0,0,0,0,0,0,0,0,0,0,.000,.000,.000,.000
Rafael R Soriano,CHC,6,0,0,0,0,0,0,0,0,0,0,0,.000,.000,.000,.000
Aaron A Thompson,MIN,6,0,0,0,0,0,0,0,0,0,0,0,.000,.000,.000,.000
Justin J Wilson,NYY,6,0,0,0,0,0,0,0,0,0,0,0,.000,.000,.000,.000
Yhonathan Y Barrios,MIL,5,0,0,0,0,0,0,0,0,0,0,0,.000,.000,.000,.000
Brad B Brach,BAL,5,0,0,0,0,0,0,0,0,0,0,0,.000,.000,.000,.000
Emmanuel E Burriss,WSH,5,3,2,2,0,0,0,0,2,0,0,0,.667,.800,.667,1.467
Jhoulys J Chacín Chacin,ARI,5,8,0,1,0,0,0,0,0,4,0,0,.125,.125,.125,.250
Danny D Coulombe,LAD,5,1,0,0,0,0,0,0,0,1,0,0,.000,.000,.000,.000
Carl C Edwards,CHC,5,1,0,0,0,0,0,0,0,1,0,0,.000,.000,.000,.000
Steve S Geltz,TB,5,0,0,0,0,0,0,0,0,0,0,0,.000,.000,.000,.000
Tom T Gorzelanny,DET,5,0,0,0,0,0,0,0,0,0,0,0,.000,.000,.000,.000
Liam L Hendriks,TOR,5,0,0,0,0,0,0,0,1,0,0,0,.000,1.000,.000,1.000
Ryan R Lollis L,SF,5,12,0,2,0,0,0,0,1,1,1,0,.167,.231,.167,.397
Alfredo A Marte L,LAA,5,6,0,2,0,0,0,0,1,1,0,0,.333,.500,.333,.833
Brian B Matusz,BAL,5,0,0,0,0,0,0,0,0,0,0,0,.000,.000,.000,.000
Yoervis Y Medina,CHC,5,0,0,0,0,0,0,0,0,0,0,0,.000,.000,.000,.000
Rafael R Montero,NYM,5,2,0,0,0,0,0,0,0,1,0,0,.000,.000,.000,.000
Franklin F Morales,KC,5,0,0,0,0,0,0,0,0,0,0,0,.000,.000,.000,.000
Brandon B Morrow,SD,5,9,0,0,0,0,0,0,1,8,0,0,.000,.100,.000,.100
Pat P Neshek,HOU,5,0,0,0,0,0,0,0,0,0,0,0,.000,.000,.000,.000
Darren D O' Day,BAL,5,0,0,0,0,0,0,0,0,0,0,0,.000,.000,.000,.000
Jake J Petricka,CWS,5,0,0,0,0,0,0,0,0,0,0,0,.000,.000,.000,.000
Rob R Rasmussen,SEA,5,0,0,0,0,0,0,0,0,0,0,0,.000,.000,.000,.000
Chris C Rearick,SD,5,0,0,0,0,0,0,0,0,0,0,0,.000,.000,.000,.000
David D Robertson,CWS,5,0,0,0,0,0,0,0,0,0,0,0,.000,.000,.000,.000
Robbie R Ross,BOS,5,0,0,0,0,0,0,0,0,0,0,0,.000,.000,.000,.000
Fernando F Salas,LAA,5,0,0,0,0,0,0,0,0,0,0,0,.000,.000,.000,.000
Tanner T Scheppers,TEX,5,0,0,0,0,0,0,0,0,0,0,0,.000,.000,.000,.000
A. J. A Schugel,ARI,5,0,0,0,0,0,0,0,0,0,0,0,.000,.000,.000,.000
Carson C Smith,SEA,5,0,0,0,0,0,0,0,0,0,0,0,.000,.000,.000,.000
Tim T Stauffer,NYM,5,0,0,0,0,0,0,0,0,0,0,0,.000,.000,.000,.000
Chin-hui C Tsao,LAD,5,1,1,1,1,0,0,0,0,0,0,0,1.000,1.000,2.000,3.000
Donnie D Veal,ATL,5,0,0,0,0,0,0,0,0,0,0,0,.000,.000,.000,.000
Ryan R Weber,ATL,5,10,0,0,0,0,0,0,0,8,0,0,.000,.000,.000,.000
Tom T Wilhelmsen,SEA,5,0,0,0,0,0,0,0,0,0,0,0,.000,.000,.000,.000
Fernando F Abad,OAK,4,0,0,0,0,0,0,0,0,0,0,0,.000,.000,.000,.000
Cody C Allen,CLE,4,0,0,0,0,0,0,0,0,0,0,0,.000,.000,.000,.000
Henderson H Alvarez,MIA,4,6,1,2,1,0,0,1,0,1,0,0,.333,.333,.500,.833
Bryan B Anderson,OAK,4,5,0,2,0,0,0,1,1,1,0,0,.400,.429,.400,.829
Steven S Baron,SEA,4,11,0,0,0,0,0,0,0,2,0,0,.000,.000,.000,.000
Doug D Bernier,MIN,4,5,1,1,1,0,0,2,1,3,0,0,.200,.333,.400,.733
Dellin D Betances,NYY,4,0,0,0,0,0,0,0,0,0,0,0,.000,.000,.000,.000
Brett B Bochy,SF,4,0,0,0,0,0,0,0,0,0,0,0,.000,.000,.000,.000
Craig C Breslow,BOS,4,0,0,0,0,0,0,0,0,0,0,0,.000,.000,.000,.000
Mark M Buehrle,TOR,4,7,0,1,0,0,0,0,1,3,0,0,.143,.250,.143,.393
David D Carpenter,ATL,4,0,0,0,0,0,0,0,0,0,0,0,.000,.000,.000,.000
Miguel M Castro,COL,4,0,0,0,0,0,0,0,0,0,0,0,.000,.000,.000,.000
Brett B Cecil,TOR,4,0,0,0,0,0,0,0,0,0,0,0,.000,.000,.000,.000
Dusty D Coleman,KC,4,5,0,0,0,0,0,0,0,3,0,0,.000,.000,.000,.000
Kevin K Correia,PHI,4,6,0,1,0,0,0,0,0,1,0,0,.167,.167,.167,.333
Jordan J Danks,PHI,4,4,0,0,0,0,0,0,0,2,0,0,.000,.000,.000,.000
Brian B Duensing,MIN,4,1,0,0,0,0,0,0,0,0,0,0,.000,.000,.000,.000
Ed E Easley,STL,4,6,0,0,0,0,0,1,0,1,0,0,.000,.000,.000,.000
Josh J Fields,HOU,4,0,0,0,0,0,0,0,0,0,0,0,.000,.000,.000,.000
Sam S Freeman,TEX,4,0,0,0,0,0,0,0,0,0,0,0,.000,.000,.000,.000
Brandon B Gomes,TB,4,0,0,0,0,0,0,0,0,0,0,0,.000,.000,.000,.000
J. R. J Graham,MIN,4,0,0,0,0,0,0,0,0,0,0,0,.000,.000,.000,.000
Blaine B Hardy,DET,4,1,0,0,0,0,0,0,0,0,0,0,.000,.000,.000,.000
Will W Harris,HOU,4,1,0,0,0,0,0,0,0,1,0,0,.000,.000,.000,.000
Taylor T Hill,WSH,4,0,0,0,0,0,0,0,0,0,0,0,.000,.000,.000,.000
Ubaldo U Jiménez Jimenez,BAL,4,8,0,2,0,0,0,2,0,4,0,0,.250,.250,.250,.500
Taylor T Jordan,WSH,4,6,0,2,0,0,0,0,0,2,0,0,.333,.333,.333,.667
Dominic D Leone,ARI,4,0,0,0,0,0,0,0,0,0,0,0,.000,.000,.000,.000
Mark M Lowe,TOR,4,0,0,0,0,0,0,0,0,0,0,0,.000,.000,.000,.000
Jeff J Manship,CLE,4,0,0,0,0,0,0,0,0,0,0,0,.000,.000,.000,.000
Brandon B Mc Carthy,LAD,4,6,0,0,0,0,0,1,1,5,0,0,.000,.143,.000,.143
Jake J Mc Gee,TB,4,0,0,0,0,0,0,0,0,0,0,0,.000,.000,.000,.000
Andrew A Miller,NYY,4,0,0,0,0,0,0,0,0,0,0,0,.000,.000,.000,.000
Edward E Mujica,OAK,4,0,0,0,0,0,0,0,0,0,0,0,.000,.000,.000,.000
Alexi A Ogando,BOS,4,0,0,0,0,0,0,0,0,0,0,0,.000,.000,.000,.000
Nefi N Ogando,PHI,4,0,0,0,0,0,0,0,0,0,0,0,.000,.000,.000,.000
Roberto R Osuna,TOR,4,0,0,0,0,0,0,0,0,0,0,0,.000,.000,.000,.000
Glen G Perkins,MIN,4,0,0,0,0,0,0,0,0,0,0,0,.000,.000,.000,.000
Jorge J Polanco S,MIN,4,10,1,3,0,0,0,1,2,1,1,0,.300,.417,.300,.717
Chad C Qualls,HOU,4,0,0,0,0,0,0,0,0,0,0,0,.000,.000,.000,.000
Jose J Quintana,CWS,4,8,0,0,0,0,0,0,0,5,0,0,.000,.000,.000,.000
Joe J Smith,LAA,4,0,0,0,0,0,0,0,0,0,0,0,.000,.000,.000,.000
Craig C Stammen,WSH,4,0,0,0,0,0,0,0,0,0,0,0,.000,.000,.000,.000
Huston H Street,LAA,4,0,0,0,0,0,0,0,0,0,0,0,.000,.000,.000,.000
Masahiro M Tanaka,NYY,4,7,0,0,0,0,0,0,1,2,0,0,.000,.125,.000,.125
Junichi J Tazawa,BOS,4,0,0,0,0,0,0,0,0,0,0,0,.000,.000,.000,.000
Shawn S Tolleson,TEX,4,0,0,0,0,0,0,0,0,0,0,0,.000,.000,.000,.000
Taijuan T Walker,SEA,4,9,0,1,1,0,0,1,0,5,0,0,.111,.111,.222,.333
Ryan R Webb,CLE,4,0,0,0,0,0,0,0,0,0,0,0,.000,.000,.000,.000
Rob R Wooten,MIL,4,1,0,0,0,0,0,0,0,0,0,0,.000,.000,.000,.000
Austin A Adams,CLE,3,1,0,0,0,0,0,0,0,0,0,0,.000,.000,.000,.000
Jose J Álvarez Alvarez,LAA,3,0,0,0,0,0,0,0,0,0,0,0,.000,.000,.000,.000
Trevor T Bauer,CLE,3,6,0,1,0,0,0,0,1,1,0,0,.167,.286,.167,.452
Dallas D Beeler,CHC,3,3,0,1,1,0,0,0,0,1,0,0,.333,.333,.667,1.000
Joe J Beimel,SEA,3,0,0,0,0,0,0,0,0,0,0,0,.000,.000,.000,.000
Jeff J Bianchi,BOS,3,2,0,0,0,0,0,0,0,0,0,0,.000,.000,.000,.000
Ryan R Brett,TB,3,3,0,2,1,0,0,0,1,0,0,0,.667,.750,1.000,1.750
Joba J Chamberlain,DET,3,0,0,0,0,0,0,0,0,0,0,0,.000,.000,.000,.000
Jesse J Chavez,OAK,3,3,0,1,0,0,0,0,0,2,0,0,.333,.333,.333,.667
A. J. A Cole,WSH,3,2,0,0,0,0,0,0,0,0,0,0,.000,.000,.000,.000
Kyle K Crockett,CLE,3,0,0,0,0,0,0,0,0,0,0,0,.000,.000,.000,.000
Nathan N Eovaldi,NYY,3,5,1,0,0,0,0,0,0,2,0,0,.000,.000,.000,.000
Robbie R Erlin,SD,3,5,0,0,0,0,0,0,0,1,0,0,.000,.000,.000,.000
Casey C Fien,MIN,3,0,0,0,0,0,0,0,0,0,0,0,.000,.000,.000,.000
Charlie C Furbush,SEA,3,0,0,0,0,0,0,0,0,0,0,0,.000,.000,.000,.000
Jason J García Garcia,BAL,3,0,0,0,0,0,0,0,1,0,0,0,.000,1.000,.000,1.000
Luke L Gregerson,HOU,3,0,0,0,0,0,0,0,0,0,0,0,.000,.000,.000,.000
Greg G Holland,KC,3,0,0,0,0,0,0,0,0,0,0,0,.000,.000,.000,.000
David D Huff,LAD,3,1,0,0,0,0,0,0,0,0,0,0,.000,.000,.000,.000
Casey C Kelly,SD,3,2,0,0,0,0,0,0,0,0,0,0,.000,.000,.000,.000
Max M Kepler R,MIN,3,7,0,1,0,0,0,0,0,3,0,0,.143,.143,.143,.286
Aaron A Laffey,COL,3,2,0,1,0,0,0,0,0,1,0,0,.500,.500,.500,1.000
Trevor T May,MIN,3,3,0,0,0,0,0,0,0,3,0,0,.000,.000,.000,.000
Collin C Mc Hugh,HOU,3,8,1,1,0,0,0,0,0,4,0,0,.125,.125,.125,.250
Bryan B Mitchell,NYY,3,1,0,0,0,0,0,0,0,1,0,0,.000,.000,.000,.000
Brent B Morel,PIT,3,7,1,2,1,0,0,1,0,3,0,0,.286,.286,.429,.714
David D Price,TOR,3,9,0,0,0,0,0,0,0,3,0,0,.000,.000,.000,.000
Zach Z Putnam,CWS,3,0,0,0,0,0,0,0,0,0,0,0,.000,.000,.000,.000
Chaz C Roe,BAL,3,0,0,0,0,0,0,0,0,0,0,0,.000,.000,.000,.000
Chris C Sale,CWS,3,9,1,1,0,0,0,0,0,4,0,0,.111,.111,.111,.222
Tony T Sanchez,PIT,3,8,2,3,0,0,0,0,1,3,0,0,.375,.444,.375,.819
Hector H Santiago,LAA,3,5,0,1,0,0,0,0,0,3,0,0,.200,.200,.200,.400
Bo B Schultz,TOR,3,0,0,0,0,0,0,0,0,0,0,0,.000,.000,.000,.000
Bryan B Shaw,CLE,3,0,0,0,0,0,0,0,0,0,0,0,.000,.000,.000,.000
Chasen C Shreve,NYY,3,0,0,0,0,0,0,0,0,0,0,0,.000,.000,.000,.000
Tony T Sipp,HOU,3,0,0,0,0,0,0,0,0,0,0,0,.000,.000,.000,.000
Travis T Tartamella,STL,3,2,0,1,0,0,0,0,0,0,0,0,.500,.500,.500,1.000
Joe J Thatcher,HOU,3,0,0,0,0,0,0,0,0,0,0,0,.000,.000,.000,.000
Yordano Y Ventura,KC,3,6,0,0,0,0,0,0,0,5,0,0,.000,.000,.000,.000
Edinson E Vólquez Volquez,KC,3,6,0,0,0,0,0,0,0,4,0,0,.000,.000,.000,.000
Tyler T Wagner,MIL,3,3,0,0,0,0,0,0,0,2,0,0,.000,.000,.000,.000
Daniel D Webb,CWS,3,0,0,0,0,0,0,0,0,0,0,0,.000,.000,.000,.000
Jemile J Weeks,BOS,3,9,1,3,0,0,0,1,0,2,0,0,.333,.333,.333,.667
Alex A Wilson,DET,3,0,0,0,0,0,0,0,0,0,0,0,.000,.000,.000,.000
Chris C Young,KC,3,4,0,2,0,0,0,3,0,1,0,0,.500,.500,.500,1.000
Cody C Anderson,CLE,2,3,0,0,0,0,0,0,0,3,0,0,.000,.000,.000,.000
Matt M Andriese,TB,2,1,0,0,0,0,0,0,0,0,0,0,.000,.000,.000,.000
Chris C Archer,TB,2,5,0,0,0,0,0,0,0,3,0,0,.000,.000,.000,.000
Homer H Bailey,CIN,2,4,0,0,0,0,0,0,0,1,0,0,.000,.000,.000,.000
Scott S Baker,LAD,2,3,0,0,0,0,0,0,0,1,0,0,.000,.000,.000,.000
Jett J Bandy,LAA,2,2,1,1,0,0,1,1,0,0,0,0,.500,.500,2.000,2.500
Anthony A Bass,TEX,2,0,0,0,0,0,0,0,0,0,0,0,.000,.000,.000,.000
Brandon B Beachy,LAD,2,2,0,0,0,0,0,0,0,1,0,0,.000,.000,.000,.000
Jeff J Beliveau,TB,2,0,0,0,0,0,0,0,0,0,0,0,.000,.000,.000,.000
Zack Z Britton,BAL,2,0,0,0,0,0,0,0,0,0,0,0,.000,.000,.000,.000
Clay C Buchholz,BOS,2,6,0,0,0,0,0,0,0,2,0,0,.000,.000,.000,.000
Orlando O Calixte S,KC,2,3,1,0,0,0,0,0,0,0,0,0,.000,.000,.000,.000
Chris C Capuano,NYY,2,1,0,0,0,0,0,0,0,0,0,0,.000,.000,.000,.000
Garin G Cecchini,BOS,2,4,0,0,0,0,0,0,0,3,0,0,.000,.000,.000,.000
Ryan R Cook,BOS,2,0,0,0,0,0,0,0,0,0,0,0,.000,.000,.000,.000
Abel A De Los Santos,WSH,2,0,0,0,0,0,0,0,0,0,0,0,.000,.000,.000,.000
Elias E Díaz Diaz,PIT,2,2,0,0,0,0,0,0,0,1,0,0,.000,.000,.000,.000
R. A. R Dickey,TOR,2,3,0,0,0,0,0,0,0,1,0,0,.000,.000,.000,.000
Marco M Estrada,TOR,2,6,0,2,0,0,0,0,0,2,0,0,.333,.333,.333,.667
Buck B Farmer,DET,2,4,0,1,0,0,0,0,0,3,0,0,.250,.250,.250,.500
Neftali N Feliz,DET,2,0,0,0,0,0,0,0,0,0,0,0,.000,.000,.000,.000
Cole C Figueroa,NYY,2,8,2,2,2,0,0,0,0,0,0,0,.250,.250,.500,.750
Ernesto E Frieri,TB,2,0,0,0,0,0,0,0,0,0,0,0,.000,.000,.000,.000
Yovani Y Gallardo,TEX,2,4,0,2,1,0,0,0,0,1,0,0,.500,.500,.750,1.250
Kyle K Gibson,MIN,2,5,0,1,0,0,0,0,0,2,0,0,.200,.200,.200,.400
Sonny S Gray,OAK,2,6,0,1,0,0,0,0,0,4,0,0,.167,.167,.167,.333
Shane S Greene,DET,2,5,0,0,0,0,0,0,0,5,0,0,.000,.000,.000,.000
Mayckol M Guaipe,SEA,2,0,0,0,0,0,0,0,0,0,0,0,.000,.000,.000,.000
Preston P Guilmet,MIL,2,0,0,0,0,0,0,0,0,0,0,0,.000,.000,.000,.000
Jeremy J Guthrie,KC,2,4,0,1,0,0,0,0,0,0,0,0,.250,.250,.250,.500
Marcus M Hatley,STL,2,0,0,0,0,0,0,0,0,0,0,0,.000,.000,.000,.000
Andrew A Heaney,LAA,2,5,0,0,0,0,0,0,0,3,0,0,.000,.000,.000,.000
Heath H Hembree,BOS,2,0,0,0,0,0,0,0,0,0,0,0,.000,.000,.000,.000
Adrian A Houser,MIL,2,0,0,0,0,0,0,0,0,0,0,0,.000,.000,.000,.000
Hisashi H Iwakuma,SEA,2,2,0,0,0,0,0,0,0,2,0,0,.000,.000,.000,.000
Juan J Jaime,ATL,2,0,0,0,0,0,0,0,0,0,0,0,.000,.000,.000,.000
Nate N Karns,TB,2,4,1,1,0,0,1,1,0,3,0,0,.250,.250,1.000,1.250
Scott S Kazmir,HOU,2,4,1,1,0,0,0,1,0,2,0,0,.250,.250,.250,.500
Don D Kelly,MIA,2,1,0,0,0,0,0,0,0,0,0,0,.000,.000,.000,.000
Joe J Kelly,BOS,2,5,0,1,0,0,0,1,0,2,0,0,.200,.200,.200,.400
Dallas D Keuchel,HOU,2,5,0,1,0,0,0,0,0,4,0,0,.200,.200,.200,.400
Corey C Kluber,CLE,2,6,0,0,0,0,0,0,0,3,0,0,.000,.000,.000,.000
Ian I Krol,DET,2,0,0,0,0,0,0,0,0,0,0,0,.000,.000,.000,.000
Jorge J López Lopez,MIL,2,2,0,0,0,0,0,0,0,2,0,0,.000,.000,.000,.000
Aaron A Loup,TOR,2,0,0,0,0,0,0,0,0,0,0,0,.000,.000,.000,.000
Chris C Martin,NYY,2,0,0,0,0,0,0,0,0,0,0,0,.000,.000,.000,.000
Nick N Martínez Martinez,TEX,2,4,2,0,0,0,0,0,0,1,0,0,.000,.000,.000,.000
Kris K Medlen,KC,2,0,1,0,0,0,0,0,0,0,0,0,.000,.000,.000,.000
Roman R Mendez,BOS,2,0,0,0,0,0,0,0,0,0,0,0,.000,.000,.000,.000
Alex A Meyer,MIN,2,0,0,0,0,0,0,0,0,0,0,0,.000,.000,.000,.000
Mike M Morin,LAA,2,0,0,0,0,0,0,0,0,0,0,0,.000,.000,.000,.000
Jon J Moscot,CIN,2,4,0,1,0,0,0,0,0,2,0,0,.250,.250,.250,.500
Angel A Nesbitt,DET,2,0,0,0,0,0,0,0,0,0,0,0,.000,.000,.000,.000
Hector H Noesí Noesi,CWS,2,0,0,0,0,0,0,0,0,0,0,0,.000,.000,.000,.000
Jake J Odorizzi,TB,2,4,0,0,0,0,0,0,0,2,0,0,.000,.000,.000,.000
Tyler T Olson,SEA,2,0,0,0,0,0,0,0,0,0,0,0,.000,.000,.000,.000
Dan D Otero,OAK,2,0,0,0,0,0,0,0,0,0,0,0,.000,.000,.000,.000
Spencer S Patton,TEX,2,0,0,0,0,0,0,0,0,0,0,0,.000,.000,.000,.000
James J Pazos,NYY,2,0,0,0,0,0,0,0,0,0,0,0,.000,.000,.000,.000
Mike M Pelfrey,MIN,2,3,0,2,0,0,0,0,0,1,0,0,.667,.667,.667,1.333
Branden B Pinder,NYY,2,1,0,1,1,0,0,1,0,0,0,0,1.000,1.000,2.000,3.000
Erasmo E Ramírez Ramirez,TB,2,2,0,0,0,0,0,0,0,2,0,0,.000,.000,.000,.000
Jose J Ramírez Ramirez,NYY,2,0,0,0,0,0,0,0,0,0,0,0,.000,.000,.000,.000
Cory C Rasmus,LAA,2,1,0,0,0,0,0,0,0,0,0,0,.000,.000,.000,.000
Chris C Reed,MIA,2,0,0,0,0,0,0,0,0,0,0,0,.000,.000,.000,.000
Carlos C Rodón Rodon,CWS,2,1,0,0,0,0,0,0,0,1,0,0,.000,.000,.000,.000
Jorge J Rondon,COL,2,0,0,0,0,0,0,0,0,0,0,0,.000,.000,.000,.000
Danny D Salazar,CLE,2,4,0,0,0,0,0,0,0,4,0,0,.000,.000,.000,.000
Aaron A Sanchez,TOR,2,0,0,0,0,0,0,0,0,0,0,0,.000,.000,.000,.000
Anibal A Sánchez Sanchez,DET,2,4,0,0,0,0,0,0,0,4,0,0,.000,.000,.000,.000
Gary G Sánchez Sanchez,NYY,2,2,0,0,0,0,0,0,0,1,0,0,.000,.000,.000,.000
Evan E Scribner,OAK,2,0,0,0,0,0,0,0,0,0,0,0,.000,.000,.000,.000
Pedro P Severino,WSH,2,4,1,1,1,0,0,0,0,1,0,0,.250,.250,.500,.750
Alfredo A Simon,DET,2,5,0,0,0,0,0,0,0,2,0,0,.000,.000,.000,.000
Ryan R Tepera,TOR,2,0,0,0,0,0,0,0,0,0,0,0,.000,.000,.000,.000
Michael M Tonkin,MIN,2,0,0,0,0,0,0,0,0,0,0,0,.000,.000,.000,.000
Jordany J Valdespin R,MIA,2,4,0,0,0,0,0,0,0,1,0,0,.000,.000,.000,.000
Pat P Venditte,OAK,2,1,0,0,0,0,0,0,0,1,0,0,.000,.000,.000,.000
Adam A Warren,NYY,2,3,0,0,0,0,0,0,0,1,0,0,.000,.000,.000,.000
Matt M West,LAD,2,0,0,0,0,0,0,0,0,0,0,0,.000,.000,.000,.000
C. J. C Wilson,LAA,2,6,0,2,0,0,0,0,0,1,0,0,.333,.333,.333,.667
Tyler T Wilson,BAL,2,2,0,0,0,0,0,0,0,0,0,0,.000,.000,.000,.000
Dan D Winkler,ATL,2,0,0,0,0,0,0,0,0,0,0,0,.000,.000,.000,.000
Mike M Wright Jr.,BAL,2,2,0,1,0,0,0,0,0,1,0,0,.500,.500,.500,1.000
Kirby K Yates,TB,2,0,0,0,0,0,0,0,0,0,0,0,.000,.000,.000,.000
A. J. A Achter,MIN,1,0,0,0,0,0,0,0,0,0,0,0,.000,.000,.000,.000
Miguel M Almonte,KC,1,0,0,0,0,0,0,0,0,0,0,0,.000,.000,.000,.000
Dean D Anna,STL,1,1,0,0,0,0,0,0,0,0,0,0,.000,.000,.000,.000
Phillippe P Aumont,PHI,1,0,0,0,0,0,0,0,1,0,0,0,.000,1.000,.000,1.000
Andrew A Bailey,NYY,1,0,0,0,0,0,0,0,0,0,0,0,.000,.000,.000,.000
Grant G Balfour,TB,1,0,0,0,0,0,0,0,0,0,0,0,.000,.000,.000,.000
Chris C Bassitt,OAK,1,2,0,0,0,0,0,0,0,1,0,0,.000,.000,.000,.000
Cam C Bedrosian,LAA,1,0,0,0,0,0,0,0,0,0,0,0,.000,.000,.000,.000
Ronald R Belisario,TB,1,1,0,0,0,0,0,0,0,0,0,0,.000,.000,.000,.000
Matthew M Boyd,DET,1,0,0,0,0,0,0,0,0,0,0,0,.000,.000,.000,.000
Aaron A Brooks,OAK,1,2,0,0,0,0,0,0,0,0,0,0,.000,.000,.000,.000
Leonel L Campos,SD,1,0,0,0,0,0,0,0,0,0,0,0,.000,.000,.000,.000
Carlos C Carrasco,CLE,1,1,0,1,0,0,0,0,0,0,0,0,1.000,1.000,1.000,2.000
Scott S Carroll,CWS,1,0,0,0,0,0,0,0,0,0,0,0,.000,.000,.000,.000
Angel A Castro,OAK,1,0,0,0,0,0,0,0,0,0,0,0,.000,.000,.000,.000
Michael M Choice R,TEX,1,1,0,0,0,0,0,0,0,1,0,0,.000,.000,.000,.000
Alex A Colomé Colome,TB,1,0,0,0,0,0,0,0,0,0,0,0,.000,.000,.000,.000
Scott S Copeland,TOR,1,1,0,0,0,0,0,0,0,1,0,0,.000,.000,.000,.000
John J Cornely,ATL,1,0,0,0,0,0,0,0,0,0,0,0,.000,.000,.000,.000
Caleb C Cotham,NYY,1,0,0,0,0,0,0,0,0,0,0,0,.000,.000,.000,.000
Kyle K Davies,NYY,1,0,0,0,0,0,0,0,0,0,0,0,.000,.000,.000,.000
Steve S Delabar,TOR,1,0,0,0,0,0,0,0,0,0,0,0,.000,.000,.000,.000
Jose J Domínguez Dominguez,TB,1,0,0,0,0,0,0,0,0,0,0,0,.000,.000,.000,.000
Sean S Doolittle,OAK,1,0,0,0,0,0,0,0,0,0,0,0,.000,.000,.000,.000
Oliver O Drake,BAL,1,0,0,0,0,0,0,0,0,0,0,0,.000,.000,.000,.000
Danny D Farquhar,SEA,1,0,0,0,0,0,0,0,0,0,0,0,.000,.000,.000,.000
Andrew A Faulkner,TEX,1,0,0,0,0,0,0,0,0,0,0,0,.000,.000,.000,.000
Scott S Feldman,HOU,1,2,0,1,0,0,0,0,0,1,0,0,.500,.500,.500,1.000
Michael M Feliz,HOU,1,0,0,0,0,0,0,0,0,0,0,0,.000,.000,.000,.000
Daniel D Fields L,DET,1,3,1,1,1,0,0,0,0,2,0,0,.333,.333,.667,1.000
Kevin K Gausman,BAL,1,0,0,0,0,0,0,0,0,0,0,0,.000,.000,.000,.000
Mychal M Givens,BAL,1,0,0,0,0,0,0,0,0,0,0,0,.000,.000,.000,.000
Marco M Gonzales,STL,1,0,0,0,0,0,0,0,0,0,0,0,.000,.000,.000,.000
Miguel M González Gonzalez,BAL,1,1,0,0,0,0,0,0,0,0,0,0,.000,.000,.000,.000
Nick N Goody,NYY,1,0,0,0,0,0,0,0,0,0,0,0,.000,.000,.000,.000
Kendall K Graveman,OAK,1,0,0,0,0,0,0,0,0,0,0,0,.000,.000,.000,.000
Nick N Greenwood,STL,1,0,0,0,0,0,0,0,0,0,0,0,.000,.000,.000,.000
Junior J Guerra,CWS,1,0,0,0,0,0,0,0,0,0,0,0,.000,.000,.000,.000
Nick N Hagadone,CLE,1,0,0,0,0,0,0,0,0,0,0,0,.000,.000,.000,.000
Jesse J Hahn,OAK,1,3,0,0,0,0,0,0,0,2,0,0,.000,.000,.000,.000
Donovan D Hand,CIN,1,1,0,0,0,0,0,0,0,0,0,0,.000,.000,.000,.000
Matt M Harrison,TEX,1,2,0,0,0,0,0,0,0,1,0,0,.000,.000,.000,.000
Felix F Hernández Hernandez,SEA,1,3,0,0,0,0,0,0,0,1,0,0,.000,.000,.000,.000
Roberto R Hernandez,HOU,1,2,1,0,0,0,0,0,1,2,0,0,.000,.333,.000,.333
Phil P Hughes,MIN,1,3,0,0,0,0,0,0,0,0,0,0,.000,.000,.000,.000
Drew D Hutchison,TOR,1,0,0,0,0,0,0,0,0,0,0,0,.000,.000,.000,.000
Guido G Knudson,DET,1,0,0,0,0,0,0,0,0,0,0,0,.000,.000,.000,.000
Gerald G Laird,ARI,1,2,0,0,0,0,0,0,0,0,0,0,.000,.000,.000,.000
Zach Z Lee,LAD,1,2,0,0,0,0,0,0,0,0,0,0,.000,.000,.000,.000
Colby C Lewis,TEX,1,2,0,0,0,0,0,0,0,2,0,0,.000,.000,.000,.000
Justin J Masterson,BOS,1,3,0,2,0,0,0,1,0,1,0,0,.667,.667,.667,1.333
Lance L Mc Cullers,HOU,1,2,0,0,0,0,0,0,0,1,0,0,.000,.000,.000,.000
T. J. T Mc Farland,BAL,1,0,0,0,0,0,0,0,0,0,0,0,.000,.000,.000,.000
Wade W Miley,BOS,1,2,0,0,0,0,0,0,0,0,0,0,.000,.000,.000,.000
Tommy T Milone,MIN,1,2,0,0,0,0,0,0,0,1,0,0,.000,.000,.000,.000
Mike M Montgomery,SEA,1,3,0,0,0,0,0,0,0,2,0,0,.000,.000,.000,.000
Adam A Moore,CLE,1,4,0,1,0,0,0,1,0,2,0,0,.250,.250,.250,.500
Matt M Moore,TB,1,1,0,0,0,0,0,0,0,0,0,0,.000,.000,.000,.000
Ricky R Nolasco,MIN,1,3,0,0,0,0,0,0,0,3,0,0,.000,.000,.000,.000
Daniel D Norris,DET,1,2,1,1,0,0,1,2,1,1,0,0,.500,.667,2.000,2.667
Brett B Oberholtzer,HOU,1,0,0,0,0,0,0,0,1,0,0,0,.000,1.000,.000,1.000
Ross R Ohlendorf,TEX,1,0,0,0,0,0,0,0,0,0,0,0,.000,.000,.000,.000
Henry H Owens,BOS,1,2,0,0,0,0,0,0,0,2,0,0,.000,.000,.000,.000
James J Paxton,SEA,1,2,0,0,0,0,0,0,0,2,0,0,.000,.000,.000,.000
Martin M Pérez Perez,TEX,1,2,0,0,0,0,0,0,0,2,0,0,.000,.000,.000,.000
Vinnie V Pestano,LAA,1,0,0,0,0,0,0,0,0,0,0,0,.000,.000,.000,.000
Stolmy S Pimentel,TEX,1,0,0,0,0,0,0,0,0,0,0,0,.000,.000,.000,.000
Michael M Pineda,NYY,1,2,0,0,0,0,0,0,0,1,0,0,.000,.000,.000,.000
Rick R Porcello,BOS,1,2,0,0,0,0,0,0,0,2,0,0,.000,.000,.000,.000
Anthony A Ranaudo,TEX,1,2,0,0,0,0,0,0,0,2,0,0,.000,.000,.000,.000
Donn D Roach,CHC,1,1,0,1,0,0,0,1,0,0,0,0,1.000,1.000,1.000,2.000
Eduardo E Rodriguez,BOS,1,2,0,0,0,0,0,0,0,2,0,0,.000,.000,.000,.000
Wandy W Rodriguez,TEX,1,2,1,1,0,0,0,0,0,0,0,0,.500,.500,.500,1.000
Esmil E Rogers,NYY,1,0,0,0,0,0,0,0,0,0,0,0,.000,.000,.000,.000
Austin Au Romine,NYY,1,2,0,0,0,0,0,0,0,0,0,0,.000,.000,.000,.000
Bruce B Rondón Rondon,DET,1,0,0,0,0,0,0,0,0,0,0,0,.000,.000,.000,.000
Seth S Rosin,PHI,1,0,0,0,0,0,0,0,0,0,0,0,.000,.000,.000,.000
Drew D Rucinski,LAA,1,0,0,0,0,0,0,0,0,0,0,0,.000,.000,.000,.000
Nick N Rumbelow,NYY,1,0,0,0,0,0,0,0,0,0,0,0,.000,.000,.000,.000
C Sabathia,NYY,1,3,0,0,0,0,0,0,0,2,0,0,.000,.000,.000,.000
Casey C Sadler,PIT,1,1,0,0,0,0,0,0,0,0,0,0,.000,.000,.000,.000
Jeff J Samardzija,CWS,1,2,0,1,0,0,0,0,0,1,0,0,.500,.500,.500,1.000
Luis L Severino,NYY,1,2,0,0,0,0,0,0,0,0,0,0,.000,.000,.000,.000
Matt M Shoemaker,LAA,1,1,0,0,0,0,0,0,1,0,0,0,.000,.500,.000,.500
Eric E Surkamp,LAD,1,0,0,0,0,0,0,0,0,0,0,0,.000,.000,.000,.000
Chris C Tillman,BAL,1,2,0,0,0,0,0,0,0,2,0,0,.000,.000,.000,.000
Koji K Uehara,BOS,1,0,0,0,0,0,0,0,0,0,0,0,.000,.000,.000,.000
Vince V Velasquez,HOU,1,0,0,0,0,0,0,0,0,0,0,0,.000,.000,.000,.000
Drew D Ver Hagen,DET,1,0,0,0,0,0,0,0,0,0,0,0,.000,.000,.000,.000
Chris C Volstad,PIT,1,0,0,0,0,0,0,0,0,0,0,0,.000,.000,.000,.000
Kyle K Waldrop,CIN,1,1,0,0,0,0,0,0,0,1,0,0,.000,.000,.000,.000
Jered J Weaver,LAA,1,2,0,0,0,0,0,0,0,1,0,0,.000,.000,.000,.000
Joe J Wieland,LAD,1,1,0,0,0,0,0,0,0,1,0,0,.000,.000,.000,.000
Steven S Wright,BOS,1,1,0,0,0,0,0,0,0,0,0,0,.000,.000,.000,.000
