PLAYER,TEAM,W,L,ERA,GS,CG,SHO,SV,SVO,IP,H,R,ER,HR,HB,BB,SO,WHIP,AVG
Eddie E Guardado,MIN,6,5,5.25,83,0,0,0,4,4,73.2,61,45,43,12,3,33,74,1.28,.228
Mike M Myers,DET,1,5,5.01,83,0,0,0,6,6,64.2,70,41,36,6,4,34,69,1.61,.272
Brad B Clontz,ATL,6,3,5.69,81,0,0,0,1,1,80.2,78,53,51,11,2,33,49,1.38,.255
Mike M Stanton,TEX,4,4,3.66,81,0,0,0,1,1,78.2,78,32,32,11,0,27,60,1.33,.265
Bob B Patterson,CHC,3,3,3.13,79,0,0,0,8,8,54.2,46,19,19,6,1,22,53,1.24,.229
Mark M Dewey,SF,6,3,4.21,78,0,0,0,0,0,83.1,79,40,39,9,5,41,57,1.44,.257
Jeff J Shaw,CIN,8,6,2.49,78,0,0,0,4,4,104.2,99,34,29,8,2,29,69,1.22,.252
Mark M Wohlers,ATL,2,4,3.03,77,0,0,0,39,39,77.1,71,30,26,8,2,21,100,1.19,.240
Robb R Nen,FLA,5,1,1.95,75,0,0,0,35,35,83.0,67,21,18,2,1,21,92,1.06,.225
Heathcliff H Slocumb,BOS,5,5,3.02,75,0,0,0,31,31,83.1,68,31,28,2,3,55,88,1.48,.222
Mel M Rojas,MON,7,4,3.22,74,0,0,0,36,36,81.0,56,30,29,5,2,28,92,1.04,.193
Michael M Jackson,SEA,1,1,3.63,73,0,0,0,6,6,72.0,61,32,29,11,6,24,70,1.18,.225
Greg G Mc Michael,ATL,5,3,3.22,73,0,0,0,2,2,86.2,84,37,31,4,1,27,78,1.28,.253
Jeff J Nelson,NYY,4,4,4.36,73,0,0,0,2,2,74.1,75,38,36,6,2,36,91,1.49,.262
Antonio A Osuna,LA,9,6,3.00,73,0,0,0,4,4,84.0,65,33,28,6,2,32,85,1.15,.220
Dan D Plesac,PIT,6,5,4.09,73,0,0,0,11,11,70.1,67,35,32,4,0,24,76,1.29,.247
Buddy B Groom,OAK,5,0,3.84,72,1,0,0,2,2,77.1,85,37,33,8,3,34,57,1.54,.281
Roberto R Hernandez,CWS,6,5,1.91,72,0,0,0,38,38,84.2,65,21,18,2,0,38,85,1.22,.208
Richie R Lewis,DET,4,6,4.18,72,0,0,0,2,2,90.1,78,45,42,9,4,65,78,1.58,.238
Mike M Mohler,OAK,6,3,3.67,72,0,0,0,7,7,81.0,79,36,33,9,1,41,64,1.48,.263
Todd T Worrell,LA,4,6,3.03,72,0,0,0,44,44,65.1,70,29,22,5,2,15,66,1.30,.265
Terry T Mathews,BAL,4,6,4.52,71,0,0,0,4,4,73.2,79,40,37,10,1,34,62,1.53,.275
Bruce B Ruffin,COL,7,5,4.00,71,0,0,0,24,24,69.2,55,35,31,5,0,29,74,1.21,.212
Norm N Charlton,SEA,4,7,4.04,70,0,0,0,20,20,75.2,68,37,34,7,1,38,73,1.40,.244
Mike M Dyer,MON,5,5,4.40,70,1,0,0,2,2,75.2,79,40,37,7,5,34,51,1.49,.277
Trevor T Hoffman,SD,9,5,2.25,70,0,0,0,42,42,88.0,50,23,22,6,2,31,111,0.92,.161
Curt C Leskanic,COL,7,5,6.23,70,0,0,0,6,6,73.2,82,51,51,12,2,38,76,1.63,.285
Steve S Reed,COL,4,3,3.96,70,0,0,0,0,0,75.0,66,38,33,11,6,19,51,1.13,.239
Turk T Wendell,CHC,4,5,2.84,70,0,0,0,18,18,79.1,58,26,25,8,3,44,75,1.29,.201
Bob B Wickman,MIL,7,1,4.42,70,0,0,0,0,0,95.2,106,50,47,10,5,44,75,1.57,.283
Terry T Adams,CHC,3,6,2.94,69,0,0,0,4,4,101.0,84,36,33,6,1,49,78,1.32,.231
Toby T Borland,PHI,7,3,4.07,69,0,0,0,0,0,90.2,83,51,41,9,3,43,76,1.39,.239
Mike M James,CAL,5,5,2.67,69,0,0,0,1,1,81.0,62,27,24,7,10,42,65,1.28,.214
Jose J Mesa,CLE,2,7,3.73,69,0,0,0,39,39,72.1,69,32,30,6,3,28,64,1.34,.257
Dave D Veres,MON,6,3,4.17,68,0,0,0,4,4,77.2,85,39,36,10,6,32,81,1.51,.277
T. J. T Mathews,STL,2,6,3.01,67,0,0,0,6,6,83.2,62,32,28,8,2,32,80,1.12,.203
Jim J Poole,SF,6,1,2.86,67,0,0,0,0,0,50.1,44,22,16,5,1,27,38,1.41,.237
Jay J Powell,FLA,4,3,4.54,67,0,0,0,2,2,71.1,71,41,36,5,4,36,52,1.50,.255
Jeff J Brantley,CIN,1,2,2.41,66,0,0,0,44,44,71.0,54,21,19,7,0,28,76,1.15,.215
Mark M Guthrie,LA,2,3,2.22,66,0,0,0,1,1,73.0,65,21,18,3,1,22,56,1.19,.240
Jesse J Orosco,BAL,3,1,3.40,66,0,0,0,0,0,55.2,42,22,21,5,2,28,52,1.26,.207
Tony T Fossas,STL,0,4,2.68,65,0,0,0,2,2,47.0,43,19,14,7,0,21,36,1.36,.231
Graeme G Lloyd,NYY,2,6,4.29,65,0,0,0,0,0,56.2,61,30,27,4,1,22,30,1.46,.276
Tim T Scott,SF,5,7,4.64,65,0,0,0,1,1,66.0,65,36,34,8,3,30,47,1.44,.262
Omar O Daal,MON,4,5,4.02,64,6,0,0,0,0,87.1,74,40,39,10,1,37,82,1.27,.228
Yorkis Y Perez,FLA,3,4,5.29,64,0,0,0,0,0,47.2,51,28,28,2,1,31,47,1.72,.274
Bill B Simas,CWS,2,8,4.58,64,0,0,0,2,2,72.2,75,39,37,5,3,39,65,1.57,.265
Paul P Assenmacher,CLE,4,2,3.09,63,0,0,0,1,1,46.2,46,18,16,1,4,14,44,1.29,.260
Rod R Beck,SF,0,9,3.34,63,0,0,0,35,35,62.0,56,23,23,9,1,10,48,1.06,.238
Doug D Bochtler,SD,2,4,3.02,63,0,0,0,3,3,65.2,45,25,22,6,1,39,68,1.28,.195
Doug D Creek,SF,0,2,6.52,63,0,0,0,0,0,48.1,45,41,35,11,2,32,38,1.59,.243
Dennis D Eckersley,STL,0,6,3.30,63,0,0,0,30,30,60.0,65,26,22,8,4,6,49,1.18,.274
Darren D Holmes,COL,5,4,3.97,62,0,0,0,1,1,77.0,78,41,34,8,1,28,73,1.38,.260
Randy R Myers,BAL,4,4,3.53,62,0,0,0,31,31,58.2,60,24,23,7,1,29,74,1.52,.265
Troy T Percival,CAL,0,2,2.31,62,0,0,0,36,36,74.0,38,20,19,8,2,31,100,0.93,.149
Ken K Ryan,PHI,3,5,2.43,62,0,0,0,8,8,89.0,71,32,24,4,1,45,70,1.30,.223
John J Wetteland,NYY,2,3,2.83,62,0,0,0,43,43,63.2,54,23,20,9,0,21,69,1.18,.224
Ricky R Bottalico,PHI,4,5,3.19,61,0,0,0,34,34,67.2,47,24,24,6,2,23,74,1.03,.197
Mike M Fetters,MIL,3,3,3.38,61,0,0,0,32,32,61.1,65,28,23,4,1,26,53,1.48,.274
Xavier X Hernandez,HOU,5,5,4.62,61,0,0,0,6,6,78.0,77,45,40,13,2,28,81,1.35,.258
Rick R Honeycutt,STL,2,1,2.85,61,0,0,0,4,4,47.1,42,15,15,3,0,7,30,1.04,.240
Mariano M Rivera,NYY,8,3,2.09,61,0,0,0,5,5,107.2,73,25,25,1,2,34,130,0.99,.189
Willie W Blair,SD,2,6,4.60,60,0,0,0,1,1,88.0,80,52,45,13,7,29,67,1.24,.240
Dennis D Cook,TEX,5,2,4.09,60,0,0,0,0,0,70.1,53,34,32,2,7,35,64,1.25,.214
Francisco F Cordova,PIT,4,7,4.09,59,6,0,0,12,12,99.0,103,49,45,11,2,20,95,1.24,.263
Mike M Timlin,TOR,1,6,3.65,59,0,0,0,31,31,56.2,47,25,23,4,2,18,52,1.15,.229
Doug D Henry,NYM,2,8,4.68,58,0,0,0,9,9,75.0,82,48,39,7,1,36,58,1.57,.273
Jeff J Juden,MON,5,0,3.27,58,0,0,0,0,0,74.1,61,35,27,8,5,34,61,1.28,.223
Scott S Radinsky,LA,5,1,2.41,58,0,0,0,1,1,52.1,52,19,14,2,0,17,48,1.32,.264
Jerry J Dipoto,NYM,7,2,4.19,57,0,0,0,0,0,77.1,91,44,36,5,3,45,52,1.76,.298
Hipolito H Pichardo,KC,3,5,5.43,57,0,0,0,3,3,68.0,74,41,41,5,2,26,43,1.47,.284
Larry L Thomas,CWS,2,3,3.23,57,0,0,0,0,0,30.2,32,11,11,1,3,14,20,1.50,.281
Hector H Carrasco,CIN,4,3,3.75,56,0,0,0,0,0,74.1,58,37,31,6,1,45,59,1.39,.214
Jim J Corsi,OAK,6,0,4.03,56,0,0,0,3,3,73.2,71,33,33,6,3,34,43,1.43,.270
Rich R De Lucia,SF,3,6,5.84,56,0,0,0,0,0,61.2,62,44,40,8,3,31,55,1.51,.259
Eric E Plunk,CLE,3,2,2.43,56,0,0,0,2,2,77.2,56,21,21,6,3,34,85,1.16,.203
Mark M Brandenburg,BOS,5,5,3.43,55,0,0,0,0,0,76.0,76,35,29,8,3,33,66,1.43,.258
Tony T Castillo,CWS,5,4,3.60,55,0,0,0,2,2,95.0,95,45,38,10,3,24,57,1.25,.262
Jeff J Russell,TEX,3,3,3.38,55,0,0,0,3,3,56.0,58,22,21,5,4,22,23,1.43,.269
Billy B Taylor,OAK,6,3,4.33,55,0,0,0,17,17,60.1,52,30,29,5,4,25,67,1.28,.231
Bryce B Florie,MIL,2,3,4.74,54,0,0,0,0,0,68.1,65,40,36,4,6,40,63,1.54,.248
Mike M Munoz,COL,2,2,6.65,54,0,0,0,0,0,44.2,55,33,33,4,1,16,45,1.59,.302
Lee L Smith,CIN,3,4,3.74,54,0,0,0,2,2,55.1,57,24,23,4,1,26,41,1.50,.264
Rafael R Carmona,SEA,8,3,4.28,53,1,0,0,1,1,90.1,95,47,43,11,3,55,62,1.66,.273
Tim T Crabtree,TOR,5,3,2.54,53,0,0,0,1,1,67.1,59,26,19,4,3,22,57,1.20,.231
Barry B Manuel,MON,4,1,3.24,53,0,0,0,0,0,86.0,70,34,31,10,7,26,62,1.12,.220
Alvin A Morman,HOU,4,1,4.93,53,0,0,0,0,0,42.0,43,24,23,8,0,24,31,1.60,.261
Joey J Eischen,DET,1,2,4.21,52,0,0,0,0,0,68.1,75,36,32,7,4,34,51,1.60,.283
Doug D Jones,MIL,7,2,4.22,52,0,0,0,3,3,64.0,72,33,30,7,3,20,60,1.44,.281
Chuck C Mc Elroy,CAL,7,1,3.86,52,0,0,0,0,0,49.0,45,22,21,4,2,23,45,1.39,.246
Gregg G Olson,HOU,4,0,4.99,52,0,0,0,8,8,52.1,55,30,29,7,1,35,37,1.72,.268
Ed E Vosberg,TEX,1,1,3.27,52,0,0,0,8,8,44.0,51,17,16,4,0,21,32,1.64,.298
Cory C Bailey,STL,5,2,3.00,51,0,0,0,0,0,57.0,57,21,19,1,1,30,38,1.53,.263
John J Franco,NYM,4,3,1.83,51,0,0,0,28,28,54.0,54,15,11,2,0,21,48,1.39,.260
Todd T Jones,HOU,6,3,4.40,51,0,0,0,17,17,57.1,61,30,28,5,5,32,44,1.62,.274
Jon J Lieber,PIT,9,5,3.99,51,15,0,0,1,1,142.0,156,70,63,19,3,28,94,1.30,.279
Dave D Mlicki,NYM,6,7,3.30,51,2,0,0,1,1,90.0,95,46,33,9,6,33,83,1.42,.277
Jeff J Parrett,PHI,3,3,3.39,51,0,0,0,0,0,66.1,64,25,25,2,1,31,64,1.43,.254
Russ R Springer,PHI,3,10,4.66,51,7,0,0,0,0,96.2,106,60,50,12,1,38,94,1.49,.272
Julian J Tavarez,CLE,4,7,5.36,51,4,0,0,0,0,80.2,101,49,48,9,1,22,46,1.52,.315
Bobby B Ayala,SEA,6,3,5.88,50,0,0,0,3,3,67.1,65,45,44,10,2,25,61,1.34,.256
Greg G Hansell,MIN,3,0,5.69,50,0,0,0,3,3,74.1,83,48,47,14,2,31,46,1.53,.285
Matt M Karchner,CWS,7,4,5.76,50,0,0,0,1,1,59.1,61,42,38,10,2,41,46,1.72,.268
Tim T Worrell,SD,9,7,3.05,50,11,0,0,1,1,121.0,109,45,41,9,6,39,99,1.22,.236
Mike M Henneman,TEX,0,7,5.79,49,0,0,0,31,31,42.0,41,28,27,6,0,17,34,1.38,.258
Jason J Jacome,KC,0,4,4.72,49,2,0,0,1,1,47.2,67,27,25,5,2,22,32,1.87,.337
Alan A Mills,BAL,3,2,4.28,49,0,0,0,3,3,54.2,40,26,26,10,1,35,50,1.37,.208
Dan D Naulty,MIN,3,2,3.79,49,0,0,0,4,4,57.0,43,26,24,5,0,35,56,1.37,.207
Johnny J Ruffin,CIN,1,3,5.49,49,0,0,0,0,0,62.1,71,42,38,10,2,37,69,1.73,.292
Dave D Stevens,MIN,3,3,4.66,49,0,0,0,11,11,58.0,58,31,30,12,0,25,29,1.43,.264
Kent K Bottenfield,CHC,3,5,2.63,48,0,0,0,1,1,61.2,59,25,18,3,3,19,33,1.26,.255
Jeff J Montgomery,KC,4,6,4.26,48,0,0,0,24,24,63.1,59,31,30,14,3,19,45,1.23,.251
Chan Ho C Park,LA,5,5,3.64,48,10,0,0,0,0,108.2,82,48,44,7,4,71,119,1.41,.209
Mark M Petkovsek,STL,11,2,3.55,48,6,0,0,0,0,88.2,83,37,35,9,5,35,45,1.33,.251
Marc M Wilkins,PIT,4,3,3.84,47,2,0,0,1,1,75.0,75,36,32,6,6,36,62,1.48,.266
Angel A Miranda,MIL,7,6,4.94,46,12,0,0,1,1,109.1,116,68,60,12,2,69,78,1.69,.277
Carlos C Reyes,OAK,7,10,4.78,46,10,0,0,0,0,122.1,134,71,65,19,2,61,78,1.59,.282
Scott S Sanders,SD,9,5,3.38,46,16,0,0,0,0,144.0,117,58,54,10,2,48,157,1.15,.221
Rodney R Myers,CHC,2,1,4.68,45,0,0,0,0,0,67.1,61,38,35,6,3,38,50,1.47,.243
Gil G Heredia,TEX,2,5,5.89,44,0,0,0,1,1,73.1,91,50,48,12,1,14,43,1.43,.301
Dan D Miceli,PIT,2,10,5.78,44,9,0,0,1,1,85.2,99,65,55,15,3,45,66,1.68,.291
Ron R Villone,MIL,1,1,3.14,44,0,0,0,2,2,43.0,31,15,15,6,5,25,38,1.30,.207
Terrell T Wade,ATL,5,0,2.97,44,8,0,0,1,1,69.2,57,28,23,9,1,47,79,1.49,.227
Pedro P Borbon,ATL,3,0,2.75,43,0,0,0,1,1,36.0,26,12,11,1,1,7,31,0.92,.203
Mike M Trombley,MIN,5,1,3.01,43,0,0,0,6,6,68.2,61,24,23,2,5,25,57,1.25,.236
Paul P Shuey,CLE,5,2,2.85,42,0,0,0,4,4,53.2,45,19,17,6,0,26,44,1.32,.231
David D Weathers,NYY,2,4,5.48,42,12,0,0,0,0,88.2,108,60,54,8,6,42,53,1.69,.305
Sean S Bergman,SD,6,8,4.37,41,14,0,0,0,0,113.1,119,63,55,14,2,33,85,1.34,.274
Roger R Mc Dowell,BAL,1,1,4.25,41,0,0,0,4,4,59.1,69,32,28,7,2,23,20,1.55,.296
Mike M Bielecki,ATL,4,3,2.63,40,5,0,0,2,2,75.1,63,24,22,8,0,33,71,1.27,.224
Tim T Davis,SEA,2,2,4.01,40,0,0,0,0,0,42.2,43,21,19,4,2,17,34,1.41,.259
Doug D Johns,OAK,6,12,5.98,40,23,1,0,1,1,158.0,187,112,105,21,6,69,71,1.62,.297
Brian B Williams,DET,3,10,6.77,40,17,2,1,2,2,121.0,145,107,91,21,6,85,72,1.90,.304
Vaughn V Eshelman,BOS,6,3,7.08,39,10,0,0,0,0,87.2,112,79,69,13,2,58,59,1.94,.311
Dean D Hartgraves,ATL,1,0,4.78,39,0,0,0,0,0,37.2,34,21,20,4,2,23,30,1.51,.245
Jose J Lima,DET,5,6,5.70,39,4,0,0,3,3,72.2,87,48,46,13,5,22,59,1.50,.296
Mike M Milchin,BAL,3,1,7.44,39,0,0,0,0,0,32.2,44,28,27,6,0,17,29,1.87,.336
Paul P Byrd,NYM,1,2,4.24,38,0,0,0,0,0,46.2,48,22,22,7,0,21,31,1.48,.265
Chris C Hammond,FLA,5,8,6.56,38,9,0,0,0,0,81.0,104,65,59,14,4,27,50,1.62,.315
Mike M Magnante,KC,2,2,5.67,38,0,0,0,0,0,54.0,58,38,34,5,4,24,32,1.52,.282
Paul P Quantrill,TOR,5,14,5.43,38,20,0,0,0,0,134.1,172,90,81,27,2,51,86,1.66,.317
Frankie F Rodriguez,MIN,13,14,5.05,38,33,3,0,2,2,206.2,218,129,116,27,5,78,110,1.43,.272
Jose J Bautista,SF,3,4,3.36,37,1,0,0,0,0,69.2,66,32,26,10,2,15,28,1.16,.249
Shawn S Boskie,CAL,12,11,5.32,37,28,1,0,0,0,189.1,226,126,112,40,13,67,133,1.55,.294
Jim J Bullinger,CHC,6,10,6.54,37,20,1,1,1,1,129.1,144,101,94,15,8,68,90,1.64,.283
Rich R Garces,BOS,3,2,4.91,37,0,0,0,0,0,44.0,42,26,24,5,0,33,55,1.70,.251
Ramon R Garcia,MIL,4,4,6.66,37,2,0,0,4,4,75.2,84,58,56,17,6,21,40,1.39,.287
Todd T Van Poppel,DET,3,9,9.06,37,15,1,1,1,1,99.1,139,107,100,24,3,62,53,2.02,.335
Billy B Wagner,HOU,2,2,2.44,37,0,0,0,9,9,51.2,28,16,14,6,3,30,67,1.12,.165
Scott S Aldred,MIN,6,9,6.21,36,25,0,0,0,0,165.1,194,125,114,29,6,68,111,1.58,.294
Andy A Benes,STL,18,10,3.83,36,34,3,1,1,1,230.1,215,107,98,28,6,77,160,1.27,.247
Ricky R Bones,NYY,7,14,6.22,36,24,0,0,0,0,152.0,184,115,105,30,10,68,63,1.66,.301
Tom T Glavine,ATL,15,10,2.98,36,36,1,0,0,0,235.1,222,91,78,14,0,85,181,1.30,.249
Joe J Hudson,BOS,3,5,5.40,36,0,0,0,1,1,45.0,57,35,27,4,0,32,19,1.98,.318
Mike M Mussina,BAL,19,11,4.81,36,36,4,1,0,0,243.1,264,137,130,31,3,69,204,1.37,.275
Rich R Robertson,MIN,7,17,5.12,36,31,5,3,0,0,186.1,197,113,106,22,9,116,114,1.68,.273
Bob B Tewksbury,SD,10,10,4.31,36,33,1,0,0,0,206.2,224,116,99,17,3,43,126,1.29,.275
Bob B Wells,SEA,12,7,5.30,36,16,1,1,0,0,130.2,141,78,77,25,6,46,94,1.43,.274
Don D Wengert,OAK,7,11,5.58,36,25,1,1,0,0,161.1,200,102,100,29,6,60,75,1.61,.307
Wilson W Alvarez,CWS,15,10,4.22,35,35,0,0,0,0,217.1,216,106,102,21,4,97,181,1.44,.258
Pedro P Astacio,LA,9,8,3.44,35,32,0,0,0,0,211.2,207,86,81,18,9,67,130,1.29,.261
Tim T Belcher,KC,15,11,3.92,35,35,4,1,0,0,238.2,262,117,104,28,6,68,113,1.38,.281
Larry L Casian,CHC,1,1,1.88,35,0,0,0,0,0,24.0,14,5,5,2,1,11,15,1.04,.187
Alex A Fernandez,CWS,16,10,3.45,35,35,6,1,0,0,258.0,248,110,99,34,7,72,200,1.24,.253
Chuck C Finley,CAL,15,16,4.16,35,35,4,1,0,0,238.0,241,124,110,27,11,94,215,1.41,.263
Jason J Grimsley,CAL,5,7,6.84,35,20,2,1,0,0,130.1,150,110,99,14,13,74,82,1.72,.286
Chris C Haney,KC,10,14,4.70,35,35,4,1,0,0,228.0,267,136,119,29,6,51,115,1.39,.291
Erik E Hanson,TOR,13,17,5.41,35,35,4,1,0,0,214.2,243,143,129,26,2,102,156,1.61,.289
Pat P Hentgen,TOR,20,10,3.22,35,35,10,3,0,0,265.2,238,105,95,20,5,94,177,1.25,.241
Ken K Hill,TEX,16,10,3.63,35,35,7,3,0,0,250.2,250,110,101,19,6,95,170,1.38,.263
Sterling S Hitchcock,SEA,13,9,5.35,35,35,0,0,0,0,196.2,245,131,117,27,7,73,132,1.62,.309
Darryl D Kile,HOU,12,11,4.19,35,33,4,0,0,0,219.0,233,113,102,16,16,97,219,1.51,.276
Mark M Leiter,MON,8,12,4.92,35,34,2,0,0,0,205.0,219,128,112,37,16,69,164,1.40,.273
Greg G Maddux,ATL,15,11,2.72,35,35,5,1,0,0,245.0,225,85,74,11,3,28,172,1.03,.241
Ben B Mc Donald,MIL,12,10,3.90,35,35,2,0,0,0,221.1,228,104,96,25,6,67,146,1.33,.264
Jaime J Navarro,CHC,15,12,3.92,35,35,4,1,0,0,236.2,244,116,103,25,10,72,158,1.34,.269
Andy A Pettitte,NYY,21,8,3.87,35,34,2,0,0,0,221.0,229,105,95,23,3,72,162,1.36,.271
Brad B Radke,MIN,11,16,4.46,35,35,3,0,0,0,232.0,231,125,115,40,4,57,148,1.24,.256
Shane S Reynolds,HOU,16,10,3.65,35,35,4,1,0,0,239.0,227,103,97,20,8,44,204,1.13,.249
Kevin K Ritz,COL,17,11,5.28,35,35,2,0,0,0,213.0,236,135,125,24,12,105,105,1.60,.282
John J Smiley,CIN,13,14,3.64,35,34,2,2,0,0,217.1,207,100,88,20,4,54,171,1.20,.256
John J Smoltz,ATL,24,8,2.94,35,35,6,2,0,0,253.2,199,93,83,19,2,55,276,1.00,.216
Alan A Benes,STL,13,10,4.90,34,32,3,1,0,0,191.0,192,120,104,27,7,87,131,1.46,.266
Dave D Burba,CIN,11,13,3.83,34,33,0,0,0,0,195.0,179,96,83,18,2,97,148,1.42,.244
John J Burkett,TEX,11,12,4.24,34,34,2,1,0,0,222.2,229,117,105,19,5,58,155,1.29,.268
Roger R Clemens,BOS,10,13,3.63,34,34,6,2,0,0,242.2,216,106,98,19,4,106,257,1.33,.237
Danny D Darwin,HOU,10,11,3.77,34,25,0,0,0,0,164.2,160,79,69,16,12,27,96,1.14,.257
Scott S Erickson,BAL,13,12,5.02,34,34,6,0,0,0,222.1,262,137,124,21,11,66,100,1.48,.297
Jeff J Fassero,MON,15,11,3.30,34,34,5,1,0,0,231.2,217,95,85,20,3,55,222,1.17,.244
Tom T Gordon,BOS,12,9,5.59,34,34,4,1,0,0,215.2,249,143,134,28,4,105,171,1.64,.284
Joey J Hamilton,SD,15,9,4.17,34,33,3,1,0,0,211.2,206,100,98,19,9,83,184,1.37,.256
Jamie J Moyer,SEA,13,3,3.98,34,21,0,0,0,0,160.2,177,86,71,23,2,46,79,1.39,.276
Lance L Painter,COL,4,2,5.86,34,1,0,0,0,0,50.2,56,37,33,12,3,25,48,1.60,.280
Roger R Pavlik,TEX,15,8,5.19,34,34,7,0,0,0,201.0,216,120,116,28,5,81,127,1.48,.276
Scott S Service,CIN,1,0,3.94,34,1,0,0,0,0,48.0,51,21,21,7,6,18,46,1.44,.277
Todd T Stottlemyre,STL,14,11,3.87,34,33,5,2,0,0,223.1,191,100,96,30,4,93,194,1.27,.231
Kevin K Tapani,CWS,13,10,4.59,34,34,1,0,0,0,225.1,236,123,115,34,3,76,150,1.38,.268
Mark M Thompson,COL,9,11,5.30,34,28,3,1,0,0,169.2,189,109,100,25,13,74,99,1.55,.285
David D Wells,BAL,11,14,5.14,34,34,3,0,0,0,224.1,247,132,128,32,7,51,130,1.33,.285
Frank F Castillo,CHC,7,16,5.28,33,33,1,1,0,0,182.1,209,112,107,28,8,46,139,1.40,.288
Jason J Christiansen,PIT,3,3,6.70,33,0,0,0,0,0,44.1,56,34,33,7,1,19,38,1.69,.311
Rheal R Cormier,MON,7,10,4.17,33,27,1,1,0,0,159.2,165,80,74,16,9,41,100,1.29,.270
Orel O Hershiser,CLE,15,9,4.24,33,33,1,0,0,0,206.0,238,115,97,21,12,58,125,1.44,.287
Dave D Leiper,MON,2,1,7.20,33,0,0,0,0,0,25.0,40,21,20,4,0,9,13,1.96,.370
Al A Leiter,FLA,16,12,2.93,33,33,2,1,0,0,215.1,153,74,70,14,11,119,200,1.26,.202
Pedro P Martinez,MON,13,10,3.70,33,33,4,1,0,0,216.2,189,100,89,19,3,70,222,1.20,.232
Terry T Mulholland,SEA,13,11,4.66,33,33,3,0,0,0,202.2,232,112,105,22,5,49,86,1.39,.291
Denny D Neagle,ATL,16,9,3.50,33,33,2,0,0,0,221.1,226,93,86,26,3,48,149,1.24,.267
Hideo H Nomo,LA,16,11,3.19,33,33,3,2,0,0,228.1,180,93,81,23,2,85,234,1.16,.218
Ugueth U Urbina,MON,10,5,3.71,33,17,0,0,0,0,114.0,102,54,47,18,1,44,108,1.28,.234
Ismael I Valdez,LA,15,7,3.32,33,33,0,0,0,0,225.0,219,94,83,20,3,54,173,1.21,.251
Fernando F Valenzuela,SD,13,8,3.62,33,31,0,0,0,0,171.2,177,78,69,17,0,67,95,1.42,.269
Bobby B Witt,TEX,16,12,5.41,33,32,2,0,0,0,199.2,235,129,120,28,2,96,157,1.66,.295
Kevin K Appier,KC,14,11,3.62,32,32,5,1,0,0,211.1,192,87,85,17,5,75,207,1.26,.245
Kevin K Brown,FLA,17,11,1.89,32,32,5,3,0,0,233.0,187,60,49,8,16,33,159,0.94,.220
Mark M Clark,NYM,14,11,3.43,32,32,2,0,0,0,212.1,217,98,81,20,3,48,142,1.25,.265
Greg G Gohr,CAL,5,9,7.24,32,16,0,0,1,1,115.2,163,96,93,31,3,44,75,1.79,.330
Scott S Karl,MIL,13,9,4.86,32,32,3,1,0,0,207.1,220,124,112,29,11,72,121,1.41,.271
Felipe F Lira,DET,6,14,5.22,32,32,3,2,0,0,194.2,204,123,113,30,10,66,113,1.39,.269
Charles C Nagy,CLE,17,5,3.41,32,32,5,0,0,0,222.0,217,89,84,21,3,61,167,1.25,.255
Dale D Polley,NYY,1,3,7.89,32,0,0,0,0,0,21.2,23,20,19,5,3,11,14,1.57,.264
William W Van Landingham,SF,9,14,5.40,32,32,0,0,0,0,181.2,196,123,109,17,9,78,97,1.51,.276
Tim T Wakefield,BOS,14,13,5.14,32,32,6,0,0,0,211.2,238,151,121,38,12,90,140,1.55,.280
Mike M Williams,PHI,6,14,5.44,32,29,0,0,0,0,167.0,188,107,101,25,6,67,103,1.53,.290
Stan S Belinda,BOS,2,1,6.59,31,0,0,0,2,2,28.2,31,22,21,3,4,20,18,1.78,.272
Steve S Frey,PHI,0,1,4.72,31,0,0,0,0,0,34.1,38,19,18,4,0,18,12,1.63,.295
Pete P Harnisch,NYM,8,12,4.21,31,31,2,1,0,0,194.2,195,103,91,30,7,61,114,1.32,.260
Bobby B Jones,NYM,12,8,4.42,31,31,3,1,0,0,195.2,219,102,96,26,3,46,116,1.35,.288
Pat P Mahomes,BOS,3,4,6.91,31,5,0,0,2,2,57.1,72,46,44,13,0,33,36,1.83,.308
Steve S Trachsel,CHC,13,9,3.03,31,31,3,2,0,0,205.0,181,82,69,30,8,62,132,1.19,.235
Julio J Valera,KC,3,2,6.46,31,2,0,0,1,1,61.1,75,44,44,7,2,27,31,1.66,.307
Doug D Drabek,HOU,7,9,4.57,30,30,1,0,0,0,175.1,208,102,89,21,7,60,137,1.53,.298
Osvaldo O Fernandez,SF,7,13,4.56,30,28,2,0,0,0,171.2,193,95,87,20,10,57,106,1.46,.286
Mark M Gardner,SF,12,7,4.42,30,28,4,1,0,0,179.1,200,105,88,28,8,57,145,1.43,.283
Mike M Holtz,CAL,3,3,2.45,30,0,0,0,0,0,29.1,21,11,8,1,3,19,31,1.36,.204
Jimmy J Key,NYY,12,11,4.68,30,30,0,0,0,0,169.1,171,93,88,21,2,58,116,1.35,.266
Jack J Mc Dowell,CLE,13,9,5.11,30,30,5,1,0,0,192.0,214,119,109,22,4,67,141,1.46,.282
Darren D Oliver,TEX,14,6,4.66,30,30,1,1,0,0,173.2,190,97,90,20,10,76,112,1.53,.279
Donovan D Osborne,STL,13,9,3.53,30,30,2,1,0,0,198.2,191,87,78,22,1,57,134,1.25,.254
Pat P Rapp,FLA,8,16,5.10,30,29,0,0,0,0,162.1,184,95,92,12,3,91,86,1.69,.301
Armando A Reynoso,COL,8,9,4.96,30,30,0,0,0,0,168.2,195,97,93,27,9,49,88,1.45,.291
Kenny K Rogers,NYY,12,8,4.68,30,30,2,1,0,0,179.0,179,97,93,16,8,83,92,1.46,.261
Bob B Wolcott,SEA,7,10,5.73,30,28,1,0,0,0,149.1,179,101,95,26,7,54,78,1.56,.297
Dwight D Gooden,NYY,11,7,5.01,29,29,1,1,0,0,170.2,169,101,95,19,9,88,126,1.51,.259
Kirk K Mc Caskill,CWS,5,5,6.97,29,4,0,0,0,0,51.2,72,41,40,6,2,31,28,1.99,.344
Ramon R Morel,PIT,2,1,5.36,29,0,0,0,0,0,42.0,57,27,25,4,1,19,22,1.81,.324
Chad C Ogea,CLE,10,6,4.79,29,21,1,1,0,0,146.2,151,82,78,22,5,42,101,1.32,.266
Tim T Pugh,CIN,1,2,7.27,29,1,0,0,0,0,52.0,66,44,42,12,3,23,36,1.71,.304
Roger R Salkeld,CIN,8,5,5.20,29,19,1,1,0,0,116.0,114,69,67,18,6,54,82,1.45,.261
Aaron A Sele,BOS,7,11,5.32,29,29,1,0,0,0,157.1,192,110,93,14,8,67,137,1.65,.303
Allen A Watson,SF,8,12,4.61,29,29,2,0,0,0,185.2,189,105,95,28,5,69,128,1.39,.273
James J Baldwin,CWS,11,6,4.42,28,28,0,0,0,0,169.0,168,88,83,24,4,57,127,1.33,.257
Tom T Candiotti,LA,9,11,4.49,28,27,1,0,0,0,152.1,172,91,76,18,3,43,79,1.41,.288
John J Ericks,PIT,4,5,5.79,28,4,0,0,8,8,46.2,56,35,30,11,0,19,46,1.61,.292
Kevin K Gross,TEX,11,8,5.22,28,19,1,0,0,0,129.1,151,78,75,19,4,50,78,1.55,.293
Eric E Gunderson,BOS,0,1,8.31,28,0,0,0,0,0,17.1,21,17,16,5,2,8,7,1.67,.300
Brian B Keyser,CWS,1,2,4.98,28,0,0,0,1,1,59.2,78,35,33,3,0,28,19,1.78,.328
Ramon R Martinez,LA,15,6,3.42,28,27,2,2,0,0,168.2,153,76,64,12,8,86,133,1.42,.245
Blas B Minor,SEA,0,1,4.24,28,0,0,0,0,0,51.0,50,25,24,10,0,17,34,1.31,.256
Arthur A Rhodes,BAL,9,1,4.08,28,2,0,0,1,1,53.0,48,28,24,6,0,23,62,1.34,.241
Paul P Spoljaric,TOR,2,2,3.08,28,0,0,0,1,1,38.0,30,17,13,6,2,19,38,1.29,.214
Anthony A Young,HOU,3,3,4.59,28,0,0,0,0,0,33.1,36,18,17,4,4,22,19,1.74,.279
Jim J Abbott,CAL,2,18,7.48,27,23,1,0,0,0,142.0,171,128,118,23,4,78,58,1.75,.306
Ron R Blazier,PHI,3,1,5.87,27,0,0,0,0,0,38.1,49,30,25,6,0,10,25,1.54,.310
Marvin M Freeman,CWS,7,9,6.15,27,24,0,0,0,0,131.2,155,103,90,21,6,58,72,1.62,.296
Juan J Guzman,TOR,11,8,2.93,27,27,4,1,0,0,187.2,158,68,61,20,7,53,165,1.12,.228
Mike M Hampton,HOU,10,10,3.59,27,27,2,1,0,0,160.1,175,79,64,12,3,49,101,1.40,.280
Jason J Isringhausen,NYM,6,14,4.77,27,27,2,1,0,0,171.2,190,103,91,13,8,73,114,1.53,.284
Jose J Parra,MIN,5,5,6.04,27,5,0,0,0,0,70.0,88,48,47,15,3,27,50,1.64,.308
Robert R Person,NYM,4,5,4.52,27,13,0,0,0,0,89.2,86,50,45,16,2,35,76,1.35,.247
Mark M Portugal,CIN,8,9,3.98,27,26,1,1,0,0,156.0,146,77,69,20,2,42,93,1.21,.248
Jimmy J Haynes,BAL,3,6,8.29,26,11,0,0,1,1,89.0,122,84,82,14,2,58,65,2.02,.333
Ricardo R Jordan,PHI,2,2,1.80,26,0,0,0,0,0,25.0,18,6,5,0,0,12,17,1.20,.202
Greg G Keagle,DET,3,6,7.39,26,6,0,0,0,0,87.2,104,76,72,13,9,68,70,1.96,.298
Jim J Mecir,NYY,1,1,5.13,26,0,0,0,0,0,40.1,42,24,23,6,0,23,38,1.61,.275
Kurt K Miller,FLA,1,3,6.80,26,5,0,0,0,0,46.1,57,41,35,5,2,33,30,1.94,.313
Matt M Ruebel,PIT,1,1,4.60,26,7,0,0,1,1,58.2,64,38,30,7,6,25,22,1.52,.277
Curt C Schilling,PHI,9,10,3.19,26,26,8,2,0,0,183.1,149,69,65,16,3,50,182,1.09,.223
Donne D Wall,HOU,9,8,4.56,26,23,2,1,0,0,150.0,170,84,76,17,6,34,99,1.36,.286
Paul P Wilson,NYM,5,12,5.38,26,26,1,0,0,0,149.0,157,102,89,15,10,71,109,1.53,.268
Marshall M Boze,MIL,0,2,7.79,25,0,0,0,1,1,32.1,47,29,28,5,6,25,19,2.23,.362
John J Cummings,DET,3,4,5.35,25,0,0,0,0,0,37.0,48,27,22,4,2,22,29,1.89,.314
Mark M Holzemer,CAL,1,0,8.76,25,0,0,0,0,0,24.2,35,28,24,7,3,8,20,1.74,.327
Steve S Howe,NYY,0,1,6.35,25,0,0,0,1,1,17.0,19,12,12,1,1,6,5,1.47,.284
Mark M Hutton,FLA,5,3,4.15,25,11,0,0,0,0,86.2,79,42,40,9,4,36,56,1.33,.239
Omar O Olivares,DET,7,11,4.89,25,25,4,0,0,0,160.0,169,90,87,16,9,75,81,1.53,.275
Bill B Risley,TOR,0,1,3.89,25,0,0,0,0,0,41.2,33,20,18,7,0,25,29,1.39,.221
Amaury A Telemaco,CHC,5,7,5.46,25,17,0,0,0,0,97.1,108,67,59,20,3,31,64,1.43,.281
Randy R Veres,DET,0,4,8.31,25,0,0,0,0,0,30.1,38,29,28,6,2,23,28,2.01,.306
John J Wasdin,OAK,8,7,5.96,25,21,1,0,0,0,131.1,145,96,87,24,4,50,75,1.48,.283
Andy A Ashby,SD,9,5,3.23,24,24,1,0,0,0,150.2,147,60,54,17,3,34,85,1.20,.259
Steve S Avery,ATL,7,10,4.47,24,23,1,0,0,0,131.0,146,70,65,10,4,40,86,1.42,.285
Roger R Bailey,COL,2,3,6.24,24,11,0,0,1,1,83.2,94,64,58,7,1,52,45,1.75,.288
Erik E Bennett,MIN,2,0,7.90,24,0,0,0,1,1,27.1,33,24,24,7,2,16,13,1.79,.306
Mark M Eichhorn,CAL,1,2,5.04,24,0,0,0,0,0,30.1,36,17,17,3,2,11,24,1.55,.308
Alan A Embree,CLE,1,1,6.39,24,0,0,0,0,0,31.0,30,26,22,10,0,21,33,1.65,.259
Kevin K Jarvis,CIN,8,9,5.98,24,20,2,1,0,0,120.1,152,93,80,17,2,43,63,1.62,.305
Kent K Mercker,CLE,4,6,6.98,24,12,0,0,0,0,69.2,83,60,54,13,3,38,29,1.74,.297
Mike M Perez,CHC,1,0,4.67,24,0,0,0,0,0,27.0,29,14,14,2,3,13,22,1.56,.264
Mike M Potts,MIL,1,2,7.15,24,0,0,0,1,1,45.1,58,39,36,7,0,30,21,1.94,.319
Doug D Brocail,HOU,1,5,4.58,23,4,0,0,0,0,53.0,58,31,27,7,2,23,34,1.53,.289
Rocky R Coppinger,BAL,10,6,5.18,23,22,0,0,0,0,125.0,126,76,72,25,2,60,104,1.49,.263
Mike M Maddux,BOS,3,2,4.48,23,7,0,0,0,0,64.1,76,37,32,12,5,27,32,1.60,.295
Marcus M Moore,CIN,3,3,5.81,23,0,0,0,2,2,26.1,26,21,17,3,2,22,27,1.82,.263
Mike M Morgan,CIN,6,11,4.63,23,23,0,0,0,0,130.1,146,72,67,16,1,47,74,1.48,.289
Dario D Veras,SD,3,1,2.79,23,0,0,0,0,0,29.0,24,10,9,3,1,10,23,1.17,.231
Mark M Acre,OAK,1,3,6.12,22,0,0,0,2,2,25.0,38,17,17,4,2,9,18,1.88,.339
Joe J Borowski,ATL,2,4,4.85,22,0,0,0,0,0,26.0,33,15,14,4,1,13,15,1.77,.324
Jeff J Darwin,CWS,0,1,2.93,22,0,0,0,0,0,30.2,26,10,10,5,2,9,15,1.14,.232
Rick R Huisman,KC,2,1,4.60,22,0,0,0,1,1,29.1,25,15,15,4,0,18,23,1.47,.231
Rick R Krivda,BAL,3,5,4.96,22,11,0,0,0,0,81.2,89,48,45,14,1,39,54,1.57,.283
Brad B Pennington,CAL,0,2,6.20,22,0,0,0,0,0,20.1,11,15,14,2,0,31,20,2.07,.157
A. J. A Sager,DET,4,5,5.01,22,9,0,0,0,0,79.0,91,46,44,10,2,29,52,1.52,.294
Felix F Heredia,FLA,1,1,4.32,21,0,0,0,0,0,16.2,21,8,8,1,0,10,10,1.86,.313
Doug D Linton,KC,7,9,5.02,21,18,0,0,0,0,104.0,111,65,58,13,8,26,87,1.32,.271
Mike M Mimbs,PHI,3,9,5.53,21,17,0,0,0,0,99.1,116,66,61,13,2,41,56,1.58,.294
Ariel A Prieto,OAK,6,7,4.15,21,21,2,0,0,0,125.2,130,66,58,9,7,54,75,1.46,.273
Greg G Swindell,CLE,1,4,7.14,21,6,0,0,0,0,51.2,66,46,41,13,1,19,36,1.65,.308
Kevin K Wickander,MIL,2,0,4.97,21,0,0,0,0,0,25.1,26,16,14,2,0,17,19,1.70,.265
Brian B Bohanon,TOR,0,1,7.77,20,0,0,0,1,1,22.0,27,19,19,4,2,19,17,2.09,.303
Bob B Mac Donald,NYM,0,2,4.26,20,0,0,0,0,0,19.0,16,10,9,2,0,9,12,1.32,.235
Dennis D Martinez,CLE,9,6,4.50,20,20,1,1,0,0,112.0,122,63,56,12,2,37,48,1.42,.278
Kirk K Rueter,SF,6,8,3.97,20,19,0,0,0,0,102.0,109,50,45,12,2,27,46,1.33,.275
Steve S Sparks,MIL,4,7,6.60,20,13,1,0,0,0,88.2,103,66,65,19,3,52,21,1.75,.297
Dennis D Springer,CAL,5,6,5.51,20,15,2,1,0,0,94.2,91,65,58,24,6,43,64,1.42,.251
Mike M Walker,DET,0,0,8.46,20,0,0,0,1,1,27.2,40,26,26,10,1,17,13,2.06,.351
Rick R Aguilera,MIN,8,6,5.42,19,19,2,0,0,0,111.1,124,69,67,20,3,27,83,1.36,.276
Giovanni G Carrara,CIN,1,1,8.05,19,5,0,0,0,0,38.0,54,36,34,11,2,25,23,2.08,.338
Darren D Dreifort,LA,1,4,4.94,19,0,0,0,0,0,23.2,23,13,13,2,0,12,24,1.48,.256
Mark M Gubicza,KC,4,12,5.13,19,19,2,1,0,0,119.1,132,70,68,22,7,34,55,1.39,.284
John J Habyan,COL,1,1,7.13,19,0,0,0,0,0,24.0,34,19,19,4,1,14,25,2.00,.347
Joe J Magrane,CWS,1,5,6.88,19,8,0,0,0,0,53.2,70,45,41,10,3,25,21,1.77,.318
Mike M Remlinger,CIN,0,1,5.60,19,4,0,0,0,0,27.1,24,17,17,4,3,19,19,1.57,.245
Jason J Schmidt,PIT,5,6,5.70,19,17,1,0,0,0,96.1,108,67,61,10,2,53,74,1.67,.286
Tom T Urbani,DET,3,2,8.15,19,4,0,0,0,0,35.1,46,32,32,11,2,18,21,1.81,.313
Derek D Wallace,NYM,2,3,4.01,19,0,0,0,3,3,24.2,29,12,11,2,0,14,15,1.74,.290
Armando A Benitez,BAL,1,0,3.77,18,0,0,0,4,4,14.1,7,6,6,2,0,6,20,0.91,.143
Chris C Bosio,SEA,4,4,5.93,18,9,0,0,0,0,60.2,72,44,40,8,4,24,39,1.58,.299
Scott S Brow,TOR,1,0,5.59,18,1,0,0,0,0,38.2,45,25,24,5,0,25,23,1.81,.294
Archie A Corbin,BAL,2,0,2.30,18,0,0,0,0,0,27.1,22,7,7,2,1,22,20,1.61,.222
Mark M Langston,CAL,6,5,4.82,18,18,2,0,0,0,123.1,116,68,66,18,2,45,83,1.31,.247
Jeff J Tabaka,HOU,0,2,6.64,18,0,0,0,1,1,20.1,28,18,15,5,3,14,18,2.07,.322
Jaime J Bluma,KC,0,0,3.60,17,0,0,0,5,5,20.0,18,9,8,2,2,4,14,1.10,.247
John J Briscoe,OAK,0,1,3.76,17,0,0,0,1,1,26.1,18,11,11,2,0,24,14,1.59,.205
Terry T Clark,HOU,1,3,8.75,17,0,0,0,0,0,23.2,44,25,23,4,1,9,17,2.24,.386
Jeff J D' Amico,MIL,6,6,5.44,17,17,0,0,0,0,86.0,88,53,52,21,0,31,53,1.38,.267
Kevin K Foster,CHC,7,6,6.21,17,16,1,0,0,0,87.0,98,63,60,16,2,35,53,1.53,.288
Lee L Guetterman,SEA,0,2,4.09,17,0,0,0,0,0,11.0,11,8,5,0,0,10,6,1.91,.275
Bob B Scanlan,KC,0,1,6.85,17,0,0,0,0,0,22.1,29,19,17,2,2,12,6,1.84,.322
David D Wainhouse,PIT,1,0,5.70,17,0,0,0,0,0,23.2,22,16,15,3,0,10,16,1.35,.250
Edwin E Hurtado,SEA,2,5,7.74,16,4,0,0,2,2,47.2,61,42,41,10,0,30,36,1.91,.324
Al A Levine,CWS,0,1,5.40,16,0,0,0,0,0,18.1,22,14,11,1,1,7,12,1.58,.289
Dave D Pavlas,NYY,0,0,2.35,16,0,0,0,1,1,23.0,23,7,6,0,1,7,18,1.30,.264
Chris C Peters,PIT,2,4,5.63,16,10,0,0,0,0,64.0,72,43,40,9,1,25,28,1.52,.287
Jose J Rosado,KC,8,6,3.21,16,16,2,1,0,0,106.2,101,39,38,7,4,26,64,1.19,.249
Mark M Small,HOU,0,1,5.92,16,0,0,0,0,0,24.1,33,23,16,1,1,13,16,1.89,.308
Zane Z Smith,PIT,4,6,5.08,16,16,1,1,0,0,83.1,104,53,47,7,4,21,47,1.50,.309
Dave D Telgheder,OAK,4,7,4.65,16,14,1,1,0,0,79.1,92,42,41,12,1,26,43,1.49,.292
Paul P Wagner,PIT,4,8,5.40,16,15,1,0,0,0,81.2,86,49,49,10,3,39,81,1.53,.275
Steve S Wojciechowski,OAK,5,5,5.65,16,15,0,0,0,0,79.2,97,57,50,10,2,28,30,1.57,.300
Jamey J Wright,COL,4,4,4.93,16,15,0,0,0,0,91.1,105,60,50,8,7,41,45,1.60,.298
Mike M Bertotti,CWS,2,0,5.14,15,2,0,0,0,0,28.0,28,18,16,5,0,20,19,1.71,.257
Brian B Boehringer,NYY,2,4,5.44,15,3,0,0,0,0,46.1,46,28,28,6,1,21,37,1.45,.260
Steve S Bourgeois,SF,1,3,6.30,15,5,0,0,0,0,40.0,60,35,28,4,4,21,17,2.03,.355
Elmer E Dessens,PIT,0,2,8.28,15,3,0,0,0,0,25.0,40,23,23,2,0,4,13,1.76,.385
Cal C Eldred,MIL,4,4,4.46,15,15,0,0,0,0,84.2,82,43,42,8,4,38,50,1.42,.259
Huck H Flener,TOR,3,2,4.58,15,11,0,0,0,0,70.2,68,40,36,9,1,33,44,1.43,.251
Jeff J Granger,KC,0,0,6.61,15,0,0,0,0,0,16.1,21,13,12,3,2,10,11,1.90,.313
Danny D Graves,CLE,2,0,4.55,15,0,0,0,0,0,29.2,29,18,15,2,0,10,22,1.31,.246
John J Hudek,HOU,2,0,2.81,15,0,0,0,2,2,16.0,12,5,5,2,0,5,14,1.06,.207
Marty M Janzen,TOR,4,6,7.33,15,11,0,0,0,0,73.2,95,65,60,16,2,38,47,1.81,.318
Rusty R Meacham,SEA,1,1,5.74,15,5,0,0,1,1,42.1,57,28,27,9,4,13,25,1.65,.328
Mike M Sirotka,CWS,1,2,7.18,15,4,0,0,0,0,26.1,34,27,21,3,0,12,11,1.75,.315
Matt M Wagner,SEA,3,5,6.86,15,14,1,0,0,0,80.0,91,62,61,15,3,38,41,1.61,.285
Rich R Hunter,PHI,3,7,6.49,14,14,0,0,0,0,69.1,84,54,50,10,5,33,32,1.69,.304
Randy R Johnson,SEA,5,0,3.67,14,8,0,0,1,1,61.1,48,27,25,8,2,25,85,1.19,.211
Matt M Mantei,FLA,1,0,6.38,14,0,0,0,0,0,18.1,13,13,13,2,1,21,25,1.85,.197
Bryan B Rekar,COL,2,4,8.95,14,11,0,0,0,0,58.1,87,61,58,11,5,26,25,1.94,.345
Matt M Whiteside,TEX,0,1,6.68,14,0,0,0,0,0,32.1,43,24,24,8,0,11,15,1.67,.321
Joe J Boever,PIT,0,2,5.40,13,0,0,0,2,2,15.0,17,11,9,2,1,6,6,1.53,.288
Mike M Campbell,CHC,3,1,4.46,13,5,0,0,0,0,36.1,29,19,18,7,0,10,19,1.07,.216
Bobby B Chouinard,OAK,4,2,6.10,13,11,0,0,0,0,59.0,75,41,40,10,3,32,32,1.81,.316
Mike M Christopher,DET,1,1,9.30,13,0,0,0,0,0,30.0,47,36,31,12,0,11,19,1.93,.351
Lee L Hancock,PIT,0,0,6.38,13,0,0,0,0,0,18.1,21,18,13,5,2,10,13,1.69,.276
Danny D Jackson,STL,1,1,4.46,13,4,0,0,0,0,36.1,33,18,18,3,1,16,27,1.35,.243
Albie A Lopez,CLE,5,4,6.39,13,10,0,0,0,0,62.0,80,47,44,14,2,22,45,1.65,.311
Jose J Paniagua,MON,2,4,3.53,13,11,0,0,0,0,51.0,55,24,20,7,3,23,27,1.53,.282
Keith K Shepherd,BAL,0,1,8.71,13,0,0,0,0,0,20.2,31,27,20,6,0,18,17,2.37,.341
Jeff J Ware,TOR,1,5,9.09,13,4,0,0,0,0,32.2,35,34,33,6,2,31,11,2.02,.271
Shad S Williams,CAL,0,2,8.89,13,2,0,0,0,0,28.1,42,34,28,7,2,21,26,2.22,.341
Willie W Adams,OAK,3,4,4.01,12,12,1,1,0,0,76.1,76,39,34,11,5,23,68,1.30,.257
Jim J Dougherty,HOU,0,2,9.00,12,0,0,0,0,0,13.0,14,14,13,2,1,11,6,1.92,.280
Mike M Grace,PHI,7,2,3.49,12,12,1,1,0,0,80.0,72,33,31,9,1,16,49,1.10,.238
Ramiro R Mendoza,NYY,4,5,6.79,12,11,0,0,0,0,53.0,80,43,40,5,4,10,34,1.70,.343
Rich R Monteleone,CAL,0,3,5.87,12,0,0,0,0,0,15.1,23,11,10,5,1,2,5,1.63,.348
Donn D Pall,FLA,1,1,5.79,12,0,0,0,0,0,18.2,16,15,12,3,0,9,9,1.34,.232
Pete P Schourek,CIN,4,5,6.01,12,12,0,0,0,0,67.1,79,48,45,7,3,24,54,1.53,.293
Aaron A Small,OAK,1,3,8.16,12,3,0,0,0,0,28.2,37,28,26,3,1,22,17,2.06,.308
Tim T Van Egmond,MIL,3,5,5.27,12,9,0,0,0,0,54.2,58,35,32,6,1,23,33,1.48,.274
Woody W Williams,TOR,4,5,4.73,12,10,1,0,0,0,59.0,64,33,31,8,1,21,43,1.44,.278
Jay J Witasick,OAK,1,1,6.23,12,0,0,0,0,0,13.0,12,9,9,5,0,5,12,1.31,.245
Tavo T Alvarez,MON,2,1,3.00,11,5,0,0,0,0,21.0,19,10,7,0,1,12,9,1.48,.235
Rich R Batchelor,STL,2,0,1.20,11,0,0,0,0,0,15.0,9,2,2,0,0,1,11,0.67,.173
Jim J Bruske,LA,0,0,5.68,11,0,0,0,0,0,12.2,17,8,8,2,1,3,12,1.58,.315
John J Burke,COL,2,1,7.47,11,0,0,0,0,0,15.2,21,13,13,3,1,7,19,1.79,.318
David D Cone,NYY,7,2,2.88,11,11,1,0,0,0,72.0,50,25,23,3,2,34,71,1.17,.198
Shawn S Estes,SF,3,5,3.60,11,11,0,0,0,0,70.0,63,30,28,3,2,39,60,1.46,.243
Sid S Fernandez,PHI,3,6,3.43,11,11,0,0,0,0,63.0,50,25,24,5,1,26,77,1.21,.215
Ryan R Hancock,CAL,4,1,7.48,11,4,0,0,0,0,27.2,34,23,23,2,2,17,19,1.84,.306
Pep P Harris,CAL,2,0,3.90,11,3,0,0,0,0,32.1,31,16,14,4,3,17,20,1.48,.254
Rick R Helling,FLA,3,3,4.31,11,6,0,0,0,0,48.0,37,23,23,9,0,16,42,1.10,.206
Kerry K Lacy,BOS,2,0,3.38,11,0,0,0,0,0,10.2,15,5,4,2,1,8,9,2.16,.333
Paul P Menhart,SEA,2,2,7.29,11,6,0,0,0,0,42.0,55,36,34,9,2,25,18,1.90,.327
Jose J Mercedes,MIL,0,2,9.18,11,0,0,0,0,0,16.2,20,18,17,6,0,5,6,1.50,.294
Jimmy J Myers,BAL,0,0,7.07,11,0,0,0,0,0,14.0,18,13,11,4,0,3,6,1.50,.305
C. J. C Nitkowski,DET,2,3,8.08,11,8,0,0,0,0,45.2,62,44,41,7,7,38,36,2.19,.332
Justin J Thompson,DET,1,6,4.58,11,11,0,0,0,0,59.0,62,35,30,7,2,31,44,1.58,.267
Marc M Valdes,FLA,1,3,4.81,11,8,0,0,0,0,48.2,63,32,26,5,1,23,13,1.77,.315
Brian B Anderson,CLE,3,1,4.91,10,9,0,0,0,0,51.1,58,29,28,9,0,14,21,1.40,.296
Chris C Hook,SF,0,1,7.43,10,0,0,0,0,0,13.1,16,13,11,3,2,14,4,2.25,.308
Dane D Johnson,TOR,0,0,3.00,10,0,0,0,0,0,9.0,5,3,3,0,0,5,7,1.11,.161
Scott S Klingenbeck,MIN,1,1,7.85,10,3,0,0,0,0,28.2,42,28,25,5,1,10,15,1.81,.339
Esteban E Loaiza,PIT,2,3,4.96,10,10,1,1,0,0,52.2,65,32,29,11,2,19,32,1.59,.308
Darrell D May,CAL,0,1,9.53,10,2,0,0,0,0,11.1,18,13,12,6,1,6,6,2.12,.353
Greg G Mc Carthy,SEA,0,0,1.86,10,0,0,0,0,0,9.2,8,2,2,0,4,4,7,1.24,.229
Al A Osuna,SD,0,0,2.25,10,0,0,0,0,0,4.0,5,1,1,0,1,2,4,1.75,.313
Salomon S Torres,SEA,3,3,4.59,10,7,1,1,0,0,49.0,44,27,25,5,3,23,36,1.37,.242
Joel J Adamson,FLA,0,0,7.36,9,0,0,0,0,0,11.0,18,9,9,1,1,7,7,2.27,.400
Miguel M Batista,FLA,0,0,5.56,9,0,0,0,0,0,11.1,9,8,7,0,0,7,6,1.41,.231
Darren D Hall,LA,0,2,6.00,9,0,0,0,0,0,12.0,13,9,8,2,0,5,12,1.50,.271
John J Johnstone,HOU,1,0,5.54,9,0,0,0,0,0,13.0,17,8,8,2,0,5,5,1.69,.321
Pedro P Martinez,CIN,0,0,6.30,9,0,0,0,0,0,10.0,13,9,7,2,0,8,9,2.10,.317
Jeff J Schmidt,CAL,2,0,7.88,9,0,0,0,0,0,8.0,13,9,7,2,0,8,2,2.63,.394
Luis L Andujar,TOR,1,3,6.99,8,7,0,0,0,0,37.1,46,30,29,8,1,16,11,1.66,.311
Matt M Beech,PHI,1,4,6.97,8,8,0,0,0,0,41.1,49,32,32,8,3,11,33,1.45,.306
Terry T Burrows,MIL,2,0,2.84,8,0,0,0,0,0,12.2,12,4,4,2,1,10,5,1.74,.261
Cris C Carpenter,MIL,0,0,7.56,8,0,0,0,0,0,8.1,12,8,7,1,0,2,2,1.68,.333
Ryan R Hawblitzel,COL,0,1,6.00,8,0,0,0,0,0,15.0,18,12,10,2,0,6,7,1.60,.290
Dustin D Hermanson,SD,1,0,8.56,8,0,0,0,0,0,13.2,18,15,13,3,0,4,11,1.61,.340
Brent B Knackert,BOS,0,1,9.00,8,0,0,0,0,0,10.0,16,12,10,1,0,7,5,2.30,.356
Steve S Montgomery,OAK,1,0,9.22,8,0,0,0,0,0,13.2,18,14,14,5,0,13,8,2.27,.310
Mike M Oquist,SD,0,0,2.35,8,0,0,0,0,0,7.2,6,2,2,0,0,4,4,1.30,.231
Steve S Parris,PIT,0,3,7.18,8,4,0,0,0,0,26.1,35,22,21,4,1,11,27,1.75,.321
Nerio N Rodriguez,BAL,0,1,4.32,8,1,0,0,0,0,16.2,18,11,8,2,1,7,12,1.50,.265
Jeff J Suppan,BOS,1,1,7.54,8,4,0,0,0,0,22.2,29,19,19,3,1,13,13,1.85,.330
Brad B Woodall,ATL,2,2,7.32,8,3,0,0,0,0,19.2,28,19,16,4,0,4,20,1.63,.333
Shawn S Barton,SF,0,0,9.72,7,0,0,0,0,0,8.1,19,12,9,2,0,1,3,2.40,.442
Jason J Dickson,CAL,1,4,4.57,7,7,0,0,0,0,43.1,52,22,22,6,1,18,20,1.62,.306
Glenn G Dishman,PHI,0,0,7.71,7,1,0,0,0,0,9.1,12,8,8,2,0,3,3,1.61,.316
Mike M Farmer,COL,0,1,7.71,7,4,0,0,0,0,28.0,32,25,24,8,0,13,16,1.61,.286
La Troy L Hawkins,MIN,1,1,8.20,7,6,0,0,0,0,26.1,42,24,24,8,0,9,24,1.94,.372
Scott S Kamieniecki,NYY,1,2,11.12,7,5,0,0,0,0,22.2,36,30,28,6,2,19,15,2.43,.364
Mark M Kiefer,MIL,0,0,8.10,7,0,0,0,0,0,10.0,15,9,9,1,0,5,5,2.00,.366
Bob B Milacki,SEA,1,4,6.86,7,4,0,0,0,0,21.0,30,20,16,3,0,15,13,2.14,.330
Travis T Miller,MIN,1,2,9.23,7,7,0,0,0,0,26.1,45,29,27,7,0,9,15,2.05,.388
Larry L Mitchell,PHI,0,0,4.50,7,0,0,0,0,0,12.0,14,6,6,1,0,5,7,1.58,.311
Danny D Patterson,TEX,0,0,0.00,7,0,0,0,0,0,8.2,10,4,0,0,0,3,5,1.50,.286
Clint C Sodowsky,DET,1,3,11.84,7,7,0,0,0,0,24.1,40,34,32,5,3,20,9,2.47,.370
Scott S Sullivan,CIN,0,0,2.25,7,0,0,0,0,0,8.0,7,2,2,0,1,5,3,1.50,.250
Bill B Swift,COL,1,1,5.40,7,3,0,0,2,2,18.1,23,12,11,1,0,5,5,1.53,.307
David D West,PHI,2,2,4.76,7,6,0,0,0,0,28.1,31,17,15,0,0,11,22,1.48,.272
Garvin G Alston,COL,1,0,9.00,6,0,0,0,0,0,6.0,9,6,6,1,1,3,5,2.00,.375
Kevin K Lomon,ATL,0,0,4.91,6,0,0,0,0,0,7.1,7,4,4,0,1,3,1,1.36,.259
Eric E Ludwick,STL,0,1,9.00,6,1,0,0,0,0,10.0,11,11,10,4,1,3,12,1.40,.275
Bobby B Munoz,PHI,0,3,7.82,6,6,0,0,0,0,25.1,42,28,22,5,1,7,8,1.93,.375
David D Nied,COL,0,2,13.50,6,1,0,0,0,0,5.1,5,8,8,1,0,8,4,2.44,.250
Tanyon T Sturtze,CHC,1,0,9.00,6,0,0,0,0,0,11.0,16,11,11,3,0,5,7,1.91,.348
Dave D Swartzbaugh,CHC,0,2,6.38,6,5,0,0,0,0,24.0,26,17,17,3,0,14,13,1.67,.277
Frank F Viola,TOR,1,3,7.71,6,6,0,0,0,0,30.1,43,28,26,6,2,21,18,2.11,.350
Jose J Alberro,TEX,0,1,5.79,5,1,0,0,0,0,9.1,14,6,6,1,0,7,2,2.25,.368
Robbie R Beckett,COL,0,0,13.50,5,0,0,0,0,0,5.1,6,8,8,3,0,9,6,2.81,.286
Jason J Bere,CWS,0,1,10.26,5,5,0,0,0,0,16.2,26,19,19,3,0,18,19,2.64,.356
Dan D Carlson,SF,1,0,2.70,5,0,0,0,0,0,10.0,13,6,3,2,0,2,4,1.50,.310
Scott S Davison,SEA,0,0,9.00,5,0,0,0,0,0,9.0,11,9,9,6,0,3,9,1.56,.297
John J Hope,PIT,1,3,6.98,5,4,0,0,0,0,19.1,17,18,15,5,2,11,13,1.45,.246
Derek D Lilliquist,CIN,0,0,7.36,5,0,0,0,0,0,3.2,5,3,3,1,0,0,1,1.36,.357
Rich R Loiselle,PIT,1,0,3.05,5,3,0,0,0,0,20.2,22,8,7,3,0,8,9,1.45,.268
Trever T Miller,DET,0,4,9.18,5,4,0,0,0,0,16.2,28,17,17,3,2,9,8,2.22,.384
Alex A Pacheco,MON,0,0,11.12,5,0,0,0,0,0,5.2,8,7,7,2,0,1,7,1.59,.320
Al A Reyes,MIL,1,0,7.94,5,0,0,0,0,0,5.2,8,5,5,1,0,2,2,1.76,.320
Ken K Robinson,KC,1,0,6.00,5,0,0,0,0,0,6.0,9,4,4,0,0,3,5,2.00,.346
Scott S Sanderson,CAL,0,2,7.50,5,4,0,0,0,0,18.0,39,21,15,5,2,4,7,2.39,.433
Ricky R Trlicek,NYM,0,1,3.38,5,0,0,0,0,0,5.1,3,2,2,0,1,3,3,1.13,.214
Billy B Brewer,NYY,1,0,9.53,4,0,0,0,0,0,5.2,7,6,6,0,0,8,8,2.65,.292
Todd T Frohwirth,CAL,0,0,11.12,4,0,0,0,0,0,5.2,10,11,7,1,1,4,1,2.47,.370
Paul P Gibson,NYY,0,0,6.23,4,0,0,0,0,0,4.1,6,3,3,1,0,0,3,1.38,.316
Brian B Givens,MIL,1,3,12.86,4,4,0,0,0,0,14.0,32,22,20,3,0,7,10,2.79,.438
Reggie R Harris,BOS,0,0,12.46,4,0,0,0,0,0,4.1,7,6,6,2,1,5,4,2.77,.389
Chris C Holt,HOU,0,1,5.79,4,0,0,0,0,0,4.2,5,3,3,0,0,3,0,1.71,.263
Calvin C Maduro,PHI,0,1,3.52,4,2,0,0,0,0,15.1,13,6,6,1,2,3,11,1.04,.232
Alejandro A Pena,FLA,0,1,4.50,4,0,0,0,0,0,4.0,4,5,2,2,0,1,5,1.25,.235
Tom T Thobe,ATL,0,1,1.50,4,0,0,0,0,0,6.0,5,2,1,1,0,0,1,0.83,.217
Esteban E Yan,BAL,0,0,5.79,4,0,0,0,0,0,9.1,13,7,6,3,0,3,7,1.71,.333
Kyle K Abbott,CAL,0,1,20.25,3,0,0,0,0,0,4.0,10,9,9,1,0,5,3,3.75,.500
Andres A Berumen,SD,0,0,5.40,3,0,0,0,0,0,3.1,3,2,2,1,1,2,4,1.50,.231
Brian B Bevil,KC,1,0,5.73,3,1,0,0,0,0,11.0,9,7,7,2,0,5,7,1.27,.237
Steve S Cooke,PIT,0,0,7.56,3,0,0,0,0,0,8.1,11,7,7,1,0,5,7,1.92,.314
John J Doherty,BOS,0,0,5.68,3,0,0,0,0,0,6.1,8,10,4,1,1,4,3,1.89,.276
Robert R Ellis,CAL,0,0,0.00,3,0,0,0,0,0,5.0,0,0,0,0,0,4,5,0.80,.000
Bronson B Heflin,PHI,0,0,6.75,3,0,0,0,0,0,6.2,11,7,5,1,0,3,4,2.10,.367
Joe J Klink,SEA,0,0,3.86,3,0,0,0,0,0,2.1,3,1,1,1,0,1,2,1.71,.300
Curt C Lyons,CIN,2,0,4.50,3,3,0,0,0,0,16.0,17,8,8,1,1,7,14,1.50,.274
Scott S Ruffcorn,CWS,0,1,11.37,3,1,0,0,0,0,6.1,10,8,8,1,0,6,3,2.53,.370
Brian B Sackinsky,BAL,0,0,3.86,3,0,0,0,0,0,4.2,6,2,2,1,0,3,2,1.93,.316
Rich R Sauveur,CWS,0,0,15.00,3,0,0,0,0,0,3.0,3,5,5,1,1,5,1,2.67,.333
Carl C Schutz,ATL,0,0,2.70,3,0,0,0,0,0,3.1,3,1,1,0,0,2,5,1.50,.273
Steve S Soderstrom,SF,2,0,5.27,3,3,0,0,0,0,13.2,16,11,8,1,2,6,9,1.61,.302
Garrett G Stephenson,BAL,0,1,12.79,3,0,0,0,0,0,6.1,13,9,9,1,1,3,3,2.53,.433
Derek D Aucoin,MON,0,1,3.38,2,0,0,0,0,0,2.2,3,1,1,0,0,1,1,1.50,.300
Ken K Edenfield,CAL,0,0,10.38,2,0,0,0,0,0,4.1,10,5,5,2,1,2,4,2.77,.435
John J Farrell,DET,0,2,14.21,2,2,0,0,0,0,6.1,11,10,10,2,1,5,0,2.53,.407
Mike M Fyhrie,NYM,0,1,15.43,2,0,0,0,0,0,2.1,4,4,4,0,0,3,0,3.00,.364
Bill B Hurst,FLA,0,0,0.00,2,0,0,0,0,0,2.0,3,0,0,0,0,1,1,2.00,.333
Stacy S Jones,CWS,0,0,0.00,2,0,0,0,0,0,2.0,0,0,0,0,0,1,1,0.50,.000
Phil P Leftwich,CAL,0,1,7.36,2,2,0,0,0,0,7.1,12,9,6,1,0,3,4,2.05,.375
Brian B Maxcy,DET,0,0,13.50,2,0,0,0,0,0,3.1,8,5,5,2,0,2,1,3.00,.471
Jeff J Mc Curry,DET,0,0,24.30,2,0,0,0,0,0,3.1,9,9,9,3,0,2,0,3.30,.474
Nate N Minchey,BOS,0,2,15.00,2,2,0,0,0,0,6.0,16,11,10,1,0,5,4,3.50,.533
Brian B Moehler,DET,0,1,4.35,2,2,0,0,0,0,10.1,11,10,5,1,0,8,2,1.84,.262
Jose J Silva,TOR,0,0,13.50,2,0,0,0,0,0,2.0,5,3,3,1,0,0,0,2.50,.455
Wally W Whitehurst,NYY,1,1,6.75,2,2,0,0,0,0,8.0,11,6,6,1,0,2,1,1.63,.324
Mike M Aldrete,NYY,0,0,0.00,1,0,0,0,0,0,1.0,1,0,0,0,0,0,0,1.00,.333
Manny M Alexander S,BAL,0,0,67.50,1,0,0,0,0,0,0.2,1,5,5,1,0,4,0,7.50,.500
Brian B Barber,STL,0,0,15.00,1,1,0,0,0,0,3.0,4,5,5,0,1,6,1,3.33,.364
Mike M Busby,STL,0,1,18.00,1,1,0,0,0,0,4.0,9,13,8,4,1,4,4,3.25,.409
Carlos C Crawford,PHI,0,1,4.91,1,1,0,0,0,0,3.2,7,10,2,1,1,2,4,2.45,.389
Paul P Fletcher,OAK,0,0,20.25,1,0,0,0,0,0,1.1,6,3,3,0,0,1,0,5.25,.667
Ken K Grundt,BOS,0,0,27.00,1,0,0,0,0,0,0.1,1,1,1,0,0,0,0,3.00,.500
Tim T Harikkala,SEA,0,1,12.46,1,1,0,0,0,0,4.1,4,6,6,1,1,2,1,1.38,.250
Livan L Hernandez,FLA,0,0,0.00,1,0,0,0,0,0,3.0,3,0,0,0,0,2,2,1.67,.273
Andy A Larkin,FLA,0,0,1.80,1,1,0,0,0,0,5.0,3,1,1,0,1,4,2,1.40,.176
Rafael R Quirico,PHI,0,1,37.80,1,1,0,0,0,0,1.2,4,7,7,1,0,5,1,5.40,.444
Joe J Roa,CLE,0,0,10.80,1,0,0,0,0,0,1.2,4,2,2,0,0,3,0,4.20,.500
Dan D Serafini,MIN,0,1,10.38,1,1,0,0,0,0,4.1,7,5,5,1,1,2,1,2.08,.368
Jerry J Spradlin,CIN,0,0,0.00,1,0,0,0,0,0,0.1,0,0,0,0,0,0,0,0.00,.000
Mac M Suzuki,SEA,0,0,20.25,1,0,0,0,0,0,1.1,2,3,3,0,0,2,1,3.00,.333
Ben B Van Ryn,CAL,0,0,0.00,1,0,0,0,0,0,1.0,1,0,0,0,0,1,0,2.00,.250
Pete P Walker,SD,0,0,0.00,1,0,0,0,0,0,0.2,0,0,0,0,0,3,1,4.50,.000
