PLAYER,TEAM,W,L,ERA,GS,CG,SHO,SV,SVO,IP,H,R,ER,HR,HB,BB,SO,WHIP,AVG
Paul P Quantrill,LA,5,4,2.70,86,0,0,0,1,1,76.2,80,27,23,1,3,25,53,1.37,.267
Billy B Koch,OAK,11,4,3.27,84,0,0,0,44,44,93.2,73,38,34,7,4,46,93,1.27,.214
Octavio O Dotel,HOU,6,4,1.85,83,0,0,0,6,6,97.1,58,21,20,7,4,27,118,0.87,.173
J. C. J Romero,MIN,9,2,1.89,81,0,0,0,1,1,81.0,62,17,17,3,4,36,76,1.21,.213
Tim T Worrell,SF,8,2,2.25,80,0,0,0,0,0,72.0,55,21,18,3,0,30,55,1.18,.212
Todd T Jones,COL,1,4,4.70,79,0,0,0,1,1,82.1,84,43,43,10,3,28,73,1.36,.269
Mike M Stanton,NYY,7,1,3.00,79,0,0,0,6,6,78.0,73,29,26,4,0,28,44,1.29,.256
Steve S Karsay,NYY,6,4,3.26,78,0,0,0,12,12,88.1,87,33,32,7,2,30,65,1.32,.258
Braden B Looper,FLA,2,5,3.14,78,0,0,0,13,13,86.0,73,31,30,8,1,28,55,1.17,.230
Scott S Sauerbeck,PIT,5,4,2.30,78,0,0,0,0,0,62.2,50,18,16,4,1,27,70,1.23,.220
Ricky R Stone,HOU,3,3,3.61,78,0,0,0,1,1,77.1,78,36,31,9,1,34,63,1.45,.266
Eric E Gagne,LA,4,1,1.97,77,0,0,0,52,52,82.1,55,18,18,6,2,16,114,0.86,.189
Vladimir V Nunez,FLA,6,5,3.41,77,0,0,0,20,20,97.2,80,38,37,8,0,37,73,1.20,.224
Kelvim K Escobar,TOR,5,7,4.27,76,0,0,0,38,38,78.0,75,39,37,10,5,44,85,1.53,.246
Ray R King,MIL,3,2,3.05,76,0,0,0,0,0,65.0,61,24,22,5,3,24,50,1.31,.255
Luis L Vizcaino,MIL,5,3,2.99,76,0,0,0,5,5,81.1,55,27,27,6,3,30,79,1.05,.192
Chad C Bradford,OAK,4,2,3.11,75,0,0,0,2,2,75.1,73,29,26,2,5,14,56,1.15,.253
John J Smoltz,ATL,3,2,3.25,75,0,0,0,55,55,80.1,59,30,29,4,0,24,85,1.03,.206
Jose J Jimenez,COL,2,10,3.56,74,0,0,0,41,41,73.1,76,34,29,7,3,11,47,1.19,.265
Jose J Mesa,PHI,4,6,2.97,74,0,0,0,45,45,75.2,65,26,25,5,4,39,64,1.37,.231
Joe J Borowski,CHC,4,4,2.73,73,0,0,0,2,2,95.2,84,31,29,10,1,29,97,1.18,.239
Jeff J Fassero,STL,8,6,5.35,73,0,0,0,0,0,69.0,81,43,41,9,3,27,56,1.57,.292
Mike M Remlinger,ATL,7,3,1.99,73,0,0,0,0,0,68.0,48,17,15,3,1,28,69,1.12,.198
Pedro P Borbon,HOU,4,4,5.36,72,0,0,0,1,1,50.1,53,32,30,10,3,25,50,1.55,.272
Byung- Hyun B Kim,ARI,8,3,2.04,72,0,0,0,36,36,84.0,64,20,19,5,6,26,92,1.07,.208
Mike M Timlin,PHI,4,6,2.98,72,1,0,0,0,0,96.2,75,35,32,15,5,14,50,0.92,.212
Ricardo R Rincon,OAK,1,4,4.18,71,0,0,0,1,1,56.0,47,28,26,4,1,11,49,1.04,.230
Felix F Rodriguez,SF,8,6,4.17,71,0,0,0,0,0,69.0,53,33,32,5,4,29,58,1.19,.212
Scott S Sullivan,CIN,6,5,6.06,71,0,0,0,1,1,78.2,93,60,53,15,5,31,78,1.58,.294
Dave D Veres,STL,5,8,3.48,71,0,0,0,4,4,82.2,67,34,32,12,2,39,68,1.28,.224
David D Weathers,NYM,6,3,2.91,71,0,0,0,0,0,77.1,69,30,25,6,3,36,61,1.36,.245
Brian B Boehringer,PIT,4,4,3.39,70,0,0,0,1,1,79.2,65,30,30,5,2,33,65,1.23,.229
Scott S Eyre,SF,2,4,4.46,70,3,0,0,0,0,74.2,80,41,37,4,0,36,58,1.55,.275
Jason J Grimsley,KC,4,7,3.91,70,0,0,0,1,1,71.1,64,32,31,4,1,37,59,1.42,.236
Buddy B Groom,BAL,3,2,1.60,70,0,0,0,2,2,62.0,44,11,11,4,2,12,48,0.90,.196
Billy B Wagner,HOU,4,2,2.52,70,0,0,0,35,35,75.0,51,21,21,7,2,22,88,0.97,.196
Mike M Myers,ARI,4,3,4.38,69,0,0,0,4,4,37.0,39,18,18,2,8,17,31,1.51,.275
Scott S Strickland,NYM,6,9,3.54,69,0,0,0,2,2,68.2,61,29,27,7,2,33,69,1.37,.234
Mike M De Jean,MIL,1,5,3.12,68,0,0,0,27,27,75.0,66,28,26,7,2,39,65,1.40,.237
Alan A Embree,BOS,4,6,2.18,68,0,0,0,2,2,62.0,47,19,15,6,1,20,81,1.08,.207
Danny D Graves,CIN,7,3,3.19,68,4,0,0,32,32,98.2,99,37,35,7,3,25,58,1.26,.264
Eddie E Guardado,MIN,1,3,2.93,68,0,0,0,45,45,67.2,53,22,22,9,1,18,70,1.05,.215
Mark M Guthrie,NYM,5,3,2.44,68,0,0,0,1,1,48.0,35,13,13,3,1,19,44,1.13,.207
Damaso D Marte,CWS,1,1,2.83,68,0,0,0,10,10,60.1,44,19,19,5,4,18,72,1.03,.204
Robb R Nen,SF,6,2,2.20,68,0,0,0,43,43,73.2,64,19,18,2,1,20,81,1.14,.232
Cliff C Politte,TOR,3,3,3.67,68,0,0,0,1,1,73.2,57,33,30,5,2,28,72,1.15,.211
Carlos C Silva,PHI,5,0,3.21,68,0,0,0,1,1,84.0,88,34,30,4,4,22,41,1.31,.282
Bob B Howry,BOS,3,5,4.19,67,0,0,0,0,0,68.2,67,37,32,9,5,21,45,1.28,.262
Jorge J Julio,BAL,5,6,1.99,67,0,0,0,25,25,68.0,55,22,15,5,2,27,55,1.21,.213
B. J. B Ryan,BAL,2,1,4.68,67,0,0,0,1,1,57.2,51,31,30,7,4,33,56,1.46,.241
Paul P Shuey,LA,8,2,3.31,67,0,0,0,1,1,68.0,56,29,25,3,1,31,63,1.28,.221
Scott S Stewart,MON,4,2,3.09,67,0,0,0,17,17,64.0,49,29,22,4,1,22,67,1.11,.207
Antonio A Alfonseca,CHC,2,5,4.00,66,0,0,0,19,19,74.1,73,34,33,5,3,36,61,1.47,.257
Steve S Kline,STL,2,1,3.39,66,0,0,0,6,6,58.1,54,23,22,3,1,21,41,1.29,.251
Graeme G Lloyd,FLA,4,5,5.21,66,0,0,0,5,5,57.0,67,34,33,6,2,19,37,1.51,.298
Arthur A Rhodes,SEA,10,4,2.33,66,0,0,0,2,2,69.2,45,18,18,4,0,13,81,0.83,.187
Willis W Roberts,BAL,5,4,3.36,66,0,0,0,1,1,75.0,79,34,28,5,4,32,51,1.48,.270
Juan J Acevedo,DET,1,5,2.65,65,0,0,0,28,28,74.2,68,33,22,4,5,23,43,1.22,.246
Mike M Fetters,ARI,3,3,4.09,65,0,0,0,0,0,55.0,53,31,25,4,3,37,53,1.64,.252
Jeremy J Fikac,SD,4,7,5.35,65,0,0,0,0,0,69.0,74,50,41,13,3,34,66,1.57,.267
Keith K Foulke,CWS,2,4,2.90,65,0,0,0,11,11,77.2,65,26,25,7,2,13,58,1.00,.225
La Troy L Hawkins,MIN,6,0,2.13,65,0,0,0,0,0,80.1,63,23,19,5,0,15,63,0.97,.217
Steve S Reed,NYM,2,5,2.01,64,0,0,0,1,1,67.0,56,15,15,2,8,14,50,1.04,.232
Mark M Wohlers,CLE,3,4,4.79,64,0,0,0,7,7,71.1,71,41,38,6,3,26,46,1.36,.261
Giovanni G Carrara,LA,6,3,3.28,63,1,0,0,1,1,90.2,83,34,33,14,6,32,56,1.27,.243
Chris C Hammond,ATL,7,2,0.95,63,0,0,0,0,0,76.0,53,15,8,1,1,31,63,1.11,.195
Justin J Speier,COL,5,1,4.33,63,0,0,0,1,1,62.1,51,31,30,9,3,19,47,1.12,.216
Ben B Weber,ANA,7,2,2.54,63,0,0,0,7,7,78.0,70,25,22,4,3,22,43,1.18,.249
Scott S Williamson,CIN,3,4,2.92,63,0,0,0,8,8,74.0,46,27,24,5,2,36,84,1.11,.181
Armando A Benitez,NYM,1,0,2.27,62,0,0,0,33,33,67.1,46,20,17,8,3,25,79,1.05,.190
Matt M Herges,MON,2,5,4.04,62,0,0,0,6,6,64.2,80,33,29,10,2,26,50,1.64,.305
Ramiro R Mendoza,NYY,8,4,3.44,62,0,0,0,4,4,91.2,102,43,35,8,2,16,61,1.29,.275
Gabe G White,CIN,6,1,2.98,62,0,0,0,0,0,54.1,49,19,18,3,2,10,41,1.09,.239
Trevor T Hoffman,SD,2,5,2.73,61,0,0,0,38,38,59.1,52,20,18,2,1,18,69,1.18,.234
Jim J Mecir,OAK,6,4,4.26,61,0,0,0,1,1,67.2,68,36,32,5,4,29,53,1.43,.259
Kazuhiro K Sasaki,SEA,4,5,2.52,61,0,0,0,37,37,60.2,44,24,17,6,2,20,73,1.05,.201
Ugueth U Urbina,BOS,1,6,3.00,61,0,0,0,40,40,60.0,44,21,20,8,0,20,71,1.07,.202
Rick R White,STL,5,7,4.31,61,0,0,0,0,0,62.2,62,33,30,4,1,21,41,1.32,.264
Jason J Isringhausen,STL,3,2,2.48,60,0,0,0,32,32,65.1,46,22,18,0,1,18,68,0.98,.199
Dan D Plesac,PHI,3,3,4.21,60,0,0,0,1,1,36.1,27,17,17,6,0,18,41,1.24,.200
Joey J Eischen,MON,6,1,1.34,59,0,0,0,2,2,53.2,43,11,8,1,2,18,51,1.14,.224
Antonio A Osuna,CWS,8,2,3.86,59,0,0,0,11,11,67.2,64,32,29,1,4,28,66,1.36,.250
Mike M Williams,PIT,2,6,2.93,59,0,0,0,46,46,61.1,54,24,20,6,1,21,43,1.22,.233
Scott S Cassidy,TOR,1,4,5.73,58,0,0,0,0,0,66.0,52,42,42,12,7,32,48,1.27,.222
Michael M Jackson,MIN,2,3,3.27,58,0,0,0,0,0,55.0,59,20,20,5,4,13,29,1.31,.284
Kent K Mercker,COL,3,1,6.14,58,0,0,0,0,0,44.0,55,33,30,12,2,22,37,1.75,.299
Troy T Percival,ANA,4,1,1.92,58,0,0,0,40,40,56.1,38,12,12,5,0,25,68,1.12,.188
Dennys D Reyes,TEX,4,4,5.33,58,5,0,0,0,0,82.2,98,52,49,10,0,45,59,1.73,.299
Kevin K Gryboski,ATL,2,1,3.48,57,0,0,0,0,0,51.2,50,20,20,6,5,37,33,1.68,.256
T. J. T Tucker,MON,6,3,4.11,57,0,0,0,4,4,61.1,69,32,28,5,0,31,42,1.63,.290
Jamie J Walker,DET,1,1,3.71,57,0,0,0,1,1,43.2,32,19,18,9,4,9,40,0.94,.199
Rick R Bauer,BAL,6,7,3.98,56,1,0,0,1,1,83.2,84,41,37,12,4,36,45,1.43,.268
Jesse J Orosco,LA,1,2,3.00,56,0,0,0,1,1,27.0,24,10,9,4,0,12,22,1.33,.229
Bruce B Chen,CIN,2,5,5.56,55,6,0,0,0,0,77.2,85,53,48,16,2,43,80,1.65,.274
Darren D Holmes,ATL,2,2,1.81,55,0,0,0,1,1,54.2,41,12,11,3,2,12,47,0.97,.210
Mike M Koplove,ARI,6,1,3.36,55,0,0,0,0,0,61.2,47,24,23,2,0,23,46,1.14,.213
Mike M Lincoln,PIT,2,4,3.11,55,0,0,0,0,0,72.1,80,28,25,7,0,27,50,1.48,.290
Brandon B Puffer,HOU,3,3,4.43,55,0,0,0,0,0,69.0,67,37,34,3,5,38,48,1.52,.258
Esteban E Yan,TB,7,8,4.30,55,0,0,0,19,19,69.0,70,35,33,10,3,29,53,1.43,.259
Rheal R Cormier,PHI,5,6,5.25,54,0,0,0,0,0,60.0,61,38,35,6,4,32,49,1.55,.266
Scott S Schoeneweis,ANA,9,8,4.88,54,15,0,0,1,1,118.0,119,68,64,17,5,49,65,1.42,.264
Joe J Beimel,PIT,2,5,4.64,53,8,0,0,0,0,85.1,88,49,44,9,4,45,53,1.56,.267
Shigetoshi S Hasegawa,SEA,8,3,3.20,53,0,0,0,1,1,70.1,60,26,25,4,2,30,39,1.28,.238
Felix F Heredia,TOR,1,2,3.61,53,0,0,0,0,0,52.1,51,29,21,5,2,26,31,1.47,.256
Roberto R Hernandez,KC,1,3,4.33,53,0,0,0,26,26,52.0,62,29,25,6,3,12,39,1.42,.300
Juan J Alvarez,TEX,0,4,4.76,52,0,0,0,0,0,39.2,35,22,21,7,3,21,30,1.41,.241
Jim J Brower,MON,3,2,4.37,52,0,0,0,0,0,80.1,77,40,39,7,4,32,57,1.36,.252
Doug D Creek,SEA,3,2,5.82,52,0,0,0,0,0,55.2,57,37,36,10,7,35,56,1.65,.261
Al A Levine,ANA,4,4,4.24,52,0,0,0,5,5,63.2,61,35,30,8,2,34,40,1.49,.253
Kerry K Ligtenberg,ATL,3,4,2.97,52,0,0,0,0,0,66.2,52,23,22,6,0,33,51,1.28,.213
Armando A Almanza,FLA,3,2,4.34,51,0,0,0,2,2,45.2,36,22,22,8,0,23,57,1.29,.224
Valerio V De Los Santos,MIL,2,3,3.12,51,0,0,0,0,0,57.2,42,21,20,4,2,26,38,1.18,.211
Sean S Lowe,COL,5,3,5.79,51,1,0,0,0,0,79.1,101,58,51,9,7,41,64,1.79,.313
Jay J Powell,TEX,3,2,3.44,51,0,0,0,0,0,49.2,50,28,19,5,1,24,35,1.49,.253
David D Riske,CLE,2,2,5.26,51,0,0,0,1,1,51.1,49,32,30,8,4,35,65,1.64,.257
Tim T Spooneybarger,ATL,1,0,2.63,51,0,0,0,1,1,51.1,38,16,15,4,2,26,33,1.25,.207
Jose J Cabrera,MIL,6,10,6.79,50,11,0,0,0,0,103.1,131,84,78,23,9,36,61,1.62,.314
Todd T Van Poppel,TEX,3,2,5.45,50,0,0,0,1,1,72.2,80,44,44,14,3,29,85,1.50,.275
Kelly K Wunsch,CWS,2,1,3.41,50,0,0,0,0,0,31.2,26,12,12,3,5,19,22,1.42,.230
Chad C Zerbe,SF,2,0,3.04,50,0,0,0,0,0,56.1,52,22,19,3,4,21,26,1.30,.248
Mike M Crudale,STL,3,0,1.88,49,1,0,0,0,0,52.2,43,11,11,3,1,14,47,1.08,.228
Mike M Holtz,SD,2,2,5.40,49,0,0,0,0,0,35.0,42,25,21,5,2,30,26,2.06,.294
Tony T Fiore,MIN,10,3,3.16,48,2,0,0,0,0,91.0,74,32,32,10,5,43,55,1.29,.224
Bob B Wells,MIN,2,1,5.90,48,0,0,0,0,0,58.0,78,41,38,8,1,16,30,1.62,.325
Mike M Matthews,MIL,2,1,3.94,47,0,0,0,0,0,45.2,43,23,20,5,2,29,34,1.58,.256
Michael M Tejera,FLA,8,8,4.45,47,18,0,0,1,1,139.2,144,71,69,17,6,60,95,1.46,.269
Mike M Venafro,OAK,2,2,4.62,47,0,0,0,0,0,37.0,45,22,19,5,2,14,16,1.59,.308
Terry T Adams,PHI,7,9,4.35,46,19,0,0,0,0,136.2,132,76,66,9,3,58,96,1.39,.255
Brendan B Donnelly,ANA,1,1,2.17,46,0,0,0,1,1,49.2,32,13,12,2,2,19,54,1.03,.184
Juan J Cruz,CHC,3,11,3.98,45,9,0,0,1,1,97.1,84,56,43,11,8,59,81,1.47,.241
Kyle K Farnsworth,CHC,4,6,7.33,45,0,0,0,1,1,46.2,53,47,38,9,1,24,46,1.65,.293
Mariano M Rivera,NYY,1,4,2.74,45,0,0,0,28,28,46.0,35,16,14,3,2,11,41,1.00,.203
Ron R Villone,PIT,4,6,5.81,45,7,0,0,0,0,93.0,95,63,60,8,5,34,55,1.39,.270
Tim T Wakefield,BOS,11,5,2.81,45,15,0,0,3,3,163.1,121,57,51,15,9,51,134,1.05,.204
Rocky R Biddle,CWS,3,4,4.06,44,7,0,0,1,1,77.2,72,42,35,13,5,39,64,1.43,.245
Jeff J Farnsworth,DET,2,3,5.79,44,0,0,0,0,0,70.0,100,47,45,6,2,29,28,1.84,.338
Scott S Mullen,KC,4,5,3.15,44,0,0,0,0,0,40.0,40,16,14,5,2,13,21,1.33,.267
Jay J Witasick,SF,1,0,2.37,44,0,0,0,0,0,68.1,58,19,18,3,4,21,54,1.16,.234
Nelson N Cruz,HOU,2,6,4.48,43,5,0,0,0,0,78.1,90,44,39,12,6,29,61,1.52,.285
Casey C Fossum,BOS,5,4,3.46,43,12,0,0,1,1,106.2,113,56,41,12,4,30,101,1.34,.268
Aaron A Fultz,SF,2,2,4.79,43,0,0,0,0,0,41.1,47,22,22,4,3,19,31,1.60,.294
Luther L Hackman,STL,5,4,4.11,43,6,0,0,0,0,81.0,90,42,37,7,4,39,46,1.59,.287
Guillermo G Mota,LA,1,3,4.15,43,0,0,0,0,0,60.2,45,30,28,4,2,27,49,1.19,.202
Corey C Thurman,TOR,2,3,4.37,43,1,0,0,0,0,68.0,65,34,33,11,2,45,56,1.62,.248
Vic V Darensbourg,FLA,1,2,6.14,42,0,0,0,0,0,48.1,61,34,33,10,2,26,33,1.80,.305
Britt B Reames,MON,1,4,5.03,42,6,0,0,0,0,68.0,70,42,38,8,3,38,76,1.59,.266
Jose J Santiago,PHI,1,3,6.70,42,0,0,0,0,0,47.0,56,35,35,7,3,15,30,1.51,.290
Victor V Zambrano,TB,8,8,5.53,42,11,0,0,1,1,114.0,120,77,70,15,4,68,73,1.65,.278
Ryan R Franklin,SEA,7,5,4.02,41,12,0,0,0,0,118.2,117,62,53,14,5,22,65,1.17,.255
Gary G Glover,CWS,7,8,5.20,41,22,0,0,1,1,138.1,136,86,80,21,7,52,70,1.36,.253
Jeff J Nelson,SEA,3,2,3.94,41,0,0,0,2,2,45.2,36,20,20,4,3,27,55,1.38,.221
Jose J Paniagua,DET,0,1,5.83,41,0,0,0,1,1,41.2,50,30,27,10,3,15,34,1.56,.294
Jeff J Tam,OAK,1,2,5.13,40,0,0,0,0,0,40.1,56,26,23,2,2,13,14,1.71,.333
Danys D Baez,CLE,10,11,4.41,39,26,1,0,6,6,165.1,160,84,81,14,9,82,130,1.46,.256
Francisco F Cordero,TEX,2,0,1.79,39,0,0,0,10,10,45.1,33,12,9,2,2,13,41,1.01,.204
Omar O Daal,LA,11,9,3.90,39,23,0,0,0,0,161.1,142,73,70,20,4,54,105,1.21,.239
Jayson J Durocher,MIL,1,1,1.88,39,0,0,0,0,0,48.0,27,13,10,3,2,21,44,1.00,.164
Joey J Hamilton,CIN,4,10,5.27,39,17,0,0,1,1,124.2,136,78,73,11,6,50,85,1.49,.279
David D Coggin,PHI,2,5,4.68,38,7,0,0,0,0,77.0,65,42,40,4,4,51,64,1.51,.231
Hideki H Irabu,TEX,3,8,5.74,38,2,0,0,16,16,47.0,51,30,30,11,1,16,30,1.43,.279
Julio J Santana,DET,3,5,2.84,38,0,0,0,0,0,57.0,49,19,18,8,2,28,38,1.35,.238
Pete P Walker,TOR,10,5,4.36,38,20,0,0,1,1,140.1,145,73,68,18,3,51,80,1.40,.271
Cory C Bailey,KC,3,4,4.11,37,0,0,0,1,1,46.0,53,24,21,5,2,31,24,1.83,.306
Dennis D Cook,ANA,1,1,3.38,37,0,0,0,0,0,24.0,21,9,9,2,1,10,13,1.29,.241
Travis T Harper,TB,5,9,5.46,37,7,0,0,1,1,85.2,101,54,52,14,9,27,60,1.49,.289
Terry T Mulholland,CLE,3,2,5.70,37,3,0,0,0,0,79.0,101,56,50,15,6,21,38,1.54,.314
Carl C Pavano,FLA,6,10,5.16,37,22,0,0,0,0,136.0,174,88,78,19,10,45,92,1.61,.313
Joel J Pineiro,SEA,14,7,3.24,37,28,2,1,0,0,194.1,189,75,70,24,7,54,136,1.25,.256
Miguel M Batista,ARI,8,9,4.29,36,29,1,0,0,0,184.2,172,99,88,12,6,70,112,1.31,.245
Frank F Castillo,BOS,6,15,5.07,36,23,0,0,1,1,163.1,174,101,92,19,7,58,112,1.42,.274
Tom T Glavine,ATL,18,11,2.96,36,36,2,1,0,0,224.2,210,85,74,21,8,78,127,1.28,.252
Rich R Rodriguez,TEX,3,2,5.40,36,0,0,0,1,1,16.2,14,10,10,1,1,11,12,1.50,.237
Curt C Schilling,ARI,23,7,3.23,36,35,5,1,0,0,259.1,218,95,93,29,3,33,316,0.97,.224
Bob B Wickman,CLE,1,3,4.46,36,0,0,0,20,20,34.1,42,22,17,3,1,10,36,1.51,.284
Brian B Anderson,ARI,6,11,4.79,35,24,0,0,0,0,156.0,174,86,83,23,1,32,81,1.32,.284
Dave D Burba,CLE,5,5,5.20,35,21,1,0,0,0,145.1,155,91,84,16,9,57,95,1.46,.270
Randy R Johnson,ARI,24,5,2.32,35,35,8,4,0,0,260.0,197,78,67,26,13,71,334,1.03,.208
Brian B Lawrence,SD,12,12,3.69,35,31,2,2,0,0,210.0,230,97,86,16,11,52,149,1.34,.281
Kevin K Millwood,ATL,18,8,3.24,35,34,1,1,0,0,217.0,186,83,78,16,8,65,178,1.16,.230
Denny D Neagle,COL,8,11,5.26,35,28,1,0,0,0,164.1,170,101,96,26,10,63,111,1.42,.266
Roy R Oswalt,HOU,19,9,3.01,35,34,0,0,0,0,233.0,215,86,78,17,5,62,208,1.19,.247
Barry B Zito,OAK,23,5,2.75,35,35,1,0,0,0,229.1,182,79,70,24,9,78,182,1.13,.218
Jeremy J Affeldt,KC,3,4,4.64,34,7,0,0,0,0,77.2,85,41,40,8,3,37,67,1.57,.274
Mark M Buehrle,CWS,19,12,3.58,34,34,5,2,0,0,239.0,236,102,95,25,3,61,134,1.24,.260
Freddy F Garcia,SEA,16,10,4.39,34,34,1,0,0,0,223.2,227,110,109,30,6,63,181,1.30,.260
Tom T Gordon,HOU,1,3,3.38,34,0,0,0,0,0,42.2,42,19,16,3,1,16,48,1.36,.261
Roy R Halladay,TOR,19,7,2.93,34,34,2,1,0,0,239.1,223,93,78,10,7,62,168,1.19,.244
Jimmy J Haynes,CIN,15,10,4.12,34,34,0,0,0,0,196.2,210,97,90,21,3,81,126,1.48,.278
Tim T Hudson,OAK,15,9,2.98,34,34,4,2,0,0,238.1,237,87,79,19,8,62,152,1.25,.263
Steve S Kent,TB,0,2,5.65,34,0,0,0,1,1,57.1,67,41,36,6,3,38,41,1.83,.294
Dan D Kolb,TEX,3,6,4.22,34,0,0,0,1,1,32.0,27,17,15,1,1,22,20,1.53,.227
Greg G Maddux,ATL,16,6,2.62,34,34,0,0,0,0,199.1,194,67,58,14,4,45,118,1.20,.257
Jamie J Moyer,SEA,13,8,3.32,34,34,4,2,0,0,230.2,198,89,85,28,9,50,147,1.08,.230
Hideo H Nomo,LA,16,6,3.39,34,34,0,0,0,0,220.1,189,92,83,26,2,101,193,1.32,.236
Grant G Roberts,NYM,3,1,2.20,34,0,0,0,0,0,45.0,43,12,11,3,1,16,31,1.31,.253
Glendon G Rusch,MIL,10,16,4.70,34,34,4,1,0,0,210.2,227,118,110,30,5,76,140,1.44,.279
Ben B Sheets,MIL,11,16,4.15,34,34,1,0,0,0,216.2,237,105,100,21,10,70,170,1.42,.281
Greg G Swindell,ARI,0,2,6.27,34,0,0,0,0,0,33.0,38,23,23,9,0,5,23,1.30,.279
Javier J Vazquez,MON,10,13,3.91,34,34,2,0,0,0,230.1,243,111,100,28,4,49,179,1.27,.271
Paul P Byrd,KC,17,11,3.90,33,33,7,2,0,0,228.1,224,111,99,36,7,38,129,1.15,.256
Bartolo B Colon,MON,20,8,2.93,33,33,8,3,0,0,233.1,219,85,76,20,2,70,149,1.24,.252
Ryan R Dempster,CIN,10,13,5.38,33,33,4,0,0,0,209.0,228,127,125,28,10,93,153,1.54,.286
Josh J Fogg,PIT,12,12,4.35,33,33,0,0,0,0,194.1,199,102,94,28,8,69,113,1.38,.267
Jon J Garland,CWS,12,12,4.58,33,33,1,1,0,0,192.2,188,109,98,23,9,83,112,1.41,.258
Matt M Ginter,CWS,1,0,4.47,33,0,0,0,1,1,54.1,59,34,27,6,1,21,37,1.47,.278
Livan L Hernandez,SF,12,16,4.38,33,33,5,3,0,0,216.0,233,113,105,19,4,71,134,1.41,.283
Al A Leiter,NYM,13,13,3.48,33,33,2,2,0,0,204.1,194,99,79,23,8,69,172,1.29,.250
Rodrigo R Lopez,BAL,15,9,3.57,33,28,1,0,0,0,196.2,172,83,78,23,5,62,136,1.19,.234
Damian D Moss,ATL,12,6,3.42,33,29,0,0,0,0,179.0,140,80,68,20,6,89,111,1.28,.221
Mike M Mussina,NYY,18,10,4.05,33,33,2,2,0,0,215.2,208,103,97,27,5,48,182,1.19,.253
Russ R Ortiz,SF,14,10,3.61,33,33,2,0,0,0,214.1,191,89,86,15,4,94,137,1.33,.241
Rick R Reed,MIN,15,7,3.78,33,32,2,1,0,0,188.0,192,89,79,32,6,26,121,1.16,.259
John J Riedling,CIN,2,4,2.70,33,0,0,0,0,0,46.2,39,16,14,2,3,26,30,1.39,.234
Kenny K Rogers,TEX,13,8,3.84,33,33,2,1,0,0,210.2,212,101,90,21,6,70,107,1.34,.261
Kirk K Rueter,SF,14,8,3.23,33,33,0,0,0,0,203.2,204,83,73,22,1,54,76,1.27,.262
C Sabathia,CLE,13,11,4.37,33,33,2,0,0,0,210.0,198,109,102,17,1,88,149,1.36,.252
Rudy R Seanez,TEX,1,3,5.73,33,0,0,0,0,0,33.0,28,25,21,5,0,24,40,1.58,.230
Dan D Smith,MON,1,1,3.47,33,0,0,0,2,2,46.2,34,18,18,6,1,21,34,1.18,.210
Tanyon T Sturtze,TB,4,18,5.18,33,33,4,0,0,0,224.0,271,141,129,33,9,89,137,1.61,.302
Jeff J Suppan,KC,9,16,5.32,33,33,3,1,0,0,208.0,229,134,123,32,7,68,109,1.43,.279
Kip K Wells,PIT,12,14,3.58,33,33,1,1,0,0,198.1,197,92,79,21,7,71,134,1.35,.261
Kerry K Wood,CHC,12,11,3.66,33,33,4,1,0,0,213.2,169,92,87,22,16,97,217,1.24,.221
Dan D Wright,CWS,14,12,5.18,33,33,1,1,0,0,196.1,200,124,113,32,6,71,136,1.38,.263
Kevin K Appier,ANA,14,12,3.92,32,32,0,0,0,0,188.1,191,89,82,23,7,64,132,1.35,.267
Jaime J Cerda,NYM,0,0,2.45,32,0,0,0,0,0,25.2,22,7,7,0,1,14,21,1.40,.232
Matt M Clement,CHC,12,11,3.60,32,32,3,2,0,0,205.0,162,84,82,18,6,85,215,1.20,.215
Jesus J Colome,TB,2,7,8.27,32,0,0,0,0,0,41.1,56,41,38,6,2,33,33,2.15,.341
Chuck C Finley,STL,11,15,4.15,32,32,2,1,0,0,190.2,183,97,88,13,1,78,174,1.37,.255
Jason J Jennings,COL,16,8,4.52,32,32,0,0,0,0,185.1,201,102,93,26,8,70,127,1.46,.280
Ryan R Jensen,SF,13,8,4.51,32,30,1,0,0,0,171.2,183,93,86,21,5,66,105,1.45,.278
Kyle K Lohse,MIN,13,8,4.23,32,31,1,1,0,0,180.2,181,92,85,26,9,70,124,1.39,.259
Derek D Lowe,BOS,21,8,2.58,32,32,1,1,0,0,219.2,166,65,63,12,12,48,127,0.97,.211
Mike M Magnante,OAK,0,2,5.97,32,0,0,0,0,0,28.2,38,22,19,2,1,11,11,1.71,.317
Matt M Morris,STL,17,9,3.42,32,32,1,1,0,0,210.1,210,86,80,16,6,64,171,1.30,.261
Blaine B Neal,FLA,3,0,2.73,32,0,0,0,0,0,33.0,32,12,10,1,0,14,33,1.39,.248
Tomo T Ohka,MON,13,8,3.18,32,31,2,0,0,0,192.2,194,83,68,19,7,45,118,1.24,.264
Eddie E Oropesa,ARI,2,0,10.30,32,0,0,0,0,0,25.1,39,30,29,6,2,15,18,2.13,.348
Ramon R Ortiz,ANA,15,9,3.77,32,32,4,1,0,0,217.1,188,97,91,40,5,68,162,1.18,.230
Vicente V Padilla,PHI,14,11,3.28,32,32,1,1,0,0,206.0,198,83,75,16,15,53,128,1.22,.254
Odalis O Perez,LA,15,10,3.00,32,32,4,2,0,0,222.1,182,76,74,21,4,38,155,0.99,.226
Mike M Porzio,CWS,2,2,4.81,32,0,0,0,0,0,43.0,40,25,23,10,3,23,33,1.47,.248
Chris C Reitsma,CIN,6,12,3.64,32,21,1,1,0,0,138.1,144,73,56,17,5,45,84,1.37,.267
Steve S Sparks,DET,8,16,5.52,32,30,3,0,0,0,189.0,238,134,116,23,12,67,98,1.61,.306
Denny D Stark,COL,11,4,4.00,32,20,0,0,0,0,128.1,108,69,57,25,5,64,64,1.34,.225
Brett B Tomko,SD,10,10,4.49,32,32,3,0,0,0,204.1,212,107,102,31,2,60,126,1.33,.267
Jarrod J Washburn,ANA,18,6,3.15,32,32,1,0,0,0,206.0,183,75,72,19,3,59,139,1.17,.235
Jeff J Weaver,NYY,11,11,3.52,32,25,3,3,2,2,199.2,193,88,78,16,11,48,132,1.21,.250
Carlos C Zambrano,CHC,4,8,3.66,32,16,0,0,0,0,108.1,94,53,44,9,4,63,93,1.45,.235
Miguel M Asencio,KC,4,7,5.11,31,21,0,0,0,0,123.1,136,73,70,17,3,64,58,1.62,.282
Pedro P Astacio,NYM,12,11,4.79,31,31,3,1,0,0,191.2,192,106,102,32,16,63,152,1.33,.262
A. J. A Burnett,FLA,12,9,3.30,31,29,7,5,0,0,204.1,153,84,75,12,9,90,203,1.19,.209
Brian B Fuentes,COL,2,0,4.73,31,0,0,0,0,0,26.2,25,14,14,4,3,13,38,1.43,.250
John J Halama,SEA,6,5,3.56,31,10,0,0,0,0,101.0,112,45,40,9,1,33,70,1.44,.281
Cory C Lidle,OAK,8,10,3.89,31,30,2,2,0,0,192.0,191,90,83,17,6,39,111,1.20,.258
Oswaldo O Mairena,FLA,2,3,5.35,31,0,0,0,0,0,33.2,38,21,20,7,0,12,21,1.49,.288
Matt M Mantei,ARI,2,2,4.73,31,0,0,0,0,0,26.2,28,15,14,3,1,12,26,1.50,.257
Hector H Mercado,PHI,2,2,4.62,31,3,0,0,0,0,39.0,32,21,20,2,3,25,40,1.46,.224
Lou L Pote,ANA,0,2,3.22,31,0,0,0,0,0,50.1,33,20,18,7,3,26,32,1.17,.194
Jose J Rijo,CIN,5,4,5.14,31,9,0,0,0,0,77.0,89,48,44,13,1,20,38,1.42,.283
Jorge J Sosa,TB,2,7,5.53,31,14,0,0,0,0,99.1,88,63,61,16,2,54,48,1.43,.236
Ismael I Valdez,SEA,8,12,4.18,31,31,1,0,0,0,196.0,194,94,91,26,9,47,102,1.23,.257
Brandon B Villafuerte,SD,1,2,1.41,31,0,0,0,1,1,32.0,29,5,5,2,2,12,25,1.28,.248
David D Wells,NYY,19,7,3.75,31,31,2,1,0,0,206.1,210,100,86,21,5,45,137,1.24,.259
Randy R Wolf,PHI,11,9,3.20,31,31,3,2,0,0,210.2,172,77,75,23,7,63,172,1.12,.223
Masato M Yoshii,MON,4,9,4.11,31,20,1,0,0,0,131.1,143,66,60,15,4,32,74,1.33,.282
Andy A Ashby,LA,9,13,3.91,30,30,0,0,0,0,181.2,179,85,79,20,8,65,107,1.34,.261
James J Baldwin,SEA,7,10,5.28,30,23,0,0,0,0,150.0,179,95,88,26,7,49,88,1.52,.298
Ricky R Bottalico,PHI,0,3,4.61,30,0,0,0,0,0,27.1,33,16,14,3,2,13,24,1.68,.300
Elmer E Dessens,CIN,7,8,3.03,30,30,0,0,0,0,178.0,173,70,60,24,7,49,93,1.25,.257
Brandon B Duckworth,PHI,8,9,5.41,30,29,0,0,0,0,163.0,167,103,98,26,7,69,167,1.45,.261
Nelson N Figueroa,MIL,1,7,5.03,30,11,0,0,0,0,93.0,96,59,52,18,4,37,51,1.43,.270
Mike M Hampton,COL,7,15,6.15,30,30,0,0,0,0,178.2,228,135,122,24,7,91,74,1.79,.313
Rick R Helling,ARI,10,12,4.51,30,30,0,0,0,0,175.2,180,94,88,31,6,48,120,1.30,.264
Oscar O Henriquez,DET,1,1,4.50,30,0,0,0,2,2,28.0,19,14,14,5,1,15,23,1.21,.196
Joe J Kennedy,TB,8,11,4.53,30,30,5,1,0,0,196.2,204,114,99,23,16,55,109,1.32,.269
Albie A Lopez,ATL,1,4,4.37,30,4,0,0,0,0,55.2,66,29,27,1,0,18,39,1.51,.300
Pedro P Martinez,BOS,20,4,2.26,30,30,2,0,0,0,199.1,144,62,50,13,15,40,239,0.92,.198
Darrell D May,KC,4,10,5.35,30,21,2,1,0,0,131.1,144,83,78,28,1,50,95,1.48,.277
Mark M Mulder,OAK,19,7,3.47,30,30,2,1,0,0,207.1,182,88,80,21,11,55,159,1.14,.232
Mark M Redman,DET,8,15,4.21,30,30,3,0,0,0,203.0,211,107,95,15,6,51,109,1.29,.268
Dan D Reichert,KC,3,5,5.32,30,6,0,0,0,0,66.0,77,48,39,10,4,25,36,1.55,.306
John J Rocker,TEX,2,3,6.66,30,0,0,0,1,1,24.1,29,19,18,5,0,13,30,1.73,.299
John J Thomson,NYM,9,14,4.71,30,30,0,0,0,0,181.2,201,116,95,28,2,44,107,1.35,.275
Steve S Trachsel,NYM,11,11,3.37,30,30,1,1,0,0,173.2,170,80,65,16,0,69,105,1.38,.258
Paul P Wilson,TB,6,12,4.83,30,30,1,0,0,0,193.2,219,113,104,29,13,67,111,1.48,.287
Tony T Armas,MON,12,12,4.44,29,29,0,0,0,0,164.1,149,87,81,22,7,78,131,1.38,.243
Rolando R Arrojo,BOS,4,3,4.98,29,8,0,0,1,1,81.1,83,47,45,7,6,27,51,1.35,.269
Willie W Banks,BOS,2,1,3.23,29,0,0,0,1,1,39.0,32,15,14,5,3,14,26,1.18,.222
John J Burkett,BOS,13,8,4.53,29,29,1,1,0,0,173.0,199,93,87,25,8,50,124,1.44,.287
Roger R Clemens,NYY,13,6,4.35,29,29,0,0,0,0,180.0,172,94,87,18,7,63,192,1.31,.250
Jeff J D' Amico,NYM,6,10,4.94,29,22,1,1,0,0,145.2,152,84,80,20,3,37,101,1.30,.267
Travis T Driskill,BAL,8,8,4.95,29,19,0,0,0,0,132.2,150,78,73,21,8,48,78,1.49,.284
Scott S Erickson,BAL,5,12,5.55,29,28,3,1,0,0,160.2,192,109,99,20,8,68,74,1.62,.303
Shawn S Estes,CIN,5,12,5.10,29,29,1,1,0,0,160.2,171,94,91,13,9,83,109,1.58,.281
Eric E Milton,MIN,13,9,4.84,29,29,2,1,0,0,171.0,173,96,92,24,3,30,121,1.19,.258
Mike M Morgan,ARI,1,1,5.29,29,0,0,0,0,0,34.0,41,22,20,7,3,9,13,1.47,.289
Chris C Nichting,COL,1,1,4.46,29,0,0,0,0,0,36.1,40,18,18,7,1,5,25,1.24,.280
Chad C Paronto,CLE,0,2,4.04,29,0,0,0,0,0,35.2,34,19,16,3,2,11,23,1.26,.248
Jerrod J Riggan,CLE,2,1,7.64,29,0,0,0,0,0,33.0,53,28,28,3,0,18,22,2.15,.373
Jason J Schmidt,SF,13,8,3.45,29,29,2,2,0,0,185.1,148,78,71,15,2,73,196,1.19,.218
Scot S Shields,ANA,5,3,2.20,29,1,0,0,0,0,49.0,31,13,12,4,1,21,30,1.06,.188
Gene G Stechschulte,STL,6,2,4.78,29,0,0,0,0,0,32.0,27,19,17,4,1,17,21,1.38,.235
Julian J Tavarez,FLA,10,12,5.39,29,27,0,0,0,0,153.2,188,100,92,9,15,74,67,1.70,.308
Jimmy J Anderson,PIT,8,13,5.44,28,25,1,0,0,0,140.2,167,91,85,20,5,63,47,1.64,.299
Adam A Bernero,DET,4,7,6.20,28,11,0,0,0,0,101.2,128,74,70,17,6,31,69,1.56,.309
Randy R Flores,COL,0,2,7.45,28,2,0,0,1,1,29.0,40,26,24,7,3,16,14,1.93,.342
Kaz K Ishii,LA,14,10,4.27,28,28,0,0,0,0,154.0,137,82,73,20,4,106,143,1.58,.240
Gary G Knotts,FLA,3,1,4.40,28,0,0,0,0,0,30.2,21,15,15,6,1,16,21,1.21,.193
Sidney S Ponson,BAL,7,9,4.09,28,28,3,0,0,0,176.0,172,84,80,26,2,63,120,1.34,.258
Johan J Santana,MIN,8,6,2.99,27,14,0,0,1,1,108.1,84,41,36,7,1,49,137,1.23,.212
Blake B Stein,KC,0,4,7.91,27,2,0,0,1,1,46.2,59,41,41,6,3,27,42,1.84,.306
Ryan R Bukvich,KC,1,0,6.12,26,0,0,0,0,0,25.0,26,19,17,2,1,19,20,1.80,.277
Mark M Corey,COL,0,3,8.59,26,0,0,0,0,0,22.0,32,23,21,9,3,16,21,2.18,.337
Ryan R Drese,CLE,10,9,6.55,26,26,1,0,0,0,137.1,176,104,100,15,6,62,102,1.73,.317
Rich R Garces,BOS,0,1,7.59,26,0,0,0,0,0,21.1,21,20,18,4,3,12,16,1.55,.273
Wade W Miller,HOU,15,4,3.28,26,26,1,1,0,0,164.2,151,63,60,14,6,62,144,1.29,.249
Travis T Phelps,TB,1,2,4.78,26,0,0,0,0,0,37.2,30,20,20,7,5,27,36,1.51,.222
Luis L Pineda,CIN,1,3,4.18,26,2,0,0,0,0,32.1,25,16,15,4,2,24,31,1.52,.221
Ruben R Quevedo,MIL,6,11,5.76,26,25,1,1,0,0,139.0,159,100,89,28,4,68,93,1.63,.288
Todd T Ritchie,CWS,5,15,6.06,26,23,0,0,0,0,133.2,176,104,90,18,5,52,77,1.71,.318
Aaron A Sele,ANA,8,9,4.89,26,26,1,1,0,0,160.0,190,92,87,21,7,49,82,1.49,.299
Kris K Benson,PIT,9,6,4.70,25,25,0,0,0,0,130.1,152,76,68,18,3,50,79,1.55,.295
Mike M Buddie,MIL,1,2,4.54,25,0,0,0,0,0,39.2,46,23,20,5,1,21,28,1.69,.293
Jason J Kershner,TOR,0,1,4.88,25,0,0,0,1,1,24.0,20,16,13,3,2,14,18,1.42,.220
Satoru S Komiyama,NYM,0,3,5.61,25,0,0,0,0,0,43.1,53,29,27,7,3,12,33,1.50,.301
Esteban E Loaiza,TOR,9,10,5.71,25,25,3,1,0,0,151.1,192,102,96,18,4,38,87,1.52,.309
Justin J Miller,TOR,9,5,5.54,25,18,0,0,0,0,102.1,103,70,63,12,11,66,68,1.65,.268
Chan Ho C Park,TEX,9,8,5.75,25,25,0,0,0,0,145.2,154,95,93,20,17,78,121,1.59,.273
Chris C Haney,BOS,0,0,4.20,24,0,0,0,1,1,30.0,32,14,14,2,4,10,15,1.40,.274
Orlando O Hernandez,NYY,8,5,3.64,24,22,0,0,1,1,146.0,131,63,59,17,8,36,113,1.14,.236
Brad B Penny,FLA,8,7,4.66,24,24,1,1,0,0,129.1,148,76,67,18,1,50,93,1.53,.288
Carl C Sadler,CLE,1,2,4.43,24,0,0,0,0,0,20.1,15,10,10,2,0,11,23,1.28,.211
Victor V Santos,COL,0,4,10.38,24,2,0,0,0,0,26.0,41,30,30,3,0,22,25,2.42,.360
Jason J Simontacchi,STL,11,5,4.02,24,24,0,0,0,0,143.1,134,68,64,18,6,54,72,1.31,.253
Wilson W Alvarez,TB,2,3,5.28,23,10,0,0,1,1,75.0,80,47,44,13,4,36,56,1.55,.272
Josh J Beckett,FLA,6,7,4.10,23,21,0,0,0,0,107.2,93,56,49,13,1,44,113,1.27,.232
Jason J Boyd,SD,1,0,7.94,23,0,0,0,0,0,28.1,33,29,25,6,0,15,18,1.69,.300
Jack J Cressend,MIN,0,1,5.91,23,0,0,0,0,0,32.0,40,25,21,6,1,19,22,1.84,.305
Carlos C Hernández Hernandez,HOU,7,5,4.38,23,21,0,0,0,0,111.0,112,56,54,11,3,61,93,1.56,.261
Yorkis Y Perez,BAL,0,0,3.29,23,0,0,0,1,1,27.1,21,12,10,4,0,14,25,1.28,.198
Brian B Shouse,KC,0,0,6.14,23,0,0,0,0,0,14.2,15,10,10,3,2,9,11,1.64,.259
Jamey J Wright,STL,7,13,5.29,23,22,1,1,0,0,129.1,130,80,76,17,11,75,77,1.59,.269
Chris C Brock,BAL,2,1,4.70,22,0,0,0,0,0,44.0,52,24,23,6,1,14,21,1.50,.297
Jason J Johnson,BAL,5,14,4.59,22,22,1,0,0,0,131.1,141,68,67,19,6,41,97,1.39,.276
Ted T Lilly,OAK,5,7,3.69,22,16,2,1,0,0,100.0,80,43,41,15,6,31,77,1.11,.214
Scott S Linebrink,HOU,0,0,7.03,22,0,0,0,0,0,24.1,31,21,19,2,1,13,24,1.81,.298
Jason J Marquis,ATL,8,9,5.04,22,22,0,0,0,0,114.1,127,66,64,19,3,49,84,1.54,.283
Dave D Mlicki,HOU,4,10,5.34,22,16,0,0,0,0,86.0,101,57,51,11,3,34,57,1.57,.290
Andy A Pettitte,NYY,13,5,3.27,22,22,3,1,0,0,134.2,144,58,49,6,4,32,97,1.31,.272
Luke L Prokopec,TOR,2,9,6.78,22,12,0,0,0,0,71.2,90,57,54,19,7,25,41,1.60,.302
Brad B Voyles,KC,0,2,6.51,22,0,0,0,1,1,27.2,31,21,20,5,2,18,26,1.77,.284
Shawn S Chacon,COL,5,11,5.73,21,21,0,0,0,0,119.1,122,84,76,25,7,60,67,1.53,.263
Jon J Lieber,CHC,6,8,3.70,21,21,3,0,0,0,141.0,153,64,58,15,1,12,87,1.17,.277
Mike M Maroth,DET,6,10,4.48,21,21,0,0,0,0,128.2,136,68,64,7,2,36,58,1.34,.276
Takahito T Nomura,MIL,0,0,8.56,21,0,0,0,0,0,13.2,11,14,13,2,2,18,9,2.12,.224
Brad B Radke,MIN,9,5,4.72,21,21,2,1,0,0,118.1,124,64,62,12,7,20,62,1.22,.272
Wayne W Gomes,BOS,1,2,4.64,20,0,0,0,1,1,21.1,20,11,11,2,3,12,15,1.50,.241
Sterling S Hitchcock,NYY,1,2,5.49,20,2,0,0,0,0,39.1,57,29,24,4,1,15,31,1.83,.326
Hansel H Izquierdo,FLA,2,0,4.55,20,2,0,0,0,0,29.2,33,17,15,2,5,21,20,1.82,.289
Jose J Lima,DET,4,6,7.77,20,12,0,0,0,0,68.1,86,60,59,12,2,21,33,1.57,.314
Bret B Prinz,ARI,0,2,9.45,20,0,0,0,0,0,13.1,23,14,14,1,1,10,10,2.48,.404
Fernando F Rodney,DET,1,3,6.00,20,0,0,0,0,0,18.0,25,15,12,2,0,10,10,1.94,.329
Anthony A Telford,TEX,2,1,6.46,20,0,0,0,1,1,23.2,30,18,17,3,4,15,19,1.90,.316
Tom T Davey,SD,1,0,5.57,19,0,0,0,0,0,21.0,23,14,13,2,3,11,21,1.62,.288
Zach Z Day,MON,4,1,3.62,19,2,0,0,1,1,37.1,28,18,15,3,1,15,25,1.15,.207
Bobby B Jones,SD,7,8,5.50,19,18,0,0,0,0,108.0,134,68,66,20,1,21,60,1.44,.300
Sun- Woo S Kim,MON,3,0,4.74,19,5,0,0,0,0,49.1,52,26,26,5,2,14,29,1.34,.274
Pete P Munro,HOU,5,5,3.57,19,14,0,0,0,0,80.2,89,37,32,5,3,23,45,1.39,.283
Charles C Nagy,CLE,1,4,8.88,19,7,0,0,0,0,48.2,76,51,48,10,2,13,22,1.83,.360
Mark M Prior,CHC,6,6,3.32,19,19,1,0,0,0,116.2,98,45,43,14,7,38,147,1.17,.226
Andy A Benes,STL,5,4,2.78,18,17,1,0,0,0,97.0,80,39,30,10,5,51,64,1.35,.228
Randy R Choate,NYY,0,0,6.04,18,0,0,0,0,0,22.1,18,18,15,1,3,15,17,1.48,.217
John J Lackey,ANA,9,4,3.66,18,18,1,0,0,0,108.1,113,52,44,10,4,33,69,1.35,.267
Tim T Redding,HOU,3,6,5.40,18,14,0,0,0,0,73.1,78,49,44,10,0,35,63,1.54,.276
Rob R Bell,TEX,4,3,6.22,17,15,0,0,0,0,94.0,113,69,65,16,1,35,70,1.57,.296
Joaquin J Benoit,TEX,4,5,5.31,17,13,0,0,1,1,84.2,91,51,50,6,5,58,59,1.76,.272
Brian B Bowles,TOR,2,1,4.05,17,0,0,0,0,0,20.0,13,11,9,0,3,14,19,1.35,.183
Kevin K Brown,LA,3,4,4.81,17,10,0,0,0,0,63.2,68,36,34,9,5,23,58,1.43,.274
Mark M Lukasiewicz,ANA,2,0,3.86,17,0,0,0,0,0,14.0,17,6,6,0,0,9,15,1.86,.298
Jim J Mann,HOU,0,1,4.09,17,0,0,0,0,0,22.0,19,10,10,3,5,7,19,1.18,.235
Joe J Mays,MIN,4,8,5.38,17,17,1,1,0,0,95.1,113,60,57,14,2,25,38,1.45,.292
Kevin K Olsen,FLA,0,5,4.53,17,8,0,0,0,0,55.2,57,31,28,5,1,31,38,1.58,.270
Jake J Peavy,SD,6,7,4.52,17,17,0,0,0,0,97.2,106,54,49,11,3,33,90,1.42,.274
Kirk K Saarloos,HOU,6,7,6.01,17,17,1,1,0,0,85.1,100,59,57,12,6,27,54,1.49,.301
Dennis D Tankersley,SD,1,4,8.06,17,9,0,0,0,0,51.1,59,46,46,10,6,40,39,1.93,.304
Donne D Wall,ANA,0,0,6.43,17,0,0,0,0,0,21.0,17,15,15,3,1,7,13,1.14,.221
Woody W Williams,STL,9,4,2.53,17,17,1,0,0,0,103.1,84,30,29,10,4,25,76,1.05,.222
Jason J Bere,CHC,1,10,5.67,16,16,0,0,0,0,85.2,98,63,54,13,3,28,65,1.47,.290
Will W Cunnane,CHC,1,1,5.47,16,0,0,0,0,0,26.1,27,16,16,5,1,13,30,1.52,.270
Kane K Davis,NYM,1,1,7.07,16,0,0,0,0,0,14.0,15,11,11,2,1,11,24,1.86,.273
Mike M Fyhrie,OAK,2,4,4.44,16,4,0,0,0,0,48.2,46,25,24,3,4,20,29,1.36,.246
Aaron A Harang,OAK,5,4,4.83,16,15,0,0,0,0,78.1,78,44,42,7,3,45,64,1.57,.261
Mark M Hendrickson,TOR,3,0,2.45,16,4,0,0,0,0,36.2,25,11,10,1,2,12,21,1.01,.202
Jonathan J Johnson,SD,1,2,4.11,16,0,0,0,0,0,15.1,15,8,7,2,1,5,21,1.30,.250
Bobby B Jones,SD,0,0,5.74,16,2,0,0,0,0,26.2,30,18,17,4,1,18,18,1.80,.288
Pat P Mahomes,CHC,1,1,3.86,16,2,0,0,0,0,32.2,36,15,14,3,1,17,23,1.62,.286
Jose J Parra,ARI,0,1,3.21,16,0,0,0,0,0,14.0,13,5,5,0,1,11,8,1.71,.255
Oliver O Pérez Perez,SD,4,5,3.50,16,15,0,0,0,0,90.0,71,37,35,13,5,48,94,1.32,.218
Robert R Person,PHI,4,5,5.44,16,16,0,0,0,0,87.2,79,58,53,13,5,51,61,1.48,.241
Kevin K Pickford,SD,0,2,6.00,16,4,0,0,0,0,30.0,37,23,20,3,3,20,18,1.90,.314
Shawn S Sedlacek,KC,3,5,6.72,16,14,0,0,0,0,84.1,99,64,63,16,6,36,52,1.60,.303
Manny M Aybar,SF,1,0,2.51,15,0,0,0,0,0,14.1,16,6,4,1,1,3,11,1.33,.271
Toby T Borland,FLA,1,0,5.27,15,0,0,0,0,0,13.2,14,8,8,3,3,5,11,1.39,.269
Sean S Douglass,BAL,0,5,6.08,15,8,0,0,0,0,53.1,58,41,36,10,2,35,44,1.74,.283
Dave D Elder,CLE,0,2,3.13,15,0,0,0,0,0,23.0,18,10,8,1,1,14,23,1.39,.220
Colby C Lewis,TEX,1,3,6.29,15,4,0,0,0,0,34.1,42,26,24,4,2,26,28,1.98,.304
Brandon B Lyon,TOR,1,4,6.53,15,10,0,0,0,0,62.0,78,47,45,14,2,19,30,1.56,.308
Jason J Middlebrook,NYM,2,3,4.73,15,5,0,0,0,0,51.1,44,27,27,2,1,22,42,1.29,.237
Aaron A Myette,TEX,2,5,10.06,15,12,0,0,0,0,48.1,64,57,54,11,6,41,48,2.17,.325
Al A Reyes,PIT,0,0,2.65,15,0,0,0,0,0,17.0,9,5,5,1,2,7,21,0.94,.161
Ryan R Rupe,TB,5,10,5.60,15,15,2,0,0,0,90.0,83,60,56,11,10,25,67,1.20,.243
Mike M Bynum,SD,1,0,5.27,14,3,0,0,0,0,27.1,33,16,16,3,3,15,17,1.76,.308
Jared J Fernandez,CIN,1,3,4.44,14,8,0,0,0,0,50.2,59,31,25,5,3,24,36,1.64,.294
Darryl D Kile,STL,5,4,3.72,14,14,0,0,0,0,84.2,82,36,35,9,8,28,50,1.30,.257
Matt M Kinney,MIN,2,7,4.64,14,12,0,0,0,0,66.0,78,39,34,13,1,33,45,1.68,.295
Rodney R Myers,SD,1,1,5.91,14,0,0,0,0,0,21.1,29,20,14,1,3,10,11,1.83,.333
Doug D Nickle,SD,1,0,7.88,14,0,0,0,0,0,16.0,26,16,14,3,1,13,9,2.44,.347
Darren D Oliver,BOS,4,5,4.66,14,9,1,1,0,0,58.0,70,30,30,7,6,27,32,1.67,.317
Steve S Parris,TOR,5,5,5.97,14,14,0,0,0,0,75.1,96,50,50,13,3,35,48,1.74,.314
Joe J Roa,PHI,4,4,4.04,14,11,0,0,0,0,71.1,78,33,32,11,1,13,35,1.28,.279
Mike M Smith,TOR,0,3,6.62,14,6,0,0,0,0,35.1,43,28,26,3,7,20,16,1.78,.301
Steve S Woodard,TEX,0,0,6.62,14,0,0,0,0,0,17.2,20,13,13,4,2,8,14,1.58,.274
Micah M Bowie,OAK,2,0,1.50,13,0,0,0,0,0,12.0,12,2,2,1,1,8,8,1.67,.261
Chris C Carpenter,TOR,4,5,5.28,13,13,1,0,0,0,73.1,89,45,43,11,4,27,45,1.58,.306
Mike M James,COL,0,0,5.56,13,0,0,0,0,0,11.1,12,9,7,2,1,5,10,1.50,.267
Josias J Manzanillo,PIT,0,0,7.62,13,0,0,0,0,0,13.0,20,11,11,5,1,5,4,1.92,.364
Chris C Michalak,TEX,0,2,4.40,13,0,0,0,0,0,14.1,20,7,7,1,1,10,5,2.09,.339
Brian B Moehler,CIN,3,5,4.86,13,12,0,0,0,0,63.0,78,39,34,11,1,13,31,1.44,.302
Brian B Powell,DET,1,5,4.84,13,9,0,0,0,0,57.2,64,34,31,11,1,21,30,1.47,.278
Shane S Reynolds,HOU,3,6,4.86,13,13,0,0,0,0,74.0,80,43,40,13,1,26,47,1.43,.274
Matt M Anderson,DET,2,1,9.00,12,0,0,0,0,0,11.0,17,13,11,1,2,8,8,2.27,.378
Kevin K Beirne,LA,2,0,3.41,12,3,0,0,0,0,29.0,26,11,11,4,2,17,17,1.48,.245
Lee L Gardner,TB,1,1,4.05,12,0,0,0,0,0,13.1,12,11,6,3,3,8,8,1.50,.235
Dustin D Hermanson,BOS,1,1,7.77,12,1,0,0,0,0,22.0,35,19,19,3,0,7,13,1.91,.354
Runelvys R Hernandez,KC,4,4,4.36,12,12,0,0,0,0,74.1,79,36,36,8,1,22,45,1.36,.273
Calvin C Maduro,BAL,2,5,5.56,12,10,0,0,0,0,56.2,64,37,35,12,1,22,29,1.52,.279
Julio J Mateo,SEA,0,0,4.29,12,0,0,0,0,0,21.0,20,10,10,2,1,12,15,1.52,.247
T. J. T Mathews,HOU,0,0,3.44,12,0,0,0,0,0,18.1,19,7,7,2,0,5,13,1.31,.271
Gabe G Molina,STL,1,0,1.59,12,0,0,0,0,0,11.1,6,2,2,1,0,6,4,1.06,.162
Brett B Myers,PHI,4,5,4.25,12,12,1,0,0,0,72.0,73,38,34,11,6,29,34,1.42,.277
Nick N Neugebauer,MIL,1,7,4.72,12,12,0,0,0,0,55.1,56,33,29,10,0,44,47,1.81,.264
C. J. C Nitkowski,TEX,0,1,2.63,12,0,0,0,0,0,13.2,11,4,4,0,0,13,14,1.76,.224
Jose J Silva,CIN,1,0,4.24,12,0,0,0,0,0,23.1,25,11,11,3,3,10,6,1.50,.294
Travis T Smith,STL,4,2,7.17,12,10,0,0,0,0,54.0,69,44,43,10,3,20,32,1.65,.322
John J Stephens,BAL,2,5,6.09,12,11,0,0,0,0,65.0,68,44,44,13,3,22,56,1.38,.271
Garrett G Stephenson,STL,2,5,5.40,12,10,0,0,0,0,45.0,48,27,27,4,5,25,34,1.62,.282
Mike M Thurman,NYY,1,0,5.18,12,2,0,0,0,0,33.0,45,21,19,2,1,12,23,1.73,.328
Brian B Tollberg,SD,1,5,6.13,12,11,0,0,0,0,61.2,88,47,42,11,1,19,33,1.74,.342
Kris K Wilson,KC,2,0,8.20,12,0,0,0,0,0,18.2,29,18,17,7,2,5,10,1.82,.354
Mike M Bacsik,NYM,3,2,4.37,11,9,1,0,0,0,55.2,63,29,27,8,4,19,30,1.47,.289
Francis F Beltran,CHC,0,0,7.50,11,0,0,0,0,0,12.0,14,11,10,2,0,16,11,2.50,.311
Troy T Brohawn,SF,0,1,6.35,11,0,0,0,0,0,5.2,5,4,4,1,2,1,3,1.06,.227
Kevin K Joseph,STL,0,1,4.91,11,0,0,0,0,0,11.0,16,7,6,1,2,6,2,2.00,.364
Ron R Mahay,CHC,2,0,8.59,11,0,0,0,0,0,14.2,13,14,14,6,0,8,14,1.43,.228
Brian B Meadows,PIT,1,6,3.88,11,11,0,0,0,0,62.2,62,29,27,7,1,14,31,1.21,.256
Donovan D Osborne,CHC,0,1,6.19,11,0,0,0,0,0,16.0,19,11,11,1,0,10,13,1.81,.297
Jeriome J Robertson,HOU,0,2,6.52,11,1,0,0,0,0,9.2,13,8,7,4,0,5,6,1.86,.394
Bud B Smith,STL,1,5,6.94,11,10,0,0,0,0,48.0,67,39,37,4,3,22,22,1.85,.338
Kevin K Walker,SD,0,1,5.63,11,0,0,0,0,0,8.0,12,6,5,2,0,5,11,2.13,.333
Jake J Westbrook,CLE,1,3,5.83,11,4,0,0,0,0,41.2,50,30,27,6,1,12,20,1.49,.296
Jeff J Austin,KC,0,0,4.91,10,0,0,0,0,0,11.0,14,6,6,0,0,6,6,1.82,.318
Doug D Davis,TEX,3,5,4.98,10,10,1,1,0,0,59.2,67,36,33,7,3,22,28,1.49,.290
Jeremy J Hill,KC,0,1,3.86,10,0,0,0,0,0,9.1,8,4,4,1,0,8,7,1.71,.235
Juan J Rincon,MIN,0,2,6.28,10,3,0,0,0,0,28.2,44,23,20,5,0,9,21,1.85,.352
Rafael R Soriano,SEA,0,3,4.56,10,8,0,0,1,1,47.1,45,25,24,8,0,16,32,1.29,.243
Jeff J Williams,LA,0,0,11.70,10,0,0,0,0,0,10.0,15,13,13,2,1,7,11,2.20,.333
Bronson B Arroyo,PIT,2,1,4.00,9,4,0,0,0,0,27.0,30,14,12,1,0,15,22,1.67,.283
Brandon B Backe,TB,0,0,6.92,9,0,0,0,0,0,13.0,15,10,10,3,2,7,6,1.69,.288
Clay C Condrey,SD,1,2,1.69,9,3,0,0,0,0,26.2,20,7,5,1,2,8,16,1.05,.217
Aaron A Cook,COL,2,1,4.54,9,5,0,0,0,0,35.2,41,18,18,4,2,13,14,1.51,.295
Nate N Cornejo,DET,1,5,5.04,9,9,1,0,0,0,50.0,63,33,28,6,2,18,23,1.62,.303
Erik E Hiljus,OAK,3,3,6.50,9,9,0,0,0,0,45.2,52,36,33,11,0,21,29,1.60,.284
Dan D Miceli,TEX,0,2,8.64,9,0,0,0,0,0,8.1,13,8,8,1,0,3,5,1.92,.333
Heath H Murray,CLE,0,2,7.50,9,0,0,0,0,0,12.0,12,10,10,3,2,7,11,1.58,.267
Duaner D Sanchez,PIT,0,0,9.00,9,0,0,0,0,0,6.0,6,6,6,2,0,7,6,2.17,.250
Dave D Williams,PIT,2,5,4.98,9,9,0,0,0,0,43.1,38,26,24,9,4,24,33,1.43,.232
Carlos C Almanzar,CIN,0,1,2.31,8,1,0,0,0,0,11.2,6,4,3,0,0,5,7,0.94,.158
Lance L Carter,TB,2,0,1.33,8,0,0,0,2,2,20.1,15,3,3,2,0,5,14,0.98,.203
Matt M Childers,MIL,0,0,12.00,8,0,0,0,0,0,9.0,13,12,12,2,1,8,6,2.33,.342
Kevin K Frederick,MIN,0,0,10.03,8,0,0,0,0,0,11.2,13,13,13,3,0,10,5,1.97,.283
Seth S Greisinger,DET,2,2,6.21,8,8,0,0,0,0,37.2,46,26,26,4,1,13,14,1.57,.303
Delvin D James,TB,0,3,6.55,8,6,0,0,0,0,34.1,40,25,25,5,1,15,17,1.60,.301
Jim J Parque,CWS,1,4,9.95,8,4,0,0,0,0,25.1,34,29,28,11,1,16,13,1.97,.318
Jason J Phillips,CLE,1,3,4.97,8,6,0,0,0,0,41.2,41,24,23,7,4,20,23,1.46,.259
Jon J Rauch,CWS,2,1,6.59,8,6,0,0,0,0,28.2,28,26,21,7,2,14,19,1.47,.248
Jesus J Sanchez,CHC,0,0,12.96,8,0,0,0,0,0,8.1,15,12,12,4,1,10,6,3.00,.395
Steve S Smyth,CHC,1,3,9.35,8,7,0,0,0,0,26.0,34,28,27,9,1,10,16,1.69,.321
Jaret J Wright,CLE,2,3,15.71,8,6,0,0,0,0,18.1,40,34,32,3,2,19,12,3.22,.435
Paul P Abbott,SEA,1,3,11.96,7,5,0,0,0,0,26.1,40,36,35,5,1,20,22,2.28,.351
Alan A Benes,CHC,2,2,4.35,7,7,0,0,0,0,39.1,42,22,19,3,0,12,32,1.37,.276
Jason J Beverlin,DET,0,3,8.69,7,3,0,0,0,0,19.2,27,22,19,3,0,9,16,1.83,.314
Tim T Drew,MON,1,0,2.81,7,1,0,0,2,2,16.0,12,8,5,1,0,2,10,0.88,.200
Matt M Duff,STL,0,0,4.76,7,0,0,0,0,0,5.2,3,3,3,0,0,8,4,1.94,.150
Eric E Eckenstahler,DET,1,0,5.63,7,0,0,0,0,0,8.0,14,5,5,1,0,2,13,2.00,.378
Franklyn F German,DET,1,0,0.00,7,0,0,0,1,1,6.2,3,0,0,0,1,2,6,0.75,.150
Kevin K Jarvis,SD,2,4,4.37,7,7,0,0,0,0,35.0,36,19,17,5,1,10,24,1.31,.269
Brandon B Knight,NYY,0,0,11.42,7,0,0,0,0,0,8.2,11,12,11,2,0,5,7,1.85,.306
John J Patterson,ARI,2,0,3.23,7,5,0,0,0,0,30.2,27,11,11,7,1,7,31,1.11,.235
Ricardo R Rodriguez,CLE,2,2,5.66,7,7,0,0,0,0,41.1,40,27,26,5,8,18,24,1.40,.255
Mac M Suzuki,KC,0,2,9.00,7,1,0,0,0,0,21.0,24,21,21,2,0,17,15,1.95,.296
Matt M Wise,ANA,0,0,3.24,7,0,0,0,0,0,8.1,7,3,3,0,1,1,6,0.96,.233
Jose J Acevedo,CIN,4,2,7.23,6,5,0,0,0,0,23.2,28,21,19,8,2,12,14,1.69,.292
Kurt K Ainsworth,SF,1,2,2.10,6,4,0,0,0,0,25.2,22,7,6,1,1,12,15,1.32,.237
Mickey M Callaway,ANA,2,1,4.19,6,6,0,0,0,0,34.1,31,20,16,4,3,11,23,1.22,.235
Jason J Christiansen,SF,0,1,5.40,6,0,0,0,0,0,5.0,6,3,3,1,0,2,1,1.60,.316
Adam A Eaton,SD,1,1,5.40,6,6,0,0,0,0,33.1,28,20,20,5,2,17,25,1.35,.235
Pedro P Feliciano,NYM,0,0,7.50,6,0,0,0,0,0,6.0,9,5,5,0,0,1,4,1.67,.360
Brian B Fitzgerald,SEA,0,0,8.53,6,0,0,0,0,0,6.1,11,8,6,2,1,2,3,2.05,.344
Chris C George,KC,0,4,5.60,6,6,0,0,0,0,27.1,37,17,17,2,1,8,13,1.65,.325
Jason J Jimenez,DET,0,0,7.36,6,0,0,0,0,0,7.1,12,8,6,2,0,2,5,1.91,.364
Brad B Lidge,HOU,1,0,6.23,6,1,0,0,0,0,8.2,12,6,6,0,2,9,12,2.42,.333
Mike M Mac Dougal,KC,0,1,5.00,6,0,0,0,0,0,9.0,5,5,5,0,0,7,10,1.33,.161
Danny D Patterson,DET,0,2,15.00,6,0,0,0,0,0,3.0,5,5,5,0,1,2,1,2.33,.357
Nate N Robertson,FLA,0,1,11.88,6,1,0,0,0,0,8.1,15,11,11,3,2,4,3,2.28,.375
Jose J Rodriguez,MIN,0,1,18.00,6,0,0,0,0,0,4.0,12,8,8,0,0,6,1,4.50,.500
Eric E Cyr,SD,0,1,10.50,5,0,0,0,0,0,6.0,6,7,7,0,0,6,4,2.00,.286
Sean S De Paula,CLE,1,1,12.79,5,0,0,0,0,0,6.1,11,9,9,3,0,3,8,2.21,.367
Matt M De Witt,SD,0,1,1.23,5,0,0,0,0,0,7.1,6,2,1,1,0,3,5,1.23,.231
Ben B Diggins,MIL,0,4,8.63,5,5,0,0,0,0,24.0,28,24,23,4,1,18,15,1.92,.298
Nate N Field,KC,0,0,9.00,5,0,0,0,0,0,5.0,8,5,5,2,0,3,3,2.20,.364
Bob B File,TOR,0,1,18.90,5,0,0,0,0,0,3.1,8,7,7,0,0,2,2,3.00,.471
John J Foster,ATL,1,0,10.80,5,0,0,0,0,0,5.0,6,6,6,3,1,6,6,2.40,.286
Alex A Herrera,CLE,0,0,0.00,5,0,0,0,0,0,5.1,3,0,0,0,0,1,5,0.75,.158
Andrew A Lorraine,MIL,0,1,11.25,5,1,0,0,0,0,12.0,22,18,15,7,0,6,10,2.33,.379
Brian B Mallette,MIL,0,0,10.80,5,0,0,0,0,0,5.0,7,6,6,3,1,3,5,2.00,.350
Travis T Miller,MIN,0,0,4.50,5,0,0,0,0,0,4.0,5,2,2,0,0,2,3,1.75,.294
Matt M Perisho,DET,0,0,8.71,5,0,0,0,0,0,10.1,16,11,10,2,0,6,3,2.13,.372
Francisco F Rodríguez Rodriguez,ANA,0,0,0.00,5,0,0,0,0,0,5.2,3,0,0,0,1,2,13,0.88,.167
Todd T Stottlemyre,ARI,0,2,7.52,5,4,0,0,0,0,20.1,26,17,17,4,0,7,12,1.62,.313
Pat P Strange,NYM,0,0,1.13,5,0,0,0,0,0,8.0,6,1,1,0,0,1,4,0.88,.207
Aaron A Taylor,SEA,0,0,9.00,5,0,0,0,0,0,5.0,8,5,5,2,0,0,6,1.60,.348
Salomon S Torres,PIT,2,1,2.70,5,5,0,0,0,0,30.0,28,10,9,2,3,13,12,1.37,.257
Josh J Towers,BAL,0,3,7.90,5,3,0,0,0,0,27.1,42,24,24,11,0,5,13,1.72,.362
Mike M Trombley,MIN,0,1,15.75,5,0,0,0,0,0,4.0,10,7,7,2,0,1,3,2.75,.455
Andy A Van Hekken,DET,1,3,3.00,5,5,1,1,0,0,30.0,38,13,10,2,0,6,5,1.47,.311
Tyler T Walker,NYM,1,0,5.91,5,1,0,0,0,0,10.2,11,7,7,3,0,5,7,1.50,.250
Justin J Wayne,FLA,2,3,5.32,5,5,0,0,0,0,23.2,22,16,14,3,0,13,16,1.48,.244
Victor V Alvarez,LA,0,1,4.35,4,1,0,0,0,0,10.1,9,5,5,1,0,2,7,1.06,.237
Lorenzo L Barcelo,CWS,0,1,9.00,4,0,0,0,0,0,6.0,9,6,6,1,0,1,1,1.67,.333
Scott S Chiasson,CHC,0,0,23.14,4,0,0,0,0,0,4.2,11,12,12,2,0,6,3,3.64,.440
Eric E Du Bose,BAL,0,0,3.00,4,0,0,0,0,0,6.0,7,2,2,1,1,1,4,1.33,.304
Wayne W Franklin,MIL,2,1,2.63,4,4,0,0,0,0,24.0,16,8,7,1,0,17,17,1.38,.188
Pat P Hentgen,BAL,0,4,7.77,4,4,0,0,0,0,22.0,31,20,19,6,0,10,11,1.86,.337
Trey T Hodges,ATL,2,0,5.40,4,0,0,0,0,0,11.2,16,7,7,2,1,2,6,1.54,.348
Eric E Junge,PHI,2,0,1.42,4,1,0,0,0,0,12.2,14,3,2,0,0,5,11,1.50,.286
Juan J Moreno,SD,0,0,7.50,4,0,0,0,0,0,6.0,6,6,5,1,0,10,3,2.67,.261
Shane S Nance,MIL,0,0,4.26,4,0,0,0,0,0,6.1,4,3,3,1,0,4,5,1.26,.174
Joe J Nathan,SF,0,0,0.00,4,0,0,0,0,0,3.2,1,0,0,0,0,0,2,0.27,.083
Terry T Pearson,DET,0,0,10.50,4,0,0,0,0,0,6.0,8,7,7,2,0,2,4,1.67,.320
David D Pember,MIL,0,1,5.19,4,1,0,0,0,0,8.2,7,6,5,1,0,6,5,1.50,.219
Roy R Smith,CLE,0,0,3.00,4,1,0,0,0,0,6.0,9,4,2,1,1,5,2,2.33,.310
J. J Trujillo,SD,0,1,10.13,4,0,0,0,0,0,2.2,4,3,3,1,1,6,3,3.75,.364
Ed E Vosberg,MON,0,0,18.00,4,0,0,0,0,0,1.0,3,3,2,1,0,1,0,4.00,.429
Steve S Bechler,BAL,0,0,13.50,3,0,0,0,0,0,4.2,6,7,7,3,1,4,3,2.14,.300
Jason J Davis,CLE,1,0,1.84,3,2,0,0,0,0,14.2,12,3,3,1,0,4,11,1.09,.218
Luis L De Los Santos,TB,0,3,11.57,3,3,0,0,0,0,14.0,24,19,18,5,3,4,7,2.00,.387
Robert R Ellis,LA,0,1,10.13,3,0,0,0,0,0,2.2,6,3,3,1,0,0,0,2.25,.462
Chad C Fox,MIL,1,0,5.79,3,0,0,0,0,0,4.2,6,3,3,0,0,5,3,2.36,.316
Reynaldo R Garcia,TEX,0,0,31.50,3,0,0,0,0,0,2.0,7,7,7,3,0,1,2,4.00,.538
Josh J Hancock,BOS,0,1,3.68,3,1,0,0,0,0,7.1,5,3,3,1,0,2,6,0.95,.200
Ben B Howard,SD,0,1,9.28,3,2,0,0,0,0,10.2,13,11,11,4,0,14,10,2.53,.302
Luke L Hudson,CIN,0,0,4.50,3,0,0,0,0,0,6.0,5,5,3,1,0,6,7,1.83,.227
Justin J Kaye,SEA,0,0,12.00,3,0,0,0,0,0,3.0,6,4,4,0,0,1,3,2.33,.429
Shane S Loux,DET,0,3,9.00,3,3,0,0,0,0,14.0,19,16,14,4,1,3,7,1.57,.317
David D Lundquist,SD,0,0,16.88,3,0,0,0,0,0,2.2,8,5,5,0,1,5,0,4.88,.615
Jimmy J Osting,MIL,0,2,7.50,3,3,0,0,0,0,12.0,18,11,10,3,0,10,7,2.33,.340
Josh J Pearce,STL,0,0,7.62,3,3,0,0,0,0,13.0,20,13,11,1,1,8,1,2.15,.377
Nerio N Rodriguez,STL,0,0,3.86,3,0,0,0,0,0,4.2,4,3,2,1,0,1,2,1.07,.211
Jason J Shiell,SD,0,0,27.00,3,0,0,0,0,0,1.1,7,4,4,0,0,3,1,7.50,.700
Mark M Watson,SEA,1,0,18.00,3,0,0,0,0,0,4.0,8,8,8,1,0,4,1,3.00,.421
Scott S Wiggins,TOR,0,0,3.38,3,0,0,0,0,0,2.2,5,1,1,1,0,1,3,2.25,.417
Erik E Bedard,BAL,0,0,13.50,2,0,0,0,0,0,0.2,2,1,1,0,0,0,1,3.00,.500
Dewon D Brazelton,TB,0,1,4.85,2,2,0,0,0,0,13.0,12,7,7,3,2,6,5,1.38,.279
Pasqual P Coco,TOR,0,1,18.00,2,0,0,0,0,0,1.0,4,2,2,0,0,3,0,7.00,.571
Brian B Cooper,TOR,0,1,14.04,2,2,0,0,0,0,8.1,14,13,13,5,0,4,3,2.16,.400
Courtney C Duncan,CHC,0,0,0.00,2,0,0,0,0,0,2.1,2,0,0,0,0,1,1,1.29,.222
Chad C Durbin,KC,0,1,11.88,2,2,0,0,0,0,8.1,13,11,11,3,1,4,5,2.04,.342
Adrian A Hernandez,NYY,0,1,12.00,2,1,0,0,0,0,6.0,10,8,8,2,0,6,9,2.67,.357
Ben B Kozlowski,TEX,0,0,6.30,2,2,0,0,0,0,10.0,11,7,7,3,1,11,6,2.20,.289
Cliff C Lee,CLE,0,1,1.74,2,2,0,0,0,0,10.1,6,2,2,0,0,8,6,1.35,.171
Tom T Martin,TB,0,0,16.20,2,0,0,0,0,0,1.2,5,3,3,0,0,1,1,3.60,.500
Dave D Maurer,CLE,0,1,13.50,2,0,0,0,0,0,1.1,3,2,2,1,0,0,0,2.25,.429
Matt M Miller,DET,0,0,13.50,2,0,0,0,0,0,0.2,4,2,1,1,0,1,1,7.50,.571
Wes W Obermueller,KC,0,2,11.74,2,2,0,0,0,0,7.2,14,10,10,3,0,2,5,2.09,.378
Jason J Pearson,SD,0,0,0.00,2,0,0,0,0,0,1.2,1,0,0,0,0,0,3,0.60,.167
Bryan B Rekar,KC,0,2,15.43,2,2,0,0,0,0,7.0,12,12,12,1,0,6,2,2.57,.387
Armando A Reynoso,ARI,0,0,10.80,2,0,0,0,0,0,1.2,3,2,2,0,0,1,2,2.40,.375
Everett E Stull,MIL,0,1,6.30,2,2,0,0,0,0,10.0,15,7,7,0,1,9,7,2.40,.357
Brian B Tallet,CLE,1,0,1.50,2,2,0,0,0,0,12.0,9,3,2,0,1,4,5,1.08,.214
Jay J Tessmer,NYY,0,0,6.75,2,0,0,0,0,0,1.1,0,1,1,0,0,2,0,1.50,.000
Nate N Teut,FLA,0,1,9.82,2,1,0,0,0,0,7.1,13,8,8,0,0,3,4,2.18,.394
Cory C Vance,COL,0,0,6.75,2,1,0,0,0,0,4.0,4,3,3,2,1,4,1,2.00,.267
Jung Keun J Bong,ATL,0,1,7.50,1,1,0,0,0,0,6.0,8,5,5,0,0,2,4,1.67,.320
Bryan B Corey,LA,0,0,0.00,1,0,0,0,0,0,1.0,0,0,0,0,0,0,0,0.00,.000
Joe J Dawley,ATL,0,0,0.00,1,0,0,0,0,0,0.1,0,0,0,0,0,0,1,0.00,.000
John J Ennis,ATL,0,0,4.50,1,1,0,0,0,0,4.0,5,2,2,0,0,3,1,2.00,.385
Mark M Grace,ARI,0,0,9.00,1,0,0,0,0,0,1.0,1,1,1,1,0,0,0,1.00,.250
D' Angelo D Jimenez,SD,0,0,0.00,1,0,0,0,0,0,1.1,0,0,0,0,0,0,0,0.00,.000
Kris K Keller,DET,0,0,27.00,1,0,0,0,0,0,1.0,2,3,3,1,0,3,1,5.00,.400
Jose J Nunez,SD,0,0,0.00,1,0,0,0,0,0,1.0,0,0,0,0,0,1,0,1.00,.000
Tomas T Perez,PHI,0,0,0.00,1,0,0,0,0,0,0.1,0,0,0,0,0,0,0,0.00,.000
Hipolito H Pichardo,HOU,0,1,81.00,1,0,0,0,0,0,0.1,3,3,3,0,0,2,0,15.00,.750
Andy A Pratt,ATL,0,0,6.75,1,0,0,0,0,0,1.1,1,1,1,0,0,4,1,3.75,.200
Erik E Sabel,DET,0,0,-.--,1,0,0,0,0,0,0.0,2,2,2,1,0,0,0,-.--,1.000
Jae Weong J Seo,NYM,0,0,0.00,1,0,0,0,0,0,1.0,0,0,0,0,0,0,1,0.00,.000
Aaron A Small,ATL,0,0,27.00,1,0,0,0,0,0,0.1,2,1,1,0,0,2,1,12.00,.667
Dennis D Springer,LA,0,1,6.75,1,0,0,0,0,0,1.1,1,1,1,0,0,2,1,2.25,.200
Jason J Standridge,TB,0,0,9.00,1,0,0,0,0,0,3.0,7,3,3,1,0,4,1,3.67,.500
Todd T Zeile,COL,0,0,0.00,1,0,0,0,0,0,1.0,1,0,0,0,0,0,1,1.00,.333
