PLAYER,TEAM,AB,R,H,2B,3B,HR,RBI,BB,SO,SB,CS,AVG,OBP,SLG,OPS
Starlin S Castro,CHC,162,646,78,183,29,12,14,78,36,100,25,13,.283,.323,.430,.753
Prince P Fielder,DET,162,581,83,182,33,1,30,108,85,84,1,0,.313,.412,.528,.940
Adam A Jones C,BAL,162,648,103,186,39,3,32,82,34,126,16,7,.287,.334,.505,.839
Ichiro I Suzuki R,NYY,162,629,77,178,28,6,9,55,22,61,29,7,.283,.307,.390,.696
Billy B Butler D,KC,161,614,72,192,32,1,29,107,54,111,2,1,.313,.373,.510,.882
Miguel M Cabrera,DET,161,622,109,205,40,0,44,139,66,98,4,1,.330,.393,.606,.999
Robinson R Canó,NYY,161,627,105,196,48,1,33,94,61,96,3,2,.313,.379,.550,.929
Alex A Gordon L,KC,161,642,93,189,51,5,14,72,73,140,10,5,.294,.368,.455,.822
Chase C Headley,SD,161,604,95,173,31,2,31,115,86,157,17,6,.286,.376,.498,.875
Danny D Espinosa,WSH,160,594,82,147,37,2,17,56,46,189,20,6,.247,.315,.402,.717
Curtis C Granderson,NYY,160,596,102,138,18,4,43,106,75,195,10,3,.232,.319,.492,.811
Carlos C Pena,TB,160,497,72,98,17,2,19,61,87,182,2,3,.197,.330,.354,.684
Hunter H Pence R,SF,160,617,87,156,26,4,24,104,56,145,5,2,.253,.319,.425,.743
Jose J Reyes S,MIA,160,642,86,184,37,12,11,57,63,56,40,11,.287,.347,.433,.780
Nelson N Cruz R,TEX,159,585,86,152,45,0,24,90,48,140,8,4,.260,.319,.460,.779
Adrian A González,LAD,159,629,75,188,47,1,18,108,42,110,2,0,.299,.344,.463,.806
Derek D Jeter S,NYY,159,683,99,216,32,0,15,58,45,90,9,4,.316,.362,.429,.791
Elvis E Andrus S,TEX,158,629,85,180,31,9,3,62,57,96,21,10,.286,.349,.378,.727
J. J Hardy S,BAL,158,663,85,158,30,2,22,68,38,106,0,0,.238,.282,.389,.671
Jason J Heyward R,ATL,158,587,93,158,30,6,27,82,58,152,21,8,.269,.335,.479,.814
Alexei A Ramirez S,CWS,158,593,59,157,24,4,9,73,16,77,20,7,.265,.287,.364,.651
Matt M Holliday L,STL,157,599,95,177,36,2,27,102,75,132,4,4,.295,.379,.497,.877
Ian I Kinsler,TEX,157,655,105,168,42,5,19,72,60,90,21,9,.256,.326,.423,.749
Andrew A Mc Cutchen C,PIT,157,593,107,194,29,6,31,96,70,132,20,12,.327,.400,.553,.953
Hanley H Ramirez S,LAD,157,604,79,155,29,4,24,92,54,132,21,7,.257,.322,.437,.759
Alex A Rios R,CWS,157,605,93,184,37,8,25,91,26,92,23,6,.304,.334,.516,.850
Rickie R Weeks Jr.,MIL,157,588,85,135,29,4,21,63,74,169,16,3,.230,.328,.400,.728
Ben B Zobrist R,TB,157,560,88,151,39,7,20,74,97,103,14,9,.270,.377,.471,.848
Darwin D Barney,CHC,156,548,73,139,26,4,7,44,33,58,6,1,.254,.299,.354,.653
Adrian A Beltré,TEX,156,604,95,194,33,2,36,102,36,82,1,0,.321,.359,.561,.921
Ike I Davis,NYM,156,519,66,118,26,0,32,90,61,141,0,2,.227,.308,.462,.771
Aaron A Hill,ARI,156,609,93,184,44,6,26,85,52,86,14,5,.302,.360,.522,.882
Daniel D Murphy,NYM,156,571,62,166,40,3,6,65,36,82,10,2,.291,.332,.403,.734
Martin M Prado L,ATL,156,617,81,186,42,6,10,70,58,69,17,4,.301,.359,.438,.796
Josh J Reddick R,OAK,156,611,85,148,29,5,32,85,55,151,11,1,.242,.305,.463,.768
Jimmy J Rollins S,PHI,156,632,102,158,33,5,23,68,62,96,30,5,.250,.316,.427,.743
Marco M Scutaro,SF,156,620,87,190,32,4,7,74,40,49,9,4,.306,.348,.405,.752
David D Wright,NYM,156,581,91,178,41,2,21,93,81,112,15,10,.306,.391,.492,.883
Michael M Young D,TEX,156,611,79,169,27,3,8,67,33,70,2,2,.277,.312,.370,.682
Yonder Y Alonso,SD,155,549,47,150,39,0,9,62,62,101,3,0,.273,.348,.393,.741
Michael M Bourn C,ATL,155,624,96,171,26,10,9,57,70,155,42,13,.274,.348,.391,.739
Jay J Bruce R,CIN,155,560,89,141,35,5,34,99,62,155,9,3,.252,.327,.514,.841
Shin- Soo S Choo R,CLE,155,598,88,169,43,2,16,67,73,150,21,7,.283,.373,.441,.815
Alcides A Escobar S,KC,155,605,68,177,30,7,5,52,27,100,35,5,.293,.331,.390,.721
Kyle K Seager,SEA,155,594,62,154,35,1,20,86,46,110,13,5,.259,.316,.423,.738
Ryan R Braun L,MIL,154,598,108,191,36,3,41,112,63,128,30,7,.319,.391,.595,.987
Adam A La Roche,WSH,154,571,76,155,35,1,33,100,67,138,1,1,.271,.343,.510,.853
Angel A Pagán Pagan C,SF,154,605,95,174,38,15,8,56,48,97,29,7,.288,.338,.440,.778
Albert A Pujols,LAA,154,607,85,173,50,0,30,105,52,76,8,1,.285,.343,.516,.859
Dan D Uggla,ATL,154,523,86,115,29,0,19,78,94,168,4,3,.220,.348,.384,.732
Shane S Victorino L,LAD,154,595,72,152,29,7,11,55,53,80,39,6,.255,.321,.383,.704
Dustin D Ackley,SEA,153,607,84,137,22,2,12,50,59,124,13,3,.226,.294,.328,.622
Eric E Hosmer,KC,152,535,65,124,22,2,14,60,56,95,16,1,.232,.304,.359,.663
Jason J Kipnis,CLE,152,591,86,152,22,4,14,76,67,109,31,7,.257,.335,.379,.714
Norichika N Aoki R,MIL,151,520,81,150,37,4,10,50,43,55,30,8,.288,.355,.433,.787
Gordon G Beckham,CWS,151,525,62,123,24,0,16,60,40,89,5,4,.234,.296,.371,.668
Carlos C Beltrán Beltran R,STL,151,547,83,147,26,1,32,97,65,124,13,6,.269,.346,.495,.842
Adam A Dunn D,CWS,151,539,87,110,19,0,41,96,105,222,2,1,.204,.333,.468,.800
Edwin E Encarnación Encarnacion D,TOR,151,542,93,152,24,0,42,110,84,94,13,3,.280,.384,.557,.941
Colby C Rasmus,TOR,151,565,75,126,21,5,23,75,47,149,4,3,.223,.289,.400,.689
Alfonso A Soriano L,CHC,151,561,68,147,33,2,32,108,44,153,6,2,.262,.322,.499,.821
Delmon D Young,DET,151,574,54,153,27,1,18,74,20,112,0,2,.267,.296,.411,.707
Jhonny J Peralta S,DET,150,531,58,127,32,3,13,63,49,105,1,2,.239,.305,.384,.689
Justin J Upton R,ARI,150,554,107,155,24,4,17,67,63,121,18,8,.280,.355,.430,.785
Pedro P Álvarez,PIT,149,525,64,128,25,1,30,85,57,180,1,0,.244,.317,.467,.784
Michael M Brantley C,CLE,149,552,63,159,37,4,6,60,53,56,12,9,.288,.348,.402,.750
Andre A Ethier R,LAD,149,556,79,158,36,1,20,89,50,124,2,2,.284,.351,.460,.812
Corey C Hart,MIL,149,562,91,152,35,4,30,83,44,151,5,0,.270,.334,.507,.841
Omar O Infante,DET,149,554,69,152,30,7,12,53,21,65,17,3,.274,.300,.419,.719
John J Mayberry L,PHI,149,441,53,108,24,0,14,46,34,111,1,0,.245,.301,.395,.695
Mike M Moustakas,KC,149,563,69,136,34,1,20,73,39,124,5,2,.242,.296,.412,.708
Aramis A Ramirez,MIL,149,570,92,171,50,3,27,105,44,82,9,2,.300,.360,.540,.901
David D De Jesus R,CHC,148,506,76,133,28,8,9,50,61,89,7,8,.263,.350,.403,.753
Jeff J Francoeur R,KC,148,561,58,132,26,3,16,49,34,119,4,7,.235,.287,.378,.665
Josh J Hamilton C,TEX,148,562,103,160,31,2,43,128,60,162,7,4,.285,.354,.577,.930
Buster B Posey,SF,148,530,78,178,39,1,24,103,69,96,1,1,.336,.408,.549,.957
Nick N Swisher R,NYY,148,537,75,146,36,0,24,93,77,141,2,3,.272,.364,.473,.837
Will W Venable R,SD,148,417,62,110,26,8,9,45,41,94,24,6,.264,.335,.429,.765
Jose J Altuve,HOU,147,576,80,167,34,4,7,37,40,74,33,11,.290,.340,.399,.740
Freddie F Freeman,ATL,147,540,91,140,33,2,23,94,64,129,2,0,.259,.340,.456,.796
Howie H Kendrick,LAA,147,550,57,158,32,3,8,67,29,115,14,6,.287,.325,.400,.725
Carlos C Lee,MIA,147,550,53,145,27,1,9,77,58,49,3,0,.264,.332,.365,.697
Joe J Mauer,MIN,147,545,81,174,31,4,10,85,90,88,8,4,.319,.416,.446,.862
Cameron C Maybin,SD,147,507,67,123,20,5,8,45,44,110,26,7,.243,.306,.349,.656
David D Murphy L,TEX,147,457,65,139,29,3,15,61,54,74,10,5,.304,.380,.479,.859
Brandon B Phillips,CIN,147,580,86,163,30,1,18,77,28,79,15,2,.281,.321,.429,.750
Dayan D Viciedo L,CWS,147,505,64,129,18,1,25,78,28,120,0,2,.255,.300,.444,.744
Brian B Bogusevic R,HOU,146,355,39,72,9,2,7,28,41,96,15,4,.203,.297,.299,.596
B. J. B Upton C,TB,146,573,79,141,29,3,28,78,45,169,31,6,.246,.298,.454,.752
Brandon B Belt,SF,145,411,47,113,27,6,7,56,54,106,12,2,.275,.360,.421,.781
Yunel Y Escobar S,TOR,145,558,58,141,22,1,9,51,35,70,5,1,.253,.300,.344,.644
Paul P Goldschmidt,ARI,145,514,82,147,43,1,20,82,60,130,18,3,.286,.359,.490,.850
Garrett G Jones,PIT,145,475,68,130,28,3,27,86,33,103,2,0,.274,.317,.516,.832
Josh J Willingham L,MIN,145,519,85,135,30,1,35,110,76,141,3,2,.260,.366,.524,.890
Ryan R Zimmerman,WSH,145,578,93,163,36,1,25,95,57,116,5,2,.282,.346,.478,.824
Clint C Barmes S,PIT,144,455,34,104,16,1,8,45,20,106,0,2,.229,.272,.321,.593
David D Freese,STL,144,501,70,147,25,1,20,79,57,122,3,3,.293,.372,.467,.839
Paul P Konerko,CWS,144,533,66,159,22,0,26,75,56,83,0,0,.298,.371,.486,.857
James J Loney,BOS,144,434,37,108,20,0,6,41,28,51,0,3,.249,.293,.336,.630
Mark M Trumbo L,LAA,144,544,66,146,19,3,32,95,36,153,4,5,.268,.317,.491,.808
Matt M Wieters,BAL,144,526,67,131,27,1,23,83,60,112,3,0,.249,.329,.435,.764
Asdrubal A Cabrera S,CLE,143,555,70,150,35,1,16,68,52,99,9,4,.270,.338,.423,.762
Brandon B Crawford S,SF,143,435,44,108,26,3,4,45,33,95,1,4,.248,.304,.349,.653
Daniel D Descalso,STL,143,374,41,85,10,7,4,26,37,83,6,3,.227,.303,.324,.627
Dexter D Fowler C,COL,143,454,72,136,18,11,13,53,68,128,12,5,.300,.389,.474,.863
Ryan R Roberts,TB,143,439,51,103,19,0,12,52,40,92,10,6,.235,.296,.360,.656
Carlos C Santana,CLE,143,507,72,128,27,2,18,76,91,101,3,5,.252,.365,.420,.785
Rajai R Davis L,TOR,142,447,64,115,24,3,8,43,29,102,46,13,.257,.309,.378,.687
Kelly K Johnson,TOR,142,507,61,114,19,2,16,55,62,159,14,2,.225,.313,.365,.678
Casey C Kotchman,CLE,142,463,46,106,12,0,12,55,26,49,3,0,.229,.280,.333,.612
Erick E Aybar S,LAA,141,517,67,150,31,5,8,45,22,61,20,4,.290,.324,.416,.740
Gregor G Blanco L,SF,141,393,56,96,14,5,5,34,51,104,26,6,.244,.333,.344,.676
Jason J Kubel L,ARI,141,506,75,128,30,4,30,90,57,151,1,1,.253,.327,.506,.833
Miguel M Montero,ARI,141,486,65,139,25,2,15,88,73,130,0,0,.286,.391,.438,.829
Dustin D Pedroia,BOS,141,563,81,163,39,3,15,65,48,60,20,6,.290,.347,.449,.797
Brendan B Ryan S,SEA,141,407,42,79,19,3,3,31,44,98,11,5,.194,.277,.278,.555
Torii T Hunter R,LAA,140,534,81,167,24,1,16,92,38,133,9,1,.313,.365,.451,.817
Chris C Davis D,BAL,139,515,75,139,20,0,33,85,37,169,2,3,.270,.326,.501,.827
Bryce B Harper C,WSH,139,533,98,144,26,9,22,59,56,120,18,6,.270,.340,.477,.817
Michael M Saunders C,SEA,139,507,71,125,31,3,19,57,43,132,21,4,.247,.306,.432,.738
Mike M Trout C,LAA,139,559,129,182,27,8,30,83,67,139,49,5,.326,.399,.564,.963
Alberto A Callaspo,LAA,138,457,55,115,20,0,10,53,56,59,4,3,.252,.331,.361,.692
Jamey J Carroll,MIN,138,470,65,126,18,1,1,40,52,65,9,5,.268,.343,.317,.660
Zack Z Cozart S,CIN,138,561,72,138,33,4,15,35,31,113,4,0,.246,.288,.399,.687
Yadier Y Molina,STL,138,505,65,159,28,0,22,76,45,55,12,3,.315,.373,.501,.874
Carlos C Gómez Gomez,MIL,137,415,72,108,19,4,19,51,20,98,37,6,.260,.305,.463,.768
Austin A Jackson C,DET,137,543,103,163,29,10,16,66,67,134,12,9,.300,.377,.479,.856
Mike M Aviles S,BOS,136,512,57,128,28,0,13,60,23,77,14,6,.250,.282,.381,.663
Tyler T Colvin R,COL,136,420,62,122,27,10,18,72,21,117,7,3,.290,.327,.531,.858
Chris C Johnson,ARI,136,488,48,137,28,5,15,76,31,132,5,1,.281,.326,.451,.777
Drew D Stubbs C,CIN,136,493,75,105,13,2,14,40,42,166,30,7,.213,.277,.333,.610
Carlos C González Gonzalez L,COL,135,518,89,157,31,5,22,85,56,115,20,5,.303,.371,.510,.881
Jesus J Montero D,SEA,135,515,46,134,20,0,15,62,29,99,0,2,.260,.298,.386,.685
A. J. A Pierzynski,CWS,135,479,68,133,18,4,27,77,28,78,0,0,.278,.326,.501,.827
Mark M Reynolds,BAL,135,457,65,101,26,0,23,69,73,159,1,3,.221,.335,.429,.764
Ryan R Doumit,MIN,134,484,56,133,34,1,18,75,29,98,0,0,.275,.320,.461,.781
Scott S Hairston L,NYM,134,377,52,99,25,3,20,57,19,83,8,2,.263,.299,.504,.803
Kendrys K Morales D,LAA,134,484,61,132,26,1,22,73,31,116,0,1,.273,.320,.467,.787
Justin J Morneau,MIN,134,505,63,135,26,2,19,77,49,102,1,0,.267,.333,.440,.773
A. J. A Ellis,LAD,133,423,44,114,20,1,13,52,65,107,0,0,.270,.373,.414,.786
Russell R Martin,NYY,133,422,50,89,18,0,21,53,53,95,6,1,.211,.311,.403,.713
Gerardo G Parra C,ARI,133,385,58,105,21,2,7,36,33,77,15,9,.273,.335,.392,.727
Brennan B Boesch R,DET,132,470,52,113,22,2,12,54,26,104,6,3,.240,.286,.372,.659
Desmond D Jennings L,TB,132,505,85,124,19,7,13,47,46,120,31,2,.246,.314,.388,.702
Jordan J Pacheco,COL,132,475,51,147,32,3,5,54,22,61,7,2,.309,.341,.421,.762
Justin J Smoak,SEA,132,483,49,105,14,0,19,51,49,111,1,0,.217,.290,.364,.654
Andres A Torres C,NYM,132,374,47,86,17,7,3,35,52,90,13,5,.230,.327,.337,.664
Alejandro A De Aza C,CWS,131,524,81,147,29,6,9,50,47,109,26,12,.281,.349,.410,.760
Chris C Denorfia R,SD,130,348,56,102,19,6,8,36,27,52,13,5,.293,.345,.451,.796
Ian I Desmond S,WSH,130,513,72,150,33,2,25,73,30,113,21,6,.292,.335,.511,.845
Raul R Ibanez L,NYY,130,384,50,92,19,3,19,62,35,67,3,0,.240,.308,.453,.761
Bryan B La Hair,CHC,130,340,42,88,17,0,16,40,39,124,4,2,.259,.334,.450,.784
Juan J Pierre L,PHI,130,394,59,121,10,6,1,25,23,27,37,7,.307,.351,.371,.721
Cody C Ross R,BOS,130,476,70,127,34,1,22,81,42,129,2,3,.267,.326,.481,.808
Roger R Bernadina L,WSH,129,227,25,66,11,0,5,25,28,53,15,3,.291,.372,.405,.777
Yoenis Y Céspedes Cespedes L,OAK,129,487,70,142,25,5,23,82,43,102,16,4,.292,.356,.505,.861
Neil N Walker,PIT,129,472,62,132,27,0,14,69,47,104,7,5,.280,.342,.426,.768
Todd T Frazier,CIN,128,422,55,115,26,6,19,67,36,103,3,2,.273,.331,.498,.829
Denard D Span C,MIN,128,516,71,146,38,4,4,41,47,62,17,6,.283,.342,.395,.738
Robert R Andino,BAL,127,384,41,81,13,1,7,28,37,100,5,5,.211,.283,.305,.588
Steve S Lombardozzi,WSH,126,384,40,105,16,3,3,27,19,46,5,3,.273,.317,.354,.671
Brett B Lawrie,TOR,125,494,73,135,26,3,11,48,33,86,13,8,.273,.324,.405,.729
Ryan R Ludwick L,CIN,125,422,53,116,28,1,26,80,42,97,0,1,.275,.346,.531,.877
Cliff C Pennington S,OAK,125,418,50,90,18,2,6,28,35,90,15,6,.215,.278,.311,.589
Seth S Smith D,OAK,125,383,55,92,23,2,14,52,50,98,2,2,.240,.333,.420,.754
Ty T Wigginton,PHI,125,315,40,74,11,0,11,43,37,81,1,0,.235,.314,.375,.688
Matt M Joyce R,TB,124,399,55,96,18,3,17,59,55,102,4,3,.241,.341,.429,.769
Justin J Maxwell C,HOU,124,315,46,72,13,3,18,53,32,114,9,4,.229,.304,.460,.764
Ben B Revere R,MIN,124,511,70,150,13,6,0,32,29,54,40,9,.294,.333,.342,.675
Elliot E Johnson S,TB,123,297,32,72,10,2,6,33,24,84,18,6,.242,.304,.350,.654
Giancarlo G Stanton R,MIA,123,449,75,130,30,1,37,86,46,143,6,2,.290,.361,.608,.969
Mark M Teixeira,NYY,123,451,66,113,27,1,24,84,54,83,2,1,.251,.332,.475,.807
Nyjer N Morgan C,MIL,122,289,44,69,5,3,3,16,20,63,12,5,.239,.302,.308,.610
Alex A Rodriguez,NYY,122,463,74,126,17,1,18,57,51,116,13,1,.272,.353,.430,.783
Kevin K Youkilis,CWS,122,438,72,103,15,2,19,60,51,108,0,0,.235,.336,.409,.745
Lucas L Duda R,NYM,121,401,43,96,15,0,15,57,51,120,1,0,.239,.329,.389,.718
Rafael R Furcal S,STL,121,477,69,126,18,3,5,49,44,57,12,4,.264,.325,.346,.671
Craig C Gentry,TEX,121,240,31,73,12,3,1,26,14,41,13,7,.304,.367,.392,.759
Brian B Mc Cann,ATL,121,439,44,101,14,0,20,67,44,76,3,0,.230,.300,.399,.698
Jarrod J Saltalamacchia,BOS,121,405,55,90,17,1,25,59,38,139,0,1,.222,.288,.454,.742
Coco C Crisp,OAK,120,455,68,118,25,7,11,46,45,64,39,4,.259,.325,.418,.742
Greg G Dobbs,MIA,120,319,26,91,13,2,5,39,14,53,4,2,.285,.313,.386,.698
Jesus J Guzman L,SD,120,287,32,71,18,2,9,48,29,71,3,3,.247,.319,.418,.737
Chris C Heisey L,CIN,120,347,44,92,16,5,7,31,18,81,6,3,.265,.315,.401,.715
Allen A Craig,STL,119,469,76,144,35,0,22,92,37,89,2,1,.307,.354,.522,.876
Reed R Johnson L,ATL,119,269,30,78,14,3,3,20,13,61,2,2,.290,.337,.398,.735
Trevor T Plouffe,MIN,119,422,56,99,19,1,24,55,37,92,1,3,.235,.301,.455,.756
Kurt K Suzuki,WSH,118,408,36,96,20,0,6,43,20,73,2,0,.235,.276,.328,.605
Jemile J Weeks,OAK,118,444,54,98,15,8,2,20,50,70,16,5,.221,.305,.304,.609
Jon J Jay C,STL,117,443,70,135,22,4,4,40,34,71,19,7,.305,.373,.400,.773
Wilin W Rosario,COL,117,396,67,107,19,0,28,71,25,99,4,5,.270,.312,.530,.842
Alex A Avila,DET,116,367,42,89,21,2,9,48,61,104,2,0,.243,.352,.384,.736
Tyler T Greene S,HOU,116,305,34,70,15,2,11,30,19,95,12,4,.230,.274,.400,.674
Everth E Cabrera S,SD,115,398,49,98,19,3,2,24,43,110,44,4,.246,.324,.324,.648
Jeff J Keppinger,TB,115,385,46,125,15,1,9,40,24,31,1,0,.325,.367,.439,.806
Matt M Carpenter,STL,114,296,44,87,22,5,6,46,34,63,1,1,.294,.365,.463,.828
Casey C Mc Gehee,NYY,114,318,36,69,16,1,9,41,29,70,1,1,.217,.284,.358,.643
Mitch M Moreland,TEX,114,327,41,90,18,0,15,50,23,71,1,1,.275,.321,.468,.789
Carlos C Ruiz,PHI,114,372,56,121,32,0,16,68,29,50,4,0,.325,.394,.540,.935
Nate N Schierholtz R,PHI,114,241,20,62,8,5,6,21,23,46,3,2,.257,.321,.407,.728
Ruben R Tejada S,NYM,114,464,53,134,26,0,1,25,27,73,4,4,.289,.333,.351,.685
Melky M Cabrera L,SF,113,459,84,159,25,10,11,60,36,63,13,5,.346,.390,.516,.906
Eric E Chavez,NYY,113,278,36,78,12,0,16,37,30,59,0,0,.281,.348,.496,.845
J. D. J Martinez L,HOU,113,395,34,95,14,3,11,55,40,96,0,2,.241,.311,.375,.685
Joaquin J Arias,SF,112,319,30,86,13,5,5,34,13,44,5,1,.270,.304,.389,.693
Ryan R Hanigan,CIN,112,317,25,87,14,0,2,24,44,37,0,0,.274,.365,.338,.703
Chipper C Jones,ATL,112,387,58,111,23,0,14,62,57,51,1,0,.287,.377,.455,.832
Sean S Rodríguez,TB,112,301,36,64,14,1,6,32,27,75,5,0,.213,.281,.326,.607
Chris C Nelson,COL,111,345,45,104,21,3,9,53,27,84,2,1,.301,.352,.458,.810
Joey J Votto,CIN,111,374,59,126,44,0,14,56,94,85,5,3,.337,.474,.567,1.041
Mark M Ellis,LAD,110,415,62,107,21,1,7,31,40,70,5,0,.258,.333,.364,.697
Juan J Rivera,LAD,109,312,30,76,14,0,9,47,18,35,1,3,.244,.286,.375,.661
John J Jaso D,SEA,108,294,41,81,19,2,10,50,56,51,5,0,.276,.394,.456,.850
Mike M Napoli,TEX,108,352,53,80,9,2,24,56,56,125,1,0,.227,.343,.469,.812
Pablo P Sandoval,SF,108,396,59,112,25,2,12,63,38,59,1,1,.283,.342,.447,.789
Skip S Schumaker,STL,107,272,37,75,14,4,1,28,27,50,1,1,.276,.339,.368,.706
Alexi A Amarista,SD,106,275,36,66,15,5,5,32,17,42,8,4,.240,.282,.385,.668
John J Buck,MIA,106,343,29,66,15,1,12,41,49,103,0,0,.192,.297,.347,.644
Alexi A Casilla,MIN,106,299,33,72,17,2,1,30,16,52,21,1,.241,.282,.321,.603
Matt M Kemp C,LAD,106,403,74,122,22,2,23,69,40,103,9,4,.303,.367,.538,.906
Jordan J Schafer C,HOU,106,313,40,66,10,2,4,23,36,106,27,9,.211,.297,.294,.591
Jack J Hannahan,CLE,105,287,23,70,16,0,4,29,27,63,0,2,.244,.312,.341,.654
Gaby G Sanchez,PIT,105,299,30,65,16,0,7,30,25,56,1,0,.217,.279,.341,.620
Rod R Barajas,PIT,104,321,29,66,11,0,11,31,29,69,0,0,.206,.283,.343,.625
Josh J Harrison,PIT,104,249,34,58,9,5,3,16,10,37,7,3,.233,.279,.345,.624
Nick N Markakis R,BAL,104,420,59,125,28,3,13,54,42,51,1,1,.298,.363,.471,.834
Alex A Presley L,PIT,104,346,46,82,14,7,10,25,18,72,9,7,.237,.279,.405,.683
Ryan R Theriot,SF,104,352,45,95,16,1,0,28,24,47,13,5,.270,.316,.321,.637
Josh J Thole,NYM,104,321,24,75,15,0,1,21,27,50,0,0,.234,.294,.290,.584
Tony A Gwynn Jr. C,LAD,103,259,29,60,8,4,0,17,16,52,13,6,.232,.276,.293,.570
Joe J Mather C,CHC,103,225,18,47,11,0,5,19,14,46,5,2,.209,.256,.324,.581
Jose J Tabata R,PIT,103,333,43,81,20,3,3,16,29,58,8,12,.243,.315,.348,.664
J. P. J Arencibia,TOR,102,347,45,81,16,0,18,56,18,108,1,0,.233,.275,.435,.710
Wilson W Betemit,BAL,102,341,41,89,19,0,12,40,31,103,0,1,.261,.322,.422,.744
Jarrod J Dyson C,KC,102,292,52,76,8,5,0,9,30,56,30,5,.260,.328,.322,.650
Brent B Lillibridge S,CLE,102,190,25,37,6,0,3,10,11,71,13,2,.195,.250,.274,.524
Jose J Molina,TB,102,251,27,56,9,0,8,32,20,60,3,1,.223,.286,.355,.640
Michael M Morse L,WSH,102,406,53,118,17,1,18,62,16,97,0,1,.291,.321,.470,.791
Shane S Robinson,STL,102,166,20,42,8,0,3,16,14,32,1,0,.253,.309,.355,.665
Peter P Bourjos C,LAA,101,168,27,37,7,0,3,19,15,44,3,1,.220,.291,.315,.606
Michael M Cuddyer R,COL,101,358,53,93,30,2,16,58,32,78,8,3,.260,.317,.489,.806
Chris C Young,ARI,101,325,36,75,24,0,14,41,36,79,8,3,.231,.311,.434,.745
Bobby B Abreu L,LAD,100,219,29,53,11,1,3,24,37,56,6,2,.242,.350,.342,.693
Maicer M Izturis,LAA,100,289,35,74,11,0,2,20,25,38,17,2,.256,.320,.315,.634
Dewayne D Wise C,CWS,100,224,31,58,10,2,8,30,11,52,19,4,.259,.293,.429,.722
Jonny J Gomes D,OAK,99,279,46,73,10,0,18,47,44,104,3,1,.262,.377,.491,.868
Geovany G Soto,TEX,99,324,45,64,12,1,11,39,30,76,1,0,.198,.270,.343,.613
Eric E Young Jr.,COL,98,174,36,55,7,2,4,15,13,31,14,2,.316,.377,.448,.825
Jed J Lowrie S,HOU,97,340,43,83,18,0,16,42,43,65,2,0,.244,.331,.438,.769
Jonathan J Lucroy,MIL,96,316,46,101,17,4,12,58,22,44,4,1,.320,.368,.513,.881
Luke L Scott D,TB,96,314,35,72,22,1,14,55,21,80,5,0,.229,.285,.439,.724
Quintin Q Berry L,DET,94,291,44,75,10,6,2,29,25,80,21,0,.258,.330,.354,.684
Travis T Ishikawa,MIL,94,152,19,39,12,1,4,30,13,42,0,0,.257,.329,.428,.757
Andruw A Jones L,NYY,94,233,27,46,7,0,14,34,28,71,0,0,.197,.294,.408,.701
Justin J Turner,NYM,94,171,20,46,13,1,2,19,9,24,1,1,.269,.319,.392,.711
Jordany J Valdespin,NYM,94,191,28,46,9,1,8,26,10,44,10,3,.241,.286,.424,.710
Juan J Francisco,ATL,93,192,17,45,11,0,9,32,11,70,1,1,.234,.278,.432,.710
Adam A Lind,TOR,93,321,28,82,14,2,11,45,29,61,0,0,.255,.314,.414,.729
Logan L Morrison,MIA,93,296,30,68,15,1,11,36,31,58,1,0,.230,.308,.399,.707
Ramon R Santiago,DET,93,228,19,47,7,1,2,17,20,39,1,0,.206,.283,.272,.555
Donovan D Solano,MIA,93,285,29,84,11,3,2,28,21,58,7,0,.295,.342,.375,.717
Casper C Wells L,SEA,93,285,42,65,12,3,10,36,26,80,3,0,.228,.302,.396,.698
Jose J Bautista R,TOR,92,332,64,80,14,0,27,65,59,63,5,2,.241,.358,.527,.886
Scott S Rolen,CIN,92,294,26,72,17,2,8,39,30,62,2,1,.245,.318,.398,.716
Matt M Downs,HOU,91,178,15,36,4,1,8,16,8,38,2,4,.202,.253,.371,.623
Logan L Forsythe,SD,91,315,45,86,13,3,6,26,28,57,8,2,.273,.343,.390,.733
Eric E Hinske,ATL,91,132,9,26,7,1,2,13,14,41,0,0,.197,.272,.311,.583
Kirk K Nieuwenhuis C,NYM,91,282,40,71,12,1,7,28,25,98,4,4,.252,.315,.376,.691
Justin J Ruggiano C,MIA,91,288,38,90,23,1,13,36,29,84,14,8,.313,.374,.535,.909
David D Ortiz,BOS,90,324,65,103,26,0,23,60,56,51,0,1,.318,.415,.611,1.026
Placido P Polanco,PHI,90,303,28,78,15,0,2,19,18,25,0,0,.257,.302,.327,.629
Cody C Ransom,ARI,90,246,29,54,14,0,11,42,30,109,0,1,.220,.312,.411,.722
Luis L Valbuena,CHC,90,265,26,58,20,0,4,28,36,55,0,2,.219,.310,.340,.650
Mike M Baxter R,NYM,89,179,26,47,14,2,3,17,25,45,5,3,.263,.365,.413,.778
Tony T Campana C,CHC,89,174,26,46,6,0,0,5,11,43,30,3,.264,.308,.299,.607
Nate N Mc Louth L,BAL,89,266,39,64,14,1,7,20,27,61,12,1,.241,.314,.380,.694
Andy A Dirks L,DET,88,314,56,101,18,5,8,35,23,53,1,1,.322,.370,.487,.857
Michael M Mc Kenry,PIT,88,240,25,56,14,0,12,39,29,73,0,0,.233,.320,.442,.762
Daniel D Nava L,BOS,88,267,38,65,21,0,6,33,37,63,3,0,.243,.352,.390,.742
Jason J Castro,HOU,87,257,29,66,15,2,6,29,31,61,0,0,.257,.334,.401,.735
Austin A Kearns,MIA,87,147,21,36,6,0,4,16,22,44,2,1,.245,.366,.367,.733
Miguel M Olivo,SEA,87,315,27,70,14,0,12,29,7,85,3,6,.222,.239,.381,.620
Nick N Punto,LAD,87,160,20,35,7,0,1,10,25,42,6,0,.219,.321,.281,.602
Anthony A Rizzo,CHC,87,337,44,96,15,0,15,48,27,62,3,2,.285,.342,.463,.805
Dee D Strange- Gordon S,LAD,87,303,38,69,9,2,1,17,20,62,32,10,.228,.280,.281,.561
Jonathan J Herrera S,COL,86,225,29,59,9,1,3,12,16,39,4,1,.262,.317,.351,.668
Orlando O Hudson,CWS,86,260,21,53,3,8,3,28,20,51,6,3,.204,.261,.312,.572
Adam A Kennedy,LAD,86,168,22,44,8,1,2,16,23,33,1,1,.262,.345,.357,.702
Carlos C Quentin L,SD,86,284,44,74,21,0,16,46,36,41,0,1,.261,.374,.504,.877
Eric E Thames R,SEA,86,271,27,63,12,3,9,25,15,87,1,1,.232,.273,.399,.672
George G Kottaras,OAK,85,171,20,36,6,1,9,31,37,48,0,0,.211,.351,.415,.766
Brian B Dozier S,MIN,84,316,33,74,11,1,6,33,16,58,9,2,.234,.271,.332,.603
Brandon B Moss,OAK,84,265,48,77,18,0,21,52,26,90,1,1,.291,.358,.596,.954
Bryan B Petersen L,MIA,84,241,29,47,9,3,0,17,25,58,8,2,.195,.272,.257,.530
Jeff J Baker,ATL,83,188,18,45,12,1,4,25,11,48,4,1,.239,.279,.378,.656
Jesus J Flores,WSH,83,277,22,59,12,1,6,26,13,59,1,2,.213,.248,.329,.577
Brandon B Inge,OAK,83,303,33,66,14,0,12,54,24,91,0,1,.218,.275,.383,.658
Chase C Utley,PHI,83,301,48,77,15,2,11,45,43,43,11,1,.256,.365,.429,.793
Ben B Francisco R,TB,82,192,14,46,14,1,4,15,13,49,0,1,.240,.285,.385,.670
Mark M Kotsay,SD,82,143,9,37,8,0,2,14,11,14,0,2,.259,.314,.357,.671
Shelley S Duncan L,CLE,81,232,29,47,10,0,11,31,28,59,1,2,.203,.288,.388,.676
D J Le Mahieu,COL,81,229,26,68,12,4,2,22,13,42,1,2,.297,.332,.410,.742
Jose J Lopez,CWS,81,236,18,58,14,0,4,28,9,41,0,1,.246,.270,.356,.626
Jayson J Werth R,WSH,81,300,42,90,21,3,5,31,42,57,8,2,.300,.387,.440,.827
Willie W Bloomquist S,ARI,80,324,47,98,21,5,0,23,12,55,7,10,.302,.325,.398,.724
Marwin M Gonzalez S,HOU,80,205,21,48,13,0,2,12,13,29,3,3,.234,.280,.327,.607
Stephen S Drew,OAK,79,287,38,64,13,1,7,28,37,76,1,2,.223,.309,.348,.657
Chris C Iannetta,LAA,79,221,27,53,6,1,9,26,29,60,1,3,.240,.332,.398,.730
Ronny R Cedeno,NYM,78,166,18,43,11,1,4,22,17,35,0,1,.259,.332,.410,.741
Luis Alfonso L Cruz,LAD,78,283,26,84,20,0,6,40,9,34,2,1,.297,.322,.431,.753
Jerry J Hairston,LAD,78,238,19,65,13,1,4,26,23,27,1,2,.273,.342,.387,.729
Martin M Maldonado,MIL,78,233,22,62,9,0,8,30,17,56,1,1,.266,.321,.408,.729
Matt M Belisle,COL,77,3,0,0,0,0,0,0,0,1,0,0,.000,.000,.000,.000
Shawn S Camp,CHC,77,0,0,0,0,0,0,0,0,0,0,0,.000,.000,.000,.000
Ryan R Flaherty,BAL,77,153,15,33,2,1,6,19,6,43,1,0,.216,.258,.359,.617
Darin D Mastroianni R,MIN,77,163,22,41,3,2,3,17,18,45,21,3,.252,.328,.350,.678
Wilson W Valdez S,CIN,77,194,15,40,4,0,0,15,8,36,3,1,.206,.236,.227,.463
Vernon V Wells L,LAA,77,243,36,56,9,0,11,29,16,35,3,1,.230,.279,.403,.682
Pedro P Ciriaco,BOS,76,259,33,76,15,2,2,19,8,47,16,3,.293,.315,.390,.705
Tyler T Pastornicky S,ATL,76,169,21,41,6,1,2,13,10,32,2,0,.243,.287,.325,.613
Salvador S Perez,KC,76,289,38,87,16,0,11,39,12,27,0,0,.301,.328,.471,.798
Kelly K Shoppach,NYM,76,219,23,51,14,2,8,27,16,89,1,0,.233,.309,.425,.733
Chris C Snyder,HOU,76,221,23,39,8,0,7,24,33,70,0,0,.176,.295,.308,.602
Wesley W Wright,HOU,76,2,0,0,0,0,0,0,0,2,0,0,.000,.000,.000,.000
Mitchell M Boggs,STL,75,0,0,0,0,0,0,0,0,0,0,0,.000,.000,.000,.000
Randy R Choate,LAD,75,0,0,0,0,0,0,0,0,0,0,0,.000,.000,.000,.000
Josh J Donaldson,OAK,75,274,34,66,16,0,9,33,14,61,4,1,.241,.289,.398,.687
Don D Kelly R,DET,75,113,14,21,2,1,1,7,14,22,2,0,.186,.276,.248,.523
Will W Middlebrooks,BOS,75,267,34,77,14,0,15,54,13,70,4,1,.288,.325,.509,.834
Tyler T Moore L,WSH,75,156,20,41,9,0,10,29,14,46,3,0,.263,.327,.513,.840
Bobby B Wilson,LAA,75,171,19,36,5,0,3,13,15,33,0,0,.211,.277,.292,.569
Jacoby J Ellsbury C,BOS,74,303,43,82,18,0,4,26,19,43,14,3,.271,.313,.370,.682
Luke L Gregerson,SD,74,1,0,0,0,0,0,0,0,1,0,0,.000,.000,.000,.000
Evan E Longoria,TB,74,273,39,79,14,0,17,55,33,61,2,3,.289,.369,.527,.896
Jayson J Nix,NYY,74,177,24,43,13,0,4,18,14,53,6,3,.243,.306,.384,.690
James J Russell,CHC,74,1,0,0,0,0,0,0,0,0,0,0,.000,.000,.000,.000
Hector H Sánchez Sanchez,SF,74,218,22,61,15,0,3,34,5,52,0,0,.280,.295,.390,.685
Francisco F Rodríguez Rodriguez,MIL,73,0,0,0,0,0,0,0,0,0,0,0,.000,.000,.000,.000
Josh J Rutledge S,COL,73,277,37,76,20,5,8,37,9,54,7,0,.274,.306,.469,.775
Chad C Tracy,WSH,73,93,7,25,7,0,3,14,10,15,0,0,.269,.343,.441,.784
Brad B Ziegler,ARI,73,4,1,1,0,0,0,0,0,2,0,0,.250,.250,.250,.500
Rex R Brothers,COL,72,2,0,0,0,0,0,0,0,2,0,0,.000,.000,.000,.000
Aaron A Cunningham L,CLE,72,97,5,17,4,0,1,7,9,25,0,3,.175,.245,.247,.493
Scott S Moore,HOU,72,201,23,52,11,0,9,26,16,56,0,1,.259,.330,.448,.778
John J Axford,MIL,71,1,0,0,0,0,0,0,0,1,0,0,.000,.000,.000,.000
Chad C Durbin,ATL,71,0,0,0,0,0,0,0,0,0,0,0,.000,.000,.000,.000
Ryan R Howard,PHI,71,260,28,57,11,0,14,56,25,99,0,0,.219,.295,.423,.718
Josh J Lindblom,PHI,71,0,0,0,0,0,0,0,0,0,0,0,.000,.000,.000,.000
Jason J Bay L,NYM,70,194,21,32,2,0,8,20,19,58,5,1,.165,.237,.299,.536
Heath H Bell,MIA,70,0,0,0,0,0,0,0,0,0,0,0,.000,.000,.000,.000
Miguel M Cairo,CIN,70,150,9,28,7,2,1,13,4,20,4,0,.187,.212,.280,.492
Gorkys G Hernández Hernandez C,MIA,70,156,18,30,2,3,3,13,13,42,7,2,.192,.267,.301,.569
Sean S Marshall,CIN,70,0,0,0,0,0,0,0,0,0,0,0,.000,.000,.000,.000
Lou L Marson,CLE,70,195,27,44,8,2,0,13,36,44,4,2,.226,.348,.287,.635
Jeff J Mathis,TOR,70,211,25,46,13,0,8,27,9,68,1,0,.218,.249,.393,.642
John J Mc Donald S,ARI,70,197,16,49,9,0,6,22,12,33,0,1,.249,.295,.386,.681
Laynce L Nix,PHI,70,114,13,28,10,0,3,16,12,42,0,0,.246,.315,.412,.727
Bobby B Parnell,NYM,70,0,0,0,0,0,0,0,0,0,0,0,.000,.000,.000,.000
Steve S Clevenger,CHC,69,199,16,40,12,0,1,16,16,39,0,1,.201,.260,.276,.537
Tyler T Clippard,WSH,69,0,0,0,0,0,0,0,0,0,0,0,.000,.000,.000,.000
Todd T Helton,COL,69,240,31,57,16,1,7,37,39,44,1,1,.238,.343,.400,.743
David D Hernandez,ARI,69,1,0,1,0,0,0,0,0,0,0,0,1.000,1.000,1.000,2.000
Jose J Lobatón Lobaton,TB,69,167,16,37,10,0,2,20,24,46,0,1,.222,.323,.317,.640
Rick R Ankiel C,WSH,68,158,15,36,10,2,5,15,12,59,1,3,.228,.282,.411,.694
Santiago S Casilla,SF,68,3,0,1,0,0,0,1,0,1,0,0,.333,.333,.333,.667
Brayan B Peña Pena,KC,68,212,16,50,10,1,2,25,9,24,0,1,.236,.262,.321,.583
Jon J Rauch,NYM,68,0,0,0,0,0,0,0,0,0,0,0,.000,.000,.000,.000
Matt M Reynolds,COL,68,3,0,0,0,0,0,0,0,2,0,0,.000,.000,.000,.000
Marc M Rzepczynski,STL,68,0,0,0,0,0,0,0,0,0,0,0,.000,.000,.000,.000
Chris C Carter,OAK,67,218,38,52,12,0,16,39,39,83,0,0,.239,.350,.514,.864
Elian E Herrera L,LAD,67,187,26,47,10,1,1,17,23,50,4,2,.251,.340,.332,.671
Jonathan J Papelbon,PHI,67,0,0,0,0,0,0,0,0,0,0,0,.000,.000,.000,.000
Fernando F Rodriguez Jr.,HOU,67,3,0,0,0,0,0,0,0,2,0,0,.000,.000,.000,.000
Jose J Veras,MIL,67,0,0,0,0,0,0,0,0,0,0,0,.000,.000,.000,.000
Brad B Brach,SD,66,0,0,0,0,0,0,0,0,0,0,0,.000,.000,.000,.000
Steve S Cishek,MIA,66,1,0,0,0,0,0,0,0,0,0,0,.000,.000,.000,.000
Chone C Figgins L,SEA,66,166,18,30,5,2,2,11,19,48,4,1,.181,.262,.271,.533
Travis T Hafner D,CLE,66,219,23,50,6,2,12,34,32,47,0,0,.228,.346,.438,.784
Kameron K Loe,MIL,66,0,0,0,0,0,0,0,0,0,0,0,.000,.000,.000,.000
Jason J Motte,STL,66,0,0,0,0,0,0,0,0,0,0,0,.000,.000,.000,.000
Edward E Mujica,STL,66,0,0,0,0,0,0,0,0,0,0,0,.000,.000,.000,.000
Ryan R Raburn,DET,66,205,14,35,14,0,1,12,13,53,1,1,.171,.226,.254,.480
Juan J Uribe,LAD,66,162,15,31,9,0,2,17,13,37,0,1,.191,.258,.284,.542
Brett B Wallace,HOU,66,229,24,58,10,1,9,24,18,73,0,0,.253,.323,.424,.746
Ronald R Belisario,LAD,65,0,0,0,0,0,0,0,0,0,0,0,.000,.000,.000,.000
Sean S Burnett,WSH,65,0,0,0,0,0,0,0,1,0,0,0,.000,1.000,.000,1.000
Aroldis A Chapman,CIN,65,0,0,0,0,0,0,0,0,0,0,0,.000,.000,.000,.000
Javier J López Lopez,SF,65,0,0,0,0,0,0,0,0,0,0,0,.000,.000,.000,.000
Lyle L Overbay,ATL,65,116,12,30,10,0,2,10,13,34,0,0,.259,.331,.397,.727
Omar O Quintanilla,BAL,65,169,25,41,8,0,4,16,16,42,0,1,.243,.312,.361,.673
Sergio S Romo,SF,65,0,0,0,0,0,0,0,0,0,0,0,.000,.000,.000,.000
Jose J Arredondo,CIN,64,0,0,0,0,0,0,0,0,0,0,0,.000,.000,.000,.000
Emilio E Bonifácio Bonifacio C,MIA,64,244,30,63,3,4,1,11,25,52,30,3,.258,.330,.316,.645
Endy E Chavez L,BAL,64,158,15,32,6,0,2,12,6,24,3,2,.203,.236,.278,.515
Johnny J Damon L,CLE,64,207,25,46,6,2,4,19,17,27,4,0,.222,.281,.329,.610
Chris C Getz,KC,64,189,22,52,10,3,0,17,11,17,9,3,.275,.312,.360,.672
Kenley K Jansen,LAD,64,0,0,0,0,0,0,0,0,0,0,0,.000,.000,.000,.000
Ryan R Mattheus,WSH,64,1,0,0,0,0,0,0,0,1,0,0,.000,.000,.000,.000
Chris C Parmelee,MIN,64,192,18,44,10,2,5,19,13,52,0,0,.229,.290,.380,.671
Yorvit Y Torrealba,MIL,64,194,19,44,8,0,4,14,17,40,1,1,.227,.293,.330,.623
Tony T Watson,PIT,64,1,0,0,0,0,0,0,0,1,0,0,.000,.000,.000,.000
John J Baker,SD,63,193,17,46,8,0,0,14,20,41,2,1,.238,.310,.280,.590
Gerald G Laird,DET,63,174,24,49,8,1,2,11,14,21,0,0,.282,.337,.374,.710
Scott S Podsednik L,BOS,63,199,19,60,7,0,1,12,6,35,8,2,.302,.322,.352,.674
Fernando F Salas,STL,63,1,0,0,0,0,0,0,0,1,0,0,.000,.000,.000,.000
Ryan R Sweeney,BOS,63,204,22,53,19,2,0,16,12,43,0,0,.260,.303,.373,.675
Jamey J Wright,LAD,63,2,0,0,0,0,0,0,0,1,0,0,.000,.000,.000,.000
Jeremy J Affeldt,SF,62,1,0,0,0,0,0,0,0,0,0,0,.000,.000,.000,.000
Antonio A Bastardo,PHI,62,0,0,0,0,0,0,0,0,0,0,0,.000,.000,.000,.000
Jared J Hughes,PIT,62,1,0,0,0,0,0,0,0,1,0,0,.000,.000,.000,.000
Cesar C Izturis,WSH,62,166,13,40,7,2,2,11,3,13,1,1,.241,.254,.343,.598
Wilton W Lopez,HOU,62,0,0,0,0,0,0,0,0,0,0,0,.000,.000,.000,.000
David D Ross,ATL,62,176,18,45,7,0,9,23,18,60,1,0,.256,.321,.449,.770
Bryan B Shaw,ARI,62,0,0,0,0,0,0,0,0,0,0,0,.000,.000,.000,.000
Dale D Thayer,SD,62,0,0,0,0,0,0,0,0,0,0,0,.000,.000,.000,.000
Lorenzo L Cain C,KC,61,222,27,59,9,2,7,31,15,56,10,0,.266,.316,.419,.734
Jason J Grilli,PIT,61,0,0,0,0,0,0,0,0,0,0,0,.000,.000,.000,.000
Munenori M Kawasaki S,SEA,61,104,13,20,1,0,0,7,8,18,2,2,.192,.257,.202,.459
Steve S Pearce,NYY,61,159,16,38,8,1,4,26,20,41,1,2,.239,.328,.377,.705
Josh J Roenicke,COL,61,12,1,1,0,0,0,0,0,6,0,0,.083,.154,.083,.237
Ryan R Webb,MIA,61,1,0,0,0,0,0,0,0,1,0,0,.000,.000,.000,.000
Emmanuel E Burriss,SF,60,136,15,29,1,0,0,7,10,25,5,3,.213,.270,.221,.491
Jason J Giambi,COL,60,89,7,20,4,0,1,8,20,24,0,0,.225,.372,.303,.675
Yasmani Y Grandal,SD,60,192,28,57,7,1,8,36,31,39,0,0,.297,.394,.469,.863
Joel J Hanrahan,PIT,60,0,0,0,0,0,0,0,0,0,0,0,.000,.000,.000,.000
Carlos C Marmol,CHC,60,0,0,0,0,0,0,0,0,0,0,0,.000,.000,.000,.000
Derek D Norris,OAK,60,209,19,42,8,1,7,34,21,66,5,1,.201,.276,.349,.625
Eric E O' Flaherty,ATL,60,0,0,0,0,0,0,0,0,0,0,0,.000,.000,.000,.000
Travis T Snider R,PIT,60,164,23,41,7,1,4,17,17,48,2,0,.250,.319,.378,.697
Jonny J Venters,ATL,60,0,0,0,0,0,0,0,0,0,0,0,.000,.000,.000,.000
Omar O Vizquel,TOR,60,153,13,36,5,1,0,7,7,17,3,2,.235,.265,.281,.546
Mike M Carp L,SEA,59,164,17,35,6,0,5,20,21,46,1,0,.213,.312,.341,.654
Mike M Dunn,MIA,59,1,0,0,0,0,0,0,0,0,0,0,.000,.000,.000,.000
Craig C Kimbrel,ATL,59,0,0,0,0,0,0,0,0,0,0,0,.000,.000,.000,.000
Xavier X Nady L,SF,59,152,12,28,6,1,4,13,13,37,1,0,.184,.253,.316,.569
Logan L Ondrusek,CIN,59,0,0,0,0,0,0,0,0,0,0,0,.000,.000,.000,.000
Rafael R Betancourt,COL,58,0,0,0,0,0,0,0,0,0,0,0,.000,.000,.000,.000
Freddy F Galvis,PHI,58,190,14,43,15,1,3,24,7,29,0,0,.226,.254,.363,.617
Taylor T Green,MIL,58,103,8,19,7,0,3,14,10,24,0,0,.184,.265,.340,.605
Nick N Hundley,SD,58,204,14,32,7,1,3,22,15,56,0,3,.157,.219,.245,.464
Manny M Parra,MIL,58,1,0,0,0,0,0,0,0,1,0,0,.000,.000,.000,.000
Chris C Resop,PIT,58,3,0,0,0,0,0,0,1,2,0,0,.000,.250,.000,.250
Jim J Thome D,BAL,58,163,17,41,7,0,8,25,22,61,0,0,.252,.344,.442,.786
Yuniesky Y Betancourt,KC,57,215,21,49,14,1,7,36,9,25,0,1,.228,.256,.400,.656
Clay C Hensley,SF,57,1,0,0,0,0,0,0,0,0,0,0,.000,.000,.000,.000
Ramon E R Ramirez,NYM,57,0,0,0,0,0,0,0,0,0,0,0,.000,.000,.000,.000
Domonic D Brown R,PHI,56,187,21,44,11,2,5,26,21,34,0,0,.235,.316,.396,.712
Anthony A Gose R,TOR,56,166,25,37,7,3,1,11,17,59,15,3,.223,.303,.319,.622
Kevin K Frandsen,PHI,55,195,24,66,10,3,2,14,9,18,0,1,.338,.383,.451,.834
Paul P Janish S,ATL,55,167,18,31,6,1,0,9,17,30,1,0,.186,.269,.234,.502
Andy A Parrino S,SD,55,116,9,24,5,0,1,6,17,35,1,0,.207,.316,.276,.592
Xavier X Paul,CIN,55,86,8,27,5,1,2,7,9,18,4,2,.314,.379,.465,.844
J. J Putz,ARI,55,0,0,0,0,0,0,0,0,0,0,0,.000,.000,.000,.000
Craig C Stammen,WSH,55,6,0,0,0,0,0,0,0,4,0,0,.000,.000,.000,.000
Chris C Stewart,NYY,55,141,15,34,8,0,1,13,10,21,2,0,.241,.292,.319,.611
Ian I Stewart,CHC,55,179,16,36,5,2,5,17,21,46,0,3,.201,.292,.335,.627
Devin D Mesoraco,CIN,54,165,17,35,8,0,5,14,17,33,1,1,.212,.288,.352,.640
Scott S Cousins,MIA,53,86,7,14,4,1,1,3,4,24,1,1,.163,.200,.267,.467
Johnny J Giavotella,KC,53,181,21,43,7,1,1,15,8,35,3,0,.238,.270,.304,.574
Welington W Castillo,CHC,52,170,16,45,11,0,5,22,17,51,0,0,.265,.337,.418,.754
Tyler T Flowers,CWS,52,136,19,29,6,0,7,13,12,56,2,1,.213,.296,.412,.708
Ramon R Hernandez,COL,52,184,16,40,10,0,5,28,6,32,0,1,.217,.247,.353,.601
Aubrey A Huff,SF,52,78,7,15,4,0,1,7,16,12,0,0,.192,.326,.282,.608
Cristhian C Martinez,ATL,52,3,0,0,0,0,0,0,0,1,0,0,.000,.000,.000,.000
Donnie D Murphy,MIA,52,116,13,25,6,2,3,12,9,35,1,1,.216,.281,.379,.661
Tim T Byrdak,NYM,51,0,0,0,0,0,0,0,0,0,0,0,.000,.000,.000,.000
Tony T Cruz,STL,51,126,11,32,9,1,1,11,3,19,0,1,.254,.267,.365,.632
Matt M Diaz,ATL,51,108,10,24,6,0,2,13,9,21,0,0,.222,.280,.333,.613
Manny M Machado,BAL,51,191,24,50,8,3,7,26,9,38,2,0,.262,.294,.445,.739
Joe J Thatcher,SD,51,0,0,0,0,0,0,0,0,0,0,0,.000,.000,.000,.000
Jordan J Danks L,CWS,50,67,12,15,1,0,1,4,6,16,3,1,.224,.280,.284,.564
Eduardo E Escobar,MIN,50,131,18,28,4,1,0,9,11,31,3,0,.214,.278,.260,.537
Erik E Kratz,PHI,50,141,14,35,9,0,9,26,11,34,0,0,.248,.306,.504,.809
Ryan R Wheeler,ARI,50,109,11,26,6,1,1,10,9,22,1,0,.239,.294,.339,.634
Brooks B Conrad,TB,49,98,6,13,5,0,4,15,6,43,0,0,.133,.181,.306,.487
Rhiner R Cruz,HOU,49,1,0,0,0,0,0,0,0,1,0,0,.000,.000,.000,.000
Adam A Ottavino,COL,49,9,1,1,0,0,0,0,0,7,0,0,.111,.111,.111,.222
Moises M Sierra R,TOR,49,147,14,33,4,0,6,15,8,44,1,0,.224,.274,.374,.648
Andrelton A Simmons S,ATL,49,166,17,48,8,2,3,19,12,21,1,0,.289,.335,.416,.751
Ezequiel E Carrera L,CLE,48,147,20,40,6,3,2,11,8,35,8,1,.272,.312,.395,.707
Mark M De Rosa,WSH,48,85,13,16,5,0,0,6,14,18,1,0,.188,.300,.247,.547
Brett B Pill,SF,48,105,10,22,3,0,4,11,6,19,1,0,.210,.265,.352,.618
Chad C Qualls,PIT,48,0,0,0,0,0,0,0,0,0,0,0,.000,.000,.000,.000
Marlon M Byrd C,BOS,47,143,10,30,2,0,1,9,5,31,0,3,.210,.243,.245,.488
Mike M Fontenot,PHI,47,97,13,28,2,0,1,5,7,23,0,1,.289,.343,.340,.683
Sam S Le Cure,CIN,47,1,0,0,0,0,0,0,0,1,0,0,.000,.500,.000,.500
Starling S Marte L,PIT,47,167,18,43,3,6,5,17,8,50,12,5,.257,.300,.437,.737
Mike M Nickeas,NYM,47,109,8,19,3,0,1,13,8,27,0,0,.174,.242,.229,.471
Will W Rhymes,TB,47,123,11,28,2,1,1,8,10,17,1,2,.228,.299,.285,.584
Troy T Tulowitzki S,COL,47,181,33,52,8,2,8,27,19,19,2,2,.287,.360,.486,.846
Daric D Barton,OAK,46,113,8,23,7,0,1,6,22,32,1,0,.204,.338,.292,.630
Andrew A Brown R,COL,46,112,14,26,7,0,5,11,12,34,2,2,.232,.302,.429,.730
Ryan R Lavarnway,BOS,46,153,11,24,8,0,2,12,11,41,0,0,.157,.211,.248,.459
Kris K Medlen,ATL,46,33,3,4,1,0,0,2,4,15,0,0,.121,.216,.152,.368
Trayvon T Robinson L,SEA,46,145,16,32,4,1,3,12,14,43,6,3,.221,.294,.324,.618
Adrian A Cardenas,CHC,45,60,5,11,6,0,0,2,7,13,0,0,.183,.269,.283,.552
David D Cooper,TOR,45,140,16,42,11,0,4,11,4,22,0,1,.300,.324,.464,.788
Frank F Francisco,NYM,45,0,0,0,0,0,0,0,0,0,0,0,.000,.000,.000,.000
Michael M Gonzalez,WSH,45,0,0,0,0,0,0,0,0,0,0,0,.000,.000,.000,.000
Javy J Guerra,LAD,45,0,0,0,0,0,0,0,0,0,0,0,.000,.000,.000,.000
Victor V Marte,STL,45,0,0,0,0,0,0,0,0,0,0,0,.000,.000,.000,.000
Michael M Martinez,PHI,45,115,10,20,3,0,2,7,5,21,0,0,.174,.208,.252,.460
Jean J Segura S,MIL,45,151,19,39,4,3,0,14,13,23,7,1,.258,.315,.325,.640
Manny M Acosta,NYM,44,0,0,0,0,0,0,0,0,0,0,0,.000,.000,.000,.000
Manny M Corpas,CHC,44,1,0,0,0,0,0,0,0,1,0,0,.000,.000,.000,.000
Sam S Fuld R,TB,44,98,14,25,3,2,0,5,8,14,7,2,.255,.318,.327,.644
Tom T Gorzelanny,WSH,44,6,0,2,0,0,0,1,1,1,0,0,.333,.429,.333,.762
Livan L Hernandez,MIL,44,4,0,0,0,0,0,0,1,1,0,0,.000,.200,.000,.200
Brett B Jackson C,CHC,44,120,14,21,6,1,4,9,22,59,0,3,.175,.303,.342,.644
Danny D Valencia,BOS,44,154,14,29,6,1,3,21,3,38,0,1,.188,.199,.299,.498
Brandon B Barnes C,HOU,43,98,8,20,3,0,1,7,5,29,1,1,.204,.250,.265,.515
Lonnie L Chisenhall,CLE,43,142,16,38,6,1,5,16,8,27,2,1,.268,.311,.430,.741
Jason J Donald,CLE,43,124,18,25,2,1,2,11,5,40,4,0,.202,.246,.282,.528
Pedro P Florimón Florimon S,MIN,43,137,16,30,5,2,1,10,10,30,3,1,.219,.272,.307,.579
Chad C Gaudin,MIA,43,8,0,0,0,0,0,0,0,4,0,0,.000,.000,.000,.000
Yan Y Gomes,TOR,43,98,9,20,4,0,4,13,6,32,0,0,.204,.264,.367,.631
Humberto H Quintero,KC,43,138,7,32,12,0,1,19,4,28,0,1,.232,.257,.341,.598
Danny D Worth,DET,43,74,9,16,3,0,0,3,13,23,0,0,.216,.330,.257,.586
Mike M Zagurski,ARI,43,0,0,0,0,0,0,0,0,0,0,0,.000,.000,.000,.000
Charlie C Blackmon R,COL,42,113,15,32,8,0,2,9,4,17,1,2,.283,.325,.407,.732
Drew D Butera,MIN,42,111,7,22,6,0,1,5,9,26,0,0,.198,.270,.279,.550
Xavier X Cedeño Cedeno,HOU,42,1,0,0,0,0,0,0,0,1,0,0,.000,.000,.000,.000
Chris C Gimenez,TB,42,100,10,26,4,0,1,9,8,24,0,0,.260,.315,.330,.645
Darnell D Mc Donald R,NYY,42,88,17,18,7,0,2,9,12,19,1,1,.205,.297,.352,.649
Jordy J Mercer S,PIT,42,62,7,13,5,1,1,5,4,14,0,1,.210,.265,.371,.636
Adam A Rosales,OAK,42,99,12,22,5,0,2,8,11,24,0,0,.222,.297,.333,.631
Drew D Sutton L,PIT,42,122,12,31,12,1,1,13,6,42,0,1,.254,.292,.393,.686
Adron A Chambers,STL,41,54,4,12,0,2,0,4,5,18,2,1,.222,.300,.296,.596
Adeiny A Hechavarria,TOR,41,126,10,32,8,0,2,15,4,32,0,0,.254,.280,.365,.645
George G Kontos,SF,41,1,0,0,0,0,0,0,0,0,0,0,.000,.000,.000,.000
Fernando F Martinez L,HOU,41,118,12,28,7,1,6,14,6,34,0,1,.237,.300,.466,.766
Juan J Cruz,PIT,40,0,0,0,0,0,0,0,0,0,0,0,.000,.000,.000,.000
Franklin F Gutierrez C,SEA,40,150,18,39,10,1,4,17,9,31,3,1,.260,.309,.420,.729
Brandon B Snyder,TEX,40,65,11,18,2,0,3,9,3,26,0,0,.277,.309,.446,.755
Jack J Wilson S,ATL,40,71,4,12,1,1,0,4,2,12,0,0,.169,.189,.211,.400
Chris C Coghlan L,MIA,39,93,10,13,1,0,1,10,9,12,0,2,.140,.212,.183,.394
Scott S Elbert,LAD,39,0,0,0,0,0,0,0,0,0,0,0,.000,.000,.000,.000
Brett B Hayes,MIA,39,114,7,23,6,0,0,3,4,49,1,0,.202,.229,.254,.483
John J Hester,LAA,39,85,14,18,1,0,3,4,8,25,0,0,.212,.287,.329,.617
Kila K Ka'aihue,OAK,39,128,13,30,9,0,4,14,10,28,1,0,.234,.295,.398,.693
Craig C Breslow,ARI,38,3,0,0,0,0,0,0,0,2,0,0,.000,.000,.000,.000
Collin C Cowgill L,OAK,38,104,10,28,2,0,1,9,11,27,3,4,.269,.336,.317,.654
Nick N Johnson D,BAL,38,87,9,18,4,0,4,11,11,26,2,0,.207,.324,.391,.714
Alex A Liddi,SEA,38,116,8,26,4,1,3,10,9,49,2,1,.224,.278,.353,.631
Eduardo E Núñez Nunez S,NYY,38,89,14,26,4,1,1,11,6,12,11,2,.292,.330,.393,.723
Jose J Constanza L,ATL,37,76,8,19,2,0,0,4,8,21,5,2,.250,.321,.276,.598
Mauro M Gomez,BOS,37,102,14,28,5,2,2,17,8,26,0,0,.275,.324,.422,.746
Eric E Sogard S,OAK,37,102,8,17,3,1,2,7,5,17,2,0,.167,.206,.275,.480
Drew D Storen,WSH,37,0,0,0,0,0,0,0,0,0,0,0,.000,.000,.000,.000
Huston H Street,SD,37,0,0,0,0,0,0,0,0,0,0,0,.000,.000,.000,.000
Fernando F Abad,HOU,36,7,0,1,0,0,0,0,0,3,0,0,.143,.143,.143,.286
Brian B Bixler R,HOU,36,88,11,17,6,0,2,7,7,36,3,0,.193,.253,.330,.582
Jim J Henderson,MIL,36,0,0,0,0,0,0,0,0,0,0,0,.000,.000,.000,.000
Ryan R Kalish C,BOS,36,96,12,22,3,0,0,5,6,26,3,2,.229,.272,.260,.532
Vinny V Rottino L,CLE,36,61,12,9,2,0,3,7,7,17,4,0,.148,.232,.328,.560
Shawn S Tolleson,LAD,36,0,0,0,0,0,0,0,0,0,0,0,.000,.000,.000,.000
Matt M Treanor,LAD,36,103,11,18,3,1,2,10,14,29,1,1,.175,.281,.282,.562
Josh J Vitters,CHC,36,99,7,12,2,0,2,5,7,33,2,0,.121,.193,.202,.395
Kyle K Kendrick,PHI,35,36,2,5,2,0,0,0,3,19,0,0,.139,.205,.194,.400
Brandon B Lyon,HOU,35,0,0,0,0,0,0,0,0,0,0,0,.000,.000,.000,.000
Brent B Morel,CWS,35,113,14,20,2,0,0,5,7,39,4,1,.177,.225,.195,.420
Pete P Orr,PHI,35,54,6,17,5,1,0,7,1,18,3,1,.315,.327,.444,.772
Henry Alberto H Rodriguez,WSH,35,0,0,0,0,0,0,0,0,0,0,0,.000,.000,.000,.000
Alfredo A Simon,CIN,35,4,0,0,0,0,0,0,0,2,0,0,.000,.000,.000,.000
Justin J Christian,SF,34,56,6,7,1,0,0,2,5,3,2,1,.125,.197,.143,.340
Rafael R Dolis,CHC,34,0,0,0,0,0,0,0,0,0,0,0,.000,.000,.000,.000
Josh J Edgin,NYM,34,0,0,0,0,0,0,0,0,0,0,0,.000,.000,.000,.000
Mike M Leake,CIN,34,61,8,18,3,0,2,3,1,20,0,0,.295,.306,.443,.749
Hideki H Matsui,TB,34,95,7,14,1,0,2,7,8,22,0,0,.147,.214,.221,.435
Clayton C Richard,SD,34,69,5,6,2,0,1,7,1,40,0,0,.087,.099,.159,.258
Brian B Schneider,PHI,34,89,9,20,5,0,2,7,5,15,0,0,.225,.289,.348,.637
Homer H Bailey,CIN,33,70,1,8,1,0,0,5,1,29,0,0,.114,.127,.129,.255
Jeff J Bianchi S,MIL,33,69,8,13,2,0,3,9,4,13,0,0,.188,.230,.348,.578
Travis T Buck,HOU,33,74,7,16,5,1,0,6,6,18,0,0,.216,.284,.311,.595
Matt M Cain,SF,33,74,6,13,2,0,1,6,2,33,0,0,.176,.197,.243,.441
Chris C Capuano,LAD,33,54,3,5,2,0,0,3,1,27,0,0,.093,.107,.130,.237
Andrew A Cashner,SD,33,7,0,1,0,0,0,0,1,2,0,0,.143,.250,.143,.393
R. A. R Dickey,NYM,33,72,3,11,0,0,0,3,0,14,0,0,.153,.164,.153,.317
Lucas L Harrell,HOU,33,59,5,9,0,0,0,1,1,32,0,0,.153,.167,.153,.319
Kyle K Lohse,STL,33,64,4,6,1,0,0,3,2,19,0,0,.094,.119,.109,.229
Lance L Lynn,STL,33,50,4,3,0,0,0,1,2,36,0,0,.060,.094,.060,.154
Brett B Myers,HOU,33,0,0,0,0,0,0,0,0,0,0,0,.000,.000,.000,.000
Wandy W Rodriguez,PIT,33,61,2,4,0,0,0,2,3,14,0,0,.066,.109,.066,.175
Xavier X Avery L,BAL,32,94,14,21,6,1,1,6,11,23,6,3,.223,.305,.340,.645
Lance L Berkman,STL,32,81,12,21,7,1,2,7,14,19,2,0,.259,.381,.444,.826
Johnny J Cueto,CIN,32,67,3,6,1,0,0,2,0,24,0,0,.090,.090,.104,.194
Tim T Dillard,MIL,32,0,0,0,0,0,0,0,0,0,0,0,.000,.000,.000,.000
Yovani Y Gallardo,MIL,32,67,3,11,3,0,1,9,0,25,0,0,.164,.164,.254,.418
Jeremy J Horst,PHI,32,0,0,0,0,0,0,0,0,0,0,0,.000,.000,.000,.000
Edwin E Jackson,WSH,32,57,6,13,0,0,0,0,3,21,0,0,.228,.267,.228,.495
Clayton C Kershaw,LAD,32,58,2,12,1,0,0,2,2,19,0,0,.207,.230,.224,.454
Mat M Latos,CIN,32,65,2,12,1,0,1,4,3,32,0,0,.185,.229,.246,.475
Brandon B League,LAD,32,0,0,0,0,0,0,0,0,0,0,0,.000,.000,.000,.000
Paul P Maholm,ATL,32,63,2,4,0,0,1,3,2,38,0,0,.063,.092,.111,.203
Mitch M Maier C,KC,32,64,8,11,1,1,2,7,8,24,2,0,.172,.260,.313,.573
Mike M Mc Coy,TOR,32,52,10,9,1,0,1,7,4,6,2,1,.173,.232,.250,.482
James J Mc Donald,PIT,32,49,8,7,0,0,0,1,8,23,0,0,.143,.263,.143,.406
Wil W Nieves,ARI,32,83,7,25,3,0,2,8,4,17,0,1,.301,.330,.410,.739
Carlos C Torres,COL,32,9,1,2,0,0,0,1,1,4,0,0,.222,.300,.222,.522
Adam A Wainwright,STL,32,66,5,8,2,0,1,4,3,32,0,0,.121,.159,.197,.356
Carlos C Zambrano,MIA,32,34,3,6,0,0,1,2,0,8,0,0,.176,.176,.265,.441
Luis L Avilán Avilan,ATL,31,3,0,1,0,0,0,0,0,0,0,0,.333,.333,.333,.667
Miguel M Batista,ATL,31,6,0,0,0,0,0,0,0,4,0,0,.000,.000,.000,.000
Rob R Brantly,MIA,31,100,14,29,8,0,3,8,13,16,1,1,.290,.372,.460,.832
Trevor T Cahill,ARI,31,67,2,8,0,0,0,4,1,24,0,0,.119,.132,.119,.252
Carl C Crawford L,BOS,31,117,23,33,10,2,3,19,3,22,5,0,.282,.306,.479,.785
Ivan I De Jesús,BOS,31,41,5,9,3,0,0,4,3,13,1,1,.220,.267,.293,.559
Matt M Dominguez,HOU,31,109,14,31,2,2,5,16,4,17,0,0,.284,.310,.477,.787
Gio G Gonzalez,WSH,31,64,2,6,1,0,1,4,1,25,0,0,.094,.106,.156,.262
Alex A Hinshaw,CHC,31,1,0,0,0,0,0,0,0,1,0,0,.000,.000,.000,.000
Cliff C Lee,PHI,31,64,3,10,2,0,0,4,1,23,1,0,.156,.169,.188,.357
Tim T Lincecum,SF,31,45,2,4,0,0,0,3,6,26,0,0,.089,.196,.089,.285
Matt M Mc Bride,COL,31,78,8,16,2,0,2,11,1,17,0,0,.205,.222,.308,.530
A J Pollock C,ARI,31,81,8,20,4,1,2,8,9,11,1,2,.247,.315,.395,.710
Michael M Schwimer,PHI,31,0,0,0,0,0,0,0,0,0,0,0,.000,.000,.000,.000
Edinson E Vólquez Volquez,SD,31,56,2,4,1,0,0,1,1,29,0,0,.071,.088,.089,.177
Barry B Zito,SF,31,53,3,4,0,0,0,2,6,12,0,0,.075,.169,.075,.245
Bronson B Arroyo,CIN,30,63,4,9,1,0,1,3,1,28,0,0,.143,.154,.206,.360
Jason J Bourgeois C,KC,30,62,10,16,2,1,0,5,4,4,5,4,.258,.303,.323,.626
Michael M Bowden,CHC,30,2,0,0,0,0,0,0,0,2,0,0,.000,.000,.000,.000
Mark M Buehrle,MIA,30,67,2,3,1,0,0,1,0,29,0,0,.045,.045,.060,.104
Madison M Bumgarner,SF,30,68,4,11,1,0,2,6,1,25,0,0,.162,.174,.265,.439
Kevin K Correia,PIT,30,47,1,5,0,0,0,0,0,21,0,1,.106,.106,.106,.213
Ross R Detwiler,WSH,30,45,0,2,0,0,0,1,1,22,0,0,.044,.065,.044,.110
Jake J Elmore S,ARI,30,68,1,13,4,0,0,7,5,6,0,0,.191,.247,.250,.497
Matt M Hague,PIT,30,70,5,16,2,0,0,7,3,14,1,0,.229,.270,.257,.527
Cole C Hamels,PHI,30,69,5,15,2,0,1,5,4,27,0,1,.217,.270,.290,.560
Ian I Kennedy,ARI,30,51,4,4,0,1,0,6,11,29,0,0,.078,.238,.118,.356
Erik E Komatsu,MIN,30,51,5,11,0,0,0,1,6,5,0,0,.216,.293,.216,.509
Edwin E Maysonet S,MIL,30,60,7,15,1,1,1,4,3,9,1,0,.250,.297,.350,.647
Jose J Mijares,SF,30,1,0,0,0,0,0,0,0,1,0,0,.000,.000,.000,.000
Wade W Miley,ARI,30,65,4,11,2,0,0,2,2,20,0,0,.169,.194,.200,.394
Ricky R Nolasco,MIA,30,56,4,9,3,0,0,8,4,27,0,0,.161,.217,.214,.431
Bud B Norris,HOU,30,50,2,5,1,0,0,3,1,15,0,0,.100,.115,.120,.235
Jeff J Samardzija,CHC,30,50,0,5,0,0,0,3,3,16,0,0,.100,.167,.100,.267
Jordan J Zimmermann,WSH,30,57,5,11,2,0,1,4,4,13,0,0,.193,.246,.281,.527
Jason J Bartlett S,SD,29,83,8,11,5,0,0,4,12,27,0,0,.133,.240,.193,.432
Joe J Blanton,LAD,29,55,0,4,0,0,0,1,3,26,0,0,.073,.136,.073,.208
Jonathan J Broxton,CIN,29,0,0,0,0,0,0,0,0,0,0,0,.000,.000,.000,.000
A. J. A Burnett,PIT,29,63,1,4,0,0,0,2,3,36,0,0,.063,.106,.063,.170
Jake J Diekman,PHI,29,0,0,0,0,0,0,0,0,0,0,0,.000,.000,.000,.000
Marco M Estrada,MIL,29,40,1,4,2,0,0,3,2,21,0,0,.100,.143,.150,.293
Tommy T Hanson,ATL,29,49,0,1,0,0,0,0,2,30,0,0,.020,.059,.020,.079
Aaron A Harang,LAD,29,56,1,4,1,0,0,2,0,23,0,0,.071,.071,.089,.161
Josh J Johnson,MIA,29,53,2,5,0,0,0,2,2,34,0,0,.094,.127,.094,.222
Yamaico Y Navarro,PIT,29,50,4,8,0,0,1,4,5,13,0,2,.160,.232,.220,.452
Steve S Tolleson,BAL,29,71,4,13,3,0,2,6,4,17,1,0,.183,.227,.310,.536
Ryan R Vogelsong,SF,29,54,5,5,1,0,0,0,3,31,0,0,.093,.155,.111,.266
Jake J Westbrook,STL,29,49,2,6,1,0,0,0,4,24,1,0,.122,.189,.143,.332
David D Carpenter,HOU,28,2,0,1,0,0,0,0,0,0,0,0,.500,.500,.500,1.000
Joe J Kelly,STL,28,33,3,5,2,0,0,2,0,13,0,0,.152,.152,.212,.364
Hector H Luna,PHI,28,62,5,14,2,0,2,10,4,14,0,0,.226,.273,.355,.628
Mike M Minor,ATL,28,55,5,4,1,0,0,0,2,26,0,0,.073,.105,.091,.196
Jonathon J Niese,NYM,28,55,8,12,0,0,0,2,6,19,0,0,.218,.295,.218,.513
Matt M Adams,STL,27,86,8,21,6,0,2,13,5,24,0,0,.244,.286,.384,.669
Josh J Collmenter,ARI,27,16,1,1,0,0,0,2,1,5,0,0,.063,.118,.063,.180
Carlos C Corporán Corporan,HOU,27,78,5,21,2,0,4,13,4,19,0,1,.269,.310,.449,.758
Tim T Hudson,ATL,27,55,4,12,3,0,0,6,2,18,0,0,.218,.250,.273,.523
Josh J Outman,COL,27,12,0,1,0,0,0,1,1,8,0,0,.083,.154,.083,.237
Raul R Valdes,PHI,27,0,0,0,0,0,0,0,0,0,0,0,.000,.000,.000,.000
Scott S Van Slyke R,LAD,27,54,4,9,2,0,2,7,2,14,1,0,.167,.196,.315,.511
Nick N Vincent,SD,27,1,0,0,0,0,0,0,0,1,0,0,.000,.000,.000,.000
Alex A White,COL,27,28,2,5,1,0,2,5,0,12,0,0,.179,.172,.429,.601
Matt M Albers,ARI,26,0,0,0,0,0,0,0,0,0,0,0,.000,.000,.000,.000
Russ R Canzler L,CLE,26,93,9,25,3,0,3,11,4,22,0,0,.269,.299,.398,.697
Matt M Carson L,MIN,26,66,3,15,1,0,0,4,2,21,0,0,.227,.246,.242,.489
J. J Hoover,CIN,26,0,0,0,0,0,0,0,0,0,0,0,.000,.000,.000,.000
Pete P Kozma S,STL,26,72,11,24,5,3,2,14,7,19,2,0,.333,.383,.569,.952
Tommy T Layne,SD,26,0,0,0,0,0,0,0,0,0,0,0,.000,.000,.000,.000
Brad B Lincoln,TOR,26,10,2,2,0,0,0,0,0,6,0,0,.200,.200,.200,.400
Guillermo G Mota,SF,26,0,0,0,0,0,0,0,0,0,0,0,.000,.000,.000,.000
Esmil E Rogers,CLE,26,3,0,1,0,0,0,0,0,1,0,0,.333,.333,.333,.667
Dave D Sappelt R,CHC,26,69,8,19,6,0,2,8,7,9,0,0,.275,.351,.449,.800
Mickey M Storey,HOU,26,0,0,0,0,0,0,0,0,0,0,0,.000,.000,.000,.000
Stephen S Strasburg,WSH,26,47,4,13,4,0,1,7,3,13,0,0,.277,.333,.426,.759
Travis T Wood,CHC,26,53,5,10,3,0,1,4,0,20,0,0,.189,.189,.302,.491
Alberto A Cabrera,CHC,25,0,0,0,0,0,0,0,0,0,0,0,.000,.000,.000,.000
Chris C Dickerson L,NYY,25,14,5,4,0,0,2,5,3,5,3,0,.286,.412,.714,1.126
Lew L Ford D,BAL,25,71,7,13,3,0,3,4,7,13,1,0,.183,.256,.352,.608
Roy R Halladay,PHI,25,53,4,9,0,0,0,2,0,26,0,0,.170,.170,.170,.340
Willie W Harris,CIN,25,44,5,5,4,0,0,2,3,8,1,1,.114,.170,.205,.375
Jeremy J Hefner,NYM,25,20,1,2,0,0,1,1,0,11,0,0,.100,.100,.250,.350
Jose J Iglesias S,BOS,25,68,5,8,2,0,1,2,4,16,1,0,.118,.200,.191,.391
Wade W Le Blanc,MIA,25,12,0,1,1,0,0,0,0,1,0,0,.083,.154,.167,.320
Miles M Mikolas,SD,25,3,0,0,0,0,0,0,0,1,0,0,.000,.000,.000,.000
Wilson W Ramos,WSH,25,83,11,22,2,0,3,10,12,19,0,0,.265,.354,.398,.752
Anthony A Bass,SD,24,31,3,4,0,1,0,5,0,13,1,0,.129,.129,.194,.323
Irving I Falu,KC,24,85,14,29,6,1,0,7,4,9,0,2,.341,.371,.435,.806
Kosuke K Fukudome,CWS,24,41,2,7,1,0,0,4,8,9,0,1,.171,.294,.195,.489
Alberto A Gonzalez S,TEX,24,54,7,13,2,1,0,4,0,9,0,0,.241,.241,.315,.556
Alex A Gonzalez S,MIL,24,81,8,21,4,0,4,15,6,15,1,1,.259,.326,.457,.783
Brock B Holt,PIT,24,65,6,19,2,1,0,3,4,14,0,0,.292,.329,.354,.682
Jordan J Lyles,HOU,24,38,3,6,1,0,1,4,1,18,0,0,.158,.179,.263,.443
Leonys L Martin C,TEX,24,46,6,8,5,2,0,6,4,12,3,0,.174,.235,.370,.605
Dioner D Navarro,CIN,24,69,6,20,3,1,2,12,2,12,0,0,.290,.306,.449,.755
Jimmy J Paredes R,HOU,24,74,7,14,1,1,0,3,6,21,2,1,.189,.244,.230,.474
Randy R Wolf,MIL,24,40,3,6,0,0,0,4,0,11,0,1,.150,.146,.150,.296
Erik E Bedard,PIT,23,37,2,4,1,0,0,0,1,14,0,0,.108,.132,.135,.267
Chad C Billingsley,LAD,23,42,1,8,1,0,0,2,0,18,0,0,.190,.186,.214,.400
Brad B Boxberger,SD,23,1,0,0,0,0,0,0,0,1,0,0,.000,.000,.000,.000
Tyler T Chatwood,COL,23,16,1,4,1,0,0,1,1,3,0,0,.250,.294,.313,.607
Jeff J Clement,PIT,23,22,1,3,1,0,0,1,2,7,0,0,.136,.208,.182,.390
Jeff J Francis,COL,23,31,2,2,0,0,0,0,2,8,0,0,.065,.121,.065,.186
Avisail A García Garcia R,DET,23,47,7,15,0,0,0,3,3,10,0,2,.319,.373,.319,.692
Rich R Thompson,TB,23,22,5,2,0,0,0,1,0,5,6,2,.091,.167,.091,.258
Tony T Abreu,KC,22,70,5,18,2,1,1,15,2,13,0,0,.257,.284,.357,.641
Jeff J Beliveau,CHC,22,0,0,0,0,0,0,0,0,0,0,0,.000,.000,.000,.000
Barret B Browning,STL,22,1,0,0,0,0,0,0,0,0,0,0,.000,.000,.000,.000
Patrick P Corbin,ARI,22,36,3,4,0,1,0,4,1,17,0,0,.111,.135,.167,.302
Adam A Eaton C,ARI,22,85,19,22,3,2,2,5,14,15,2,3,.259,.382,.412,.794
Edgmer E Escalona,COL,22,0,0,0,0,0,0,0,0,0,0,0,.000,.000,.000,.000
Cory C Gearrin,ATL,22,0,0,0,0,0,0,0,0,0,0,0,.000,.000,.000,.000
Jeremy J Guthrie,COL,22,25,1,2,0,0,0,1,1,11,0,0,.080,.115,.080,.195
J. A. J Happ,HOU,22,32,2,3,0,0,0,1,3,16,0,0,.094,.171,.094,.265
Brandon B Hicks S,OAK,22,64,8,11,5,0,3,7,6,31,1,0,.172,.243,.391,.634
Dan D Jennings,MIA,22,1,0,0,0,0,0,0,0,0,0,0,.000,.000,.000,.000
Matt M La Porta D,CLE,22,58,2,14,2,0,1,5,1,17,0,0,.241,.267,.328,.594
Brad B Penny,SF,22,1,0,0,0,0,0,0,0,0,0,0,.000,.000,.000,.000
Drew D Pomeranz,COL,22,26,2,6,2,0,1,1,1,15,0,0,.231,.259,.423,.682
Anthony A Recker,CHC,22,49,4,7,2,0,1,4,6,15,0,0,.143,.263,.245,.508
Taylor T Teagarden,BAL,22,57,4,9,3,0,2,9,5,23,0,0,.158,.226,.316,.542
Josh J Bell,ARI,21,52,3,9,2,0,1,4,4,14,0,0,.173,.232,.269,.501
Henry H Blanco,ARI,21,64,6,12,3,0,1,7,3,18,1,0,.188,.224,.281,.505
Kole K Calhoun R,LAA,21,23,2,4,1,0,0,1,2,6,1,0,.174,.240,.217,.457
Mike M Fiers,MIL,21,32,0,3,0,0,0,2,0,17,0,0,.094,.094,.094,.188
Sam S Freeman,STL,21,0,0,0,0,0,0,0,0,0,0,0,.000,.000,.000,.000
Mat M Gamel,MIL,21,69,10,17,2,1,1,6,4,15,3,0,.246,.293,.348,.641
Zack Z Greinke,MIL,21,33,3,7,3,0,1,2,0,8,0,0,.212,.206,.394,.600
Scott S Maine,CLE,21,2,0,0,0,0,0,0,0,1,0,0,.000,.000,.000,.000
Shaun S Marcum,MIL,21,38,1,4,1,0,0,1,3,14,0,0,.105,.171,.132,.302
Guillermo G Moscoso,COL,21,11,0,2,1,0,0,1,0,5,0,0,.182,.182,.273,.454
Chris C Volstad,CHC,21,28,0,5,0,0,0,0,0,10,0,0,.179,.179,.179,.357
Vance V Worley,PHI,21,37,0,3,1,0,0,2,0,13,0,0,.081,.081,.108,.189
Todd T Coffey,LAD,20,0,0,0,0,0,0,0,0,0,0,0,.000,.000,.000,.000
Nathan N Eovaldi,MIA,20,32,2,3,0,0,0,0,1,20,0,0,.094,.121,.094,.215
C. J. C Fick,HOU,20,0,0,0,0,0,0,0,0,0,0,0,.000,.000,.000,.000
Jaime J García Garcia,STL,20,40,7,10,1,1,1,3,2,15,0,0,.250,.286,.400,.686
Will W Harris,COL,20,0,0,0,0,0,0,0,0,0,0,0,.000,.000,.000,.000
David D Lough C,KC,20,59,9,14,2,1,0,2,4,9,1,0,.237,.292,.305,.597
Ray R Olmedo,CWS,20,41,8,10,2,0,0,1,0,9,0,0,.244,.244,.293,.537
Ronny R Paulino,BAL,20,63,5,16,3,0,0,5,1,9,0,0,.254,.266,.302,.567
B. J. B Rosenberg,PHI,20,3,0,1,0,0,0,1,0,1,0,0,.333,.333,.333,.667
Brad B Bergesen,ARI,19,1,0,0,0,0,0,0,0,0,0,0,.000,.000,.000,.000
Corey C Brown,WSH,19,25,4,5,2,0,1,3,1,9,0,0,.200,.231,.400,.631
Enerio E Del Rosario,HOU,19,0,0,0,0,0,0,0,0,0,0,0,.000,.000,.000,.000
Jeff J Karstens,PIT,19,28,3,3,0,0,0,2,0,15,0,0,.107,.107,.107,.214
Trevor T Rosenthal,STL,19,0,0,0,0,0,0,0,0,0,0,0,.000,.000,.000,.000
Johan J Santana,NYM,19,35,0,3,0,0,0,0,0,14,0,0,.086,.086,.086,.171
Joe J Saunders,ARI,19,35,1,3,0,0,0,1,3,7,0,0,.086,.154,.086,.240
Justin J Sellers S,LAD,19,44,6,9,3,1,1,2,5,14,0,0,.205,.286,.386,.672
Gil G Velazquez,MIA,19,56,2,13,1,0,0,2,1,11,0,0,.232,.246,.250,.496
Chris C Young,NYM,19,31,0,4,2,0,0,2,1,11,0,0,.129,.156,.194,.350
Hector H Ambriz,HOU,18,0,0,0,0,0,0,0,0,0,0,0,.000,.000,.000,.000
Phillippe P Aumont,PHI,18,0,0,0,0,0,0,0,0,0,0,0,.000,.000,.000,.000
Blake B De Witt,CHC,18,29,1,4,1,0,0,1,0,2,0,0,.138,.133,.172,.306
Fred F Lewis L,NYM,18,20,2,3,0,0,0,0,4,5,0,0,.150,.320,.150,.470
Elvin E Ramirez,NYM,18,1,0,0,0,0,0,0,0,1,0,0,.000,.000,.000,.000
Eric E Stults,SD,18,28,3,7,2,0,0,3,0,10,0,0,.250,.250,.321,.571
Stephen S Vogt,TB,18,25,0,0,0,0,0,0,2,2,0,0,.000,.074,.000,.074
Geoff G Blum,ARI,17,28,1,4,0,0,0,1,2,7,0,0,.143,.194,.143,.336
Cory C Burns,SD,17,1,0,0,0,0,0,0,0,1,0,0,.000,.000,.000,.000
Jose J Contreras,PHI,17,0,0,0,0,0,0,0,0,0,0,0,.000,.000,.000,.000
Mike M Costanzo,CIN,17,18,0,1,0,0,0,2,1,10,0,0,.056,.095,.056,.151
Ernesto E Frieri,LAA,17,0,0,0,0,0,0,0,0,0,0,0,.000,.000,.000,.000
Matt M Garza,CHC,17,30,0,2,1,0,0,0,0,23,0,0,.067,.067,.100,.167
Rob R Johnson,NYM,17,52,3,13,2,0,0,4,4,10,0,0,.250,.298,.288,.587
Brandon B Laird,HOU,17,35,2,9,1,0,1,4,2,8,0,0,.257,.297,.371,.669
Jason J Marquis,SD,17,32,3,9,3,0,0,1,0,12,0,0,.281,.303,.375,.678
Carlos C Peguero R,SEA,17,56,2,10,2,1,2,7,1,28,0,0,.179,.193,.357,.550
Francisco F Peguero L,SF,17,16,6,3,0,0,0,0,0,7,3,0,.188,.188,.188,.375
Brian B Roberts,BAL,17,66,2,12,0,0,0,5,5,12,1,1,.182,.233,.182,.415
Anibal A Sánchez Sanchez,MIA,17,30,1,3,0,1,0,0,1,18,0,0,.100,.129,.167,.296
Reid R Brignac S,TB,16,21,1,2,0,0,0,1,1,5,0,0,.095,.136,.095,.232
Robert R Carson,NYM,16,0,0,0,0,0,0,0,0,0,0,0,.000,.000,.000,.000
Alex A Castellanos L,LAD,16,23,3,4,0,1,1,3,0,8,0,0,.174,.200,.391,.591
Randall R Delgado,ATL,16,25,3,6,0,0,0,1,0,9,0,0,.240,.240,.240,.480
Brett B Gardner L,NYY,16,31,7,10,2,0,0,3,5,7,2,2,.323,.417,.387,.804
Matt M Guerrier,LAD,16,0,0,0,0,0,0,0,0,0,0,0,.000,.000,.000,.000
Dallas D Keuchel,HOU,16,20,1,2,0,0,0,1,1,10,0,0,.100,.136,.100,.236
Shane S Loux,SF,16,1,0,0,0,0,0,0,0,0,0,0,.000,.000,.000,.000
Kyle K Mc Clellan,STL,16,1,0,0,0,0,0,0,0,1,0,0,.000,.000,.000,.000
Mike M Olt,TEX,16,33,2,5,1,0,0,5,5,13,1,1,.152,.250,.182,.432
Nolan N Reimold L,BAL,16,67,10,21,6,0,5,10,2,14,1,0,.313,.333,.627,.960
Takashi T Saito,ARI,16,0,0,0,0,0,0,0,0,0,0,0,.000,.000,.000,.000
Joe J Savery,PHI,16,2,0,0,0,0,0,0,0,1,0,0,.000,.000,.000,.000
Logan L Schafer,MIL,16,23,3,7,1,2,0,5,1,3,0,1,.304,.320,.522,.842
Casey C Coleman,CHC,15,3,0,1,0,0,0,0,0,1,0,0,.333,.333,.333,.667
Ryan R Dempster,CHC,15,32,1,3,0,1,0,1,0,9,0,0,.094,.094,.156,.250
Mike M Ekstrom,COL,15,0,0,0,0,0,0,0,0,0,0,0,.000,.000,.000,.000
Christian C Friedrich,COL,15,25,1,2,0,0,0,0,3,15,0,0,.080,.179,.080,.259
Dillon D Gee,NYM,15,27,4,4,2,0,0,1,2,7,0,0,.148,.207,.222,.429
Eduardo E Sanchez,STL,15,0,0,0,0,0,0,0,0,0,0,0,.000,.000,.000,.000
Clete C Thomas R,MIN,15,28,3,4,1,0,1,4,0,16,0,0,.143,.172,.286,.458
Brandon B Beachy,ATL,14,27,3,5,1,0,0,4,2,17,0,0,.185,.241,.222,.464
Bill B Bray,CIN,14,0,0,0,0,0,0,0,0,0,0,0,.000,.000,.000,.000
Jhoulys J Chacín Chacin,COL,14,24,4,7,2,0,0,3,1,3,0,0,.292,.320,.375,.695
Jaye J Chapman,CHC,14,0,0,0,0,0,0,0,0,0,0,0,.000,.000,.000,.000
Steve S Edlefsen,SF,14,1,0,0,0,0,0,0,0,0,0,0,.000,.000,.000,.000
Dan D Johnson,CWS,14,22,8,8,1,0,3,6,9,3,0,0,.364,.548,.818,1.367
Brandon B Kintzler,MIL,14,0,0,0,0,0,0,0,0,0,0,0,.000,.000,.000,.000
Cord C Phelps,CLE,14,33,2,7,0,0,1,5,1,10,0,0,.212,.235,.303,.538
Lendy L Castillo,CHC,13,0,0,0,0,0,0,0,0,0,0,0,.000,.000,.000,.000
Justin J De Fratus,PHI,13,0,0,0,0,0,0,0,0,0,0,0,.000,.000,.000,.000
Eric E Farris,MIL,13,8,1,1,0,0,0,0,1,2,1,0,.125,.222,.125,.347
Christian C Garcia,WSH,13,0,0,0,0,0,0,0,0,0,0,0,.000,.000,.000,.000
Justin J Germano,CHC,13,17,1,1,0,0,0,0,1,10,0,0,.059,.111,.059,.170
Justin J Hampson,NYM,13,1,0,0,0,0,0,0,0,0,0,0,.000,.000,.000,.000
Jeremy J Hermida,SD,13,24,2,6,1,1,0,2,3,7,1,0,.250,.333,.375,.708
Ryan R Jackson,STL,13,17,2,2,0,0,0,0,1,3,0,0,.118,.167,.118,.284
Mike M Jacobs,ARI,13,19,4,4,1,0,0,2,4,6,0,0,.211,.348,.263,.611
Eury E Pérez Perez,WSH,13,5,3,1,0,0,0,0,0,0,3,0,.200,.200,.200,.400
Hisanori H Takahashi,PIT,13,0,0,0,0,0,0,0,0,0,0,0,.000,.000,.000,.000
Sandy S Leon,WSH,12,30,2,8,2,0,0,2,4,11,0,0,.267,.389,.333,.722
Matt M Lindstrom,ARI,12,0,0,0,0,0,0,0,0,0,0,0,.000,.000,.000,.000
Evan E Meek,PIT,12,0,0,0,0,0,0,0,0,0,0,0,.000,.000,.000,.000
Ross R Ohlendorf,SD,12,16,2,1,0,0,0,0,0,8,0,0,.063,.063,.063,.125
Dan D Otero,SF,12,1,0,0,0,0,0,0,0,1,0,0,.000,.000,.000,.000
Henry Alejandro H Rodriguez,CIN,12,14,0,3,1,0,0,2,2,2,0,0,.214,.313,.286,.598
Andrew An Romine S,LAA,12,17,2,7,0,0,0,1,3,3,1,0,.412,.500,.412,.912
Darin D Ruf L,PHI,12,33,4,11,2,1,3,10,2,12,0,0,.333,.351,.727,1.079
Jhonatan J Solano,WSH,12,35,6,11,3,0,2,6,2,5,1,0,.314,.351,.571,.923
Jose G. J Valdez,HOU,12,0,0,0,0,0,0,0,0,0,0,0,.000,.000,.000,.000
Eli E Whiteside,SF,12,11,3,1,1,0,0,2,1,4,0,0,.091,.214,.182,.396
Koyie K Hill,CHC,11,39,3,7,1,0,0,1,0,7,0,0,.179,.179,.205,.385
Juan J Nicasio,COL,11,18,0,2,0,0,0,1,2,13,0,0,.111,.200,.111,.311
A J Ramos,MIA,11,0,0,0,0,0,0,0,0,0,0,0,.000,.000,.000,.000
Paco P Rodríguez Rodriguez,LAD,11,0,0,0,0,0,0,0,0,0,0,0,.000,.000,.000,.000
J. C. J Romero,STL,11,0,0,0,0,0,0,0,0,0,0,0,.000,.000,.000,.000
Josh J Spence,SD,11,0,0,0,0,0,0,0,0,0,0,0,.000,.000,.000,.000
Blake B Tekotte,SD,11,15,0,2,0,0,0,0,0,4,1,0,.133,.133,.133,.267
Brandon B Allen,TB,10,20,3,2,0,0,1,3,2,9,0,0,.100,.182,.250,.432
Bryan B Anderson,STL,10,12,2,3,1,0,0,0,1,6,1,0,.250,.357,.333,.690
Sean S Burroughs,MIN,10,17,0,2,1,0,0,1,1,3,0,0,.118,.167,.176,.343
Francisco F Cordero,HOU,10,0,0,0,0,0,0,0,0,0,0,0,.000,.000,.000,.000
Tyler T Graham,ARI,10,2,1,0,0,0,0,0,0,2,0,1,.000,.000,.000,.000
Matt M Harvey,NYM,10,18,0,6,2,0,0,3,0,7,0,0,.333,.333,.444,.778
Jair J Jurrjens,ATL,10,13,1,1,0,0,0,0,1,6,0,0,.077,.143,.077,.220
Chris C Leroux,PIT,10,1,0,0,0,0,0,0,0,0,0,0,.000,.000,.000,.000
Luis L Martinez,TEX,10,18,1,2,0,0,0,0,0,4,0,0,.111,.158,.111,.269
Kyle K Mc Pherson,PIT,10,5,0,0,0,0,0,0,1,3,0,0,.000,.167,.000,.167
Jamie J Moyer,COL,10,13,1,2,0,0,0,2,1,10,0,0,.154,.214,.154,.368
Carlos C Triunfel S,SEA,10,22,2,5,2,0,0,3,1,4,0,0,.227,.261,.318,.579
Anthony A Varvaro,ATL,10,0,0,0,0,0,0,0,0,0,0,0,.000,.000,.000,.000
Randy R Wells,CHC,10,4,0,1,0,0,0,0,0,2,0,0,.250,.250,.250,.500
Kerry K Wood,CHC,10,1,0,0,0,0,0,0,0,1,0,0,.000,.000,.000,.000
Jairo J Asencio,CHC,9,0,0,0,0,0,0,0,0,0,0,0,.000,.000,.000,.000
Josh J Beckett,LAD,9,21,0,1,0,0,0,0,0,12,0,0,.048,.048,.048,.095
Maikel M Cleto,STL,9,1,0,0,0,0,0,0,0,1,0,0,.000,.000,.000,.000
Luis L Exposito,BAL,9,18,2,1,0,0,0,0,3,5,0,0,.056,.190,.056,.246
Brian B Fuentes,STL,9,0,0,0,0,0,0,0,0,0,0,0,.000,.000,.000,.000
Chris C Hatcher,MIA,9,1,0,0,0,0,0,0,0,1,0,0,.000,.000,.000,.000
Steven S Hill,STL,9,10,1,2,1,0,0,0,0,3,0,0,.200,.200,.300,.500
Brad B Lidge,WSH,9,0,0,0,0,0,0,0,0,0,0,0,.000,.000,.000,.000
Che- Hsuan C Lin R,BOS,9,12,1,3,0,0,0,0,0,5,0,0,.250,.250,.250,.500
Mike M Mc Clendon,MIL,9,2,0,0,0,0,0,0,0,1,0,0,.000,.000,.000,.000
Thomas T Neal L,CLE,9,23,2,5,1,0,0,2,0,6,0,0,.217,.250,.261,.511
Juan Pablo J Perez,MIL,9,1,0,0,0,0,0,0,0,1,0,0,.000,.000,.000,.000
Jason J Pridie,PHI,9,10,1,3,1,0,1,3,0,0,0,0,.300,.300,.700,1.000
Jurickson J Profar,TEX,9,17,2,3,2,0,1,2,0,4,0,0,.176,.176,.471,.647
Jerry J Sands L,LAD,9,23,2,4,2,0,0,1,1,9,0,0,.174,.208,.261,.469
Ben B Sheets,ATL,9,13,0,0,0,0,0,0,1,6,0,0,.000,.071,.000,.071
Rafael R Soriano,NYY,9,0,0,0,0,0,0,0,0,0,0,0,.000,.000,.000,.000
Chien- Ming C Wang,WSH,9,6,1,1,1,0,0,0,1,3,0,0,.167,.286,.333,.619
Zach Z Duke,WSH,8,1,0,0,0,0,0,0,0,0,0,0,.000,.000,.000,.000
Cody C Eppley,NYY,8,0,0,0,0,0,0,0,0,0,0,0,.000,.000,.000,.000
Jeurys J Familia,NYM,8,1,0,0,0,0,0,0,0,1,0,0,.000,.000,.000,.000
Didi D Gregorius S,CIN,8,20,1,6,0,0,0,2,0,5,0,0,.300,.300,.300,.600
Daniel D Hudson,ARI,8,13,1,2,0,0,0,1,2,6,0,0,.154,.250,.154,.404
Luke L Hughes,OAK,8,23,0,3,0,0,0,2,0,10,1,0,.130,.125,.130,.255
Tom T Koehler,MIA,8,1,0,0,0,0,0,0,0,1,0,0,.000,.000,.000,.000
Ted T Lilly,LAD,8,15,0,1,0,0,0,0,1,7,0,0,.067,.125,.067,.192
Jeff J Locke,PIT,8,11,0,1,0,0,0,0,0,7,0,0,.091,.091,.091,.182
Jean J Machi,SF,8,0,0,0,0,0,0,0,0,0,0,0,.000,.000,.000,.000
Collin C Mc Hugh,NYM,8,4,0,0,0,0,0,0,0,2,0,0,.000,.000,.000,.000
Charlie C Morton,PIT,8,13,0,0,0,0,0,0,0,8,0,0,.000,.000,.000,.000
Peter P Moylan,ATL,8,0,0,0,0,0,0,0,0,0,0,0,.000,.000,.000,.000
Denis D Phipps,CIN,8,10,4,3,1,0,1,2,1,4,0,0,.300,.364,.700,1.064
Clay C Rapada,NYY,8,0,0,0,0,0,0,0,0,0,0,0,.000,.000,.000,.000
Fernando F Rodney,TB,8,0,0,0,0,0,0,0,0,0,0,0,.000,.000,.000,.000
Mark M Rogers,MIL,8,14,1,3,2,0,0,0,0,5,0,0,.214,.214,.357,.571
Jeff J Suppan,SD,8,10,0,1,0,0,0,0,1,1,0,0,.100,.182,.100,.282
Tyler T Thornburg,MIL,8,5,1,1,1,0,0,0,0,2,0,0,.200,.200,.400,.600
Kip K Wells,SD,8,12,1,1,0,0,0,0,0,5,0,0,.083,.154,.083,.237
Andrew A Werner,SD,8,12,0,1,0,0,0,0,0,4,0,0,.083,.083,.083,.167
Justin J Wilson,PIT,8,0,0,0,0,0,0,0,0,0,0,0,.000,.000,.000,.000
Chase Cd' Arnaudd' Arnaud,PIT,8,6,2,0,0,0,0,1,0,2,1,0,.000,.000,.000,.000
Pedro P Beato,NYM,7,0,0,0,0,0,0,0,0,0,0,0,.000,.000,.000,.000
Travis T Blackley,OAK,7,2,0,0,0,0,0,0,0,2,0,0,.000,.000,.000,.000
Vinnie V Chulk,MIL,7,0,0,0,0,0,0,0,0,0,0,0,.000,.000,.000,.000
Hank H Conger,LAA,7,18,0,3,0,0,0,1,1,0,0,0,.167,.238,.167,.405
James J Darnell L,SD,7,17,1,4,1,0,1,1,2,2,0,0,.235,.316,.471,.786
Nick N Green,MIA,7,23,1,4,3,0,0,1,0,6,0,0,.174,.208,.304,.513
Bill B Hall,BAL,7,9,2,2,0,0,1,1,5,7,0,0,.222,.500,.556,1.056
Chris C Herrmann,MIN,7,18,0,1,0,0,0,1,1,5,0,0,.056,.105,.056,.161
Luis L Jimenez D,SEA,7,17,0,1,0,0,0,0,1,4,0,0,.059,.111,.059,.170
Casey C Kelly,SD,7,10,0,2,0,0,0,0,0,4,0,0,.200,.200,.200,.400
Boone B Logan,NYY,7,0,0,0,0,0,0,0,0,0,0,0,.000,.000,.000,.000
Zach Z Lutz,NYM,7,11,1,1,0,0,0,0,0,5,0,0,.091,.091,.091,.182
Mike M Mac Dougal,LAD,7,0,0,0,0,0,0,0,0,0,0,0,.000,.000,.000,.000
Blake B Parker,CHC,7,0,0,0,0,0,0,0,0,0,0,0,.000,.000,.000,.000
Joel J Peralta,TB,7,0,0,0,0,0,0,0,0,0,0,0,.000,.000,.000,.000
Ryan R Perry,WSH,7,0,0,0,0,0,0,0,0,0,0,0,.000,.000,.000,.000
Chris C Rusin,CHC,7,12,0,2,0,1,0,0,0,5,0,0,.167,.167,.333,.500
Doug D Slaten,PIT,7,0,0,0,0,0,0,0,0,0,0,0,.000,.000,.000,.000
Jacob J Turner,MIA,7,14,0,0,0,0,0,0,0,8,0,0,.000,.000,.000,.000
Josh J Wall,LAD,7,0,0,0,0,0,0,0,0,0,0,0,.000,.000,.000,.000
Alfredo A Aceves,BOS,6,0,0,0,0,0,0,0,0,0,0,0,.000,.000,.000,.000
Lars L Anderson,BOS,6,8,1,1,0,0,0,0,0,3,0,0,.125,.125,.125,.250
J. C. J Boscan,ATL,6,10,0,2,0,0,0,2,0,1,0,0,.200,.200,.200,.400
Tyler T Cloyd,PHI,6,11,2,1,0,0,0,0,3,3,0,0,.091,.286,.091,.377
Charlie C Culberson,SF,6,22,0,3,0,0,0,1,0,7,0,0,.136,.136,.136,.273
Eric E Fryer,PIT,6,4,0,1,0,0,0,0,1,1,0,0,.250,.400,.250,.650
Conor C Gillaspie,SF,6,20,2,3,1,0,0,2,0,2,0,0,.150,.150,.200,.350
Edgar E Gonzalez,HOU,6,9,0,1,0,0,0,1,2,5,0,0,.111,.273,.111,.384
Bryan B Holaday,DET,6,12,3,3,1,0,0,0,0,2,0,0,.250,.250,.333,.583
Nate N Jones,CWS,6,0,0,0,0,0,0,0,0,0,0,0,.000,.000,.000,.000
Blake B Lalli,CHC,6,15,1,2,0,0,0,2,1,3,0,0,.133,.188,.133,.321
John J Lannan,WSH,6,9,0,1,0,0,0,0,1,4,0,0,.111,.200,.111,.311
Jake J Mc Gee,TB,6,0,0,0,0,0,0,0,0,0,0,0,.000,.000,.000,.000
Shelby S Miller,STL,6,3,0,2,1,0,0,0,0,0,0,0,.667,.667,1.000,1.667
Micah M Owings,SD,6,2,0,0,0,0,0,0,0,2,0,0,.000,.000,.000,.000
Joe J Paterson,ARI,6,0,0,0,0,0,0,0,0,0,0,0,.000,.000,.000,.000
Wily W Peralta,MIL,6,11,0,1,1,0,0,0,0,5,0,0,.091,.091,.182,.273
Dan D Runzler,SF,6,0,0,0,0,0,0,0,0,0,0,0,.000,.000,.000,.000
Brian B Sanches,PHI,6,1,0,0,0,0,0,0,0,1,0,0,.000,.000,.000,.000
Rob R Scahill,COL,6,1,0,0,0,0,0,0,1,0,0,0,.000,.500,.000,.500
Tyler T Skaggs,ARI,6,7,0,0,0,0,0,0,0,4,0,0,.000,.000,.000,.000
Miguel M Socolovich,CHC,6,0,0,0,0,0,0,0,0,0,0,0,.000,.000,.000,.000
Josh J Stinson,MIL,6,1,0,0,0,0,0,0,0,1,0,0,.000,.000,.000,.000
Michael M Stutes,PHI,6,0,0,0,0,0,0,0,0,0,0,0,.000,.000,.000,.000
Michael M Taylor R,OAK,6,21,2,3,1,0,0,0,0,10,0,0,.143,.143,.190,.333
Matt M Thornton,CWS,6,0,0,0,0,0,0,0,0,0,0,0,.000,.000,.000,.000
Burke B Badenhop,TB,5,1,0,0,0,0,0,0,0,1,0,0,.000,.000,.000,.000
Grant G Balfour,OAK,5,1,0,0,0,0,0,0,0,1,0,0,.000,.000,.000,.000
Alex A Burnett,MIN,5,0,0,0,0,0,0,0,0,0,0,0,.000,.000,.000,.000
Brett B Carroll C,WSH,5,2,2,0,0,0,0,0,0,0,0,0,.000,.000,.000,.000
Jesse J Crain,CWS,5,0,0,0,0,0,0,0,0,0,0,0,.000,.000,.000,.000
Wade W Davis,TB,5,2,0,1,0,0,0,0,0,1,0,0,.500,.500,.500,1.000
Juan J Diaz S,CLE,5,15,4,4,0,0,0,0,1,5,0,0,.267,.353,.267,.620
Brad B Eldred D,DET,5,16,1,3,1,1,0,1,1,6,0,0,.188,.235,.375,.610
Stephen S Fife,LAD,5,7,1,2,1,0,0,0,0,2,0,0,.286,.286,.429,.714
Armando A Galarraga,HOU,5,8,0,0,0,0,0,0,0,3,0,0,.000,.000,.000,.000
Hector H Gimenez,CWS,5,11,1,5,0,0,0,1,0,3,0,0,.455,.455,.455,.909
David D Herndon,PHI,5,1,0,0,0,0,0,0,0,1,0,0,.000,.000,.000,.000
Greg G Holland,KC,5,0,0,0,0,0,0,0,0,0,0,0,.000,.000,.000,.000
J. P. J Howell,TB,5,0,0,0,0,0,0,0,0,0,0,0,.000,.000,.000,.000
Shawn S Kelley,SEA,5,0,0,0,0,0,0,0,0,0,0,0,.000,.000,.000,.000
Cory C Luebke,SD,5,11,0,0,0,0,0,0,0,6,0,0,.000,.000,.000,.000
Jenrry J Mejia,NYM,5,3,0,0,0,0,0,1,0,2,0,0,.000,.000,.000,.000
Bryan B Morris,PIT,5,0,0,0,0,0,0,0,0,0,0,0,.000,.000,.000,.000
Joe J Nathan,TEX,5,0,0,0,0,0,0,0,0,0,0,0,.000,.000,.000,.000
Darren D Oliver,TOR,5,0,0,0,0,0,0,0,0,0,0,0,.000,.000,.000,.000
Vicente V Padilla,BOS,5,1,0,0,0,0,0,0,0,0,0,0,.000,.000,.000,.000
Brooks B Raley,CHC,5,10,0,2,0,0,0,0,0,1,0,0,.200,.200,.200,.400
Addison A Reed,CWS,5,0,0,0,0,0,0,0,0,0,0,0,.000,.000,.000,.000
Jason J Repko C,BOS,5,11,0,1,0,0,0,0,0,4,0,0,.091,.091,.091,.182
Robbie R Ross,TEX,5,2,1,0,0,0,0,0,0,1,0,0,.000,.000,.000,.000
Joe J Smith,CLE,5,0,0,0,0,0,0,0,0,0,0,0,.000,.000,.000,.000
Ali A Solis,SD,5,4,0,0,0,0,0,0,0,2,0,0,.000,.000,.000,.000
Jordan J Walden,LAA,5,0,0,0,0,0,0,0,0,0,0,0,.000,.000,.000,.000
Joe J Wieland,SD,5,8,0,2,1,0,0,2,0,2,0,0,.250,.250,.375,.625
Matt M Young L,DET,5,10,2,1,1,0,0,1,0,9,0,0,.100,.182,.200,.382
Jeremy J Accardo,CLE,4,0,0,0,0,0,0,0,0,0,0,0,.000,.000,.000,.000
Chris C Archer,TB,4,3,1,0,0,0,0,0,0,1,0,1,.000,.000,.000,.000
Luis L Ayala,BAL,4,0,0,0,0,0,0,0,0,0,0,0,.000,.000,.000,.000
Trevor T Bauer,ARI,4,4,0,0,0,0,0,0,0,1,0,0,.000,.000,.000,.000
Jason J Berken,CHC,4,5,0,0,0,0,0,0,0,1,0,0,.000,.000,.000,.000
Kyle K Blanks,SD,4,5,0,1,0,0,0,0,1,2,0,0,.200,.333,.200,.533
Jared J Burton,MIN,4,0,0,0,0,0,0,0,0,0,0,0,.000,.000,.000,.000
Luke L Carlin,CLE,4,14,2,3,1,0,0,1,0,3,1,0,.214,.214,.286,.500
D. J. D Carrasco,NYM,4,0,0,0,0,0,0,0,0,0,0,0,.000,.000,.000,.000
Bruce B Chen,KC,4,5,0,1,0,0,0,0,0,3,0,0,.200,.200,.200,.400
Robert R Coello,TOR,4,0,0,0,0,0,0,0,0,0,0,0,.000,.000,.000,.000
Ryan R Cook,OAK,4,0,0,0,0,0,0,0,0,0,0,0,.000,.000,.000,.000
Aaron A Crow,KC,4,0,0,0,0,0,0,0,0,0,0,0,.000,.000,.000,.000
Brandon B Dickson,STL,4,2,0,1,0,0,0,0,0,1,0,0,.500,.500,.500,1.000
Brian B Duensing,MIN,4,1,0,0,0,0,0,0,0,1,0,0,.000,.000,.000,.000
Jason J Frasor,TOR,4,0,0,0,0,0,0,0,0,0,0,0,.000,.000,.000,.000
Charlie C Furbush,SEA,4,0,0,0,0,0,0,0,0,0,0,0,.000,.000,.000,.000
Jeff J Gray,MIN,4,0,0,0,0,0,0,0,0,0,0,0,.000,.000,.000,.000
Eric E Hacker,SF,4,3,0,0,0,0,0,0,0,1,0,0,.000,.000,.000,.000
La Troy L Hawkins,LAA,4,0,0,0,0,0,0,0,0,0,0,0,.000,.000,.000,.000
Kelvin K Herrera,KC,4,0,0,0,0,0,0,0,0,0,0,0,.000,.000,.000,.000
Jason J Isringhausen,LAA,4,0,0,0,0,0,0,0,0,0,0,0,.000,.000,.000,.000
Jim J Johnson,BAL,4,0,0,0,0,0,0,0,0,0,0,0,.000,.000,.000,.000
Rodrigo R Lopez,CHC,4,0,0,0,0,0,0,0,0,0,0,0,.000,.000,.000,.000
Carlos C Maldonado,WSH,4,9,0,0,0,0,0,1,2,4,0,0,.000,.182,.000,.182
Adam A Moore,KC,4,11,1,2,1,0,1,2,1,3,0,0,.182,.250,.545,.796
Kristopher K Negrón Negron,CIN,4,4,2,1,0,0,0,0,1,2,0,0,.250,.400,.250,.650
Troy T Patton,BAL,4,0,0,0,0,0,0,0,0,0,0,0,.000,.000,.000,.000
Glen G Perkins,MIN,4,0,0,0,0,0,0,0,0,0,0,0,.000,.000,.000,.000
David D Robertson,NYY,4,0,0,0,0,0,0,0,0,0,0,0,.000,.000,.000,.000
Clint C Robinson,KC,4,4,0,0,0,0,0,0,0,2,0,0,.000,.000,.000,.000
Jonathan J Sánchez Sanchez,COL,4,5,0,0,0,0,0,0,0,5,0,0,.000,.000,.000,.000
Konrad K Schmidt,ARI,4,7,1,0,0,0,0,2,1,2,0,0,.000,.125,.000,.125
Nate N Spears,BOS,4,4,0,0,0,0,0,0,0,3,0,0,.000,.000,.000,.000
Pedro P Strop,BAL,4,0,0,0,0,0,0,0,0,0,0,0,.000,.000,.000,.000
Jose J Valverde,DET,4,0,0,0,0,0,0,0,0,0,0,0,.000,.000,.000,.000
Rick R Van Den Hurk,PIT,4,0,0,0,0,0,0,0,0,0,0,0,.000,.000,.000,.000
Cory C Wade,NYY,4,0,0,0,0,0,0,0,0,0,0,0,.000,.000,.000,.000
Kyle K Weiland,HOU,4,5,1,0,0,0,0,0,0,1,0,0,.000,.000,.000,.000
Tom T Wilhelmsen,SEA,4,0,0,0,0,0,0,0,0,0,0,0,.000,.000,.000,.000
Mike M Adams,TEX,3,0,0,0,0,0,0,0,0,0,0,0,.000,.000,.000,.000
Nate N Adcock,KC,3,1,0,0,0,0,0,0,0,1,0,0,.000,.000,.000,.000
Jonathan J Albaladejo,ARI,3,0,0,0,0,0,0,0,0,0,0,0,.000,.000,.000,.000
Scott S Atchison,BOS,3,0,0,0,0,0,0,0,0,0,0,0,.000,.000,.000,.000
Chad C Beck,TOR,3,0,0,0,0,0,0,0,0,0,0,0,.000,.000,.000,.000
Joaquin J Benoit,DET,3,0,0,0,0,0,0,0,0,0,0,0,.000,.000,.000,.000
Jerry J Blevins,OAK,3,0,0,0,0,0,0,0,0,0,0,0,.000,.000,.000,.000
Chris C Carpenter,STL,3,6,0,1,0,0,0,0,0,2,0,0,.167,.167,.167,.333
Francisco F Cervelli,NYY,3,1,1,0,0,0,0,0,1,0,0,0,.000,.500,.000,.500
Tony T Cingrani,CIN,3,1,0,0,0,0,0,0,0,1,0,0,.000,.000,.000,.000
Phil P Coke,DET,3,0,0,0,0,0,0,0,0,0,0,0,.000,.000,.000,.000
Louis L Coleman,KC,3,0,0,0,0,0,0,0,0,0,0,0,.000,.000,.000,.000
Tim T Collins,KC,3,1,0,0,0,0,0,0,0,0,0,0,.000,.000,.000,.000
Jorge J De La Rosa,COL,3,5,0,2,0,0,0,1,0,1,0,0,.400,.400,.400,.800
Scott S Diamond,MIN,3,7,1,1,0,0,0,0,0,4,0,0,.143,.143,.143,.286
Sean S Doolittle,OAK,3,0,0,0,0,0,0,0,0,0,0,0,.000,.000,.000,.000
Scott S Downs,LAA,3,0,0,0,0,0,0,0,0,0,0,0,.000,.000,.000,.000
Tim T Federowicz,LAD,3,3,0,1,0,0,0,0,1,2,0,0,.333,.500,.333,.833
Brandon B Guyer L,TB,3,7,2,1,0,0,1,1,0,1,0,0,.143,.143,.571,.714
Nick N Hagadone,CLE,3,0,0,0,0,0,0,0,0,0,0,0,.000,.000,.000,.000
Dan D Haren,LAA,3,4,0,0,0,0,0,0,0,2,0,0,.000,.000,.000,.000
Matt M Harrison,TEX,3,5,0,0,0,0,0,0,0,3,0,0,.000,.000,.000,.000
Casey C Janssen,TOR,3,0,0,0,0,0,0,0,0,0,0,0,.000,.000,.000,.000
Steven S Lerud,PHI,3,10,1,2,0,0,0,0,0,2,0,0,.200,.200,.200,.400
Derek D Lowe,NYY,3,4,0,2,0,0,0,0,0,0,0,0,.500,.500,.500,1.000
Lucas L Luetge,SEA,3,0,0,0,0,0,0,0,0,0,0,0,.000,.000,.000,.000
Luis L Marte,DET,3,1,0,0,0,0,0,0,0,0,0,0,.000,.000,.000,.000
Kevin K Mattison,MIA,3,5,0,0,0,0,0,0,0,2,0,0,.000,.000,.000,.000
Mark M Melancon,BOS,3,0,0,0,0,0,0,0,0,0,0,0,.000,.000,.000,.000
Melky M Mesa,NYY,3,2,0,1,0,0,0,1,0,0,0,0,.500,.500,.500,1.000
Tsuyoshi T Nishioka,MIN,3,12,0,0,0,0,0,1,1,1,0,0,.000,.071,.000,.071
Ivan I Nova,NYY,3,7,0,1,0,0,0,0,0,6,0,0,.143,.143,.143,.286
Darren D O' Day,BAL,3,0,0,0,0,0,0,0,0,0,0,0,.000,.000,.000,.000
Matt M Palmer,SD,3,0,0,0,0,0,0,0,0,0,0,0,.000,.000,.000,.000
Jarrod J Parker,OAK,3,6,0,0,0,0,0,0,0,4,0,0,.000,.000,.000,.000
David D Pauley,TOR,3,0,0,0,0,0,0,0,0,0,0,0,.000,.000,.000,.000
Mike M Pelfrey,NYM,3,6,1,1,1,0,0,0,0,0,0,0,.167,.167,.333,.500
Ramiro R Pena,NYY,3,4,0,1,0,0,0,0,0,0,0,0,.250,.250,.250,.500
Chris C Perez,CLE,3,0,0,0,0,0,0,0,0,0,0,0,.000,.000,.000,.000
Luis L Perez,TOR,3,0,0,0,0,0,0,0,0,0,0,0,.000,.000,.000,.000
Oliver O Pérez Perez,SEA,3,0,0,0,0,0,0,0,0,0,0,0,.000,.000,.000,.000
Andy A Pettitte,NYY,3,4,0,1,0,0,0,0,0,2,0,0,.250,.250,.250,.500
Sandy S Rosario,MIA,3,0,0,0,0,0,0,0,0,0,0,0,.000,.000,.000,.000
Omir O Santos,DET,3,8,0,1,0,0,0,1,0,1,0,0,.125,.111,.125,.236
Tanner T Scheppers,TEX,3,0,0,0,0,0,0,0,0,0,0,0,.000,.000,.000,.000
Chris C Schwinden,NYM,3,4,0,1,0,0,0,1,0,1,0,0,.250,.250,.250,.500
Anthony A Swarzak,MIN,3,2,0,0,0,0,0,0,0,1,0,0,.000,.000,.000,.000
Justin J Verlander,DET,3,4,0,0,0,0,0,0,0,1,0,0,.000,.000,.000,.000
Carlos C Villanueva,TOR,3,2,1,1,0,0,0,0,0,0,0,0,.500,.500,.500,1.000
Brayan B Villarreal,DET,3,0,0,0,0,0,0,0,0,0,0,0,.000,.000,.000,.000
Jake J Arrieta,BAL,2,3,0,0,0,0,0,0,1,2,0,0,.000,.250,.000,.250
Edwar E Cabrera,COL,2,1,0,0,0,0,0,0,0,1,0,0,.000,.000,.000,.000
Matt M Capps,MIN,2,0,0,0,0,0,0,0,0,0,0,0,.000,.000,.000,.000
Joba J Chamberlain,NYY,2,0,0,0,0,0,0,0,0,0,0,0,.000,.000,.000,.000
Jesse J Chavez,TOR,2,2,0,0,0,0,0,0,0,2,0,0,.000,.000,.000,.000
Wei- Yin W Chen,BAL,2,3,0,0,0,0,0,0,0,2,0,0,.000,.000,.000,.000
Bartolo B Colon,OAK,2,4,0,0,0,0,0,0,0,3,0,0,.000,.000,.000,.000
Roman R Colon,KC,2,1,0,0,0,0,0,0,0,0,0,0,.000,.000,.000,.000
John J Ely,LAD,2,0,0,0,0,0,0,0,0,0,0,0,.000,.000,.000,.000
Dana D Eveland,BAL,2,0,0,0,0,0,0,0,0,0,0,0,.000,.000,.000,.000
Scott S Feldman,TEX,2,4,0,1,0,0,0,1,0,2,0,0,.250,.250,.250,.500
Tommy T Field,COL,2,2,0,0,0,0,0,0,1,1,0,0,.000,.333,.000,.333
Brandon B Gomes,TB,2,1,0,0,0,0,0,1,1,1,0,0,.000,.500,.000,.500
Jeanmar J Gómez Gomez,CLE,2,4,0,1,0,0,0,0,0,1,0,0,.250,.250,.250,.500
Kevin K Gregg,BAL,2,0,0,0,0,0,0,0,0,0,0,0,.000,.000,.000,.000
Jason J Hammel,BAL,2,4,0,0,0,0,0,0,0,3,0,0,.000,.000,.000,.000
Liam L Hendriks,MIN,2,2,0,0,0,0,0,0,0,1,0,0,.000,.000,.000,.000
Luis L Hernandez,TEX,2,2,0,0,0,0,0,0,0,0,0,0,.000,.000,.000,.000
Luke L Hochevar,KC,2,5,0,1,0,0,0,0,0,1,0,0,.200,.200,.200,.400
L. J. L Hoes,BAL,2,1,0,0,0,0,0,0,0,0,0,0,.000,.000,.000,.000
Philip P Humber,CWS,2,5,0,1,0,0,0,1,0,2,0,0,.200,.200,.200,.400
Hisashi H Iwakuma,SEA,2,0,0,0,0,0,0,0,0,0,0,0,.000,.000,.000,.000
Ubaldo U Jiménez Jimenez,CLE,2,5,0,0,0,0,0,0,0,5,0,0,.000,.000,.000,.000
Aaron A Laffey,TOR,2,1,0,0,0,0,0,0,0,0,0,0,.000,.000,.000,.000
Ryan R Langerhans L,LAA,2,1,0,0,0,0,0,0,0,1,0,0,.000,.000,.000,.000
Jon J Lester,BOS,2,5,0,0,0,0,0,0,0,3,0,0,.000,.000,.000,.000
Francisco F Liriano,MIN,2,3,0,0,0,0,0,0,0,2,0,0,.000,.000,.000,.000
Mark M Lowe,TEX,2,0,0,0,0,0,0,0,0,0,0,0,.000,.000,.000,.000
Joe J Mahoney,BAL,2,4,0,0,0,0,0,0,0,0,0,0,.000,.000,.000,.000
Jeff J Manship,MIN,2,0,0,0,0,0,0,0,0,0,0,0,.000,.000,.000,.000
Brian B Matusz,BAL,2,4,0,1,0,0,0,0,0,2,0,0,.250,.250,.250,.500
Vin V Mazzaro,KC,2,4,0,2,0,0,0,1,0,2,0,0,.500,.500,.500,1.000
Andrew A Miller,BOS,2,0,0,0,0,0,0,0,0,0,0,0,.000,.000,.000,.000
Jim J Miller,OAK,2,0,0,0,0,0,0,0,0,0,0,0,.000,.000,.000,.000
Kevin K Millwood,SEA,2,5,0,0,0,0,0,0,0,4,0,0,.000,.000,.000,.000
Tommy T Milone,OAK,2,5,1,1,0,0,0,2,0,1,0,0,.200,.200,.200,.400
Matt M Moore,TB,2,4,0,0,0,0,0,1,0,2,0,0,.000,.000,.000,.000
Franklin F Morales,BOS,2,2,0,1,0,0,0,0,0,1,0,0,.500,.500,.500,1.000
Chris C Narveson,MIL,2,3,0,0,0,0,0,0,0,2,0,0,.000,.000,.000,.000
Hector H Noesí Noesi,SEA,2,4,0,2,0,0,0,0,0,2,0,0,.500,.500,.500,1.000
Jordan J Norberto,OAK,2,0,0,0,0,0,0,0,0,0,0,0,.000,.000,.000,.000
Alexi A Ogando,TEX,2,2,0,1,0,0,0,0,0,1,0,0,.500,.500,.500,1.000
Rafael R Ortega C,COL,2,4,0,2,0,0,0,0,1,2,1,0,.500,.667,.500,1.167
Jake J Peavy,CWS,2,5,1,0,0,0,0,1,0,3,0,0,.000,.000,.000,.000
Hernan H Pérez,DET,2,2,1,1,0,0,0,0,0,0,0,0,.500,.500,.500,1.000
Vinnie V Pestano,CLE,2,0,0,0,0,0,0,0,0,0,0,0,.000,.000,.000,.000
Rick R Porcello,DET,2,2,0,0,0,0,0,0,0,1,0,0,.000,.000,.000,.000
David D Price,TB,2,4,0,0,0,0,0,0,1,2,0,0,.000,.200,.000,.200
Zach Z Putnam,COL,2,0,0,0,0,0,0,0,0,0,0,0,.000,.000,.000,.000
Jose J Quintana,CWS,2,3,0,0,0,0,0,0,1,3,0,0,.000,.250,.000,.250
Guillermo G Quiroz,BOS,2,2,0,0,0,0,0,0,0,1,0,0,.000,.000,.000,.000
Cesar C Ramos,TB,2,1,0,0,0,0,0,0,0,1,0,0,.000,.000,.000,.000
Eddy E Rodriguez,SD,2,5,1,1,0,0,1,1,2,3,0,0,.200,.429,.800,1.229
Ricky R Romero,TOR,2,5,1,1,0,0,0,0,0,2,0,0,.200,.200,.200,.400
C Sabathia,NYY,2,5,0,0,0,0,0,0,0,1,0,0,.000,.000,.000,.000
Ervin E Santana,LAA,2,4,0,0,0,0,0,0,0,4,0,0,.000,.000,.000,.000
Hector H Santiago,CWS,2,0,0,0,0,0,0,0,0,0,0,0,.000,.000,.000,.000
Max M Scherzer,DET,2,2,0,0,0,0,0,0,0,1,0,0,.000,.000,.000,.000
James J Shields,TB,2,5,0,1,0,0,0,1,0,1,0,0,.200,.200,.200,.400
Tony T Sipp,CLE,2,0,0,0,0,0,0,0,0,0,0,0,.000,.000,.000,.000
Zach Z Stewart,CWS,2,0,0,0,0,0,0,0,0,0,0,0,.000,.000,.000,.000
Julio J Teheran,ATL,2,1,0,0,0,0,0,0,1,0,0,0,.000,.500,.000,.500
Josh J Tomlin,CLE,2,5,0,2,0,0,0,0,0,3,0,0,.400,.400,.400,.800
Koji K Uehara,TEX,2,0,0,0,0,0,0,0,0,0,0,0,.000,.000,.000,.000
Jason J Vargas,SEA,2,5,2,2,0,0,0,1,1,2,0,0,.400,.500,.400,.900
Brian B Wilson,SF,2,0,0,0,0,0,0,0,0,0,0,0,.000,.000,.000,.000
C. J. C Wilson,LAA,2,5,0,0,0,0,0,0,1,1,0,0,.000,.167,.000,.167
Henderson H Alvarez,TOR,1,1,0,0,0,0,0,0,0,1,0,0,.000,.000,.000,.000
Daniel D Bard,BOS,1,2,0,0,0,0,0,0,0,1,0,0,.000,.000,.000,.000
Scott S Barnes,CLE,1,0,0,0,0,0,0,0,0,0,0,0,.000,.000,.000,.000
Blake B Beavan,SEA,1,2,0,0,0,0,0,0,0,1,0,0,.000,.000,.000,.000
Duane D Below,DET,1,1,0,0,0,0,0,0,0,0,0,0,.000,.000,.000,.000
Nick N Blackburn,MIN,1,2,0,0,0,0,0,0,0,1,0,0,.000,.000,.000,.000
Tyson T Brummett,PHI,1,0,0,0,0,0,0,0,0,0,0,0,.000,.000,.000,.000
Clay C Buchholz,BOS,1,2,0,0,0,0,0,0,0,1,0,0,.000,.000,.000,.000
David D Carpenter,LAA,1,0,0,0,0,0,0,0,0,0,0,0,.000,.000,.000,.000
Joel J Carreno,TOR,1,1,0,0,0,0,0,0,0,0,0,0,.000,.000,.000,.000
Brett B Cecil,TOR,1,2,0,0,0,0,0,0,0,2,0,0,.000,.000,.000,.000
John J Danks,CWS,1,3,0,0,0,0,0,0,0,0,0,0,.000,.000,.000,.000
Yu Y Darvish,TEX,1,3,0,1,0,0,0,0,0,1,0,0,.333,.333,.333,.667
Rubby R De La Rosa,LAD,1,0,0,0,0,0,0,0,0,0,0,0,.000,.000,.000,.000
Steve S Delabar,SEA,1,0,0,0,0,0,0,0,0,0,0,0,.000,.000,.000,.000
Sam S Demel,ARI,1,0,0,0,0,0,0,0,0,0,0,0,.000,.000,.000,.000
Octavio O Dotel,DET,1,0,0,0,0,0,0,0,0,0,0,0,.000,.000,.000,.000
Felix F Doubront,BOS,1,1,0,0,0,0,0,0,0,0,0,0,.000,.000,.000,.000
Kyle K Drabek,TOR,1,2,0,0,0,0,0,0,0,1,0,0,.000,.000,.000,.000
Jack J Egbert,NYM,1,0,0,0,0,0,0,0,0,0,0,0,.000,.000,.000,.000
Neftali N Feliz,TEX,1,2,0,0,0,0,0,0,0,1,0,0,.000,.000,.000,.000
Pedro P Figueroa,OAK,1,0,0,0,0,0,0,0,0,0,0,0,.000,.000,.000,.000
Doug D Fister,DET,1,2,0,0,0,0,0,0,0,1,0,0,.000,.000,.000,.000
Gavin G Floyd,CWS,1,1,0,0,0,0,0,0,0,0,0,0,.000,.000,.000,.000
Freddy F Garcia,NYY,1,1,0,0,0,0,0,0,0,1,0,0,.000,.000,.000,.000
Adam A Greenberg,MIA,1,1,0,0,0,0,0,0,0,1,0,0,.000,.000,.000,.000
Brad B Hand,MIA,1,1,0,0,0,0,0,0,0,0,0,0,.000,.000,.000,.000
Jeremy J Hellickson,TB,1,1,0,0,0,0,0,0,0,0,0,0,.000,.000,.000,.000
Felix F Hernández Hernandez,SEA,1,3,0,1,1,0,0,2,0,1,0,0,.333,.333,.667,1.000
Rich R Hill,BOS,1,0,0,0,0,0,0,0,0,0,0,0,.000,.000,.000,.000
Derek D Holland,TEX,1,2,0,0,0,0,0,0,0,1,0,0,.000,.000,.000,.000
Phil P Hughes,NYY,1,2,0,0,0,0,0,0,0,1,0,0,.000,.000,.000,.000
Tommy T Hunter,BAL,1,2,0,0,0,0,0,0,0,1,0,0,.000,.000,.000,.000
Drew D Hutchison,TOR,1,2,0,0,0,0,0,0,0,0,0,0,.000,.000,.000,.000
Hiroki H Kuroda,NYY,1,2,0,0,0,0,0,0,0,1,0,0,.000,.000,.000,.000
Colby C Lewis,TEX,1,4,0,2,0,0,0,2,0,2,0,0,.500,.500,.500,1.000
Aaron A Loup,TOR,1,1,0,0,0,0,0,0,0,0,0,0,.000,.000,.000,.000
Joe J Martinez,ARI,1,0,0,0,0,0,0,0,0,0,0,0,.000,.000,.000,.000
Justin J Masterson,CLE,1,2,0,0,0,0,0,0,0,1,0,0,.000,.000,.000,.000
Daisuke D Matsuzaka,BOS,1,2,0,0,0,0,0,0,0,1,0,0,.000,.000,.000,.000
Daniel D Mc Cutchen,PIT,1,0,0,0,0,0,0,0,0,0,0,0,.000,.000,.000,.000
Luis L Mendoza,KC,1,2,0,0,0,0,0,0,0,2,0,0,.000,.000,.000,.000
D. J. D Mitchell,NYY,1,0,0,0,0,0,0,0,0,0,0,0,.000,.000,.000,.000
Clayton C Mortensen,BOS,1,1,0,0,0,0,0,0,0,1,0,0,.000,.000,.000,.000
Dustin D Moseley,SD,1,1,0,0,0,0,0,0,0,0,0,0,.000,.000,.000,.000
Will W Ohman,CWS,1,0,0,0,0,0,0,0,0,0,0,0,.000,.000,.000,.000
Garrett G Olson,NYM,1,0,0,0,0,0,0,0,0,0,0,0,.000,.000,.000,.000
Jose J Ortega,DET,1,0,0,0,0,0,0,0,0,0,0,0,.000,.000,.000,.000
Carl C Pavano,MIN,1,2,0,0,0,0,0,0,0,1,0,0,.000,.000,.000,.000
Yusmeiro Y Petit,SF,1,1,0,0,0,0,0,0,0,1,0,0,.000,.000,.000,.000
Manny M Piña Pina,KC,1,2,0,0,0,0,0,0,0,0,0,0,.000,.000,.000,.000
Erasmo E Ramírez Ramirez,SEA,1,3,0,0,0,0,0,0,0,1,0,0,.000,.000,.000,.000
Todd T Redmond,CIN,1,1,0,0,0,0,0,0,0,1,0,0,.000,.000,.000,.000
Garrett G Richards,LAA,1,2,0,0,0,0,0,0,0,1,0,0,.000,.000,.000,.000
Mariano M Rivera,NYY,1,0,0,0,0,0,0,0,0,0,0,0,.000,.000,.000,.000
Aneury A Rodriguez,HOU,1,1,0,1,0,0,0,0,0,0,0,0,1.000,1.000,1.000,2.000
Tyson T Ross,OAK,1,2,0,0,0,0,0,0,0,1,0,0,.000,.000,.000,.000
Chris C Sale,CWS,1,2,0,0,0,0,0,0,0,2,0,0,.000,.000,.000,.000
Josh J Satin,NYM,1,1,0,0,0,0,0,0,0,1,0,0,.000,.000,.000,.000
Evan E Scribner,OAK,1,0,0,0,0,0,0,0,0,0,0,0,.000,.000,.000,.000
Leyson L Septimo,CWS,1,0,0,0,0,0,0,0,0,0,0,0,.000,.000,.000,.000
Drew D Smyly,DET,1,1,0,0,0,0,0,0,0,0,0,0,.000,.000,.000,.000
Tim T Stauffer,SD,1,1,0,0,0,0,0,1,0,0,0,0,.000,.000,.000,.000
Pedro P Villarreal,CIN,1,0,0,0,0,0,0,0,0,0,0,0,.000,.000,.000,.000
Jered J Weaver,LAA,1,2,1,1,0,0,0,0,1,1,0,0,.500,.667,.500,1.167
Jerome J Williams,LAA,1,4,1,1,1,0,0,0,0,0,0,0,.250,.250,.500,.750
