PLAYER,TEAM,AB,R,H,2B,3B,HR,RBI,BB,SO,SB,CS,AVG,OBP,SLG,OPS
Jeff J Francoeur R,ATL,162,651,83,169,24,6,29,103,23,132,1,6,.260,.293,.449,.742
Juan J Pierre C,CHC,162,699,87,204,32,13,3,40,32,38,58,20,.292,.330,.388,.717
Grady G Sizemore C,CLE,162,655,134,190,53,11,28,76,78,153,22,6,.290,.375,.533,.908
Mark M Teixeira,TEX,162,628,99,177,45,1,33,110,89,128,2,0,.282,.371,.514,.886
Miguel M Tejada S,BAL,162,648,99,214,37,0,24,100,46,79,6,2,.330,.379,.498,.878
Michael M Young S,TEX,162,691,93,217,52,3,14,103,48,96,7,3,.314,.356,.459,.814
Carlos C Lee L,TEX,161,624,102,187,37,1,37,116,58,65,19,2,.300,.355,.540,.896
Ichiro I Suzuki R,SEA,161,695,110,224,20,9,9,49,49,71,45,2,.322,.370,.416,.786
Adam A Dunn L,CIN,160,561,99,131,24,0,40,92,112,194,7,0,.234,.365,.490,.855
Pedro P Feliz,SF,160,603,75,147,35,5,22,98,33,112,1,1,.244,.281,.428,.709
Chase C Utley,PHI,160,658,131,203,40,4,32,102,63,132,15,4,.309,.379,.527,.906
Jason J Bay L,PIT,159,570,101,163,29,3,35,109,102,156,11,2,.286,.396,.532,.928
Rafael R Furcal S,LAD,159,654,113,196,32,9,15,63,73,98,37,13,.300,.369,.445,.814
Curtis C Granderson,DET,159,596,90,155,31,9,19,68,66,174,8,5,.260,.335,.438,.773
Ryan R Howard,PHI,159,581,104,182,25,1,58,149,108,181,0,0,.313,.425,.659,1.084
Raul R Ibanez L,SEA,159,626,103,181,33,5,33,123,65,115,2,4,.289,.353,.516,.869
Brandon B Inge,DET,159,542,83,137,29,2,27,83,43,128,7,4,.253,.313,.463,.776
Alfonso A Soriano L,WSH,159,647,119,179,41,2,46,95,67,160,41,17,.277,.351,.560,.911
Miguel M Cabrera,FLA,158,576,112,195,50,2,26,114,86,108,9,6,.339,.430,.568,.998
Brian B Giles R,SD,158,604,87,159,37,1,14,83,104,60,9,4,.263,.374,.397,.771
Hanley H Ramirez S,FLA,158,633,119,185,46,11,17,59,56,128,51,15,.292,.353,.480,.833
Jimmy J Rollins S,PHI,158,689,127,191,45,9,25,83,57,80,36,4,.277,.334,.478,.811
Richie R Sexson,SEA,158,591,75,156,40,0,34,107,64,154,1,1,.264,.338,.504,.842
Garrett G Atkins,COL,157,602,117,198,48,1,29,120,79,76,4,0,.329,.409,.556,.965
Yuniesky Y Betancourt S,SEA,157,558,68,161,28,6,8,47,17,54,11,8,.289,.310,.403,.714
Prince P Fielder,MIL,157,569,82,154,35,1,28,81,59,125,7,2,.271,.347,.483,.830
Orlando O Hudson,ARI,157,579,87,166,34,9,15,67,61,78,9,6,.287,.354,.454,.809
Justin J Morneau,MIN,157,592,97,190,37,1,34,130,53,93,3,3,.321,.375,.559,.934
Lyle L Overbay,TOR,157,581,82,181,46,1,22,92,55,96,5,3,.312,.372,.508,.880
Aramis A Ramirez,CHC,157,594,93,173,38,4,38,119,50,63,2,1,.291,.352,.561,.912
Freddy F Sanchez,PIT,157,582,85,200,53,2,6,85,31,52,3,2,.344,.378,.473,.851
Nick N Swisher,OAK,157,556,106,141,24,2,35,95,97,152,1,2,.254,.372,.493,.864
Ryan R Zimmerman,WSH,157,614,84,176,47,3,20,110,61,120,11,8,.287,.351,.471,.822
Bobby B Abreu R,NYY,156,548,98,163,41,2,15,107,124,138,30,6,.297,.424,.462,.886
Adrian A Beltré,SEA,156,620,88,166,39,4,25,89,47,118,11,5,.268,.328,.465,.792
Adrian A González,SD,156,570,83,173,38,1,24,82,52,113,0,1,.304,.362,.500,.862
Vladimir V Guerrero R,LAA,156,607,92,200,34,1,33,116,50,68,15,5,.329,.382,.552,.934
Andruw A Jones C,ATL,156,565,107,148,29,0,41,129,82,127,4,1,.262,.363,.531,.894
Felipe F Lopez S,WSH,156,617,98,169,27,3,11,52,81,126,44,12,.274,.358,.381,.739
Chone C Figgins,LAA,155,604,93,161,23,8,9,62,65,100,52,16,.267,.336,.376,.712
Aaron A Hill,TOR,155,546,70,159,28,3,6,50,42,66,5,2,.291,.349,.386,.735
Matt M Holliday L,COL,155,602,119,196,45,5,34,114,47,110,10,5,.326,.387,.586,.973
Mark M Loretta,BOS,155,635,75,181,33,0,5,59,49,63,4,1,.285,.345,.361,.706
Melvin M Mora,BAL,155,624,96,171,25,0,16,83,54,99,11,1,.274,.342,.391,.733
Magglio M Ordonez R,DET,155,593,82,177,32,1,24,104,45,87,1,4,.298,.350,.477,.827
Derek D Jeter S,NYY,154,623,118,214,39,3,14,97,69,102,34,5,.343,.417,.483,.900
Alex A Rodriguez,NYY,154,572,113,166,26,1,35,121,90,139,15,4,.290,.392,.523,.914
Chad C Tracy,ARI,154,597,91,168,41,0,20,80,54,129,5,1,.281,.343,.451,.794
Dan D Uggla,FLA,154,611,105,172,26,7,27,90,48,123,6,6,.282,.339,.480,.818
Vernon V Wells C,TOR,154,611,91,185,40,5,32,106,54,90,17,4,.303,.357,.542,.899
David D Wright,NYM,154,582,96,181,40,5,26,116,66,113,20,5,.311,.381,.531,.912
Orlando O Cabrera S,LAA,153,607,95,171,45,1,9,72,51,58,27,3,.282,.335,.404,.738
Juan J Encarnacion R,STL,153,557,74,155,25,5,19,79,30,86,6,5,.278,.317,.443,.760
Troy T Glaus,TOR,153,540,105,136,27,0,38,104,86,134,3,2,.252,.355,.513,.868
Luis L Gonzalez,ARI,153,586,93,159,52,2,15,73,69,58,0,1,.271,.352,.444,.796
Carlos C Guillen S,DET,153,543,100,174,41,5,19,85,71,87,20,9,.320,.400,.519,.920
Mike M Lowell,BOS,153,573,79,163,47,1,20,80,47,61,2,2,.284,.339,.475,.814
Victor V Martinez,CLE,153,572,82,181,37,0,16,93,71,78,0,0,.316,.391,.465,.856
Jose J Reyes S,NYM,153,647,122,194,30,17,19,81,53,81,64,17,.300,.354,.487,.841
Shane S Victorino C,PHI,153,415,70,119,19,8,6,46,24,54,4,3,.287,.346,.414,.760
Omar O Vizquel S,SF,153,579,88,171,22,10,4,58,56,51,24,7,.295,.361,.389,.749
Lance L Berkman,HOU,152,536,95,169,29,0,45,136,98,106,3,2,.315,.420,.621,1.041
Hank H Blalock,TEX,152,591,76,157,26,3,16,89,51,98,1,0,.266,.325,.401,.726
Paul P Konerko,CWS,152,566,97,177,30,0,35,113,60,104,1,0,.313,.381,.551,.932
Ronny R Cedeno S,CHC,151,534,51,131,18,7,6,41,17,109,8,8,.245,.271,.339,.610
Carl C Crawford L,TB,151,600,89,183,20,16,18,77,37,85,58,9,.305,.348,.482,.830
Jose J Lopez,SEA,151,603,78,170,28,8,10,79,26,80,5,2,.282,.319,.405,.724
David D Ortiz,BOS,151,558,115,160,29,2,54,137,119,117,1,0,.287,.413,.636,1.049
Josh J Barfield,SD,150,539,72,151,32,3,13,58,30,81,21,5,.280,.318,.423,.741
Joe J Crede,CWS,150,544,76,154,31,0,30,94,28,58,0,2,.283,.323,.506,.828
Michael M Cuddyer R,MIN,150,557,102,158,41,5,24,109,62,130,6,0,.284,.362,.504,.867
Adam A Everett S,HOU,150,514,52,123,28,6,6,59,34,71,9,6,.239,.290,.352,.642
Brad B Hawpe R,COL,150,499,67,146,33,6,22,84,74,123,5,5,.293,.383,.515,.898
Austin A Kearns R,WSH,150,537,86,142,33,2,24,86,76,135,9,4,.264,.363,.467,.830
Johnny J Damon C,NYY,149,593,115,169,35,5,24,80,67,85,25,10,.285,.359,.482,.841
Shawn S Green R,NYM,149,530,73,147,31,3,15,66,45,82,4,4,.277,.344,.432,.776
Jacque J Jones R,CHC,149,533,73,152,31,1,27,81,35,116,9,1,.285,.334,.499,.833
Adam A La Roche,ATL,149,492,89,140,38,1,32,90,55,128,0,2,.285,.354,.561,.915
Jhonny J Peralta S,CLE,149,569,84,146,28,3,13,68,56,152,0,1,.257,.323,.385,.708
Brandon B Phillips,CIN,149,536,65,148,28,1,17,75,35,88,25,2,.276,.324,.427,.751
Edgar E Renteria S,ATL,149,598,100,175,40,2,14,70,62,89,17,6,.293,.361,.436,.797
Willy W Taveras C,HOU,149,529,83,147,19,5,1,30,34,88,33,9,.278,.333,.338,.672
Randy R Winn,SF,149,573,82,150,34,5,11,56,48,63,10,8,.262,.324,.396,.720
Jose J Castillo,PIT,148,518,54,131,25,0,14,65,32,98,6,4,.253,.299,.382,.682
Bill B Hall S,MIL,148,537,101,145,39,4,35,85,63,162,8,9,.270,.345,.553,.898
Ronnie R Belliard,STL,147,544,63,148,30,1,13,67,36,81,2,3,.272,.322,.403,.724
Emil E Brown L,KC,147,527,77,151,41,2,15,81,59,95,6,3,.287,.358,.457,.815
Torii T Hunter C,MIN,147,557,86,155,21,2,31,98,45,108,12,6,.278,.336,.490,.826
Geoff G Jenkins R,MIL,147,484,62,131,26,1,17,70,56,129,4,1,.271,.357,.434,.791
Nick N Johnson,WSH,147,500,100,145,46,0,23,77,110,99,10,3,.290,.428,.520,.948
Nick N Markakis R,BAL,147,491,72,143,25,2,16,62,43,72,2,0,.291,.351,.448,.799
Gary G Matthews C,TEX,147,620,102,194,44,6,19,79,58,99,10,7,.313,.371,.495,.866
Craig C Monroe L,DET,147,541,89,138,35,2,28,92,37,126,2,2,.255,.301,.482,.783
Kevin K Youkilis,BOS,147,569,100,159,42,2,13,72,91,120,5,2,.279,.381,.429,.810
J. D. J Drew R,LAD,146,494,84,140,34,6,20,100,89,106,2,3,.283,.393,.498,.891
Jermaine J Dye R,CWS,146,539,103,170,27,3,44,120,59,118,7,3,.315,.385,.622,1.006
David D Bell,MIL,145,504,60,136,27,4,10,63,50,68,3,1,.270,.337,.399,.736
Craig C Biggio,HOU,145,548,79,135,33,0,21,62,40,84,3,2,.246,.306,.422,.727
Todd T Helton,COL,145,546,94,165,40,5,15,81,91,64,3,2,.302,.404,.476,.880
Ben B Broussard D,SEA,144,432,61,125,21,0,21,63,26,103,2,1,.289,.331,.484,.815
Pat P Burrell L,PHI,144,462,80,119,24,1,29,95,98,131,0,0,.258,.388,.502,.890
Carlos C Delgado,NYM,144,524,89,139,30,2,38,114,74,120,0,0,.265,.361,.548,.909
Ramon R Hernandez,BAL,144,501,66,138,29,2,23,91,43,79,1,0,.275,.343,.479,.822
Kenji K Johjima,SEA,144,506,61,147,25,1,18,76,20,46,3,1,.291,.332,.451,.783
Matt M Murton L,CHC,144,455,70,135,22,3,13,62,45,62,5,2,.297,.365,.444,.809
Wilson W Betemit,LAD,143,373,49,98,23,0,18,53,36,102,3,1,.263,.326,.469,.795
Eric E Byrnes C,ARI,143,562,82,150,37,3,26,79,34,88,25,3,.267,.313,.482,.795
Jason J Kendall,OAK,143,552,76,163,23,0,1,50,53,54,11,5,.295,.367,.342,.709
Jorge J Posada,NYY,143,465,65,129,27,2,23,93,64,97,3,0,.277,.374,.492,.867
Albert A Pujols,STL,143,535,119,177,33,1,49,137,92,50,7,2,.331,.431,.671,1.102
Jim J Thome D,CWS,143,490,108,141,26,0,42,109,107,147,0,0,.288,.416,.598,1.014
Luis L Castillo,MIN,142,584,84,173,22,6,3,49,56,58,25,11,.296,.358,.370,.728
Jeff J Conine R,PHI,142,489,54,131,26,4,10,66,40,65,3,2,.268,.325,.399,.724
Jay J Payton L,OAK,142,557,78,165,32,3,10,59,22,52,8,4,.296,.325,.418,.743
Scott S Rolen,STL,142,521,94,154,48,1,22,95,56,69,7,4,.296,.369,.518,.887
Josh J Willingham L,FLA,142,502,62,139,28,2,26,74,54,109,2,0,.277,.356,.496,.852
Jack J Wilson S,PIT,142,543,70,148,27,1,8,35,33,65,4,3,.273,.316,.370,.686
Garret G Anderson L,LAA,141,543,63,152,28,2,17,85,38,95,1,0,.280,.323,.433,.756
Mike M Cameron C,SD,141,552,88,148,34,9,22,83,71,142,25,9,.268,.355,.482,.837
Marcus M Giles,ATL,141,550,87,144,32,2,11,60,62,105,10,5,.262,.341,.387,.729
Scott S Hatteberg,CIN,141,456,62,132,28,0,13,51,74,41,2,2,.289,.389,.436,.826
Shea S Hillenbrand,SF,141,530,73,147,27,1,21,68,21,80,1,2,.277,.313,.451,.764
Carlos C Beltrán Beltran,NYM,140,510,127,140,38,1,41,116,95,99,18,3,.275,.388,.594,.982
Wes W Helms,FLA,140,240,30,79,19,5,10,47,21,55,0,4,.329,.390,.575,.965
Conor C Jackson,ARI,140,485,75,141,26,1,15,79,54,73,1,0,.291,.368,.441,.809
Joe J Mauer,MIN,140,521,86,181,36,4,13,84,79,54,8,3,.347,.429,.507,.936
A. J. A Pierzynski,CWS,140,509,65,150,24,0,16,64,22,72,1,0,.295,.333,.436,.770
Brad B Ausmus,HOU,139,439,37,101,16,1,2,39,45,71,3,1,.230,.308,.285,.593
Steve S Finley C,SF,139,426,66,105,21,12,6,40,46,55,7,0,.246,.320,.394,.714
Jason J Giambi D,NYY,139,446,92,113,25,0,37,113,110,106,2,0,.253,.413,.558,.971
Adam A Kennedy,LAA,139,451,50,123,26,6,4,55,39,72,16,10,.273,.334,.384,.718
Scott S Podsednik L,CWS,139,524,86,137,27,6,3,45,54,96,40,19,.261,.330,.353,.684
Brady B Clark C,MIL,138,415,51,109,14,2,4,29,43,60,3,4,.263,.348,.335,.683
Tadahito T Iguchi,CWS,138,555,97,156,24,0,18,67,59,110,11,5,.281,.352,.422,.774
Brian B Roberts,BAL,138,563,85,161,34,3,10,55,55,66,36,7,.286,.347,.410,.757
Todd T Walker,SD,138,442,56,123,22,2,9,53,55,38,2,1,.278,.356,.398,.754
Eric E Chavez,OAK,137,485,74,117,24,2,22,72,84,100,3,0,.241,.351,.435,.786
Royce R Clayton S,CIN,137,454,49,117,30,1,2,40,30,85,14,6,.258,.307,.341,.648
Ray R Durham,SF,137,498,79,146,30,7,26,93,51,61,7,2,.293,.360,.538,.898
Frank F Thomas D,OAK,137,466,77,126,11,0,39,114,81,81,0,0,.270,.381,.545,.926
Jose J Valentin,NYM,137,384,56,104,24,3,18,62,37,71,6,2,.271,.330,.490,.820
Jamey J Carroll,COL,136,463,84,139,23,5,5,36,56,66,10,12,.300,.377,.404,.781
Mark M De Rosa R,TEX,136,520,78,154,40,2,13,74,44,102,4,4,.296,.357,.456,.812
Mike M Jacobs,FLA,136,469,54,123,37,1,20,77,45,105,3,0,.262,.325,.473,.798
Ivan I Rodriguez,DET,136,547,74,164,28,4,13,69,26,86,8,3,.300,.332,.437,.768
Aaron A Miles,STL,135,426,48,112,20,5,2,30,38,42,2,1,.263,.324,.347,.672
Corey C Patterson,BAL,135,463,75,128,19,5,16,53,21,94,45,9,.276,.314,.443,.757
Nick N Punto,MIN,135,459,73,133,21,7,1,45,47,68,17,5,.290,.352,.373,.725
Preston P Wilson R,STL,135,501,58,132,25,2,17,72,29,121,12,2,.263,.307,.423,.730
Brian B Anderson C,CWS,134,365,46,82,23,1,8,33,30,90,4,7,.225,.290,.359,.649
Marlon M Anderson L,LAD,134,279,43,83,16,4,12,38,25,49,4,6,.297,.354,.513,.866
Joey J Gathright C,KC,134,383,59,91,12,3,1,41,42,75,22,9,.238,.321,.292,.614
Mark M Grudzielanek,KC,134,548,85,163,32,4,7,52,28,69,3,2,.297,.331,.409,.740
Reed R Johnson L,TOR,134,461,86,147,34,2,12,49,33,81,8,2,.319,.390,.479,.869
So S Taguchi L,STL,134,316,46,84,19,1,2,31,32,48,11,3,.266,.335,.351,.686
Endy E Chavez R,NYM,133,353,48,108,22,5,4,42,24,44,12,3,.306,.348,.431,.779
Alfredo A Amezaga C,FLA,132,334,42,87,9,3,3,19,33,46,20,12,.260,.332,.332,.664
Angel A Berroa S,KC,132,474,45,111,18,1,9,54,14,88,3,1,.234,.259,.333,.592
David D Dellucci,PHI,132,264,41,77,14,5,13,39,28,62,1,3,.292,.369,.530,.899
Ryan R Freel C,CIN,132,454,67,123,30,2,8,27,57,98,37,11,.271,.363,.399,.762
Kevin K Millar,BAL,132,430,64,117,26,0,15,64,59,74,1,1,.272,.374,.437,.811
Juan J Uribe S,CWS,132,463,53,109,28,2,21,71,13,82,1,1,.235,.257,.441,.698
Clint C Barmes S,COL,131,478,57,105,26,4,7,56,22,72,5,4,.220,.264,.335,.598
Aubrey A Huff R,HOU,131,454,57,121,25,2,21,66,50,64,0,0,.267,.344,.469,.814
Ryan R Langerhans L,ATL,131,315,46,76,16,3,7,28,50,91,1,2,.241,.350,.378,.727
Bernie B Williams R,NYY,131,420,65,118,29,0,12,61,33,53,2,0,.281,.332,.436,.768
Barry B Bonds L,SF,130,367,74,99,23,0,26,77,115,51,3,0,.270,.454,.545,.999
Melky M Cabrera L,NYY,130,460,75,129,26,2,7,50,56,59,12,5,.280,.360,.391,.752
Brian B Mc Cann,ATL,130,442,61,147,34,0,24,93,41,54,2,0,.333,.388,.572,.961
Xavier X Nady,PIT,130,468,57,131,28,1,17,63,30,85,3,3,.280,.337,.453,.790
Manny M Ramirez L,BOS,130,449,79,144,27,1,35,102,100,102,0,1,.321,.439,.619,1.058
Tony T Graffanino,MIL,129,456,68,125,33,3,7,59,45,68,5,4,.274,.345,.406,.751
Travis T Hafner D,CLE,129,454,100,140,31,1,42,117,100,111,0,0,.308,.439,.659,1.097
Mark M Kotsay C,OAK,129,502,57,138,29,3,7,59,44,55,6,3,.275,.332,.386,.719
Kenny K Lofton C,LAD,129,469,79,141,15,12,3,41,45,42,32,5,.301,.360,.403,.764
Yadier Y Molina,STL,129,417,29,90,26,0,6,49,26,41,1,2,.216,.274,.321,.595
Phil P Nevin D,MIN,129,397,54,95,13,0,22,68,48,106,0,0,.239,.323,.438,.761
Ronny R Paulino,PIT,129,442,37,137,19,0,6,55,34,79,0,0,.310,.360,.394,.754
Dave D Roberts L,SD,129,499,80,146,18,13,2,44,51,61,49,6,.293,.360,.393,.752
Frank F Catalanotto L,TOR,128,437,56,131,36,2,7,56,52,37,1,3,.300,.376,.439,.816
Alex A Rios R,TOR,128,450,68,136,33,6,17,82,35,89,15,6,.302,.349,.516,.865
Morgan M Ensberg,HOU,127,387,67,91,17,1,23,58,101,96,1,4,.235,.396,.463,.858
Kevin K Mench L,MIL,127,446,45,120,24,2,13,68,27,59,1,0,.269,.313,.419,.733
Miguel M Olivo,FLA,127,430,52,113,22,3,16,58,9,103,2,3,.263,.287,.440,.727
Andre A Ethier L,LAD,126,396,50,122,20,7,11,55,34,77,5,5,.308,.365,.477,.842
Mike M Lamb,HOU,126,381,70,117,22,3,12,45,35,55,2,4,.307,.361,.475,.836
Mike M Piazza,SD,126,399,39,113,19,1,22,68,34,66,0,0,.283,.342,.501,.843
Cory C Sullivan,COL,126,386,47,103,26,10,2,30,32,100,10,6,.267,.321,.402,.722
Jose J Vidro,WSH,126,463,52,134,26,1,7,47,41,48,1,0,.289,.348,.395,.744
Craig C Wilson,NYY,125,359,53,90,15,2,17,49,28,122,1,0,.251,.314,.446,.760
Matt M Diaz L,ATL,124,297,37,97,15,4,7,32,11,49,5,5,.327,.364,.475,.839
Mark M Ellis,OAK,124,441,64,110,25,1,11,52,40,76,4,0,.249,.319,.385,.704
Paul P Lo Duca,NYM,124,512,80,163,39,1,5,49,24,38,3,0,.318,.355,.428,.782
Juan J Rivera L,LAA,124,448,65,139,27,0,23,85,33,59,0,4,.310,.362,.525,.887
Brian B Schneider,WSH,124,410,30,105,18,0,4,55,38,67,2,2,.256,.320,.329,.649
Chris C Burke,HOU,123,366,58,101,23,1,9,40,27,77,11,1,.276,.347,.418,.765
David D Eckstein S,STL,123,500,68,146,18,1,2,23,31,41,7,6,.292,.350,.344,.694
Jason J Michaels L,CLE,123,494,77,132,32,1,9,55,43,101,9,5,.267,.326,.391,.717
Abraham O. A Nunez,PHI,123,322,42,68,10,2,2,32,41,58,1,0,.211,.303,.273,.577
Rich R Aurilia,CIN,122,440,61,132,25,1,23,70,34,51,3,0,.300,.349,.518,.867
Robinson R Canó,NYY,122,482,62,165,41,1,15,78,18,54,5,2,.342,.365,.525,.890
Nomar N Garciaparra,LAD,122,469,82,142,31,2,20,93,42,30,3,0,.303,.367,.505,.872
Julio J Lugo,LAD,122,435,69,121,22,2,12,37,39,76,24,9,.278,.341,.421,.762
Ty T Wigginton,TB,122,444,55,122,25,1,24,79,32,97,4,3,.275,.330,.498,.828
Khalil K Greene S,SD,121,412,56,101,26,2,15,55,39,87,5,1,.245,.320,.427,.747
Damon D Hollins R,TB,121,333,37,76,20,0,15,33,19,64,3,3,.228,.269,.423,.692
Russell R Martin,LAD,121,415,65,117,26,4,10,65,45,57,10,5,.282,.355,.436,.792
Ian I Kinsler,TEX,120,423,65,121,27,1,14,55,40,64,11,4,.286,.347,.454,.801
David D De Jesus L,KC,119,491,83,145,36,7,8,56,43,70,6,3,.295,.364,.446,.810
Scott S Spiezio,STL,119,276,44,75,15,4,13,52,37,66,1,0,.272,.366,.496,.862
Jose J Bautista C,PIT,117,400,58,94,20,3,16,51,46,110,2,4,.235,.335,.420,.755
Edwin E Encarnación,CIN,117,406,60,112,33,1,15,72,41,78,6,3,.276,.359,.473,.831
Jonny J Gomes D,TB,117,385,53,83,21,1,20,59,61,116,1,5,.216,.325,.431,.756
Gabe G Gross,MIL,117,208,42,57,15,0,9,38,36,60,1,0,.274,.382,.476,.858
Bengie B Molina,TOR,117,433,44,123,20,1,19,57,19,47,1,1,.284,.319,.467,.785
Marco M Scutaro S,OAK,117,365,52,97,21,6,5,41,50,66,5,1,.266,.350,.397,.747
Matt M Stairs D,DET,117,348,42,86,21,0,13,51,40,86,0,0,.247,.328,.420,.748
Mark M Bellhorn,SD,115,253,26,48,11,2,8,27,32,90,0,0,.190,.285,.344,.629
Johnny J Estrada,ARI,115,414,43,125,26,0,11,71,13,40,0,0,.302,.328,.444,.772
Jeff J Kent,LAD,115,407,61,119,27,3,14,68,55,69,1,2,.292,.385,.477,.861
Chris C Shelton,DET,115,373,50,102,16,4,16,47,34,107,1,2,.273,.340,.466,.806
Joe J Borchard R,FLA,114,239,33,55,7,1,10,28,28,69,0,3,.230,.319,.393,.712
John J Buck,KC,114,371,37,91,21,1,11,50,26,84,0,2,.245,.306,.396,.702
Travis T Lee,TB,114,343,35,77,11,2,11,31,42,73,5,2,.224,.312,.364,.676
Trot T Nixon R,BOS,114,381,59,102,24,0,8,52,60,56,0,2,.268,.373,.394,.767
Mark M Sweeney,SF,114,259,32,65,15,2,5,37,28,50,0,1,.251,.330,.382,.712
Hector H Luna,CLE,113,350,41,100,21,2,6,38,27,60,5,4,.286,.338,.409,.746
Sean S Casey,DET,112,397,47,108,22,0,8,59,33,43,0,1,.272,.336,.388,.724
Jeff J Cirillo,MIL,112,263,33,84,16,0,3,23,21,33,1,1,.319,.369,.414,.784
Jason J Lane R,HOU,112,288,44,58,10,0,15,45,49,75,1,2,.201,.318,.392,.710
Rob R Mackowiak C,CWS,112,255,31,74,12,1,5,23,28,59,5,2,.290,.365,.404,.768
Reggie R Abercrombie C,FLA,111,255,39,54,12,2,5,24,18,78,6,5,.212,.271,.333,.604
Jeromy J Burnitz R,PIT,111,313,35,72,12,0,16,49,22,74,1,1,.230,.289,.422,.711
Alex A Gonzalez S,BOS,111,388,48,99,24,2,9,50,22,67,1,0,.255,.299,.397,.696
Jim J Edmonds C,STL,110,350,52,90,18,0,19,70,53,101,4,0,.257,.350,.471,.822
Chipper C Jones,ATL,110,411,87,133,28,3,26,86,61,73,6,1,.324,.409,.596,1.005
Andy A Phillips,NYY,110,246,30,59,11,3,7,29,15,56,3,2,.240,.281,.394,.676
Placido P Polanco,DET,110,461,58,136,18,1,4,52,17,27,1,2,.295,.329,.364,.693
Marcus M Thames L,DET,110,348,61,89,20,2,26,60,37,92,1,1,.256,.333,.549,.882
Casey C Blake R,CLE,109,401,63,113,20,1,19,68,45,93,6,0,.282,.356,.479,.835
Geoff G Blum S,SD,109,276,27,70,17,1,4,34,17,51,0,1,.254,.293,.366,.659
Ken K Griffey C,CIN,109,428,62,108,19,0,27,72,39,78,0,0,.252,.316,.486,.802
Eric E Hinske,BOS,109,277,43,75,17,2,13,34,35,79,2,2,.271,.353,.487,.840
Aaron A Rowand C,PHI,109,405,59,106,24,3,12,47,18,76,10,4,.262,.321,.425,.745
Mark M Teahen,KC,109,393,70,114,21,7,18,69,40,85,10,0,.290,.357,.517,.874
Neifi N Perez,DET,108,301,31,73,14,1,2,29,8,25,1,1,.243,.260,.316,.575
Michael M Barrett,CHC,107,375,54,115,25,3,16,53,33,41,0,1,.307,.368,.517,.885
Jorge J Cantu,TB,107,413,40,103,18,2,14,62,26,91,1,1,.249,.295,.404,.699
John J Mabry,CHC,107,210,16,43,8,1,5,25,23,57,0,0,.205,.283,.324,.606
Esteban E German,KC,106,279,44,91,18,5,3,34,40,49,7,3,.326,.422,.459,.880
Nate N Mc Louth C,PIT,106,270,50,63,16,2,7,16,18,59,10,1,.233,.293,.385,.678
Craig C Counsell S,ARI,105,372,56,95,14,4,4,30,31,47,15,8,.255,.327,.347,.674
Coco C Crisp,BOS,105,413,58,109,22,2,8,36,31,67,22,4,.264,.317,.385,.702
Aaron A Boone,CLE,104,354,50,89,19,1,7,46,27,62,5,4,.251,.314,.370,.684
Juan J Castro S,CIN,104,251,18,63,10,3,3,28,11,36,1,2,.251,.281,.351,.632
Lew L Ford,MIN,104,234,40,53,6,1,4,18,16,43,9,1,.226,.287,.312,.599
Maicer M Izturis,LAA,104,352,64,103,21,3,5,44,38,35,14,6,.293,.365,.412,.777
John J Mc Donald S,TOR,104,260,35,58,7,3,3,23,16,41,7,2,.223,.271,.308,.579
Orlando O Palmeiro,HOU,103,119,12,30,6,1,0,17,6,17,0,1,.252,.294,.319,.613
Olmedo O Saenz,LAD,103,179,30,53,15,0,11,48,14,47,0,0,.296,.363,.564,.927
Jason J Varitek,BOS,103,365,46,87,19,2,12,55,46,87,1,2,.238,.325,.400,.725
Willie W Bloomquist C,SEA,102,251,36,62,6,2,1,15,24,40,16,3,.247,.320,.299,.619
Pete P Orr,ATL,102,154,22,39,3,4,1,8,5,30,2,4,.253,.277,.344,.621
John J Rodriguez,STL,102,183,31,55,12,3,2,19,21,45,0,0,.301,.374,.432,.806
Jerry J Hairston L,TEX,101,170,25,35,6,1,0,10,13,34,5,2,.206,.270,.253,.523
Damian D Miller,MIL,101,331,34,83,28,0,6,38,33,86,0,0,.251,.322,.390,.711
Cody C Ross L,FLA,101,269,34,61,12,2,13,46,22,65,1,1,.227,.293,.431,.724
Josh J Bard,SD,100,249,30,83,20,0,9,40,30,42,1,0,.333,.404,.522,.926
Jason J Bartlett S,MIN,99,333,44,103,18,2,2,32,22,46,10,5,.309,.367,.393,.760
Jeremy J Hermida R,FLA,99,307,37,77,19,1,5,28,33,70,4,1,.251,.332,.368,.700
Mike M Napoli,LAA,99,268,47,61,13,0,16,42,51,90,2,3,.228,.360,.455,.815
Tomas T Perez,TB,99,241,31,51,12,0,2,16,5,44,1,0,.212,.224,.286,.510
Rondell R White D,MIN,99,337,32,83,17,1,7,38,11,54,1,1,.246,.276,.365,.641
Gregg G Zaun,TOR,99,290,39,79,19,0,12,40,41,42,0,2,.272,.363,.462,.825
Moises M Alou R,SF,98,345,52,104,25,1,22,74,28,31,2,1,.301,.352,.571,.923
Greg G Norton D,TB,98,294,47,87,15,0,17,45,35,69,1,5,.296,.374,.520,.895
Daryle D Ward,ATL,98,130,17,40,10,0,7,26,15,27,0,1,.308,.380,.546,.926
Rod R Barajas,TEX,97,344,49,88,20,0,11,41,17,51,0,0,.256,.298,.410,.708
Cliff C Floyd L,NYM,97,332,45,81,19,1,11,44,29,58,6,0,.244,.324,.407,.731
Milton M Bradley R,OAK,96,351,53,97,14,2,14,52,51,65,10,2,.276,.370,.447,.818
Alex A Cora S,BOS,96,235,31,56,7,2,1,18,19,29,6,2,.238,.312,.298,.609
Bobby B Crosby S,OAK,96,358,42,82,12,0,9,40,36,76,8,1,.229,.298,.338,.636
Julio J Franco,NYM,95,165,14,45,10,0,2,26,13,49,6,1,.273,.330,.370,.699
Rickie R Weeks Jr.,MIL,95,359,73,100,15,3,8,34,30,92,19,5,.279,.363,.404,.766
Brad B Wilkerson L,TEX,95,320,56,71,15,2,15,44,37,116,3,2,.222,.306,.422,.728
Rob R Bowen,SD,94,94,22,23,5,0,3,13,13,26,0,1,.245,.339,.394,.733
Javy J Lopez,BOS,94,342,36,86,20,1,8,35,20,76,0,0,.251,.297,.386,.683
Rocco R Baldelli C,TB,92,364,59,110,24,6,16,57,14,70,10,1,.302,.339,.533,.872
Carl C Everett D,SEA,92,308,37,70,8,0,11,33,29,57,1,3,.227,.297,.360,.658
Javier J Valentin,CIN,92,186,24,50,6,1,8,27,13,29,0,0,.269,.313,.441,.754
Russell R Branyan,SD,91,241,37,55,11,0,18,36,34,89,2,0,.228,.327,.498,.825
Alex A Cintron S,CWS,91,288,35,82,10,3,5,41,10,35,10,3,.285,.310,.392,.703
Brandon B Fahey L,BAL,91,251,36,59,8,2,2,23,23,48,3,3,.235,.307,.307,.614
Dan D Johnson,OAK,91,286,30,67,13,1,9,37,40,45,0,0,.234,.323,.381,.704
Doug D Mientkiewicz,KC,91,314,37,89,24,2,4,43,35,50,3,0,.283,.359,.411,.770
Salomon S Torres,PIT,91,5,0,1,0,0,0,0,0,3,0,0,.200,.200,.200,.400
Russ R Adams,TOR,90,251,31,55,14,1,3,28,22,41,1,2,.219,.282,.319,.600
Chris C Duncan L,STL,90,280,60,82,11,3,22,43,30,69,0,0,.293,.363,.589,.952
Damion D Easley,ARI,90,189,24,44,6,1,9,28,21,30,1,1,.233,.323,.418,.741
Jay J Gibbons D,BAL,90,343,34,95,23,0,13,46,32,48,0,0,.277,.341,.458,.799
Todd T Hollandsworth R,CIN,90,224,27,55,18,1,7,35,10,52,0,2,.246,.275,.429,.704
David D Ross,CIN,90,247,37,63,15,1,21,52,37,75,0,0,.255,.353,.579,.932
Joe J Randa,PIT,89,206,23,55,13,0,4,28,16,26,0,0,.267,.316,.388,.704
Choo C Freeman,COL,88,173,24,41,6,3,2,18,14,42,5,6,.237,.298,.341,.639
Reggie R Sanders,KC,88,325,45,80,23,1,11,49,28,86,7,7,.246,.304,.425,.729
Eliezer E Alfonzo,SF,87,286,27,76,17,2,12,39,9,74,1,0,.266,.302,.465,.767
Vinny V Castilla,COL,87,275,26,63,10,0,5,27,9,49,0,0,.229,.258,.320,.578
Jeff J Da Vanon C,ARI,87,221,38,64,12,4,5,35,31,42,10,4,.290,.371,.448,.819
Corey C Hart R,MIL,87,237,32,67,13,2,9,33,17,58,5,8,.283,.328,.468,.796
Jose J Cruz L,LAD,86,223,34,52,16,1,5,17,43,54,5,1,.233,.353,.381,.734
Robb R Quinlan,LAA,86,234,28,75,11,1,9,32,7,28,2,1,.321,.344,.491,.836
Toby T Hall,LAD,85,278,17,72,17,0,8,31,10,22,0,2,.259,.286,.406,.692
Jose J Hernandez,PHI,85,152,12,40,4,1,3,19,12,40,0,0,.263,.317,.362,.679
Chris C Duffy,PIT,84,314,46,80,14,3,2,18,19,71,26,1,.255,.317,.338,.654
Jason J Ellison L,SF,84,81,14,18,5,1,2,4,5,14,2,2,.222,.273,.383,.655
Wily Mo W Peña Pena R,BOS,84,276,36,83,15,2,11,42,20,90,0,1,.301,.349,.489,.838
Chris C Woodward,NYM,83,222,25,48,10,1,3,25,23,55,1,1,.216,.289,.311,.600
Matt M Capps,PIT,82,2,1,0,0,0,0,0,1,1,0,0,.000,.333,.000,.333
Ramon R Martinez,LAD,82,176,20,49,7,1,2,24,15,20,0,0,.278,.339,.364,.702
Miguel M Cairo,NYY,81,222,28,53,12,3,0,30,13,31,13,1,.239,.280,.320,.600
Bob B Howry,CHC,81,1,0,1,0,0,0,0,0,0,0,0,1.000,1.000,1.000,2.000
Bobby B Kielty L,OAK,81,270,35,73,20,1,8,36,22,49,2,0,.270,.329,.441,.770
Dioner D Navarro,TB,81,268,28,68,9,0,6,28,31,51,2,1,.254,.332,.354,.687
Jon J Rauch,WSH,81,4,0,0,0,0,0,0,0,3,0,0,.000,.000,.000,.000
Eduardo E Perez D,SEA,80,186,22,47,10,0,9,33,18,33,0,1,.253,.324,.452,.775
Jose J Vizcaino,STL,80,142,19,33,6,0,2,8,17,14,0,2,.232,.314,.317,.631
Willy W Aybar,ATL,79,243,32,68,18,0,4,30,28,36,1,2,.280,.364,.403,.767
Tony T Clark,ARI,79,132,13,26,4,0,6,16,13,40,0,0,.197,.279,.364,.642
Todd T Coffey,CIN,79,0,0,0,0,0,0,0,0,0,0,0,.000,.000,.000,.000
Pablo P Ozuna L,CWS,79,189,25,62,12,2,2,17,7,16,6,6,.328,.365,.444,.809
Mike M Stanton,SF,79,2,0,0,0,0,0,0,0,0,0,0,.000,.000,.000,.000
Marlon M Byrd C,WSH,78,197,28,44,8,1,5,18,22,47,3,3,.223,.317,.350,.667
Sal S Fasano,NYY,78,189,12,41,12,0,5,15,7,61,0,1,.217,.267,.360,.627
Omar O Infante,DET,78,224,35,62,11,4,4,25,14,45,3,2,.277,.325,.415,.740
Gerald G Laird,TEX,78,243,46,72,20,1,7,22,12,54,3,1,.296,.332,.473,.805
Jose J Molina,LAA,78,225,18,54,17,0,4,22,9,49,1,0,.240,.273,.369,.642
Geoff G Geary,PHI,77,5,2,1,1,0,0,1,1,3,0,0,.200,.333,.400,.733
Ross R Gload,CWS,77,156,22,51,8,2,3,18,6,15,6,0,.327,.354,.462,.815
Angel A Pagán Pagan L,CHC,77,170,28,42,6,2,5,18,15,28,4,2,.247,.306,.394,.701
Chad C Qualls,HOU,77,0,0,0,0,0,0,0,0,0,0,0,.000,.000,.000,.000
Corey C Koskie,MIL,76,257,29,67,23,0,12,33,29,58,1,2,.261,.343,.490,.833
Jose J Mesa,COL,76,1,0,0,0,0,0,0,0,0,0,0,.000,.000,.000,.000
Tim T Salmon D,LAA,76,211,30,56,8,2,9,27,29,44,0,2,.265,.361,.450,.811
Brad B Lidge,HOU,75,0,0,0,0,0,0,0,0,0,0,0,.000,.000,.000,.000
Henry H Blanco,CHC,74,241,23,64,15,2,6,37,14,38,0,0,.266,.304,.419,.723
Will W Ohman,CHC,74,1,0,1,0,0,0,0,0,0,0,0,1.000,1.000,1.000,2.000
Eric E Bruntlett,HOU,73,119,11,33,8,0,0,10,13,21,3,1,.277,.351,.345,.695
Andy A Green,ARI,73,86,15,16,4,0,1,6,13,20,1,0,.186,.293,.267,.560
Jason J Kubel D,MIN,73,220,23,53,8,0,8,26,12,45,2,0,.241,.279,.386,.665
Doug D Mirabelli,BOS,73,183,13,35,7,0,6,25,15,59,0,0,.191,.267,.328,.595
Shane S Costa R,KC,72,237,23,65,20,1,3,23,6,29,2,0,.274,.304,.405,.709
Gabe G Kapler R,BOS,72,130,21,33,7,0,2,12,14,15,1,1,.254,.340,.354,.694
Howie H Kendrick,LAA,72,267,25,76,21,1,4,30,9,44,6,0,.285,.314,.416,.730
Steve S Kline,SF,72,0,0,0,0,0,0,0,0,0,0,0,.000,.000,.000,.000
Jason J La Rue,CIN,72,191,22,37,5,0,8,21,27,51,1,0,.194,.317,.346,.663
Damaso D Marte,PIT,72,2,0,0,0,0,0,0,0,0,0,0,.000,.000,.000,.000
Freddie F Bynum,CHC,71,136,20,35,5,5,4,12,9,44,8,4,.257,.308,.456,.764
Ryan R Church C,WSH,71,196,22,54,17,1,10,35,26,60,6,1,.276,.366,.526,.891
Aaron A Heilman,NYM,71,0,0,0,0,0,0,0,0,0,0,0,.000,.000,.000,.000
Dan D Wheeler,HOU,71,0,0,0,0,0,0,0,0,0,0,0,.000,.000,.000,.000
Ryan R Dempster,CHC,70,2,0,0,0,0,0,0,0,2,0,0,.000,.000,.000,.000
Scott S Eyre,CHC,70,1,0,0,0,0,0,0,0,0,0,0,.000,.000,.000,.000
Ricky R Ledee,NYM,70,85,8,16,6,0,2,9,6,16,1,0,.188,.242,.329,.571
Kazuo K Matsui,COL,70,243,32,65,12,3,3,26,16,46,10,1,.267,.310,.379,.689
Jose J Guillen R,WSH,69,241,28,52,15,1,9,40,15,48,1,0,.216,.276,.398,.674
Scott S Linebrink,SD,69,1,0,1,0,0,0,0,0,0,0,0,1.000,1.000,1.000,2.000
Luis L Matos,WSH,69,136,16,28,9,1,2,5,10,23,7,0,.206,.270,.331,.601
Jason J Repko C,LAD,69,130,21,33,5,1,3,16,15,24,10,4,.254,.345,.377,.722
Takashi T Saito,LAD,69,0,0,0,0,0,0,0,0,0,0,0,.000,.000,.000,.000
Russ R Springer,HOU,69,0,0,0,0,0,0,0,0,0,0,0,.000,.000,.000,.000
Joe J Borowski,FLA,68,0,0,0,0,0,0,0,0,0,0,0,.000,.000,.000,.000
Alan A Embree,SD,68,1,0,0,0,0,0,0,0,1,0,0,.000,.000,.000,.000
John J Grabow,PIT,68,1,0,0,0,0,0,0,0,1,0,0,.000,.000,.000,.000
Macay M Mc Bride,ATL,68,0,0,0,0,0,0,0,0,0,0,0,.000,.000,.000,.000
Ken K Ray,ATL,68,1,0,0,0,0,0,0,0,0,0,0,.000,.000,.000,.000
Damian D Jackson C,WSH,67,116,16,23,6,1,4,10,12,39,1,3,.198,.295,.371,.666
Mike M Lieberthal,PHI,67,209,22,57,14,0,9,36,8,19,0,0,.273,.316,.469,.784
Jeremy J Reed C,SEA,67,212,27,46,6,5,6,17,11,31,2,3,.217,.260,.377,.637
Ryan R Spilborghs C,COL,67,167,26,48,6,3,4,21,14,30,5,2,.287,.337,.431,.768
Matt M Treanor,FLA,67,157,12,36,6,1,2,14,19,34,0,1,.229,.328,.318,.646
Luis L Vizcaino,ARI,67,0,0,0,0,0,0,0,0,0,0,0,.000,.000,.000,.000
Billy B Wagner,NYM,67,0,0,0,0,0,0,0,0,0,0,0,.000,.000,.000,.000
Chad C Bradford,NYM,66,0,0,0,0,0,0,0,0,0,0,0,.000,.000,.000,.000
Brandon B Lyon,ARI,66,0,1,0,0,0,0,0,1,0,0,0,.000,1.000,.000,1.000
Lance L Niekro,SF,66,199,27,49,9,2,5,31,11,32,0,0,.246,.286,.387,.673
Jonathan J Broxton,LAD,65,2,0,0,0,0,0,0,1,2,0,0,.000,.333,.000,.333
Chad C Cordero,WSH,65,2,0,0,0,0,0,0,0,1,0,0,.000,.000,.000,.000
Chris C Coste,PHI,65,198,25,65,14,0,7,32,10,31,0,0,.328,.376,.505,.881
Bubba B Crosby R,NYY,65,87,9,18,3,1,1,6,4,21,3,1,.207,.258,.299,.557
Roberto R Hernandez,NYM,65,0,0,0,0,0,0,0,0,0,0,0,.000,.000,.000,.000
Braden B Looper,STL,65,2,0,1,1,0,0,0,0,0,0,0,.500,.500,1.000,1.500
Tom T Martin,COL,65,4,0,0,0,0,0,0,0,1,0,0,.000,.000,.000,.000
Trever T Miller,HOU,65,0,0,0,0,0,0,0,0,0,0,0,.000,.000,.000,.000
Luke L Scott,HOU,65,214,31,72,19,6,10,37,30,43,2,1,.336,.426,.621,1.047
Yorvit Y Torrealba,COL,65,223,23,55,16,3,7,43,11,49,4,3,.247,.293,.439,.732
David D Weathers,CIN,65,1,0,0,0,0,0,0,0,1,0,0,.000,.000,.000,.000
Brian B Fuentes,COL,64,0,0,0,0,0,0,0,0,0,0,0,.000,.000,.000,.000
Matt M Herges,FLA,64,0,0,0,0,0,0,0,0,0,0,0,.000,.000,.000,.000
Joe J Inglett,CLE,64,201,26,57,8,3,2,21,14,39,5,1,.284,.332,.383,.715
Ray R King,COL,64,1,0,0,0,0,0,0,0,1,0,0,.000,.000,.000,.000
Roberto R Novoa,CHC,64,5,0,1,1,0,0,1,0,2,0,0,.200,.200,.400,.600
Nick N Green,NYY,63,114,12,21,5,0,2,4,11,40,1,4,.184,.262,.281,.543
Aaron A Guiel R,NYY,63,132,25,32,6,0,7,18,14,31,2,1,.242,.338,.447,.785
Chad C Paronto,ATL,63,1,0,0,0,0,0,0,0,1,0,0,.000,.000,.000,.000
Derrick D Turnbow,MIL,63,1,0,0,0,0,0,0,0,1,0,0,.000,.000,.000,.000
Aaron A Fultz,PHI,62,4,0,0,0,0,0,0,0,0,0,0,.000,.000,.000,.000
Alexis A Gomez L,DET,62,103,17,28,5,2,1,6,6,21,4,0,.272,.318,.388,.706
Trevor T Hoffman,SD,62,0,0,0,0,0,0,0,0,0,0,0,.000,.000,.000,.000
Todd T Pratt,ATL,62,135,14,28,6,0,4,19,12,43,1,0,.207,.272,.341,.612
Jason J Tyner L,MIN,62,218,29,68,5,2,0,18,11,18,4,2,.312,.345,.353,.698
Ryan R Doumit,PIT,61,149,15,31,9,0,6,17,15,42,0,0,.208,.322,.389,.711
Pedro P Feliciano,NYM,61,3,0,0,0,0,0,0,0,1,0,0,.000,.000,.000,.000
Ryan R Franklin,CIN,61,4,0,0,0,0,0,0,0,4,0,0,.000,.000,.000,.000
Luis L Gonzalez,COL,61,149,7,36,9,1,2,14,4,27,1,1,.242,.269,.356,.625
Todd T Greene,SF,61,159,16,46,12,2,2,17,10,45,0,0,.289,.335,.428,.763
Todd T Linden L,SF,61,77,15,21,4,2,2,5,9,20,1,0,.273,.356,.455,.811
Chris C Snyder,ARI,61,184,19,51,9,0,6,32,22,39,0,0,.277,.349,.424,.773
Gary G Bennett,STL,60,157,13,35,5,0,4,22,11,30,0,0,.223,.274,.331,.605
Jose J Capellan,MIL,60,2,0,0,0,0,0,0,0,2,0,0,.000,.000,.000,.000
Rheal R Cormier,CIN,60,0,0,0,0,0,0,0,0,0,0,0,.000,.000,.000,.000
Robert R Fick,WSH,60,128,14,34,4,0,2,9,10,24,1,1,.266,.324,.344,.668
Randy R Flores,STL,60,0,0,0,0,0,0,0,0,0,0,0,.000,.000,.000,.000
Josh J Hancock,STL,60,6,0,0,0,0,0,0,1,6,0,0,.000,.143,.000,.143
Gary G Majewski,CIN,60,3,0,0,0,0,0,0,0,1,0,0,.000,.000,.000,.000
Mike M Sweeney D,KC,60,217,23,56,15,0,8,33,28,48,2,0,.258,.349,.438,.787
Rick R White,PHI,60,0,0,0,0,0,0,0,0,0,0,0,.000,.000,.000,.000
Eric E Young Sr.,TEX,60,138,20,28,6,1,3,15,14,17,8,2,.203,.280,.326,.606
Joe J Beimel,LAD,59,1,0,0,0,0,0,0,0,1,0,0,.000,.000,.000,.000
Stephen S Drew,ARI,59,209,27,66,13,7,5,23,14,50,2,0,.316,.357,.517,.874
Jorge J Julio,ARI,59,1,0,0,0,0,0,0,0,1,0,0,.000,.000,.000,.000
Ramon E R Ramirez,COL,59,4,0,2,0,0,0,0,0,2,0,0,.500,.500,.500,1.000
Luis Antonio L Rodriguez,MIN,59,115,11,27,4,0,2,6,14,16,0,0,.235,.315,.322,.637
Ben B Johnson L,SD,58,120,19,30,5,2,4,12,14,36,3,0,.250,.333,.425,.758
Josh J Paul,TB,58,146,15,38,9,0,1,8,14,39,1,2,.260,.327,.342,.670
Adam A Wainwright,STL,58,6,2,3,1,0,1,1,0,0,0,0,.500,.500,1.167,1.667
Jason J Isringhausen,STL,57,0,0,0,0,0,0,0,0,0,0,0,.000,.000,.000,.000
Kendrys K Morales,LAA,57,197,21,46,10,1,5,22,17,28,1,1,.234,.293,.371,.664
Antonio A Perez,OAK,57,98,10,10,5,1,1,8,10,44,0,1,.102,.185,.204,.389
Carlos C Quentin R,ARI,57,166,23,42,13,3,9,32,15,34,1,0,.253,.342,.530,.872
Chris C Roberson L,PHI,57,41,9,8,0,1,0,1,0,9,3,0,.195,.214,.244,.458
Paul P Bako,KC,56,153,7,32,3,0,0,10,11,46,0,0,.209,.261,.229,.489
Brandon B Medders,ARI,56,2,0,0,0,0,0,0,0,1,0,0,.000,.000,.000,.000
Lastings L Milledge,NYM,56,166,14,40,7,2,4,22,12,39,1,2,.241,.310,.380,.689
Ryan R Shealy,KC,56,202,31,56,12,1,7,37,15,54,1,1,.277,.333,.450,.784
Oscar O Villarreal,ATL,56,7,0,0,0,0,0,0,0,3,0,0,.000,.000,.000,.000
Vance V Wilson,DET,56,152,18,43,9,0,5,18,2,33,0,4,.283,.304,.441,.745
Chris C Gomez,BAL,55,132,14,45,7,0,2,17,7,11,1,2,.341,.387,.439,.827
Tom T Gordon,PHI,55,0,0,0,0,0,0,0,0,0,0,0,.000,.000,.000,.000
Eli E Marrero,NYM,55,93,11,19,4,0,6,15,15,31,5,0,.204,.324,.441,.765
Randy R Messenger,FLA,55,2,0,0,0,0,0,0,0,1,0,0,.000,.000,.000,.000
Brian B Shouse,MIL,55,0,0,0,0,0,0,0,0,0,0,0,.000,.000,.000,.000
Scott S Thorman L,ATL,55,128,13,30,11,0,5,14,5,21,1,0,.234,.263,.438,.701
Cesar C Izturis S,CHC,54,192,14,47,9,1,1,18,12,14,1,4,.245,.295,.318,.612
Tyler T Yates,ATL,54,0,0,0,0,0,0,0,0,0,0,0,.000,.000,.000,.000
Danys D Baez,ATL,53,0,0,0,0,0,0,0,0,0,0,0,.000,.000,.000,.000
Eric E Munson,HOU,53,141,10,28,6,0,5,19,11,32,0,0,.199,.269,.348,.617
Ryan R Theriot,CHC,53,134,34,44,11,3,3,16,17,18,13,2,.328,.412,.522,.934
Matt M Kemp C,LAD,52,154,30,39,7,1,7,23,9,53,6,0,.253,.289,.448,.737
Dan D Kolb,MIL,52,0,0,0,0,0,0,0,0,0,0,0,.000,.000,.000,.000
Arthur A Rhodes,PHI,52,0,0,0,0,0,0,0,0,0,0,0,.000,.000,.000,.000
Ben B Zobrist S,TB,52,183,10,41,6,2,2,18,10,26,2,3,.224,.260,.311,.572
Jon J Adkins,SD,51,1,0,0,0,0,0,0,0,1,0,0,.000,.000,.000,.000
Michael M Gonzalez,PIT,51,1,0,0,0,0,0,0,0,0,0,0,.000,.000,.000,.000
Tyler T Johnson,STL,51,1,0,0,0,0,0,0,0,1,0,0,.000,.000,.000,.000
Hideki H Matsui L,NYY,51,172,32,52,9,0,8,29,27,23,1,0,.302,.393,.494,.887
Tony T Batista,MIN,50,178,24,42,12,0,5,21,15,27,0,1,.236,.303,.388,.690
Ryan R Garko,CLE,50,185,28,54,12,0,7,45,14,37,0,0,.292,.359,.470,.829
Derrek D Lee,CHC,50,175,30,50,9,0,8,30,25,41,8,4,.286,.368,.474,.842
Andy A Marte,CLE,50,164,20,37,15,1,5,23,13,38,0,0,.226,.287,.421,.707
B. J. B Upton,TB,50,175,20,43,5,0,1,10,13,40,11,3,.246,.302,.291,.593
Shin- Soo S Choo R,CLE,49,157,23,44,12,3,3,22,18,50,5,3,.280,.360,.452,.812
Chris C Denorfia R,CIN,49,106,14,30,6,0,1,7,11,21,1,1,.283,.356,.368,.724
Adam A Melhuse,OAK,49,128,10,28,8,0,4,18,9,34,0,1,.219,.273,.375,.648
Saul S Rivera,WSH,49,4,0,0,0,0,0,0,0,2,0,0,.000,.000,.000,.000
Jason J Smith,COL,49,99,9,26,1,0,5,13,7,29,3,0,.263,.324,.424,.748
Brian B Jordan,ATL,48,91,11,21,2,0,3,10,7,23,0,0,.231,.287,.352,.639
James J Loney,LAD,48,102,20,29,6,5,4,18,8,10,1,0,.284,.342,.559,.901
Ryan R Madson,PHI,48,33,3,6,1,0,0,2,1,13,0,0,.182,.206,.212,.418
Tommy T Murphy C,LAA,48,70,12,16,4,1,1,6,5,21,4,1,.229,.276,.357,.634
Taylor T Tankersley,FLA,48,2,0,0,0,0,0,0,0,2,0,0,.000,.000,.000,.000
Dmitri D Young,DET,48,172,19,43,4,1,7,23,11,39,1,1,.250,.293,.407,.700
Chris C Aguila R,FLA,47,95,5,22,8,1,0,7,9,26,2,1,.232,.298,.337,.635
Kevin K Correia,SF,47,12,1,1,0,0,0,0,0,7,0,0,.083,.083,.083,.167
Willie W Harris C,BOS,47,45,17,7,2,0,0,1,4,11,6,3,.156,.250,.200,.450
Mike M Matheny,SF,47,160,10,37,8,0,3,18,9,30,0,0,.231,.276,.338,.613
Mike M Redmond,MIN,47,179,20,61,13,0,0,23,4,18,0,0,.341,.365,.413,.778
Sandy S Alomar,CWS,46,108,8,30,8,0,1,17,3,14,0,0,.278,.292,.380,.672
Mike M Rivera,MIL,46,142,16,38,9,0,6,24,10,21,0,0,.268,.325,.458,.783
Jason J Marquis,STL,45,78,8,14,4,1,0,5,2,14,0,0,.179,.210,.256,.466
Quinton Q Mc Cracken,CIN,45,53,5,11,1,1,1,2,4,9,2,0,.208,.263,.321,.584
Cla C Meredith,SD,45,0,0,0,0,0,0,0,0,0,0,0,.000,.000,.000,.000
Duaner D Sanchez,NYM,45,1,1,0,0,0,0,0,0,1,0,0,.000,.500,.000,.500
Shannon S Stewart L,MIN,44,174,21,51,5,1,2,21,14,19,3,1,.293,.347,.368,.715
Brett B Tomko,LAD,44,25,2,3,0,0,0,0,1,13,0,0,.120,.154,.120,.274
David D Aardsma,CHC,43,2,0,0,0,0,0,0,0,0,0,0,.000,.000,.000,.000
Bill B Bray,CIN,43,1,0,0,0,0,0,0,0,1,0,0,.000,.000,.000,.000
Franklin F Gutierrez R,CLE,43,136,21,37,9,0,1,8,3,28,0,0,.272,.288,.360,.648
Darren D Oliver,NYM,43,15,2,2,1,0,0,2,1,7,0,0,.133,.188,.200,.388
Jorge J Piedra,COL,43,59,4,10,2,0,3,10,3,22,1,0,.169,.222,.356,.578
Ramon R Santiago S,DET,43,80,9,18,1,1,0,3,1,14,2,0,.225,.244,.263,.506
Jorge J Sosa,STL,43,24,4,3,0,0,3,3,2,11,0,0,.125,.192,.500,.692
Bernie B Castro,WSH,42,110,18,25,1,3,0,10,9,18,7,2,.227,.286,.291,.577
Eric E Reed C,FLA,42,41,6,4,0,0,0,0,2,10,3,1,.098,.178,.098,.275
Jose J Valverde,ARI,42,0,0,0,0,0,0,0,0,0,0,0,.000,.000,.000,.000
Nelson N Cruz R,TEX,41,130,15,29,3,0,6,22,7,32,1,0,.223,.261,.385,.646
Kevin K Frandsen,SF,41,93,12,20,4,0,2,7,3,14,0,1,.215,.284,.323,.607
Kelly K Shoppach,CLE,41,110,7,27,6,0,3,16,8,45,0,0,.245,.297,.382,.678
Kelly K Stinnett,NYM,41,91,6,19,3,0,1,9,5,33,0,0,.209,.258,.275,.532
Brad B Thompson,STL,41,2,0,1,0,0,0,0,0,1,0,0,.500,.500,.500,1.000
Scott S Williamson,SD,41,0,0,0,0,0,0,0,0,0,0,0,.000,.000,.000,.000
Michael M Wuertz,CHC,41,0,0,0,0,0,0,0,0,0,0,0,.000,.000,.000,.000
Greg G Aquino,ARI,40,1,0,0,0,0,0,0,0,0,0,0,.000,.000,.000,.000
Danny D Ardoin,BAL,40,122,14,22,5,1,0,3,9,33,0,0,.180,.254,.238,.491
Armando A Benitez,SF,40,0,0,0,0,0,0,0,0,0,0,0,.000,.000,.000,.000
Scott S Cassidy,SD,40,1,0,0,0,0,0,0,0,1,0,0,.000,.000,.000,.000
Ramon R Castro,NYM,40,126,13,30,7,0,4,12,15,40,0,0,.238,.322,.389,.711
Darin D Erstad C,LAA,40,95,8,21,8,1,0,5,6,18,1,1,.221,.279,.326,.605
Dallas D Mc Pherson,LAA,40,115,16,30,4,0,7,13,6,40,1,0,.261,.298,.478,.776
Tony T Pena S,ATL,40,44,12,10,2,0,1,3,2,10,0,0,.227,.261,.341,.602
Matthew M Le Croy,WSH,39,67,5,16,3,0,2,9,11,17,0,0,.239,.350,.373,.723
David D Newhan C,BAL,39,131,14,33,4,0,4,18,7,22,4,2,.252,.294,.374,.668
Gary G Sheffield R,NYY,39,151,22,45,5,0,6,25,13,16,5,1,.298,.355,.450,.806
Humberto H Cota,PIT,38,100,5,19,1,0,0,5,8,26,0,0,.190,.248,.200,.448
Fernando F Nieve,HOU,38,16,0,2,0,0,0,1,2,8,0,0,.125,.222,.125,.347
Terrmel T Sledge,SD,38,70,7,16,3,0,2,7,8,17,0,0,.229,.308,.357,.665
J. T. J Snow,BOS,38,44,5,9,0,0,0,4,8,8,0,0,.205,.340,.205,.544
Matt M Wise,MIL,38,1,0,0,0,0,0,0,0,1,0,0,.000,.000,.000,.000
Dave D Borkowski,HOU,37,5,0,0,0,0,0,0,0,1,0,0,.000,.000,.000,.000
Ramon R Ortiz,WSH,37,56,5,6,0,0,1,3,3,26,0,0,.107,.153,.161,.313
Jeremy J Accardo,SF,36,5,0,0,0,0,0,0,0,1,0,0,.000,.000,.000,.000
Clay C Hensley,SD,36,48,2,4,1,0,0,2,3,28,0,0,.083,.137,.104,.241
Kent K Mercker,CIN,36,0,0,0,0,0,0,0,0,0,0,0,.000,.000,.000,.000
Andy A Pettitte,HOU,36,62,4,12,3,0,1,5,1,19,0,0,.194,.206,.290,.497
Mike M Remlinger,ATL,36,0,0,0,0,0,0,0,0,0,0,0,.000,.000,.000,.000
Chris C Snelling R,SEA,36,96,14,24,6,1,3,8,13,38,2,1,.250,.360,.427,.787
Chris C Widger,BAL,36,93,6,16,3,0,1,9,11,24,0,0,.172,.255,.237,.491
Manny M Corpas,COL,35,0,0,0,0,0,0,0,0,0,0,0,.000,.000,.000,.000
J. J Hardy S,MIL,35,128,13,31,5,0,5,14,10,23,1,1,.242,.295,.398,.693
Brad B Hennessey,SF,35,27,1,6,1,0,0,0,0,9,0,0,.222,.222,.259,.482
Livan L Hernandez,ARI,35,68,6,14,5,0,1,6,1,7,0,0,.206,.217,.324,.541
Rene R Rivera,SEA,35,99,8,15,4,0,2,4,3,29,1,0,.152,.184,.253,.437
Ian I Snell,PIT,35,54,2,3,1,0,0,2,2,28,0,0,.056,.089,.074,.163
Brian B Sweeney,SD,35,1,0,0,0,0,0,0,0,1,0,0,.000,.000,.000,.000
Michael M Tucker,NYM,35,56,3,11,4,0,1,6,16,14,2,0,.196,.378,.321,.700
Carlos C Zambrano,CHC,35,73,9,11,0,0,6,11,1,27,1,0,.151,.160,.397,.557
Bronson B Arroyo,CIN,34,81,5,9,3,0,2,6,3,31,0,0,.111,.143,.222,.365
Erick E Aybar S,LAA,34,40,5,10,1,1,0,2,0,8,1,0,.250,.250,.325,.575
Chris C Capuano,MIL,34,68,3,8,1,0,0,3,2,35,0,0,.118,.143,.132,.275
Aaron A Harang,CIN,34,74,1,8,0,0,0,2,1,35,0,0,.108,.132,.108,.240
Tim T Hudson,ATL,34,63,4,6,1,0,0,3,2,18,0,0,.095,.123,.111,.234
Logan L Kensing,FLA,34,1,0,0,0,0,0,0,0,1,0,0,.000,.000,.000,.000
Ricky R Nolasco,FLA,34,41,2,7,0,0,1,5,2,19,0,0,.171,.209,.244,.453
Ramon R Vázquez,CLE,34,67,11,14,2,0,1,8,6,18,0,0,.209,.267,.284,.550
Jamey J Wright,SF,34,47,4,12,2,0,0,1,0,11,0,0,.255,.255,.298,.553
Andres A Blanco S,KC,33,87,9,21,4,1,0,9,5,14,0,1,.241,.290,.310,.601
Dave D Bush,MIL,33,62,6,11,3,0,0,9,0,25,0,0,.177,.190,.226,.416
Doug D Davis,MIL,33,65,5,3,0,0,0,2,1,22,0,0,.046,.075,.046,.121
Zach Z Duke,PIT,33,68,2,13,3,0,0,7,1,32,0,0,.191,.203,.235,.438
Alex A Escobar C,WSH,33,87,14,31,3,2,4,18,8,18,2,0,.356,.394,.575,.969
Tim T Hamulack,LAD,33,1,0,0,0,0,0,0,0,0,0,0,.000,.000,.000,.000
Derek D Lowe,LAD,33,64,5,6,2,0,0,3,4,19,0,0,.094,.145,.125,.270
Matt M Morris,SF,33,60,2,12,4,0,0,6,1,21,0,0,.200,.213,.267,.480
Roy R Oswalt,HOU,33,66,3,10,1,0,1,8,4,15,0,0,.152,.200,.212,.412
Brad B Penny,LAD,33,65,3,12,3,0,0,5,0,16,0,0,.185,.185,.231,.415
John J Smoltz,ATL,33,64,5,8,3,0,0,4,4,27,0,0,.125,.176,.172,.348
Bob B Wickman,ATL,33,0,0,0,0,0,0,0,0,0,0,0,.000,.000,.000,.000
Miguel M Batista,ARI,32,60,3,6,1,0,0,4,2,31,0,0,.100,.127,.117,.244
J D Closser,COL,32,97,10,19,3,1,2,11,12,23,0,1,.196,.288,.309,.598
Francisco F Cordero,MIL,32,0,0,0,0,0,0,0,0,0,0,0,.000,.000,.000,.000
Josh J Fogg,COL,32,51,5,5,1,0,0,2,3,20,0,0,.098,.164,.118,.281
Tony A Gwynn Jr. C,MIL,32,77,5,20,2,1,0,4,2,15,3,1,.260,.275,.312,.587
Adam A Jones C,SEA,32,74,6,16,4,0,1,8,2,22,3,1,.216,.237,.311,.548
Greg G Maddux,LAD,32,68,3,9,2,0,0,7,2,22,2,0,.132,.155,.162,.317
Bill B Mueller,LAD,32,107,12,27,7,0,3,15,17,9,1,1,.252,.357,.402,.759
Dontrelle D Willis,FLA,32,64,8,11,0,1,3,10,6,13,0,0,.172,.243,.344,.587
Matt M Cain,SF,31,57,1,8,2,0,0,1,1,28,0,0,.140,.155,.175,.331
Brent B Clevlen C,DET,31,39,9,11,1,2,3,6,2,15,0,0,.282,.317,.641,.958
Aaron A Cook,COL,31,58,1,3,0,0,0,0,4,21,0,0,.052,.113,.052,.165
Juan J Cruz,ARI,31,21,0,0,0,0,0,0,3,9,0,0,.000,.125,.000,.125
Jeff J Francis,COL,31,61,3,7,0,0,0,6,8,20,0,0,.115,.211,.115,.326
Scott S Olsen,FLA,31,58,3,11,2,0,0,8,0,18,0,0,.190,.190,.224,.414
Jake J Peavy,SD,31,60,6,10,3,0,2,9,1,19,0,0,.167,.180,.317,.497
Dustin D Pedroia,BOS,31,89,5,17,4,0,2,7,7,7,0,1,.191,.258,.303,.561
Roberto R Petagine,SEA,31,27,3,5,2,0,1,2,4,10,0,0,.185,.313,.370,.683
Felix F Rodriguez,WSH,31,1,0,0,0,0,0,0,0,0,0,0,.000,.000,.000,.000
Brian B Wilson,SF,31,2,0,0,0,0,0,0,0,1,0,0,.000,.000,.000,.000
Dewayne D Wise,CIN,31,38,3,7,2,0,0,1,0,6,0,0,.184,.184,.237,.421
Jeremy J Affeldt,COL,30,3,0,0,0,0,0,0,0,1,0,0,.000,.000,.000,.000
Edgardo E Alfonzo,TOR,30,87,5,11,2,0,0,5,7,4,0,0,.126,.200,.149,.349
Matt M Belisle,CIN,30,5,0,0,0,0,0,0,0,2,0,0,.000,.000,.000,.000
Chris C Carpenter,STL,30,71,2,9,0,0,0,2,0,27,0,0,.127,.127,.127,.254
Vinnie V Chulk,SF,30,1,0,0,0,0,0,0,0,0,0,0,.000,.000,.000,.000
Tom T Glavine,NYM,30,53,6,9,1,0,0,2,7,18,0,0,.170,.267,.189,.455
Jason J Jennings,COL,30,62,3,8,1,0,0,2,3,12,0,0,.129,.169,.145,.314
Josh J Johnson,FLA,30,42,1,4,2,0,0,3,1,23,0,0,.095,.116,.143,.259
Brett B Myers,PHI,30,63,1,2,0,0,0,1,4,24,0,0,.032,.090,.032,.121
Miguel M Ojeda,TEX,30,87,5,21,5,0,2,15,8,19,0,0,.241,.305,.368,.673
Ray R Olmedo,CIN,30,44,5,9,2,0,1,4,4,4,1,0,.205,.271,.318,.589
Jason J Schmidt,SF,30,66,4,9,3,0,1,1,0,26,0,0,.136,.136,.227,.364
Jeff J Suppan,STL,30,55,4,12,1,0,0,6,5,11,0,1,.218,.295,.236,.531
Claudio C Vargas,ARI,30,51,1,5,3,0,0,4,0,11,0,0,.098,.098,.157,.255
Brandon B Webb,ARI,30,73,4,11,2,0,0,9,2,33,0,0,.151,.171,.178,.349
Chris C Young,ARI,30,70,10,17,4,0,2,10,6,12,2,1,.243,.308,.386,.693
Delmon D Young R,TB,30,126,16,40,9,1,3,10,1,24,2,2,.317,.336,.476,.812
Tony T Armas,WSH,29,50,1,3,0,0,0,1,1,21,0,0,.060,.078,.060,.138
David D Cortes,COL,29,0,0,0,0,0,0,0,0,0,0,0,.000,.000,.000,.000
Casey C Kotchman,LAA,29,79,6,12,2,0,1,6,7,13,0,1,.152,.221,.215,.436
Brian B Moehler,FLA,29,31,1,2,0,0,0,2,1,15,0,0,.065,.121,.065,.186
Chad C Moeller,MIL,29,98,9,18,3,0,2,5,4,26,0,0,.184,.231,.276,.506
Oscar O Robles,LAD,29,33,6,5,0,1,0,0,5,5,0,0,.152,.263,.212,.475
Chris C Young,SD,29,54,2,7,2,1,0,4,0,26,0,0,.130,.130,.204,.333
Lance L Cormier,ATL,28,12,0,1,0,0,0,0,0,4,0,0,.083,.083,.083,.167
D' Angelo D Jimenez,OAK,28,71,8,13,3,0,1,8,16,13,0,0,.183,.333,.268,.601
Jon J Lieber,PHI,28,53,0,5,0,0,0,0,4,28,0,0,.094,.158,.094,.252
Paul P Maholm,PIT,28,55,3,6,0,0,0,2,3,31,0,0,.109,.155,.109,.264
Wandy W Rodriguez,HOU,28,37,4,3,0,0,0,1,1,10,0,0,.081,.105,.081,.186
Danny D Sandoval,PHI,28,38,1,8,1,0,0,4,4,3,0,0,.211,.279,.237,.516
Skip S Schumaker L,STL,28,54,3,10,1,0,1,2,5,6,2,1,.185,.254,.259,.514
Fernando F Tatis,BAL,28,56,7,14,6,1,2,8,6,17,0,0,.250,.313,.500,.812
Steve S Trachsel,NYM,28,50,4,7,1,0,1,2,4,13,0,0,.140,.218,.220,.438
Reggie R Willits C,LAA,28,45,12,12,1,0,0,2,11,10,4,3,.267,.411,.289,.700
Tony T Womack,CHC,28,68,7,18,3,0,1,5,8,7,1,1,.265,.342,.353,.695
Randy R Choate,ARI,27,0,0,0,0,0,0,0,0,0,0,0,.000,.000,.000,.000
Orlando O Hernandez,NYM,27,46,4,8,1,1,0,2,1,10,1,0,.174,.191,.239,.431
Nook N Logan C,WSH,27,90,13,27,3,1,1,8,6,20,2,1,.300,.337,.389,.726
Noah N Lowry,SF,27,46,2,7,0,0,1,2,3,10,0,0,.152,.204,.217,.422
Eric E Milton,CIN,27,49,8,11,3,1,0,3,2,24,0,0,.224,.250,.327,.576
Scott S Munter,SF,27,1,1,1,1,0,0,1,0,0,0,0,1.000,1.000,2.000,3.000
Renyel R Pinto,FLA,27,1,0,0,0,0,0,0,0,0,0,0,.000,.000,.000,.000
Chris C Reitsma,ATL,27,0,0,0,0,0,0,0,0,0,0,0,.000,.000,.000,.000
Carlos C Ruiz,PHI,27,69,5,18,1,1,3,10,5,8,0,0,.261,.316,.435,.751
Luis L Terrero,BAL,27,40,4,8,1,0,1,6,1,7,0,3,.200,.238,.300,.538
Jason J Bergmann,WSH,26,8,0,0,0,0,0,0,1,2,0,0,.000,.111,.000,.111
Chris C Hammond,CIN,26,0,0,0,0,0,0,0,0,0,0,0,.000,.000,.000,.000
Byung- Hyun B Kim,COL,26,50,4,8,1,0,0,4,1,15,0,0,.160,.176,.180,.356
Jonathan J Sánchez Sanchez,SF,26,7,1,0,0,0,0,0,1,4,0,0,.000,.125,.000,.125
Aaron A Sele,LAD,26,26,2,5,1,0,0,0,1,7,0,0,.192,.222,.231,.453
Brian B Shackelford,CIN,26,0,0,0,0,0,0,0,0,0,0,0,.000,.000,.000,.000
Ryan R Wagner,WSH,26,3,0,1,0,0,0,0,0,1,0,0,.333,.333,.333,.667
Woody W Williams,SD,26,54,3,11,1,0,0,4,2,13,0,0,.204,.232,.222,.454
Doug D Brocail,SD,25,0,0,0,0,0,0,0,0,0,0,0,.000,.000,.000,.000
Adrian A Brown R,TEX,25,36,6,7,1,0,0,2,2,9,1,0,.194,.231,.222,.453
Giovanni G Carrara,LAD,25,0,0,0,0,0,0,0,0,0,0,0,.000,.000,.000,.000
Scott S Dohmann,COL,25,1,0,0,0,0,0,0,0,1,0,0,.000,.000,.000,.000
Brendan B Harris,CIN,25,42,5,10,2,0,1,3,4,7,0,0,.238,.319,.357,.676
Anderson A Hernandez,NYM,25,66,4,10,1,1,1,3,1,12,0,0,.152,.164,.242,.407
Hung- Chih H Kuo,LAD,25,8,1,1,1,0,0,0,0,6,0,0,.125,.125,.250,.375
Ramon R Pena,ARI,25,2,0,0,0,0,0,0,0,0,0,0,.000,.000,.000,.000
Jason J Phillips D,TOR,25,48,4,12,6,0,0,6,1,5,0,1,.250,.275,.375,.650
Victor V Santos,PIT,25,38,4,6,1,0,0,1,0,13,0,0,.158,.158,.184,.342
Troy T Tulowitzki S,COL,25,96,15,23,2,0,1,6,10,25,3,0,.240,.318,.292,.609
Elmer E Dessens,LAD,24,1,0,0,0,0,0,0,0,0,0,0,.000,.000,.000,.000
Chuck C James,ATL,24,35,2,1,0,0,0,0,1,14,0,0,.029,.056,.029,.084
Chan Ho C Park,SD,24,41,0,11,0,0,0,5,0,12,0,0,.268,.268,.268,.537
Martin M Prado,ATL,24,42,3,11,1,1,1,9,5,7,0,0,.262,.340,.405,.745
Josh J Rabe D,MIN,24,49,8,14,1,0,3,7,2,11,0,1,.286,.314,.490,.804
Glendon G Rusch,CHC,24,15,1,3,1,0,0,0,0,4,0,0,.200,.200,.267,.467
Jack J Taschner,SF,24,0,0,0,0,0,0,0,0,0,0,0,.000,.000,.000,.000
Alberto A Callaspo,ARI,23,42,2,10,1,1,0,6,4,6,0,1,.238,.298,.310,.607
Greg G Dobbs,SEA,23,27,4,10,3,1,0,3,0,4,0,1,.370,.393,.556,.948
Mike M Gallo,HOU,23,1,0,0,0,0,0,0,0,1,0,0,.000,.000,.000,.000
Jeff J Mathis,LAA,23,55,9,8,2,0,2,6,7,14,0,0,.145,.238,.291,.529
Brayan B Peña Pena,ATL,23,41,9,11,2,0,1,5,2,5,0,0,.268,.302,.390,.693
Oliver O Pérez Perez,NYM,23,38,0,4,0,0,0,3,2,12,1,0,.105,.150,.105,.255
Timo T Perez,STL,23,31,3,6,1,0,1,3,3,4,0,0,.194,.286,.323,.608
Paul P Phillips,KC,23,65,8,18,3,0,1,5,1,8,0,0,.277,.284,.369,.653
Randall R Simon,PHI,23,21,0,5,0,0,0,2,2,6,0,0,.238,.304,.238,.542
Manny M Alexander,SD,22,34,2,6,1,1,0,4,2,5,0,1,.176,.216,.265,.481
Joey J Eischen,WSH,22,2,0,0,0,0,0,0,0,2,0,0,.000,.000,.000,.000
Enrique E Gonzalez,ARI,22,32,3,9,1,0,0,3,0,8,0,0,.281,.281,.313,.594
Geremi G Gonzalez,MIL,22,8,1,0,0,0,0,0,1,2,0,0,.000,.111,.000,.111
Cole C Hamels,PHI,22,44,4,5,0,0,0,3,6,24,0,0,.114,.216,.114,.329
Jeff J Keppinger,KC,22,60,11,16,2,0,2,8,5,6,0,0,.267,.323,.400,.723
Sean S Marshall,CHC,22,40,3,5,0,0,1,2,0,19,0,0,.125,.125,.200,.325
Pedro P Martinez,NYM,22,38,2,4,1,0,0,1,2,16,0,0,.105,.150,.132,.282
Henry H Mateo,WSH,22,26,5,4,2,0,1,3,2,3,0,0,.154,.214,.346,.560
Curtis C Pride,LAA,22,27,6,6,2,0,1,2,6,8,0,0,.222,.364,.407,.771
Todd T Wellemeyer,KC,22,2,0,0,0,0,0,0,0,1,0,0,.000,.000,.000,.000
Tim T Worrell,SF,22,1,0,0,0,0,0,0,0,0,0,0,.000,.000,.000,.000
Taylor T Buchholz,HOU,21,30,0,1,0,0,0,0,1,11,0,0,.033,.065,.033,.098
Norris N Hopper R,CIN,21,39,6,14,1,0,1,5,6,4,2,2,.359,.435,.462,.896
Chris C Iannetta,COL,21,77,12,20,4,0,2,10,13,17,0,1,.260,.370,.390,.759
Josh J Kinney,STL,21,0,0,0,0,0,0,0,0,0,0,0,.000,.000,.000,.000
Dustan D Mohr C,BOS,21,40,5,7,1,0,2,3,3,20,0,0,.175,.233,.350,.583
Michael M Morse R,SEA,21,43,5,16,5,0,0,11,3,7,1,0,.372,.396,.488,.884
Chris C Resop,FLA,21,0,0,0,0,0,0,0,0,0,0,0,.000,.000,.000,.000
Chris C Schroder,WSH,21,2,0,0,0,0,0,0,0,1,0,0,.000,.000,.000,.000
Jason J Standridge,CIN,21,0,0,0,0,0,0,0,0,0,0,0,.000,.000,.000,.000
Jason J Botts D,TEX,20,50,8,11,4,0,1,6,8,18,0,0,.220,.317,.360,.677
Rajai R Davis,PIT,20,14,1,2,1,0,0,0,2,3,1,3,.143,.250,.214,.464
Alex A Gonzalez,PHI,20,36,4,4,0,0,0,1,2,10,0,0,.111,.158,.111,.269
George G Lombard,WSH,20,21,2,3,0,0,1,1,5,10,2,0,.143,.308,.286,.593
Carlos C Marmol,CHC,20,23,3,6,1,0,1,1,0,7,0,0,.261,.261,.435,.696
Guillermo G Mota,NYM,20,0,0,0,0,0,0,0,0,0,0,0,.000,.000,.000,.000
David D Murphy C,BOS,20,22,4,5,1,0,1,2,4,4,0,0,.227,.346,.409,.755
Michael M O' Connor,WSH,20,31,2,2,0,0,0,1,1,18,0,0,.065,.094,.065,.158
Elizardo E Ramirez,CIN,20,26,2,5,1,0,0,3,1,9,0,0,.192,.222,.231,.453
Scott S Schoeneweis,CIN,20,0,0,0,0,0,0,0,0,0,0,0,.000,.000,.000,.000
Terry T Tiffee,MIN,20,45,4,11,1,0,2,6,4,8,0,1,.244,.306,.400,.706
Heath H Bell,NYM,19,1,0,0,0,0,0,0,0,1,0,0,.000,.000,.000,.000
Jeff J Fiorentino L,BAL,19,39,8,10,2,0,0,7,7,3,1,0,.256,.375,.308,.683
Jason J Grimsley,ARI,19,4,1,0,0,0,0,0,0,2,0,0,.000,.000,.000,.000
Eddie E Guardado,CIN,19,0,0,0,0,0,0,0,0,0,0,0,.000,.000,.000,.000
Cory C Lidle,PHI,19,34,3,3,0,1,0,0,2,14,0,0,.088,.139,.147,.286
Laynce L Nix C,MIL,19,67,3,11,2,0,1,10,0,28,0,0,.164,.186,.239,.424
Odalis O Perez,LAD,19,15,3,1,0,0,0,0,1,1,0,0,.067,.125,.067,.192
Jeff J Salazar C,COL,19,53,13,15,4,0,1,8,11,16,2,0,.283,.409,.415,.824
Jae Weong J Seo,TB,19,19,0,2,0,0,0,0,1,6,0,0,.105,.150,.105,.255
Kevin K Thompson,NYY,19,30,5,9,3,0,1,6,6,9,2,0,.300,.417,.500,.917
Jeff J Weaver,STL,19,30,1,4,1,0,0,3,3,12,0,0,.133,.212,.167,.379
Kevin K Witt D,TB,19,61,5,9,2,0,2,5,0,21,0,0,.148,.148,.279,.426
Jeff J Baker R,COL,18,57,13,21,7,2,5,21,1,14,2,0,.368,.379,.825,1.204
Kevin K Barry,ATL,18,2,0,0,0,0,0,0,0,1,0,0,.000,.000,.000,.000
T. J. T Bohn R,SEA,18,14,2,2,0,0,1,2,2,8,0,0,.143,.250,.357,.607
Roger R Clemens,HOU,18,27,0,2,1,0,0,0,3,11,0,0,.074,.194,.111,.305
Buck B Coats,CHC,18,18,2,3,1,0,1,1,0,6,0,0,.167,.167,.389,.556
Clay C Condrey,PHI,18,2,0,0,0,0,0,0,0,1,0,0,.000,.000,.000,.000
Jorge J De La Rosa,MIL,18,5,0,0,0,0,0,0,0,4,0,0,.000,.000,.000,.000
Brandon B Harper,WSH,18,41,6,12,3,0,2,6,4,4,0,0,.293,.362,.512,.874
Rick R Helling,MIL,18,3,0,0,0,0,0,0,0,2,0,0,.000,.000,.000,.000
Adam A Lind D,TOR,18,60,8,22,8,0,2,8,5,12,0,0,.367,.415,.600,1.015
Tomo T Ohka,MIL,18,31,0,5,1,0,0,6,1,15,0,0,.161,.188,.194,.381
Carlos C Pena,BOS,18,33,3,9,2,0,1,3,4,10,0,0,.273,.351,.424,.776
Kerry K Robinson C,KC,18,64,8,17,2,1,0,5,1,7,1,1,.266,.277,.328,.605
Brian B Sanches,PHI,18,0,0,0,0,0,0,0,0,0,0,0,.000,.000,.000,.000
Ryan R Sweeney C,CWS,18,35,1,8,0,0,0,5,0,7,0,0,.229,.229,.229,.457
Mike M Thompson,SD,18,25,2,4,0,0,0,0,1,12,0,0,.160,.192,.160,.352
John J Thomson,ATL,18,30,1,8,2,0,0,4,0,10,0,0,.267,.267,.333,.600
Joe J Thurston,PHI,18,18,3,4,1,0,0,0,1,2,0,0,.222,.300,.278,.578
Ryan R Vogelsong,PIT,18,3,1,1,0,0,0,0,2,2,0,0,.333,.600,.333,.933
Pedro P Astacio,WSH,17,25,2,5,0,0,0,0,0,8,0,0,.200,.259,.200,.459
Larry L Bigbie,STL,17,25,2,6,1,0,0,1,3,9,0,0,.240,.321,.280,.601
Michael M Bourn R,PHI,17,8,2,1,0,0,0,0,1,3,1,2,.125,.222,.125,.347
Mark M Hendrickson,LAD,17,19,1,0,0,0,0,0,2,14,0,0,.000,.095,.000,.095
Charlton C Jimerson R,HOU,17,6,2,2,0,0,1,1,0,3,2,0,.333,.333,.833,1.167
Ed E Rogers,BAL,17,25,1,5,0,0,0,2,0,3,0,0,.200,.192,.200,.392
Anibal A Sánchez Sanchez,FLA,17,35,1,4,0,0,0,2,0,14,0,0,.114,.114,.114,.229
Ben B Sheets,MIL,17,33,1,1,0,0,0,0,1,13,0,0,.030,.059,.030,.089
Chad C Billingsley,LAD,16,24,2,2,0,0,0,2,2,15,0,0,.083,.185,.083,.268
Raul R Chavez,BAL,16,28,1,5,0,0,0,0,1,4,0,0,.179,.207,.179,.386
Tomas T De La Rosa S,SF,16,16,1,5,0,0,0,1,1,3,0,0,.313,.353,.313,.665
Rich R Hill,CHC,16,30,0,3,1,0,0,0,1,11,0,0,.100,.129,.133,.262
Kevin K Kouzmanoff D,CLE,16,56,4,12,2,0,3,11,5,12,0,0,.214,.279,.411,.689
Justin J Lehr,MIL,16,0,0,0,0,0,0,0,0,0,0,0,.000,.000,.000,.000
John J Maine,NYM,16,28,3,1,1,0,0,0,0,16,0,0,.036,.069,.071,.140
Paul P Mc Anulty,SD,16,13,3,3,1,0,1,3,2,4,0,0,.231,.333,.538,.872
Sergio S Mitre,FLA,16,12,2,2,1,0,0,1,0,4,0,0,.167,.167,.250,.417
Scott S Moore,CHC,16,38,6,10,2,0,2,5,2,10,0,0,.263,.317,.474,.791
Mark M Mulder,STL,16,25,5,7,2,0,1,5,5,8,0,0,.280,.400,.480,.880
Anthony A Reyes,STL,16,25,1,3,0,0,0,0,0,10,0,0,.120,.120,.120,.240
Esteban E Yan,CIN,16,0,0,0,0,0,0,0,0,0,0,0,.000,.000,.000,.000
Micah M Bowie,WSH,15,1,0,0,0,0,0,0,0,0,0,0,.000,.000,.000,.000
Fabio F Castro,PHI,15,2,0,0,0,0,0,0,0,1,0,0,.000,.000,.000,.000
Mike M Di Felice,NYM,15,25,3,2,1,0,0,1,5,10,0,0,.080,.233,.120,.353
Melvin M Dorta,WSH,15,19,3,4,1,0,0,0,1,2,0,2,.211,.250,.263,.513
Angel A Guzman,CHC,15,12,0,2,1,0,0,2,0,4,0,0,.167,.167,.250,.417
Peter P Moylan,ATL,15,0,0,0,0,0,0,0,0,0,0,0,.000,.000,.000,.000
Matt M Smith,PHI,15,0,0,0,0,0,0,0,0,0,0,0,.000,.000,.000,.000
Billy B Traber,WSH,15,13,1,1,0,0,0,1,1,8,0,0,.077,.143,.077,.220
Kyle K Davies,ATL,14,23,1,1,0,0,1,1,0,8,0,0,.043,.043,.174,.217
Mike M Edwards,PIT,14,16,1,3,0,0,0,0,1,5,0,0,.188,.235,.188,.423
Nate N Field,COL,14,0,0,0,0,0,0,0,0,0,0,0,.000,.000,.000,.000
Kyle K Lohse,CIN,14,23,2,4,1,0,0,3,0,10,0,0,.174,.174,.217,.391
Yusmeiro Y Petit,FLA,14,5,1,1,0,0,0,1,0,2,0,0,.200,.200,.200,.400
Horacio H Ramirez,ATL,14,24,2,3,0,0,0,0,1,2,0,0,.125,.160,.125,.285
Josh J Sharpless,PIT,14,0,0,0,0,0,0,0,0,0,0,0,.000,.000,.000,.000
Ruben R Sierra,MIN,14,28,3,5,1,0,0,4,4,7,0,0,.179,.273,.214,.487
Dave D Williams,NYM,14,21,1,3,0,0,0,0,3,9,0,0,.143,.250,.143,.393
Chris C Barnwell S,MIL,13,30,2,2,0,0,0,1,1,6,1,0,.067,.097,.067,.163
Andy A Cannizaro S,NYY,13,8,5,2,0,0,1,1,1,1,0,0,.250,.333,.625,.958
Brandon B Claussen,CIN,13,21,1,2,0,0,0,1,0,11,0,0,.095,.095,.095,.190
John J Hattig,TOR,13,24,2,8,1,0,0,3,5,8,0,0,.333,.448,.375,.823
Fred F Lewis L,SF,13,11,5,5,1,0,0,2,0,3,0,0,.455,.455,.545,1.000
Randy R Wolf,PHI,13,21,2,4,2,0,0,4,2,8,0,0,.190,.240,.286,.526
Kevin K Barker D,TOR,12,17,3,4,1,0,1,1,1,10,0,0,.235,.278,.471,.748
Franklyn F German,FLA,12,0,0,0,0,0,0,0,0,0,0,0,.000,.000,.000,.000
Wiki W Gonzalez,WSH,12,35,3,8,0,0,0,2,2,5,0,0,.229,.263,.229,.492
Travis T Ishikawa,SF,12,24,1,7,3,1,0,4,1,6,0,0,.292,.320,.500,.820
Terrence T Long R,NYY,12,36,6,6,1,0,0,2,4,8,0,0,.167,.250,.194,.444
Juan J Mateo,CHC,12,12,1,0,0,0,0,0,0,9,0,0,.000,.000,.000,.000
Franquelis F Osoria,LAD,12,2,0,0,0,0,0,0,0,2,0,0,.000,.000,.000,.000
Jerry J Owens,CWS,12,9,4,3,1,0,0,0,0,2,1,0,.333,.333,.444,.778
Sidney S Ponson,STL,12,13,1,3,0,0,0,1,3,6,0,1,.231,.375,.231,.606
Chris C Sampson,HOU,12,5,0,0,0,0,0,0,0,2,0,0,.000,.000,.000,.000
Rudy R Seanez,SD,12,0,0,0,0,0,0,0,0,0,0,0,.000,.000,.000,.000
Brian B Sikorski,SD,12,0,0,0,0,0,0,0,0,0,0,0,.000,.000,.000,.000
Jason J Vargas,FLA,12,16,1,5,1,0,0,1,1,2,0,0,.313,.353,.375,.728
Jason J Wood,FLA,12,13,3,6,2,0,0,1,1,2,1,0,.462,.500,.615,1.115
Robert R Andino S,FLA,11,24,0,4,1,0,0,2,1,6,1,0,.167,.185,.208,.394
Jonah J Bayliss,PIT,11,0,0,0,0,0,0,0,0,0,0,0,.000,.000,.000,.000
Mike M Burns,CIN,11,0,0,0,0,0,0,0,0,0,0,0,.000,.000,.000,.000
Josh J Fields,CWS,11,20,4,3,2,0,1,2,5,8,0,0,.150,.320,.400,.720
Gavin G Floyd,PHI,11,23,0,1,0,0,0,0,0,12,0,0,.043,.043,.043,.087
Wayne W Franklin,ATL,11,0,0,0,0,0,0,0,0,0,0,0,.000,.000,.000,.000
Tom T Gorzelanny,PIT,11,19,0,0,0,0,0,1,1,11,0,0,.000,.050,.000,.050
Matt M Lawton C,SEA,11,27,5,7,0,0,0,1,2,2,0,0,.259,.310,.259,.570
Carlos C Martinez,FLA,11,0,0,0,0,0,0,0,0,0,0,0,.000,.000,.000,.000
Omar O Quintanilla S,COL,11,34,3,6,1,1,0,3,3,9,1,1,.176,.243,.265,.508
Humberto H Quintero,HOU,11,21,2,7,2,0,0,2,1,3,0,0,.333,.364,.429,.792
Royce R Ring,NYM,11,0,0,0,0,0,0,0,0,0,0,0,.000,.000,.000,.000
Geovany G Soto,CHC,11,25,1,5,1,0,0,2,0,5,0,0,.200,.231,.240,.471
Chris C Booker,WSH,10,0,0,0,0,0,0,0,0,0,0,0,.000,.000,.000,.000
Lance L Carter,LAD,10,0,0,0,0,0,0,0,0,0,0,0,.000,.000,.000,.000
Shawn S Chacon,PIT,10,15,2,1,1,0,0,1,1,6,0,0,.067,.125,.133,.258
Casey C Daigle,ARI,10,1,0,0,0,0,0,0,0,1,0,0,.000,.000,.000,.000
Chris C Demaria,MIL,10,0,0,0,0,0,0,0,0,0,0,0,.000,.000,.000,.000
Joey J Devine,ATL,10,0,0,0,0,0,0,0,0,0,0,0,.000,.000,.000,.000
Jeff J Fassero,SF,10,4,2,1,0,0,0,0,0,1,0,0,.250,.250,.250,.500
Edgar E Gonzalez,ARI,10,13,0,1,0,0,0,0,0,4,0,0,.077,.077,.077,.154
Chad C Mottola L,TOR,10,16,3,4,2,0,0,0,0,3,0,0,.250,.250,.375,.625
Kevin K Reese,NYY,10,12,2,5,0,0,0,1,1,1,1,0,.417,.500,.417,.917
Michael M Restovich,CHC,10,12,0,2,1,0,0,1,1,5,0,0,.167,.231,.250,.481
Shawn S Riggans,TB,10,29,3,5,1,0,0,1,4,7,0,0,.172,.273,.207,.480
Mariano M Rivera,NYY,10,1,0,0,0,0,0,0,0,1,0,0,.000,.000,.000,.000
Brian B Rogers,PIT,10,0,0,0,0,0,0,0,0,0,0,0,.000,.000,.000,.000
Mike M Rose,STL,10,9,0,2,0,0,0,1,0,4,0,0,.222,.222,.222,.444
Jae Kuk J Ryu,CHC,10,1,0,0,0,0,0,0,0,1,0,0,.000,.000,.000,.000
Adam A Stern C,BOS,10,20,3,3,1,0,0,4,0,4,1,0,.150,.190,.200,.390
Les L Walrond,CHC,10,2,0,0,0,0,0,0,0,1,0,0,.000,.000,.000,.000
Brandon B Watson,CIN,10,28,0,5,0,0,0,0,1,3,1,2,.179,.207,.179,.386
Drew T. D Anderson,MIL,9,9,3,1,0,0,0,0,1,4,0,0,.111,.200,.111,.311
Brandon B Backe,HOU,9,14,0,2,0,0,0,0,1,6,0,0,.143,.200,.143,.343
Dewon D Brazelton,SD,9,4,0,1,1,0,0,1,0,2,0,0,.250,.250,.500,.750
Alexi A Casilla,MIN,9,4,1,1,0,0,0,0,2,1,0,0,.250,.500,.250,.750
Matt M Cepicky R,FLA,9,18,0,2,0,0,0,0,1,4,0,0,.111,.158,.111,.269
Dana D Eveland,MIL,9,7,0,0,0,0,0,0,0,4,0,0,.000,.000,.000,.000
Freddy F Guzman,TEX,9,7,1,2,0,0,0,0,1,1,0,0,.286,.444,.286,.730
Scott S Hairston L,ARI,9,15,2,6,2,0,0,2,1,5,0,0,.400,.438,.533,.971
Jason J Hirsh,HOU,9,15,0,0,0,0,0,0,0,9,0,0,.000,.000,.000,.000
Lou L Merloni,CLE,9,19,1,4,1,0,0,1,2,5,1,0,.211,.286,.263,.549
Jamie J Moyer,PHI,9,21,1,2,0,0,0,1,1,6,0,0,.095,.136,.095,.232
Daniel D Ortmeier,SF,9,12,0,3,1,0,0,2,0,4,0,0,.250,.250,.333,.583
Beltran B Perez,WSH,9,6,0,3,0,0,0,0,1,2,0,0,.500,.571,.500,1.071
Ryan R Roberts,TOR,9,13,1,1,0,0,1,1,1,4,0,0,.077,.143,.308,.450
Vinny V Rottino,MIL,9,14,1,3,1,0,0,1,1,2,1,0,.214,.267,.286,.552
Doug D Slaten,ARI,9,0,0,0,0,0,0,0,0,0,0,0,.000,.000,.000,.000
Mike M Vento R,WSH,9,18,3,5,1,0,0,1,4,5,0,0,.278,.409,.333,.742
Brian B Bannister,NYM,8,12,2,4,3,0,0,2,0,3,0,0,.333,.333,.583,.917
Hiram H Bocachica C,OAK,8,13,3,3,0,0,0,0,3,4,1,0,.231,.375,.231,.606
Sean S Burroughs,TB,8,21,3,4,1,0,0,1,4,7,1,0,.190,.320,.238,.558
Zach Z Day,WSH,8,12,0,0,0,0,0,0,0,5,0,0,.000,.000,.000,.000
Luis L Figueroa,TOR,8,9,1,1,1,0,0,0,0,2,0,0,.111,.111,.222,.333
John J Gall,STL,8,12,1,3,0,0,0,1,0,5,0,0,.250,.250,.250,.500
Joel J Guzman,LAD,8,19,2,4,0,0,0,3,3,2,0,0,.211,.348,.211,.558
Kevin K Hooper,DET,8,3,1,0,0,0,0,0,1,1,0,0,.000,.250,.000,.250
Ken K Huckaby,BOS,8,5,0,1,0,0,0,1,0,0,0,0,.200,.200,.200,.400
Travis T Hughes,WSH,8,1,0,1,0,0,0,0,0,0,0,0,1.000,1.000,1.000,2.000
Sun- Woo S Kim,CIN,8,2,0,1,1,0,0,0,0,0,0,0,.500,.500,1.000,1.500
Carlos C Maldonado,PIT,8,19,0,2,0,0,0,0,1,10,1,0,.105,.150,.105,.255
Chris C Michalak,CIN,8,8,0,2,1,0,0,0,1,5,0,0,.250,.333,.375,.708
John J Nelson,STL,8,5,2,0,0,0,0,0,0,4,0,0,.000,.000,.000,.000
Mark M Prior,CHC,8,13,0,1,0,0,0,0,0,5,0,0,.077,.077,.077,.154
Mike M Rouse,OAK,8,24,2,7,3,0,0,2,1,4,1,0,.292,.346,.417,.763
Angel A Sanchez,KC,8,27,2,6,0,0,0,1,0,4,0,0,.222,.214,.222,.436
Dennis D Sarfate,MIL,8,0,0,0,0,0,0,0,0,0,0,0,.000,.000,.000,.000
Carlos C Villanueva,MIL,8,15,0,1,0,0,0,1,0,9,0,0,.067,.067,.067,.133
Delwyn D Young,LAD,8,5,0,0,0,0,0,0,0,1,0,0,.000,.000,.000,.000
Howie H Clark,BAL,7,7,1,1,0,0,0,0,2,2,0,0,.143,.333,.143,.476
Kyle K Farnsworth,NYY,7,0,0,0,0,0,0,0,0,0,0,0,.000,.000,.000,.000
Zach Z Jackson,MIL,7,9,1,1,0,0,0,0,0,2,0,0,.111,.111,.111,.222
Scott S Mathieson,PHI,7,7,0,1,0,0,0,0,0,4,0,0,.143,.143,.143,.286
Joe J Mays,CIN,7,9,0,2,1,0,0,3,0,4,0,0,.222,.222,.333,.556
Joe J Mc Ewing,HOU,7,6,0,0,0,0,0,0,0,2,0,0,.000,.000,.000,.000
Russ R Ortiz,BAL,7,6,1,2,0,0,0,2,2,1,0,0,.333,.500,.333,.833
Juan Pablo J Perez,PIT,7,0,0,0,0,0,0,0,0,0,0,0,.000,.000,.000,.000
Julio J Santana,PHI,7,1,0,0,0,0,0,0,0,1,0,0,.000,.000,.000,.000
Chris C Spurling,MIL,7,0,0,0,0,0,0,0,0,0,0,0,.000,.000,.000,.000
Mike M Venafro,COL,7,0,0,0,0,0,0,0,0,0,0,0,.000,.000,.000,.000
Joe J Winkelsas,MIL,7,0,0,0,0,0,0,0,0,0,0,0,.000,.000,.000,.000
Joaquin J Arias S,TEX,6,11,4,6,1,0,0,1,1,0,0,1,.545,.583,.636,1.220
Ezequiel E Astacio,HOU,6,0,0,0,0,0,0,0,0,0,0,0,.000,.000,.000,.000
Doug D Clark,OAK,6,6,0,1,0,0,0,0,0,3,1,0,.167,.167,.167,.333
Roy R Corcoran,WSH,6,1,0,0,0,0,0,0,1,1,0,0,.000,.500,.000,.500
Victor V Diaz L,NYM,6,11,0,2,1,0,0,2,0,5,0,0,.182,.182,.273,.454
Chad C Gaudin,OAK,6,0,0,0,0,0,0,0,0,0,0,0,.000,.000,.000,.000
Kevin K Gryboski,WSH,6,0,0,0,0,0,0,0,0,0,0,0,.000,.000,.000,.000
Ryan R Klesko,SD,6,4,0,3,1,0,0,2,2,0,0,0,.750,.833,1.000,1.833
Miguel M Montero,ARI,6,16,0,4,1,0,0,3,1,3,0,0,.250,.294,.313,.607
Wil W Nieves,NYY,6,6,0,0,0,0,0,0,0,1,0,0,.000,.000,.000,.000
John J Patterson,WSH,6,8,0,2,0,0,0,0,0,1,0,0,.250,.250,.250,.500
Scott S Proctor,NYY,6,0,0,0,0,0,0,0,0,0,0,0,.000,.000,.000,.000
Britt B Reames,PIT,6,0,0,0,0,0,0,0,0,0,0,0,.000,.000,.000,.000
J. C. J Romero,LAA,6,0,0,0,0,0,0,0,0,0,0,0,.000,.000,.000,.000
B. J. B Ryan,TOR,6,0,0,0,0,0,0,0,0,0,0,0,.000,.000,.000,.000
Alay A Soler,NYM,6,11,0,1,0,0,0,0,0,6,0,0,.091,.091,.091,.182
Chris C Stewart,CWS,6,8,0,0,0,0,0,0,0,2,0,0,.000,.000,.000,.000
Eric E Stults,LAD,6,5,1,3,0,0,0,0,0,1,0,0,.600,.600,.600,1.200
Tyler T Walker,SF,6,0,0,0,0,0,0,0,1,0,0,0,.000,1.000,.000,1.000
Kip K Wells,PIT,6,11,0,1,0,0,0,0,0,8,0,0,.091,.091,.091,.182
Andy A Abad,CIN,5,3,0,0,0,0,0,0,2,0,0,0,.000,.400,.000,.400
Yhency Y Brazoban,LAD,5,0,0,0,0,0,0,0,0,0,0,0,.000,.000,.000,.000
Eude E Brito,PHI,5,6,0,0,0,0,0,0,1,4,0,0,.000,.143,.000,.143
Chris C Britton,BAL,5,0,0,0,0,0,0,0,0,0,0,0,.000,.000,.000,.000
Jim J Brower,SD,5,0,0,0,0,0,0,0,0,0,0,0,.000,.000,.000,.000
Jeremy J Brown,OAK,5,10,1,3,2,0,0,0,1,1,0,0,.300,.364,.500,.864
Ambiorix A Burgos,KC,5,0,0,0,0,0,0,0,0,0,0,0,.000,.000,.000,.000
Manny M Delcarmen,BOS,5,0,0,0,0,0,0,0,0,0,0,0,.000,.000,.000,.000
Brendan B Donnelly,LAA,5,0,0,0,0,0,0,0,0,0,0,0,.000,.000,.000,.000
Scott S Downs,TOR,5,0,0,0,0,0,0,0,0,0,0,0,.000,.000,.000,.000
Brian B Falkenborg,STL,5,1,0,0,0,0,0,0,0,1,0,0,.000,.000,.000,.000
Scott S Feldman,TEX,5,0,0,0,0,0,0,0,0,0,0,0,.000,.000,.000,.000
Jose J Garcia,FLA,5,2,0,1,0,0,0,0,0,1,0,0,.500,.500,.500,1.000
Justin J Hampson,COL,5,3,2,0,0,0,0,0,1,1,0,0,.000,.250,.000,.250
Roberto R Hernandez,CLE,5,0,0,0,0,0,0,0,0,0,0,0,.000,.000,.000,.000
Justin J Huber D,KC,5,10,1,2,1,0,0,1,1,4,1,0,.200,.273,.300,.573
Bobby B Jenks,CWS,5,0,0,0,0,0,0,0,0,0,0,0,.000,.000,.000,.000
Jason J Johnson,CIN,5,1,0,0,0,0,0,0,0,1,0,0,.000,.000,.000,.000
Justin J Knoedler,SF,5,7,0,1,0,0,0,0,0,1,0,0,.143,.143,.143,.286
Mitch M Maier,KC,5,13,3,2,0,0,0,0,2,4,0,0,.154,.267,.154,.420
Julio J Mateo,SEA,5,0,0,0,0,0,0,0,0,0,0,0,.000,.000,.000,.000
Marty M Mc Leary,PIT,5,5,0,0,0,0,0,0,0,3,0,0,.000,.000,.000,.000
Drew D Meyer,TEX,5,14,1,3,0,0,0,0,0,8,0,0,.214,.214,.214,.429
Wade W Miller,CHC,5,7,0,1,0,0,0,0,0,5,0,0,.143,.143,.143,.286
Terry T Mulholland,ARI,5,0,0,0,0,0,0,0,0,0,0,0,.000,.000,.000,.000
Chris C Narveson,STL,5,1,0,0,0,0,0,0,0,1,0,0,.000,.000,.000,.000
Joe J Nathan,MIN,5,1,0,0,0,0,0,0,0,1,0,0,.000,.000,.000,.000
Jonathan J Papelbon,BOS,5,0,0,0,0,0,0,0,0,0,0,0,.000,.000,.000,.000
Joel J Peralta,KC,5,0,0,0,0,0,0,0,0,0,0,0,.000,.000,.000,.000
Chris C Ray,BAL,5,0,0,0,0,0,0,0,0,0,0,0,.000,.000,.000,.000
Juan J Rincon,MIN,5,0,0,0,0,0,0,0,0,0,0,0,.000,.000,.000,.000
Ricardo R Rincon,STL,5,0,0,0,0,0,0,0,0,0,0,0,.000,.000,.000,.000
Billy B Sadler,SF,5,0,0,0,0,0,0,0,0,0,0,0,.000,.000,.000,.000
Scott S Sauerbeck,OAK,5,0,0,0,0,0,0,0,0,0,0,0,.000,.000,.000,.000
George G Sherrill,SEA,5,0,0,0,0,0,0,0,0,0,0,0,.000,.000,.000,.000
Rafael R Soriano,SEA,5,0,0,0,0,0,0,0,0,0,0,0,.000,.000,.000,.000
Justin J Speier,TOR,5,0,0,0,0,0,0,0,0,0,0,0,.000,.000,.000,.000
Julian J Tavarez,BOS,5,0,0,0,0,0,0,0,0,0,0,0,.000,.000,.000,.000
Mike M Timlin,BOS,5,0,0,0,0,0,0,0,0,0,0,0,.000,.000,.000,.000
David D Wells,SD,5,5,0,1,0,0,0,0,0,2,0,0,.200,.200,.200,.400
Jerome J Williams,CHC,5,2,0,0,0,0,0,0,0,1,0,0,.000,.000,.000,.000
Shane S Youman,PIT,5,7,0,3,0,0,0,1,0,3,0,0,.429,.429,.429,.857
Victor V Zambrano,NYM,5,5,0,0,0,0,0,0,0,1,0,0,.000,.167,.000,.167
Joel J Zumaya,DET,5,0,0,0,0,0,0,0,0,0,0,0,.000,.000,.000,.000
Matt M Albers,HOU,4,4,0,0,0,0,0,0,0,3,0,0,.000,.000,.000,.000
Rick R Bauer,TEX,4,0,0,0,0,0,0,0,0,0,0,0,.000,.000,.000,.000
Denny D Bautista,COL,4,1,0,0,0,0,0,0,0,0,0,0,.000,.000,.000,.000
Kurt K Birkins,BAL,4,0,0,0,0,0,0,0,0,0,0,0,.000,.000,.000,.000
Kiko K Calero,OAK,4,0,0,0,0,0,0,0,0,0,0,0,.000,.000,.000,.000
Brett B Campbell,WSH,4,0,0,0,0,0,0,0,0,0,0,0,.000,.000,.000,.000
Hector H Carrasco,LAA,4,0,0,0,0,0,0,0,0,0,0,0,.000,.000,.000,.000
Neal N Cotts,CWS,4,0,0,0,0,0,0,0,0,0,0,0,.000,.000,.000,.000
Jesse J Crain,MIN,4,0,0,0,0,0,0,0,0,0,0,0,.000,.000,.000,.000
Jack J Cust,SD,4,3,1,1,0,0,0,0,0,1,0,0,.333,.333,.333,.667
Jared J Fernandez,MIL,4,0,0,0,0,0,0,0,0,0,0,0,.000,.000,.000,.000
Ron R Flores,OAK,4,1,0,0,0,0,0,0,0,0,0,0,.000,.000,.000,.000
Jason J Frasor,TOR,4,0,0,0,0,0,0,0,0,0,0,0,.000,.000,.000,.000
Jimmy J Gobble,KC,4,0,0,0,0,0,0,0,0,0,0,0,.000,.000,.000,.000
Ben B Hendrickson,MIL,4,3,0,0,0,0,0,0,1,3,0,0,.000,.250,.000,.250
Shawn S Hill,WSH,4,6,1,1,0,0,0,0,0,4,0,0,.167,.167,.167,.333
Paul P Hoover,FLA,4,5,0,2,0,0,0,1,0,0,0,0,.400,.400,.400,.800
J. R. J House,HOU,4,9,0,0,0,0,0,0,0,2,0,0,.000,.000,.000,.000
Kevin K Jarvis,ARI,4,0,0,0,0,0,0,0,0,0,0,0,.000,.000,.000,.000
Todd T Jones,DET,4,0,0,0,0,0,0,0,0,0,0,0,.000,.000,.000,.000
Tim T Laker,CLE,4,13,1,4,1,0,0,2,0,4,0,0,.308,.308,.385,.692
Jose J Lima,NYM,4,5,0,0,0,0,0,0,0,3,0,0,.000,.000,.000,.000
Oswaldo O Navarro,SEA,4,3,0,2,0,0,0,0,0,1,0,0,.667,.667,.667,1.333
Mike M Pelfrey,NYM,4,9,0,0,0,0,0,0,0,4,0,0,.000,.000,.000,.000
J. J Putz,SEA,4,0,0,0,0,0,0,0,0,0,0,0,.000,.000,.000,.000
Santiago S Ramirez,WSH,4,0,0,0,0,0,0,0,0,0,0,0,.000,.000,.000,.000
Dennys D Reyes,MIN,4,0,0,0,0,0,0,0,0,0,0,0,.000,.000,.000,.000
Jose J Reyes,CHC,4,5,0,1,0,0,0,2,0,3,0,0,.200,.200,.200,.400
David D Riske,CWS,4,0,0,0,0,0,0,0,0,0,0,0,.000,.000,.000,.000
Sendy S Rleal,BAL,4,0,0,0,0,0,0,0,0,0,0,0,.000,.000,.000,.000
Fernando F Rodney,DET,4,1,0,0,0,0,0,0,0,0,0,0,.000,.000,.000,.000
Francisco F Rodríguez Rodriguez,LAA,4,0,0,0,0,0,0,0,0,0,0,0,.000,.000,.000,.000
Scot S Shields,LAA,4,1,0,0,0,0,0,0,0,0,0,0,.000,.000,.000,.000
Jason J Shiell,ATL,4,4,0,0,0,0,0,0,1,3,0,0,.000,.200,.000,.200
Andrew A Sisco,KC,4,0,0,0,0,0,0,0,0,0,0,0,.000,.000,.000,.000
Huston H Street,OAK,4,0,0,0,0,0,0,0,0,0,0,0,.000,.000,.000,.000
Ron R Villone,NYY,4,0,0,0,0,0,0,0,0,0,0,0,.000,.000,.000,.000
Todd T Williams,BAL,4,0,0,0,0,0,0,0,0,0,0,0,.000,.000,.000,.000
Kerry K Wood,CHC,4,6,0,3,1,0,0,2,0,0,0,0,.500,.500,.667,1.167
Miguel M Asencio,COL,3,3,0,0,0,0,0,0,0,2,0,0,.000,.000,.000,.000
Joaquin J Benoit,TEX,3,0,0,0,0,0,0,0,0,0,0,0,.000,.000,.000,.000
Kris K Benson,BAL,3,9,1,1,0,0,1,2,0,3,0,0,.111,.111,.444,.556
Rafael R Betancourt,CLE,3,0,0,0,0,0,0,0,0,0,0,0,.000,.000,.000,.000
Fernando F Cabrera,CLE,3,0,0,0,0,0,0,0,0,0,0,0,.000,.000,.000,.000
Shawn S Camp,TB,3,0,0,0,0,0,0,0,0,0,0,0,.000,.000,.000,.000
Tim T Corcoran,TB,3,4,0,0,0,0,0,0,0,3,0,0,.000,.000,.000,.000
Bryan B Corey,TEX,3,0,0,0,0,0,0,0,0,0,0,0,.000,.000,.000,.000
Yurendell Y Decaster,PIT,3,2,0,0,0,0,0,0,0,2,0,0,.000,.000,.000,.000
Francisco F Del Rosario,TOR,3,1,0,0,0,0,0,0,0,0,0,0,.000,.000,.000,.000
Einar E Díaz Diaz,LAD,3,3,0,2,0,0,0,0,0,0,0,0,.667,.667,.667,1.333
Willie W Eyre,MIN,3,1,0,0,0,0,0,0,0,1,0,0,.000,.000,.000,.000
Kevin K Gregg,LAA,3,3,0,0,0,0,0,0,0,2,0,0,.000,.000,.000,.000
Jack J Hannahan,DET,3,9,0,0,0,0,0,0,1,1,0,0,.000,.100,.000,.100
Dan D Haren,OAK,3,7,0,0,0,0,0,0,0,2,0,0,.000,.000,.000,.000
Travis T Harper,TB,3,0,0,0,0,0,0,0,0,0,0,0,.000,.000,.000,.000
Chad C Harville,TB,3,0,0,0,0,0,0,0,0,0,0,0,.000,.000,.000,.000
La Troy L Hawkins,BAL,3,0,0,0,0,0,0,0,0,0,0,0,.000,.000,.000,.000
Jon J Knott,SD,3,3,0,0,0,0,0,0,0,1,0,0,.000,.000,.000,.000
John J Koronka,TEX,3,6,0,0,0,0,0,0,0,2,0,0,.000,.000,.000,.000
Wilfredo W Ledezma,DET,3,0,0,0,0,0,0,0,0,0,0,0,.000,.000,.000,.000
Francisco F Liriano,MIN,3,5,0,1,0,0,0,1,1,3,0,0,.200,.333,.200,.533
Javier J López Lopez,BOS,3,0,0,0,0,0,0,0,0,0,0,0,.000,.000,.000,.000
Ron R Mahay,TEX,3,0,0,0,0,0,0,0,0,0,0,0,.000,.000,.000,.000
Brandon B Mc Carthy,CWS,3,1,0,0,0,0,0,0,0,0,0,0,.000,.000,.000,.000
Brian B Meadows,TB,3,0,0,0,0,0,0,0,0,0,0,0,.000,.000,.000,.000
Mike M Myers,NYY,3,0,0,0,0,0,0,0,0,0,0,0,.000,.000,.000,.000
Henry H Owens,NYM,3,0,0,0,0,0,0,0,0,0,0,0,.000,.000,.000,.000
Rafael R Perez,CLE,3,0,0,0,0,0,0,0,0,0,0,0,.000,.000,.000,.000
C Sabathia,CLE,3,9,0,2,0,0,0,2,0,5,0,0,.222,.222,.222,.444
Chad C Santos,SF,3,7,2,3,0,0,1,2,1,2,0,0,.429,.500,.857,1.357
James J Shields,TB,3,8,2,3,0,0,0,0,0,3,0,0,.375,.375,.375,.750
Phil P Stockman,ATL,3,0,0,0,0,0,0,0,0,0,0,0,.000,.000,.000,.000
Jon J Switzer,TB,3,0,0,0,0,0,0,0,0,0,0,0,.000,.000,.000,.000
Ty T Taubenheim,TOR,3,3,0,1,0,0,0,0,0,2,0,0,.333,.333,.333,.667
Matt M Thornton,CWS,3,0,0,0,0,0,0,0,0,0,0,0,.000,.000,.000,.000
Jamie J Walker,DET,3,0,0,0,0,0,0,0,0,0,0,0,.000,.000,.000,.000
Jaret J Wright,NYY,3,3,0,0,0,0,0,1,1,1,0,0,.000,.200,.000,.200
Mike M Adams,MIL,2,0,0,0,0,0,0,0,0,0,0,0,.000,.000,.000,.000
T. J. T Beam,NYY,2,1,0,0,0,0,0,0,0,1,0,0,.000,.000,.000,.000
Josh J Beckett,BOS,2,7,2,3,0,0,1,3,0,2,0,0,.429,.429,.857,1.286
Joe J Blanton,OAK,2,2,0,0,0,0,0,0,0,1,0,0,.000,.000,.000,.000
Jeremy J Bonderman,DET,2,4,0,0,0,0,0,0,0,4,0,0,.000,.000,.000,.000
Boof B Bonser,MIN,2,3,1,0,0,0,0,0,0,0,0,0,.000,.000,.000,.000
Blaine B Boyer,ATL,2,0,0,0,0,0,0,0,0,0,0,0,.000,.000,.000,.000
Mark M Buehrle,CWS,2,4,0,0,0,0,0,0,0,1,0,0,.000,.000,.000,.000
Jason J Bulger,LAA,2,0,0,0,0,0,0,0,0,0,0,0,.000,.000,.000,.000
Paul P Byrd,CLE,2,4,0,1,0,0,0,0,0,0,0,0,.250,.250,.250,.500
Bruce B Chen,BAL,2,1,0,1,0,0,0,0,0,0,0,0,1.000,1.000,1.000,2.000
Alvin A Colina,COL,2,5,0,1,0,0,0,1,0,1,0,0,.200,.200,.200,.400
Roman R Colon,DET,2,0,0,0,0,0,0,0,0,0,0,0,.000,.000,.000,.000
Jose J Contreras,CWS,2,4,1,0,0,0,0,0,2,2,0,0,.000,.333,.000,.333
Mike M De Jean,COL,2,0,0,0,0,0,0,0,0,0,0,0,.000,.000,.000,.000
Ryan R Drese,WSH,2,3,0,0,0,0,0,0,0,1,0,0,.000,.000,.000,.000
Justin J Duchscherer,OAK,2,0,0,0,0,0,0,0,0,0,0,0,.000,.000,.000,.000
Brandon B Duckworth,KC,2,3,1,1,1,0,0,0,0,0,0,0,.333,.333,.667,1.000
Scott S Elarton,KC,2,3,1,1,1,0,0,0,0,0,0,0,.333,.333,.667,1.000
Kelvim K Escobar,LAA,2,4,0,0,0,0,0,0,0,3,0,0,.000,.000,.000,.000
Bartolome B Fortunato,NYM,2,0,0,0,0,0,0,0,0,0,0,0,.000,.000,.000,.000
Emiliano E Fruto,SEA,2,0,0,0,0,0,0,0,0,0,0,0,.000,.000,.000,.000
Eric E Gagne,LAD,2,0,0,0,0,0,0,0,0,0,0,0,.000,.000,.000,.000
Freddy F Garcia,CWS,2,5,0,1,0,0,0,0,0,2,0,0,.200,.200,.200,.400
Jon J Garland,CWS,2,5,2,1,0,0,1,2,0,3,0,0,.200,.200,.800,1.000
Justin J Germano,CIN,2,2,0,0,0,0,0,0,0,2,0,0,.000,.000,.000,.000
Hector H Gimenez,HOU,2,2,0,0,0,0,0,0,0,1,0,0,.000,.000,.000,.000
Jason J Grilli,DET,2,0,0,0,0,0,0,0,0,0,0,0,.000,.000,.000,.000
Matt M Guerrier,MIN,2,0,0,0,0,0,0,0,0,0,0,0,.000,.000,.000,.000
Brad B Halsey,OAK,2,0,0,0,0,0,0,0,0,0,0,0,.000,.000,.000,.000
Craig C Hansen,BOS,2,0,0,0,0,0,0,0,0,0,0,0,.000,.000,.000,.000
Chris C Heintz,MIN,2,1,0,0,0,0,0,0,0,0,0,0,.000,.000,.000,.000
Felix F Hernández Hernandez,SEA,2,4,0,0,0,0,0,0,0,3,0,0,.000,.000,.000,.000
Luke L Hudson,KC,2,0,0,0,0,0,0,0,0,0,0,0,.000,.000,.000,.000
Philip P Humber,NYM,2,0,0,0,0,0,0,0,0,0,0,0,.000,.000,.000,.000
Adam A Hyzdu R,TEX,2,4,0,1,0,0,0,0,0,2,0,0,.250,.250,.250,.500
Edwin E Jackson,TB,2,0,0,0,0,0,0,0,0,0,0,0,.000,.000,.000,.000
Ubaldo U Jiménez Jimenez,COL,2,3,1,1,0,0,0,0,0,1,0,0,.333,.333,.333,.667
Randy R Johnson,NYY,2,6,0,1,0,0,0,0,0,4,0,0,.167,.167,.167,.333
Scott S Kazmir,TB,2,3,0,0,0,0,0,0,0,2,0,0,.000,.000,.000,.000
Bob B Keppel,KC,2,2,0,0,0,0,0,0,0,1,0,0,.000,.000,.000,.000
Mike M Koplove,ARI,2,1,0,0,0,0,0,0,0,0,0,0,.000,.000,.000,.000
John J Lackey,LAA,2,3,0,0,0,0,0,0,0,0,0,0,.000,.000,.000,.000
Cliff C Lee,CLE,2,6,0,1,0,0,0,0,0,3,0,0,.167,.167,.167,.333
Jon J Lester,BOS,2,4,0,0,0,0,0,0,0,3,0,0,.000,.000,.000,.000
Ted T Lilly,TOR,2,3,0,0,0,0,0,0,0,1,0,0,.000,.000,.000,.000
Esteban E Loaiza,OAK,2,5,0,0,0,0,0,0,0,3,0,0,.000,.000,.000,.000
Ruddy R Lugo,TB,2,0,0,0,0,0,0,0,0,0,0,0,.000,.000,.000,.000
Gil G Meche,SEA,2,4,0,0,0,0,0,0,0,3,0,0,.000,.000,.000,.000
Kevin K Millwood,TEX,2,5,0,0,0,0,0,0,0,3,0,0,.000,.000,.000,.000
Zach Z Miner,DET,2,6,1,1,1,0,0,0,0,3,0,0,.167,.167,.333,.500
Agustin A Montero,CWS,2,0,0,0,0,0,0,0,0,0,0,0,.000,.000,.000,.000
Mike M Mussina,NYY,2,4,0,0,0,0,0,0,0,1,0,0,.000,.000,.000,.000
Dustin D Nippert,ARI,2,2,0,0,0,0,0,0,0,2,0,0,.000,.000,.000,.000
Ryan R O' Malley,CHC,2,4,0,0,0,0,0,0,0,3,0,0,.000,.000,.000,.000
Joel J Pineiro,SEA,2,4,0,0,0,0,0,0,0,3,0,0,.000,.000,.000,.000
Cliff C Politte,CWS,2,0,0,0,0,0,0,0,0,0,0,0,.000,.000,.000,.000
Nate N Robertson,DET,2,6,0,1,0,0,0,1,0,3,0,0,.167,.167,.167,.333
Kenny K Rogers,DET,2,7,0,1,1,0,0,0,0,2,0,0,.143,.143,.286,.429
Ervin E Santana,LAA,2,4,0,1,0,0,0,0,0,3,0,0,.250,.250,.250,.500
Carlos C Silva,MIN,2,3,0,1,0,0,0,0,0,0,0,0,.333,.333,.333,.667
Allan A Simpson,MIL,2,0,0,0,0,0,0,0,0,0,0,0,.000,.000,.000,.000
Brian B Tallet,TOR,2,0,0,0,0,0,0,0,0,0,0,0,.000,.000,.000,.000
Robinson R Tejeda,TEX,2,2,0,0,0,0,0,0,0,1,0,0,.000,.000,.000,.000
Josh J Towers,TOR,2,5,1,1,0,0,0,0,0,1,0,0,.200,.200,.200,.400
Pete P Walker,TOR,2,0,0,0,0,0,0,0,0,0,0,0,.000,.000,.000,.000
Jarrod J Washburn,SEA,2,2,0,0,0,0,0,0,1,1,0,0,.000,.333,.000,.333
Jake J Westbrook,CLE,2,4,0,2,1,0,0,1,0,1,0,0,.500,.500,.750,1.250
C. J. C Wilson,TEX,2,0,0,0,0,0,0,0,0,0,0,0,.000,.000,.000,.000
Mike M Wood,KC,2,3,0,0,0,0,0,0,0,1,0,0,.000,.000,.000,.000
Barry B Zito,OAK,2,3,0,0,0,0,0,0,0,2,0,0,.000,.000,.000,.000
Abe A Alvarez,BOS,1,1,0,0,0,0,0,0,0,1,0,0,.000,.000,.000,.000
Jeff J Bajenaru,ARI,1,0,0,0,0,0,0,0,0,0,0,0,.000,.000,.000,.000
Scott S Baker,MIN,1,3,0,0,0,0,0,0,0,3,0,0,.000,.000,.000,.000
Philip P Barzilla,HOU,1,0,0,0,0,0,0,0,0,0,0,0,.000,.000,.000,.000
Colter C Bean,NYY,1,0,0,0,0,0,0,0,0,0,0,0,.000,.000,.000,.000
Erik E Bedard,BAL,1,2,0,0,0,0,0,0,0,0,0,0,.000,.000,.000,.000
A. J. A Burnett,TOR,1,3,0,0,0,0,0,0,0,1,0,0,.000,.000,.000,.000
Daniel D Cabrera,BAL,1,1,0,0,0,0,0,0,0,1,0,0,.000,.000,.000,.000
Matt M Clement,BOS,1,3,1,1,0,0,0,0,0,2,0,0,.333,.333,.333,.667
Bartolo B Colon,LAA,1,1,0,0,0,0,0,0,0,1,0,0,.000,.000,.000,.000
Lenny L Di Nardo,BOS,1,1,0,0,0,0,0,0,0,1,0,0,.000,.000,.000,.000
Scott S Erickson,NYY,1,0,0,0,0,0,0,0,0,0,0,0,.000,.000,.000,.000
Shawn S Estes,SD,1,1,0,0,0,0,0,0,1,0,0,0,.000,.500,.000,.500
Casey C Fossum,TB,1,2,0,0,0,0,0,0,0,0,0,0,.000,.000,.000,.000
Keith K Foulke,BOS,1,0,0,0,0,0,0,0,0,0,0,0,.000,.000,.000,.000
Mike M Gosling,CIN,1,0,0,0,0,0,0,0,0,0,0,0,.000,.000,.000,.000
Sean S Green,SEA,1,0,0,0,0,0,0,0,0,0,0,0,.000,.000,.000,.000
Roy R Halladay,TOR,1,3,0,0,0,0,0,0,0,2,0,0,.000,.000,.000,.000
Robby R Hammock,ARI,1,2,1,1,1,0,0,0,0,0,0,0,.500,.500,1.000,1.500
Casey C Janssen,TOR,1,1,0,0,0,0,0,0,0,1,0,0,.000,.000,.000,.000
Justin J Leone,SD,1,1,0,0,0,0,0,0,0,0,0,0,.000,.000,.000,.000
Anthony A Lerew,ATL,1,0,0,0,0,0,0,0,0,0,0,0,.000,.000,.000,.000
Adam A Loewen,BAL,1,2,0,0,0,0,0,0,0,0,0,0,.000,.000,.000,.000
Rodrigo R Lopez,BAL,1,2,0,0,0,0,0,0,0,2,0,0,.000,.000,.000,.000
Chris C Mabeus,MIL,1,0,0,0,0,0,0,0,0,0,0,0,.000,.000,.000,.000
Julio J Manon,BAL,1,0,0,0,0,0,0,0,0,0,0,0,.000,.000,.000,.000
Shaun S Marcum,TOR,1,0,0,0,0,0,0,0,0,0,0,0,.000,.000,.000,.000
Nick N Masset,TEX,1,0,0,0,0,0,0,0,0,0,0,0,.000,.000,.000,.000
Tom T Mastny,CLE,1,0,0,0,0,0,0,0,0,0,0,0,.000,.000,.000,.000
Seth S Mc Clung,TB,1,1,0,0,0,0,0,0,0,0,0,0,.000,.000,.000,.000
Corky C Miller,BOS,1,4,0,0,0,0,0,0,0,1,0,0,.000,.000,.000,.000
Pat P Misch,SF,1,0,0,0,0,0,0,0,0,0,0,0,.000,.000,.000,.000
Juan J Morillo,COL,1,1,0,0,0,0,0,0,0,0,0,0,.000,.000,.000,.000
Joe J Nelson,KC,1,0,0,0,0,0,0,0,0,0,0,0,.000,.000,.000,.000
Luis L Ordaz S,TB,1,2,0,0,0,0,0,0,0,0,0,0,.000,.000,.000,.000
Akinori A Otsuka,TEX,1,0,0,0,0,0,0,0,0,0,0,0,.000,.000,.000,.000
Vicente V Padilla,TEX,1,1,0,0,0,0,0,0,0,1,0,0,.000,.000,.000,.000
Guillermo G Quiroz,SEA,1,2,0,0,0,0,0,0,0,2,0,0,.000,.000,.000,.000
Mike M Rabelo,DET,1,1,0,0,0,0,0,0,0,1,0,0,.000,.000,.000,.000
Brad B Radke,MIN,1,1,0,0,0,0,0,0,0,0,0,0,.000,.000,.000,.000
Mark M Redman,KC,1,1,0,0,0,0,0,0,1,1,0,0,.000,.500,.000,.500
John J Rheinecker,TEX,1,0,0,0,0,0,0,0,0,0,0,0,.000,1.000,.000,1.000
Johan J Santana,MIN,1,2,0,0,0,0,0,0,0,2,0,0,.000,.000,.000,.000
Curt C Schilling,BOS,1,2,0,1,0,0,0,0,0,1,0,0,.500,.500,.500,1.000
Aaron A Small,NYY,1,1,0,0,0,0,0,0,0,1,0,0,.000,.000,.000,.000
Travis T Smith,ATL,1,1,0,0,0,0,0,0,0,1,0,0,.000,.000,.000,.000
Tim T Stauffer,SD,1,2,0,1,0,0,0,0,0,1,0,0,.500,.500,.500,1.000
Javier J Vazquez,CWS,1,1,1,1,0,0,0,0,0,0,0,0,1.000,1.000,1.000,2.000
Justin J Verlander,DET,1,1,0,0,0,0,0,0,0,0,0,0,.000,.000,.000,.000
Tim T Wakefield,BOS,1,4,0,0,0,0,0,0,0,3,0,0,.000,.000,.000,.000
Chien- Ming C Wang,NYY,1,4,0,0,0,0,0,0,0,3,0,0,.000,.000,.000,.000
Jay J Witasick,OAK,1,0,0,0,0,0,0,0,0,0,0,0,.000,.000,.000,.000
Jake J Woods,SEA,1,0,0,0,0,0,0,0,0,0,0,0,.000,.000,.000,.000
