PLAYER,TEAM,AB,R,H,2B,3B,HR,RBI,BB,SO,SB,CS,AVG,OBP,SLG,OPS
Dante D Bichette R,COL,116,484,74,147,33,2,27,95,19,70,21,8,.304,.334,.548,.882
Jeff J Conine L,FLA,115,451,60,144,27,6,18,82,40,92,1,2,.319,.373,.525,.898
Paul P Molitor D,TOR,115,454,86,155,30,4,14,75,55,48,20,0,.341,.410,.518,.927
Craig C Biggio,HOU,114,437,88,139,44,5,6,56,62,58,39,4,.318,.411,.483,.893
Mike M Bordick S,OAK,114,391,38,99,18,4,2,37,38,44,7,2,.253,.320,.335,.655
Chad C Curtis,CAL,114,453,67,116,23,4,11,50,37,69,25,11,.256,.317,.397,.714
Travis T Fryman,DET,114,464,66,122,34,5,18,85,45,128,2,2,.263,.326,.474,.800
Darren D Lewis C,SF,114,451,70,116,15,9,4,29,53,50,30,13,.257,.340,.357,.697
Brian B Mc Rae C,KC,114,436,71,119,22,6,4,40,54,67,28,8,.273,.359,.378,.737
Tony T Phillips L,DET,114,438,91,123,19,3,19,61,95,105,13,5,.281,.409,.468,.877
Charlie C Hayes,COL,113,423,46,122,23,4,10,50,36,71,3,6,.288,.348,.433,.780
Fred F Mc Griff,ATL,113,424,81,135,25,1,34,94,50,76,7,3,.318,.389,.623,1.012
Frank F Thomas,CWS,113,399,106,141,34,1,38,101,109,61,2,3,.353,.487,.729,1.217
Tim T Wallach,LA,113,414,68,116,21,1,23,78,46,80,0,2,.280,.356,.502,.859
Todd T Zeile,STL,113,415,62,111,25,1,19,75,52,56,1,3,.267,.348,.470,.818
Barry B Bonds L,SF,112,391,89,122,18,1,37,81,74,43,29,9,.312,.426,.647,1.073
Gary G Disarcina S,CAL,112,389,53,101,14,2,3,33,18,28,3,7,.260,.294,.329,.624
Julio J Franco D,CWS,112,433,72,138,19,2,20,98,62,75,8,1,.319,.406,.510,.916
Luis L Gonzalez,HOU,112,392,57,107,29,4,8,67,49,57,15,13,.273,.353,.429,.782
Kenny K Lofton C,CLE,112,459,105,160,32,9,12,57,52,56,60,12,.349,.412,.536,.948
Raul R Mondesi,LA,112,434,63,133,27,8,16,56,16,78,11,8,.306,.333,.516,.849
Hal H Morris,CIN,112,436,60,146,30,4,10,78,34,62,6,2,.335,.385,.491,.875
Cal C Ripken S,BAL,112,444,71,140,19,3,13,75,32,41,1,0,.315,.364,.459,.823
Matt M Williams,SF,112,445,74,119,16,3,43,96,33,87,1,0,.267,.319,.607,.926
Brady B Anderson L,BAL,111,453,78,119,25,5,12,48,57,75,31,1,.263,.356,.419,.776
Brett B Butler C,LA,111,417,79,131,13,9,8,33,68,52,27,8,.314,.411,.446,.857
Ken K Caminiti,HOU,111,406,63,115,28,2,18,75,43,71,4,3,.283,.352,.495,.848
Jose J Canseco D,TEX,111,429,88,121,19,2,31,90,69,114,15,8,.282,.386,.552,.939
Joe J Carter R,TOR,111,435,70,118,25,2,27,103,33,64,11,0,.271,.317,.524,.841
Ken K Griffey C,SEA,111,433,94,140,24,4,40,90,56,73,11,3,.323,.402,.674,1.076
Eric E Karros,LA,111,406,51,108,21,1,14,46,29,53,2,0,.266,.310,.426,.736
Rafael R Palmeiro,BAL,111,436,82,139,32,0,23,76,54,63,7,3,.319,.392,.550,.942
Mo M Vaughn,BOS,111,394,65,122,25,1,26,82,57,112,4,4,.310,.408,.576,.984
Jeff J Bagwell,HOU,110,400,104,147,32,2,39,116,65,65,15,4,.368,.451,.750,1.201
Jay J Bell S,PIT,110,424,68,117,35,4,9,45,49,82,2,0,.276,.353,.441,.794
Will W Clark,TEX,110,389,73,128,24,2,13,80,71,59,5,1,.329,.431,.501,.932
Wil W Cordero S,MON,110,415,65,122,30,3,15,63,41,62,16,3,.294,.363,.489,.853
Marquis M Grissom C,MON,110,475,96,137,25,4,11,45,41,66,36,6,.288,.344,.427,.771
Tony T Gwynn R,SD,110,419,79,165,35,1,12,64,48,19,5,0,.394,.454,.568,1.022
Roberto R Kelly C,ATL,110,434,73,127,23,3,9,45,35,71,19,11,.293,.347,.422,.769
Barry B Larkin S,CIN,110,427,78,119,23,5,9,52,64,58,26,2,.279,.369,.419,.788
Ruben R Sierra,OAK,110,426,71,114,21,1,23,92,23,64,8,5,.268,.298,.484,.781
Walt W Weiss S,COL,110,423,58,106,11,4,1,32,56,58,12,7,.251,.336,.303,.639
Cecil C Fielder,DET,109,425,67,110,16,2,28,90,50,110,0,0,.259,.337,.504,.840
Stan S Javier C,OAK,109,419,75,114,23,0,10,44,49,76,24,7,.272,.349,.399,.747
Chuck C Knoblauch,MIN,109,445,85,139,45,3,5,51,41,56,35,6,.312,.381,.461,.841
Ray R Lankford C,STL,109,416,89,111,25,5,19,57,58,113,11,10,.267,.359,.488,.847
Dave D Nilsson,MIL,109,397,51,109,28,3,12,69,34,61,1,0,.275,.326,.451,.777
Ed E Sprague,TOR,109,405,38,97,19,1,11,44,23,95,1,0,.240,.296,.373,.669
Robin R Ventura,CWS,109,401,57,113,15,1,18,78,61,69,3,1,.282,.373,.459,.832
Derek D Bell C,SD,108,434,54,135,20,0,14,54,29,88,24,8,.311,.354,.454,.808
Bobby B Bonilla,NYM,108,403,60,117,24,1,20,67,55,101,1,3,.290,.374,.504,.878
Bret B Boone,CIN,108,381,59,122,25,2,12,68,24,74,3,4,.320,.368,.491,.858
Royce R Clayton S,SF,108,385,38,91,14,6,3,30,30,74,23,3,.236,.295,.327,.622
Chili C Davis D,CAL,108,392,72,122,18,1,26,84,69,84,3,2,.311,.410,.561,.972
Orlando O Merced R,PIT,108,386,48,105,21,3,9,51,42,58,4,1,.272,.343,.412,.755
Eddie E Murray D,CLE,108,433,57,110,21,1,17,76,31,53,8,4,.254,.302,.425,.727
John J Olerud,TOR,108,384,47,114,29,2,12,67,61,53,1,2,.297,.393,.477,.870
Kirby K Puckett R,MIN,108,439,79,139,32,3,20,112,28,47,6,3,.317,.362,.540,.902
Jody J Reed,MIL,108,399,48,108,22,0,2,37,57,34,5,4,.271,.362,.341,.703
Bernie B Williams C,NYY,108,408,80,118,29,1,12,57,61,54,16,9,.289,.384,.453,.837
Roberto R Alomar,TOR,107,392,78,120,25,4,8,38,51,41,19,8,.306,.386,.452,.838
Moises M Alou L,MON,107,422,81,143,31,5,22,78,42,63,7,6,.339,.397,.592,.989
Bret B Barberie,FLA,107,372,40,112,20,2,5,31,23,65,2,0,.301,.356,.406,.762
Todd T Benzinger,SF,107,328,32,87,13,2,9,31,17,84,2,1,.265,.304,.399,.703
Greg G Gagne S,KC,107,375,39,97,23,3,7,51,27,79,10,17,.259,.314,.392,.706
Juan J Gonzalez L,TEX,107,422,57,116,18,4,19,85,30,66,6,4,.275,.330,.472,.802
Jeff J Kent,NYM,107,415,53,121,24,5,14,68,23,84,1,4,.292,.341,.475,.816
Mike M Piazza,LA,107,405,64,129,18,0,24,92,33,65,1,3,.319,.370,.541,.910
Reggie R Sanders,CIN,107,400,66,105,20,8,17,62,41,114,21,9,.263,.332,.480,.812
Mickey M Tettleton,DET,107,339,57,84,18,2,17,51,97,98,0,1,.248,.419,.463,.882
Albert A Belle L,CLE,106,412,90,147,35,2,36,101,58,71,9,6,.357,.438,.714,1.152
Chuck C Carr,FLA,106,433,61,114,19,2,2,30,22,71,32,8,.263,.305,.330,.635
Mark M Grace,CHC,106,403,55,120,23,3,6,44,48,41,0,1,.298,.370,.414,.784
Lance L Johnson C,CWS,106,412,56,114,11,14,3,54,26,23,26,6,.277,.321,.393,.714
Mike M Lansing,MON,106,394,44,105,21,2,5,35,30,37,12,8,.266,.328,.368,.696
Alex A Cole C,MIN,105,345,68,102,15,5,4,23,44,60,29,8,.296,.375,.403,.778
Bernard B Gilkey L,STL,105,380,52,96,22,1,6,45,39,65,15,8,.253,.336,.363,.700
Mike M Kingery C,COL,105,301,56,105,27,8,4,41,30,26,5,7,.349,.402,.532,.933
Bip B Roberts,SD,105,403,52,129,15,5,2,31,39,57,21,7,.320,.383,.397,.780
Sammy S Sosa R,CHC,105,426,59,128,17,6,25,70,25,92,22,13,.300,.339,.545,.884
Andy A Van Slyke C,PIT,105,374,41,92,18,3,6,30,52,72,7,0,.246,.340,.358,.698
Steve S Buechele,CHC,104,339,33,82,11,1,14,52,39,80,1,0,.242,.325,.404,.729
Vince V Coleman L,KC,104,438,61,105,14,12,2,33,29,72,50,8,.240,.285,.340,.626
Scott S Cooper,BOS,104,369,49,104,16,4,13,53,30,65,0,3,.282,.333,.453,.786
Jim J Eisenreich R,PHI,104,290,42,87,15,4,4,43,33,31,6,2,.300,.371,.421,.792
Tony T Fernandez,CIN,104,366,50,102,18,6,8,50,44,40,12,7,.279,.361,.426,.788
Darrin D Jackson R,CWS,104,369,43,115,17,3,10,51,27,56,7,1,.312,.362,.455,.817
David D Justice R,ATL,104,352,61,110,16,2,19,59,69,45,2,4,.313,.427,.531,.958
Mark M Lemke,ATL,104,350,40,103,15,0,3,31,38,37,0,3,.294,.363,.363,.726
Mark M Mc Lemore,BAL,104,343,44,88,11,1,3,29,51,50,20,5,.257,.354,.321,.674
Henry H Rodriguez L,LA,104,306,33,82,14,2,8,49,17,58,0,1,.268,.307,.405,.712
Danny D Tartabull,NYY,104,399,68,102,24,1,19,67,66,111,1,1,.256,.360,.464,.823
Carlos C Baerga,CLE,103,442,81,139,32,2,19,80,10,45,8,2,.314,.333,.525,.858
Sean S Berry,MON,103,320,43,89,19,2,11,41,32,50,14,0,.278,.347,.453,.800
Andres A Galarraga,COL,103,417,77,133,21,0,31,85,19,93,8,3,.319,.356,.592,.949
Gregg G Jefferies,STL,103,397,52,129,27,1,12,55,45,26,12,5,.325,.391,.489,.880
Otis O Nixon C,BOS,103,398,60,109,15,1,0,25,55,65,42,10,.274,.360,.317,.677
Paul P O' Neill R,NYY,103,368,68,132,25,1,21,83,72,56,5,4,.359,.460,.603,1.064
Terry T Steinbach,OAK,103,369,51,105,21,2,11,57,26,62,2,1,.285,.327,.442,.768
Jose J Vizcaino S,NYM,103,410,47,105,13,3,3,33,33,62,1,11,.256,.310,.324,.635
Larry L Walker R,MON,103,395,76,127,44,2,19,86,47,74,15,5,.322,.394,.587,.981
Turner T Ward C,MIL,102,367,55,85,15,2,9,45,52,68,6,2,.232,.328,.357,.685
Kurt K Abbott S,FLA,101,345,41,86,17,3,9,33,16,98,3,0,.249,.291,.394,.685
Brad B Ausmus,SD,101,327,45,82,12,1,7,24,30,63,5,1,.251,.314,.358,.672
Jerry J Browne,FLA,101,329,42,97,17,4,3,30,52,23,3,0,.295,.392,.398,.790
Jay J Buhner R,SEA,101,358,74,100,23,4,21,68,66,63,0,1,.279,.394,.542,.936
Felix F Fermin S,SEA,101,379,52,120,21,0,1,35,11,22,4,4,.317,.338,.380,.718
Bob B Hamelin D,KC,101,312,64,88,25,1,24,65,56,62,4,3,.282,.388,.599,.987
Tim T Raines L,CWS,101,384,80,102,15,5,10,52,61,43,13,0,.266,.365,.409,.774
Benito B Santiago,FLA,101,337,35,92,14,2,11,41,25,57,1,2,.273,.322,.424,.746
Cliff C Floyd,MON,100,334,43,94,19,4,4,41,24,63,10,3,.281,.332,.398,.731
Ozzie O Guillen S,CWS,100,365,46,105,9,5,1,39,14,35,5,4,.288,.311,.348,.659
Derrick D May L,CHC,100,345,43,98,19,2,8,51,30,34,3,2,.284,.340,.420,.760
Tim T Salmon R,CAL,100,373,67,107,18,2,23,70,54,102,1,3,.287,.382,.531,.912
Devon D White C,TOR,100,403,67,109,24,6,13,49,21,80,11,3,.270,.313,.457,.770
Rick R Wilkins,CHC,100,313,44,71,25,2,7,39,40,86,4,3,.227,.317,.387,.703
Chris C Hoiles,BAL,99,332,45,82,10,0,19,53,63,73,2,0,.247,.371,.449,.820
Felix F Jose R,KC,99,366,56,111,28,1,11,55,35,75,10,12,.303,.362,.475,.838
James J Mouton R,HOU,99,310,43,76,11,0,2,16,27,69,24,5,.245,.315,.300,.615
Ivan I Rodriguez,TEX,99,363,56,108,19,1,16,57,31,42,6,3,.298,.360,.488,.848
Andujar A Cedeno S,HOU,98,342,38,90,26,0,9,49,29,79,1,1,.263,.334,.418,.752
Carlos C Garcia,PIT,98,412,49,114,15,2,6,28,16,67,18,9,.277,.309,.367,.676
Kirk K Gibson D,DET,98,330,71,91,17,2,23,72,42,69,4,5,.276,.358,.548,.906
Ozzie O Smith S,STL,98,381,51,100,18,3,3,30,38,26,6,3,.262,.326,.349,.675
Jim J Thome,CLE,98,321,58,86,20,1,20,52,46,84,3,3,.268,.359,.523,.882
Ryan R Thompson C,NYM,98,334,39,75,14,1,18,59,28,94,1,1,.225,.301,.434,.735
Wade W Boggs,NYY,97,366,61,125,19,1,11,55,61,29,2,1,.342,.433,.489,.922
Wally W Joyner,KC,97,363,52,113,20,3,8,57,47,43,3,2,.311,.386,.449,.835
Scott S Leius,MIN,97,350,57,86,16,1,14,49,37,58,2,4,.246,.318,.417,.735
Kirt K Manwaring,SF,97,316,30,79,17,1,1,29,25,50,1,1,.250,.308,.320,.628
Tino T Martinez,SEA,97,329,42,86,21,0,20,61,29,52,1,2,.261,.320,.508,.828
Dave D Martinez R,SF,97,235,23,58,9,3,4,27,21,22,3,4,.247,.314,.362,.676
Don D Mattingly,NYY,97,372,62,113,20,1,6,51,60,24,0,0,.304,.397,.411,.808
Jose J Valentin S,MIL,97,285,47,68,19,0,11,46,38,75,12,3,.239,.330,.421,.751
Matt M Walbeck,MIN,97,338,31,69,12,0,5,35,17,37,1,1,.204,.246,.284,.530
Geronimo G Berroa D,OAK,96,340,55,104,18,2,13,65,41,62,7,2,.306,.379,.485,.864
Jeff J Blauser S,ATL,96,380,56,98,21,4,6,45,38,64,1,3,.258,.329,.382,.710
Scott S Brosius,OAK,96,324,31,77,14,1,14,49,24,57,2,6,.238,.289,.417,.706
Joe J Orsulak R,NYM,96,292,39,76,3,0,8,42,16,21,4,2,.260,.299,.353,.652
Phil P Plantier L,SD,96,341,44,75,21,0,18,41,36,91,3,1,.220,.302,.440,.742
Rey R Sanchez,CHC,96,291,26,83,13,1,0,24,20,29,2,5,.285,.345,.337,.682
Milt M Thompson R,HOU,96,241,34,66,7,0,4,33,24,30,9,2,.274,.346,.353,.698
Mike M Greenwell L,BOS,95,327,60,88,25,1,11,45,38,26,2,2,.269,.348,.453,.800
Manuel M Lee S,TEX,95,335,41,93,18,2,2,38,21,66,3,1,.278,.319,.361,.680
Kevin K Mitchell L,CIN,95,310,57,101,18,1,30,77,59,62,2,0,.326,.429,.681,1.110
Luis L Polonia,NYY,95,350,62,109,21,6,1,36,37,36,20,12,.311,.383,.414,.797
Karl K Rhodes C,CHC,95,269,39,63,17,0,8,19,33,64,6,4,.234,.318,.387,.705
Dick D Schofield S,TOR,95,325,38,83,14,1,4,32,34,62,7,7,.255,.332,.342,.673
Paul P Sorrento,CLE,95,322,43,90,14,0,14,62,34,68,0,1,.280,.345,.453,.799
Greg G Vaughn L,MIL,95,370,59,94,24,1,19,55,51,93,9,5,.254,.345,.478,.824
Harold H Baines D,BAL,94,326,44,96,12,1,16,54,30,49,0,0,.294,.356,.485,.840
Jim J Edmonds L,CAL,94,289,35,79,13,1,5,37,30,72,4,2,.273,.343,.377,.720
Steve S Finley C,HOU,94,373,64,103,16,5,11,33,28,52,13,7,.276,.329,.434,.764
Darrin D Fletcher,MON,94,285,28,74,18,1,10,57,25,23,0,0,.260,.314,.435,.749
Jeff J King,PIT,94,339,36,89,23,0,5,42,30,38,3,2,.263,.316,.375,.691
Joe J Girardi,COL,93,330,47,91,9,4,4,34,21,48,3,3,.276,.321,.364,.685
Howard H Johnson L,COL,93,227,30,48,10,2,10,40,39,73,11,3,.211,.323,.405,.729
Pat P Kelly,NYY,93,286,35,80,21,2,3,41,19,51,6,5,.280,.330,.399,.729
Dean D Palmer,TEX,93,342,50,84,14,2,19,59,26,89,3,4,.246,.302,.465,.767
Ryan R Klesko L,ATL,92,245,42,68,13,3,17,47,26,48,1,0,.278,.344,.563,.908
Mike M Macfarlane,KC,92,314,53,80,17,3,14,47,35,71,1,0,.255,.359,.462,.821
Deion D Sanders C,CIN,92,375,58,106,17,4,4,28,32,63,38,16,.283,.342,.381,.724
David D Segui,NYM,92,336,46,81,17,1,10,43,33,43,0,0,.241,.308,.387,.695
Lou L Whitaker,DET,92,322,67,97,21,2,12,43,41,47,2,0,.301,.377,.491,.867
Mark M Whiten R,STL,92,334,57,98,18,2,14,53,37,75,10,5,.293,.364,.485,.849
Scott S Hemond,OAK,91,198,23,44,11,0,3,20,16,51,7,6,.222,.280,.323,.604
Todd T Hundley,NYM,91,291,45,69,10,1,16,42,25,73,2,1,.237,.303,.443,.746
Manny M Ramirez R,CLE,91,290,51,78,22,0,17,60,42,72,4,2,.269,.357,.521,.878
John J Vander Wal,COL,91,110,12,27,3,1,5,15,16,31,2,1,.245,.339,.427,.766
Dan D Wilson,SEA,91,282,24,61,14,2,3,27,10,57,1,2,.216,.244,.312,.556
Joey J Cora,CWS,90,312,55,86,13,4,2,30,38,32,8,4,.276,.353,.362,.715
Alvaro A Espinoza,CLE,90,231,27,55,13,0,1,19,6,33,1,3,.238,.258,.307,.566
Gary G Gaetti,KC,90,327,53,94,15,3,12,57,19,63,0,2,.287,.328,.462,.789
Ricky R Gutierrez S,SD,90,275,27,66,11,2,1,28,32,54,2,6,.240,.321,.305,.626
Eric E Young Sr. L,COL,90,228,37,62,13,1,7,30,38,17,18,7,.272,.378,.430,.808
Delino D De Shields,LA,89,320,51,80,11,3,2,33,54,53,27,7,.250,.357,.322,.679
Dave D Gallagher L,ATL,89,152,27,34,5,0,2,14,22,17,0,2,.224,.326,.296,.622
Mike M Gallego S,NYY,89,306,39,73,17,1,6,41,38,46,0,1,.239,.327,.359,.686
Glenallen G Hill C,CHC,89,269,48,80,12,1,10,38,29,57,19,6,.297,.365,.461,.826
Edgar E Martinez,SEA,89,326,47,93,23,1,13,51,53,42,6,2,.285,.387,.482,.869
Luis L Alicea,STL,88,205,32,57,12,5,5,29,30,38,4,5,.278,.373,.459,.832
Mariano M Duncan,PHI,88,347,49,93,22,1,8,48,17,72,10,2,.268,.306,.406,.713
Shawon S Dunston,CHC,88,331,38,92,19,0,11,35,16,48,3,8,.278,.313,.435,.748
Damion D Easley,CAL,88,316,41,68,16,1,6,30,29,48,4,5,.215,.288,.329,.617
Billy B Hatcher C,PHI,87,298,39,73,14,2,3,31,17,28,8,6,.245,.283,.336,.618
Rickey R Henderson L,OAK,87,296,66,77,13,0,6,20,72,45,22,7,.260,.411,.365,.776
Nelson N Liriano,COL,87,255,39,65,17,5,3,31,42,44,0,2,.255,.357,.396,.753
Mickey M Morandini,PHI,87,274,40,80,16,5,2,26,34,33,10,5,.292,.378,.409,.787
Gary G Sheffield R,FLA,87,322,61,89,16,1,27,78,51,50,12,6,.276,.380,.584,.964
Tony T Tarasco,ATL,87,132,16,36,6,0,5,19,9,17,5,0,.273,.313,.432,.744
Dave D Clark R,PIT,86,223,37,66,11,1,10,46,22,48,2,2,.296,.355,.489,.844
Junior J Felix R,DET,86,301,54,92,25,1,13,49,26,76,1,6,.306,.372,.525,.897
Mike M Blowers,SEA,85,270,37,78,13,0,9,49,25,60,2,2,.289,.348,.437,.785
Pat P Borders,TOR,85,295,24,73,13,1,3,26,15,50,1,1,.247,.284,.329,.613
Mike M Devereaux C,BAL,85,301,35,61,8,2,9,33,22,72,1,2,.203,.256,.332,.588
Brian R. B Hunter R,CIN,85,256,34,60,16,1,15,57,17,56,0,0,.234,.277,.480,.757
Jose J Lind,KC,85,290,34,78,16,2,1,31,16,34,9,5,.269,.306,.348,.654
John J Patterson,SF,85,240,36,57,10,1,3,32,16,43,13,3,.238,.315,.325,.640
Bill B Bean,SD,84,135,7,29,5,1,0,14,7,25,0,1,.215,.248,.267,.515
Lenny L Dykstra C,PHI,84,315,68,86,26,5,5,24,68,44,15,4,.273,.404,.435,.839
Chris C Gomez S,DET,84,296,32,76,19,0,8,53,33,64,5,3,.257,.336,.402,.738
Leo L Gomez,BAL,84,285,46,78,20,0,15,56,41,55,0,0,.274,.366,.502,.868
John J Jaha,MIL,84,291,45,70,14,0,12,39,32,75,3,3,.241,.332,.412,.745
Matt M Mieske R,MIL,84,259,39,67,13,1,10,38,21,62,3,5,.259,.320,.432,.753
John J Valentin S,BOS,84,301,53,95,26,2,9,49,42,38,3,1,.316,.400,.505,.905
Thomas T Howard L,CIN,83,178,24,47,11,0,5,24,10,30,4,2,.264,.302,.410,.712
Troy T Neel,OAK,83,278,43,74,13,0,15,48,38,61,2,3,.266,.357,.475,.832
Geronimo G Pena,STL,83,213,33,54,13,1,11,34,24,54,9,1,.254,.344,.479,.823
Kevin K Bass R,HOU,82,203,37,63,15,1,6,35,28,24,2,3,.310,.393,.483,.876
Damon D Berryhill,BOS,82,255,30,67,17,2,6,34,19,59,0,1,.263,.312,.416,.727
Al A Martin L,PIT,82,276,48,79,12,4,9,33,34,56,15,6,.286,.367,.457,.824
Spike S Owen,CAL,82,268,30,83,17,2,3,37,49,17,2,8,.310,.418,.422,.840
Mike M Stanley,NYY,82,290,54,87,20,0,17,57,39,56,0,0,.300,.384,.545,.929
Kevin K Stocker S,PHI,82,271,38,74,11,2,2,28,44,41,2,2,.273,.383,.351,.734
Mitch M Webster L,LA,82,84,16,23,4,0,4,12,8,13,1,2,.274,.344,.464,.808
Kent K Hrbek,MIN,81,274,34,74,11,0,10,53,37,28,0,0,.270,.353,.420,.773
Shane S Mack L,MIN,81,303,55,101,21,2,15,61,32,51,4,1,.333,.402,.564,.966
Craig C Shipley,SD,81,240,32,80,14,4,4,30,9,28,6,6,.333,.362,.475,.837
Sandy S Alomar,CLE,80,292,44,84,15,1,14,43,25,31,8,4,.288,.347,.490,.837
Matias M Carrillo,FLA,80,136,13,34,7,0,0,9,9,31,3,3,.250,.295,.301,.596
Rusty R Greer,TEX,80,277,36,87,16,1,10,46,46,46,0,0,.314,.410,.487,.898
Mike M Huff L,TOR,80,207,31,63,15,3,3,25,27,27,2,1,.304,.392,.449,.842
Pete P Incaviglia L,PHI,80,244,28,56,10,1,13,32,16,71,1,0,.230,.278,.439,.716
Javy J Lopez,ATL,80,277,27,68,9,0,13,35,17,61,0,2,.245,.299,.419,.718
Pat P Meares S,MIN,80,229,29,61,12,1,2,24,14,50,5,1,.266,.310,.354,.664
Tim T Naehring,BOS,80,297,41,82,18,1,7,42,30,56,1,3,.276,.349,.414,.764
Kevin K Seitzer,MIL,80,309,44,97,24,2,5,49,30,38,2,1,.314,.375,.453,.828
Eric E Anthony L,SEA,79,262,31,62,14,1,10,30,23,66,6,2,.237,.297,.412,.709
Alex A Diaz C,MIL,79,187,17,47,5,7,1,17,10,19,5,5,.251,.285,.369,.654
Fernando F Vina,NYM,79,124,20,31,6,0,0,6,12,11,3,1,.250,.372,.298,.670
Wayne W Kirby R,CLE,78,191,33,56,6,0,5,23,13,30,11,4,.293,.341,.403,.745
Scott S Servais,HOU,78,251,27,49,15,1,9,41,10,44,0,0,.195,.235,.371,.606
Lee L Tinsley,BOS,78,144,27,32,4,0,2,14,19,36,13,0,.222,.315,.292,.607
Rich R Amaral,SEA,77,228,37,60,10,2,4,18,24,28,5,1,.263,.333,.377,.710
David D Hulse C,TEX,77,310,58,79,8,4,1,19,21,53,18,2,.255,.305,.316,.622
Ron R Karkovice,CWS,77,207,33,44,9,1,11,29,36,68,0,3,.213,.325,.425,.750
Luis L Lopez S,SD,77,235,29,65,16,1,2,20,15,39,3,2,.277,.325,.379,.704
Terry T Pendleton,ATL,77,309,25,78,18,3,7,30,12,57,2,0,.252,.280,.398,.678
Randy R Velarde S,NYY,77,280,47,78,16,1,9,34,22,61,4,2,.279,.338,.439,.777
Dave D Winfield,MIN,77,294,35,74,15,3,10,43,31,51,2,1,.252,.321,.425,.746
Mike M Aldrete,OAK,76,178,23,43,5,0,4,18,20,35,2,0,.242,.313,.337,.650
Brian B Dorsett,CIN,76,216,21,53,8,0,5,26,21,33,0,0,.245,.313,.352,.664
Lou L Frazier,MON,76,140,25,38,3,1,0,14,18,23,20,4,.271,.358,.307,.666
Don D Slaught,PIT,76,240,21,69,7,0,2,21,34,31,0,0,.288,.381,.342,.723
Alan A Trammell S,DET,76,292,38,78,17,1,8,28,16,35,3,0,.267,.307,.414,.722
Wes W Chamberlain R,BOS,75,233,20,61,14,1,6,26,15,50,0,2,.262,.306,.408,.714
Andre A Dawson D,BOS,75,292,34,70,18,0,16,48,9,53,2,2,.240,.271,.466,.737
Bo B Jackson L,CAL,75,201,23,56,7,0,13,43,20,72,1,0,.279,.344,.507,.851
John J Kruk,PHI,75,255,35,77,17,0,5,38,42,51,4,1,.302,.395,.427,.823
Jim J Leyritz,NYY,75,249,47,66,12,0,17,58,35,61,0,0,.265,.365,.518,.883
Pedro P Munoz L,MIN,75,244,35,72,15,2,11,36,19,67,0,0,.295,.348,.508,.856
Dave D Magadan,FLA,74,211,30,58,7,0,1,17,39,25,0,0,.275,.386,.322,.708
Jeff J Reboulet S,MIN,74,189,28,49,11,1,3,23,18,23,0,0,.259,.327,.376,.703
Harold H Reynolds,CAL,74,207,33,48,10,1,0,11,23,18,10,7,.232,.310,.290,.600
Dwight D Smith L,BAL,73,196,31,55,7,2,8,30,12,37,2,4,.281,.324,.459,.783
Cory C Snyder L,LA,73,153,18,36,6,0,6,18,14,47,1,0,.235,.300,.392,.692
Bill B Spiers,MIL,73,214,27,54,10,1,0,17,19,42,7,1,.252,.316,.308,.625
Doug D Strange,TEX,73,226,26,48,12,1,5,26,15,38,1,3,.212,.268,.341,.609
Ricky R Jordan,PHI,72,220,29,62,14,2,8,37,6,32,0,0,.282,.303,.473,.775
Scott S Livingstone,SD,72,203,11,54,13,1,2,11,7,26,2,2,.266,.289,.369,.659
Jose J Offerman S,LA,72,243,27,51,8,4,1,25,38,38,2,1,.210,.314,.288,.603
Tom T Pagnozzi,STL,70,243,21,66,12,1,7,40,21,39,0,0,.272,.327,.416,.743
Darren D Daulton,PHI,69,257,43,77,17,1,15,56,33,43,4,1,.300,.380,.549,.929
Tony T Longmire,PHI,69,139,10,33,11,0,0,17,10,27,2,1,.237,.289,.317,.606
Omar O Vizquel S,CLE,69,286,39,78,10,1,1,33,23,23,13,4,.273,.325,.325,.650
Jacob J Brumfield,CIN,68,122,36,38,10,2,4,11,15,18,6,3,.311,.381,.525,.906
Jeffrey J Hammonds R,BAL,68,250,45,74,18,2,8,31,17,39,5,0,.296,.339,.480,.819
Chris C Sabo,BAL,68,258,41,66,15,3,11,42,20,38,1,1,.256,.320,.465,.786
Chip C Hale,MIN,67,118,13,31,9,0,1,11,16,14,0,2,.263,.350,.364,.715
Gary G Varsho,PIT,67,82,15,21,6,3,0,5,4,19,0,1,.256,.307,.402,.709
Eduardo E Zambrano,CHC,67,116,17,30,7,0,6,18,16,29,2,1,.259,.353,.474,.828
Lenny L Harris,CIN,66,100,13,31,3,1,0,14,5,13,7,2,.310,.340,.360,.700
Eddie E Taubensee,CIN,66,187,29,53,8,2,8,21,15,31,2,0,.283,.333,.476,.809
Chad C Kreuter,DET,65,170,17,38,8,0,1,19,28,36,0,1,.224,.327,.288,.615
Kim K Batiste,PHI,64,209,17,49,6,0,1,13,1,32,1,1,.234,.239,.278,.517
Tom T Brunansky R,BOS,64,205,24,48,12,1,10,34,24,57,0,2,.234,.309,.449,.758
Brent B Gates,OAK,64,233,29,66,11,1,2,24,21,32,3,0,.283,.337,.365,.702
Brian B Harper D,MIL,64,251,23,73,15,0,4,32,9,18,0,2,.291,.318,.398,.717
Bill B Pecota,ATL,64,112,11,24,5,0,2,16,16,16,1,0,.214,.310,.313,.623
Terry T Shumpert,KC,64,183,28,44,6,2,8,24,13,39,18,3,.240,.289,.426,.716
Scott S Fletcher,BOS,63,185,31,42,9,1,3,11,16,14,8,1,.227,.296,.335,.631
Reggie R Jefferson D,SEA,63,162,24,53,11,0,8,32,17,32,0,0,.327,.392,.543,.936
Warren W Newson,CWS,63,102,16,26,5,0,2,7,14,23,1,0,.255,.345,.363,.708
Luis L Sojo,SEA,63,213,32,59,9,2,6,22,8,25,2,1,.277,.308,.423,.731
John J Cangelosi,NYM,62,111,14,28,4,0,0,4,19,20,5,1,.252,.371,.288,.660
Phil P Clark,SD,61,149,14,32,6,0,5,20,5,17,1,2,.215,.250,.356,.606
Steve S Reed,COL,61,2,0,0,0,0,0,0,0,1,0,0,.000,.000,.000,.000
J. T. J Snow,CAL,61,223,22,49,4,0,8,30,19,48,0,1,.220,.289,.345,.634
Gerald G Perry,STL,60,77,12,25,7,0,3,18,15,12,1,1,.325,.435,.532,.967
Alex A Arias,FLA,59,113,4,27,5,0,0,15,9,19,0,1,.239,.298,.283,.582
Archi A Cianfrocco,SD,59,146,9,32,8,0,4,13,3,39,2,0,.219,.252,.356,.608
Tom T Foley,PIT,59,123,13,29,7,0,3,15,13,18,0,0,.236,.307,.366,.672
Michael M La Valliere,CWS,59,139,6,39,4,0,1,24,20,15,0,2,.281,.368,.331,.699
Oddibe O Mc Dowell C,TEX,59,183,34,48,5,1,1,15,28,39,14,2,.262,.355,.317,.672
Juan J Samuel C,DET,59,136,32,42,9,5,5,21,10,26,5,2,.309,.364,.559,.923
Jack J Voigt R,BAL,59,141,15,34,5,0,3,20,18,25,0,0,.241,.327,.340,.668
Kevin K Young,PIT,59,122,15,25,7,2,1,11,8,34,0,2,.205,.258,.320,.577
Jose J Bautista,CHC,58,2,0,0,0,0,0,0,0,0,0,0,.000,.000,.000,.000
Jeff J Branson,CIN,58,109,18,31,4,1,6,16,5,16,0,0,.284,.316,.505,.820
Mike M Felder,HOU,58,117,10,28,2,2,0,13,4,12,3,0,.239,.264,.291,.555
Chris C Gwynn,LA,58,71,9,19,0,0,3,13,7,7,0,2,.268,.333,.394,.728
Mel M Rojas,MON,58,10,1,2,0,0,0,0,0,5,0,0,.200,.200,.200,.400
Chris C Turner,CAL,58,149,23,36,7,1,1,12,10,29,3,0,.242,.290,.322,.612
Dave D Burba,SF,57,3,0,0,0,0,0,0,0,2,0,0,.000,.000,.000,.000
Jeff J Frye,TEX,57,205,37,67,20,3,0,18,29,23,6,1,.327,.408,.454,.861
Mike M Munoz,COL,57,0,0,0,0,0,0,0,0,0,0,0,.000,.000,.000,.000
Carlos C Rodriguez S,BOS,57,174,15,50,14,1,1,13,11,13,1,0,.287,.330,.397,.726
Ryne R Sandberg,CHC,57,223,36,53,9,5,5,24,23,40,2,3,.238,.312,.390,.702
Lenny L Webster,MON,57,143,13,39,10,0,5,23,16,24,0,0,.273,.370,.448,.817
Gerald G Williams L,NYY,57,86,19,25,8,0,4,13,4,17,1,3,.291,.319,.523,.842
Dave D Henderson L,KC,56,198,27,49,14,1,5,31,16,28,2,0,.247,.304,.404,.708
Jose J Hernandez,CHC,56,132,18,32,2,3,1,9,8,29,2,2,.242,.291,.326,.616
Rex R Hudler,CAL,56,124,17,37,8,0,8,20,6,28,2,2,.298,.326,.556,.882
Rich R Rodriguez,STL,56,1,0,0,0,0,0,0,0,0,0,0,.000,.000,.000,.000
Bruce B Ruffin,COL,56,4,0,1,0,0,0,1,1,2,0,0,.250,.400,.250,.650
Tony T Eusebio,HOU,55,159,18,47,9,1,5,30,8,33,0,1,.296,.320,.459,.779
Jose J Oquendo S,STL,55,129,13,34,2,2,0,9,21,16,1,1,.264,.364,.310,.674
Chris C Donnels,HOU,54,86,12,23,5,0,3,5,13,18,1,0,.267,.364,.430,.794
Dan D Plesac,CHC,54,4,0,0,0,0,0,0,0,3,0,0,.000,.000,.000,.000
Brian B Jordan R,STL,53,178,14,46,8,2,5,15,16,40,4,3,.258,.320,.410,.730
Daryl D Boston,NYY,52,77,11,14,2,0,4,14,6,20,0,1,.182,.250,.364,.614
Vinny V Castilla S,COL,52,130,16,43,11,1,3,18,7,23,2,1,.331,.357,.500,.857
John J Habyan,STL,52,0,0,0,0,0,0,0,1,0,0,0,.000,1.000,.000,1.000
Tim T Hyers,SD,52,118,13,30,3,0,0,7,9,15,3,0,.254,.307,.280,.587
Chris C James R,TEX,52,133,28,34,8,4,7,19,20,38,0,0,.256,.361,.534,.895
Jim J Lindeman L,NYM,52,137,18,37,8,1,7,20,6,35,0,0,.270,.303,.496,.800
Chuck C Mc Elroy,CIN,52,6,0,1,0,0,0,1,0,3,0,0,.167,.167,.167,.333
Steve S Scarsone,SF,52,103,21,28,8,0,2,13,10,20,0,2,.272,.330,.408,.738
Heathcliff H Slocumb,PHI,52,4,0,1,0,0,0,2,0,2,0,0,.250,.250,.250,.500
Tim T Spehr,MON,52,36,8,9,3,1,0,5,4,11,2,0,.250,.325,.389,.714
Jeff J Treadway,LA,52,67,14,20,3,0,0,5,5,8,1,1,.299,.351,.343,.695
John J Wetteland,MON,52,4,0,1,0,0,0,1,0,1,0,0,.250,.250,.250,.500
Mark M Carreon R,SF,51,100,8,27,4,0,3,20,7,20,0,0,.270,.324,.400,.724
Lloyd L Mc Clendon,PIT,51,92,9,22,4,0,4,12,4,11,0,1,.239,.278,.413,.691
Greg G Mc Michael,ATL,51,1,0,0,0,0,0,0,0,0,0,0,.000,.000,.000,.000
Kevin K Mc Reynolds L,NYM,51,180,23,46,11,2,4,21,20,34,2,0,.256,.328,.406,.734
Charlie C O' Brien,ATL,51,152,24,37,11,0,8,28,15,24,0,0,.243,.322,.474,.795
Johnny J Ruffin,CIN,51,8,1,0,0,0,0,0,0,3,1,0,.000,.000,.000,.000
Mark M Wohlers,ATL,51,1,1,1,0,0,0,0,0,0,0,0,1.000,1.000,1.000,2.000
Tim T Bogar,NYM,50,52,5,8,0,0,2,5,4,11,1,0,.154,.211,.269,.480
Jeff J Brantley,CIN,50,3,0,0,0,0,0,0,1,1,0,0,.000,.250,.000,.250
Rob R Murphy,STL,50,0,0,0,0,0,0,0,0,0,0,0,.000,.000,.000,.000
Jeff J Reed,SF,50,103,11,18,3,0,1,7,11,21,0,0,.175,.254,.233,.487
Chuck C Crim,CHC,49,2,0,0,0,0,0,0,0,0,0,0,.000,.000,.000,.000
Mike M Stanton,ATL,49,3,0,2,0,0,0,1,0,0,0,0,.667,.667,.667,1.333
Eddie E Williams,SD,49,175,32,58,11,1,11,42,15,26,0,1,.331,.392,.594,.986
Rod R Beck,SF,48,3,0,0,0,0,0,0,0,2,0,0,.000,.000,.000,.000
Esteban E Beltre S,TEX,48,131,12,37,5,0,0,12,16,25,2,5,.282,.358,.321,.679
Darnell D Coles L,TOR,48,143,15,30,6,1,4,15,10,25,0,0,.210,.263,.350,.612
Milt M Cuyler C,DET,48,116,20,28,3,1,1,11,13,21,5,3,.241,.318,.310,.628
Todd T Jones,HOU,48,5,0,2,0,0,0,0,0,0,0,0,.400,.400,.400,.800
Pedro P Martinez,SD,48,5,0,0,0,0,0,0,0,2,0,0,.000,.000,.000,.000
Freddie F Benavides,MON,47,85,8,16,5,1,0,6,3,15,0,0,.188,.222,.271,.493
Willie W Blair,COL,47,6,0,0,0,0,0,0,0,5,0,0,.000,.000,.000,.000
Domingo D Cedeno,TOR,47,97,14,19,2,3,0,10,10,31,1,2,.196,.261,.278,.540
Greg G Colbrunn,FLA,47,155,17,47,10,0,6,31,9,27,1,1,.303,.345,.484,.829
John J Franco,NYM,47,3,0,0,0,0,0,0,0,3,0,0,.000,.000,.000,.000
Trevor T Hoffman,SD,47,3,0,0,0,0,0,0,0,0,0,0,.000,.000,.000,.000
Doug D Jones,PHI,47,1,0,1,0,0,0,0,0,0,0,0,1.000,1.000,1.000,2.000
Roger R Mason,NYM,47,0,0,0,0,0,0,0,0,0,0,0,.000,.000,.000,.000
Mark M Mc Gwire,OAK,47,135,26,34,3,0,9,25,37,40,0,0,.252,.413,.474,.887
Randy R Milligan,MON,47,82,10,19,2,0,2,12,14,21,0,0,.232,.337,.329,.666
Kelly K Stinnett,NYM,47,150,20,38,6,2,2,14,11,28,2,0,.253,.323,.360,.683
Steve S Bedrosian,ATL,46,2,0,1,0,0,0,0,0,1,0,0,.500,.500,.500,1.000
Rafael R Belliard S,ATL,46,120,9,29,7,1,0,9,2,29,0,2,.242,.264,.317,.581
Sid S Bream,HOU,46,61,7,21,5,0,0,7,9,9,0,1,.344,.429,.426,.855
David D Howard,KC,46,83,9,19,4,0,1,13,11,23,3,2,.229,.309,.313,.622
Ravelo R Manzanillo,PIT,46,3,0,2,1,0,0,2,0,0,0,0,.667,.667,1.000,1.667
Brent B Mayne,KC,46,144,19,37,5,1,2,20,14,27,1,0,.257,.323,.347,.670
Keith K Mitchell L,SEA,46,128,21,29,2,0,5,15,18,22,0,0,.227,.324,.359,.684
Rich R Rowland,BOS,46,118,14,27,3,0,9,20,11,35,0,0,.229,.295,.483,.778
Jeff J Shaw,MON,46,7,1,2,0,0,0,0,1,2,0,0,.286,.375,.286,.661
Dave D Valle,MIL,46,112,14,26,8,1,2,10,18,22,0,2,.232,.348,.375,.724
Jerome J Walton,CIN,46,68,10,21,4,0,1,9,4,12,1,3,.309,.347,.412,.759
Rene R Arocha,STL,45,9,0,1,1,0,0,0,1,5,0,0,.111,.200,.222,.422
Jeromy J Burnitz R,NYM,45,143,26,34,4,0,3,15,23,45,1,1,.238,.347,.329,.676
Hector H Carrasco,CIN,45,6,0,0,0,0,0,0,0,4,0,0,.000,.000,.000,.000
Mark M Dewey,PIT,45,1,1,1,0,0,0,0,0,0,0,0,1.000,1.000,1.000,2.000
Richie R Lewis,FLA,45,5,1,0,0,0,0,0,1,1,0,0,.000,.167,.000,.167
Norberto N Martin,CWS,45,131,19,36,7,1,1,16,9,16,4,2,.275,.317,.366,.683
Willie W Mc Gee R,SF,45,156,19,44,3,0,5,23,15,24,3,0,.282,.337,.397,.735
Greg G Myers,CAL,45,126,10,31,6,0,2,8,10,27,0,2,.246,.299,.341,.640
Steve S Frey,SF,44,0,0,0,0,0,0,0,0,0,0,0,.000,.000,.000,.000
Mike M Hampton,HOU,44,1,0,0,0,0,0,0,0,1,0,0,.000,.000,.000,.000
Dave D Hollins,PHI,44,162,28,36,7,1,4,26,23,32,1,0,.222,.328,.352,.680
Dave D Mc Carty,MIN,44,131,21,34,8,2,1,12,7,32,2,1,.260,.322,.374,.696
Robb R Nen,FLA,44,3,0,0,0,0,0,0,0,1,0,0,.000,.000,.000,.000
Mark M Parent,CHC,44,99,8,26,4,0,3,16,13,24,0,1,.263,.348,.394,.742
Yorkis Y Perez,FLA,44,2,0,0,0,0,0,0,0,2,0,0,.000,.000,.000,.000
Kevin K Roberson,CHC,44,55,8,12,4,0,4,9,2,14,0,0,.218,.271,.509,.780
Danny D Sheaffer,COL,44,110,11,24,4,0,1,12,10,11,0,2,.218,.283,.282,.565
Carlos C Delgado L,TOR,43,130,17,28,2,0,9,24,25,46,1,1,.215,.352,.438,.791
Jorge J Fabregas,CAL,43,127,12,36,3,0,0,16,7,18,2,1,.283,.321,.307,.628
Stan S Royer,BOS,43,66,3,11,5,0,1,3,0,21,0,0,.167,.167,.288,.454
Rick R White,PIT,43,13,0,1,0,0,0,0,0,4,0,0,.077,.143,.077,.220
Ellis E Burks C,COL,42,149,33,48,8,3,13,24,16,39,3,1,.322,.388,.678,1.066
Tom T Edens,PHI,42,2,0,0,0,0,0,0,0,1,0,0,.000,.000,.000,.000
John J Hudek,HOU,42,0,0,0,0,0,0,0,0,0,0,0,.000,.000,.000,.000
Candy C Maldonado D,CLE,42,92,14,18,5,1,5,12,19,31,1,1,.196,.333,.435,.768
Terry T Mc Griff,STL,42,114,10,25,6,0,0,13,13,11,0,0,.219,.308,.272,.580
Rob R Butler L,TOR,41,74,13,13,0,1,0,5,7,8,0,1,.176,.250,.203,.453
Rafael R Bournigal S,LA,40,116,2,26,3,1,0,11,9,5,0,0,.224,.291,.267,.559
Bryan B Eversgerd,STL,40,6,0,0,0,0,0,0,0,3,0,0,.000,.000,.000,.000
Dave D Hansen,LA,40,44,3,15,3,0,0,5,5,5,0,0,.341,.408,.409,.817
Randy R Knorr,TOR,40,124,20,30,2,0,7,19,10,35,0,0,.242,.301,.427,.729
Lance L Parrish,PIT,40,126,10,34,5,0,3,16,18,28,1,1,.270,.363,.381,.744
Tony T Peña Pena,CLE,40,112,18,33,8,1,2,10,9,11,0,1,.295,.341,.438,.779
Tim T Scott,MON,40,2,0,0,0,0,0,0,0,1,0,0,.000,.000,.000,.000
B. J. B Surhoff,MIL,40,134,20,35,11,2,5,22,16,14,0,1,.261,.336,.485,.821
Rondell R White L,MON,40,97,16,27,10,1,2,13,9,18,1,1,.278,.358,.464,.822
Rico R Brogna,NYM,39,131,16,46,11,2,7,20,6,29,1,0,.351,.380,.626,1.006
Jeff J Cirillo,MIL,39,126,17,30,9,0,3,12,11,16,0,1,.238,.309,.381,.690
Orestes O Destrade,FLA,39,130,12,27,4,0,5,15,19,32,1,0,.208,.316,.354,.670
Gil G Heredia,MON,39,16,1,5,0,0,0,1,0,2,0,0,.313,.313,.313,.625
Rich R Monteleone,SF,39,3,0,0,0,0,0,0,0,0,0,0,.000,.000,.000,.000
Jeff J Tabaka,SD,39,1,1,1,1,0,0,0,1,0,0,0,1.000,1.000,2.000,3.000
Juan J Bell,MON,38,97,12,27,4,0,2,10,15,21,4,0,.278,.372,.381,.753
Mike M Benjamin S,SF,38,62,9,16,5,1,1,9,5,16,5,0,.258,.343,.419,.762
Bill B Haselman,SEA,38,83,11,16,7,1,1,8,3,11,1,0,.193,.230,.337,.567
Roberto R Mejia,COL,38,116,11,28,8,1,4,14,15,33,3,1,.241,.326,.431,.757
Randy R Myers,CHC,38,1,0,0,0,0,0,0,0,1,0,0,.000,.000,.000,.000
Eduardo E Perez,CAL,38,129,10,27,7,0,5,16,12,29,3,0,.209,.275,.380,.654
Brian B Turang L,SEA,38,112,9,21,5,1,1,8,7,25,3,1,.188,.242,.277,.518
Todd T Worrell,LA,38,0,0,0,0,0,0,0,0,0,0,0,.000,.000,.000,.000
Eric E Davis C,DET,37,120,19,22,4,0,3,13,18,45,5,0,.183,.290,.292,.582
Jim J Gott,LA,37,0,0,0,0,0,0,0,0,0,0,0,.000,.000,.000,.000
Josias J Manzanillo,NYM,37,4,0,0,0,0,0,0,0,2,0,0,.000,.000,.000,.000
Andy A Stankiewicz S,HOU,37,54,10,14,3,0,1,5,12,12,1,1,.259,.403,.370,.773
Darryl D Hamilton C,MIL,36,141,23,37,10,1,1,13,15,17,3,0,.262,.331,.369,.700
Tim T Hulett,BAL,36,92,11,21,2,1,2,15,12,24,0,0,.228,.314,.337,.651
Michael M Jackson,SF,36,1,0,0,0,0,0,0,0,0,0,0,.000,.000,.000,.000
Brian B Johnson,SD,36,93,7,23,4,1,3,16,5,21,0,0,.247,.283,.409,.691
Torey T Lovullo,SEA,36,72,9,16,5,0,2,7,9,13,1,0,.222,.309,.375,.684
Dave D Otto,CHC,36,2,0,0,0,0,0,0,0,1,0,0,.000,.000,.000,.000
Mike M Perez,STL,36,0,0,0,0,0,0,0,0,0,0,0,.000,.000,.000,.000
Bob B Zupcic L,CWS,36,92,10,18,4,1,1,8,4,17,0,1,.196,.227,.293,.520
Craig C Grebeck,CWS,35,97,17,30,5,0,0,5,12,5,0,0,.309,.391,.361,.752
Tim T Mauser,SD,35,4,0,1,0,0,0,0,1,3,0,0,.250,.400,.250,.650
Jeff J Mutis,FLA,35,3,0,0,0,0,0,0,0,1,0,0,.000,.000,.000,.000
Lonnie L Smith D,BAL,35,59,13,12,3,0,0,2,11,18,1,0,.203,.333,.254,.588
Robby R Thompson,SF,35,129,13,27,8,2,2,7,15,32,3,1,.209,.290,.349,.638
Hubie H Brooks,KC,34,61,5,14,2,0,1,14,2,10,1,0,.230,.239,.311,.550
John J Flaherty,DET,34,40,2,6,1,0,0,4,1,11,0,1,.150,.167,.175,.342
Jim J Bullinger,CHC,33,22,0,3,2,0,0,4,2,8,0,0,.136,.208,.227,.436
Shane S Reynolds,HOU,33,33,0,3,0,0,0,2,1,15,0,0,.091,.118,.091,.209
Mario M Diaz,FLA,32,77,10,25,4,2,0,11,6,6,0,0,.325,.376,.429,.805
Carlos C Hernandez,LA,32,64,6,14,2,0,2,6,1,14,0,0,.219,.231,.344,.574
Doug D Linton,NYM,32,7,0,0,0,0,0,0,0,3,0,0,.000,.000,.000,.000
Roger R Mc Dowell,LA,32,1,0,0,0,0,0,0,0,1,0,0,.000,.000,.000,.000
Billy B Ripken,TEX,32,81,9,25,5,0,0,6,3,11,2,0,.309,.333,.370,.704
Luis L Rivera,NYM,32,43,11,12,2,1,3,5,4,14,0,1,.279,.367,.581,.949
Dave D Veres,HOU,32,2,0,1,0,0,0,0,1,1,0,0,.500,.667,.500,1.167
Danny D Bautista R,DET,31,99,12,23,4,1,4,15,3,18,1,2,.232,.255,.414,.669
Jeff J Mc Knight,NYM,31,27,1,4,1,0,0,2,4,12,0,0,.148,.250,.185,.435
Vicente V Palacios,STL,31,33,0,0,0,0,0,0,0,15,0,0,.000,.000,.000,.000
Derek D Parks,MIN,31,89,6,17,6,0,1,9,4,20,0,1,.191,.242,.292,.534
David D West,PHI,31,28,1,2,0,0,0,0,0,12,0,0,.071,.071,.071,.143
Donnie D Elliott,SD,30,1,0,0,0,0,0,0,0,1,0,0,.000,.000,.000,.000
Mike M Kelly L,ATL,30,77,14,21,10,1,2,9,2,17,0,1,.273,.300,.506,.806
Larry L Andersen,PHI,29,0,0,0,0,0,0,0,1,0,0,0,.000,1.000,.000,1.000
Luis L Aquino,FLA,29,6,1,1,0,0,0,0,0,0,0,0,.167,.167,.167,.333
Greg G Harris,COL,29,40,2,7,2,0,0,2,2,15,0,0,.175,.214,.225,.439
Darren D Holmes,COL,29,1,0,0,0,0,0,0,0,1,0,0,.000,.000,.000,.000
Marcus M Moore,COL,29,1,0,0,0,0,0,0,0,1,0,0,.000,.000,.000,.000
Junior J Ortiz,TEX,29,76,3,21,2,0,0,9,5,11,0,1,.276,.329,.303,.632
Dave D Staton,SD,29,66,6,12,2,0,4,6,10,18,0,0,.182,.289,.394,.683
Darryl D Strawberry R,SF,29,92,13,22,3,1,4,17,19,22,0,3,.239,.363,.424,.787
Paul P Wagner,PIT,29,37,1,6,1,0,0,2,0,10,0,0,.162,.162,.189,.351
Jeff J Ballard,PIT,28,2,0,1,0,0,0,0,0,0,0,0,.500,.500,.500,1.000
Rich R Becker C,MIN,28,98,12,26,3,0,1,8,13,25,6,1,.265,.351,.327,.678
Darren D Dreifort,LA,28,1,0,1,0,0,0,1,0,0,0,0,1.000,1.000,1.000,2.000
Bryan B Hickerson,SF,28,27,1,5,1,0,0,0,1,9,0,0,.185,.241,.222,.464
Mike M Matheny,MIL,28,53,3,12,3,0,1,2,3,13,0,1,.226,.293,.340,.633
Dan D Miceli,PIT,28,3,0,0,0,0,0,0,0,2,0,0,.000,.000,.000,.000
Matt M Nokes,NYY,28,79,11,23,3,0,7,19,5,16,0,0,.291,.329,.595,.924
Todd T Pratt,PHI,28,102,10,20,6,1,2,9,12,29,0,1,.196,.281,.333,.614
Rick R Renteria,FLA,28,49,5,11,0,0,2,4,1,4,0,1,.224,.269,.347,.616
Keith K Lockhart,SD,27,43,4,9,0,0,2,6,4,10,1,0,.209,.286,.349,.635
Mike M Maddux,NYM,27,3,0,0,0,0,0,0,0,2,0,0,.000,.000,.000,.000
Troy T O' Leary L,MIL,27,66,9,18,1,1,2,7,5,12,1,1,.273,.329,.409,.738
Ruben R Amaro,CLE,26,23,5,5,1,0,2,5,2,3,2,1,.217,.280,.522,.802
Eric E Fox C,OAK,26,44,7,9,2,0,1,1,3,8,2,0,.205,.255,.318,.574
Tom T Glavine,ATL,26,56,4,10,1,0,0,3,5,15,0,0,.179,.246,.196,.442
Pat P Gomez,SF,26,2,0,0,0,0,0,0,0,0,0,0,.000,.000,.000,.000
Garey G Ingram,LA,26,78,10,22,1,0,3,8,7,22,0,0,.282,.341,.410,.751
Danny D Jackson,PHI,26,57,3,9,2,1,0,7,2,24,0,0,.158,.186,.228,.414
Mike M Maksudian,CHC,26,26,6,7,2,0,0,4,10,4,0,1,.269,.472,.346,.818
Jose J Rijo,CIN,26,49,4,10,4,0,0,3,0,7,0,0,.204,.204,.286,.490
Zane Z Smith,PIT,26,57,2,12,1,0,0,2,0,11,0,0,.211,.211,.228,.439
Jeff J Tackett,BAL,26,53,5,12,3,1,2,9,5,13,0,0,.226,.317,.434,.751
David D Weathers,FLA,26,44,2,3,0,0,0,0,3,25,0,0,.068,.128,.068,.196
Andy A Benes,SD,25,49,2,8,1,0,0,7,1,22,0,0,.163,.180,.184,.364
John J Burkett,SF,25,51,1,3,0,0,0,0,1,21,0,0,.059,.077,.059,.136
Steve S Cooke,PIT,25,42,2,8,1,0,0,0,0,12,0,0,.190,.190,.214,.405
Tim T Fortugno,CIN,25,3,0,1,0,0,0,0,0,2,0,0,.333,.333,.333,.667
Kevin K Gross,LA,25,47,2,7,0,0,1,3,3,18,0,0,.149,.200,.213,.413
Greg G Maddux,ATL,25,63,5,14,2,0,0,2,1,19,0,0,.222,.234,.254,.488
Pat P Rapp,FLA,25,41,1,5,1,0,0,2,0,13,0,0,.122,.122,.146,.268
Mitch M Williams,HOU,25,0,0,0,0,0,0,0,0,0,0,0,.000,.000,.000,.000
Andy A Ashby,SD,24,49,2,8,0,0,0,0,1,19,0,0,.163,.180,.163,.343
Steve S Avery,ATL,24,49,4,5,2,0,0,5,1,16,0,0,.102,.115,.143,.258
Skeeter S Barnes,DET,24,21,4,6,0,0,1,4,0,2,0,1,.286,.286,.429,.714
Toby T Borland,PHI,24,3,0,0,0,0,0,1,0,0,0,0,.000,.000,.000,.000
Midre M Cummings L,PIT,24,86,11,21,4,0,1,12,4,18,0,0,.244,.283,.326,.608
Omar O Daal,LA,24,0,0,0,0,0,0,0,0,0,0,0,.000,.000,.000,.000
Doug D Drabek,HOU,24,58,4,14,0,1,0,6,0,10,0,0,.241,.262,.276,.538
Mike M Harkey,COL,24,22,1,4,0,0,0,3,0,8,0,0,.182,.182,.182,.364
Butch B Henry,MON,24,31,5,9,1,0,0,2,3,6,0,0,.290,.353,.323,.676
Ken K Hill,MON,24,48,1,7,0,0,0,2,3,17,0,0,.146,.196,.146,.342
Bobby B Jones,NYM,24,46,3,5,1,0,0,1,0,19,0,0,.109,.109,.130,.239
Darryl D Kile,HOU,24,47,3,7,4,0,0,2,0,28,0,0,.149,.167,.234,.401
Mike M Lieberthal,PHI,24,79,6,21,3,1,1,5,3,5,0,0,.266,.301,.367,.668
Pedro P Martinez,MON,24,44,1,4,0,1,0,5,3,21,0,0,.091,.146,.136,.282
Ramon R Martinez,LA,24,66,4,18,3,0,0,3,1,18,0,2,.273,.284,.318,.602
Terry T Mathews,FLA,24,6,1,3,1,0,0,0,0,2,0,0,.500,.500,.667,1.167
Denny D Neagle,PIT,24,42,2,8,0,0,1,7,0,13,0,0,.190,.190,.262,.452
Tom T Quinlan,PHI,24,35,6,7,2,0,1,3,3,13,0,0,.200,.263,.343,.606
Bret B Saberhagen,NYM,24,58,7,10,2,0,0,1,4,14,0,0,.172,.226,.207,.433
John J Smiley,CIN,24,55,5,11,3,0,0,2,4,26,0,0,.200,.254,.255,.509
Greg G Swindell,HOU,24,44,1,11,3,0,0,0,0,14,0,0,.250,.250,.318,.568
Bob B Tewksbury,STL,24,54,4,10,2,0,0,3,2,19,0,0,.185,.214,.222,.436
Ron R Tingley,CWS,24,57,4,9,3,1,1,2,5,20,0,0,.158,.226,.298,.524
Pedro P Astacio,LA,23,47,2,3,0,0,0,0,0,22,0,0,.064,.064,.064,.128
Willie W Banks,CHC,23,41,3,5,1,0,0,0,1,13,0,1,.122,.163,.146,.309
Tom T Candiotti,LA,23,50,2,7,1,0,0,3,1,9,0,0,.140,.157,.160,.317
Mauro M Gozzo,NYM,23,16,1,4,1,0,0,1,1,3,0,0,.250,.294,.313,.607
Scott S Sanders,SD,23,32,0,4,0,0,0,1,3,16,0,0,.125,.200,.125,.325
Rene R Gonzales,CLE,22,23,6,8,1,1,1,5,5,3,2,0,.348,.448,.609,1.057
Erik E Hanson,CIN,22,39,3,6,1,0,0,3,0,17,0,0,.154,.154,.179,.333
Shawn S Hare L,NYM,22,40,7,9,1,1,0,2,4,11,0,0,.225,.295,.300,.596
Orel O Hershiser,LA,22,44,4,9,0,0,0,4,2,10,1,0,.205,.245,.205,.449
David D Nied,COL,22,40,1,4,0,0,0,0,1,15,0,0,.100,.122,.100,.222
Alejandro A Pena,PIT,22,1,0,0,0,0,0,0,0,1,0,0,.000,.000,.000,.000
A. J. A Sager,SD,22,10,0,1,0,1,0,2,0,5,0,0,.100,.100,.300,.400
Pete P Schourek,CIN,22,23,1,4,0,0,1,1,1,3,0,0,.174,.208,.304,.513
Steve S Trachsel,CHC,22,43,3,8,1,0,0,2,0,9,0,1,.186,.205,.209,.414
Allen A Watson,STL,22,38,3,6,2,1,0,5,1,4,0,0,.158,.179,.263,.443
Shawn S Boskie,PHI,21,26,2,3,1,1,0,2,3,7,0,0,.115,.207,.231,.438
Jeff J Fassero,MON,21,44,1,3,0,1,0,0,2,27,0,0,.068,.109,.114,.222
Jeremy J Hernandez,FLA,21,1,0,0,0,0,0,0,0,0,0,0,.000,.000,.000,.000
Charlie C Hough,FLA,21,33,1,4,0,0,0,0,1,9,0,0,.121,.147,.121,.268
Chris C Jones,COL,21,40,6,12,2,1,0,2,2,14,0,1,.300,.333,.400,.733
Bobby B Munoz,PHI,21,34,3,7,0,0,1,6,1,11,0,0,.206,.229,.294,.523
Mark M Portugal,SF,21,48,4,17,5,1,0,8,1,8,0,0,.354,.360,.500,.860
Pete P Smith,NYM,21,37,2,5,1,0,0,1,4,9,0,0,.135,.220,.162,.382
John J Smoltz,ATL,21,37,6,6,1,0,1,1,4,14,0,0,.162,.244,.270,.514
Ismael I Valdez,LA,21,2,0,0,0,0,0,0,0,1,0,0,.000,.000,.000,.000
Andy A Carter,PHI,20,6,0,0,0,0,0,0,0,3,0,0,.000,.000,.000,.000
Mark M Davis,SD,20,0,0,0,0,0,0,0,0,0,0,0,.000,.000,.000,.000
Mark M Gardner,FLA,20,25,0,1,0,0,0,0,0,10,0,0,.040,.077,.040,.117
Mark M Lewis S,CLE,20,73,6,15,5,0,1,8,2,13,1,0,.205,.227,.315,.542
Bob B Melvin,CWS,20,33,5,7,0,0,1,4,1,7,0,0,.212,.235,.303,.538
Kent K Mercker,ATL,20,37,0,2,0,0,0,2,2,15,0,0,.054,.100,.054,.154
Kirk K Rueter,MON,20,34,1,4,0,0,0,1,2,8,0,0,.118,.167,.118,.284
Tom T Urbani,STL,20,24,1,6,0,0,0,1,2,5,0,0,.250,.308,.250,.558
Brian B Williams,HOU,20,23,0,6,0,0,0,3,0,4,0,0,.261,.261,.261,.522
Anthony A Young,CHC,20,34,3,6,1,0,0,4,0,11,0,0,.176,.176,.206,.382
Mike M Bielecki,ATL,19,3,0,0,0,0,0,0,0,3,0,0,.000,.000,.000,.000
Mark M Dalesandro,CAL,19,25,5,5,1,0,1,2,2,4,0,0,.200,.259,.360,.619
Rikkert R Faneyte,SF,19,26,1,3,3,0,0,4,3,11,0,0,.115,.207,.231,.438
Marvin M Freeman,COL,19,36,5,4,1,0,1,3,1,21,0,0,.111,.179,.222,.402
Junior J Noboa,PIT,19,42,3,13,1,1,0,6,2,5,1,0,.310,.341,.381,.722
Jose J Oliva,ATL,19,59,9,17,5,0,6,11,7,10,0,1,.288,.364,.678,1.042
Greg G Pirkl,SEA,19,53,7,14,3,0,6,11,1,12,0,0,.264,.286,.660,.946
Gary G Wayne,LA,19,1,0,0,0,0,0,0,0,0,0,0,.000,.000,.000,.000
Jeff J Gardner,MON,18,32,4,7,0,1,0,1,3,5,0,0,.219,.286,.281,.567
Pete P Harnisch,HOU,18,35,5,6,3,0,0,0,0,10,0,0,.171,.171,.257,.429
Trenidad T Hubbard,COL,18,25,3,7,1,1,1,3,3,4,0,0,.280,.357,.520,.877
Steve S Pegues L,PIT,18,36,2,13,2,0,0,2,2,5,1,0,.361,.395,.417,.811
Paul P Quantrill,PHI,18,3,0,0,0,0,0,0,0,1,0,0,.000,.000,.000,.000
Gary G Redus,TEX,18,33,2,9,1,0,0,2,4,6,0,0,.273,.351,.303,.654
Bill B Swift,SF,18,32,5,6,3,0,0,2,3,5,0,0,.188,.257,.281,.538
Jarvis J Brown,ATL,17,15,3,2,1,0,1,1,0,2,0,0,.133,.133,.400,.533
Fausto F Cruz S,OAK,17,28,2,3,0,0,0,0,4,6,0,0,.107,.219,.107,.326
Joe J Hall,CWS,17,28,6,11,3,0,1,5,2,4,0,0,.393,.452,.607,1.059
Todd T Haney,CHC,17,37,6,6,0,0,1,2,3,3,2,1,.162,.238,.243,.481
John J Johnstone,FLA,17,0,0,0,0,0,0,0,0,0,0,0,.000,.000,.000,.000
Jon J Lieber,PIT,17,39,3,4,1,0,0,0,1,14,0,0,.103,.125,.128,.253
Blas B Minor,PIT,17,0,0,0,0,0,0,0,0,0,0,0,.000,.000,.000,.000
Randy R Ready,PHI,17,42,5,16,1,0,1,3,8,6,0,1,.381,.480,.476,.956
Alex A Rodriguez S,SEA,17,54,4,11,0,0,0,2,3,20,3,0,.204,.241,.204,.445
Rudy R Seanez,LA,17,1,0,0,0,0,0,0,0,1,0,0,.000,.000,.000,.000
Jesus J Tavarez R,FLA,17,39,4,7,0,0,0,4,1,5,1,1,.179,.200,.179,.380
Andy A Tomberlin R,BOS,17,36,1,7,0,1,1,1,6,12,1,0,.194,.310,.333,.643
Willie W Wilson C,CHC,17,21,4,5,0,2,0,0,1,6,1,0,.238,.273,.429,.701
Kent K Bottenfield,SF,16,1,0,0,0,0,0,0,0,0,0,0,.000,.000,.000,.000
Carl C Everett,FLA,16,51,7,11,1,0,2,6,3,15,4,0,.216,.259,.353,.612
Willie W Greene,CIN,16,37,5,8,2,0,0,3,6,14,0,0,.216,.318,.270,.588
Joey J Hamilton,SD,16,40,0,0,0,0,0,1,2,24,0,0,.000,.047,.000,.047
Pat P Listach S,MIL,16,54,8,16,3,0,0,2,3,8,2,1,.296,.333,.352,.685
Orlando O Miller S,HOU,16,40,3,13,0,1,2,9,2,12,1,0,.325,.386,.525,.911
Gregg G Olson,ATL,16,1,0,0,0,0,0,0,0,1,0,0,.000,.000,.000,.000
John J Roper,CIN,16,33,3,6,1,0,0,2,1,12,0,0,.182,.206,.212,.418
Rick R Sutcliffe,STL,16,23,0,3,1,0,0,1,0,6,0,0,.130,.130,.174,.304
Salomon S Torres,SF,16,26,2,4,0,0,0,0,0,12,0,0,.154,.154,.154,.308
William W Van Landingham,SF,16,31,1,2,0,0,0,1,0,17,0,0,.065,.065,.065,.129
Gerald G Young C,STL,16,41,5,13,3,2,0,3,3,8,2,1,.317,.364,.488,.851
Scott S Coolbaugh,STL,15,21,4,4,0,0,2,6,1,4,0,0,.190,.217,.476,.694
Alex A Gonzalez S,TOR,15,53,7,8,3,1,0,1,4,17,3,0,.151,.224,.245,.469
Mike M Morgan,CHC,15,24,1,3,0,0,0,0,1,4,0,0,.125,.160,.125,.285
Omar O Olivares,STL,15,28,4,6,0,0,1,3,1,8,0,0,.214,.241,.321,.563
Al A Osuna,LA,15,0,0,0,0,0,0,0,0,0,0,0,.000,.000,.000,.000
Lance L Painter,COL,15,21,3,3,1,0,0,2,0,10,0,0,.143,.130,.190,.321
Erik E Pappas,STL,15,44,8,4,1,0,0,5,10,13,0,0,.091,.259,.114,.372
J. R. J Phillips,SF,15,38,1,5,0,0,1,3,1,13,1,0,.132,.150,.211,.360
Kevin K Ritz,COL,15,20,0,0,0,0,0,0,0,13,0,0,.000,.000,.000,.000
Doug D Brocail,SD,14,2,2,0,0,0,0,0,0,1,0,0,.000,.000,.000,.000
Steve S Dunn,MIN,14,35,2,8,5,0,0,4,1,12,0,0,.229,.250,.371,.621
Mike M Dyer,PIT,14,1,0,0,0,0,0,0,0,0,0,0,.000,.000,.000,.000
Shawn S Green L,TOR,14,33,1,3,1,0,0,1,1,8,1,0,.091,.118,.121,.239
Eric E Gunderson,NYM,14,0,0,0,0,0,0,0,0,0,0,0,.000,.000,.000,.000
Mark M Leonard,SF,14,11,2,4,1,1,0,2,3,2,0,0,.364,.500,.636,1.136
Francisco F Matos,OAK,14,28,1,7,1,0,0,2,1,2,1,0,.250,.267,.286,.552
Craig C Paquette,OAK,14,49,0,7,2,0,0,0,0,14,1,0,.143,.143,.184,.326
Kevin K Foster,CHC,13,27,2,2,0,0,0,0,1,12,0,0,.074,.107,.074,.181
Chris C Hammond,FLA,13,22,1,3,1,0,0,1,2,12,0,0,.136,.208,.182,.390
Gene G Harris,SD,13,1,0,0,0,0,0,0,0,0,0,0,.000,.000,.000,.000
Russ R Morman,FLA,13,33,2,7,0,1,1,2,2,9,0,0,.212,.278,.364,.641
Curt C Schilling,PHI,13,28,0,3,0,0,0,1,1,10,0,0,.107,.138,.107,.245
Wally W Whitehurst,SD,13,19,0,2,0,0,0,0,3,8,0,0,.105,.227,.105,.332
Bryan B Harvey,FLA,12,0,0,0,0,0,0,0,0,0,0,0,.000,.000,.000,.000
Riccardo R Ingram L,DET,12,23,3,5,0,0,0,2,1,2,0,1,.217,.240,.217,.457
Marc M Newfield D,SEA,12,38,3,7,1,0,1,4,2,4,0,0,.184,.225,.289,.514
Greg G O' Halloran,FLA,12,11,1,2,0,0,0,1,0,1,0,0,.182,.167,.182,.348
Ross R Powell,HOU,12,0,0,0,0,0,0,0,0,0,0,0,.000,.000,.000,.000
Dave D Silvestri,NYY,12,18,3,2,0,1,1,2,4,9,0,1,.111,.261,.389,.650
Mike M Williams,PHI,12,12,1,2,1,0,0,3,0,7,0,0,.167,.167,.250,.417
Mike M Brumley,OAK,11,25,0,6,0,0,0,2,1,8,0,0,.240,.269,.240,.509
Frank F Cimorelli,STL,11,2,0,0,0,0,0,0,0,0,0,0,.000,.000,.000,.000
Rob R Ducey,TEX,11,29,1,5,1,0,0,1,2,1,0,0,.172,.226,.207,.433
Eric E Hillman,NYM,11,8,0,0,0,0,0,0,0,4,0,0,.000,.000,.000,.000
Denny D Hocking S,MIN,11,31,3,10,3,0,0,2,0,4,2,0,.323,.323,.419,.742
Greg G Litton,BOS,11,21,2,2,0,0,0,1,0,5,0,0,.095,.091,.095,.186
Dan D Pasqua R,CWS,11,23,2,5,2,0,2,4,0,9,0,0,.217,.217,.565,.783
Ernie E Young L,OAK,11,30,2,2,1,0,0,3,1,8,0,0,.067,.097,.100,.197
Bud B Black,SF,10,17,0,1,0,0,0,1,0,5,0,0,.059,.059,.059,.118
Denis D Boucher,MON,10,3,1,1,1,0,0,0,0,1,0,0,.333,.333,.667,1.000
Gary G Buckels,STL,10,1,0,0,0,0,0,0,0,0,0,0,.000,.000,.000,.000
Milt M Hill,ATL,10,0,0,0,0,0,0,0,0,0,0,0,.000,.000,.000,.000
Dann D Howitt R,CWS,10,14,4,5,3,0,0,0,1,7,0,0,.357,.400,.571,.971
Blaise B Ilsley,CHC,10,1,0,0,0,0,0,0,0,0,0,0,.000,.000,.000,.000
Rob R Natal,FLA,10,29,2,8,2,0,0,2,5,5,1,0,.276,.382,.345,.727
Melvin M Nieves R,SD,10,19,2,5,1,0,1,4,3,10,0,0,.263,.364,.474,.837
Tim T Pugh,CIN,10,14,2,5,1,0,0,2,2,2,0,0,.357,.438,.429,.866
Mike M Remlinger,NYM,10,16,1,0,0,0,0,1,1,6,0,0,.000,.059,.000,.059
Frank F Seminara,NYM,10,3,0,0,0,0,0,0,0,1,0,0,.000,.000,.000,.000
Dale D Sveum,SEA,10,27,3,5,0,0,1,2,2,10,0,0,.185,.241,.296,.538
Randy R Tomlin,PIT,10,6,0,3,0,0,0,1,0,2,0,0,.500,.500,.500,1.000
Randy R Veres,CHC,10,1,0,0,0,0,0,0,0,0,0,0,.000,.000,.000,.000
Brian B Drahman,FLA,9,0,0,0,0,0,0,0,0,0,0,0,.000,.000,.000,.000
Bryce B Florie,SD,9,0,0,0,0,0,0,0,0,0,0,0,.000,.000,.000,.000
Willie W Fraser,FLA,9,0,0,0,0,0,0,0,0,0,0,0,.000,.000,.000,.000
John J Hope,PIT,9,3,0,1,0,0,0,0,0,1,0,0,.333,.333,.333,.667
Chris C Howard,SEA,9,25,2,5,1,0,0,2,1,6,0,0,.200,.250,.240,.490
Ray R Mc David L,SD,9,28,2,7,1,0,0,2,1,8,1,0,.250,.276,.286,.562
Armando A Reynoso,COL,9,17,0,3,0,0,0,0,1,4,0,0,.176,.222,.176,.399
Ben B Rivera,PHI,9,9,1,0,0,0,0,0,1,5,0,0,.000,.100,.000,.100
Kevin K Rogers,SF,9,0,0,0,0,0,0,0,0,0,0,0,.000,.000,.000,.000
Darrell D Whitmore L,FLA,9,22,1,5,1,0,0,0,3,5,0,1,.227,.320,.273,.593
Ryan R Bowen,FLA,8,14,2,5,2,0,0,0,1,4,0,0,.357,.400,.500,.900
Darren D Bragg L,SEA,8,19,4,3,1,0,0,2,2,5,0,0,.158,.238,.211,.449
Rheal R Cormier,STL,8,14,2,4,0,0,0,1,1,2,0,0,.286,.375,.286,.661
Rich R De Lucia,CIN,8,0,0,0,0,0,0,0,0,0,0,0,.000,.000,.000,.000
Jerry J Goff,PIT,8,25,0,2,0,0,0,1,0,11,0,0,.080,.080,.080,.160
Jason J Jacome,NYM,8,16,0,1,0,0,0,1,0,9,0,0,.063,.063,.063,.125
Bill B Krueger,SD,8,12,1,6,1,0,0,0,0,3,0,0,.500,.500,.583,1.083
Curt C Leskanic,COL,8,6,1,1,1,0,0,2,0,2,0,0,.167,.167,.333,.500
Tom T Marsh R,PHI,8,18,3,5,1,1,0,3,1,1,0,0,.278,.316,.444,.760
Rick R Parker L,NYM,8,16,1,1,0,0,0,0,0,2,0,0,.063,.063,.063,.125
Roberto R Petagine,HOU,8,7,0,0,0,0,0,0,1,3,0,0,.000,.125,.000,.125
Rich R Robertson,PIT,8,4,0,1,0,0,0,0,0,3,0,0,.250,.250,.250,.500
Rich R Scheid,FLA,8,7,0,0,0,0,0,0,0,2,0,0,.000,.000,.000,.000
Willie W Smith,STL,8,0,0,0,0,0,0,0,0,0,0,0,.000,.000,.000,.000
Fernando F Valenzuela,PHI,8,12,0,3,1,0,0,0,0,2,0,0,.250,.250,.333,.583
Tom T Browning,CIN,7,14,1,2,1,0,0,0,0,6,0,0,.143,.143,.214,.357
Kevin K Elster S,NYY,7,20,0,0,0,0,0,0,1,6,0,0,.000,.048,.000,.048
Dwight D Gooden,NYM,7,12,1,2,0,0,0,2,0,1,0,0,.167,.167,.167,.333
Tommy T Greene,PHI,7,13,2,5,1,0,0,1,1,4,0,0,.385,.429,.462,.890
Eric E Helfand,OAK,7,6,1,1,0,0,0,1,0,1,0,0,.167,.167,.167,.333
Jonathan J Hurst,NYM,7,0,0,0,0,0,0,0,0,0,0,0,.000,.000,.000,.000
Luis L Ortiz D,BOS,7,18,3,3,2,0,0,6,1,5,0,0,.167,.182,.278,.460
Eddie E Pye,LA,7,10,2,1,0,0,0,0,1,4,0,0,.100,.182,.100,.282
Steve S Sax,OAK,7,24,2,6,0,1,0,1,0,2,0,0,.250,.250,.333,.583
Gabe G White,MON,7,4,0,0,0,0,0,0,1,1,0,0,.000,.200,.000,.200
Jim J Bowie,OAK,6,14,0,3,0,0,0,0,0,2,0,0,.214,.214,.214,.429
Rod R Correia,CAL,6,17,4,4,1,0,0,0,0,0,0,0,.235,.316,.294,.610
Brian L. B Hunter C,HOU,6,24,2,6,1,0,0,0,1,6,2,1,.250,.280,.292,.572
Kevin K Jarvis,CIN,6,4,0,1,0,0,0,1,0,1,0,0,.250,.250,.250,.500
Jeff J Juden,PHI,6,9,0,1,0,0,0,1,0,6,0,0,.111,.111,.111,.222
John J Mabry R,STL,6,23,2,7,3,0,0,3,2,4,0,0,.304,.360,.435,.795
Tony T Menendez,SF,6,0,0,0,0,0,0,0,0,0,0,0,.000,.000,.000,.000
Joe J Oliver,CIN,6,19,1,4,0,0,1,5,2,3,0,0,.211,.286,.368,.654
Jayhawk J Owens,COL,6,12,4,3,0,1,0,1,3,3,0,0,.250,.400,.417,.817
Jeff J Schaefer,OAK,6,8,0,1,0,0,0,0,0,1,0,0,.125,.125,.125,.250
Scott S Service,CIN,6,0,0,0,0,0,0,0,0,0,0,0,.000,.000,.000,.000
Mike M Simms R,HOU,6,12,1,1,1,0,0,0,0,5,1,0,.083,.083,.167,.250
Jerry J Spradlin,CIN,6,0,0,0,0,0,0,0,0,0,0,0,.000,.000,.000,.000
Dave D Telgheder,NYM,6,0,0,0,0,0,0,0,0,0,0,0,.000,.000,.000,.000
Bob B Wells,PHI,6,0,0,0,0,0,0,0,0,0,0,0,.000,.000,.000,.000
Turk T Wendell,CHC,6,2,0,0,0,0,0,0,1,0,0,0,.000,.333,.000,.333
Jerry J Willard,SEA,6,5,1,1,0,0,1,3,1,1,0,0,.200,.333,.800,1.133
Rick R Wrona,MIL,6,10,2,5,4,0,1,3,1,1,0,0,.500,.545,1.200,1.745
Garret G Anderson L,CAL,5,13,0,5,0,0,0,1,0,2,0,0,.385,.385,.385,.769
Brian B Barnes,LA,5,0,0,0,0,0,0,0,0,0,0,0,.000,.000,.000,.000
Greg G Blosser R,BOS,5,11,2,1,0,0,0,1,4,4,0,0,.091,.333,.091,.424
Jim J Czajkowski,COL,5,0,0,0,0,0,0,0,0,0,0,0,.000,.000,.000,.000
Ray R Holbert,SD,5,5,1,1,0,0,0,0,0,4,0,0,.200,.200,.200,.400
Erik E Johnson,SF,5,13,0,2,0,0,0,0,0,4,0,0,.154,.154,.154,.308
Quinn Q Mack L,SEA,5,21,1,5,3,0,0,2,1,3,2,0,.238,.273,.381,.654
Keith K Miller L,KC,5,15,1,2,0,0,0,0,0,3,0,0,.133,.133,.133,.267
Olmedo O Saenz,CWS,5,14,2,2,0,1,0,0,0,5,0,0,.143,.143,.286,.429
Tony T Womack,PIT,5,12,4,4,0,0,0,1,2,3,0,0,.333,.429,.333,.762
Brad B Brink,SF,4,1,0,0,0,0,0,0,0,0,0,0,.000,.000,.000,.000
Damon D Buford,BAL,4,2,2,1,0,0,0,0,0,1,0,0,.500,.500,.500,1.000
Frank F Castillo,CHC,4,9,0,0,0,0,0,0,1,4,0,0,.000,.100,.000,.100
Russ R Davis,NYY,4,14,0,2,0,0,0,1,0,4,0,0,.143,.143,.143,.286
Butch B Davis R,TEX,4,17,2,4,3,0,0,0,0,3,1,0,.235,.235,.412,.647
Dennis D Eckersley,OAK,4,0,0,0,0,0,0,0,0,0,0,0,.000,.000,.000,.000
Jose J Guzman,CHC,4,8,0,0,0,0,0,0,1,4,0,0,.000,.111,.000,.111
Heath H Haynes,MON,4,0,0,0,0,0,0,0,0,0,0,0,.000,.000,.000,.000
Mike M Jeffcoat,FLA,4,0,0,0,0,0,0,0,0,0,0,0,.000,.000,.000,.000
Charles C Johnson,FLA,4,11,5,5,1,0,1,4,1,4,0,0,.455,.462,.818,1.280
Joel J Johnston,PIT,4,0,0,0,0,0,0,0,0,0,0,0,.000,.000,.000,.000
Jose J Martinez,SD,4,2,0,0,0,0,0,0,0,1,0,0,.000,.000,.000,.000
Matt M Merullo,CLE,4,10,1,1,0,0,0,0,2,1,0,0,.100,.250,.100,.350
Kurt K Miller,FLA,4,6,1,1,0,0,0,0,0,2,0,0,.167,.167,.167,.333
Mike M Mordecai S,ATL,4,4,1,1,0,0,1,3,1,0,0,0,.250,.400,1.000,1.400
Will W Pennyfeather,PIT,4,3,0,0,0,0,0,0,0,0,0,0,.000,.000,.000,.000
Robert R Perez L,TOR,4,8,0,1,0,0,0,0,0,1,0,0,.125,.125,.125,.250
Herbert H Perry,CLE,4,9,1,1,0,0,0,1,3,1,0,0,.111,.357,.111,.468
Bruce B Walton,COL,4,0,0,0,0,0,0,0,0,0,0,0,.000,.000,.000,.000
Ricky R Bottalico,PHI,3,0,0,0,0,0,0,0,0,0,0,0,.000,.000,.000,.000
Mike M Campbell,SD,3,3,0,1,0,0,0,2,0,1,0,0,.333,.333,.333,.667
Robert R Eenhoorn S,NYY,3,4,1,2,1,0,0,0,0,0,0,0,.500,.500,.750,1.250
Rod R Henderson,MON,3,1,0,0,0,0,0,0,0,1,0,0,.000,.000,.000,.000
Tom T Prince,LA,3,6,2,2,0,0,0,1,1,3,0,0,.333,.429,.333,.762
Mackey M Sasser,SEA,3,4,0,0,0,0,0,0,0,0,0,0,.000,.000,.000,.000
Mark M Smith R,BAL,3,7,0,1,0,0,0,2,0,2,0,0,.143,.143,.143,.286
Tim T Worrell,SD,3,2,1,1,0,0,0,0,1,1,0,0,.500,.667,.500,1.167
Mark M Acre,OAK,2,0,0,0,0,0,0,0,0,0,0,0,.000,.000,.000,.000
Billy B Ashley L,LA,2,6,0,2,1,0,0,0,0,2,0,0,.333,.333,.500,.833
John J Briscoe,OAK,2,0,0,0,0,0,0,0,0,0,0,0,.000,.000,.000,.000
Juan J Castillo,NYM,2,5,0,1,0,0,0,1,0,1,0,0,.200,.200,.200,.400
Tripp T Cromer S,STL,2,0,1,0,0,0,0,0,0,0,0,0,.000,.000,.000,.000
Ron R Darling,OAK,2,1,0,0,0,0,0,0,0,0,0,0,.000,.000,.000,.000
Steve S Dixon,STL,2,0,0,0,0,0,0,0,0,0,0,0,.000,.000,.000,.000
Tom T Goodwin R,KC,2,2,0,0,0,0,0,0,0,1,0,0,.000,.000,.000,.000
Kevin K Koslofski C,KC,2,4,2,1,0,0,0,0,2,1,0,0,.250,.500,.250,.750
Steve S Ontiveros,OAK,2,0,0,0,0,0,0,0,0,0,0,0,.000,.000,.000,.000
Donn D Pall,CHC,2,0,0,0,0,0,0,0,0,0,0,0,.000,.000,.000,.000
Chan Ho C Park,LA,2,0,0,0,0,0,0,0,0,0,0,0,.000,.000,.000,.000
Duane D Singleton C,MIL,2,0,0,0,0,0,0,0,0,0,0,0,.000,.000,.000,.000
Mark M Thompson,COL,2,4,0,0,0,0,0,0,0,4,0,0,.000,.000,.000,.000
Ty T Van Burkleo,COL,2,5,0,0,0,0,0,0,0,1,0,0,.000,.000,.000,.000
Eric E Wedge D,BOS,2,6,0,0,0,0,0,0,1,3,0,0,.000,.143,.000,.143
John J Wehner,PIT,2,4,1,1,1,0,0,3,0,1,0,0,.250,.250,.500,.750
Bobby B Ayala,SEA,1,0,0,0,0,0,0,0,0,0,0,0,.000,.000,.000,.000
Stan S Belinda,KC,1,0,0,0,0,0,0,0,0,0,0,0,.000,.000,.000,.000
Cris C Carpenter,TEX,1,0,0,0,0,0,0,0,0,0,0,0,.000,.000,.000,.000
Jose J De Leon,CWS,1,0,0,0,0,0,0,0,0,0,0,0,.000,.000,.000,.000
Joey J Eischen,MON,1,0,0,0,0,0,0,0,0,0,0,0,.000,.000,.000,.000
Mike M Fetters,MIL,1,0,0,0,0,0,0,0,0,0,0,0,.000,.000,.000,.000
John J Frascatore,STL,1,1,0,0,0,0,0,0,0,1,0,0,.000,.000,.000,.000
Rich R Gossage,SEA,1,0,0,0,0,0,0,0,0,0,0,0,.000,.000,.000,.000
Doug D Henry,MIL,1,1,0,0,0,0,0,0,0,1,0,0,.000,.000,.000,.000
Xavier X Hernandez,NYY,1,0,0,0,0,0,0,0,0,0,0,0,.000,.000,.000,.000
Rick R Honeycutt,TEX,1,0,0,0,0,0,0,0,0,0,0,0,.000,.000,.000,.000
Chuck C Jackson,TEX,1,2,0,0,0,0,0,0,0,0,0,0,.000,.000,.000,.000
Jesse J Levis,CLE,1,1,0,1,0,0,0,0,0,0,0,0,1.000,1.000,1.000,2.000
Brian B Looney,MON,1,0,0,0,0,0,0,0,0,0,0,0,.000,.000,.000,.000
Mike M Magnante,KC,1,0,0,0,0,0,0,0,0,0,0,0,.000,.000,.000,.000
Pat P Mahomes,MIN,1,0,1,0,0,0,0,0,0,0,0,0,.000,.000,.000,.000
Darren D Oliver,TEX,1,0,0,0,0,0,0,0,0,0,0,0,.000,.000,.000,.000
Carlos C Reyes,OAK,1,0,0,0,0,0,0,0,0,0,0,0,.000,.000,.000,.000
Dan D Smith,TEX,1,0,0,0,0,0,0,0,0,0,0,0,.000,.000,.000,.000
Kerry K Taylor,SD,1,2,0,0,0,0,0,0,0,1,0,0,.000,.000,.000,.000
Billy B Taylor,OAK,1,0,0,0,0,0,0,0,0,0,0,0,.000,.000,.000,.000
Bob B Welch,OAK,1,1,0,0,0,0,0,0,0,0,0,0,.000,.000,.000,.000
Matt M Whiteside,TEX,1,0,0,0,0,0,0,0,0,0,0,0,.000,.000,.000,.000
Bobby B Witt,OAK,1,0,0,0,0,0,0,0,0,0,0,0,.000,.000,.000,.000
Brad B Woodall,ATL,1,2,0,1,0,0,0,0,0,0,0,0,.500,.500,.500,1.000
