PLAYER,TEAM,AB,R,H,2B,3B,HR,RBI,BB,SO,SB,CS,AVG,OBP,SLG,OPS
Jeff J Bagwell,HOU,162,562,143,171,35,0,42,126,149,127,30,11,.304,.454,.591,1.045
Andruw A Jones C,ATL,162,592,97,163,35,5,26,84,76,103,24,12,.275,.365,.483,.848
John J Olerud,NYM,162,581,107,173,39,0,19,96,125,66,3,0,.298,.427,.463,.890
Sammy S Sosa R,CHC,162,625,114,180,24,2,63,141,78,171,7,8,.288,.367,.635,1.002
B. J. B Surhoff L,BAL,162,673,104,207,38,1,28,107,43,78,5,1,.308,.347,.492,.839
Albert A Belle R,BAL,161,610,108,181,36,1,37,117,101,82,17,3,.297,.400,.541,.941
Mark M Grace,CHC,161,593,107,183,44,5,16,91,83,44,3,4,.309,.390,.481,.870
Barry B Larkin S,CIN,161,583,108,171,30,4,12,75,93,57,30,8,.293,.390,.420,.810
J. T. J Snow,SF,161,570,93,156,25,2,24,98,86,121,0,4,.274,.370,.451,.821
Robin R Ventura,NYM,161,588,88,177,38,0,32,120,74,109,1,1,.301,.379,.529,.908
Craig C Biggio,HOU,160,639,123,188,56,0,16,73,88,107,28,14,.294,.386,.457,.843
Mike M Bordick S,BAL,160,631,93,175,35,7,10,77,54,102,14,4,.277,.334,.403,.737
Ken K Griffey C,SEA,160,606,123,173,26,3,48,134,91,108,24,7,.285,.384,.576,.960
Vladimir V Guerrero R,MON,160,610,102,193,37,5,42,131,55,62,14,7,.316,.378,.600,.978
Roberto R Alomar,CLE,159,563,138,182,40,3,24,120,99,96,37,6,.323,.422,.533,.955
Todd T Helton,COL,159,578,114,185,39,5,35,113,68,77,7,6,.320,.395,.587,.981
Tino T Martinez,NYY,159,589,95,155,27,2,28,105,69,86,3,4,.263,.341,.458,.800
Raul R Mondesi,LA,159,601,98,152,29,5,33,99,71,134,36,9,.253,.332,.483,.815
Miguel M Tejada S,OAK,159,593,93,149,33,4,21,84,57,94,8,7,.251,.325,.427,.752
Edgardo E Alfonzo,NYM,158,628,123,191,41,1,27,108,85,85,9,2,.304,.385,.502,.886
Vinny V Castilla,COL,158,615,83,169,24,1,33,102,53,75,2,3,.275,.331,.478,.809
Jermaine J Dye R,KC,158,608,96,179,44,8,27,119,58,119,2,3,.294,.354,.526,.880
Jason J Giambi,OAK,158,575,115,181,36,1,33,123,105,106,1,1,.315,.422,.553,.975
Derek D Jeter S,NYY,158,627,134,219,37,9,24,102,91,116,19,8,.349,.438,.552,.989
Rafael R Palmeiro D,TEX,158,565,96,183,30,1,47,148,97,69,2,4,.324,.420,.630,1.050
Bernie B Williams C,NYY,158,591,116,202,28,6,25,115,100,95,9,10,.342,.435,.536,.971
Garret G Anderson C,ANA,157,620,88,188,36,2,21,80,34,81,3,4,.303,.336,.469,.806
David D Bell,SEA,157,597,92,160,31,2,21,78,58,90,7,4,.268,.331,.432,.764
Rico R Brogna,PHI,157,619,90,172,29,4,24,102,54,132,8,5,.278,.336,.454,.790
Jeff J Cirillo,MIL,157,607,98,198,35,1,15,88,75,83,7,4,.326,.401,.461,.862
Chipper C Jones,ATL,157,567,116,181,41,1,45,110,126,94,25,3,.319,.441,.633,1.074
Troy T O' Leary L,BOS,157,596,84,167,36,4,28,103,56,91,1,2,.280,.343,.495,.838
Magglio M Ordonez R,CWS,157,624,100,188,34,3,30,117,47,64,13,6,.301,.349,.510,.858
Neifi N Perez S,COL,157,690,108,193,27,11,12,70,28,54,13,5,.280,.307,.403,.710
Carlos C Beltrán Beltran,KC,156,663,112,194,27,7,22,108,46,123,27,8,.293,.337,.454,.792
Steve S Finley C,ARI,156,590,100,156,32,10,34,103,63,94,8,4,.264,.336,.525,.861
Joe J Randa,KC,156,628,92,197,36,8,16,84,50,80,5,4,.314,.363,.473,.836
Randy R Velarde,OAK,156,631,105,200,25,7,16,76,70,98,24,8,.317,.390,.455,.845
Kevin K Young,PIT,156,584,103,174,41,6,26,106,75,124,22,10,.298,.387,.522,.909
Todd T Zeile,TEX,156,588,80,172,41,1,24,98,56,94,1,2,.293,.354,.488,.842
Roger R Cedeno,NYM,155,453,90,142,23,4,4,36,60,100,66,17,.313,.396,.408,.804
Deivi D Cruz S,DET,155,518,64,147,35,0,13,58,12,57,1,4,.284,.302,.427,.729
Troy T Glaus,ANA,154,551,85,132,29,0,29,79,71,143,5,1,.240,.331,.450,.781
Marquis M Grissom C,MIL,154,603,92,161,27,1,20,83,49,109,24,6,.267,.320,.415,.734
Rey R Ordonez S,NYM,154,520,49,134,24,2,1,60,49,59,8,4,.258,.319,.317,.636
Edgar E Renteria S,STL,154,585,92,161,36,2,11,63,53,82,37,8,.275,.334,.400,.734
Matt M Williams,ARI,154,627,98,190,37,2,35,142,41,93,2,0,.303,.344,.536,.880
Ray R Durham,CWS,153,612,109,181,30,8,13,60,73,105,34,11,.296,.373,.435,.808
Luis L Gonzalez,ARI,153,614,112,206,45,4,26,111,66,63,9,5,.336,.403,.549,.952
Shawn S Green R,TOR,153,614,134,190,45,0,42,123,66,117,20,7,.309,.384,.588,.972
Brian B Jordan R,ATL,153,576,100,163,28,4,23,115,51,81,13,8,.283,.346,.465,.811
Eric E Karros,LA,153,578,74,176,40,0,34,112,53,119,8,5,.304,.362,.550,.912
Mark M Loretta S,MIL,153,587,93,170,34,5,5,67,52,59,4,1,.290,.354,.390,.744
Mark M Mc Gwire,STL,153,521,118,145,21,1,65,147,133,141,0,0,.278,.424,.697,1.120
Paul P O' Neill R,NYY,153,597,70,170,39,4,19,110,66,89,11,9,.285,.353,.459,.812
Greg G Vaughn L,CIN,153,550,104,135,20,2,45,118,85,137,15,2,.245,.347,.535,.881
Bobby B Abreu R,PHI,152,546,118,183,35,11,20,93,109,113,27,9,.335,.446,.549,.995
Rich R Aurilia S,SF,152,558,68,157,23,1,22,80,43,71,2,3,.281,.336,.444,.780
Adrian A Beltré,LA,152,538,84,148,27,5,15,67,61,105,18,7,.275,.352,.428,.780
Bret B Boone,ATL,152,608,102,153,38,1,20,63,47,112,14,9,.252,.310,.416,.726
Carlos C Delgado,TOR,152,573,113,156,39,0,44,134,86,141,1,1,.272,.377,.571,.948
Joe J Mc Ewing,STL,152,513,65,141,28,4,9,44,41,87,7,4,.275,.333,.398,.730
Gary G Sheffield L,LA,152,549,103,165,20,0,34,101,101,64,11,5,.301,.407,.523,.930
Jay J Bell,ARI,151,589,132,170,32,6,38,112,82,132,7,4,.289,.374,.557,.931
Dante D Bichette L,COL,151,593,104,177,38,2,34,133,54,84,6,6,.298,.354,.541,.895
Sean S Casey,CIN,151,594,103,197,42,3,25,99,61,88,0,2,.332,.399,.539,.938
Damion D Easley,DET,151,549,83,146,30,1,20,65,51,124,11,3,.266,.346,.434,.779
Brady B Anderson C,BAL,150,564,109,159,28,5,24,81,96,105,36,7,.282,.404,.477,.881
Doug D Glanville C,PHI,150,628,101,204,38,6,11,73,48,82,34,2,.325,.376,.457,.833
Chuck C Knoblauch,NYY,150,603,120,176,36,4,18,68,83,57,28,9,.292,.393,.454,.848
Dean D Palmer,DET,150,560,92,147,25,2,38,100,57,153,3,3,.263,.339,.518,.857
Mike M Sweeney,KC,150,575,101,185,44,2,22,102,54,48,6,1,.322,.387,.520,.907
Marvin M Benard C,SF,149,562,100,163,36,5,16,64,55,97,27,14,.290,.359,.457,.816
Jose J Offerman,BOS,149,586,107,172,37,11,8,69,96,79,18,12,.294,.391,.435,.826
Eric E Owens L,SD,149,440,55,117,22,3,9,61,38,50,33,7,.266,.327,.391,.718
Pokey P Reese,CIN,149,585,85,167,37,5,10,52,35,81,38,7,.285,.330,.417,.747
Fernando F Tatis,STL,149,537,104,160,31,2,34,107,82,128,21,9,.298,.404,.553,.957
Preston P Wilson C,FLA,149,482,67,135,21,4,26,71,46,156,11,4,.280,.350,.502,.852
Ben B Grieve L,OAK,148,486,80,129,21,0,28,86,63,108,4,0,.265,.358,.481,.840
Mark M Kotsay R,FLA,148,495,57,134,23,9,8,50,29,50,7,6,.271,.306,.402,.708
Rusty R Greer L,TEX,147,556,107,167,41,3,20,101,96,67,2,2,.300,.405,.493,.898
Jose J Hernandez S,ATL,147,508,79,135,20,2,19,62,52,145,11,3,.266,.339,.425,.764
Warren W Morris,PIT,147,511,65,147,20,3,15,73,59,88,3,7,.288,.360,.427,.787
Manny M Ramirez R,CLE,147,522,131,174,34,3,44,165,96,131,2,4,.333,.442,.663,1.105
Ruben R Rivera C,SD,147,411,65,80,16,1,23,48,55,143,18,7,.195,.295,.406,.701
Mike M Cameron C,CIN,146,542,93,139,34,9,21,66,80,145,38,12,.256,.357,.469,.825
Chili C Davis D,NYY,146,476,59,128,25,1,19,78,73,100,4,1,.269,.366,.445,.812
Darryl D Hamilton C,NYM,146,505,82,159,19,4,9,45,57,39,6,8,.315,.386,.422,.808
Matt M Stairs R,OAK,146,531,94,137,26,3,38,102,89,124,2,7,.258,.366,.533,.899
Lee L Stevens,TEX,146,517,76,146,31,1,24,81,52,132,2,3,.282,.344,.485,.829
Jim J Thome,CLE,146,494,101,137,27,2,33,108,127,171,0,0,.277,.426,.540,.967
Johnny J Damon L,KC,145,583,101,179,39,9,14,77,67,50,36,6,.307,.379,.477,.856
Mike M Lieberthal,PHI,145,510,84,153,33,1,31,96,44,86,0,0,.300,.363,.551,.914
Shannon S Stewart L,TOR,145,608,102,185,28,2,11,67,59,83,37,14,.304,.371,.411,.782
Juan J Gonzalez R,TEX,144,562,114,183,36,1,39,128,51,105,3,3,.326,.378,.601,.980
Fred F Mc Griff,TB,144,529,75,164,30,1,32,104,86,107,1,0,.310,.405,.552,.957
Mark M Mc Lemore,TEX,144,566,105,155,20,7,6,45,83,79,16,8,.274,.363,.366,.729
Mickey M Morandini,CHC,144,456,60,110,18,5,4,37,48,61,6,6,.241,.319,.329,.648
Ivan I Rodriguez,TEX,144,600,116,199,29,1,35,113,24,64,25,12,.332,.356,.558,.914
Jason J Varitek,BOS,144,483,70,130,39,2,20,76,46,85,1,2,.269,.330,.482,.813
Omar O Vizquel S,CLE,144,574,112,191,36,4,5,66,65,50,42,9,.333,.397,.436,.833
Tony T Womack R,ARI,144,614,111,170,25,10,4,41,52,68,72,13,.277,.332,.370,.702
Tony T Clark,DET,143,536,74,150,29,0,31,99,64,133,2,1,.280,.361,.507,.869
Al A Martin L,PIT,143,541,97,150,36,8,24,63,49,119,20,3,.277,.337,.506,.844
Dave D Martinez R,TB,143,514,79,146,25,5,6,66,60,76,13,6,.284,.361,.387,.748
Todd T Walker,MIN,143,531,62,148,37,4,6,46,52,83,18,10,.279,.343,.397,.740
Gerald G Williams L,ATL,143,422,76,116,24,1,17,68,33,67,19,11,.275,.335,.457,.792
Tony T Batista S,TOR,142,519,77,144,30,1,31,100,38,96,4,0,.277,.330,.518,.848
Darin D Erstad,ANA,142,585,84,148,22,5,13,53,47,101,13,7,.253,.308,.374,.682
Tony T Fernandez,TOR,142,485,73,159,41,0,6,75,77,62,6,7,.328,.427,.449,.877
John J Jaha D,OAK,142,457,93,126,23,0,35,111,101,129,2,0,.276,.414,.556,.970
Paul P Konerko,CWS,142,513,71,151,31,4,24,81,45,68,1,0,.294,.352,.511,.862
Edgar E Martinez D,SEA,142,502,86,169,35,1,24,86,97,99,7,2,.337,.447,.554,1.001
Brian B Giles C,PIT,141,521,109,164,33,3,39,115,95,80,6,2,.315,.418,.614,1.032
Mike M Piazza,NYM,141,534,100,162,25,0,40,124,51,70,2,2,.303,.361,.575,.936
Jose J Vidro,MON,140,494,67,150,45,2,12,59,29,51,0,4,.304,.346,.476,.822
Aaron A Boone,CIN,139,472,56,132,26,5,14,72,30,79,17,6,.280,.330,.445,.775
Jeff J Conine,BAL,139,444,54,129,31,1,13,75,30,40,0,3,.291,.335,.453,.787
Brian L. B Hunter L,SEA,139,539,79,125,13,6,4,34,37,91,44,8,.232,.280,.301,.581
Mo M Vaughn,ANA,139,524,63,147,20,0,33,108,54,127,0,0,.281,.358,.508,.866
Ron R Gant L,PHI,138,516,107,134,27,5,17,77,85,112,13,3,.260,.364,.430,.794
Jeff J Kent,SF,138,511,86,148,40,2,23,101,61,112,13,6,.290,.366,.511,.877
Rondell R White L,MON,138,539,83,168,26,6,22,64,32,85,10,6,.312,.359,.505,.864
Chad C Allen L,MIN,137,481,69,133,21,3,10,46,37,89,14,7,.277,.330,.395,.724
Bruce B Aven L,FLA,137,381,57,110,19,2,12,70,44,82,3,0,.289,.370,.444,.814
Manny M Martinez C,MON,137,331,48,81,12,7,2,26,17,51,19,6,.245,.279,.341,.621
Ed E Sprague,PIT,137,490,71,131,27,2,22,81,50,93,3,6,.267,.352,.465,.817
Mike M Caruso S,CWS,136,529,60,132,11,4,2,35,20,36,12,14,.250,.280,.297,.577
Alex A Gonzalez S,FLA,136,560,81,155,28,8,14,59,15,113,3,5,.277,.308,.430,.739
Denny D Hocking S,MIN,136,386,47,103,18,2,7,41,22,54,11,7,.267,.307,.378,.685
Mike M Stanley,BOS,136,427,59,120,22,0,19,72,70,94,0,0,.281,.393,.466,.859
Harold H Baines D,CLE,135,430,62,134,18,1,25,103,54,48,1,2,.312,.387,.533,.919
Nomar N Garciaparra S,BOS,135,532,103,190,42,4,27,104,51,39,14,3,.357,.418,.603,1.022
Torii T Hunter C,MIN,135,384,52,98,17,2,9,35,26,72,10,6,.255,.309,.380,.689
Geoff G Jenkins L,MIL,135,447,70,140,43,3,21,82,35,87,5,1,.313,.371,.564,.935
Charles C Johnson,BAL,135,426,58,107,19,1,16,54,55,107,0,0,.251,.340,.413,.753
Darren D Lewis C,BOS,135,470,63,113,14,6,2,40,45,52,16,10,.240,.311,.309,.620
Frank F Thomas D,CWS,135,486,74,148,36,0,15,77,87,66,3,3,.305,.414,.471,.885
Brian B Mc Rae C,TOR,134,403,47,88,17,2,12,48,57,86,2,7,.218,.327,.360,.687
Rey R Sanchez S,KC,134,479,66,141,18,6,2,56,22,48,11,5,.294,.329,.370,.698
Richie R Sexson,CLE,134,479,72,122,17,7,31,116,34,117,3,3,.255,.305,.514,.818
Devon D White C,LA,134,474,60,127,20,2,14,68,39,88,19,5,.268,.337,.407,.744
Scott S Brosius,NYY,133,473,64,117,26,1,17,71,39,74,9,3,.247,.307,.414,.722
Royce R Clayton S,TEX,133,465,69,134,21,5,14,52,39,100,8,6,.288,.346,.445,.792
Damian D Jackson S,SD,133,388,56,87,20,2,9,39,53,105,34,10,.224,.320,.356,.676
David D Justice L,CLE,133,429,75,123,18,0,21,88,94,90,1,3,.287,.413,.476,.889
Ryan R Klesko,ATL,133,404,55,120,28,2,21,80,53,69,5,2,.297,.376,.532,.908
Reggie R Sanders L,SD,133,478,92,136,24,7,26,72,65,108,36,13,.285,.376,.527,.904
Chris C Singleton,CWS,133,496,72,149,31,6,17,72,22,45,20,5,.300,.328,.490,.818
Michael M Tucker R,CIN,133,296,55,75,8,5,11,44,37,81,11,4,.253,.338,.426,.764
Juan J Encarnacion L,DET,132,509,62,130,30,6,19,74,14,113,33,12,.255,.287,.450,.736
Wilton W Guerrero,MON,132,315,42,92,15,7,2,31,13,38,7,6,.292,.324,.403,.727
Stan S Javier R,HOU,132,397,61,113,19,2,3,34,38,63,16,7,.285,.347,.365,.712
Willie W Mc Gee,STL,132,271,25,68,7,0,0,20,17,60,7,4,.251,.293,.277,.570
Greg G Norton,CWS,132,436,62,111,26,0,16,50,69,93,4,4,.255,.358,.424,.782
John J Vander Wal,SD,132,246,26,67,18,0,6,41,37,59,2,1,.272,.368,.419,.787
Quilvio Q Veras,SD,132,475,95,133,25,2,6,41,65,88,30,17,.280,.368,.379,.747
Cristian C Guzman S,MIN,131,420,47,95,12,3,1,26,22,90,9,7,.226,.267,.276,.544
Brant B Brown R,PIT,130,341,49,79,20,3,16,58,22,114,3,4,.232,.283,.449,.732
Jeromy J Burnitz R,MIL,130,467,87,126,33,2,33,103,91,124,7,3,.270,.402,.561,.963
Gabe G Kapler C,DET,130,416,60,102,22,4,18,49,42,74,11,5,.245,.315,.447,.762
Henry H Rodriguez L,CHC,130,447,72,136,29,0,26,87,56,113,2,4,.304,.381,.544,.925
Marlon M Anderson,PHI,129,452,48,114,26,4,5,54,24,61,13,2,.252,.292,.361,.652
Rich R Becker C,OAK,129,264,36,68,8,2,6,26,58,81,8,2,.258,.395,.371,.766
Alex A Rodriguez S,SEA,129,502,110,143,25,0,42,111,56,109,21,7,.285,.357,.586,.943
Derek D Bell R,HOU,128,509,61,120,22,0,12,66,50,129,18,6,.236,.306,.350,.656
Homer H Bush,TOR,128,485,69,155,26,4,5,55,21,82,32,8,.320,.353,.421,.774
Luis L Castillo,FLA,128,487,76,147,23,4,0,28,67,85,50,17,.302,.384,.366,.750
Phil P Nevin,SD,128,383,52,103,27,0,24,85,51,82,1,0,.269,.352,.527,.880
Brad B Ausmus,DET,127,458,62,126,25,6,9,54,51,71,12,9,.275,.365,.415,.779
Ron R Coomer,MIN,127,467,53,123,25,1,16,65,30,69,2,1,.263,.307,.424,.731
Carlos C Lee L,CWS,127,492,66,144,32,2,16,84,13,72,4,2,.293,.312,.463,.775
Bill B Spiers,HOU,127,393,56,113,18,5,4,39,47,45,10,5,.288,.363,.389,.752
Larry L Walker R,COL,127,438,108,166,26,4,37,115,57,52,11,4,.379,.458,.710,1.168
Dmitri D Young R,CIN,127,373,63,112,30,2,14,56,30,71,3,1,.300,.352,.504,.856
Michael M Barrett,MON,126,433,53,127,32,3,8,52,32,39,0,2,.293,.345,.436,.782
Eddie E Taubensee,CIN,126,424,58,132,22,2,21,87,30,67,0,2,.311,.354,.521,.876
Ronnie R Belliard,MIL,124,457,60,135,29,4,8,58,64,59,4,5,.295,.379,.429,.808
Marty M Cordova D,MIN,124,425,62,121,28,3,14,70,48,96,13,4,.285,.365,.464,.828
Russ R Davis,SEA,124,432,55,106,17,1,21,59,32,111,3,3,.245,.304,.435,.739
Trot T Nixon R,BOS,124,381,67,103,22,5,15,52,53,75,3,1,.270,.357,.472,.830
Chris C Widger,MON,124,383,42,101,24,1,14,56,28,86,1,4,.264,.325,.441,.766
Carl C Everett,HOU,123,464,86,151,33,3,25,108,50,94,27,7,.325,.398,.571,.969
Carlos C Febles,KC,123,453,71,116,22,9,10,53,47,91,20,4,.256,.336,.411,.746
Mark M Grudzielanek S,LA,123,488,72,159,23,5,7,46,31,65,6,6,.326,.376,.436,.812
Jeffrey J Hammonds R,CIN,123,262,43,73,13,0,17,41,27,64,3,6,.279,.347,.523,.870
Dan D Wilson,SEA,123,414,46,110,23,2,7,38,29,83,5,0,.266,.315,.382,.697
Matt M Franco,NYM,122,132,18,31,5,0,4,21,28,21,0,0,.235,.366,.364,.730
Ray R Lankford L,STL,122,422,77,129,32,1,15,63,49,110,14,4,.306,.380,.493,.873
Rickey R Henderson L,NYM,121,438,89,138,30,0,12,42,82,82,37,14,.315,.423,.466,.889
David D Segui,TOR,121,440,57,131,27,3,14,52,40,60,1,2,.298,.355,.468,.823
Ellis E Burks R,SF,120,390,73,110,19,0,31,96,69,86,7,5,.282,.394,.569,.964
Miguel M Cairo,TB,120,465,61,137,15,5,3,36,24,46,22,7,.295,.335,.368,.703
Kevin K Jordan,PHI,120,347,36,99,17,3,4,51,24,34,0,0,.285,.339,.386,.726
Travis T Lee,ARI,120,375,57,89,16,2,9,50,58,50,17,3,.237,.337,.363,.700
Kenny K Lofton C,CLE,120,465,110,140,28,6,7,39,79,84,25,6,.301,.405,.432,.838
Einar E Díaz Diaz,CLE,119,392,43,110,21,1,3,32,23,41,11,4,.281,.328,.362,.690
Butch B Huskey D,BOS,119,386,62,109,15,0,22,77,34,65,3,1,.282,.338,.492,.830
Alex A Ochoa L,MIL,119,277,47,83,16,3,8,40,45,43,6,4,.300,.404,.466,.870
Eric E Young Sr.,LA,119,456,73,128,24,2,2,41,63,26,51,22,.281,.371,.355,.726
Alex A Arias S,PHI,118,347,43,105,20,1,4,48,36,31,2,2,.303,.373,.401,.773
Matt M Lawton R,MIN,118,406,58,105,18,0,7,54,57,42,26,4,.259,.353,.355,.708
Doug D Mientkiewicz,MIN,118,327,34,75,21,3,2,32,43,51,1,1,.229,.324,.330,.655
Shane S Andrews,CHC,117,348,41,68,12,0,16,51,50,109,1,1,.195,.295,.368,.662
John J Flaherty,TB,117,446,53,124,19,0,14,71,19,64,0,2,.278,.310,.415,.725
Corey C Koskie,MIN,117,342,42,106,21,0,11,58,40,72,4,4,.310,.387,.468,.855
Brent B Mayne,SF,117,322,39,97,32,0,2,39,43,65,2,2,.301,.389,.419,.808
Adrian A Brown R,PIT,116,226,34,61,5,2,4,17,33,39,5,3,.270,.364,.363,.727
Dave D Magadan,SD,116,248,20,68,12,1,2,30,45,36,1,3,.274,.377,.355,.732
Bill B Mueller,SF,116,414,61,120,24,0,2,36,65,52,4,2,.290,.388,.362,.751
Eric E Chavez,OAK,115,356,47,88,21,2,13,50,46,56,1,1,.247,.333,.427,.760
Darrin D Fletcher,TOR,115,412,48,120,26,0,18,80,26,47,0,0,.291,.339,.485,.825
Dave D Nilsson,MIL,115,343,56,106,19,1,21,62,53,64,1,2,.309,.400,.554,.954
Todd T Hundley,LA,114,376,49,78,14,0,24,55,44,113,3,0,.207,.295,.436,.731
Brian R. B Hunter,ATL,114,181,28,45,12,1,6,30,31,40,0,1,.249,.367,.425,.792
Eli E Marrero,STL,114,317,32,61,13,1,6,34,18,56,11,2,.192,.236,.297,.532
Jose J Canseco D,TB,113,430,75,120,18,1,34,95,58,135,3,0,.279,.369,.563,.931
Gary G Gaetti,CHC,113,280,22,57,9,1,9,46,21,51,0,1,.204,.260,.339,.599
Tyler T Houston,CLE,113,276,28,62,10,1,10,30,31,78,1,1,.225,.302,.377,.679
F. P. F Santangelo C,SF,113,254,49,66,17,3,3,26,53,54,12,4,.260,.406,.386,.792
John J Valentin,BOS,113,450,58,114,27,1,12,70,40,68,0,1,.253,.315,.398,.712
Enrique E Wilson,CLE,113,332,41,87,22,1,2,24,25,41,5,4,.262,.310,.352,.663
Jorge J Posada,NYY,112,379,50,93,19,2,12,57,53,91,1,0,.245,.341,.401,.742
Scott S Rolen,PHI,112,421,74,113,28,1,26,77,67,114,12,2,.268,.368,.525,.893
Tony T Gwynn R,SD,111,411,59,139,27,0,10,62,29,14,7,2,.338,.381,.477,.858
Kevin K Sefcik,PHI,111,209,28,58,15,3,1,11,29,24,9,4,.278,.368,.392,.760
Mike M Benjamin S,PIT,110,368,42,91,26,7,1,37,20,90,10,1,.247,.288,.364,.652
Brian B Daubach,BOS,110,381,61,112,33,3,21,73,36,92,0,1,.294,.360,.562,.921
Brent B Gates,MIN,110,306,40,78,13,2,3,38,34,56,1,3,.255,.328,.340,.668
Lenny L Harris,ARI,110,187,17,58,13,0,1,20,6,7,2,1,.310,.330,.396,.726
Wally W Joyner,SD,110,323,34,80,14,2,5,43,58,54,0,1,.248,.363,.350,.712
Walt W Weiss S,ATL,110,279,38,63,13,4,2,29,35,48,7,3,.226,.315,.323,.637
Dave D Berg S,FLA,109,304,42,87,18,1,3,25,27,59,2,2,.286,.348,.382,.730
Tom T Goodwin C,TEX,109,405,63,105,12,6,3,33,40,61,39,11,.259,.324,.341,.664
Mike M Mordecai,MON,109,226,29,53,10,2,5,25,20,31,2,5,.235,.297,.363,.660
Orlando O Palmeiro L,ANA,109,317,46,88,12,1,1,23,39,30,5,5,.278,.364,.331,.696
Benito B Santiago,CHC,109,350,28,87,18,3,7,36,32,71,1,1,.249,.313,.377,.691
Richard R Hidalgo L,HOU,108,383,49,87,25,2,15,56,56,73,8,5,.227,.328,.420,.748
Keith K Lockhart,ATL,108,161,20,42,3,1,1,21,19,21,3,1,.261,.337,.311,.648
Bobby B Higginson R,DET,107,377,51,90,18,0,12,46,64,66,4,6,.239,.351,.382,.732
Chad C Kreuter,KC,107,324,31,73,15,0,5,35,34,65,0,0,.225,.309,.318,.627
Matt M Walbeck,ANA,107,288,26,69,8,1,3,22,26,46,2,3,.240,.308,.306,.614
Sean S Berry,MIL,106,259,26,59,11,1,2,23,17,50,0,0,.228,.281,.301,.582
Tim T Bogar S,HOU,106,309,44,74,16,2,4,31,38,52,3,5,.239,.328,.343,.671
Ryan R Christenson C,OAK,106,268,41,56,12,1,4,24,38,58,7,5,.209,.305,.306,.611
Jose J Cruz C,TOR,106,349,63,84,19,3,14,45,64,91,14,4,.241,.358,.433,.791
Tony T Phillips,OAK,106,406,76,99,24,4,15,49,71,94,11,3,.244,.362,.433,.795
Brian B Banks,MIL,105,219,34,53,7,1,5,22,25,59,6,1,.242,.317,.352,.669
Brook B Fordyce,CWS,105,333,36,99,25,1,9,49,21,48,2,0,.297,.343,.459,.802
Kevin K Millar,FLA,105,351,48,100,17,4,9,67,40,64,1,0,.285,.362,.433,.795
Jeff J Blauser,CHC,104,200,41,48,5,2,9,26,26,52,2,2,.240,.347,.420,.768
Orlando O Cabrera S,MON,104,382,48,97,23,5,8,39,18,38,2,2,.254,.293,.403,.696
J. D. J Drew C,STL,104,368,72,89,16,6,13,39,50,77,19,3,.242,.340,.424,.764
Rob R Ducey,PHI,104,188,29,49,10,2,8,33,38,57,2,1,.261,.383,.463,.846
Shawon S Dunston,NYM,104,243,35,78,11,3,5,41,2,39,10,4,.321,.337,.453,.790
Eddie E Pérez Perez,ATL,104,309,30,77,17,0,7,30,17,40,0,1,.249,.299,.372,.671
Tony T Eusebio,HOU,103,323,31,88,15,0,4,33,40,67,0,0,.272,.353,.356,.709
Jeff J Reed,CHC,103,256,29,66,16,2,3,28,45,58,1,2,.258,.373,.371,.744
Barry B Bonds L,SF,102,355,91,93,20,2,34,83,73,62,15,2,.262,.389,.617,1.006
Angel A Echevarria,COL,102,191,28,56,7,0,11,35,17,34,1,3,.293,.360,.503,.863
Benny B Agbayani L,NYM,101,276,42,79,18,3,14,42,32,60,6,4,.286,.363,.525,.888
Terry T Steinbach,MIN,101,338,35,96,16,4,4,42,38,54,2,2,.284,.358,.391,.748
Frank F Catalanotto,DET,100,286,41,79,19,0,11,35,15,49,3,4,.276,.327,.458,.785
Brad B Fullmer,MON,100,347,38,96,34,2,9,47,22,35,2,3,.277,.321,.464,.785
Dave D Hansen,LA,100,107,14,27,8,1,2,17,26,20,0,0,.252,.404,.402,.806
Jason J Mc Donald C,OAK,100,187,26,39,2,1,3,8,25,48,6,3,.209,.310,.278,.588
David D Doster,PHI,99,97,9,19,2,0,3,10,12,23,1,0,.196,.282,.309,.591
Andy A Fox S,ARI,99,274,34,70,12,2,6,33,33,61,4,1,.255,.351,.380,.731
Glenallen G Hill,CHC,99,253,43,76,9,1,20,55,22,61,5,1,.300,.353,.581,.934
Jeff J Reboulet,BAL,99,154,25,25,4,0,0,4,33,29,1,0,.162,.317,.188,.506
Paul P Sorrento L,TB,99,294,40,69,14,1,11,42,49,101,1,1,.235,.351,.401,.752
Thomas T Howard,STL,98,195,16,57,10,0,6,28,17,26,1,1,.292,.353,.436,.789
Tim T Salmon R,ANA,98,353,60,94,24,2,17,69,63,82,4,1,.266,.372,.490,.862
Craig C Wilson,CWS,98,252,28,60,8,1,4,26,23,22,1,1,.238,.301,.325,.626
Todd T Greene D,ANA,97,321,36,78,20,0,14,42,12,63,1,4,.243,.275,.436,.711
Jeff J Huson,ANA,97,225,21,59,7,1,0,18,16,27,10,1,.262,.307,.302,.610
Mike M Lowell,FLA,97,308,32,78,15,0,12,47,26,69,0,0,.253,.317,.419,.736
Olmedo O Saenz,OAK,97,255,41,70,18,0,11,41,22,47,1,1,.275,.363,.475,.837
Kurt K Abbott,COL,96,286,41,78,17,2,8,41,16,69,3,2,.273,.310,.430,.740
Chad C Curtis L,NYY,96,195,37,51,6,0,5,24,43,35,8,4,.262,.398,.369,.767
Delino D De Shields,BAL,96,330,46,87,11,2,6,34,37,52,11,8,.264,.339,.364,.702
Karim K Garcia R,DET,96,288,38,69,10,3,14,32,20,67,2,4,.240,.288,.441,.729
Charlie C Hayes,SF,95,264,33,54,9,1,6,48,33,41,3,1,.205,.292,.314,.607
Lance L Johnson C,CHC,95,335,46,87,11,6,1,21,37,20,13,3,.260,.332,.337,.670
Jacque J Jones C,MIN,95,322,54,93,24,2,9,44,17,63,3,4,.289,.329,.460,.789
James J Mouton,MON,95,122,18,32,5,1,2,13,18,31,6,2,.262,.364,.369,.732
Bernard B Gilkey,ARI,94,204,28,60,16,1,8,39,29,42,2,2,.294,.379,.500,.879
Jose J Vizcaino S,LA,94,266,27,67,9,0,1,29,20,23,2,1,.252,.304,.297,.602
Darren D Bragg C,STL,93,273,38,71,12,1,6,26,44,67,3,0,.260,.369,.377,.746
Alberto A Castillo,STL,93,255,21,67,8,0,4,31,24,48,0,0,.263,.326,.341,.668
Aaron A Ledesma S,TB,93,294,32,78,15,0,0,30,14,35,1,1,.265,.305,.316,.622
Orlando O Merced L,MON,93,194,25,52,12,1,8,26,26,27,2,1,.268,.353,.464,.817
Ozzie O Guillen S,ATL,92,232,21,56,16,0,1,20,15,17,4,2,.241,.284,.323,.607
Todd T Hollandsworth C,LA,92,261,39,74,12,2,9,32,24,61,5,2,.284,.345,.448,.793
Terry T Shumpert,COL,92,262,58,91,26,3,10,37,31,41,14,0,.347,.413,.584,.997
Rich R Amaral,BAL,91,137,21,38,8,1,0,11,15,20,9,6,.277,.348,.350,.699
Damon D Buford C,BOS,91,297,39,72,15,2,6,38,21,74,9,2,.242,.294,.367,.661
Curtis C Goodwin,TOR,91,165,15,38,6,1,0,9,13,41,2,4,.230,.285,.279,.564
Manny M Alexander,CHC,90,177,17,48,11,2,0,15,10,38,4,0,.271,.309,.356,.664
Wade W Boggs,TB,90,292,40,88,14,1,2,29,38,23,1,0,.301,.377,.377,.754
Jeremy J Giambi D,KC,90,288,34,82,13,1,3,34,40,67,0,0,.285,.373,.368,.741
Abraham O. A Nunez S,PIT,90,259,25,57,8,0,0,17,28,54,9,1,.220,.299,.251,.550
Randall R Simon,ATL,90,218,26,69,16,0,5,25,17,25,2,2,.317,.367,.459,.826
Scott S Spiezio,OAK,89,247,31,60,24,0,8,33,29,36,0,0,.243,.324,.437,.761
Jose J Valentin S,MIL,89,256,45,58,9,5,10,38,48,52,3,2,.227,.347,.418,.765
Henry H Blanco,COL,88,263,30,61,12,3,6,28,34,38,1,1,.232,.320,.369,.689
Jorge J Fabregas,ATL,88,231,20,46,10,2,3,21,26,27,0,0,.199,.280,.299,.579
Ricky R Ledee L,NYY,88,250,45,69,13,5,9,40,28,73,4,3,.276,.346,.476,.822
Mark M Lewis,CIN,88,173,18,44,16,0,6,28,7,24,0,0,.254,.280,.451,.731
Ryan R Mc Guire,MON,88,140,17,31,7,2,2,18,27,33,1,1,.221,.347,.343,.690
Placido P Polanco,STL,88,220,24,61,9,3,1,19,15,24,1,3,.277,.321,.359,.680
Kelly K Stinnett,ARI,88,284,36,66,13,0,14,38,24,83,2,1,.232,.302,.426,.728
Jay J Buhner R,SEA,87,266,37,59,11,0,14,38,69,100,0,0,.222,.388,.421,.809
Craig C Counsell,LA,87,174,24,38,7,0,0,11,14,24,1,0,.218,.274,.259,.532
Jose J Guillen R,TB,87,288,42,73,16,0,3,31,20,57,1,0,.253,.315,.340,.656
Raul R Ibanez,SEA,87,209,23,54,7,0,9,27,17,32,5,1,.258,.313,.421,.734
Roberto R Kelly C,TEX,87,290,41,87,17,1,8,37,21,57,6,1,.300,.355,.448,.804
John J Mabry R,SEA,87,262,34,64,14,0,9,33,20,60,2,1,.244,.297,.401,.698
Luis L Polonia D,DET,87,333,46,108,21,8,10,32,16,32,17,9,.324,.357,.526,.882
Andy A Sheets S,ANA,87,244,22,48,10,0,3,29,14,59,1,2,.197,.236,.275,.510
Damian D Miller,ARI,86,296,35,80,19,0,11,47,19,78,0,0,.270,.316,.446,.762
Scott S Pose,KC,86,137,27,39,3,0,0,12,21,22,6,2,.285,.377,.307,.684
Cal C Ripken,BAL,86,332,51,113,27,0,18,57,13,31,0,1,.340,.368,.584,.952
Travis T Fryman,CLE,85,322,45,82,16,2,10,48,25,57,2,1,.255,.309,.410,.718
Ricky R Gutierrez S,HOU,85,268,33,70,7,5,1,25,37,45,2,5,.261,.354,.336,.690
Greg G Myers,ATL,84,200,19,53,6,0,5,24,26,30,0,0,.265,.348,.370,.718
Otis O Nixon L,ATL,84,151,31,31,2,1,0,8,23,15,26,7,.205,.309,.232,.540
Mike M Redmond,FLA,84,242,22,73,9,0,1,27,26,34,0,0,.302,.381,.351,.732
Reggie R Jefferson D,BOS,83,206,21,57,13,1,5,17,17,54,0,0,.277,.338,.422,.760
Russ R Johnson,HOU,83,156,24,44,10,0,5,23,20,31,2,3,.282,.358,.442,.800
Trenidad T Hubbard,LA,82,105,23,33,5,0,1,13,13,24,4,3,.314,.387,.390,.777
Bubba B Trammell L,TB,82,283,49,82,19,0,14,39,43,37,0,2,.290,.384,.505,.889
Glen G Barker C,HOU,81,73,23,21,2,0,1,11,11,19,17,6,.288,.384,.356,.740
Gary G Disarcina S,ANA,81,271,32,62,7,1,1,29,15,32,2,2,.229,.273,.273,.546
Willie W Greene D,TOR,81,226,22,46,7,0,12,41,20,56,0,0,.204,.266,.394,.660
Jim J Leyritz,NYY,81,200,25,47,9,1,8,26,28,54,0,0,.235,.339,.410,.749
Mike M Macfarlane,OAK,81,226,24,55,17,0,4,31,13,52,0,0,.243,.282,.372,.653
Jacob J Brumfield C,TOR,80,187,29,45,8,4,2,20,19,44,1,2,.241,.306,.358,.664
Hal H Morris,CIN,80,102,10,29,9,0,0,16,10,21,0,0,.284,.348,.373,.721
Kevin K Stocker S,TB,79,254,39,76,11,2,1,27,24,41,9,7,.299,.369,.370,.739
Randy R Winn C,TB,79,303,44,81,16,4,2,24,17,63,9,9,.267,.307,.366,.673
Ken K Caminiti,HOU,78,273,45,78,11,1,13,56,46,58,6,2,.286,.386,.476,.862
Jason J Kendall,PIT,78,280,61,93,20,3,8,41,38,32,22,3,.332,.428,.511,.939
Matt M Mieske L,HOU,78,150,24,46,5,0,9,29,8,31,0,0,.307,.338,.520,.858
Javier J Valentin,MIN,78,218,22,54,12,1,5,28,22,39,0,0,.248,.313,.381,.694
Will W Clark,BAL,77,251,40,76,15,0,10,29,38,42,2,2,.303,.395,.482,.877
Steve S Kline,MON,77,1,0,0,0,0,0,0,0,1,0,0,.000,.000,.000,.000
Kevin K Orie,FLA,77,240,26,61,16,0,6,29,22,43,1,0,.254,.322,.396,.718
Ben B Davis,SD,76,266,29,65,14,1,5,30,25,70,2,1,.244,.307,.361,.668
Chris C Gomez S,SD,76,234,20,59,8,1,1,15,27,49,1,2,.252,.331,.308,.638
A. J. A Hinch,OAK,76,205,26,44,4,1,7,24,11,41,6,2,.215,.260,.346,.607
Tom T Lampkin,SEA,76,206,29,60,11,2,9,34,13,32,1,3,.291,.345,.495,.840
Scott S Sullivan,CIN,76,15,1,0,0,0,0,0,0,11,0,0,.000,.000,.000,.000
Anthony A Telford,MON,76,2,0,0,0,0,0,1,1,1,0,0,.000,.333,.000,.333
Jeff J Barry C,COL,74,168,19,45,16,0,5,26,19,29,0,4,.268,.344,.452,.796
Lou L Collier S,MIL,74,135,18,35,9,0,2,21,14,32,3,2,.259,.325,.370,.695
Turk T Wendell,NYM,74,6,0,0,0,0,0,0,1,3,0,0,.000,.143,.000,.143
Paul P Bako,HOU,73,215,16,55,14,1,2,17,26,57,1,1,.256,.332,.358,.690
Darrin D Jackson L,CWS,73,149,22,41,9,1,4,16,3,20,4,1,.275,.288,.430,.717
Mark M Johnson,CWS,73,207,27,47,11,0,4,16,36,58,3,1,.227,.344,.338,.682
Chris C Stynes,CIN,73,113,18,27,1,0,2,14,12,13,5,2,.239,.310,.301,.610
Armando A Benitez,NYM,72,5,0,0,0,0,0,1,0,2,0,0,.000,.000,.000,.000
Armando A Rios R,SF,72,150,32,49,9,0,7,29,24,35,7,4,.327,.420,.527,.947
Danny D Graves,CIN,71,5,0,0,0,0,0,0,0,2,0,0,.000,.000,.000,.000
Willis W Otanez,TOR,71,207,28,49,11,0,7,24,15,46,0,0,.237,.293,.391,.685
Todd T Pratt,NYM,71,140,18,41,4,0,3,21,15,32,2,0,.293,.369,.386,.754
Shane S Spencer L,NYY,71,205,25,48,8,0,8,20,18,51,0,4,.234,.301,.390,.691
Danny D Bautista R,FLA,70,205,32,59,10,1,5,24,4,30,3,0,.288,.303,.420,.723
Gregg G Jefferies D,DET,70,205,22,41,8,0,6,18,13,11,3,4,.200,.258,.327,.585
Derrek D Lee,FLA,70,218,21,45,9,1,5,20,17,70,2,1,.206,.263,.326,.588
Mike M Remlinger,ATL,70,2,1,0,0,0,0,0,0,2,0,0,.000,.000,.000,.000
Dave D Veres,COL,70,1,0,0,0,0,0,0,0,0,0,0,.000,.000,.000,.000
Antonio A Alfonseca,FLA,69,2,0,0,0,0,0,0,0,2,0,0,.000,.000,.000,.000
Cliff C Floyd L,FLA,69,251,37,76,19,1,11,49,30,47,5,6,.303,.379,.518,.897
Hanley H Frias S,ARI,69,150,27,41,3,2,1,16,29,18,4,3,.273,.391,.340,.731
Wayne W Gomes,PHI,69,1,0,0,0,0,0,0,0,1,0,0,.000,.000,.000,.000
John J Rocker,ATL,69,0,0,0,0,0,0,0,0,0,0,0,.000,.000,.000,.000
Scott S Servais,SF,69,198,21,54,10,0,5,21,13,31,0,0,.273,.327,.399,.726
Luis L Alicea,TEX,68,164,33,33,10,0,3,17,28,32,2,1,.201,.316,.317,.633
Pedro P Borbon,LA,68,2,0,0,0,0,0,0,0,1,0,0,.000,.000,.000,.000
Luis L Lopez S,NYM,68,104,11,22,4,0,2,13,12,33,1,1,.212,.308,.308,.616
Robb R Nen,SF,68,0,0,0,0,0,0,0,0,0,0,0,.000,.000,.000,.000
Bobby B Smith,TB,68,199,18,36,4,1,3,19,16,64,4,4,.181,.244,.256,.500
Ugueth U Urbina,MON,68,5,0,0,0,0,0,0,0,2,0,0,.000,.000,.000,.000
Greg G Colbrunn,ARI,67,135,20,44,5,3,5,24,12,23,1,1,.326,.392,.519,.911
Felix F Heredia,CHC,67,4,0,2,0,0,0,1,0,0,0,0,.500,.500,.500,1.000
Braden B Looper,FLA,67,0,0,0,0,0,0,0,0,0,0,0,.000,.000,.000,.000
Bob B Wickman,MIL,67,1,0,0,0,0,0,0,0,0,0,0,.000,.000,.000,.000
Dennis D Cook,NYM,66,1,0,0,0,0,0,0,0,1,0,0,.000,.000,.000,.000
Terrell T Lowery C,TB,66,185,25,48,15,1,2,17,19,53,0,2,.259,.330,.384,.714
Alan A Mills,LA,66,2,0,0,0,0,0,0,0,1,0,0,.000,.000,.000,.000
Melvin M Mora L,NYM,66,31,6,5,0,0,0,1,4,7,2,1,.161,.278,.161,.439
Mike M Myers,MIL,66,1,0,0,0,0,0,0,0,1,0,0,.000,.000,.000,.000
Keith K Osik,PIT,66,167,12,31,3,1,2,13,11,30,0,0,.186,.239,.251,.490
Herbert H Perry,TB,66,209,29,53,10,1,6,32,16,42,0,0,.254,.331,.397,.728
Scott S Sanders,CHC,66,18,0,5,2,0,0,1,0,6,0,0,.278,.278,.389,.667
Ricky R Bottalico,STL,65,3,0,0,0,0,0,0,0,1,0,0,.000,.000,.000,.000
Brian B Edmondson,FLA,65,11,0,4,2,0,0,2,0,4,0,0,.364,.364,.545,.909
Alan A Embree,SF,65,0,0,0,0,0,0,0,0,0,0,0,.000,.000,.000,.000
Joe J Girardi,NYY,65,209,23,50,16,1,2,27,10,26,3,1,.239,.271,.354,.626
Javy J Lopez,ATL,65,246,34,78,18,1,11,45,20,41,0,3,.317,.375,.533,.908
Dan D Miceli,SD,65,1,0,0,0,0,0,0,0,1,0,0,.000,.000,.000,.000
Desi D Relaford S,PHI,65,211,31,51,11,2,1,26,19,34,4,3,.242,.322,.327,.649
Todd T Dunwoody C,FLA,64,186,20,41,6,3,2,20,12,41,3,4,.220,.270,.317,.587
Eric E Plunk,MIL,64,0,0,0,0,0,0,0,0,0,0,0,.000,.000,.000,.000
Carlos C Reyes,SD,64,1,0,0,0,0,0,0,0,1,0,0,.000,.000,.000,.000
Daryle D Ward L,HOU,64,150,11,41,6,0,8,30,9,31,0,0,.273,.311,.473,.784
Manny M Aybar,STL,63,12,0,1,0,0,0,1,0,7,0,0,.083,.083,.083,.167
David D Dellucci,ARI,63,109,27,43,7,1,1,15,11,24,2,0,.394,.463,.505,.968
Matt M Mantei,ARI,63,1,0,0,0,0,0,0,0,1,0,0,.000,.000,.000,.000
Jay J Powell,HOU,63,0,0,0,0,0,0,0,0,0,0,0,.000,.000,.000,.000
Jeff J Shaw,LA,63,0,0,0,0,0,0,0,0,0,0,0,.000,.000,.000,.000
Jorge J Velandia,OAK,63,48,4,9,1,0,0,2,2,13,2,0,.188,.235,.208,.444
Billy B Wagner,HOU,63,0,0,0,0,0,0,0,0,0,0,0,.000,.000,.000,.000
Dennys D Reyes,CIN,62,4,0,0,0,0,0,0,0,3,0,0,.000,.000,.000,.000
Scott S Sauerbeck,PIT,62,1,0,0,0,0,0,0,0,1,0,0,.000,.000,.000,.000
Bobby B Ayala,CHC,61,1,0,0,0,0,0,0,0,0,0,0,.000,.000,.000,.000
Jerry J Dipoto,COL,61,5,0,0,0,0,0,0,1,2,0,0,.000,.167,.000,.167
Ramon R Martinez,SF,61,144,21,38,6,0,5,19,14,17,1,2,.264,.327,.410,.737
Kevin K Mc Glinchy,ATL,61,2,0,0,0,0,0,0,0,1,0,0,.000,.000,.000,.000
Greg G Swindell,ARI,61,4,0,0,0,0,0,0,0,1,0,0,.000,.000,.000,.000
Bobby B Bonilla,NYM,60,119,12,19,5,0,4,18,19,16,0,1,.160,.277,.303,.579
Trevor T Hoffman,SD,60,3,0,1,1,0,0,2,0,0,0,0,.333,.333,.667,1.000
Curt C Leskanic,COL,60,4,1,2,0,0,1,3,0,2,0,0,.500,.500,1.250,1.750
Tim T Spehr,KC,60,155,26,32,7,0,9,26,22,47,1,0,.206,.324,.426,.750
David D Weathers,MIL,60,7,1,1,0,0,0,0,1,4,0,0,.143,.250,.143,.393
Gregg G Olson,ARI,59,0,0,0,0,0,0,0,1,0,0,0,.000,1.000,.000,1.000
Rich R Rodriguez,SF,59,1,1,1,0,0,0,1,0,0,0,0,1.000,1.000,1.000,2.000
Turner T Ward,ARI,59,114,8,27,3,0,2,15,15,15,2,2,.237,.326,.316,.642
Eric E Davis R,STL,58,191,27,49,9,2,5,30,30,49,5,4,.257,.359,.403,.762
Tim T Hyers,FLA,58,81,8,18,4,1,2,12,14,11,0,0,.222,.333,.370,.704
John J Johnstone,SF,58,0,0,0,0,0,0,0,0,0,0,0,.000,.000,.000,.000
Tim T Raines L,OAK,58,135,20,29,5,0,4,17,26,17,4,1,.215,.337,.341,.678
Scott S Williamson,CIN,58,7,0,0,0,0,0,0,1,6,0,0,.000,.125,.000,.125
Edgard E Clemente C,COL,57,162,24,41,10,2,8,25,7,46,0,0,.253,.282,.488,.770
Freddy F Garcia L,ATL,57,132,17,31,5,0,7,24,5,42,0,0,.235,.261,.432,.693
Mike M Matheny,TOR,57,163,16,35,6,0,3,17,12,37,0,0,.215,.271,.307,.578
Rick R Croushore,STL,56,3,1,1,0,0,0,0,1,1,0,0,.333,.500,.333,.833
Ed E Giovanola,SD,56,58,10,11,0,1,0,3,9,8,2,0,.190,.294,.224,.518
George G Arias,SD,55,164,20,40,8,0,7,20,6,54,0,0,.244,.271,.421,.691
Carlos C Baerga,CLE,55,137,10,33,1,0,3,10,10,24,2,1,.241,.300,.314,.614
Rafael R Bournigal S,SEA,55,95,16,26,5,0,2,14,7,6,0,0,.274,.317,.389,.707
Jim J Edmonds C,ANA,55,204,34,51,17,2,5,23,28,45,5,4,.250,.339,.426,.766
Charles C Gipson,SEA,55,80,16,18,5,2,0,9,6,13,3,4,.225,.287,.338,.625
David D Lamb S,TB,55,124,18,28,5,1,1,13,10,18,0,1,.226,.284,.306,.590
Lance L Painter,STL,55,7,0,0,0,0,0,0,0,5,0,0,.000,.000,.000,.000
Jesus J Sanchez,FLA,55,12,0,1,0,0,0,0,1,5,0,0,.083,.154,.083,.237
Jerry J Spradlin,SF,55,1,0,0,0,0,0,0,0,0,0,0,.000,.000,.000,.000
Mike M Williams,PIT,55,2,0,0,0,0,0,0,0,0,0,0,.000,.000,.000,.000
Wil W Cordero L,CLE,54,194,35,58,15,0,8,32,15,37,2,0,.299,.364,.500,.864
Vic V Darensbourg,FLA,54,0,0,0,0,0,0,0,1,0,0,0,.000,1.000,.000,1.000
Mike M De Jean,COL,54,2,0,0,0,0,0,0,0,1,0,0,.000,.000,.000,.000
Jose J Nieves S,CHC,54,181,16,45,9,1,2,18,8,25,0,2,.249,.291,.343,.633
Brian B Simmons L,CWS,54,126,14,29,3,3,4,17,9,30,4,0,.230,.281,.397,.678
Domingo D Cedeno S,PHI,53,108,9,19,6,0,3,13,10,31,1,2,.176,.252,.315,.567
Chuck C Mc Elroy,NYM,53,1,0,0,0,0,0,0,0,0,0,0,.000,.000,.000,.000
Donne D Wall,SD,53,1,0,0,0,0,0,0,0,1,0,0,.000,.000,.000,.000
Erubiel E Durazo,ARI,52,155,31,51,4,2,11,30,26,43,1,1,.329,.422,.594,1.015
David D Howard S,STL,52,82,3,17,4,0,1,6,7,27,0,2,.207,.286,.293,.578
Rudy R Seanez,ATL,52,1,1,0,0,0,0,0,1,1,0,0,.000,.500,.000,.500
Brad B Clontz,PIT,51,3,0,0,0,0,0,0,0,2,0,0,.000,.000,.000,.000
Mike M Di Felice,TB,51,179,21,55,11,0,6,27,8,23,0,0,.307,.346,.469,.815
Mike M Maddux,LA,51,0,0,0,0,0,0,0,0,0,0,0,.000,.000,.000,.000
Jerry J Hairston,BAL,50,175,26,47,12,1,4,17,11,24,9,4,.269,.323,.417,.740
Onan O Masaoka,LA,50,4,0,0,0,0,0,0,0,2,0,0,.000,.000,.000,.000
Juan J Acevedo,STL,49,20,0,1,0,0,0,0,0,16,0,0,.050,.050,.050,.100
Terry T Adams,CHC,49,2,0,0,0,0,0,0,0,2,0,0,.000,.000,.000,.000
Jed J Hansen,KC,49,79,16,16,1,0,3,5,10,32,0,1,.203,.289,.329,.618
Donnie D Sadler S,BOS,49,107,18,30,5,1,0,4,5,20,2,1,.280,.313,.346,.658
Luis L Sojo,NYY,49,127,20,32,6,0,2,16,4,17,1,0,.252,.275,.346,.621
Dale D Sveum,PIT,49,71,7,15,5,1,3,13,7,28,0,0,.211,.278,.437,.715
Brian B Williams,HOU,49,3,0,1,0,0,0,1,0,1,0,0,.333,.333,.333,.667
Bill B Haselman,DET,48,143,13,39,8,0,4,14,10,26,2,0,.273,.320,.413,.733
Bobby B Hughes,MIL,48,101,10,26,2,0,3,8,5,28,0,0,.257,.292,.366,.659
Kirt K Manwaring,COL,48,137,17,41,7,1,2,14,12,23,0,0,.299,.374,.409,.783
Steve S Montgomery,PHI,48,1,1,1,0,0,0,0,0,0,0,0,1.000,1.000,1.000,2.000
Craig C Paquette R,STL,48,157,21,45,6,0,10,37,6,38,1,0,.287,.309,.516,.825
Alex A Ramirez R,CLE,48,97,11,29,6,1,3,18,3,26,1,1,.299,.327,.474,.801
Guillermo G Mota,MON,47,1,1,1,0,0,1,3,0,0,0,0,1.000,1.000,4.000,5.000
Gabe G White,CIN,47,0,0,0,0,0,0,0,0,0,0,0,.000,.000,.000,.000
John J Franco,NYM,46,0,0,0,0,0,0,0,0,0,0,0,.000,.000,.000,.000
Trever T Miller,HOU,46,3,0,0,0,0,0,0,0,1,0,0,.000,.000,.000,.000
Ryan R Minor,BAL,46,124,13,24,7,0,3,10,8,43,1,0,.194,.241,.323,.563
Mike M Mohler,STL,46,3,0,0,0,0,0,0,0,1,0,0,.000,.000,.000,.000
Jim J Poole,PHI,46,2,0,0,0,0,0,0,0,1,0,0,.000,.000,.000,.000
Steve S Scarsone,KC,46,68,2,14,5,0,0,6,9,24,1,0,.206,.295,.279,.574
Russ R Springer,ATL,46,0,0,0,0,0,0,0,0,0,0,0,.000,.000,.000,.000
Amaury A Telemaco,PHI,46,0,0,0,0,0,0,0,0,0,0,0,.000,.000,.000,.000
Geoff G Blum S,MON,45,133,21,32,7,2,8,18,17,25,1,0,.241,.327,.504,.830
Brian B Johnson,CIN,45,117,12,27,7,0,5,18,9,31,0,0,.231,.286,.419,.704
Jeff J Liefer,CWS,45,113,8,28,7,1,0,14,8,28,2,0,.248,.295,.327,.622
Rodney R Myers,CHC,45,7,2,3,1,0,0,1,0,2,0,0,.429,.429,.571,1.000
Joe J Oliver,PIT,45,134,10,27,8,0,1,13,10,33,2,0,.201,.253,.284,.537
Felix F Rodriguez,SF,44,6,3,2,1,0,1,3,0,1,0,0,.333,.429,1.000,1.429
Marc M Wilkins,PIT,44,1,0,0,0,0,0,0,0,1,0,0,.000,.000,.000,.000
Trent T Durrington,ANA,43,122,14,22,2,0,0,2,9,28,4,3,.180,.237,.197,.433
Mike M Figga,BAL,43,86,12,19,4,0,1,5,2,27,0,2,.221,.236,.302,.538
Lou L Merloni S,BOS,43,126,18,32,7,0,1,13,8,16,0,0,.254,.307,.333,.640
Chad C Meyers,CHC,43,142,17,33,9,0,0,4,9,27,4,2,.232,.292,.296,.588
Angel A Pena,LA,43,120,14,25,6,0,4,21,12,24,0,1,.208,.276,.358,.634
Jon J Shave S,TEX,43,73,10,21,4,0,0,9,5,17,1,0,.288,.350,.342,.692
Larry L Sutton,KC,43,102,14,23,6,0,2,15,13,17,1,0,.225,.308,.343,.651
Julian J Tavarez,SF,43,5,0,1,0,0,0,0,0,2,0,0,.200,.200,.200,.400
Gregg G Zaun,TEX,43,93,12,23,2,1,1,12,10,7,1,0,.247,.314,.323,.637
Darren D Holmes,ARI,42,2,0,0,0,0,0,0,0,2,0,0,.000,.000,.000,.000
Rick R Aguilera,CHC,41,1,0,0,0,0,0,0,0,0,0,0,.000,.000,.000,.000
Kimera K Bartee C,DET,41,77,11,15,1,3,0,3,9,20,3,3,.195,.279,.286,.565
Scott S Elarton,HOU,41,26,1,5,0,0,0,1,0,10,0,0,.192,.192,.192,.385
Jeff J Frye,BOS,41,114,14,32,3,0,1,12,14,11,2,2,.281,.362,.333,.695
Terry T Mulholland,ATL,41,48,2,5,0,0,0,3,2,21,0,0,.104,.140,.104,.244
Vladimir V Nunez,FLA,41,28,0,4,0,0,0,2,0,6,0,0,.143,.143,.143,.286
Scott S Radinsky,STL,41,0,0,0,0,0,0,0,0,0,0,0,.000,.000,.000,.000
Dave D Roberts C,CLE,41,143,26,34,4,0,2,12,9,16,11,3,.238,.281,.308,.589
Rafael R Roque,MIL,41,17,0,1,0,0,0,0,2,10,0,0,.059,.158,.059,.217
Dan D Serafini,CHC,41,12,1,1,0,0,0,0,3,7,0,0,.083,.267,.083,.350
Jermaine J Allensworth R,NYM,40,73,14,16,2,0,3,9,9,23,2,1,.219,.310,.370,.679
Shawn S Estes,SF,40,61,8,10,4,0,0,5,3,21,0,1,.164,.215,.230,.445
Ramon R Hernandez,OAK,40,136,13,38,7,0,3,21,18,11,1,0,.279,.363,.397,.760
Pat P Mahomes,NYM,40,16,2,5,3,0,0,3,0,6,0,0,.313,.313,.500,.812
Quinton Q Mc Cracken L,TB,40,148,20,37,6,1,1,18,14,23,6,5,.250,.317,.324,.641
Tony T Graffanino,TB,39,130,20,41,9,4,2,19,9,22,3,2,.315,.364,.492,.857
Liu L Rodriguez,CWS,39,93,8,22,2,2,1,12,12,11,0,0,.237,.343,.333,.676
Jeff J Wallace,PIT,39,0,0,0,0,0,0,0,1,0,0,0,.000,1.000,.000,1.000
John J Wehner,PIT,39,65,6,12,2,0,1,4,7,12,1,0,.185,.264,.262,.525
Kevin K Barker,MIL,38,117,13,33,3,0,3,23,9,19,1,0,.282,.331,.385,.715
Alex A Gonzalez S,TOR,38,154,22,45,13,0,2,12,16,23,4,2,.292,.370,.416,.786
Heathcliff H Slocumb,STL,38,0,0,0,0,0,0,0,0,0,0,0,.000,.000,.000,.000
Sandy S Alomar,CLE,37,137,19,42,13,0,6,25,4,23,0,1,.307,.322,.533,.854
Miguel M Batista,MON,37,35,6,7,1,0,1,3,2,19,0,0,.200,.243,.314,.558
Jack J Howell,HOU,37,33,2,7,2,0,1,1,8,9,0,0,.212,.366,.364,.730
Pat P Kelly,TOR,37,116,17,31,7,0,6,20,10,23,0,1,.267,.318,.483,.801
Scott S Leius,KC,37,74,8,15,1,0,1,10,4,8,1,0,.203,.244,.257,.501
Mark M Sweeney,CIN,37,31,6,11,3,0,2,7,4,9,0,0,.355,.429,.645,1.074
Fernando F Vina,MIL,37,154,17,41,7,0,1,16,14,6,5,2,.266,.339,.331,.670
Pedro P Astacio,COL,36,86,5,20,2,1,0,7,1,24,0,0,.233,.241,.279,.520
Gary G Bennett,PHI,36,88,7,24,4,0,1,21,4,11,0,0,.273,.298,.352,.650
Jason J Christiansen,PIT,36,1,0,0,0,0,0,0,0,1,0,0,.000,.000,.000,.000
Chris C Clapinski,FLA,36,56,6,13,1,2,0,2,9,12,1,0,.232,.348,.321,.670
Jason J La Rue,CIN,36,90,12,19,7,0,3,10,11,32,4,1,.211,.311,.389,.700
Paul P Lo Duca,LA,36,95,11,22,1,0,3,11,10,9,1,2,.232,.312,.337,.649
Dennis D Springer,FLA,36,50,2,6,1,0,0,2,0,17,0,0,.120,.118,.140,.258
Wilton W Veras,BOS,36,118,14,34,5,1,2,13,5,14,0,2,.288,.323,.398,.721
Wilson W Delgado S,SF,35,71,7,18,2,1,0,3,5,9,1,0,.254,.312,.310,.622
Doug D Henry,HOU,35,1,0,0,0,0,0,0,0,1,0,0,.000,.000,.000,.000
Mike M Lansing,COL,35,145,24,45,9,0,4,15,7,22,2,0,.310,.344,.455,.799
David D Lee,COL,35,5,1,1,0,0,0,0,0,2,0,0,.200,.200,.200,.400
Fernando F Seguignol,MON,35,105,14,27,9,0,5,10,5,33,0,0,.257,.328,.486,.813
Chris C Sexton,COL,35,59,9,14,0,1,1,7,11,10,4,2,.237,.357,.322,.679
Jamie J Arnold,LA,34,10,1,2,0,0,0,1,0,3,0,0,.200,.200,.200,.400
Lance L Berkman,HOU,34,93,10,22,2,0,4,15,12,21,5,1,.237,.321,.387,.708
Brian B Bohanon,COL,34,71,6,14,2,0,1,7,5,20,0,0,.197,.250,.268,.518
Kevin K Brown,LA,34,78,1,5,0,0,0,3,2,24,0,0,.064,.086,.064,.150
Craig C Grebeck,TOR,34,113,18,41,7,0,0,10,15,13,0,0,.363,.443,.425,.868
Ray R Holbert S,KC,34,100,14,28,3,0,0,5,8,20,7,4,.280,.330,.310,.640
Jose J Lima,HOU,34,75,4,6,0,0,0,2,3,24,0,0,.080,.115,.080,.195
Chad C Ogea,PHI,34,44,1,4,0,0,0,0,4,25,0,0,.091,.167,.091,.258
Darren D Oliver,STL,34,73,7,20,4,0,0,6,3,23,0,0,.274,.303,.329,.631
Dan D Plesac,ARI,34,1,0,0,0,0,0,0,0,1,0,0,.000,.000,.000,.000
Roosevelt R Brown,CHC,33,64,6,14,6,1,1,10,2,14,1,0,.219,.239,.391,.629
Tripp T Cromer,LA,33,52,5,10,0,0,2,8,5,10,0,0,.192,.263,.308,.571
Tom T Glavine,ATL,33,65,3,9,1,0,0,4,5,17,0,0,.138,.200,.154,.354
Randy R Johnson,ARI,33,97,1,12,4,0,0,6,0,46,0,0,.124,.124,.165,.289
Scott S Karl,MIL,33,60,5,11,2,0,2,7,3,17,0,0,.183,.219,.317,.535
Adam A Kennedy,STL,33,102,12,26,10,1,1,16,3,8,0,1,.255,.284,.402,.686
Doug D Mirabelli,SF,33,87,10,22,6,0,1,10,9,25,0,0,.253,.327,.356,.683
Yorkis Y Perez,PHI,33,2,0,0,0,0,0,0,0,2,0,0,.000,.000,.000,.000
Shane S Reynolds,HOU,33,66,4,11,2,0,1,14,2,27,0,0,.167,.188,.242,.431
Woody W Williams,SD,33,73,4,13,4,0,0,6,2,19,0,1,.178,.197,.233,.430
Scott S Aldred,PHI,32,1,0,0,0,0,0,0,0,1,0,0,.000,.000,.000,.000
Rod R Beck,BOS,32,0,0,0,0,0,0,0,0,0,0,0,.000,.000,.000,.000
Clay C Bellinger,NYY,32,45,12,9,2,0,1,2,1,10,1,0,.200,.217,.311,.528
Rigo R Beltran,COL,32,3,0,1,0,0,0,0,0,0,0,0,.333,.333,.333,.667
Brian B Boehringer,SD,32,16,0,1,0,0,0,0,2,9,0,0,.063,.167,.063,.229
Jacob J Cruz C,CLE,32,88,14,29,5,1,3,17,5,13,0,2,.330,.368,.511,.880
Charlie C Greene,MIL,32,42,4,8,1,0,0,1,5,11,0,0,.190,.271,.214,.485
Greg G Hansell,PIT,32,2,0,0,0,0,0,0,0,2,0,0,.000,.000,.000,.000
Pete P Harnisch,CIN,32,66,6,10,4,0,1,5,1,20,0,0,.152,.164,.258,.422
Dustin D Hermanson,MON,32,64,1,3,0,0,0,2,3,39,0,0,.047,.090,.047,.136
Sterling S Hitchcock,SD,32,61,4,5,0,0,0,0,3,34,0,0,.082,.125,.082,.207
Ryan R Jackson,SEA,32,68,4,16,3,0,0,10,6,19,3,3,.235,.299,.279,.578
Ruben R Mateo C,TEX,32,122,16,29,9,1,5,18,4,28,3,0,.238,.268,.451,.718
David D Newhan,SD,32,43,7,6,1,0,2,6,1,11,2,1,.140,.159,.302,.461
Chan Ho C Park,LA,32,59,4,9,2,0,0,6,2,26,0,0,.153,.175,.186,.361
Jose J Silva,PIT,32,20,0,2,0,0,0,3,0,10,0,0,.100,.100,.100,.200
Steve S Trachsel,CHC,32,63,4,7,1,0,0,0,1,25,1,0,.111,.125,.127,.252
Brian B Anderson,ARI,31,38,4,5,0,1,1,2,2,10,1,0,.132,.171,.263,.434
Andy A Benes,ARI,31,58,6,9,0,0,1,5,4,17,0,0,.155,.222,.207,.429
Rocky R Coppinger,MIL,31,3,0,1,0,0,0,0,0,2,0,0,.333,.333,.333,.667
Mike M Hampton,HOU,31,74,10,23,3,3,0,10,7,18,0,0,.311,.373,.432,.806
Orel O Hershiser,NYM,31,62,3,9,1,0,0,3,1,18,1,0,.145,.154,.161,.315
Greg G Maddux,ATL,31,64,7,11,1,1,2,7,1,18,0,0,.172,.197,.313,.510
Kevin K Millwood,ATL,31,78,4,12,2,0,1,6,2,29,0,0,.154,.175,.218,.393
Bengie B Molina,ANA,31,101,8,26,5,0,1,10,6,6,0,1,.257,.312,.337,.649
Russ R Ortiz,SF,31,71,7,14,2,0,1,8,3,17,0,0,.197,.230,.268,.497
Roberto R Ramirez,COL,31,7,1,1,0,0,0,0,0,0,0,0,.143,.250,.143,.393
Kirk K Rueter,SF,31,58,6,9,2,0,0,5,3,6,0,0,.155,.194,.190,.383
Jason J Schmidt,PIT,31,60,2,5,0,0,0,1,5,33,0,0,.083,.154,.083,.237
Kris K Benson,PIT,30,65,7,10,3,0,0,7,3,24,0,0,.154,.191,.200,.391
Kent K Bottenfield,STL,30,61,4,9,3,0,0,5,1,26,0,0,.148,.161,.197,.358
Paul P Byrd,PHI,30,55,6,7,0,0,0,4,5,11,0,0,.127,.200,.127,.327
Jolbert J Cabrera C,CLE,30,37,6,7,1,0,0,0,1,8,3,0,.189,.231,.216,.447
Bobby B Chouinard,ARI,30,3,0,0,0,0,0,0,0,3,0,0,.000,.000,.000,.000
Matt M Clement,SD,30,52,7,4,0,0,0,1,4,28,0,0,.077,.143,.077,.220
Omar O Daal,ARI,30,69,8,16,2,0,0,4,2,10,0,0,.232,.254,.261,.514
Alex A Diaz,HOU,30,50,3,11,2,0,1,7,3,13,2,2,.220,.264,.320,.584
Wiki W Gonzalez,SD,30,83,7,21,2,1,3,12,1,8,0,0,.253,.271,.410,.680
Scott S Hatteberg,BOS,30,80,12,22,5,0,1,11,18,14,0,0,.275,.410,.375,.785
Chris C Holt,HOU,30,45,3,3,0,0,0,2,3,14,0,0,.067,.125,.067,.192
Darryl D Kile,COL,30,52,3,7,0,0,0,4,4,20,0,0,.135,.196,.135,.331
Steve S Schrenk,PHI,30,3,0,0,0,0,0,0,0,2,0,0,.000,.000,.000,.000
Brett B Tomko,CIN,30,47,3,10,2,0,0,2,3,17,0,0,.213,.260,.255,.515
Ismael I Valdez,LA,30,58,1,5,0,0,0,2,1,18,1,0,.086,.102,.086,.188
Reggie R Williams,ANA,30,63,8,14,1,2,1,6,5,21,2,1,.222,.286,.349,.635
Andy A Ashby,SD,29,62,3,8,2,0,0,2,3,25,0,0,.129,.169,.161,.330
Darren D Dreifort,LA,29,62,7,13,4,0,1,9,3,23,1,0,.210,.246,.323,.569
Jose J Jimenez,STL,29,53,5,5,0,1,0,2,0,22,0,0,.094,.094,.132,.226
Al A Leiter,NYM,29,57,1,6,2,0,0,5,2,29,0,0,.105,.136,.140,.276
Jon J Lieber,CHC,29,58,8,7,1,0,0,2,5,23,0,0,.121,.188,.138,.325
Brian B Meadows,FLA,29,50,6,7,3,0,0,1,2,21,0,0,.140,.173,.200,.373
Robert R Person,PHI,29,41,3,3,0,0,0,1,1,23,0,0,.073,.116,.073,.189
Armando A Reynoso,ARI,29,49,3,8,2,0,0,2,1,26,0,0,.163,.180,.204,.384
John J Smoltz,ATL,29,62,11,17,4,0,1,7,5,28,0,0,.274,.338,.387,.725
Steve S Woodard,MIL,29,53,5,7,1,0,0,0,6,16,0,0,.132,.220,.151,.371
Masato M Yoshii,NYM,29,55,1,9,0,0,0,2,0,16,0,1,.164,.164,.164,.327
Stan S Belinda,CIN,28,4,0,1,0,0,0,0,0,1,0,0,.250,.250,.250,.500
Mc Kay M Christensen C,CWS,28,53,10,12,1,0,1,6,4,7,2,1,.226,.271,.302,.573
Danny D Clyburn L,TB,28,81,8,16,4,0,3,5,7,21,0,0,.198,.270,.358,.628
Steve S Decker,ANA,28,63,5,15,6,0,0,5,13,9,0,0,.238,.372,.333,.705
Livan L Hernandez,SF,28,63,6,17,2,0,2,8,1,10,0,0,.270,.288,.397,.685
Bobby B Jones,COL,28,27,3,4,1,0,0,4,2,7,0,0,.148,.200,.185,.385
Gene G Kingsale C,BAL,28,85,9,21,2,0,0,7,5,13,1,3,.247,.301,.271,.572
Mike M Kinkade L,NYM,28,46,3,9,2,1,2,6,3,9,1,0,.196,.275,.413,.688
Pete P Schourek,PIT,28,25,1,0,0,0,0,1,3,13,0,0,.000,.107,.000,.107
J. D. J Smart,MON,28,3,0,0,0,0,0,0,0,0,0,0,.000,.000,.000,.000
Carlos C Almanzar,SD,27,1,0,0,0,0,0,0,0,1,0,0,.000,.000,.000,.000
Kyle K Farnsworth,CHC,27,35,3,3,0,0,0,2,2,10,0,0,.086,.158,.086,.244
John J Frascatore,TOR,27,0,0,0,0,0,0,0,0,0,0,0,.000,.000,.000,.000
Mark M Gardner,SF,27,39,2,4,0,0,1,3,3,15,0,0,.103,.167,.179,.346
Dave D Hollins,TOR,27,99,12,22,5,0,2,6,5,22,0,0,.222,.260,.333,.593
Hideo H Nomo,MIL,27,56,3,12,2,1,0,5,1,22,0,0,.214,.228,.286,.514
Charlie C O' Brien,ANA,27,62,3,6,0,0,1,4,1,12,0,0,.097,.136,.145,.282
Todd T Ritchie,PIT,27,53,3,8,1,0,0,1,1,16,0,0,.151,.167,.170,.336
Tim T Unroe R,ANA,27,54,5,13,2,0,1,6,4,16,0,0,.241,.305,.333,.638
Ron R Villone,CIN,27,43,0,3,0,0,0,0,1,10,0,0,.070,.091,.070,.161
Jason J Wood,DET,27,44,5,7,1,0,1,8,2,13,0,0,.159,.196,.250,.446
Mike M Grace,PHI,26,7,1,0,0,0,0,0,1,4,0,0,.000,.125,.000,.125
Derrick D May,BAL,26,49,5,13,0,0,4,12,4,6,0,0,.265,.315,.510,.825
Mike M Thurman,MON,26,40,1,1,0,0,0,0,1,31,0,0,.025,.071,.025,.096
Ozzie O Timmons L,SEA,26,44,4,5,2,0,1,3,4,12,0,1,.114,.188,.227,.415
Billy B Brewer,PHI,25,0,0,0,0,0,0,0,0,0,0,0,.000,.000,.000,.000
Francisco F Cordova,PIT,25,49,2,8,0,0,0,2,2,15,0,0,.163,.196,.163,.359
Mike M Darr R,SD,25,48,6,13,1,0,2,3,5,18,2,1,.271,.340,.417,.756
Ryan R Dempster,FLA,25,49,5,5,1,0,0,2,1,22,0,0,.102,.120,.122,.242
Kent K Mercker,STL,25,28,5,5,1,0,0,2,2,10,0,0,.179,.233,.214,.448
J. R. J Phillips,COL,25,39,5,9,4,0,2,4,0,13,0,0,.231,.250,.487,.737
Rick R Reed,NYM,25,45,2,11,2,0,0,5,1,14,0,0,.244,.261,.289,.550
Al A Reyes,MIL,25,2,0,0,0,0,0,0,0,0,0,0,.000,.000,.000,.000
Javier J Vazquez,MON,25,42,4,12,2,0,0,5,3,8,0,0,.286,.333,.333,.667
Sean S Bergman,ATL,24,28,4,3,0,0,2,2,0,12,0,0,.107,.107,.321,.429
Jose J Cabrera,HOU,24,0,0,0,0,0,0,0,0,0,0,0,.000,.000,.000,.000
Ramon R Castro,FLA,24,67,4,12,4,0,2,4,10,14,0,0,.179,.282,.328,.610
Alex A Fernandez,FLA,24,43,3,10,1,0,3,7,0,5,0,0,.233,.233,.465,.698
Bo B Porter L,CHC,24,26,2,5,1,0,0,0,2,13,0,0,.192,.250,.231,.481
Darryl D Strawberry,NYY,24,49,10,16,5,0,3,6,17,16,2,0,.327,.500,.612,1.112
Vernon V Wells C,TOR,24,88,8,23,5,0,1,8,4,18,1,1,.261,.293,.352,.646
Cal C Eldred,MIL,23,24,3,2,1,0,0,2,2,13,0,0,.083,.154,.125,.279
Sal S Fasano,KC,23,60,11,14,2,0,5,16,7,17,0,1,.233,.373,.517,.890
Gary G Matthews R,SD,23,36,4,8,0,0,0,7,9,9,2,0,.222,.378,.222,.600
Calvin C Pickering,BAL,23,40,4,5,1,0,1,5,11,16,0,0,.125,.314,.225,.539
Curt C Schilling,PHI,23,50,5,5,1,1,0,3,7,28,0,0,.100,.211,.160,.370
Billy B Taylor,NYM,23,0,0,0,0,0,0,0,0,0,0,0,.000,.000,.000,.000
Matt M Whisenant,SD,23,0,0,0,0,0,0,0,0,0,0,0,.000,.000,.000,.000
Gabe G Alvarez D,DET,22,53,5,11,3,0,2,4,3,9,0,0,.208,.250,.377,.627
Geronimo G Berroa D,TOR,22,62,11,12,3,0,1,6,9,15,0,0,.194,.315,.290,.605
Will W Cunnane,SD,22,3,0,0,0,0,0,0,0,1,0,0,.000,.000,.000,.000
Byung- Hyun B Kim,ARI,22,1,0,0,0,0,0,0,0,0,0,0,.000,.000,.000,.000
Le Jon L Powell C,ARI,22,25,4,4,3,0,0,1,2,6,2,1,.160,.222,.280,.502
Kevin K Tapani,CHC,22,39,1,2,1,0,0,3,3,21,0,0,.051,.119,.077,.196
Lenny L Webster,BOS,22,50,1,6,1,0,0,4,10,7,0,0,.120,.290,.140,.430
Jeff J King,KC,21,72,14,17,2,0,3,11,15,10,2,0,.236,.385,.389,.774
Pat P Meares S,PIT,21,91,15,28,4,0,0,7,9,20,0,0,.308,.382,.352,.734
Steve S Parris,CIN,21,38,1,6,0,0,0,4,0,11,0,0,.158,.158,.158,.316
Eduardo E Perez,STL,21,32,6,11,2,0,1,9,7,6,0,0,.344,.462,.500,.962
Randy R Wolf,PHI,21,30,2,7,1,0,0,0,2,8,0,0,.233,.281,.267,.548
Rafael R Medina,FLA,20,0,0,0,0,0,0,0,0,0,0,0,.000,.000,.000,.000
Heath H Murray,SD,20,13,1,2,0,0,0,0,1,9,0,0,.154,.214,.154,.368
Denny D Neagle,CIN,20,37,1,6,1,0,0,2,1,9,0,0,.162,.184,.189,.373
Chris C Pritchett,ANA,20,45,3,7,1,0,1,2,2,9,1,1,.156,.188,.244,.432
Rob R Ryan,ARI,20,29,4,7,1,0,2,5,1,8,0,0,.241,.267,.483,.749
Mike M Blowers,SEA,19,46,2,11,1,0,2,7,4,12,0,0,.239,.300,.391,.691
Chad C Hermansen,PIT,19,60,5,14,3,0,1,1,7,19,2,2,.233,.324,.333,.657
Carlton C Loewer,PHI,19,22,0,5,0,0,0,1,1,9,0,0,.227,.261,.227,.488
Joe J Nathan,SF,19,28,1,5,1,0,0,1,2,6,0,0,.179,.233,.214,.448
Carl C Pavano,MON,19,33,1,2,0,0,0,2,1,14,0,0,.061,.088,.061,.149
Chris C Peters,PIT,19,22,5,6,0,0,0,1,2,10,1,0,.273,.333,.273,.606
Ben B Petrick,COL,19,62,13,20,3,0,4,12,10,13,1,0,.323,.417,.565,.981
Dan D Smith,MON,19,24,3,2,0,0,0,1,3,15,0,0,.083,.185,.083,.268
Ed E Vosberg,ARI,19,0,0,0,0,0,0,0,0,0,0,0,.000,.000,.000,.000
David D Wainhouse,COL,19,1,0,0,0,0,0,0,0,1,0,0,.000,.000,.000,.000
Jim J Abbott,MIL,18,21,0,2,0,0,0,3,0,10,0,0,.095,.095,.095,.190
Chris C Brock,SF,18,35,4,7,0,0,0,4,3,8,0,0,.200,.263,.200,.463
Octavio O Dotel,NYM,18,24,2,3,0,0,0,1,4,17,0,0,.125,.276,.125,.401
Scarborough S Green,TEX,18,13,4,4,0,0,0,0,1,2,0,1,.308,.357,.308,.665
Creighton C Gubanich,BOS,18,47,4,13,2,1,1,11,3,13,0,0,.277,.346,.426,.772
Matt M Luke,ANA,18,30,4,9,0,0,3,6,2,10,0,0,.300,.344,.600,.944
Jeff J Manto,NYY,18,33,5,6,0,0,1,2,13,15,0,0,.182,.413,.273,.686
John J Mc Donald,CLE,18,21,2,7,0,0,0,0,0,3,0,1,.333,.333,.333,.667
Greg G Mc Michael,NYM,18,0,0,0,0,0,0,0,0,0,0,0,.000,.000,.000,.000
Bill B Pulsipher,MIL,18,21,1,3,0,0,0,0,0,14,0,0,.143,.143,.143,.286
Aramis A Ramirez,PIT,18,56,2,10,2,1,0,7,6,9,0,0,.179,.254,.250,.504
Justin J Speier,ATL,18,3,0,1,0,0,0,0,0,2,0,0,.333,.333,.333,.667
Garrett G Stephenson,STL,18,27,1,2,1,0,0,0,0,5,0,0,.074,.074,.111,.185
Jeff J Abbott L,CWS,17,57,5,9,0,0,2,6,5,12,1,1,.158,.222,.263,.485
Steve S Avery,CIN,17,26,1,2,0,0,0,1,0,11,0,0,.077,.077,.077,.154
Trace T Coquillette,MON,17,49,2,13,3,0,0,4,4,7,1,0,.265,.333,.327,.660
Jesse J Garcia S,BAL,17,29,6,6,0,0,2,2,2,3,0,0,.207,.258,.414,.672
Matt M Herges,LA,17,1,0,0,0,0,0,0,0,1,0,0,.000,.000,.000,.000
Terry T Jones C,MON,17,63,4,17,1,1,0,3,3,14,1,2,.270,.303,.317,.620
Torey T Lovullo,PHI,17,38,3,8,0,0,2,5,3,11,0,0,.211,.268,.368,.637
Robert R Machado,MON,17,22,3,4,1,0,0,0,2,6,0,0,.182,.250,.227,.477
Sandy S Martinez,CHC,17,30,1,5,0,0,1,1,0,11,0,0,.167,.167,.267,.433
Odalis O Perez,ATL,17,30,1,4,0,0,0,3,0,10,0,0,.133,.133,.133,.267
Kyle K Peterson,MIL,17,22,2,3,0,0,0,1,1,9,0,0,.136,.174,.136,.310
Mark M Quinn L,KC,17,60,11,20,4,1,6,18,4,11,1,0,.333,.385,.733,1.118
Todd T Stottlemyre,ARI,17,32,0,4,1,0,0,0,5,12,0,0,.125,.243,.156,.400
Scott S Strickland,MON,17,0,0,0,0,0,0,0,0,0,0,0,.000,.000,.000,.000
Peter P Bergeron L,MON,16,45,12,11,2,0,0,1,9,5,0,0,.244,.370,.289,.659
Archie A Corbin,FLA,16,1,0,0,0,0,0,0,0,1,0,0,.000,.000,.000,.000
Midre M Cummings,MIN,16,38,1,10,0,0,1,9,3,7,2,0,.263,.310,.342,.652
Mark M Dalesandro,TOR,16,27,3,5,0,0,0,1,0,2,1,0,.185,.207,.185,.392
Kelly K Dransfeldt S,TEX,16,53,3,10,1,0,1,5,3,12,0,0,.189,.232,.264,.496
Carlos C Hernandez,HOU,16,14,4,2,0,0,0,1,0,0,3,1,.143,.143,.143,.286
Marcus M Jensen,STL,16,34,5,8,5,0,1,1,6,12,0,0,.235,.350,.471,.821
Shane S Monahan L,SEA,16,15,3,2,0,0,0,0,0,6,0,0,.133,.133,.133,.267
Carlos C Perez,LA,16,27,2,8,2,0,1,2,2,8,0,0,.296,.345,.481,.826
Jeremy J Powell,MON,16,30,2,4,1,0,0,0,3,8,0,0,.133,.212,.167,.379
Steve S Rain,CHC,16,0,0,0,0,0,0,0,0,0,0,0,.000,.000,.000,.000
Pat P Watkins,COL,16,19,2,1,0,0,0,0,2,5,0,0,.053,.143,.053,.196
Jamey J Wright,COL,16,32,0,4,1,0,0,2,0,13,0,0,.125,.125,.156,.281
Hector H Almonte,FLA,15,0,0,0,0,0,0,0,0,0,0,0,.000,.000,.000,.000
Howard H Battle,ATL,15,17,2,6,0,0,1,5,2,3,0,0,.353,.421,.529,.950
Jason J Bere,MIL,15,22,3,7,0,0,0,1,2,9,0,0,.318,.400,.318,.718
Mike M Busby,STL,15,0,0,0,0,0,0,0,0,0,0,0,.000,.000,.000,.000
Robinson R Cancel,MIL,15,44,5,8,2,0,0,5,2,12,0,0,.182,.234,.227,.461
Bruce B Chen,ATL,15,11,0,0,0,0,0,0,0,6,0,0,.000,.000,.000,.000
Darron D Cox,MON,15,25,2,6,1,0,1,2,0,5,0,0,.240,.296,.400,.696
Robert R Fick D,DET,15,41,6,9,0,0,3,10,7,6,1,0,.220,.327,.439,.766
Matt M Karchner,CHC,15,0,0,0,0,0,0,0,0,0,0,0,.000,.000,.000,.000
Calvin C Murray,SF,15,19,1,5,2,0,0,5,2,4,1,0,.263,.333,.368,.702
Mike M Porzio,COL,15,0,0,0,0,0,0,0,0,0,0,0,.000,.000,.000,.000
Hector H Ramirez,MIL,15,3,0,0,0,0,0,0,0,2,0,0,.000,.000,.000,.000
Julio J Ramirez C,FLA,15,21,3,3,1,0,0,2,1,6,0,1,.143,.182,.190,.372
Ken K Ryan,PHI,15,0,0,0,0,0,0,0,0,0,0,0,.000,.000,.000,.000
Kevin K Witt,TOR,15,34,3,7,1,0,1,5,2,9,0,0,.206,.250,.324,.574
Armando A Almanza,FLA,14,3,0,0,0,0,0,0,0,2,0,0,.000,.000,.000,.000
Casey C Blake,TOR,14,39,6,10,2,0,1,1,2,7,0,0,.256,.293,.385,.677
Micah M Bowie,CHC,14,14,0,3,0,0,0,3,1,3,0,0,.214,.267,.214,.481
Miguel M Del Toro,SF,14,4,0,0,0,0,0,0,0,3,0,0,.000,.000,.000,.000
Mark M Guthrie,CHC,14,0,0,0,0,0,0,0,0,0,0,0,.000,.000,.000,.000
Edwards E Guzman,SF,14,15,0,0,0,0,0,0,0,4,0,0,.000,.000,.000,.000
Juan J Guzman,CIN,14,32,1,4,0,0,0,3,1,14,0,0,.125,.152,.125,.276
John J Hudek,ATL,14,1,0,0,0,0,0,0,0,1,0,0,.000,.000,.000,.000
Chris C Latham L,MIN,14,22,1,2,0,0,0,3,0,13,0,0,.091,.083,.091,.174
Lyle L Mouton,MIL,14,17,2,3,1,0,1,3,2,3,0,0,.176,.263,.412,.675
Jim J Pittsley,MIL,14,1,0,0,0,0,0,0,1,1,0,0,.000,.500,.000,.500
Tony T Tarasco L,NYY,14,31,5,5,2,0,0,3,3,5,1,0,.161,.229,.226,.454
John J Thomson,COL,14,18,1,3,1,0,0,1,2,7,0,0,.167,.250,.222,.472
Chris C Woodward S,TOR,14,26,1,6,1,0,0,2,2,6,0,0,.231,.276,.269,.545
Jimmy J Anderson,PIT,13,9,2,3,1,0,0,1,0,2,0,0,.333,.333,.444,.778
Randy R Knorr,HOU,13,30,2,5,1,0,0,0,1,8,0,0,.167,.194,.200,.394
Rich R Loiselle,PIT,13,0,0,0,0,0,0,0,0,0,0,0,.000,.000,.000,.000
Josias J Manzanillo,NYM,13,1,0,1,0,0,0,0,0,0,0,0,1.000,1.000,1.000,2.000
Jay J Payton,NYM,13,8,1,2,1,0,0,1,0,2,1,2,.250,.333,.375,.708
Cliff C Politte,PHI,13,0,0,0,0,0,0,0,0,0,0,0,.000,.000,.000,.000
Kenny K Rogers,NYM,13,28,2,3,0,0,0,2,2,11,0,0,.107,.167,.107,.274
John J Roskos,FLA,13,12,0,2,2,0,0,1,1,7,0,0,.167,.231,.333,.564
Joe J Vitiello,KC,13,41,4,6,1,0,1,4,2,9,0,0,.146,.222,.244,.466
Allen A Watson,NYM,13,10,0,3,1,0,0,0,0,1,0,0,.300,.300,.400,.700
Pat P Borders,TOR,12,34,3,9,0,1,1,6,1,5,0,1,.265,.286,.412,.698
Dee D Brown,KC,12,25,1,2,0,0,0,0,2,7,0,0,.080,.148,.080,.228
Jay J Canizaro,SF,12,18,5,8,2,0,1,9,1,2,1,0,.444,.474,.722,1.196
Cleatus C Davidson,MIN,12,22,3,3,0,0,0,3,0,4,2,0,.136,.136,.136,.273
Bret B Hemphill,ANA,12,21,3,3,0,0,0,2,4,4,0,0,.143,.269,.143,.412
Bobby B Jones,NYM,12,16,1,5,0,0,1,1,0,4,0,0,.313,.313,.500,.812
Cole C Liniak,CHC,12,29,3,7,2,0,0,2,1,4,0,1,.241,.267,.310,.577
Andrew A Lorraine,CHC,12,15,1,2,1,0,0,0,1,9,0,0,.133,.188,.200,.388
Wendell W Magee,PHI,12,14,4,5,1,0,2,5,1,4,0,0,.357,.400,.857,1.257
Roberto R Rivera,SD,12,0,0,0,0,0,0,0,0,0,0,0,.000,.000,.000,.000
Ryan R Thompson,HOU,12,20,2,4,1,0,1,5,2,7,0,0,.200,.273,.400,.673
Chris C Turner,CLE,12,21,3,4,0,0,0,0,1,8,1,0,.190,.227,.190,.418
Doug D Bochtler,LA,11,0,0,0,0,0,0,0,0,0,0,0,.000,.000,.000,.000
Russell R Branyan,CLE,11,38,4,8,2,0,1,6,3,19,0,0,.211,.286,.342,.628
Alex A Cora S,LA,11,30,2,5,1,0,0,3,0,4,0,0,.167,.194,.200,.394
Jason J Dellaero S,CWS,11,33,1,3,0,0,0,2,1,13,0,0,.091,.114,.091,.205
Steve S Falteisek,MIL,11,1,1,0,0,0,0,0,0,1,0,0,.000,.000,.000,.000
Joe J Grahe,PHI,11,7,1,1,0,0,0,0,1,3,0,0,.143,.250,.143,.393
Jason J Isringhausen,NYM,11,12,2,1,1,0,0,1,0,4,0,0,.083,.083,.167,.250
Juan J Sosa C,COL,11,9,3,2,0,0,0,0,2,2,0,0,.222,.364,.222,.586
Jeff J Brantley,PHI,10,0,0,0,0,0,0,0,0,0,0,0,.000,.000,.000,.000
Amaury A Garcia,FLA,10,24,6,6,0,1,2,2,3,11,0,0,.250,.333,.583,.917
Derrick D Gibson R,COL,10,28,2,5,1,0,2,6,0,7,0,0,.179,.207,.429,.636
Giomar G Guevara S,SEA,10,12,2,3,2,0,0,2,0,2,0,0,.250,.250,.417,.667
Jesse J Levis,CLE,10,26,0,4,0,0,0,3,1,6,0,0,.154,.214,.154,.368
Mitch M Meluskey,HOU,10,33,4,7,1,0,1,3,5,6,1,0,.212,.316,.333,.649
Jose J Molina,CHC,10,19,3,5,1,0,0,1,2,4,0,0,.263,.333,.316,.649
Jon J Nunnally,BOS,10,14,4,4,1,0,0,1,0,6,0,0,.286,.286,.357,.643
Luis L Ordaz S,STL,10,9,3,1,0,0,0,2,1,2,1,0,.111,.200,.111,.311
David D Ortiz,MIN,10,20,1,0,0,0,0,0,5,12,0,0,.000,.200,.000,.200
Matt M Whiteside,SD,10,0,0,0,0,0,0,0,0,0,0,0,.000,.000,.000,.000
Rick R Ankiel,STL,9,10,0,1,0,0,0,0,0,3,0,0,.100,.100,.100,.200
Robinson R Checo,LA,9,3,0,1,0,0,0,2,0,2,0,0,.333,.333,.333,.667
Bobby B Estalella,PHI,9,18,2,3,0,0,0,1,4,7,0,1,.167,.318,.167,.485
Ray R King,CHC,9,1,0,0,0,0,0,0,0,1,0,0,.000,.000,.000,.000
Pat P Lennon L,TOR,9,29,3,6,2,0,1,6,2,12,0,0,.207,.281,.379,.661
Ted T Lilly,MON,9,5,0,1,0,0,0,0,0,1,0,0,.200,.200,.200,.400
Norberto N Martin,TOR,9,27,3,6,2,0,0,0,4,4,0,0,.222,.364,.296,.660
Frank F Menechino S,OAK,9,9,0,2,0,0,0,0,0,4,0,0,.222,.222,.222,.444
A. J. A Pierzynski,MIN,9,22,3,6,2,0,0,3,1,4,0,0,.273,.333,.364,.697
Kerry K Robinson,CIN,9,1,4,0,0,0,0,0,0,1,0,1,.000,.000,.000,.000
Alfonso A Soriano,NYY,9,8,2,1,0,0,1,1,0,3,0,1,.125,.125,.500,.625
Stan S Spencer,SD,9,10,0,0,0,0,0,0,0,3,0,0,.000,.091,.000,.091
Jeff J Tam,NYM,9,0,0,0,0,0,0,0,0,0,0,0,.000,.000,.000,.000
Chris C Tremie,PIT,9,14,1,1,0,0,0,1,2,4,0,0,.071,.188,.071,.259
Brent B Billingsley,FLA,8,0,0,0,0,0,0,0,0,0,0,0,.000,.000,.000,.000
Rob R Butler,TOR,8,7,1,1,0,0,0,1,0,0,0,0,.143,.250,.143,.393
Jose J Fernandez,MON,8,24,0,5,2,0,0,1,1,7,0,0,.208,.240,.292,.532
Luis L Garcia S,DET,8,9,0,1,1,0,0,0,0,2,0,0,.111,.111,.222,.333
Reggie R Harris,MIL,8,1,0,0,0,0,0,0,0,1,0,0,.000,.000,.000,.000
Larry L Luebbers,STL,8,16,1,2,0,0,0,0,1,2,0,0,.125,.176,.125,.302
Kirt K Ojala,FLA,8,0,0,0,0,0,0,0,0,0,0,0,.000,.000,.000,.000
Mel M Rojas,MON,8,0,0,0,0,0,0,0,0,0,0,0,.000,.000,.000,.000
Anthony A Shumaker,PHI,8,5,0,1,0,0,0,0,1,3,0,0,.200,.333,.200,.533
Mark M Whiten L,CLE,8,25,2,4,1,0,1,4,3,4,0,0,.160,.250,.320,.570
Eddie E Zosky,MIL,8,7,1,1,0,0,0,0,1,2,0,0,.143,.250,.143,.393
Doug D Brocail,DET,7,0,0,0,0,0,0,0,0,0,0,0,.000,.000,.000,.000
Mark M Brownson,COL,7,9,1,1,0,0,0,0,0,2,0,0,.111,.111,.111,.222
A. J. A Burnett,FLA,7,17,1,2,0,0,0,0,0,10,0,0,.118,.118,.118,.235
Rich R Butler,TB,7,20,2,3,1,0,0,0,2,4,0,0,.150,.227,.200,.427
John J Cangelosi,COL,7,6,0,1,1,0,0,0,0,4,0,0,.167,.167,.333,.500
Buddy B Carlyle,SD,7,9,1,2,0,0,0,1,2,3,0,0,.222,.364,.222,.586
Jeff J Da Vanon L,ANA,7,20,4,4,0,1,1,4,2,7,0,1,.200,.273,.450,.723
Gookie G Dawkins S,CIN,7,7,1,1,0,0,0,0,0,4,0,0,.143,.250,.143,.393
Valerio V De Los Santos,MIL,7,0,0,0,0,0,0,0,0,0,0,0,.000,.000,.000,.000
Mark M De Rosa,ATL,7,8,0,0,0,0,0,0,0,2,0,0,.000,.000,.000,.000
Keith K Foulke,CWS,7,2,0,0,0,0,0,0,0,1,0,0,.000,.000,.000,.000
Mike M Garcia,PIT,7,0,0,0,0,0,0,0,0,0,0,0,.000,.000,.000,.000
Domingo D Guzman,SD,7,0,0,0,0,0,0,0,0,0,0,0,.000,.000,.000,.000
Shane S Halter,NYM,7,0,0,0,0,0,0,0,0,0,0,0,.000,.000,.000,.000
D' Angelo D Jimenez,NYY,7,20,3,8,2,0,0,4,3,4,0,0,.400,.478,.500,.978
Todd T Jones,DET,7,0,0,0,0,0,0,0,0,0,0,0,.000,.000,.000,.000
Mike M Judd,LA,7,5,0,0,0,0,0,0,1,1,0,0,.000,.167,.000,.167
Mendy M Lopez,KC,7,20,2,8,0,1,0,3,0,5,0,0,.400,.429,.500,.929
Jose J Mesa,SEA,7,0,0,0,0,0,0,0,0,0,0,0,.000,.000,.000,.000
Chris C Petersen,COL,7,13,1,2,0,0,0,2,2,3,0,0,.154,.267,.154,.420
Erik E Sabel,ARI,7,2,0,0,0,0,0,0,0,2,0,0,.000,.000,.000,.000
Paul P Shuey,CLE,7,0,0,0,0,0,0,0,0,0,0,0,.000,.000,.000,.000
Paul P Spoljaric,TOR,7,2,0,0,0,0,0,0,0,0,0,0,.000,.000,.000,.000
John J Wasdin,BOS,7,0,0,0,0,0,0,0,0,0,0,0,.000,.000,.000,.000
Emil E Brown L,PIT,6,14,0,2,1,0,0,0,0,3,0,0,.143,.143,.214,.357
Rheal R Cormier,BOS,6,0,0,0,0,0,0,0,0,0,0,0,.000,.000,.000,.000
Steve S Cox,TB,6,19,0,4,1,0,0,0,0,2,0,0,.211,.211,.263,.474
Chad C Fox,MIL,6,1,0,0,0,0,0,0,0,0,0,0,.000,.000,.000,.000
Carlos C Garcia,SD,6,11,1,2,0,0,0,0,1,3,0,0,.182,.250,.182,.432
Buddy B Groom,OAK,6,0,0,0,0,0,0,0,0,0,0,0,.000,.000,.000,.000
Doug D Jones,OAK,6,0,0,0,0,0,0,0,0,0,0,0,.000,.000,.000,.000
Jeff J Kubenka,LA,6,1,1,1,0,0,0,0,0,0,0,0,1.000,1.000,1.000,2.000
Tim T Laker,PIT,6,9,0,3,0,0,0,0,0,2,0,0,.333,.333,.333,.667
George G Lombard L,ATL,6,6,1,2,0,0,0,0,1,2,2,0,.333,.429,.333,.762
Felix F Martinez,KC,6,7,1,1,0,0,0,0,0,0,0,0,.143,.143,.143,.286
Pascual P Matos,ATL,6,8,0,1,0,0,0,2,0,1,0,0,.125,.125,.125,.250
Donovan D Osborne,STL,6,10,1,1,1,0,0,0,0,2,0,0,.100,.100,.200,.300
Bronswell B Patrick,SF,6,1,0,0,0,0,0,0,0,1,0,0,.000,.000,.000,.000
Josh J Paul,CWS,6,18,2,4,1,0,0,1,0,4,0,0,.222,.222,.278,.500
Jason J Phillips,PIT,6,0,0,0,0,0,0,0,0,0,0,0,.000,.000,.000,.000
Bill B Simas,CWS,6,0,0,0,0,0,0,0,0,0,0,0,.000,.000,.000,.000
Mike M Trombley,MIN,6,0,0,0,0,0,0,0,0,0,0,0,.000,.000,.000,.000
Mike M Venafro,TEX,6,0,0,0,0,0,0,0,0,0,0,0,.000,.000,.000,.000
Tim T Wakefield,BOS,6,3,0,0,0,0,0,0,0,3,0,0,.000,.000,.000,.000
Brad B Woodall,CHC,6,2,0,1,0,0,0,0,2,0,0,0,.500,.750,.500,1.250
Ernie E Young R,ARI,6,11,1,2,0,0,0,0,3,2,0,0,.182,.400,.182,.582
Rod R Barajas,ARI,5,16,3,4,1,0,1,3,1,1,0,0,.250,.294,.500,.794
Richard R Barker,CHC,5,0,0,0,0,0,0,0,0,0,0,0,.000,.000,.000,.000
Shayne S Bennett,MON,5,2,0,0,0,0,0,0,0,1,0,0,.000,.000,.000,.000
Reid R Cornelius,FLA,5,5,0,1,0,0,0,0,0,2,0,0,.200,.200,.200,.400
Ivan I Cruz,PIT,5,10,3,4,0,0,1,2,0,2,0,0,.400,.400,.700,1.100
Tommy T Davis,BAL,5,6,0,1,0,0,0,0,0,2,0,0,.167,.167,.167,.333
Derrin D Ebert,ATL,5,1,0,0,0,0,0,0,0,1,0,0,.000,.000,.000,.000
Bryce B Florie,DET,5,1,0,0,0,0,0,0,0,1,0,0,.000,.000,.000,.000
Eric E Gagne,LA,5,10,1,2,0,0,0,1,0,3,0,0,.200,.200,.200,.400
Eddie E Guardado,MIN,5,0,0,0,0,0,0,0,0,0,0,0,.000,.000,.000,.000
Carlos C Guillen S,SEA,5,19,2,3,0,0,1,3,1,6,0,0,.158,.200,.316,.516
Luther L Hackman,COL,5,5,1,1,0,0,0,0,0,3,0,0,.200,.200,.200,.400
Bob B Howry,CWS,5,0,0,0,0,0,0,0,0,0,0,0,.000,.000,.000,.000
Tim T Hudson,OAK,5,4,0,1,0,0,0,0,1,2,0,0,.250,.400,.250,.650
Robin R Jennings,CHC,5,5,0,1,0,0,0,0,0,2,0,0,.200,.200,.200,.400
Derek D Lowe,BOS,5,0,0,0,0,0,0,0,0,0,0,0,.000,.000,.000,.000
Sean S Lowe,CWS,5,0,0,0,0,0,0,0,0,0,0,0,.000,.000,.000,.000
Jose J Macias,DET,5,4,2,1,0,0,1,2,0,1,0,0,.250,.250,1.000,1.250
Wade W Miller,HOU,5,1,0,0,0,0,0,0,0,1,0,0,.000,.000,.000,.000
Dave D Mlicki,DET,5,5,0,1,0,0,0,0,2,3,0,0,.200,.429,.200,.629
C. J. C Nitkowski,DET,5,1,0,0,0,0,0,0,0,1,0,0,.000,.000,.000,.000
Antonio A Osuna,LA,5,0,0,0,0,0,0,0,0,0,0,0,.000,.000,.000,.000
Danny D Patterson,TEX,5,1,0,0,0,0,0,0,0,0,0,0,.000,.000,.000,.000
Mark M Petkovsek,ANA,5,0,0,0,0,0,0,0,0,0,0,0,.000,.000,.000,.000
Steve S Reed,CLE,5,0,0,0,0,0,0,0,0,0,0,0,.000,.000,.000,.000
Mariano M Rivera,NYY,5,0,0,0,0,0,0,0,0,0,0,0,.000,.000,.000,.000
Chance C Sanford,LA,5,8,1,2,0,0,0,2,0,1,0,0,.250,.250,.250,.500
Scott S Service,KC,5,0,0,0,0,0,0,0,0,0,0,0,.000,.000,.000,.000
Mike M Stanton,NYY,5,1,0,0,0,0,0,0,0,1,0,0,.000,.000,.000,.000
Mac M Suzuki,KC,5,0,0,0,0,0,0,0,0,0,0,0,.000,.000,.000,.000
Mark M Thompson,STL,5,8,0,0,0,0,0,0,0,6,0,0,.000,.000,.000,.000
Bryan B Ward,CWS,5,0,0,0,0,0,0,0,1,0,0,0,.000,1.000,.000,1.000
John J Wetteland,TEX,5,0,0,0,0,0,0,0,0,0,0,0,.000,.000,.000,.000
Jeff J Williams,LA,5,5,2,1,0,0,0,0,1,4,0,0,.200,.333,.200,.533
Jeff J Zimmerman,TEX,5,0,0,0,0,0,0,0,0,0,0,0,.000,.000,.000,.000
Joel J Bennett,PHI,4,4,1,0,0,0,0,0,1,1,0,0,.000,.200,.000,.200
Willie W Blair,DET,4,1,0,0,0,0,0,0,0,0,0,0,.000,.000,.000,.000
Jason J Boyd,PIT,4,1,0,0,0,0,0,0,0,1,0,0,.000,.000,.000,.000
Mike M Cather,ATL,4,0,0,0,0,0,0,0,0,0,0,0,.000,.000,.000,.000
David D Cortes,ATL,4,0,0,0,0,0,0,0,0,0,0,0,.000,.000,.000,.000
Carl C Dale,MIL,4,0,0,0,0,0,0,0,0,0,0,0,.000,.000,.000,.000
Tom T Davey,TOR,4,0,0,0,0,0,0,0,0,0,0,0,.000,.000,.000,.000
Edwin E Diaz,ARI,4,5,2,2,2,0,0,1,3,1,0,0,.400,.625,.800,1.425
Horacio H Estrada,MIL,4,2,0,0,0,0,0,0,0,0,0,0,.000,.000,.000,.000
Guillermo G Garcia,FLA,4,4,0,1,0,0,0,0,0,2,0,0,.250,.250,.250,.500
Jason J Grimsley,NYY,4,0,0,0,0,0,0,0,0,0,0,0,.000,.000,.000,.000
Shigetoshi S Hasegawa,ANA,4,0,0,0,0,0,0,0,0,0,0,0,.000,.000,.000,.000
Roberto R Hernandez,TB,4,0,0,0,0,0,0,0,0,0,0,0,.000,.000,.000,.000
Michael M Jackson,CLE,4,0,0,0,0,0,0,0,0,0,0,0,.000,.000,.000,.000
Graeme G Lloyd,TOR,4,0,0,0,0,0,0,0,0,0,0,0,.000,.000,.000,.000
Jeff J Mc Curry,HOU,4,0,0,0,0,0,0,0,0,0,0,0,.000,.000,.000,.000
Brian B Mc Nichol,CHC,4,2,0,0,0,0,0,0,0,1,0,0,.000,.000,.000,.000
Ramiro R Mendoza,NYY,4,0,0,0,0,0,0,0,0,0,0,0,.000,.000,.000,.000
Kurt K Miller,CHC,4,0,0,0,0,0,0,0,0,0,0,0,.000,.000,.000,.000
Mike M Munoz,TEX,4,0,0,0,0,0,0,0,0,0,0,0,.000,.000,.000,.000
Charles C Nagy,CLE,4,6,0,0,0,0,0,0,0,5,0,0,.000,.000,.000,.000
Vicente V Padilla,ARI,4,0,0,0,0,0,0,0,0,0,0,0,.000,.000,.000,.000
Jose J Paniagua,SEA,4,0,0,0,0,0,0,0,0,0,0,0,.000,.000,.000,.000
Tom T Prince,PHI,4,6,1,1,0,0,0,0,1,1,0,0,.167,.286,.167,.452
Pat P Rapp,BOS,4,2,0,0,0,0,0,0,0,1,0,0,.000,.000,.000,.000
Ricardo R Rincon,CLE,4,0,0,0,0,0,0,0,0,0,0,0,.000,.000,.000,.000
Frankie F Rodriguez,SEA,4,3,1,1,0,0,0,1,0,0,0,0,.333,.333,.333,.667
Julio J Santana,TB,4,1,0,1,0,0,0,1,0,0,0,0,1.000,1.000,1.000,2.000
Scott S Schoeneweis,ANA,4,0,0,0,0,0,0,0,0,0,0,0,.000,.000,.000,.000
Mike M Simms,TEX,4,2,0,1,0,0,0,0,0,1,0,0,.500,.500,.500,1.000
Chris C Stowers,MON,4,2,0,0,0,0,0,0,0,0,0,0,.000,.000,.000,.000
Mike M Timlin,BAL,4,0,0,0,0,0,0,0,0,0,0,0,.000,.000,.000,.000
Jorge J Toca,NYM,4,3,0,1,0,0,0,0,0,2,0,0,.333,.333,.333,.667
Bob B Wells,MIN,4,0,0,0,0,0,0,0,0,0,0,0,.000,.000,.000,.000
Rick R White,TB,4,0,0,0,0,0,0,0,0,0,0,0,.000,.000,.000,.000
Tim T Worrell,OAK,4,0,0,0,0,0,0,0,0,0,0,0,.000,.000,.000,.000
Paul P Abbott,SEA,3,0,0,0,0,0,0,0,0,0,0,0,.000,.000,.000,.000
Paul P Assenmacher,CLE,3,0,0,0,0,0,0,0,0,0,0,0,.000,.000,.000,.000
John J Burkett,TEX,3,2,0,0,0,0,0,0,0,2,0,0,.000,.000,.000,.000
Tom T Candiotti,CLE,3,0,0,0,0,0,0,0,0,0,0,0,.000,.000,.000,.000
Norm N Charlton,TB,3,0,0,0,0,0,0,0,0,0,0,0,.000,.000,.000,.000
Ken K Cloude,SEA,3,2,0,0,0,0,0,0,0,0,0,0,.000,.000,.000,.000
Brent B Cookson L,LA,3,5,0,1,0,0,0,0,0,1,0,0,.200,.200,.200,.400
Jim J Corsi,BOS,3,0,0,0,0,0,0,0,0,0,0,0,.000,.000,.000,.000
Tim T Crabtree,TEX,3,0,0,0,0,0,0,0,0,0,0,0,.000,.000,.000,.000
Doug D Creek,CHC,3,0,0,0,0,0,0,0,0,0,0,0,.000,.000,.000,.000
Rick R De Hart,MON,3,0,0,0,0,0,0,0,0,0,0,0,.000,.000,.000,.000
Jeff J Fassero,SEA,3,7,0,0,0,0,0,0,0,5,0,0,.000,.000,.000,.000
Chad C Fonville,BOS,3,2,1,0,0,0,0,0,2,0,1,0,.000,.500,.000,.500
Freddy F Garcia,SEA,3,4,0,1,0,0,0,1,0,1,0,0,.250,.250,.250,.500
Dwight D Gooden,CLE,3,2,1,1,0,0,1,2,1,1,0,0,.500,.667,2.000,2.667
John J Halama,SEA,3,5,1,1,1,0,0,0,1,2,0,0,.200,.333,.400,.733
Roy R Halladay,TOR,3,2,0,0,0,0,0,0,0,2,0,0,.000,.000,.000,.000
Jimmy J Haynes,OAK,3,4,0,0,0,0,0,0,0,1,0,0,.000,.000,.000,.000
Rick R Heiserman,STL,3,1,0,0,0,0,0,0,0,0,0,0,.000,.000,.000,.000
Pat P Hentgen,TOR,3,6,0,1,0,0,0,0,0,4,0,0,.167,.167,.167,.333
Gil G Heredia,OAK,3,6,0,0,0,0,0,0,1,1,0,0,.000,.143,.000,.143
Mike M Johnson,MON,3,4,1,1,0,0,0,0,0,1,0,0,.250,.250,.250,.500
Scott S Kamieniecki,BAL,3,0,0,0,0,0,0,0,0,0,0,0,.000,.000,.000,.000
Steve S Karsay,CLE,3,0,0,0,0,0,0,0,0,0,0,0,.000,.000,.000,.000
Billy B Koch,TOR,3,1,0,0,0,0,0,0,0,1,0,0,.000,.000,.000,.000
Al A Levine,ANA,3,0,0,0,0,0,0,0,0,0,0,0,.000,.000,.000,.000
Terrence T Long,NYM,3,3,0,0,0,0,0,0,0,2,0,0,.000,.000,.000,.000
Mike M Magnante,ANA,3,0,0,0,0,0,0,0,0,0,0,0,.000,.000,.000,.000
T. J. T Mathews,OAK,3,0,0,0,0,0,0,0,0,0,0,0,.000,.000,.000,.000
Joe J Mays,MIN,3,3,0,0,0,0,0,0,2,1,0,0,.000,.400,.000,.400
Travis T Miller,MIN,3,0,0,0,0,0,0,0,0,0,0,0,.000,.000,.000,.000
Alvin A Morman,KC,3,0,0,0,0,0,0,0,0,0,0,0,.000,.000,.000,.000
Mike M Mussina,BAL,3,11,1,3,1,0,0,4,0,1,0,0,.273,.273,.364,.636
Dan D Naulty,NYY,3,0,0,0,0,0,0,0,0,0,0,0,.000,.000,.000,.000
Troy T Percival,ANA,3,0,0,0,0,0,0,0,0,0,0,0,.000,.000,.000,.000
Andy A Pettitte,NYY,3,5,0,1,0,0,0,0,1,2,0,0,.200,.333,.200,.533
Mark M Portugal,BOS,3,3,0,0,0,0,0,0,0,0,0,0,.000,.000,.000,.000
Ken K Ray,KC,3,0,0,0,0,0,0,0,0,0,0,0,.000,.000,.000,.000
Bryan B Rekar,TB,3,5,0,1,0,0,0,0,0,2,0,0,.200,.200,.200,.400
Arthur A Rhodes,BAL,3,0,0,0,0,0,0,0,0,0,0,0,.000,.000,.000,.000
Anthony A Sanders L,TOR,3,7,1,2,1,0,0,2,0,2,0,0,.286,.286,.429,.714
Dave D Silvestri,ANA,3,11,0,1,1,0,0,1,0,1,0,0,.091,.091,.182,.273
Mike M Sirotka,CWS,3,8,1,2,0,0,0,0,0,3,0,0,.250,.250,.250,.500
Joe J Slusarski,HOU,3,0,0,0,0,0,0,0,0,0,0,0,.000,.000,.000,.000
Clint C Sodowsky,STL,3,1,0,0,0,0,0,0,0,1,0,0,.000,.000,.000,.000
Steve S Sparks,ANA,3,3,0,1,1,0,0,2,0,1,0,0,.333,.333,.667,1.000
Michael M Tejera,FLA,3,0,0,0,0,0,0,0,0,0,0,0,.000,.000,.000,.000
Jeff J Weaver,DET,3,4,2,2,1,0,0,0,0,1,0,0,.500,.500,.750,1.250
Rick R Wilkins,LA,3,4,0,0,0,0,0,0,0,2,0,0,.000,.000,.000,.000
Wilson W Alvarez,TB,2,3,0,0,0,0,0,0,0,1,0,0,.000,.000,.000,.000
Brian B Barber,KC,2,0,0,0,0,0,0,0,0,0,0,0,.000,.000,.000,.000
Tim T Belcher,ANA,2,5,0,1,1,0,0,0,0,2,0,0,.200,.200,.400,.600
Alan A Benes,STL,2,0,0,0,0,0,0,0,0,0,0,0,.000,.000,.000,.000
Ricky R Bones,BAL,2,0,1,0,0,0,0,0,0,0,0,0,.000,.000,.000,.000
Kevin K Brown,TOR,2,9,1,4,2,0,0,1,0,3,0,0,.444,.444,.667,1.111
Dave D Burba,CLE,2,3,0,1,0,0,0,0,1,0,0,0,.333,.500,.333,.833
Tim T Byrdak,KC,2,2,1,1,1,0,0,0,0,0,0,0,.500,.500,1.000,1.500
Mickey M Callaway,TB,2,3,0,2,0,0,0,1,0,0,0,0,.667,.667,.667,1.333
Dan D Carlson,ARI,2,0,0,0,0,0,0,0,0,0,0,0,.000,.000,.000,.000
Rafael R Carmona,SEA,2,0,0,0,0,0,0,0,0,0,0,0,.000,.000,.000,.000
Hector H Carrasco,MIN,2,0,0,0,0,0,0,0,0,0,0,0,.000,.000,.000,.000
Juan J Castro,LA,2,1,0,0,0,0,0,0,0,1,0,0,.000,.000,.000,.000
Mark M Clark,TEX,2,2,0,0,0,0,0,0,0,2,0,0,.000,.000,.000,.000
Roger R Clemens,NYY,2,4,0,0,0,0,0,0,0,3,0,0,.000,.000,.000,.000
Michael M Coleman L,BOS,2,5,1,1,0,0,0,0,1,0,0,0,.200,.333,.200,.533
Bartolo B Colon,CLE,2,7,0,1,0,0,0,0,0,5,0,0,.143,.143,.143,.286
Nelson N Cruz,DET,2,0,0,0,0,0,0,0,0,0,0,0,.000,.000,.000,.000
Jim J Dougherty,PIT,2,0,0,0,0,0,0,0,1,0,0,0,.000,1.000,.000,1.000
Dave D Eiland,TB,2,1,0,0,0,0,0,0,0,0,0,0,.000,.000,.000,.000
Todd T Erdos,NYY,2,0,0,0,0,0,0,0,0,0,0,0,.000,.000,.000,.000
Scott S Erickson,BAL,2,6,0,0,0,0,0,0,0,2,0,0,.000,.000,.000,.000
Chuck C Finley,ANA,2,4,0,0,0,0,0,0,0,3,0,0,.000,.000,.000,.000
Rich R Garces,BOS,2,0,0,0,0,0,0,0,0,0,0,0,.000,.000,.000,.000
Ryan R Glynn,TEX,2,1,0,0,0,0,0,0,0,0,0,0,.000,.000,.000,.000
Tom T Gordon,BOS,2,0,0,0,0,0,0,0,0,0,0,0,.000,.000,.000,.000
La Troy L Hawkins,MIN,2,2,0,0,0,0,0,0,0,1,0,0,.000,.000,.000,.000
Hideki H Irabu,NYY,2,4,0,0,0,0,0,0,1,3,0,0,.000,.200,.000,.200
Mike M Kelly R,COL,2,2,0,1,1,0,0,1,0,0,0,0,.500,.500,1.000,1.500
Curtis C King,STL,2,0,0,0,0,0,0,0,0,0,0,0,.000,.000,.000,.000
Pedro P Martinez,BOS,2,2,0,0,0,0,0,0,0,1,0,0,.000,.000,.000,.000
Jeff J Montgomery,KC,2,0,0,0,0,0,0,0,0,0,0,0,.000,.000,.000,.000
Mike M Morgan,TEX,2,4,0,1,0,0,0,0,0,2,0,0,.250,.250,.250,.500
Jaime J Navarro,CWS,2,3,0,0,0,0,0,0,0,1,0,0,.000,.000,.000,.000
Omar O Olivares,ANA,2,6,0,2,1,0,0,0,0,1,0,0,.333,.333,.500,.833
Jesse J Orosco,BAL,2,0,0,0,0,0,0,0,0,0,0,0,.000,.000,.000,.000
Jim J Parque,CWS,2,5,0,2,0,0,0,0,0,1,0,0,.400,.400,.400,.800
Brad B Radke,MIN,2,5,0,0,0,0,0,0,0,2,0,0,.000,.000,.000,.000
Dan D Reichert,KC,2,3,0,1,0,0,0,0,0,2,0,0,.333,.333,.333,.667
Todd T Rizzo,CWS,2,0,0,0,0,0,0,0,0,0,0,0,.000,.000,.000,.000
Jose J Rosado,KC,2,5,0,0,0,0,0,0,0,4,0,0,.000,.000,.000,.000
Ryan R Rupe,TB,2,4,0,0,0,0,0,0,0,1,0,0,.000,.000,.000,.000
Bret B Saberhagen,BOS,2,4,0,0,0,0,0,0,1,2,0,0,.000,.200,.000,.200
Benj B Sampson,MIN,2,3,0,0,0,0,0,0,0,2,0,0,.000,.000,.000,.000
Aaron A Sele,TEX,2,4,0,0,0,0,0,0,1,2,0,0,.000,.200,.000,.200
Scott S Sheldon,TEX,2,1,0,0,0,0,0,0,0,0,0,0,.000,.000,.000,.000
Jeff J Suppan,KC,2,5,0,1,0,0,0,1,0,0,0,0,.200,.200,.200,.400
Justin J Thompson,DET,2,5,0,0,0,0,0,0,0,2,0,0,.000,.000,.000,.000
David D Wells,TOR,2,6,0,0,0,0,0,0,0,0,0,0,.000,.000,.000,.000
Jay J Witasick,KC,2,5,0,0,0,0,0,0,0,4,0,0,.000,.000,.000,.000
Mark M Wohlers,ATL,2,0,0,0,0,0,0,0,0,0,0,0,.000,.000,.000,.000
Jordan J Zimmerman,SEA,2,0,0,0,0,0,0,0,0,0,0,0,.000,.000,.000,.000
Kevin K Appier,KC,1,2,0,0,0,0,0,0,0,1,0,0,.000,.000,.000,.000
Tony T Armas,MON,1,2,0,0,0,0,0,0,0,1,0,0,.000,.000,.000,.000
James J Baldwin,CWS,1,2,1,1,0,1,0,1,0,1,0,0,.500,.500,1.500,2.000
Dave D Borkowski,DET,1,3,0,0,0,0,0,1,0,2,0,0,.000,.000,.000,.000
Kirk K Bullinger,BOS,1,0,0,0,0,0,0,0,0,0,0,0,.000,.000,.000,.000
Chris C Carpenter,TOR,1,1,0,0,0,0,0,0,1,1,0,0,.000,.500,.000,.500
Jin Ho J Cho,BOS,1,1,0,0,0,0,0,0,0,0,0,0,.000,.000,.000,.000
Mike M Colangelo L,ANA,1,2,0,1,0,0,0,0,1,0,0,0,.500,.667,.500,1.167
David D Cone,NYY,1,3,1,1,1,0,0,1,0,0,0,0,.333,.333,.667,1.000
Jeff J D' Amico,MIL,1,0,0,0,0,0,0,0,0,0,0,0,.000,.000,.000,.000
Pat P Daneker,CWS,1,2,0,0,0,0,0,0,0,1,0,0,.000,.000,.000,.000
Joe J Davenport,CWS,1,0,0,0,0,0,0,0,0,0,0,0,.000,.000,.000,.000
Mike M Duvall,TB,1,0,0,0,0,0,0,0,1,0,0,0,.000,1.000,.000,1.000
Kelvim K Escobar,TOR,1,1,0,0,0,0,0,0,0,1,0,0,.000,.000,.000,.000
Scott S Eyre,CWS,1,0,0,0,0,0,0,0,0,0,0,0,.000,.000,.000,.000
Julio J Franco,TB,1,1,0,0,0,0,0,0,0,1,0,0,.000,.000,.000,.000
Mike M Fyhrie,ANA,1,0,0,0,0,0,0,0,0,0,0,0,.000,.000,.000,.000
Rick R Greene,CIN,1,2,0,0,0,0,0,0,0,2,0,0,.000,.000,.000,.000
Yamid Y Haad,PIT,1,1,0,0,0,0,0,0,0,0,0,0,.000,.000,.000,.000
Joey J Hamilton,TOR,1,2,0,0,0,0,0,0,0,1,0,0,.000,.000,.000,.000
Chad C Harville,OAK,1,0,0,0,0,0,0,0,0,0,0,0,.000,.000,.000,.000
Rick R Helling,TEX,1,2,0,0,0,0,0,0,0,2,0,0,.000,.000,.000,.000
Orlando O Hernandez,NYY,1,3,1,1,0,0,0,0,0,0,0,0,.333,.333,.333,.667
Ken K Hill,ANA,1,3,0,0,0,0,0,0,0,0,0,0,.000,.000,.000,.000
Doug D Johns,BAL,1,1,0,0,0,0,0,0,0,1,0,0,.000,.000,.000,.000
Jason J Johnson,BAL,1,2,0,0,0,0,0,0,0,1,0,0,.000,.000,.000,.000
Masao M Kida,DET,1,0,0,0,0,0,0,0,0,0,0,0,.000,.000,.000,.000
Danny D Klassen,ARI,1,1,0,1,0,0,0,0,0,0,0,0,1.000,1.000,1.000,2.000
Dan D Kolb,TEX,1,0,0,0,0,0,0,0,0,0,0,0,.000,.000,.000,.000
Mark M Langston,CLE,1,2,0,1,0,0,0,0,0,1,0,0,.500,.500,.500,1.000
Mike M Lincoln,MIN,1,1,0,0,0,0,0,0,0,0,0,0,.000,.000,.000,.000
Esteban E Loaiza,TEX,1,0,0,0,0,0,0,0,0,0,0,0,.000,.000,.000,.000
Steve S Lomasney,BOS,1,2,0,0,0,0,0,0,0,2,0,0,.000,.000,.000,.000
Albie A Lopez,TB,1,0,0,0,0,0,0,0,0,0,0,0,.000,.000,.000,.000
Damaso D Marte,SEA,1,0,0,0,0,0,0,0,0,0,0,0,.000,.000,.000,.000
Terry T Mathews,KC,1,1,0,0,0,0,0,0,0,1,0,0,.000,.000,.000,.000
Gil G Meche,SEA,1,0,0,0,0,0,0,0,0,0,0,0,.000,.000,.000,.000
Eric E Milton,MIN,1,2,0,0,0,0,0,0,1,1,0,0,.000,.333,.000,.333
Brian B Moehler,DET,1,1,0,0,0,0,0,0,1,1,0,0,.000,.500,.000,.500
Gabe G Molina,BAL,1,0,0,0,0,0,0,0,0,0,0,0,.000,.000,.000,.000
Jamie J Moyer,SEA,1,2,0,1,0,0,0,0,1,1,0,0,.500,.667,.500,1.167
Dan D Murray,NYM,1,0,0,0,0,0,0,0,0,0,0,0,.000,.000,.000,.000
Tomo T Ohka,BOS,1,0,0,0,0,0,0,0,0,0,0,0,.000,.000,.000,.000
Mike M Oquist,OAK,1,2,0,0,0,0,0,0,0,1,0,0,.000,.000,.000,.000
Dan D Perkins,MIN,1,2,0,1,0,0,0,0,0,1,0,0,.500,.500,.500,1.000
Sidney S Ponson,BAL,1,3,0,0,0,0,0,0,0,0,0,0,.000,.000,.000,.000
Paul P Quantrill,TOR,1,0,0,0,0,0,0,0,0,0,0,0,.000,.000,.000,.000
Mark M Redman,MIN,1,0,0,0,0,0,0,0,0,0,0,0,.000,.000,.000,.000
Brad B Rigby,OAK,1,0,0,0,0,0,0,0,0,0,0,0,.000,.000,.000,.000
J. C. J Romero,MIN,1,0,0,0,0,0,0,0,0,0,0,0,.000,.000,.000,.000
Brian B Rose,BOS,1,2,0,0,0,0,0,0,0,0,0,0,.000,.000,.000,.000
Glendon G Rusch,NYM,1,0,0,0,0,0,0,0,0,0,0,0,.000,.000,.000,.000
B. J. B Ryan,CIN,1,0,0,0,0,0,0,0,0,0,0,0,.000,.000,.000,.000
Jose J Santiago,KC,1,0,0,0,0,0,0,0,0,0,0,0,.000,.000,.000,.000
Aaron A Scheffer,SEA,1,0,0,0,0,0,0,0,0,0,0,0,.000,.000,.000,.000
Steve S Sinclair,SEA,1,0,0,0,0,0,0,0,0,0,0,0,.000,.000,.000,.000
Denny D Stark,SEA,1,0,0,0,0,0,0,0,0,0,0,0,.000,.000,.000,.000
Everett E Stull,ATL,1,0,0,0,0,0,0,0,0,0,0,0,.000,.000,.000,.000
Jarrod J Washburn,ANA,1,0,0,0,0,0,0,0,0,0,0,0,.000,.000,.000,.000
Vance V Wilson,NYM,1,0,0,0,0,0,0,0,0,0,0,0,.000,.000,.000,.000
Joe J Winkelsas,ATL,1,0,0,0,0,0,0,0,0,0,0,0,.000,.000,.000,.000
Bobby B Witt,TB,1,2,0,0,0,0,0,0,0,1,0,0,.000,.000,.000,.000
Jaret J Wright,CLE,1,1,0,0,0,0,0,0,0,1,0,0,.000,.000,.000,.000
Esteban E Yan,TB,1,0,0,0,0,0,0,0,0,0,0,0,.000,.000,.000,.000
