PLAYER,TEAM,W,L,ERA,GS,CG,SHO,SV,SVO,IP,H,R,ER,HR,HB,BB,SO,WHIP,AVG
Jim J Brower,SF,7,7,3.29,89,0,0,0,1,1,93.0,90,42,34,6,4,36,63,1.35,.259
Ray R King,STL,5,2,2.61,86,0,0,0,0,0,62.0,43,19,18,1,3,24,40,1.08,.197
Paul P Quantrill,NYY,7,3,4.72,86,0,0,0,1,1,95.1,124,54,50,5,4,20,37,1.51,.316
Rheal R Cormier,PHI,4,5,3.56,84,0,0,0,0,0,81.0,70,32,32,7,5,26,46,1.19,.237
Chris C Reitsma,ATL,6,4,4.07,84,0,0,0,2,2,79.2,89,38,36,9,3,20,60,1.37,.284
Salomon S Torres,PIT,7,7,2.64,84,0,0,0,0,0,92.0,87,33,27,6,6,22,62,1.18,.256
Scott S Eyre,SF,2,2,4.10,83,0,0,0,1,1,52.2,43,26,24,8,0,27,49,1.33,.219
Mike M Stanton,NYM,2,6,3.16,83,0,0,0,0,0,77.0,70,32,27,6,2,33,58,1.34,.237
Luis L Ayala,MON,6,12,2.69,81,0,0,0,2,2,90.1,92,30,27,6,5,15,63,1.18,.268
Tom T Gordon,NYY,9,4,2.21,80,0,0,0,4,4,89.2,56,23,22,5,1,23,96,0.88,.180
Brad B Lidge,HOU,6,5,1.90,80,0,0,0,29,29,94.2,57,21,20,8,6,30,157,0.92,.174
Antonio A Alfonseca,ATL,6,4,2.57,79,0,0,0,0,0,73.2,71,24,21,5,0,28,45,1.34,.255
Todd T Jones,PHI,11,5,4.15,78,0,0,0,2,2,82.1,84,39,38,7,6,33,59,1.42,.273
Guillermo G Mota,FLA,9,8,3.07,78,0,0,0,4,4,96.2,75,33,33,8,4,37,85,1.16,.218
Octavio O Dotel,OAK,6,6,3.69,77,0,0,0,36,36,85.1,68,38,35,13,4,33,122,1.18,.217
La Troy L Hawkins,CHC,5,4,2.63,77,0,0,0,25,25,82.0,72,27,24,10,2,14,69,1.05,.233
Juan J Rincon,MIN,11,6,2.63,77,0,0,0,2,2,82.0,52,27,24,5,2,32,106,1.02,.181
Julian J Tavarez,STL,7,4,2.38,77,0,0,0,4,4,64.1,57,21,17,1,6,19,48,1.18,.238
Tim T Worrell,PHI,5,6,3.68,77,0,0,0,19,19,78.1,75,36,32,10,2,21,64,1.23,.254
Mike M Koplove,ARI,4,4,4.05,76,0,0,0,2,2,86.2,86,42,39,7,5,37,55,1.42,.269
Tom T Martin,ATL,0,2,3.97,76,0,0,0,1,1,45.1,49,20,20,7,3,19,30,1.50,.283
Felix F Rodriguez,PHI,5,8,3.29,76,0,0,0,1,1,65.2,61,25,24,8,5,29,59,1.37,.244
B. J. B Ryan,BAL,4,6,2.28,76,0,0,0,3,3,87.0,64,24,22,4,1,35,122,1.14,.200
Mike M Timlin,BOS,5,4,4.13,76,0,0,0,1,1,76.1,75,35,35,8,5,19,56,1.23,.257
Mike M Myers,BOS,5,1,4.64,75,0,0,0,0,0,42.2,45,22,22,5,2,23,32,1.59,.274
Randy R Choate,ARI,2,4,4.62,74,0,0,0,0,0,50.2,52,26,26,1,5,28,49,1.58,.267
Jason J Isringhausen,STL,4,2,2.87,74,0,0,0,47,47,75.1,55,27,24,5,2,23,71,1.04,.199
Damaso D Marte,CWS,6,5,3.42,74,0,0,0,6,6,73.2,56,28,28,10,3,34,68,1.22,.217
Dan D Miceli,HOU,6,6,3.59,74,0,0,0,2,2,77.2,74,34,31,10,2,27,83,1.30,.247
Mariano M Rivera,NYY,4,2,1.94,74,0,0,0,53,53,78.2,65,17,17,3,5,20,66,1.08,.225
J. C. J Romero,MIN,7,4,3.51,74,0,0,0,1,1,74.1,61,32,29,4,5,38,69,1.33,.224
Jason J Grimsley,BAL,5,7,3.86,73,0,0,0,0,0,63.0,61,36,27,4,3,35,39,1.52,.251
Scott S Linebrink,SD,7,3,2.14,73,0,0,0,0,0,84.0,61,22,20,8,3,26,83,1.04,.209
Joe J Nathan,MIN,1,2,1.62,73,0,0,0,44,44,72.1,48,14,13,3,2,23,89,0.98,.187
Akinori A Otsuka,SD,7,2,1.75,73,0,0,0,2,2,77.1,56,16,15,6,0,26,87,1.06,.199
John J Smoltz,ATL,0,1,2.76,73,0,0,0,44,44,81.2,75,25,25,8,0,13,85,1.08,.245
Luis L Vizcaino,MIL,4,4,3.75,73,0,0,0,1,1,72.0,61,35,30,12,1,24,63,1.18,.228
Kyle K Farnsworth,CHC,4,5,4.73,72,0,0,0,0,0,66.2,67,39,35,10,2,33,78,1.50,.260
Keith K Foulke,BOS,5,3,2.17,72,0,0,0,32,32,83.0,63,22,20,8,6,15,79,0.94,.206
David D Riske,CLE,7,3,3.72,72,0,0,0,5,5,77.1,69,32,32,11,2,41,78,1.42,.240
Alan A Embree,BOS,2,2,4.13,71,0,0,0,0,0,52.1,49,28,24,7,1,11,37,1.15,.244
Braden B Looper,NYM,2,5,2.70,71,0,0,0,29,29,83.1,86,28,25,5,3,16,60,1.22,.266
Kent K Mercker,CHC,3,1,2.55,71,0,0,0,0,0,53.0,39,15,15,4,3,27,51,1.25,.205
Eric E Gagne,LA,7,3,2.19,70,0,0,0,45,45,82.1,53,24,20,5,5,22,114,0.91,.181
Matt M Herges,SF,4,5,5.23,70,0,0,0,23,23,65.1,90,44,38,8,3,21,39,1.70,.338
Jose J Mesa,PIT,5,2,3.25,70,0,0,0,43,43,69.1,78,26,25,6,1,20,37,1.41,.291
John J Riedling,CIN,5,3,5.10,70,0,0,0,0,0,77.2,90,54,44,10,4,40,46,1.67,.286
Jamie J Walker,DET,3,4,3.20,70,0,0,0,1,1,64.2,69,28,23,8,1,12,53,1.25,.263
Chad C Cordero,MON,7,3,2.94,69,0,0,0,14,14,82.2,68,28,27,8,1,43,83,1.34,.221
Mike M Gallo,HOU,2,0,4.74,69,0,0,0,0,0,49.1,55,27,26,12,6,20,34,1.52,.284
Kevin K Gryboski,ATL,3,2,2.84,69,0,0,0,2,2,50.2,54,22,16,2,0,23,24,1.52,.280
Phil P Norton,CIN,2,5,5.07,69,0,0,0,0,0,65.2,71,41,37,5,2,38,48,1.66,.284
Francisco F Rodríguez Rodriguez,ANA,4,1,1.82,69,0,0,0,12,12,84.0,51,21,17,2,1,33,123,1.00,.172
Esteban E Yan,DET,3,6,3.83,69,0,0,0,7,7,87.0,92,43,37,8,4,32,69,1.43,.274
Rafael R Betancourt,CLE,5,6,3.92,68,0,0,0,4,4,66.2,71,32,29,7,0,18,76,1.34,.268
Chad C Bradford,OAK,5,7,4.42,68,0,0,0,1,1,59.0,51,32,29,5,5,24,34,1.27,.234
John J Grabow,PIT,2,5,5.11,68,0,0,0,1,1,61.2,81,39,35,8,0,28,64,1.77,.323
Danny D Graves,CIN,1,6,3.95,68,0,0,0,41,41,68.1,77,39,30,12,2,13,40,1.32,.282
Shigetoshi S Hasegawa,SEA,4,6,5.16,68,0,0,0,0,0,68.0,67,42,39,5,2,31,46,1.44,.260
Brian B Meadows,PIT,2,4,3.58,68,0,0,0,1,1,78.0,76,40,31,7,0,19,46,1.22,.259
Carlos C Almanzar,TEX,7,3,3.72,67,0,0,0,0,0,72.2,66,32,30,8,4,19,44,1.17,.244
Francisco F Cordero,TEX,3,4,2.13,67,0,0,0,49,49,71.2,60,19,17,1,1,32,79,1.28,.226
Steve S Kline,STL,2,2,1.79,67,0,0,0,3,3,50.1,37,12,10,3,4,17,35,1.07,.209
Ricardo R Rincon,OAK,1,1,3.68,67,0,0,0,0,0,44.0,45,22,18,3,1,22,40,1.52,.256
Duaner D Sanchez,LA,3,1,3.38,67,0,0,0,0,0,80.0,81,34,30,9,6,27,44,1.35,.266
Shawn S Chacon,COL,1,9,7.11,66,0,0,0,35,35,63.1,71,52,50,12,5,52,52,1.94,.282
Matt M Perisho,FLA,5,3,4.40,66,0,0,0,0,0,47.0,45,23,23,6,2,26,42,1.51,.247
David D Weathers,FLA,7,7,4.15,66,2,0,0,0,0,82.1,85,44,38,12,5,35,61,1.46,.274
Jorge J Julio,BAL,2,5,4.57,65,0,0,0,22,22,69.0,59,35,35,11,3,39,70,1.42,.228
Al A Levine,DET,3,4,4.58,65,0,0,0,0,0,70.2,83,37,36,10,1,24,32,1.51,.295
Jim J Mecir,OAK,0,5,3.59,65,0,0,0,2,2,47.2,45,21,19,5,4,19,49,1.34,.239
Steve S Reed,COL,3,8,3.68,65,0,0,0,0,0,66.0,72,29,27,7,7,17,38,1.35,.281
Armando A Benitez,FLA,2,2,1.29,64,0,0,0,47,47,69.2,36,11,10,6,0,21,62,0.82,.152
Dan D Kolb,MIL,0,4,2.98,64,0,0,0,39,39,57.1,50,22,19,3,3,15,21,1.13,.234
Javier J López Lopez,COL,1,2,7.52,64,0,0,0,0,0,40.2,45,34,34,1,3,26,20,1.75,.287
Gabe G White,CIN,1,3,6.94,64,0,0,0,1,1,59.2,72,46,46,14,2,12,41,1.41,.294
Jason J Frasor,TOR,4,6,4.08,63,0,0,0,17,17,68.1,64,31,31,4,2,36,54,1.46,.251
Roberto R Hernandez,PHI,3,5,4.76,63,0,0,0,0,0,56.2,66,39,30,9,1,29,44,1.68,.297
Danys D Baez,TB,4,4,3.57,62,0,0,0,30,30,68.0,60,31,27,6,7,29,52,1.31,.237
Justin J Speier,TOR,3,8,3.91,62,0,0,0,7,7,69.0,61,32,30,8,5,25,52,1.25,.239
Terry T Adams,BOS,6,4,4.76,61,0,0,0,3,3,70.0,84,39,37,10,2,28,56,1.60,.302
Jeff J Bennett,MIL,1,5,4.79,60,0,0,0,0,0,71.1,78,43,38,12,2,26,45,1.46,.278
Ricky R Bottalico,NYM,3,2,3.38,60,0,0,0,0,0,69.1,54,30,26,3,4,34,61,1.27,.215
Jason J Christiansen,SF,4,3,4.50,60,0,0,0,3,3,36.0,34,20,18,3,3,26,22,1.67,.250
Darren D Dreifort,LA,1,4,4.44,60,0,0,0,1,1,50.2,43,25,25,5,0,36,63,1.56,.232
Buddy B Groom,BAL,4,1,4.78,60,0,0,0,0,0,52.2,67,30,28,6,1,16,32,1.58,.309
Ron R Mahay,TEX,3,0,2.55,60,0,0,0,0,0,67.0,60,23,19,5,2,29,54,1.33,.235
Trever T Miller,TB,1,1,3.12,60,0,0,0,1,1,49.0,48,21,17,3,3,15,43,1.29,.257
Scot S Shields,ANA,8,2,3.33,60,0,0,0,4,4,105.1,97,42,39,6,3,40,109,1.30,.238
Chad C Harville,HOU,3,2,4.69,59,0,0,0,0,0,55.2,56,36,29,8,2,27,46,1.49,.257
Shingo S Takatsu,CWS,6,4,2.31,59,0,0,0,19,19,62.1,40,17,16,6,2,21,50,0.98,.182
Rick R White,CLE,5,5,5.29,59,0,0,0,1,1,78.1,88,52,46,15,2,29,44,1.49,.293
Kerry K Ligtenberg,TOR,1,6,6.38,57,0,0,0,3,3,55.0,73,40,39,6,2,25,49,1.78,.313
Matt M Miller,CLE,4,1,3.09,57,0,0,0,1,1,55.1,42,22,19,1,6,23,55,1.17,.216
Lance L Carter,TB,3,3,3.47,56,0,0,0,0,0,80.1,77,32,31,12,1,23,36,1.24,.252
Neal N Cotts,CWS,4,4,5.65,56,1,0,0,0,0,65.1,61,45,41,13,3,30,58,1.39,.247
John J Parrish,BAL,6,3,3.46,56,1,0,0,1,1,78.0,68,39,30,4,3,55,71,1.58,.238
Ron R Villone,SEA,8,6,4.08,56,10,0,0,0,0,117.0,102,64,53,12,12,64,86,1.42,.232
Aaron A Fultz,MIN,3,3,5.04,55,0,0,0,1,1,50.0,50,28,28,5,1,23,37,1.46,.267
Kevin K Gregg,ANA,5,2,4.21,55,0,0,0,1,1,87.2,86,43,41,6,3,28,84,1.30,.255
Tim T Harikkala,COL,6,6,4.74,55,0,0,0,0,0,62.2,55,34,33,10,1,23,30,1.24,.235
Trevor T Hoffman,SD,3,3,2.30,55,0,0,0,41,41,54.2,42,14,14,5,0,8,53,0.91,.211
Mike M De Jean,NYM,0,5,4.57,54,0,0,0,0,0,61.0,70,34,31,2,8,33,60,1.69,.290
Cliff C Politte,CWS,0,3,4.38,54,0,0,0,1,1,51.1,52,26,25,6,2,22,48,1.44,.261
J. J Putz,SEA,0,3,4.71,54,0,0,0,9,9,63.0,66,35,33,10,5,24,47,1.43,.274
T. J. T Tucker,MON,4,2,3.72,54,1,0,0,0,0,67.2,73,28,28,5,4,17,44,1.33,.275
Ugueth U Urbina,DET,4,6,4.50,54,0,0,0,21,21,54.0,38,28,27,7,3,32,56,1.30,.194
Jaime J Cerda,KC,1,4,3.15,53,0,0,0,2,2,45.2,41,21,16,1,3,30,33,1.55,.244
Justin J Duchscherer,OAK,7,6,3.27,53,0,0,0,0,0,96.1,85,37,35,13,5,32,59,1.21,.241
Brian B Shouse,TEX,2,0,2.23,53,0,0,0,0,0,44.1,36,12,11,3,1,18,34,1.22,.224
Cal C Eldred,STL,4,2,3.76,52,0,0,0,1,1,67.0,71,31,28,11,1,17,54,1.31,.276
John J Franco,NYM,2,7,5.28,52,0,0,0,0,0,46.0,46,28,27,6,1,24,36,1.52,.258
Travis T Harper,TB,6,2,3.89,52,0,0,0,0,0,78.2,69,37,34,8,7,23,59,1.17,.234
Ryan R Madson,PHI,9,3,2.34,52,1,0,0,1,1,77.0,68,23,20,6,5,19,55,1.13,.238
Troy T Percival,ANA,2,3,2.90,52,0,0,0,33,33,49.2,43,19,16,7,3,19,33,1.25,.230
Tyler T Walker,SF,5,1,4.24,52,0,0,0,1,1,63.2,69,31,30,8,1,24,48,1.46,.288
Dave D Burba,SF,4,1,4.21,51,0,0,0,2,2,77.0,70,40,36,7,2,26,50,1.25,.241
Curt C Leskanic,BOS,3,5,5.19,51,0,0,0,4,4,43.1,47,27,25,8,1,30,37,1.78,.280
Jon J Adkins,CWS,2,3,4.65,50,0,0,0,0,0,62.0,75,35,32,13,1,20,44,1.53,.305
Nate N Bump,FLA,2,4,5.01,50,2,0,0,1,1,73.2,86,46,41,7,3,32,44,1.60,.297
Juan J Cruz,ATL,6,2,2.75,50,0,0,0,0,0,72.0,59,24,22,7,2,30,70,1.24,.224
Elmer E Dessens,LA,2,6,4.46,50,10,0,0,2,2,105.0,123,61,52,15,1,31,73,1.47,.287
Scott S Sullivan,KC,3,4,4.77,49,0,0,0,0,0,60.1,73,34,32,8,7,24,45,1.61,.308
Ryan R Wagner,CIN,3,2,4.70,49,0,0,0,0,0,51.2,59,31,27,7,2,27,37,1.66,.284
Mike M Remlinger,CHC,1,2,3.44,48,0,0,0,2,2,36.2,33,16,14,3,1,16,35,1.34,.246
Joe J Roa,MIN,2,3,4.50,48,0,0,0,0,0,70.0,84,38,35,9,5,24,47,1.54,.297
Todd T Van Poppel,CIN,4,6,6.09,48,11,0,0,0,0,115.1,136,80,78,22,3,32,72,1.46,.298
Rocky R Biddle,MON,4,8,6.92,47,9,0,0,11,11,78.0,98,69,60,15,8,31,51,1.65,.307
Vinnie V Chulk,TOR,1,3,4.66,47,0,0,0,2,2,56.0,59,30,29,6,1,27,44,1.54,.271
Brian B Fuentes,COL,2,4,5.64,47,0,0,0,0,0,44.2,46,30,28,5,4,19,48,1.46,.269
Michael M Gonzalez,PIT,3,1,1.25,47,0,0,0,1,1,43.1,32,7,6,2,1,6,55,0.88,.201
Felix F Heredia,NYY,1,1,6.28,47,0,0,0,0,0,38.2,44,28,27,5,2,20,25,1.66,.278
Dustin D Hermanson,SF,6,9,4.53,47,18,0,0,17,17,131.0,132,71,66,15,3,46,102,1.36,.262
Joe J Horgan,MON,4,1,3.15,47,0,0,0,2,2,40.0,35,18,14,5,3,22,30,1.43,.230
Billy B Koch,FLA,2,3,4.41,47,0,0,0,8,8,49.0,45,25,24,6,2,36,50,1.65,.241
Mike M Adams,MIL,2,3,3.40,46,0,0,0,0,0,53.0,50,21,20,5,2,14,39,1.21,.248
Dan D Wheeler,HOU,3,1,4.29,46,1,0,0,0,0,65.0,76,33,31,10,1,20,55,1.48,.289
Francis F Beltran,MON,2,2,5.47,45,0,0,0,1,1,49.1,47,31,30,11,2,27,48,1.50,.253
Frank F Francisco,TEX,5,1,3.33,45,0,0,0,0,0,51.1,36,19,19,4,3,28,60,1.25,.198
Michael M Jackson,CWS,2,0,5.01,45,0,0,0,0,0,46.2,55,27,26,7,3,15,26,1.50,.294
Julio J Mateo,SEA,1,2,4.68,45,0,0,0,1,1,57.2,56,30,30,11,5,16,43,1.25,.251
Stephen S Randolph,ARI,2,5,5.51,45,6,0,0,0,0,81.2,73,56,50,11,1,76,62,1.82,.235
Claudio C Vargas,MON,5,5,5.25,45,14,0,0,0,0,118.1,120,75,69,26,7,64,89,1.55,.266
Billy B Wagner,PHI,4,0,2.42,45,0,0,0,21,21,48.1,31,16,13,5,2,6,59,0.77,.181
Jay J Witasick,SD,0,1,3.21,44,0,0,0,1,1,61.2,57,28,22,8,1,26,57,1.35,.244
Doug D Brocail,TEX,4,1,4.13,43,0,0,0,1,1,52.1,54,29,24,2,5,20,43,1.41,.269
Nate N Field,KC,2,3,4.26,43,0,0,0,3,3,44.1,40,25,21,5,2,19,30,1.33,.241
Wayne W Franklin,SF,2,1,6.39,43,2,0,0,0,0,50.2,55,37,36,11,3,22,40,1.52,.281
Sun- Woo S Kim,MON,4,6,4.58,43,17,0,0,0,0,135.2,145,80,69,17,13,55,87,1.47,.275
Matt M Kinney,KC,3,5,6.06,43,6,0,0,0,0,78.2,104,55,53,11,4,30,73,1.70,.315
Jorge J Sosa,TB,4,7,5.53,43,8,0,0,1,1,99.1,100,67,61,17,1,54,94,1.55,.259
Ricky R Stone,SD,2,2,6.45,43,0,0,0,0,0,51.2,66,39,37,11,6,16,38,1.59,.307
Shawn S Camp,KC,2,2,3.92,42,0,0,0,2,2,66.2,74,37,29,10,5,16,51,1.35,.285
Giovanni G Carrara,LA,5,2,2.18,42,0,0,0,2,2,53.2,46,15,13,1,1,20,48,1.23,.228
Amaury A Telemaco,PHI,0,2,4.31,42,0,0,0,0,0,54.1,51,27,26,12,0,19,32,1.29,.249
Kiko K Calero,STL,3,1,2.78,41,0,0,0,2,2,45.1,27,14,14,5,1,10,47,0.82,.176
Steve S Colyer,DET,1,0,6.47,41,0,0,0,0,0,32.0,33,24,23,8,1,24,31,1.78,.270
Scott S Dohmann,COL,0,3,4.11,41,0,0,0,0,0,46.0,41,22,21,8,0,19,49,1.30,.236
Jeff J Fassero,ARI,3,8,5.46,41,12,0,0,0,0,112.0,136,73,68,9,4,44,60,1.61,.304
Eddie E Guardado,SEA,2,2,2.78,41,0,0,0,18,18,45.1,31,14,14,8,1,14,45,0.99,.194
Chris C Hammond,OAK,4,1,2.68,41,0,0,0,1,1,53.2,56,21,16,4,3,13,34,1.29,.277
C. J. C Nitkowski,NYY,2,1,5.73,41,0,0,0,0,0,33.0,40,22,21,4,6,16,26,1.70,.296
Wilson W Alvarez,LA,7,6,4.03,40,15,0,0,1,1,120.2,109,56,54,12,5,31,102,1.16,.244
Brendan B Donnelly,ANA,5,2,3.00,40,0,0,0,0,0,42.0,34,14,14,5,1,15,56,1.17,.224
Blaine B Neal,SD,1,1,4.07,40,0,0,0,0,0,42.0,49,19,19,6,2,11,36,1.43,.295
Dennys D Reyes,KC,4,8,4.75,40,12,0,0,0,0,108.0,114,64,57,12,4,50,91,1.52,.273
Jose J Acevedo,CIN,5,12,5.94,39,27,0,0,0,0,157.2,188,108,104,30,5,45,117,1.48,.292
Terry T Mulholland,MIN,5,9,5.18,39,15,0,0,0,0,123.1,163,76,71,17,5,33,60,1.59,.327
Rudy R Seanez,FLA,3,2,3.33,39,0,0,0,0,0,46.0,39,17,17,3,0,19,46,1.26,.228
Jeremy J Affeldt,KC,3,4,4.95,38,8,0,0,13,13,76.1,91,49,42,6,3,32,49,1.61,.302
Miguel M Batista,TOR,10,13,4.80,38,31,2,1,5,5,198.2,206,115,106,22,3,96,104,1.52,.273
Bob B Howry,CLE,4,2,2.74,37,0,0,0,0,0,42.2,37,14,13,5,2,12,39,1.15,.228
Rodrigo R Lopez,BAL,14,9,3.59,37,23,1,1,0,0,170.2,164,71,68,21,2,54,121,1.28,.252
Danny D Patterson,DET,0,4,4.75,37,0,0,0,2,2,41.2,44,24,22,7,5,16,24,1.44,.282
Arthur A Rhodes,OAK,3,3,5.12,37,0,0,0,9,9,38.2,46,23,22,9,0,21,34,1.73,.293
Grant G Balfour,MIN,4,1,4.35,36,0,0,0,0,0,39.1,35,19,19,4,2,21,42,1.42,.238
Chad C Bentz,MON,0,3,5.86,36,0,0,0,0,0,27.2,23,19,18,5,2,23,18,1.66,.228
Gary G Knotts,DET,7,6,5.25,36,19,0,0,2,2,135.1,142,83,79,20,4,58,81,1.48,.267
Jose J Lima,LA,13,5,4.07,36,24,0,0,0,0,170.1,178,81,77,33,1,34,93,1.24,.271
Roy R Oswalt,HOU,20,10,3.49,36,35,2,2,0,0,237.0,233,100,92,17,11,62,206,1.24,.260
Brian B Anderson,KC,6,12,5.64,35,26,2,1,0,0,166.0,217,123,104,33,1,53,70,1.63,.320
Mark M Buehrle,CWS,16,10,3.89,35,35,4,1,0,0,245.1,257,119,106,33,8,51,165,1.26,.271
Livan L Hernandez,MON,11,15,3.60,35,35,9,2,0,0,255.0,234,105,102,26,10,83,186,1.24,.248
Randy R Johnson,ARI,16,14,2.60,35,35,4,2,0,0,245.2,177,88,71,18,10,44,290,0.90,.197
Kyle K Lohse,MIN,9,13,5.34,35,34,1,1,0,0,194.0,240,128,115,28,7,76,111,1.63,.305
Mike M Matthews,CIN,2,1,6.30,35,0,0,0,0,0,30.0,31,22,21,7,2,16,15,1.57,.265
Kenny K Rogers,TEX,18,9,4.76,35,35,2,1,0,0,211.2,248,117,112,24,9,66,126,1.48,.292
Brandon B Webb,ARI,7,16,3.59,35,35,1,0,0,0,208.0,194,111,83,17,11,119,164,1.50,.248
Greg G Aquino,ARI,0,2,3.06,34,0,0,0,16,16,35.1,24,15,12,4,2,17,26,1.16,.194
Cliff C Bartosh,CLE,1,0,4.66,34,0,0,0,0,0,19.1,22,10,10,4,0,11,25,1.71,.275
Bartolo B Colon,ANA,18,12,5.01,34,34,0,0,0,0,208.1,215,122,116,38,3,71,158,1.37,.265
Doug D Davis,MIL,12,12,3.39,34,34,0,0,0,0,207.1,192,84,78,14,7,79,166,1.31,.247
Ryan R Drese,TEX,14,10,4.20,34,33,2,0,0,0,207.2,233,104,97,16,11,58,98,1.40,.285
Shawn S Estes,COL,15,8,5.84,34,34,1,0,0,0,202.0,223,133,131,30,11,105,117,1.62,.291
Jon J Garland,CWS,12,11,4.89,34,33,1,0,0,0,217.0,223,125,118,34,4,76,113,1.38,.269
John J Halama,TB,7,6,4.70,34,14,0,0,0,0,118.2,134,68,62,17,10,27,59,1.36,.284
Brian B Lawrence,SD,15,14,4.12,34,34,2,1,0,0,203.0,226,101,93,26,7,55,121,1.38,.287
Cory C Lidle,PHI,12,12,4.90,34,34,5,3,0,0,211.1,224,123,115,27,10,61,126,1.35,.273
Eric E Milton,PHI,14,6,4.75,34,34,0,0,0,0,201.0,196,110,106,43,1,75,161,1.35,.255
Jamie J Moyer,SEA,7,13,5.21,34,33,1,0,0,0,202.0,217,127,117,44,11,63,125,1.39,.272
Ramon R Ortiz,ANA,5,7,4.43,34,14,0,0,0,0,128.0,139,64,63,18,4,38,82,1.38,.280
Russ R Ortiz,ATL,15,9,4.13,34,34,2,1,0,0,204.2,197,98,94,23,3,112,143,1.51,.258
Brad B Radke,MIN,11,8,3.48,34,34,1,1,0,0,219.2,229,92,85,23,6,26,143,1.16,.267
Erasmo E Ramirez,TEX,5,3,4.29,34,0,0,0,0,0,35.2,34,19,17,5,3,7,21,1.15,.252
Nate N Robertson,DET,12,10,4.90,34,32,1,0,1,1,196.2,210,116,107,30,4,66,155,1.40,.274
Johan J Santana,MIN,20,6,2.61,34,34,1,1,0,0,228.0,156,70,66,24,9,54,265,0.92,.192
Ben B Sheets,MIL,12,14,2.70,34,34,5,0,0,0,237.0,201,85,71,25,4,32,264,0.98,.226
Scott S Stewart,LA,1,2,6.58,34,0,0,0,0,0,26.0,43,22,19,5,0,12,26,2.12,.377
Ismael I Valdez,FLA,14,9,5.19,34,31,1,1,0,0,170.0,202,105,98,33,2,49,67,1.48,.294
Jeff J Weaver,LA,13,13,4.01,34,34,0,0,0,0,220.0,219,103,98,19,14,67,153,1.30,.260
Barry B Zito,OAK,11,11,4.48,34,34,0,0,0,0,213.0,216,116,106,28,9,81,163,1.39,.263
Brandon B Backe,HOU,5,3,4.30,33,9,0,0,0,0,67.0,75,33,32,10,1,27,54,1.52,.290
Jeremy J Bonderman,DET,11,13,4.89,33,32,2,2,0,0,184.0,168,101,100,24,10,73,168,1.31,.242
Roger R Clemens,HOU,18,4,2.98,33,33,0,0,0,0,214.1,169,76,71,15,6,79,218,1.16,.217
Jesus J Colome,TB,2,2,3.27,33,0,0,0,3,3,41.1,28,16,15,4,1,18,40,1.11,.193
Adam A Eaton,SD,11,14,4.61,33,33,0,0,0,0,199.1,204,113,102,28,10,52,153,1.28,.266
Kelvim K Escobar,ANA,11,12,3.93,33,33,0,0,0,0,208.1,192,91,91,21,7,76,191,1.29,.244
Geoff G Geary,PHI,1,0,5.44,33,0,0,0,0,0,44.2,52,29,27,8,3,16,30,1.52,.292
Tom T Glavine,NYM,11,14,3.60,33,33,1,1,0,0,212.1,204,94,85,20,0,70,109,1.29,.252
Jason J Jennings,COL,11,12,5.51,33,33,0,0,0,0,201.0,241,125,123,27,7,101,133,1.70,.299
Jason J Johnson,DET,8,15,5.13,33,33,2,1,0,0,196.2,222,121,112,22,5,60,125,1.43,.284
John J Lackey,ANA,14,13,4.67,33,32,1,1,0,0,198.1,215,108,103,22,8,60,144,1.39,.278
Cliff C Lee,CLE,14,8,5.43,33,33,0,0,0,0,179.0,188,113,108,30,11,81,161,1.50,.268
Derek D Lowe,BOS,14,12,5.42,33,33,0,0,0,0,182.2,224,138,110,15,8,71,105,1.61,.299
Greg G Maddux,CHC,16,11,4.02,33,33,2,1,0,0,212.2,218,103,95,35,9,33,151,1.18,.269
Mike M Maroth,DET,11,13,4.31,33,33,2,1,0,0,217.0,244,112,104,25,7,59,108,1.40,.288
Pedro P Martinez,BOS,16,9,3.90,33,33,1,1,0,0,217.0,193,99,94,26,16,61,227,1.17,.238
Orber O Moreno,NYM,3,1,3.38,33,0,0,0,1,1,34.2,29,17,13,0,3,11,29,1.15,.221
Mark M Mulder,OAK,17,8,4.43,33,33,5,1,0,0,225.2,223,119,111,25,12,83,140,1.36,.264
Sidney S Ponson,BAL,11,15,5.30,33,33,5,2,0,0,215.2,265,136,127,23,8,69,115,1.55,.305
Kirk K Rueter,SF,9,12,4.73,33,33,0,0,0,0,190.1,225,108,100,21,1,66,56,1.53,.296
Carlos C Silva,MIN,14,8,4.21,33,33,1,1,0,0,203.0,255,100,95,23,5,35,76,1.43,.310
John J Thomson,ATL,14,8,3.72,33,33,0,0,0,0,198.1,210,93,82,20,6,52,133,1.32,.276
Steve S Trachsel,NYM,12,13,4.00,33,33,0,0,0,0,202.2,203,104,90,25,5,83,117,1.41,.262
Jake J Westbrook,CLE,14,9,3.38,33,30,5,1,0,0,215.2,208,95,81,19,5,61,116,1.25,.255
Bronson B Arroyo,BOS,10,9,4.03,32,29,0,0,0,0,178.2,171,99,80,17,20,47,142,1.22,.249
Josh J Fogg,PIT,11,10,4.64,32,32,0,0,0,0,178.1,193,98,92,17,8,66,82,1.45,.283
Ryan R Franklin,SEA,4,16,4.90,32,32,2,1,0,0,200.1,224,116,109,33,10,61,104,1.42,.285
Mark M Hendrickson,TB,10,15,4.81,32,30,2,0,0,0,183.1,211,113,98,21,7,46,87,1.40,.285
Brooks B Kieschnick,MIL,1,1,3.77,32,0,0,0,0,0,43.0,44,19,18,6,0,13,28,1.33,.262
Jon J Leicester,CHC,5,1,3.89,32,0,0,0,0,0,41.2,40,20,18,7,0,15,35,1.32,.256
Ted T Lilly,TOR,12,10,4.06,32,32,2,1,0,0,197.1,171,92,89,26,6,89,168,1.32,.230
Jason J Marquis,STL,15,7,3.71,32,32,0,0,0,0,201.1,215,90,83,26,10,70,138,1.42,.275
Matt M Morris,STL,15,10,4.72,32,32,3,2,0,0,202.0,205,116,106,35,6,56,131,1.29,.266
Brett B Myers,PHI,11,11,5.52,32,31,1,1,0,0,176.0,196,113,108,31,6,62,116,1.47,.281
Mark M Redman,OAK,11,12,4.71,32,32,2,0,0,0,191.0,218,110,100,28,6,68,102,1.50,.292
Glendon G Rusch,CHC,6,2,3.47,32,16,0,0,2,2,129.2,127,54,50,10,4,33,90,1.23,.256
Curt C Schilling,BOS,21,6,3.26,32,32,3,0,0,0,226.2,206,84,82,23,5,35,203,1.06,.239
Jason J Schmidt,SF,18,7,3.20,32,32,4,3,0,0,225.0,165,84,80,18,3,77,251,1.08,.202
Allan A Simpson,COL,2,1,5.08,32,0,0,0,0,0,39.0,44,26,22,4,4,20,46,1.64,.289
Brett B Tomko,SF,11,7,4.04,32,31,2,1,0,0,194.0,196,98,87,19,0,64,108,1.34,.260
Javier J Vazquez,NYY,14,10,4.91,32,32,0,0,0,0,198.0,195,114,108,33,11,60,150,1.29,.255
Tim T Wakefield,BOS,12,10,4.87,32,30,0,0,0,0,188.1,197,121,102,29,16,63,116,1.38,.264
Dontrelle D Willis,FLA,10,11,4.02,32,32,2,0,0,0,197.0,210,99,88,20,8,61,139,1.38,.273
Jaret J Wright,ATL,15,8,3.28,32,32,0,0,0,0,186.1,168,79,68,11,3,70,159,1.28,.242
Kris K Benson,NYM,12,12,4.31,31,31,1,1,0,0,200.1,202,106,96,15,10,61,134,1.31,.263
Yhency Y Brazoban,LA,6,2,2.48,31,0,0,0,0,0,32.2,25,9,9,2,0,15,27,1.22,.219
Jose J Contreras,CWS,13,9,5.50,31,31,0,0,0,0,170.1,166,114,104,31,8,84,150,1.47,.253
Mark M Corey,PIT,1,2,4.54,31,0,0,0,0,0,35.2,39,20,18,3,2,19,28,1.63,.275
Freddy F Garcia,CWS,13,11,3.81,31,31,1,0,0,0,210.0,192,92,89,22,7,64,184,1.22,.242
Rich R Harden,OAK,11,7,3.99,31,31,0,0,0,0,189.2,171,90,84,16,3,81,167,1.33,.242
Ben B Howard,FLA,1,1,5.50,31,0,0,0,0,0,37.2,37,23,23,6,1,21,33,1.54,.261
Kaz K Ishii,LA,13,8,4.71,31,31,2,2,0,0,172.0,155,97,90,21,4,98,99,1.47,.246
Jose J Jimenez,CLE,1,7,8.42,31,0,0,0,8,8,36.1,45,37,34,6,4,14,21,1.62,.296
Esteban E Loaiza,NYY,10,7,5.70,31,27,2,1,0,0,183.0,217,124,116,32,3,71,117,1.57,.296
Darrell D May,KC,9,19,5.61,31,31,3,1,0,0,186.0,234,130,116,38,2,55,120,1.55,.306
Antonio A Osuna,SD,2,1,2.45,31,0,0,0,0,0,36.2,32,11,10,3,1,11,36,1.17,.232
Carl C Pavano,FLA,18,8,3.00,31,31,2,2,0,0,222.1,212,80,74,16,11,49,139,1.17,.253
Odalis O Perez,LA,7,6,3.25,31,31,0,0,0,0,196.1,180,76,71,26,3,44,128,1.14,.250
Victor V Santos,MIL,11,12,4.97,31,28,0,0,0,0,154.0,169,95,85,18,7,57,115,1.47,.278
Jeff J Suppan,STL,16,9,4.16,31,31,0,0,0,0,188.0,192,98,87,25,8,65,110,1.37,.265
Ryan R Vogelsong,PIT,6,13,6.50,31,26,0,0,0,0,133.0,148,97,96,22,10,67,92,1.62,.285
David D Wells,SD,12,8,3.73,31,31,0,0,0,0,195.2,203,85,81,23,2,20,101,1.14,.266
Woody W Williams,STL,11,8,4.18,31,31,0,0,0,0,189.2,193,93,88,20,9,58,131,1.32,.262
Michael M Wuertz,CHC,1,0,4.34,31,0,0,0,1,1,29.0,22,14,14,4,0,17,30,1.34,.218
Carlos C Zambrano,CHC,16,8,2.75,31,31,1,1,0,0,209.2,174,73,64,14,20,81,188,1.22,.225
Brian B Bruney,ARI,3,4,4.31,30,0,0,0,0,0,31.1,20,16,15,2,1,27,34,1.50,.189
D. J. D Carrasco,KC,2,2,4.84,30,0,0,0,0,0,35.1,41,22,19,5,3,15,22,1.58,.287
Matt M Clement,CHC,9,13,3.68,30,30,0,0,0,0,181.0,155,79,74,23,12,77,190,1.28,.229
Al A Leiter,NYM,10,8,3.21,30,30,0,0,0,0,173.2,138,65,62,16,11,97,117,1.35,.218
Oliver O Pérez Perez,PIT,12,10,2.98,30,30,2,1,0,0,196.0,145,71,65,22,9,81,239,1.15,.207
C Sabathia,CLE,11,10,4.12,30,30,1,1,0,0,188.0,176,90,86,20,7,72,139,1.32,.252
Bob B Wickman,CLE,0,2,4.25,30,0,0,0,13,13,29.2,33,14,14,4,2,10,26,1.45,.282
Matt M Wise,MIL,1,2,4.44,30,3,0,0,0,0,52.2,51,27,26,3,2,15,30,1.25,.252
Scott S Elarton,CLE,3,11,5.90,29,29,1,1,0,0,158.2,164,107,104,33,4,62,103,1.42,.265
Mike M Hampton,ATL,13,9,4.28,29,29,1,0,0,0,172.1,198,86,82,15,1,65,87,1.53,.290
Jeff J Nelson,TEX,1,2,5.32,29,0,0,0,1,1,23.2,17,16,14,3,0,19,22,1.52,.207
Eddy E Rodriguez,BAL,1,0,4.78,29,0,0,0,0,0,43.1,36,23,23,5,5,30,37,1.52,.231
Steve S Sparks,ARI,3,7,6.04,29,18,0,0,0,0,120.2,139,89,81,18,5,45,57,1.52,.287
Jose J Valverde,ARI,1,2,4.25,29,0,0,0,8,8,29.2,23,17,14,7,1,17,38,1.35,.213
Todd T Williams,BAL,2,0,2.87,29,0,0,0,0,0,31.1,26,10,10,2,5,9,13,1.12,.232
Paul P Wilson,CIN,11,6,4.36,29,29,1,0,0,0,183.2,192,93,89,26,8,63,117,1.39,.271
Joaquin J Benoit,TEX,3,5,5.68,28,15,0,0,0,0,103.0,113,67,65,19,8,31,95,1.40,.279
Daniel D Cabrera,BAL,12,8,5.00,28,27,1,1,1,1,147.2,145,85,82,14,2,89,76,1.58,.259
Chris C Carpenter,STL,15,5,3.46,28,28,1,0,0,0,182.0,169,75,70,24,8,38,152,1.14,.245
Aaron A Harang,CIN,10,9,4.86,28,28,1,1,0,0,161.0,177,90,87,26,5,53,125,1.43,.280
Aaron A Sele,ANA,9,4,5.05,28,24,0,0,0,0,132.0,163,84,74,16,5,51,51,1.62,.310
Tanyon T Sturtze,NYY,6,2,5.47,28,3,0,0,1,1,77.1,75,49,47,9,6,33,56,1.40,.254
Scott S Williamson,BOS,0,1,1.26,28,0,0,0,1,1,28.2,11,6,4,0,3,18,28,1.01,.115
Erik E Bedard,BAL,6,10,4.59,27,26,0,0,0,0,137.1,149,83,70,13,7,71,121,1.60,.270
Kirk K Bullinger,HOU,1,0,6.16,27,0,0,0,1,1,30.2,36,22,21,5,1,10,11,1.50,.286
Casey C Fossum,ARI,4,15,6.65,27,27,0,0,0,0,142.0,171,111,105,31,10,63,117,1.65,.302
Tim T Hudson,OAK,12,6,3.53,27,27,3,2,0,0,188.2,194,82,74,8,12,44,103,1.26,.267
Joe J Kennedy,COL,9,7,3.66,27,27,1,0,0,0,162.1,163,68,66,17,8,67,117,1.42,.265
Justin J Lehr,OAK,1,1,5.23,27,0,0,0,0,0,32.2,35,19,19,3,2,14,16,1.50,.280
Jon J Lieber,NYY,14,8,4.33,27,27,0,0,0,0,176.2,216,95,85,20,2,18,102,1.32,.301
Ramiro R Mendoza,BOS,2,1,3.52,27,0,0,0,0,0,30.2,25,12,12,3,1,7,13,1.04,.225
Mike M Mussina,NYY,12,9,4.59,27,27,1,0,0,0,164.2,178,91,84,22,2,40,132,1.32,.276
Darren D Oliver,HOU,3,3,5.94,27,10,0,0,0,0,72.2,87,50,48,14,1,21,46,1.49,.305
Jake J Peavy,SD,15,6,2.27,27,27,0,0,0,0,166.1,146,49,42,13,11,53,173,1.20,.236
Tim T Redding,HOU,5,7,5.72,27,17,0,0,0,0,100.2,125,73,64,15,5,43,56,1.67,.309
Rod R Beck,SD,0,2,6.38,26,0,0,0,0,0,24.0,27,18,17,8,0,9,15,1.50,.278
Josh J Beckett,FLA,9,9,3.79,26,26,1,1,0,0,156.2,137,72,66,16,6,54,152,1.22,.235
Jason J Davis,CLE,2,7,5.51,26,19,0,0,0,0,114.1,148,81,70,13,4,51,72,1.74,.311
Chad C Gaudin,TB,1,2,4.85,26,4,0,0,0,0,42.2,59,27,23,4,4,16,30,1.76,.337
Josias J Manzanillo,FLA,3,3,6.12,26,0,0,0,1,1,32.1,38,24,22,6,3,15,27,1.64,.292
Bret B Prinz,NYY,1,0,5.08,26,0,0,0,0,0,28.1,28,17,16,5,1,14,22,1.48,.259
Scott S Proctor,NYY,2,1,5.40,26,0,0,0,0,0,25.0,29,18,15,5,0,14,21,1.72,.284
Victor V Zambrano,NYM,11,7,4.37,26,25,0,0,0,0,142.0,119,77,69,13,16,102,123,1.56,.229
Scott S Atchison,SEA,2,3,3.52,25,0,0,0,0,0,30.2,29,12,12,4,0,14,36,1.40,.250
R. A. R Dickey,TEX,6,7,5.61,25,15,0,0,1,1,104.1,136,77,65,17,4,33,57,1.62,.311
Jimmy J Gobble,KC,9,8,5.35,25,24,1,0,0,0,148.0,157,94,88,24,3,43,49,1.35,.270
Kevin K Millwood,PHI,9,6,4.85,25,25,0,0,0,0,141.0,155,81,76,14,7,51,125,1.46,.278
Wes W Obermueller,MIL,6,8,5.80,25,20,1,1,0,0,118.0,138,80,76,15,3,42,59,1.53,.291
Chad C Qualls,HOU,4,0,3.55,25,0,0,0,1,1,33.0,34,13,13,3,4,8,24,1.27,.266
Jarrod J Washburn,ANA,11,8,4.64,25,25,1,1,0,0,149.1,159,81,77,20,4,40,86,1.33,.269
Rob R Bell,TB,8,8,4.46,24,19,1,0,0,0,123.0,121,71,61,16,5,41,57,1.32,.253
Craig C Dingman,DET,2,2,6.75,24,0,0,0,0,0,29.1,33,22,22,3,4,22,16,1.88,.295
Chad C Durbin,ARI,6,7,6.97,24,8,1,0,0,0,60.2,72,50,47,11,5,35,48,1.76,.291
Bob B File,TOR,1,0,4.81,24,0,0,0,0,0,33.2,45,19,18,4,2,12,15,1.69,.331
Zack Z Greinke,KC,8,11,3.97,24,24,0,0,0,0,145.0,143,64,64,26,8,26,100,1.17,.256
Mike M Johnston,PIT,0,3,4.37,24,0,0,0,0,0,22.2,29,16,11,2,2,15,18,1.94,.315
Jason J Kershner,TOR,0,1,6.04,24,2,0,0,0,0,22.1,30,16,15,3,0,8,15,1.70,.316
Brad B Penny,LA,9,10,3.15,24,24,0,0,0,0,143.0,130,55,50,12,3,45,111,1.22,.243
Jae Weong J Seo,NYM,5,10,4.90,24,21,0,0,0,0,117.2,133,67,64,17,2,50,54,1.56,.299
Joe J Valentine,CIN,2,3,5.22,24,1,0,0,4,4,29.1,23,18,17,4,2,25,29,1.64,.211
Kip K Wells,PIT,5,7,4.55,24,24,0,0,0,0,138.1,145,71,70,14,6,66,116,1.53,.270
Rick R Bauer,BAL,2,1,4.70,23,2,0,0,0,0,53.2,49,31,28,4,4,20,37,1.29,.238
Ryan R Dempster,CHC,1,1,3.92,23,0,0,0,2,2,20.2,16,9,9,1,2,13,18,1.40,.208
Mike M Fetters,ARI,0,1,8.68,23,0,0,0,1,1,18.2,23,22,18,2,1,14,14,1.98,.299
Gil G Meche,SEA,7,7,5.01,23,23,1,1,0,0,127.2,139,73,71,21,5,47,99,1.46,.273
Jay J Powell,TEX,1,1,3.38,23,0,0,0,0,0,24.0,24,11,9,3,0,11,17,1.46,.267
Randy R Wolf,PHI,5,8,4.28,23,23,1,1,0,0,136.2,145,73,65,20,5,36,89,1.32,.271
Joe J Borowski,CHC,2,4,8.02,22,0,0,0,9,9,21.1,27,19,19,3,0,15,17,1.97,.303
Dewon D Brazelton,TB,6,8,4.77,22,21,0,0,0,0,120.2,121,71,64,12,11,53,64,1.44,.260
Kevin K Brown,NYY,10,6,4.09,22,22,0,0,0,0,132.0,132,65,60,14,3,35,83,1.27,.262
Jesse J Crain,MIN,3,0,2.00,22,0,0,0,0,0,27.0,17,6,6,2,1,12,14,1.07,.179
Lenny L Di Nardo,BOS,0,0,4.23,22,0,0,0,0,0,27.2,34,17,13,1,2,12,21,1.66,.298
Pedro P Feliciano,NYM,1,1,5.40,22,0,0,0,0,0,18.1,14,12,11,2,1,12,14,1.42,.209
Kevin K Frederick,TOR,0,2,6.59,22,0,0,0,0,0,28.2,32,21,21,4,1,16,22,1.67,.283
Vladimir V Nunez,COL,3,3,7.01,22,0,0,0,0,0,25.2,26,22,20,6,1,14,22,1.56,.280
Brian B Reith,CIN,2,2,7.27,22,0,0,0,0,0,26.0,30,21,21,5,3,19,24,1.88,.288
Jerome J Williams,SF,10,7,4.24,22,22,0,0,0,0,129.1,123,69,61,14,17,44,80,1.29,.254
Kerry K Wood,CHC,8,9,3.72,22,22,0,0,0,0,140.1,127,62,58,16,11,51,144,1.27,.244
Brian B Boehringer,PIT,1,1,4.62,21,0,0,0,0,0,25.1,27,14,13,2,1,17,20,1.74,.293
Joey J Eischen,MON,0,1,3.93,21,0,0,0,0,0,18.1,16,10,8,2,1,8,17,1.31,.232
Roy R Halladay,TOR,8,8,4.20,21,21,1,1,0,0,133.0,140,66,62,13,1,39,95,1.35,.272
Pete P Munro,HOU,4,7,5.15,21,19,0,0,0,0,99.2,120,59,57,12,10,26,63,1.46,.302
Joel J Pineiro,SEA,6,11,4.67,21,21,1,0,0,0,140.2,144,77,73,21,4,43,111,1.33,.265
Mark M Prior,CHC,6,4,4.02,21,21,0,0,0,0,118.2,112,53,53,14,3,48,139,1.35,.251
Bobby B Seay,TB,0,0,2.38,21,0,0,0,0,0,22.2,21,6,6,2,2,5,17,1.15,.239
Scott S Service,ARI,1,1,7.08,21,0,0,0,0,0,20.1,24,17,16,5,2,10,17,1.67,.286
George G Sherrill,SEA,2,1,3.80,21,0,0,0,0,0,23.2,24,12,10,3,1,9,16,1.39,.258
Josh J Towers,TOR,9,9,5.11,21,21,0,0,0,0,116.1,148,70,66,16,9,26,51,1.50,.310
Tyler T Yates,NYM,2,4,6.36,21,7,0,0,0,0,46.2,61,36,33,6,3,25,35,1.84,.311
Paul P Abbott,PHI,3,11,6.47,20,19,0,0,0,0,96.0,106,76,69,22,4,58,46,1.71,.274
A. J. A Burnett,FLA,7,6,3.68,20,19,1,0,0,0,120.0,102,50,49,9,4,38,113,1.17,.231
Vicente V Padilla,PHI,7,7,4.53,20,20,0,0,0,0,115.1,119,63,58,16,10,36,82,1.34,.267
Scott S Schoeneweis,CWS,6,9,5.59,20,19,0,0,0,0,112.2,129,74,70,17,3,49,69,1.58,.291
Brandon B Villafuerte,ARI,0,3,4.05,20,0,0,0,0,0,20.0,25,9,9,2,1,14,13,1.95,.313
Todd T Wellemeyer,CHC,2,1,5.92,20,0,0,0,0,0,24.1,27,16,16,1,0,20,30,1.93,.287
Paul P Byrd,ATL,8,7,3.94,19,19,0,0,0,0,114.1,123,57,50,18,2,19,79,1.24,.270
Zach Z Day,MON,5,10,3.93,19,19,1,1,0,0,116.2,117,53,51,13,4,45,61,1.39,.265
Brandon B Duckworth,HOU,1,2,6.86,19,6,0,0,0,0,39.1,55,30,30,11,0,13,23,1.73,.337
Jeremy J Fikac,MON,1,2,5.40,19,0,0,0,0,0,25.0,26,16,15,5,0,13,22,1.56,.274
Ben B Ford,MIL,1,1,6.38,19,0,0,0,0,0,24.0,25,17,17,4,2,10,13,1.46,.269
Mark M Malaska,BOS,1,1,4.50,19,0,0,0,0,0,20.0,21,11,10,2,1,12,12,1.65,.266
Justin J Miller,TOR,3,4,6.06,19,15,0,0,0,0,81.2,101,58,55,14,5,42,47,1.75,.316
Micheal M Nakamura,TOR,0,3,7.36,19,0,0,0,0,0,25.2,27,23,21,7,2,7,24,1.32,.262
Shane S Nance,ARI,1,1,5.84,19,0,0,0,0,0,12.1,19,11,8,2,3,12,9,2.51,.352
John J Patterson,MON,4,7,5.03,19,19,0,0,0,0,98.1,100,58,55,18,8,46,99,1.48,.260
Tommy T Phelps,FLA,1,1,4.76,19,4,0,0,0,0,34.0,34,20,18,6,0,12,28,1.35,.268
Matt M Thornton,SEA,1,2,4.13,19,1,0,0,0,0,32.2,30,15,15,2,0,25,30,1.68,.250
Justin J Wayne,FLA,3,3,5.79,19,1,0,0,0,0,32.2,35,24,21,6,2,18,20,1.62,.282
Toby T Borland,FLA,1,1,5.40,18,0,0,0,0,0,18.1,18,11,11,3,0,12,18,1.64,.254
Roman R Colon,ATL,2,1,3.32,18,0,0,0,0,0,19.0,18,9,7,0,0,8,15,1.37,.254
Felix F Diaz,CWS,2,5,6.75,18,7,0,0,0,0,49.1,62,38,37,13,3,16,33,1.58,.310
Bartolome B Fortunato,NYM,1,0,3.81,18,0,0,0,1,1,26.0,24,11,11,3,0,15,25,1.50,.247
Pat P Hentgen,TOR,2,9,6.95,18,16,0,0,0,0,80.1,90,67,62,16,4,42,33,1.64,.283
Aquilino A Lopez,TOR,1,1,6.00,18,0,0,0,0,0,21.0,21,15,14,5,2,13,13,1.62,.266
Hideo H Nomo,LA,4,11,8.25,18,18,0,0,0,0,84.0,105,77,77,19,4,42,54,1.75,.312
Juan J Padilla,CIN,1,0,7.71,18,0,0,0,0,0,25.2,39,22,22,7,1,12,17,1.99,.355
Ben B Weber,ANA,0,2,8.06,18,0,0,0,0,0,22.1,37,24,20,4,0,15,11,2.33,.363
Heath H Bell,NYM,0,2,3.33,17,0,0,0,0,0,24.1,22,9,9,5,0,6,27,1.15,.253
Dave D Borkowski,BAL,3,4,5.14,17,8,0,0,0,0,56.0,65,37,32,6,3,15,45,1.43,.289
Chris C Capuano,MIL,6,8,4.99,17,17,0,0,0,0,88.1,91,55,49,18,5,37,80,1.45,.269
Lance L Cormier,ARI,1,4,8.14,17,5,0,0,0,0,45.1,62,42,41,13,2,25,24,1.92,.333
Valerio V De Los Santos,TOR,0,0,6.17,17,0,0,0,0,0,11.2,11,8,8,0,0,10,10,1.80,.250
Andrew A Good,ARI,1,2,5.31,17,2,0,0,0,0,40.2,43,25,24,8,3,13,26,1.38,.272
Brian B Powell,PHI,1,2,5.03,17,2,0,0,0,0,39.1,39,23,22,5,1,16,24,1.40,.275
Mike M Venafro,LA,0,0,4.00,17,0,0,0,0,0,9.0,11,5,4,1,2,3,6,1.56,.306
Oscar O Villarreal,ARI,0,2,7.00,17,0,0,0,0,0,18.0,25,14,14,3,1,7,17,1.78,.342
Mike M Wood,KC,3,8,5.94,17,17,0,0,0,0,100.0,112,67,66,16,6,28,54,1.40,.286
Tony T Armas,MON,2,4,4.88,16,16,0,0,0,0,72.0,66,41,39,13,4,45,54,1.54,.247
Adam A Bernero,COL,1,1,5.57,16,2,0,0,0,0,32.1,36,20,20,7,0,17,21,1.64,.283
Dave D Bush,TOR,5,4,3.69,16,16,1,1,0,0,97.2,95,47,40,11,6,25,64,1.23,.255
Aaron A Cook,COL,6,4,4.28,16,16,1,0,0,0,96.2,112,47,46,7,7,39,40,1.56,.294
Franklyn F German,DET,1,0,7.36,16,0,0,0,0,0,14.2,17,15,12,4,0,11,8,1.91,.279
Josh J Hancock,CIN,5,2,5.09,16,11,0,0,0,0,63.2,73,43,36,17,1,28,36,1.59,.282
Matt M Hensley,ANA,0,2,4.88,16,0,0,0,0,0,27.2,32,15,15,5,2,7,30,1.41,.294
Noah N Lowry,SF,6,0,3.82,16,14,2,1,0,0,92.0,91,41,39,10,0,28,72,1.29,.259
Gary G Majewski,MON,0,1,3.86,16,0,0,0,1,1,21.0,28,15,9,2,2,5,12,1.57,.326
Roberto R Novoa,DET,1,1,5.57,16,0,0,0,0,0,21.0,25,15,13,4,2,6,15,1.48,.309
Eddie E Oropesa,SD,2,1,11.00,16,0,0,0,0,0,9.0,6,12,11,1,0,13,6,2.11,.188
Chan Ho C Park,TEX,4,7,5.46,16,16,0,0,0,0,95.2,105,63,58,22,13,33,63,1.44,.281
Travis T Smith,ATL,2,3,6.20,16,4,0,0,0,0,40.2,48,28,28,12,1,12,26,1.48,.293
Russ R Springer,HOU,0,1,2.63,16,0,0,0,0,0,13.2,15,4,4,1,1,6,9,1.54,.278
Matt M Ginter,NYM,1,3,4.54,15,14,0,0,0,0,69.1,82,41,35,8,5,20,38,1.47,.289
Orlando O Hernandez,NYY,8,2,3.30,15,15,0,0,0,0,84.2,73,31,31,9,5,36,84,1.29,.230
Wilfredo W Ledezma,DET,4,3,4.39,15,8,0,0,0,0,53.1,55,28,26,3,2,18,29,1.37,.272
Bobby B Madritsch,SEA,6,3,3.27,15,11,1,0,0,0,88.0,74,33,32,3,4,33,60,1.22,.232
Wade W Miller,HOU,7,7,3.35,15,15,0,0,0,0,88.2,76,35,33,11,0,44,74,1.35,.228
Tomo T Ohka,MON,3,7,3.40,15,15,0,0,0,0,84.2,98,40,32,11,1,20,38,1.39,.288
Andy A Pettitte,HOU,6,4,3.90,15,15,0,0,0,0,83.0,71,37,36,8,0,31,79,1.23,.226
John J Wasdin,TEX,2,4,6.78,15,10,0,0,0,0,65.0,83,52,49,18,3,23,36,1.63,.305
Brandon B Claussen,CIN,2,8,6.14,14,14,0,0,0,0,66.0,80,50,45,9,2,35,45,1.74,.299
Sean S Douglass,TOR,0,2,6.28,14,3,0,0,0,0,38.2,37,27,27,6,2,28,36,1.68,.252
Eric E Du Bose,BAL,4,6,6.39,14,14,0,0,0,0,74.2,76,55,53,12,3,44,48,1.61,.263
Dan D Haren,STL,3,3,4.50,14,5,0,0,0,0,46.0,45,23,23,4,2,17,32,1.35,.265
Justin J Huisman,KC,0,0,6.84,14,0,0,0,1,1,25.0,36,20,19,3,1,8,13,1.76,.336
Brandon B Puffer,SD,0,1,5.50,14,0,0,0,0,0,18.0,24,13,11,3,1,11,12,1.94,.320
Matt M Riley,BAL,3,4,5.63,14,13,0,0,0,0,64.0,60,43,40,11,1,44,60,1.63,.244
Kazuhito K Tadano,CLE,1,1,4.65,14,4,0,0,0,0,50.1,55,30,26,6,3,18,39,1.45,.272
Doug D Waechter,TB,5,7,6.01,14,14,0,0,0,0,70.1,68,54,47,20,4,33,36,1.44,.252
Jamey J Wright,COL,2,3,4.12,14,14,0,0,0,0,78.2,82,39,36,8,6,45,41,1.61,.266
Armando A Almanza,ATL,1,1,6.17,13,0,0,0,0,0,11.2,9,8,8,3,1,7,13,1.37,.200
Sean S Burnett,PIT,5,5,5.02,13,13,1,1,0,0,71.2,86,41,40,9,1,28,30,1.59,.301
Mike M Lincoln,STL,3,2,5.19,13,0,0,0,0,0,17.1,10,12,10,1,1,6,14,0.92,.164
Mike M Mac Dougal,KC,1,1,5.56,13,0,0,0,1,1,11.1,16,8,7,2,1,9,14,2.21,.314
Jose J Parra,NYM,1,0,3.21,13,0,0,0,0,0,14.0,14,6,5,2,0,6,14,1.43,.255
Jason J Simontacchi,STL,0,0,5.28,13,0,0,0,0,0,15.1,17,10,9,5,1,7,3,1.57,.304
Jimmy J Anderson,BOS,0,0,5.17,12,0,0,0,1,1,15.2,19,9,9,0,2,6,6,1.60,.306
Jason J Boyd,PIT,1,0,5.54,12,0,0,0,0,0,13.0,13,9,8,4,3,8,12,1.62,.260
Kevin K Correia,SF,0,1,8.05,12,1,0,0,0,0,19.0,25,20,17,3,1,10,14,1.84,.333
Scott S Downs,MON,3,6,5.14,12,12,1,1,0,0,63.0,79,47,36,9,3,23,38,1.62,.310
John J Ennis,DET,0,0,8.44,12,0,0,0,1,1,16.0,20,16,15,3,0,5,13,1.56,.290
Chad C Fox,FLA,0,1,6.75,12,0,0,0,0,0,10.2,9,8,8,1,1,8,17,1.59,.225
Seth S Greisinger,MIN,2,5,6.18,12,9,0,0,0,0,51.0,68,40,35,12,2,15,36,1.63,.319
Matt M Mantei,ARI,0,3,11.81,12,0,0,0,4,4,10.2,17,15,14,5,0,6,13,2.16,.354
Sergio S Mitre,CHC,2,4,6.62,12,9,0,0,0,0,51.2,71,38,38,6,4,20,37,1.76,.327
Clint C Nageotte,SEA,1,6,7.36,12,5,0,0,0,0,36.2,48,31,30,3,4,27,24,2.05,.324
Al A Reyes,STL,0,0,0.75,12,2,0,0,0,0,12.0,3,1,1,0,0,2,11,0.42,.081
Turk T Wendell,COL,0,0,7.02,12,0,0,0,0,0,16.2,21,13,13,4,2,12,11,1.98,.328
David D Aardsma,SF,1,0,6.75,11,0,0,0,0,0,10.2,20,8,8,1,2,10,5,2.81,.417
Frank F Brooks,PIT,0,1,4.67,11,1,0,0,0,0,17.1,13,10,9,5,0,9,18,1.27,.203
Jack J Cressend,CLE,0,1,6.32,11,0,0,0,0,0,15.2,22,11,11,4,0,10,8,2.04,.333
Tim T Drew,ATL,0,0,4.50,11,0,0,0,0,0,16.0,21,11,8,2,1,5,7,1.63,.318
Geremi G Gonzalez,TB,0,5,6.97,11,8,0,0,0,0,50.1,72,42,39,9,3,20,22,1.83,.346
Pedro P Liriano,MIL,0,0,4.02,11,0,0,0,0,0,15.2,15,10,7,3,1,3,10,1.15,.238
Anastacio A Martinez,BOS,2,1,8.44,11,0,0,0,0,0,10.2,13,10,10,2,1,6,5,1.78,.289
Arnie A Munoz,CWS,0,1,10.05,11,1,0,0,0,0,14.1,20,16,16,4,1,12,11,2.23,.339
Jon J Rauch,MON,4,1,2.81,11,4,0,0,0,0,32.0,30,10,10,1,0,11,22,1.28,.256
Steve S Watkins,SD,0,0,6.28,11,0,0,0,0,0,14.1,17,10,10,3,2,4,7,1.47,.293
Carmen C Cali,STL,0,0,8.59,10,0,0,0,0,0,7.1,13,7,7,1,0,6,8,2.59,.394
Casey C Daigle,ARI,2,3,7.16,10,10,0,0,0,0,49.0,63,41,39,9,2,27,17,1.84,.320
Nelson N Figueroa,PIT,0,3,5.72,10,3,0,0,0,0,28.1,32,18,18,4,0,11,10,1.52,.302
Chris C George,KC,1,2,7.23,10,7,0,0,0,0,42.1,60,39,34,1,0,25,15,2.01,.331
Edgar E Gonzalez,ARI,0,9,9.32,10,10,0,0,0,0,46.1,72,49,48,15,5,18,31,1.94,.362
Ben B Hendrickson,MIL,1,8,6.22,10,9,0,0,0,0,46.1,58,33,32,6,4,20,29,1.68,.310
Kevin K Jarvis,COL,1,0,10.80,10,0,0,0,0,0,15.0,26,18,18,5,0,9,7,2.33,.382
Masao M Kida,SEA,0,0,5.65,10,0,0,0,0,0,14.1,19,9,9,1,2,6,10,1.74,.328
Sam S Mc Connell,ATL,1,0,3.86,10,0,0,0,0,0,9.1,11,4,4,0,1,4,4,1.61,.289
Horacio H Ramirez,ATL,2,4,2.39,10,9,1,0,0,0,60.1,51,24,16,7,0,30,31,1.34,.226
Jimmy J Serrano,KC,1,2,4.68,10,5,0,0,0,0,32.2,35,17,17,5,1,12,25,1.44,.280
Chin-hui C Tsao,COL,0,0,3.86,10,0,0,0,1,1,9.1,7,4,4,2,0,1,11,0.86,.200
Dave D Williams,PIT,2,3,4.42,10,6,0,0,0,0,38.2,31,21,19,4,3,13,33,1.14,.217
Jeff J Bajenaru,CWS,0,1,10.80,9,0,0,0,0,0,8.1,15,10,10,0,0,6,8,2.52,.405
Ryan R Bukvich,KC,0,0,3.68,9,0,0,0,1,1,7.1,4,3,3,0,0,7,7,1.50,.182
Will W Cunnane,ATL,1,1,7.30,9,0,0,0,0,0,12.1,18,10,10,3,1,4,11,1.78,.346
Randy R Flores,STL,1,0,1.93,9,1,0,0,0,0,14.0,13,3,3,0,3,3,7,1.14,.265
Matt M Guerrier,MIN,0,1,5.68,9,2,0,0,0,0,19.0,22,13,12,5,1,6,11,1.47,.293
Carlos C Hernández Hernandez,HOU,1,3,6.43,9,9,0,0,0,0,42.0,50,31,30,11,5,23,26,1.74,.303
Luke L Hudson,CIN,4,2,2.42,9,9,0,0,0,0,48.1,36,16,13,3,2,25,38,1.26,.208
Donovan D Osborne,NYY,2,0,7.13,9,2,0,0,0,0,17.2,25,16,14,3,2,5,10,1.70,.347
Willis W Roberts,PIT,0,0,5.25,9,0,0,0,0,0,12.0,12,7,7,0,2,9,7,1.75,.279
Dennis D Tankersley,SD,0,5,5.14,9,6,0,0,0,0,35.0,35,25,20,3,1,17,29,1.49,.254
Bruce B Chen,BAL,2,1,3.02,8,7,1,0,0,0,47.2,39,19,16,7,0,16,32,1.15,.220
Jason J Grilli,CWS,2,3,7.40,8,8,1,0,0,0,45.0,52,38,37,11,3,20,26,1.60,.294
Brad B Halsey,NYY,1,3,6.47,8,7,0,0,0,0,32.0,41,26,23,4,2,14,25,1.72,.306
Edwin E Jackson,LA,2,1,7.30,8,5,0,0,0,0,24.2,31,20,20,7,0,11,16,1.70,.307
Scott S Kazmir,TB,2,3,5.67,8,7,0,0,0,0,33.1,33,22,21,4,2,21,41,1.62,.256
Franklin F Nunez,TB,0,3,5.91,8,0,0,0,0,0,10.2,11,8,7,1,3,7,14,1.69,.268
Jeriome J Robertson,CLE,1,1,12.21,8,0,0,0,0,0,14.0,22,22,19,5,2,9,6,2.21,.349
Michael M Tejera,TEX,0,1,13.50,8,2,0,0,0,0,9.1,15,14,14,1,2,9,10,2.57,.366
Kurt K Ainsworth,BAL,0,1,9.68,7,7,0,0,0,0,30.2,39,34,33,6,5,20,20,1.92,.320
Cha Seung C Baek,SEA,2,4,5.52,7,5,0,0,0,0,31.0,35,23,19,5,2,11,20,1.48,.278
Denny D Bautista,KC,0,4,8.49,7,5,0,0,0,0,29.2,44,28,28,3,3,13,19,1.92,.352
Darwin D Cubillan,BAL,0,0,5.40,7,0,0,0,0,0,10.0,13,7,6,3,0,7,8,2.00,.302
Jeff J D' Amico,CLE,1,2,7.63,7,7,0,0,0,0,30.2,45,29,26,6,1,6,16,1.66,.333
Vic V Darensbourg,NYM,0,1,6.43,7,0,0,0,0,0,7.0,11,5,5,1,0,3,1,2.00,.423
Jeff J Francis,COL,3,2,5.15,7,7,0,0,0,0,36.2,42,22,21,8,1,13,32,1.50,.286
Justin J Germano,SD,1,2,8.86,7,5,0,0,0,0,21.1,31,24,21,2,0,14,16,2.11,.341
Franklyn F Gracesqui,FLA,0,1,11.25,7,0,0,0,1,1,4.0,6,5,5,0,2,3,1,2.25,.333
Brad B Hennessey,SF,2,2,4.98,7,7,0,0,0,0,34.1,42,24,19,2,0,15,25,1.66,.294
Steve S Karsay,NYY,0,0,2.70,7,0,0,0,0,0,6.2,5,3,2,2,0,2,4,1.05,.217
Byung- Hyun B Kim,BOS,2,1,6.23,7,3,0,0,0,0,17.1,17,15,12,1,2,7,6,1.38,.258
Elizardo E Ramirez,PHI,0,0,4.80,7,0,0,0,0,0,15.0,17,8,8,3,1,5,9,1.47,.283
Aaron A Small,FLA,0,0,8.27,7,0,0,0,0,0,16.1,24,15,15,5,0,7,8,1.90,.343
Brian B Sweeney,SD,1,0,5.65,7,2,0,0,0,0,14.1,20,9,9,1,0,2,10,1.53,.328
Jason J Szuminski,SD,0,0,7.20,7,0,0,0,0,0,10.0,12,9,8,3,2,11,5,2.30,.286
Chris C Young,TEX,3,2,4.71,7,7,0,0,0,0,36.1,36,21,19,7,2,10,27,1.27,.250
Travis T Blackley,SEA,1,3,10.04,6,6,0,0,0,0,26.0,35,31,29,9,1,22,16,2.19,.321
Scott S Erickson,TEX,1,4,6.67,6,6,0,0,0,0,27.0,38,22,20,3,0,20,9,2.15,.336
Brian B Falkenborg,LA,1,0,7.53,6,0,0,0,0,0,14.1,19,14,12,2,3,9,11,1.95,.322
Gavin G Floyd,PHI,2,0,3.49,6,4,0,0,0,0,28.1,25,11,11,1,5,16,24,1.45,.240
Ryan R Glynn,TOR,1,0,4.05,6,2,0,0,0,0,20.0,19,9,9,4,3,8,14,1.35,.250
Mike M Gosling,ARI,1,1,4.62,6,4,0,0,0,0,25.1,26,13,13,5,2,13,14,1.54,.274
Jeremy J Guthrie,CLE,0,0,4.63,6,0,0,0,0,0,11.2,9,6,6,1,1,6,7,1.29,.214
Adrian A Hernandez,MIL,0,2,8.44,6,1,0,0,0,0,16.0,20,18,15,1,0,14,14,2.13,.294
Marc M Kroon,COL,0,0,6.00,6,0,0,0,0,0,6.0,7,4,4,1,0,10,3,2.83,.350
Carlos C Pulido,MIN,0,0,8.74,6,0,0,0,0,0,11.1,16,13,11,2,1,4,9,1.76,.333
Nick N Regilio,TEX,0,4,6.05,6,4,0,0,0,0,19.1,20,16,13,3,2,15,12,1.81,.278
Kirk K Saarloos,OAK,2,1,4.44,6,5,0,0,0,0,24.1,27,13,12,4,2,12,10,1.60,.284
Rafael R Soriano,SEA,0,3,13.50,6,0,0,0,0,0,3.1,9,6,5,0,0,3,3,3.60,.450
Denny D Stark,COL,0,5,11.42,6,6,0,0,0,0,26.0,53,43,33,9,0,18,10,2.73,.427
John J Van Benschoten,PIT,1,3,6.91,6,5,0,0,0,0,28.2,33,27,22,3,2,19,18,1.81,.300
Randy R Williams,SEA,0,0,5.79,6,0,0,0,0,0,4.2,3,3,3,0,0,6,4,1.93,.188
Rick R Ankiel C,STL,1,0,5.40,5,0,0,0,0,0,10.0,10,6,6,2,2,1,9,1.10,.256
Pedro P Astacio,BOS,0,0,10.38,5,1,0,0,0,0,8.2,13,10,10,2,0,5,6,2.08,.342
Brian B Cooper,SF,0,2,8.78,5,2,0,0,0,0,13.1,15,13,13,4,1,5,7,1.50,.288
Roy R Corcoran,MON,0,0,6.75,5,0,0,0,0,0,5.1,7,4,4,0,0,5,4,2.25,.304
Nate N Cornejo,DET,1,3,8.42,5,5,0,0,0,0,25.2,42,25,24,4,1,11,12,2.06,.375
Jorge J De La Rosa,MIL,0,3,6.35,5,5,0,0,0,0,22.2,29,20,16,1,1,14,5,1.90,.309
Travis T Driskill,COL,0,0,6.48,5,0,0,0,0,0,8.1,13,6,6,0,0,3,6,1.92,.361
Chris C Gissell,COL,0,1,14.54,5,1,0,0,0,0,8.2,20,14,14,4,0,3,11,2.65,.465
Jimmy J Haynes,CIN,0,3,9.60,5,4,0,0,0,0,15.0,26,17,16,3,2,7,8,2.20,.388
Aaron A Heilman,NYM,1,3,5.46,5,5,0,0,0,0,28.0,27,17,17,4,0,13,22,1.43,.257
Logan L Kensing,FLA,0,3,9.88,5,3,0,0,0,0,13.2,19,15,15,5,1,9,7,2.05,.345
Damian D Moss,TB,0,1,16.88,5,2,0,0,0,0,8.0,13,15,15,2,1,5,6,2.25,.351
Aaron A Myette,CIN,0,0,8.31,5,0,0,0,0,0,4.1,3,4,4,0,2,8,6,2.54,.188
Ricardo R Rodriguez,TEX,3,1,2.03,5,4,1,1,0,0,26.2,28,10,6,1,0,12,15,1.50,.262
Aaron A Taylor,SEA,0,0,9.82,5,0,0,0,0,0,3.2,5,4,4,2,0,3,4,2.18,.313
Kevin K Walker,SF,0,0,16.20,5,0,0,0,0,0,1.2,3,3,3,1,1,2,1,3.00,.429
Nick N Bierbrodt,TEX,1,1,5.82,4,4,0,0,0,0,17.0,14,11,11,4,2,19,10,1.94,.246
Jamie J Brown,BOS,0,0,5.87,4,0,0,0,0,0,7.2,15,7,5,1,0,4,6,2.48,.417
Fernando F Cabrera,CLE,0,0,3.38,4,0,0,0,0,0,5.1,3,3,2,0,0,1,6,0.75,.167
Mickey M Callaway,TEX,0,1,7.94,4,3,0,0,0,0,11.1,18,10,10,2,1,7,9,2.21,.367
Santiago S Casilla,OAK,0,0,12.71,4,0,0,0,0,0,5.2,5,8,8,3,1,9,5,2.47,.227
Jim J Crowell,PHI,0,0,3.00,4,0,0,0,0,0,3.0,6,2,1,0,0,0,1,2.00,.333
Kyle K Denney,CLE,1,2,9.56,4,4,0,0,0,0,16.0,32,17,17,3,0,8,13,2.50,.421
Juan J Dominguez,TEX,1,2,3.91,4,4,0,0,0,0,23.0,25,11,10,2,2,5,14,1.30,.281
J. D. J Durbin,MIN,0,1,7.36,4,1,0,0,0,0,7.1,12,6,6,0,0,6,6,2.45,.387
Rosman R Garcia,TEX,0,0,5.40,4,0,0,0,0,0,6.2,9,5,4,1,0,5,5,2.10,.310
Gary G Glover,MIL,2,1,3.50,4,3,0,0,0,0,18.0,18,9,7,2,2,8,8,1.44,.265
Dicky D Gonzalez,TB,0,0,6.14,4,0,0,0,0,0,7.1,9,5,5,1,0,2,7,1.50,.310
Sterling S Hitchcock,SD,0,3,6.33,4,4,0,0,0,0,21.1,22,15,15,5,0,8,14,1.41,.265
David D Lee,CLE,0,0,10.38,4,0,0,0,0,0,4.1,8,7,5,0,0,4,4,2.77,.348
Travis T Phelps,MIL,0,1,10.50,4,0,0,0,0,0,6.0,8,7,7,2,0,3,3,1.83,.286
Andy A Pratt,CHC,0,1,21.60,4,0,0,0,0,0,1.2,0,4,4,0,1,7,1,4.20,.000
Todd T Ritchie,TB,0,2,9.00,4,2,0,0,0,0,8.0,12,9,8,4,1,6,4,2.25,.343
Grant G Roberts,NYM,0,0,17.36,4,0,0,0,0,0,4.2,9,9,9,2,0,6,1,3.21,.429
Derrick D Turnbow,ANA,0,0,0.00,4,0,0,0,0,0,6.1,2,0,0,0,0,7,3,1.42,.105
John J Webb,TB,0,0,7.00,4,0,0,0,0,0,9.0,12,7,7,2,1,7,9,2.11,.324
Dan D Wright,CWS,0,4,8.15,4,4,0,0,0,0,17.2,24,17,16,5,2,11,6,1.98,.320
Mike M Bacsik,TEX,1,1,4.60,3,3,0,0,0,0,15.2,16,8,8,2,2,1,6,1.09,.267
Joe J Beimel,MIN,0,0,43.20,3,0,0,0,0,0,1.2,8,8,8,1,0,2,2,6.00,.615
Joe J Blanton,OAK,0,0,5.63,3,0,0,0,0,0,8.0,6,5,5,1,0,2,6,1.00,.214
Jung Keun J Bong,CIN,1,1,4.70,3,3,0,0,0,0,15.1,17,13,8,3,0,10,11,1.76,.270
Jose J Capellan,ATL,0,1,11.25,3,2,0,0,0,0,8.0,14,10,10,2,0,5,4,2.38,.400
Jorge J De Paula,NYY,0,1,5.00,3,1,0,0,0,0,9.0,9,6,5,2,0,4,2,1.44,.281
Scott S Dunn,ANA,0,0,9.00,3,0,0,0,0,0,3.0,7,3,3,0,0,1,2,2.67,.438
Alex A Graman,NYY,0,0,19.80,3,2,0,0,0,0,5.0,14,11,11,1,0,2,4,3.20,.500
Shawn S Hill,MON,1,2,16.00,3,3,0,0,0,0,9.0,17,16,16,1,1,7,10,2.67,.415
Bobby B Jones,BOS,0,1,5.40,3,0,0,0,0,0,3.1,3,2,2,1,0,8,3,3.30,.273
Brandon B League,TOR,1,0,0.00,3,0,0,0,0,0,4.2,3,0,0,0,0,1,2,0.86,.176
Colby C Lewis,TEX,1,1,4.11,3,3,0,0,0,0,15.1,13,7,7,1,1,13,11,1.70,.228
Dave D Maurer,TOR,0,0,54.00,3,0,0,0,0,0,1.1,6,8,8,1,0,5,1,8.25,.600
Dave D Mc Carty,BOS,0,0,2.45,3,0,0,0,0,0,3.2,2,1,1,0,0,1,4,0.82,.154
Marty M Mc Leary,SD,0,0,14.73,3,0,0,0,0,0,3.2,7,6,6,2,0,2,4,2.45,.438
Joe J Nelson,BOS,0,0,16.88,3,0,0,0,0,0,2.2,4,5,5,0,2,3,5,2.63,.364
Josh J Pearce,STL,0,0,3.86,3,0,0,0,0,0,2.1,3,1,1,0,0,0,0,1.29,.375
Adam A Peterson,TOR,0,0,16.88,3,0,0,0,0,0,2.2,7,5,5,1,0,3,2,3.75,.467
Aaron A Rakers,BAL,0,0,4.15,3,0,0,0,0,0,4.1,5,2,2,0,0,1,3,1.38,.278
Jesus J Sanchez,CIN,0,2,7.53,3,3,0,0,0,0,14.1,18,12,12,4,0,9,8,1.88,.305
Ian I Snell,PIT,0,1,7.50,3,1,0,0,0,0,12.0,14,10,10,2,0,9,9,1.92,.298
Jason J Standridge,TB,0,0,9.00,3,1,0,0,0,0,10.0,14,10,10,5,0,4,7,1.80,.326
Josh J Stewart,CWS,0,1,15.26,3,2,0,0,0,0,7.2,16,13,13,3,0,3,5,2.48,.444
Brad B Thomas,MIN,0,0,16.88,3,0,0,0,0,0,2.2,7,5,5,0,0,1,0,3.00,.500
Kelly K Wunsch,CWS,0,0,0.00,3,0,0,0,0,0,2.0,2,0,0,0,0,1,1,1.50,.286
Kevin K Appier,KC,0,1,13.50,2,2,0,0,0,0,4.0,7,8,6,0,0,3,2,2.50,.368
Andy A Ashby,SD,0,0,0.00,2,0,0,0,0,0,2.0,1,0,0,0,0,0,2,0.50,.143
James J Baldwin,NYM,0,2,15.00,2,2,0,0,0,0,6.0,13,10,10,3,1,5,1,3.00,.448
Rigo R Beltran,MON,0,0,13.50,2,0,0,0,0,0,0.2,1,1,1,0,0,0,0,1.50,.333
Mike M Bynum,SD,0,1,54.00,2,0,0,0,0,0,0.2,1,4,4,0,0,3,0,6.00,.333
Frank F Castillo,BOS,0,0,0.00,2,0,0,0,0,0,1.0,1,0,0,0,0,1,0,2.00,.333
Gustavo G Chacin,TOR,1,1,2.57,2,2,0,0,0,0,14.0,8,4,4,0,1,3,6,0.79,.167
Francisco F Cruceta,CLE,0,1,9.39,2,2,0,0,0,0,7.2,10,9,8,1,1,4,9,1.83,.303
Joe J Dawley,CLE,0,0,5.40,2,2,0,0,0,0,8.1,7,5,5,1,0,7,8,1.68,.233
Leo L Estrella,SF,0,0,27.00,2,0,0,0,0,0,1.1,8,4,4,0,0,1,0,6.75,.727
Jared J Fernandez,HOU,0,0,54.00,2,1,0,0,0,0,1.0,6,6,6,0,0,5,0,11.00,.750
Travis T Hughes,TEX,0,0,13.50,2,0,0,0,0,0,1.1,4,2,2,0,0,2,4,4.50,.500
Kameron K Loe,TEX,0,0,5.40,2,1,0,0,0,0,6.2,6,5,4,0,1,6,3,1.80,.273
Dan D Meyer,ATL,0,0,0.00,2,0,0,0,0,0,2.0,2,0,0,0,0,1,1,1.50,.286
Lou L Pote,CLE,0,0,9.00,2,0,0,0,0,0,3.0,3,3,3,0,0,1,5,1.33,.250
Jake J Robbins,CLE,0,0,5.40,2,0,0,0,0,0,1.2,3,1,1,1,0,0,0,1.80,.375
Phil P Seibel,BOS,0,0,0.00,2,0,0,0,0,0,3.2,0,0,0,0,1,5,1,1.36,.000
Jason J Stanford,CLE,0,1,0.82,2,2,0,0,0,0,11.0,12,1,1,0,1,5,5,1.55,.279
Merkin M Valdez,SF,0,0,27.00,2,0,0,0,0,0,1.2,4,5,5,1,0,3,2,4.20,.444
Jorge J Vasquez,KC,0,0,8.10,2,0,0,0,0,0,3.1,4,4,3,1,1,1,4,1.50,.267
Jason J Young,COL,0,1,12.96,2,2,0,0,0,0,8.1,15,12,12,3,0,5,7,2.40,.385
Abe A Alvarez,BOS,0,1,9.00,1,1,0,0,0,0,5.0,8,5,5,2,0,5,2,2.60,.400
Jason J Anderson,CLE,0,0,45.00,1,0,0,0,0,0,1.0,1,5,5,1,0,4,1,5.00,.250
Dusty D Bergman,ANA,0,0,13.50,1,0,0,0,0,0,2.0,4,3,3,0,0,1,1,2.50,.444
Trent T Durrington,MIL,0,0,0.00,1,0,0,0,0,0,0.1,0,0,0,0,0,0,0,0.00,.000
Jesse J Foppert,SF,0,0,0.00,1,0,0,0,0,0,1.0,1,0,0,0,0,0,2,1.00,.250
Jeremy J Griffiths,HOU,0,0,10.38,1,1,0,0,0,0,4.1,4,5,5,1,0,3,5,1.62,.235
Tim T Laker,CLE,0,0,0.00,1,0,0,0,0,0,1.0,1,0,0,0,0,1,0,2.00,.333
John J Maine,BAL,0,1,9.82,1,1,0,0,0,0,3.2,7,4,4,1,0,3,1,2.73,.438
Sam S Marsonek,NYY,0,0,0.00,1,0,0,0,0,0,1.1,2,0,0,0,0,0,0,1.50,.333
Cody C Mc Kay,STL,0,0,0.00,1,0,0,0,0,0,2.0,0,0,0,0,0,1,0,0.50,.000
Frank F Menechino,TOR,0,0,0.00,1,0,0,0,0,0,0.1,2,0,0,0,0,0,0,6.00,.667
Rodney R Myers,LA,0,0,0.00,1,0,0,0,0,0,2.0,1,0,0,0,0,0,1,0.50,.167
Sam S Narron,TEX,0,0,13.50,1,1,0,0,0,0,2.2,5,4,4,3,0,4,1,3.38,.385
Mike M Neu,FLA,0,0,4.50,1,0,0,0,0,0,4.0,5,2,2,1,0,2,2,1.75,.313
Abraham O. A Nunez,PIT,0,0,0.00,1,0,0,0,0,0,0.1,0,0,0,0,0,0,0,0.00,.000
Shane S Reynolds,ARI,0,1,4.50,1,1,0,0,0,0,2.0,6,6,1,0,0,2,0,4.00,.500
Chris C Saenz,MIL,1,0,0.00,1,1,0,0,0,0,6.0,2,0,0,0,1,3,7,0.83,.100
Ryan R Snare,TEX,0,0,10.80,1,0,0,0,0,0,3.1,5,5,4,3,0,2,0,2.10,.333
Lino L Urdaneta,DET,0,0,-.--,1,0,0,0,0,0,0.0,5,6,6,0,0,1,0,-.--,1.000
Robin R Ventura,LA,0,0,0.00,1,0,0,0,0,0,1.0,1,0,0,0,0,0,0,1.00,.250
Eduardo E Villacis,KC,0,1,13.50,1,1,0,0,0,0,3.1,6,5,5,1,0,4,0,3.00,.375
Todd T Zeile,NYM,0,0,45.00,1,0,0,0,0,0,1.0,4,5,5,0,0,2,0,6.00,.571
