PLAYER,TEAM,AB,R,H,2B,3B,HR,RBI,BB,SO,SB,CS,AVG,OBP,SLG,OPS
Jose J Cruz C,TOR,162,603,91,146,32,5,31,76,71,129,15,5,.242,.323,.466,.788
Carlos C Delgado,TOR,162,569,115,196,57,1,41,137,123,104,0,1,.344,.470,.664,1.134
Luis L Gonzalez,ARI,162,618,106,192,47,2,31,114,78,85,2,4,.311,.392,.544,.935
Shawn S Green R,LA,162,610,98,164,44,4,24,99,90,121,24,5,.269,.367,.472,.839
Neifi N Perez S,COL,162,651,92,187,39,11,10,71,30,63,3,6,.287,.314,.427,.741
Jeromy J Burnitz R,MIL,161,564,91,131,29,2,31,98,99,121,6,4,.232,.356,.456,.811
Andruw A Jones C,ATL,161,656,122,199,36,6,36,104,59,100,21,6,.303,.366,.541,.907
Mo M Vaughn,ANA,161,614,93,167,31,0,36,117,79,181,2,0,.272,.365,.498,.864
Preston P Wilson C,FLA,161,605,94,160,35,3,31,121,55,187,36,14,.264,.331,.486,.817
Todd T Helton,COL,160,580,138,216,59,2,42,147,103,61,5,3,.372,.463,.698,1.162
Miguel M Tejada S,OAK,160,607,105,167,32,1,30,115,66,102,6,0,.275,.349,.479,.828
Garret G Anderson C,ANA,159,647,92,185,40,3,35,117,24,87,7,6,.286,.307,.519,.827
Jeff J Bagwell,HOU,159,590,152,183,37,1,47,132,107,116,9,6,.310,.424,.615,1.039
Johnny J Damon C,KC,159,655,136,214,42,10,16,88,65,60,46,9,.327,.382,.495,.877
Troy T Glaus,ANA,159,563,120,160,37,1,47,102,112,163,14,11,.284,.404,.604,1.008
Jeff J Kent,SF,159,587,114,196,41,7,33,125,90,107,12,9,.334,.424,.596,1.021
John J Olerud,SEA,159,565,84,161,45,0,14,103,102,96,0,2,.285,.392,.439,.831
Mike M Sweeney,KC,159,618,105,206,30,0,29,144,71,67,8,3,.333,.407,.523,.930
Frank F Thomas D,CWS,159,582,115,191,44,0,43,143,112,94,1,3,.328,.436,.625,1.061
Ben B Grieve L,OAK,158,594,92,166,40,1,27,104,73,130,3,0,.279,.359,.487,.845
Derrek D Lee,FLA,158,477,70,134,18,3,28,70,63,123,0,3,.281,.368,.507,.876
Fred F Mc Griff,TB,158,566,82,157,18,0,27,106,91,120,2,0,.277,.373,.452,.826
Rafael R Palmeiro,TEX,158,565,102,163,29,3,39,120,103,77,2,1,.288,.397,.558,.954
Joe J Randa,KC,158,612,88,186,29,4,15,106,36,66,6,3,.304,.343,.438,.781
Tim T Salmon R,ANA,158,568,108,165,36,2,34,97,104,139,0,2,.290,.404,.540,.945
Jim J Thome,CLE,158,557,106,150,33,1,37,106,118,171,1,0,.269,.398,.531,.929
Jeff J Cirillo,COL,157,598,111,195,53,2,11,115,67,72,3,4,.326,.392,.477,.869
Jermaine J Dye R,KC,157,601,107,193,41,2,33,118,69,99,0,1,.321,.390,.561,.951
Darin D Erstad L,ANA,157,676,121,240,39,6,25,100,64,82,28,8,.355,.409,.541,.951
Mike M Bordick S,NYM,156,583,88,166,30,1,20,80,49,99,9,6,.285,.341,.443,.783
Deivi D Cruz S,DET,156,583,68,176,46,5,10,82,13,43,1,4,.302,.318,.449,.767
Brian B Giles C,PIT,156,559,111,176,37,7,35,123,114,69,6,0,.315,.432,.594,1.026
Cristian C Guzman S,MIN,156,631,89,156,25,20,8,54,46,101,28,10,.247,.299,.388,.687
Chipper C Jones,ATL,156,579,118,180,38,1,36,111,95,64,14,7,.311,.404,.566,.970
Adam A Kennedy,ANA,156,598,82,159,33,11,9,72,28,73,22,8,.266,.300,.403,.703
Matt M Lawton R,MIN,156,561,84,171,44,2,13,88,91,63,23,7,.305,.405,.460,.865
Sammy S Sosa R,CHC,156,604,106,193,38,1,50,138,91,168,7,4,.320,.406,.634,1.040
Omar O Vizquel S,CLE,156,613,101,176,27,3,7,66,87,72,22,10,.287,.377,.375,.753
Roberto R Alomar,CLE,155,610,111,189,40,2,19,89,64,82,39,4,.310,.378,.475,.853
Dante D Bichette,BOS,155,575,80,169,32,2,23,90,49,91,5,2,.294,.350,.477,.826
Mike M Cameron C,SEA,155,543,96,145,28,4,19,78,78,133,24,7,.267,.365,.438,.803
Travis T Fryman,CLE,155,574,93,184,38,4,22,106,73,111,1,1,.321,.392,.516,.908
Eric E Karros,LA,155,584,84,146,29,0,31,106,63,122,4,3,.250,.321,.459,.780
Tino T Martinez,NYY,155,569,69,147,37,4,16,91,52,74,4,1,.258,.328,.422,.749
J. T. J Snow,SF,155,536,82,152,33,2,19,96,66,129,1,3,.284,.365,.459,.824
Bobby B Abreu R,PHI,154,576,103,182,42,10,25,79,100,116,28,8,.316,.416,.554,.970
Tony T Batista,TOR,154,620,96,163,32,2,41,114,35,121,5,4,.263,.307,.519,.827
Doug D Glanville C,PHI,154,637,89,175,27,6,8,52,31,76,31,8,.275,.307,.374,.681
Vladimir V Guerrero R,MON,154,571,101,197,28,11,44,123,58,74,9,10,.345,.410,.664,1.074
Bobby B Higginson L,DET,154,597,104,179,44,4,30,102,74,99,15,3,.300,.377,.538,.915
Jacque J Jones L,MIN,154,523,66,149,26,5,19,76,26,111,7,5,.285,.319,.463,.782
Eric E Chavez,OAK,153,501,89,139,23,4,26,86,62,94,2,2,.277,.355,.495,.850
Richard R Hidalgo C,HOU,153,558,118,175,42,3,44,122,56,110,13,6,.314,.391,.636,1.028
Edgar E Martinez D,SEA,153,556,100,180,31,0,37,145,96,95,3,0,.324,.423,.579,1.002
Bill B Mueller,SF,153,560,97,150,29,4,10,55,52,62,4,2,.268,.333,.388,.721
Magglio M Ordonez R,CWS,153,588,102,185,34,3,32,126,60,64,18,4,.315,.371,.546,.917
Jose J Vidro,MON,153,606,101,200,51,2,24,97,49,69,5,4,.330,.379,.540,.918
Eric E Young Sr.,CHC,153,607,98,180,40,2,6,47,63,39,54,7,.297,.367,.399,.766
Todd T Zeile,NYM,153,544,67,146,36,3,22,79,74,85,3,4,.268,.356,.467,.823
Ronnie R Belliard,MIL,152,571,83,150,30,9,8,54,82,84,7,5,.263,.354,.389,.743
Jim J Edmonds C,STL,152,525,129,155,25,0,42,108,103,167,10,3,.295,.411,.583,.994
Steve S Finley C,ARI,152,539,100,151,27,5,35,96,65,87,12,6,.280,.361,.544,.904
Jason J Giambi,OAK,152,510,108,170,29,1,43,137,137,96,2,0,.333,.476,.647,1.123
Jason J Kendall,PIT,152,579,112,185,33,6,14,58,79,79,22,12,.320,.412,.470,.882
Mark M Kotsay R,FLA,152,530,87,158,31,5,12,57,42,46,19,9,.298,.347,.443,.791
Carlos C Lee L,CWS,152,572,107,172,29,2,24,92,38,94,13,4,.301,.345,.484,.829
Dmitri D Young L,CIN,152,548,68,166,37,6,18,88,36,80,0,3,.303,.346,.491,.837
Delino D De Shields,BAL,151,561,84,166,43,5,10,86,69,82,37,10,.296,.369,.444,.813
Ray R Durham,CWS,151,614,121,172,35,9,17,75,75,105,25,13,.280,.361,.450,.810
Jorge J Posada,NYY,151,505,92,145,35,1,28,86,107,151,2,2,.287,.417,.527,.943
Edgardo E Alfonzo,NYM,150,544,109,176,40,2,25,94,95,70,3,2,.324,.425,.542,.967
Brad B Ausmus,DET,150,523,75,139,25,3,7,51,69,79,11,5,.266,.357,.365,.722
Damon D Buford C,CHC,150,495,64,124,18,3,15,48,47,118,4,6,.251,.324,.390,.714
Edgar E Renteria S,STL,150,562,94,156,32,1,16,76,63,77,21,13,.278,.346,.423,.770
David D Segui,CLE,150,574,93,192,42,1,19,103,53,84,0,1,.334,.388,.510,.898
Jay J Bell,ARI,149,565,87,151,30,6,18,68,70,88,7,3,.267,.348,.437,.786
Marvin M Benard C,SF,149,560,102,147,27,6,12,55,63,97,22,7,.263,.342,.396,.739
Jay J Payton C,NYM,149,488,63,142,23,1,17,62,30,60,5,11,.291,.331,.447,.778
Peter P Bergeron C,MON,148,518,80,127,25,7,5,31,58,100,11,13,.245,.320,.349,.670
Royce R Clayton S,TEX,148,513,70,124,21,5,14,54,42,92,11,7,.242,.301,.384,.685
Mark M Grudzielanek,LA,148,617,101,172,35,6,7,49,45,81,12,3,.279,.335,.389,.724
Derek D Jeter S,NYY,148,593,119,201,31,4,15,73,68,99,22,4,.339,.416,.481,.896
Alex A Rodriguez S,SEA,148,554,134,175,34,2,41,132,100,121,15,4,.316,.420,.606,1.026
Richie R Sexson,MIL,148,537,89,146,30,1,30,91,59,159,2,0,.272,.349,.499,.848
Michael M Tucker R,CIN,148,270,55,72,13,4,15,36,44,64,13,6,.267,.381,.511,.892
Tom T Goodwin C,LA,147,528,94,139,11,9,6,58,68,117,55,10,.263,.346,.352,.698
Chris C Singleton,CWS,147,511,83,130,22,5,11,62,35,85,22,7,.254,.301,.382,.683
B. J. B Surhoff L,ATL,147,539,69,157,36,2,14,68,41,58,10,2,.291,.344,.443,.787
Marquis M Grissom C,MIL,146,595,67,145,18,2,14,62,39,99,20,10,.244,.288,.351,.640
David D Justice L,NYY,146,524,89,150,31,1,41,118,77,91,2,1,.286,.377,.584,.961
Corey C Koskie,MIN,146,474,79,142,32,4,9,65,77,104,5,4,.300,.400,.441,.841
Gerald G Williams C,TB,146,632,87,173,30,2,21,89,34,103,12,12,.274,.312,.427,.739
Tony T Womack S,ARI,146,617,95,167,21,14,7,57,30,74,45,11,.271,.307,.384,.692
Ken K Griffey C,CIN,145,520,100,141,22,3,40,118,94,117,6,4,.271,.387,.556,.942
Ryan R Klesko,SD,145,494,88,140,33,2,26,92,91,81,23,7,.283,.393,.516,.909
Eric E Owens R,SD,145,583,87,171,19,7,6,51,45,63,29,14,.293,.346,.381,.727
Dean D Palmer,DET,145,524,73,134,22,2,29,102,66,146,4,2,.256,.338,.471,.809
Derek D Bell R,NYM,144,546,87,145,31,1,18,69,65,125,8,4,.266,.348,.425,.773
Warren W Morris,PIT,144,528,68,137,31,2,3,43,65,78,7,10,.259,.341,.343,.684
Jose J Valentin S,CWS,144,568,107,155,37,6,25,92,59,106,19,2,.273,.343,.491,.834
Barry B Bonds L,SF,143,480,129,147,28,4,49,106,117,77,11,3,.306,.440,.688,1.127
Mark M Grace,CHC,143,510,75,143,41,1,11,82,95,28,1,2,.280,.394,.429,.824
Ramon R Hernandez,OAK,143,419,52,101,19,0,14,62,38,64,1,0,.241,.311,.387,.698
Paul P Konerko,CWS,143,524,84,156,31,1,21,97,47,72,1,0,.298,.363,.481,.844
Phil P Nevin,SD,143,538,87,163,34,1,31,107,59,121,2,0,.303,.374,.543,.916
Rey R Sanchez S,KC,143,509,68,139,18,2,1,38,28,55,7,3,.273,.314,.322,.636
Matt M Stairs R,OAK,143,476,74,108,26,0,21,81,78,122,5,2,.227,.333,.414,.747
Brian B Daubach,BOS,142,495,55,123,32,2,21,76,44,130,1,1,.248,.315,.448,.764
Paul P O' Neill R,NYY,142,566,79,160,26,0,18,100,51,90,14,9,.283,.336,.424,.760
Brady B Anderson C,BAL,141,506,89,130,26,0,19,50,92,103,16,9,.257,.375,.421,.796
Rich R Aurilia S,SF,141,509,67,138,24,2,20,79,54,90,1,2,.271,.339,.444,.783
Albert A Belle R,BAL,141,559,71,157,37,1,23,103,52,68,0,5,.281,.342,.474,.816
Juan J Encarnacion C,DET,141,547,75,158,25,6,14,72,29,90,16,4,.289,.330,.433,.764
Andres A Galarraga,ATL,141,494,67,149,25,1,28,100,36,126,3,5,.302,.369,.526,.895
Alex A Gonzalez S,TOR,141,527,68,133,31,2,15,69,43,113,4,4,.252,.313,.404,.717
Gary G Sheffield L,LA,141,501,105,163,24,3,43,109,101,71,4,6,.325,.438,.643,1.081
Robin R Ventura,NYM,141,469,61,109,23,1,24,84,75,91,3,5,.232,.338,.439,.777
Bernie B Williams C,NYY,141,537,108,165,37,6,30,121,71,84,13,5,.307,.391,.566,.957
Ron R Coomer,MIN,140,544,64,147,29,1,16,82,36,50,2,0,.270,.317,.415,.733
Nomar N Garciaparra S,BOS,140,529,104,197,51,3,21,96,61,50,5,2,.372,.434,.599,1.033
Mike M Lowell,FLA,140,508,73,137,38,0,22,91,54,75,4,0,.270,.344,.474,.818
Luis L Alicea,TEX,139,540,85,159,25,8,6,63,59,75,1,3,.294,.365,.404,.769
Mike M Lansing,BOS,139,504,72,121,18,6,11,60,38,75,8,2,.240,.292,.365,.657
Jason J Varitek,BOS,139,448,55,111,31,1,10,65,60,84,1,1,.248,.342,.388,.730
Adrian A Beltré,LA,138,510,71,148,30,2,20,85,56,80,12,5,.290,.360,.475,.835
Damian D Jackson S,SD,138,470,68,120,27,6,6,37,62,108,28,6,.255,.345,.377,.721
Mike M Lamb,TEX,138,493,65,137,25,2,6,47,34,60,0,2,.278,.328,.373,.702
Terrence T Long C,OAK,138,584,104,168,34,4,18,80,43,77,5,0,.288,.336,.452,.788
Mark M Mc Lemore,SEA,138,481,72,118,23,1,3,46,81,78,30,14,.245,.353,.316,.669
Troy T O' Leary L,BOS,138,513,68,134,30,4,13,70,44,76,0,2,.261,.320,.411,.731
Carl C Everett,BOS,137,496,82,149,32,4,34,108,52,113,11,4,.300,.373,.587,.959
Todd T Hollandsworth L,COL,137,428,81,115,20,0,19,47,41,99,18,7,.269,.333,.449,.782
Ricky R Ledee,TEX,137,467,59,110,19,5,13,77,59,98,13,6,.236,.322,.381,.703
Kenny K Lofton C,CLE,137,543,107,151,23,5,15,73,79,72,30,7,.278,.369,.422,.791
Luis L Castillo,FLA,136,539,101,180,17,3,2,17,78,86,62,22,.334,.418,.388,.806
Mike M Piazza,NYM,136,482,90,156,26,0,38,113,58,69,4,2,.324,.398,.614,1.012
Shannon S Stewart L,TOR,136,583,107,186,43,5,21,69,37,79,20,5,.319,.363,.518,.882
Scott S Brosius,NYY,135,470,57,108,20,0,16,64,45,73,0,3,.230,.299,.374,.673
J. D. J Drew R,STL,135,407,73,120,17,2,18,57,67,99,17,9,.295,.401,.479,.880
Geoff G Jenkins L,MIL,135,512,100,155,36,4,34,94,33,135,11,1,.303,.360,.588,.948
Al A Martin L,SEA,135,480,81,137,15,10,15,36,36,85,10,9,.285,.338,.452,.790
Mark M Quinn L,KC,135,500,76,147,33,2,20,78,35,91,5,2,.294,.342,.488,.830
Pokey P Reese,CIN,135,518,76,132,20,6,12,46,45,86,29,3,.255,.319,.386,.705
Ruben R Rivera C,SD,135,423,62,88,18,6,17,57,44,137,8,4,.208,.296,.400,.696
Denny D Hocking,MIN,134,373,52,111,24,4,4,47,48,77,7,5,.298,.373,.416,.789
Javy J Lopez,ATL,134,481,60,138,21,1,24,89,35,80,0,0,.287,.337,.484,.822
Craig C Paquette,STL,134,384,47,94,24,2,15,60,27,83,4,3,.245,.294,.435,.728
John J Vander Wal R,PIT,134,384,74,115,29,0,24,94,72,92,11,2,.299,.410,.563,.972
David D Bell,SEA,133,454,57,112,24,2,11,47,42,66,2,3,.247,.316,.381,.697
Sean S Casey,CIN,133,480,69,151,33,2,20,85,52,80,1,0,.315,.385,.517,.902
Brad B Fullmer D,TOR,133,482,76,142,29,1,32,104,30,68,3,1,.295,.340,.558,.898
Brian B Jordan R,ATL,133,489,71,129,26,0,17,77,38,80,10,2,.264,.320,.421,.742
Dave D Martinez R,TOR,132,457,60,125,19,5,5,47,50,73,8,7,.274,.346,.370,.716
Pat P Meares S,PIT,132,462,55,111,22,2,13,47,36,91,1,0,.240,.305,.381,.686
Melvin M Mora S,BAL,132,414,60,114,22,5,8,47,35,80,12,11,.275,.337,.411,.748
Kevin K Young,PIT,132,496,77,128,27,0,20,88,32,96,8,3,.258,.311,.433,.744
Danny D Bautista R,ARI,131,351,54,100,20,7,11,59,25,50,6,2,.285,.333,.476,.809
Rafael R Furcal S,ATL,131,455,87,134,20,4,4,37,73,80,40,14,.295,.394,.382,.776
Will W Clark,STL,130,427,78,136,30,2,21,70,69,69,5,2,.319,.418,.546,.964
Bengie B Molina,ANA,130,473,59,133,20,2,14,71,23,33,1,0,.281,.318,.421,.739
David D Ortiz,MIN,130,415,59,117,36,1,10,63,57,81,1,0,.282,.364,.446,.810
Charles C Johnson,CWS,128,421,76,128,24,0,31,91,52,106,2,0,.304,.379,.582,.961
Ray R Lankford L,STL,128,392,73,99,16,3,26,65,70,148,5,6,.253,.367,.508,.874
Travis T Lee,PHI,128,404,53,95,24,1,9,54,65,79,8,1,.235,.342,.366,.709
Mike M Matheny,STL,128,417,43,109,22,1,6,47,32,96,0,0,.261,.317,.362,.679
Desi D Relaford S,SD,128,410,55,88,14,3,5,46,75,71,13,0,.215,.351,.300,.651
Scott S Rolen,PHI,128,483,88,144,32,6,26,89,51,99,8,1,.298,.370,.551,.920
Bret B Boone,SD,127,463,61,116,18,2,19,74,50,97,8,4,.251,.326,.421,.747
Wil W Cordero L,CLE,127,496,64,137,35,5,16,68,32,76,1,2,.276,.328,.464,.792
Wilton W Guerrero,MON,127,288,30,77,7,2,2,23,19,41,8,1,.267,.312,.326,.638
Greg G Vaughn L,TB,127,461,83,117,27,1,28,74,80,128,8,1,.254,.365,.499,.864
Moises M Alou R,HOU,126,454,82,161,28,2,30,114,52,45,3,3,.355,.416,.623,1.039
Damion D Easley,DET,126,464,76,120,27,2,14,58,55,79,13,4,.259,.350,.416,.766
Mickey M Morandini,TOR,126,409,41,105,15,4,0,29,36,77,6,2,.257,.322,.313,.635
Orlando O Cabrera S,MON,125,422,47,100,25,1,13,55,25,28,4,4,.237,.279,.393,.673
Ricky R Gutierrez S,CHC,125,449,73,124,19,2,11,56,66,58,8,2,.276,.375,.401,.775
Geoff G Blum,MON,124,343,40,97,20,2,11,45,26,60,1,4,.283,.335,.449,.784
Jose J Hernandez,MIL,124,446,51,109,22,1,11,59,41,125,3,7,.244,.315,.372,.687
Bill B Spiers,HOU,124,355,41,107,17,3,3,43,49,38,7,4,.301,.386,.392,.777
Ron R Gant L,ANA,123,425,69,106,19,3,26,54,56,91,6,6,.249,.335,.492,.827
Rickey R Henderson L,SEA,123,420,75,98,14,2,4,32,88,75,36,11,.233,.368,.305,.673
Kevin K Millar,FLA,123,259,36,67,14,3,14,42,36,47,0,0,.259,.364,.498,.862
Trot T Nixon R,BOS,123,427,66,118,27,8,12,60,63,85,8,1,.276,.368,.461,.830
Scott S Spiezio D,ANA,123,297,47,72,11,2,17,49,40,56,1,2,.242,.334,.465,.799
Lee L Stevens,MON,123,449,60,119,27,2,22,75,48,105,0,0,.265,.337,.481,.818
Fernando F Vina,STL,123,487,81,146,24,6,4,31,36,36,10,8,.300,.380,.398,.779
Ellis E Burks R,SF,122,393,74,135,21,5,24,96,56,49,5,1,.344,.419,.606,1.025
Darrin D Fletcher,TOR,122,416,43,133,19,1,20,58,20,45,1,0,.320,.355,.514,.870
Jeffrey J Hammonds R,COL,122,454,94,152,24,2,20,106,44,83,14,7,.335,.395,.529,.924
Randy R Velarde,OAK,122,485,82,135,23,0,12,41,54,95,9,3,.278,.354,.400,.754
Ryan R Christenson L,OAK,121,129,31,32,2,2,4,18,19,33,1,2,.248,.349,.388,.737
Cliff C Floyd L,FLA,121,420,75,126,30,0,22,91,50,82,24,3,.300,.378,.529,.906
Charlie C Hayes,MIL,121,370,46,93,17,0,9,46,57,84,1,1,.251,.348,.370,.718
Benny B Agbayani L,NYM,119,350,59,101,19,1,15,60,54,68,5,5,.289,.391,.477,.868
Miguel M Cairo,TB,119,375,49,98,18,2,1,34,29,34,28,7,.261,.314,.328,.642
Jeff J Conine,BAL,119,409,53,116,20,2,13,46,36,53,4,3,.284,.341,.438,.779
Wally W Joyner,ATL,119,224,24,63,12,0,5,32,31,31,0,0,.281,.365,.402,.767
Chris C Stynes,CIN,119,380,71,127,24,1,12,40,32,54,5,2,.334,.386,.497,.884
Daryle D Ward,HOU,119,264,36,68,10,2,20,47,15,61,0,0,.258,.295,.538,.833
Alex A Ochoa L,CIN,118,244,50,77,21,3,13,58,24,27,9,4,.316,.378,.586,.964
Placido P Polanco,STL,118,323,50,102,12,3,5,39,16,26,4,4,.316,.347,.418,.765
Manny M Ramirez R,CLE,118,439,92,154,34,2,38,122,86,117,1,1,.351,.457,.697,1.154
Rob R Ducey,PHI,117,165,26,32,5,1,6,26,31,49,1,0,.194,.318,.345,.664
Brent B Mayne,COL,117,335,36,101,21,0,6,64,47,48,1,3,.301,.381,.418,.799
Mitch M Meluskey,HOU,117,337,47,101,21,0,14,69,55,74,1,0,.300,.401,.487,.888
Luis L Polonia,NYY,117,344,48,95,14,5,7,30,29,32,12,7,.276,.329,.407,.736
Greg G Colbrunn,ARI,116,329,48,103,22,1,15,57,43,45,0,1,.313,.405,.523,.928
Steve S Cox R,TB,116,318,44,90,19,1,11,35,45,47,1,2,.283,.379,.453,.832
Gabe G Kapler C,TEX,116,444,59,134,32,1,14,66,42,57,8,4,.302,.360,.473,.833
Julio J Lugo S,HOU,116,420,78,119,22,5,10,40,37,93,22,9,.283,.346,.431,.777
Jose J Offerman,BOS,116,451,73,115,14,3,9,41,70,70,0,8,.255,.354,.359,.714
Herbert H Perry,CWS,116,411,71,124,30,1,12,62,24,75,4,1,.302,.350,.467,.818
Rich R Becker,DET,115,285,59,69,14,0,8,39,67,87,2,2,.242,.384,.375,.759
Juan J Gonzalez R,DET,115,461,69,133,30,2,22,67,32,84,1,2,.289,.337,.505,.842
Armando A Rios R,SF,115,233,38,62,15,5,10,50,31,43,3,2,.266,.347,.502,.849
Terry T Shumpert,COL,115,263,52,68,11,7,9,40,28,40,8,4,.259,.340,.456,.796
Lance L Berkman R,HOU,114,353,76,105,28,1,21,67,56,73,6,2,.297,.388,.561,.949
Bobby B Bonilla L,ATL,114,239,23,61,13,3,5,28,37,51,0,0,.255,.356,.397,.754
Keith K Lockhart,ATL,113,275,32,73,12,3,2,32,29,31,4,1,.265,.331,.353,.684
Jose J Vizcaino,NYY,113,267,32,67,10,2,0,14,22,43,6,7,.251,.308,.303,.612
Jay J Buhner R,SEA,112,364,50,92,20,0,26,82,59,98,0,2,.253,.361,.522,.883
Lenny L Harris,NYM,112,223,31,58,7,4,4,26,20,22,13,1,.260,.317,.381,.698
Henry H Rodriguez L,FLA,112,367,47,94,21,1,20,61,36,99,1,2,.256,.327,.482,.809
Pat P Burrell,PHI,111,408,57,106,27,1,18,79,63,139,0,0,.260,.359,.463,.822
Tim T Bogar S,HOU,110,304,32,63,9,2,7,33,35,56,1,1,.207,.292,.319,.611
Benji B Gil S,ANA,110,301,28,72,14,1,6,23,30,59,10,6,.239,.317,.352,.669
Kevin K Stocker S,ANA,110,343,41,75,20,4,2,24,51,81,1,5,.219,.326,.318,.644
Alex A Cora S,LA,109,353,39,84,18,6,4,32,26,53,4,1,.238,.302,.357,.658
John J Flaherty,TB,109,394,36,103,15,0,10,39,20,57,0,0,.261,.296,.376,.671
Alex A Gonzalez S,FLA,109,385,35,77,17,4,7,42,13,77,7,1,.200,.229,.319,.548
Butch B Huskey,COL,109,307,40,80,21,0,9,45,41,63,1,3,.261,.346,.417,.762
Kevin K Jordan,PHI,109,337,30,74,16,2,5,36,17,41,0,1,.220,.257,.323,.580
Chad C Curtis L,TEX,108,335,48,91,25,1,8,48,37,71,3,3,.272,.343,.424,.767
Terry T Jones L,MON,108,168,30,42,8,2,0,13,10,32,7,2,.250,.292,.321,.614
Mike M Lieberthal,PHI,108,389,55,108,30,0,15,71,40,53,2,0,.278,.352,.470,.822
Calvin C Murray,SF,108,194,35,47,12,1,2,22,29,33,9,3,.242,.348,.345,.693
Orlando O Palmeiro L,ANA,108,243,38,73,20,2,0,25,38,20,4,1,.300,.395,.399,.794
Bobby B Estalella,SF,106,299,45,70,22,3,14,53,57,92,3,0,.234,.357,.468,.826
Jeff J Frye,COL,106,326,49,100,19,0,1,16,36,54,5,3,.307,.377,.374,.751
Joe J Girardi,CHC,106,363,47,101,15,1,6,40,32,61,1,0,.278,.339,.375,.714
Felix F Martinez S,TB,106,299,42,64,11,4,2,17,32,68,9,3,.214,.305,.298,.603
Ed E Sprague,SD,106,268,30,65,16,0,12,36,25,58,0,0,.243,.312,.437,.749
Willie W Greene,CHC,105,299,34,60,15,2,10,37,36,69,4,0,.201,.289,.365,.654
Rusty R Greer L,TEX,105,394,65,117,34,3,8,65,51,61,4,1,.297,.377,.459,.837
Jose J Guillen R,TB,105,316,40,80,16,5,10,41,18,65,3,1,.253,.320,.430,.750
Shane S Halter,DET,105,238,26,62,12,2,3,27,14,49,5,2,.261,.302,.366,.668
Stan S Javier L,SEA,105,342,61,94,18,5,5,40,42,64,4,3,.275,.351,.401,.751
Adrian A Brown C,PIT,104,308,64,97,18,3,4,28,29,34,13,1,.315,.373,.432,.805
Jeremy J Giambi R,OAK,104,260,42,66,10,2,10,50,32,61,0,0,.254,.338,.423,.761
Glenallen G Hill D,NYY,104,300,45,88,9,1,27,58,19,76,0,1,.293,.336,.600,.936
Brian L. B Hunter C,CIN,104,240,47,64,5,1,1,14,27,40,20,3,.267,.342,.308,.650
Mark M Smith,FLA,104,192,22,47,8,1,5,27,17,54,2,0,.245,.310,.375,.685
Frank F Catalanotto,TEX,103,282,55,82,13,2,10,42,33,36,6,2,.291,.375,.457,.832
Dave D Mc Carty,KC,103,270,34,75,14,2,12,53,22,68,0,0,.278,.329,.478,.807
Reggie R Sanders L,ATL,103,340,43,79,23,1,11,37,32,78,21,4,.232,.302,.403,.705
Jay J Canizaro,MIN,102,346,43,93,21,1,7,40,24,57,4,2,.269,.318,.396,.714
Dave D Hansen,LA,102,121,18,35,6,2,8,26,26,32,0,1,.289,.415,.570,.985
Chuck C Knoblauch,NYY,102,400,75,113,22,2,5,26,46,45,15,7,.283,.366,.385,.751
Barry B Larkin S,CIN,102,396,71,124,26,5,11,41,48,31,14,6,.313,.389,.487,.876
Bubba B Trammell,NYM,102,245,28,65,13,2,10,45,29,49,4,0,.265,.345,.457,.802
Manny M Alexander,BOS,101,194,30,41,4,3,4,19,13,41,2,0,.211,.261,.325,.586
Craig C Biggio,HOU,101,377,67,101,13,5,8,35,61,73,12,2,.268,.388,.393,.780
Matt M Franco,NYM,101,134,9,32,4,0,2,14,21,22,0,0,.239,.340,.313,.653
Tyler T Houston,MIL,101,284,30,71,15,0,18,43,17,72,2,1,.250,.292,.493,.785
Jolbert J Cabrera R,CLE,100,175,27,44,3,1,2,15,8,15,6,4,.251,.290,.314,.605
Carlos C Febles,KC,100,339,59,87,12,1,2,29,36,48,17,6,.257,.345,.316,.660
Andy A Fox S,FLA,100,250,29,58,8,2,4,20,22,53,10,4,.232,.302,.328,.630
Russ R Johnson,TB,100,230,32,55,8,0,2,20,27,40,5,2,.239,.320,.300,.620
Damian D Miller,ARI,100,324,43,89,24,0,10,44,36,74,2,2,.275,.347,.441,.788
Torii T Hunter C,MIN,99,336,44,94,14,7,5,44,18,68,4,3,.280,.318,.408,.726
Hal H Morris,DET,99,169,24,47,9,1,3,14,31,26,0,0,.278,.391,.396,.788
Kevin K Sefcik,PHI,99,153,15,36,6,2,0,10,13,19,4,2,.235,.300,.301,.601
Clay C Bellinger,NYY,98,184,33,38,8,2,6,21,17,48,5,0,.207,.288,.370,.658
Carlos C Beltrán Beltran,KC,98,372,49,92,15,4,7,44,35,69,13,0,.247,.309,.366,.675
Jose J Canseco D,NYY,98,329,47,83,18,0,15,49,64,102,2,0,.252,.377,.444,.820
Midre M Cummings,BOS,98,206,29,57,10,0,4,24,17,28,0,0,.277,.341,.383,.724
Shawon S Dunston L,STL,98,216,28,54,11,2,12,43,6,47,3,1,.250,.278,.486,.764
Sandy S Alomar,CLE,97,356,44,103,16,2,7,42,16,41,2,2,.289,.324,.404,.728
Darren D Lewis C,BOS,97,270,44,65,12,0,2,17,22,34,10,5,.241,.305,.307,.612
Harold H Baines D,CWS,96,283,26,72,13,0,11,39,36,50,0,0,.254,.338,.417,.754
Raul R Mondesi,TOR,96,388,78,105,22,2,24,67,32,73,22,6,.271,.329,.523,.852
Fernando F Tatis,STL,96,324,59,82,21,1,18,64,57,94,2,3,.253,.379,.491,.870
Chris C Widger,SEA,96,292,32,68,17,2,13,35,30,63,1,2,.233,.306,.438,.744
Matt M Williams,ARI,96,371,43,102,18,2,12,47,20,51,1,2,.275,.315,.431,.746
Brant B Brown,CHC,95,162,11,28,7,0,5,16,13,62,3,1,.173,.237,.309,.546
Wiki W Gonzalez,SD,95,284,25,66,15,1,5,30,30,31,1,2,.232,.311,.345,.656
John J Mabry R,SD,95,226,35,53,13,0,8,32,15,69,0,1,.235,.287,.398,.685
Dave D Magadan,SD,95,132,13,36,7,0,2,21,32,23,0,0,.273,.410,.371,.781
Luis L Sojo,NYY,95,301,33,86,18,1,7,37,17,22,2,0,.286,.325,.422,.747
Rondell R White L,CHC,94,357,59,111,26,0,13,61,33,79,5,3,.311,.374,.493,.867
Mike M Benjamin,PIT,93,233,28,63,18,2,2,19,12,45,5,4,.270,.313,.391,.704
Henry H Blanco,MIL,93,284,29,67,24,0,7,31,36,60,0,3,.236,.318,.394,.712
Brook B Fordyce,BAL,93,302,41,91,18,1,14,49,17,50,0,0,.301,.341,.507,.848
Eric E Davis R,STL,92,254,38,77,14,0,6,40,36,60,1,1,.303,.389,.429,.818
Scott S Hatteberg,BOS,92,230,21,61,15,0,8,36,38,39,0,1,.265,.367,.435,.801
Trenidad T Hubbard R,BAL,92,108,18,20,2,2,1,6,11,23,4,2,.185,.267,.269,.535
Raul R Ibanez,SEA,92,140,21,32,8,0,2,15,14,25,2,0,.229,.301,.329,.630
Mark M Loretta S,MIL,91,352,49,99,21,1,7,40,37,38,0,3,.281,.350,.406,.757
Wendell W Magee R,DET,91,186,31,51,4,2,7,31,10,28,1,0,.274,.310,.430,.740
Ivan I Rodriguez,TEX,91,363,66,126,27,4,27,83,19,48,5,5,.347,.375,.667,1.042
Kory K De Haan R,SD,90,103,19,21,7,0,2,13,5,39,4,2,.204,.239,.330,.569
Carlos C Guillen,SEA,90,288,45,74,15,2,7,42,28,53,1,3,.257,.324,.396,.720
Todd T Hundley,LA,90,299,49,85,16,0,24,70,45,69,0,1,.284,.375,.579,.954
Jeff J Reed,CHC,90,229,26,49,10,0,4,25,44,68,0,1,.214,.342,.310,.652
Mike M Stanley,OAK,90,282,33,67,12,0,14,46,44,65,0,0,.238,.339,.429,.768
Dan D Wilson,SEA,90,268,31,63,12,0,5,27,22,51,1,2,.235,.291,.336,.627
Michael M Barrett,MON,89,271,28,58,15,1,1,22,23,35,0,1,.214,.277,.288,.565
Felipe F Crespo,SF,89,131,17,38,6,1,4,29,10,23,3,2,.290,.351,.443,.794
Mark M Mc Gwire,STL,89,236,60,72,8,0,32,73,76,78,1,0,.305,.483,.746,1.229
Benito B Santiago,CIN,89,252,22,66,11,1,8,45,19,45,2,2,.262,.310,.409,.719
Ramon R Martinez S,SF,88,189,30,57,13,2,6,25,15,22,3,2,.302,.354,.487,.841
Brian R. B Hunter,PHI,87,140,14,30,5,0,8,23,20,39,0,1,.214,.313,.421,.734
Joe J Mc Ewing L,NYM,87,153,20,34,14,1,2,19,5,29,3,1,.222,.248,.366,.614
James J Mouton,MIL,87,159,28,37,7,1,2,17,30,43,13,4,.233,.363,.327,.690
Mike M Redmond,FLA,87,210,17,53,8,1,0,15,13,19,0,0,.252,.316,.300,.616
Larry L Walker R,COL,87,314,64,97,21,7,9,51,46,40,5,5,.309,.409,.506,.915
Raul R Casanova,MIL,86,231,20,57,13,3,6,36,26,48,1,2,.247,.331,.407,.738
Thomas T Howard,STL,86,133,13,28,4,1,6,28,7,34,1,0,.211,.255,.391,.646
Mike M Mordecai,MON,86,169,20,48,16,0,4,16,12,34,2,2,.284,.335,.450,.785
Vinny V Castilla,TB,85,331,22,73,9,1,6,42,14,41,1,2,.221,.254,.308,.562
Glen G Barker C,HOU,84,67,18,15,2,1,2,6,7,23,9,6,.224,.307,.373,.680
Aaron A Boone,CIN,84,291,44,83,18,0,12,43,24,52,6,1,.285,.356,.471,.826
Alex A Ramirez R,PIT,84,227,26,56,11,2,9,30,12,49,2,0,.247,.285,.432,.716
Quilvio Q Veras,ATL,84,298,56,92,15,0,5,37,51,50,25,12,.309,.413,.409,.823
Cal C Ripken,BAL,83,309,43,79,16,0,15,56,23,37,0,0,.256,.310,.453,.763
Andy A Tracy,MON,83,192,29,50,8,1,11,32,22,61,1,0,.260,.339,.484,.824
Gregg G Zaun,KC,83,234,36,64,11,0,7,33,43,34,7,3,.274,.390,.410,.800
Dave D Berg S,FLA,82,210,23,53,14,1,1,21,25,46,3,0,.252,.340,.343,.683
Juan J Castro S,CIN,82,224,20,54,12,2,4,23,14,33,0,2,.241,.283,.366,.649
Mark M Lewis,BAL,82,182,20,46,18,0,2,24,13,34,7,2,.253,.305,.385,.689
Doug D Mirabelli,SF,82,230,23,53,10,2,6,28,36,57,1,0,.230,.337,.370,.707
Jose J Nieves,CHC,82,198,17,42,6,3,5,24,11,43,1,1,.212,.251,.348,.600
Bruce B Aven L,LA,81,168,20,42,11,0,7,29,8,39,2,3,.250,.284,.440,.725
Paul P Bako,ATL,81,221,18,50,10,1,2,20,27,64,0,0,.226,.312,.308,.620
Rico R Brogna,BOS,81,185,20,43,17,0,2,21,10,41,1,0,.232,.278,.357,.634
F. P. F Santangelo C,LA,81,142,19,28,4,0,1,9,21,33,3,2,.197,.322,.246,.568
Eddie E Taubensee,CIN,81,266,29,71,12,0,6,24,21,44,0,0,.267,.324,.380,.704
Jeff J Abbott C,CWS,80,215,31,59,15,1,3,29,21,38,2,1,.274,.343,.395,.738
Russ R Davis,SF,80,180,27,47,5,0,9,24,9,29,0,3,.261,.302,.439,.741
Kevin K Elster S,LA,80,220,29,50,8,0,14,32,38,52,0,0,.227,.341,.455,.796
Chad C Kreuter,LA,80,212,32,56,13,0,6,28,54,48,1,0,.264,.416,.410,.827
Gary G Matthews L,CHC,80,158,24,30,1,2,4,14,15,28,3,0,.190,.264,.297,.562
Todd T Pratt,NYM,80,160,33,44,6,0,8,25,22,31,0,0,.275,.378,.463,.840
Todd T Walker,COL,80,248,42,72,11,4,9,44,27,29,7,1,.290,.355,.476,.830
Walt W Weiss S,ATL,80,192,29,50,6,2,0,18,26,32,1,1,.260,.353,.313,.665
Enrique E Wilson,PIT,80,239,27,70,15,1,5,27,18,24,2,2,.293,.340,.427,.766
Kurt K Abbott S,NYM,79,157,22,34,7,1,6,12,14,51,1,1,.217,.283,.389,.672
Scarborough S Green C,TEX,79,124,21,29,1,1,0,9,10,26,10,6,.234,.291,.258,.549
Steve S Kline,MON,79,2,0,0,0,0,0,0,0,1,0,0,.000,.000,.000,.000
Luis L Lopez S,MIL,78,201,24,53,14,0,6,27,9,35,1,2,.264,.309,.423,.732
Chris C Truby,HOU,78,258,28,67,15,4,11,59,10,56,2,1,.260,.295,.477,.772
Mike M Myers,COL,77,0,0,0,0,0,0,0,0,0,0,0,.000,.000,.000,.000
Scott S Sullivan,CIN,77,7,0,2,0,0,0,0,0,2,0,0,.286,.286,.286,.571
Homer H Bush,TOR,76,297,38,64,8,0,1,18,18,60,9,4,.215,.271,.253,.524
Olmedo O Saenz,OAK,76,214,40,67,12,2,9,33,25,40,1,0,.313,.401,.514,.915
Fernando F Seguignol,MON,76,162,22,45,8,0,10,22,9,46,0,1,.278,.326,.512,.838
Kelly K Stinnett,ARI,76,240,22,52,7,0,8,33,19,56,0,1,.217,.291,.346,.636
Einar E Díaz Diaz,CLE,75,250,29,68,14,2,4,25,11,29,4,2,.272,.323,.392,.715
Hanley H Frias,ARI,75,112,18,23,5,0,2,6,17,18,2,2,.205,.310,.304,.614
Carlos C Hernandez,STL,75,242,23,62,15,0,3,35,21,35,2,3,.256,.322,.355,.678
Mark M Johnson,CWS,75,213,29,48,11,0,3,23,27,40,3,2,.225,.315,.319,.635
Roger R Cedeno C,HOU,74,259,54,73,2,5,6,26,43,47,25,11,.282,.383,.398,.780
Tony T Eusebio,HOU,74,218,24,61,18,0,7,33,25,45,0,0,.280,.361,.459,.820
Bernard B Gilkey R,BOS,74,164,17,29,6,1,3,15,17,28,0,0,.177,.265,.280,.545
Turk T Wendell,NYM,74,4,0,1,0,0,0,0,0,0,0,0,.250,.250,.250,.500
Jose J Macias,DET,73,173,25,44,3,5,2,24,18,24,2,0,.254,.328,.364,.692
Matt M Mieske,ARI,73,89,10,16,1,2,2,7,8,18,0,0,.180,.253,.303,.556
Aramis A Ramirez,PIT,73,254,19,65,15,2,6,35,10,36,0,0,.256,.293,.402,.695
Shane S Spencer L,NYY,73,248,33,70,11,3,9,40,19,45,1,2,.282,.330,.460,.789
Jose J Jimenez,COL,72,4,0,2,0,0,0,1,0,2,0,0,.500,.500,.500,1.000
Luis L Matos C,BAL,72,182,21,41,6,3,1,17,12,30,13,4,.225,.281,.308,.589
Felix F Rodriguez,SF,72,4,0,0,0,0,0,0,0,3,0,0,.000,.000,.000,.000
Scott S Sauerbeck,PIT,72,1,0,0,0,0,0,0,0,0,0,0,.000,.000,.000,.000
Armando A Benitez,NYM,71,0,0,0,0,0,0,0,0,0,0,0,.000,.000,.000,.000
Darren D Bragg L,COL,71,149,16,33,7,1,3,21,17,41,4,1,.221,.296,.342,.638
Braden B Looper,FLA,71,2,0,0,0,0,0,0,0,2,0,0,.000,.000,.000,.000
Greg G Norton,CWS,71,201,25,49,6,1,6,28,26,47,1,0,.244,.333,.373,.706
Mark M Sweeney,MIL,71,73,9,16,6,0,1,6,12,18,0,0,.219,.337,.342,.680
Alex A Arias S,PHI,70,155,17,29,9,0,2,15,16,28,1,0,.187,.271,.284,.555
Tony T Graffanino S,CWS,70,168,33,46,6,1,2,17,22,27,7,4,.274,.363,.357,.720
Doug D Henry,SF,70,1,0,0,0,0,0,0,0,0,0,0,.000,.000,.000,.000
Jeff J Huson,CHC,70,130,19,28,7,1,0,11,13,9,2,1,.215,.287,.285,.571
Felix F Heredia,CHC,69,2,0,0,0,0,0,0,0,1,0,0,.000,.000,.000,.000
Curt C Leskanic,MIL,69,2,0,0,0,0,0,0,0,2,0,0,.000,.000,.000,.000
Joe J Oliver,SEA,69,200,33,53,13,1,10,35,14,38,2,1,.265,.313,.490,.803
Mike M Remlinger,ATL,69,3,0,0,0,0,0,0,1,2,0,0,.000,.250,.000,.250
Mike M Williams,PIT,69,1,0,0,0,0,0,0,0,0,0,0,.000,.000,.000,.000
Dave D Veres,STL,68,1,0,0,0,0,0,0,0,0,0,0,.000,.000,.000,.000
Russell R Branyan D,CLE,67,193,32,46,7,2,16,38,22,76,0,0,.238,.327,.544,.871
Craig C Counsell,ARI,67,152,23,48,8,1,2,11,20,18,3,3,.316,.400,.421,.821
Erubiel E Durazo,ARI,67,196,35,52,11,0,8,33,34,43,1,0,.265,.373,.444,.817
Trevor T Hoffman,SD,67,0,0,0,0,0,0,0,0,0,0,0,.000,.000,.000,.000
Kevin K Walker,SD,67,4,0,1,0,0,0,0,0,1,0,0,.250,.250,.250,.500
Antonio A Alfonseca,FLA,66,0,0,0,0,0,0,0,0,0,0,0,.000,.000,.000,.000
Shane S Andrews,CHC,66,192,25,44,5,0,14,39,27,59,1,1,.229,.329,.474,.803
Alberto A Castillo,TOR,66,185,14,39,7,0,1,16,21,36,0,0,.211,.287,.265,.552
Robert R Fick,DET,66,163,18,41,7,2,3,22,22,39,2,1,.252,.340,.374,.715
Craig C Grebeck,TOR,66,241,38,71,19,0,3,23,25,33,0,0,.295,.364,.411,.775
Frank F Menechino,OAK,66,145,31,37,9,1,6,26,20,45,1,4,.255,.345,.455,.800
Jeff J Reboulet,KC,66,182,29,44,7,0,0,14,23,32,3,1,.242,.325,.280,.606
David D Weathers,MIL,66,1,0,0,0,0,0,0,0,1,0,0,.000,.000,.000,.000
Gabe G White,COL,66,9,1,2,0,0,1,2,0,5,0,0,.222,.222,.556,.778
Jim J Leyritz,LA,65,115,5,24,1,0,2,12,14,26,0,0,.209,.305,.270,.575
Robb R Nen,SF,65,0,0,0,0,0,0,0,0,0,0,0,.000,.000,.000,.000
Luis L Ordaz S,KC,65,104,17,23,2,0,0,11,5,10,4,2,.221,.257,.240,.497
Armando A Almanza,FLA,64,1,0,0,0,0,0,0,0,0,0,0,.000,.000,.000,.000
Wilson W Delgado,KC,64,128,21,33,2,0,1,11,11,26,2,1,.258,.312,.297,.609
Wayne W Gomes,PHI,64,0,0,0,0,0,0,0,0,0,0,0,.000,.000,.000,.000
Danny D Graves,CIN,64,2,1,1,0,0,1,1,1,0,0,0,.500,.667,2.000,2.667
Jason J Maxwell,MIN,64,111,14,27,6,0,1,11,9,32,2,1,.243,.298,.324,.623
Terry T Adams,LA,63,2,0,0,0,0,0,0,0,1,0,0,.000,.000,.000,.000
Dennis D Cook,NYM,63,0,0,0,0,0,0,0,0,0,0,0,.000,.000,.000,.000
Ozzie O Guillen S,TB,63,107,22,26,4,0,2,12,6,7,1,0,.243,.283,.336,.620
Heathcliff H Slocumb,SD,63,1,0,0,0,0,0,0,0,1,0,0,.000,.000,.000,.000
Jason J Christiansen,STL,62,0,0,0,0,0,0,0,0,0,0,0,.000,.000,.000,.000
Marty M Cordova L,TOR,62,200,23,49,7,0,4,18,18,35,3,2,.245,.317,.340,.657
Valerio V De Los Santos,MIL,62,6,0,0,0,0,0,0,0,4,0,0,.000,.000,.000,.000
Bill B Haselman,TEX,62,193,23,53,18,0,6,26,15,36,0,1,.275,.329,.461,.790
Chris C Richard,BAL,62,215,39,57,14,2,14,37,17,40,7,5,.265,.326,.544,.870
Todd T Dunwoody C,KC,61,178,12,37,9,0,1,23,8,42,3,0,.208,.238,.275,.514
Greg G Swindell,ARI,61,1,0,0,0,0,0,0,0,1,0,0,.000,.000,.000,.000
Anthony A Telford,MON,61,2,0,0,0,0,0,0,0,0,0,0,.000,.000,.000,.000
Juan J Acevedo,MIL,60,1,1,0,0,0,0,0,1,1,0,0,.000,.500,.000,.500
Tony T Clark,DET,60,208,32,57,14,0,13,37,24,51,0,0,.274,.349,.529,.878
Mike M Di Felice,TB,60,204,23,49,13,1,6,19,12,40,0,0,.240,.280,.402,.682
Alan A Embree,SF,60,0,0,0,0,0,0,0,0,0,0,0,.000,.000,.000,.000
Adam A Piatt R,OAK,60,157,24,47,5,5,5,23,23,44,0,1,.299,.392,.490,.883
Dan D Plesac,ARI,60,0,0,0,0,0,0,0,0,0,0,0,.000,.000,.000,.000
Dennys D Reyes,CIN,60,2,0,0,0,0,0,0,1,1,0,0,.000,.333,.000,.333
Carlos C Almanzar,SD,59,3,0,0,0,0,0,0,0,2,0,0,.000,.000,.000,.000
Ken K Caminiti,HOU,59,208,42,63,13,0,15,45,42,37,3,0,.303,.419,.582,1.001
Charles C Gipson R,SEA,59,29,7,9,1,1,0,3,4,9,2,3,.310,.394,.414,.808
Mike M Morgan,ARI,59,16,0,7,0,0,0,1,0,5,0,0,.438,.438,.438,.875
Jeff J Shaw,LA,59,0,0,0,0,0,0,0,0,0,0,0,.000,.000,.000,.000
Chris C Brock,PHI,58,9,1,2,1,0,1,2,0,2,0,0,.222,.222,.667,.889
Mike M Darr R,SD,58,205,21,55,14,4,1,30,23,45,9,1,.268,.342,.390,.732
John J Franco,NYM,58,1,0,0,0,0,0,0,0,1,0,0,.000,.000,.000,.000
Byung- Hyun B Kim,ARI,58,3,0,0,0,0,0,0,1,2,0,0,.000,.250,.000,.250
Scott S Sheldon,TEX,58,124,21,35,11,0,4,19,10,37,0,0,.282,.336,.468,.804
Stan S Belinda,ATL,56,1,0,0,0,0,0,0,0,1,0,0,.000,.000,.000,.000
Matt M Herges,LA,56,13,0,1,0,0,0,0,0,8,0,0,.077,.077,.077,.154
Matthew M Le Croy,MIN,56,167,18,29,10,0,5,17,17,38,0,0,.174,.254,.323,.577
Kerry K Ligtenberg,ATL,56,0,0,0,0,0,0,0,0,0,0,0,.000,.000,.000,.000
John J Rocker,ATL,56,0,0,0,0,0,0,0,0,0,0,0,.000,.000,.000,.000
Manny M Aybar,FLA,54,6,1,0,0,0,0,0,2,3,0,0,.000,.250,.000,.250
Aaron A Fultz,SF,54,6,0,2,0,0,0,0,0,1,0,0,.333,.333,.333,.667
Vic V Darensbourg,FLA,53,8,0,2,0,0,0,0,0,2,0,0,.250,.250,.250,.500
Eli E Marrero,STL,53,102,21,23,3,1,5,17,9,16,5,0,.225,.302,.422,.723
Vicente V Padilla,PHI,53,1,0,1,0,0,0,0,0,0,0,0,1.000,1.000,1.000,2.000
Ricky R Bones,FLA,52,2,1,0,0,0,0,1,1,0,0,0,.000,.250,.000,.250
Jeff J Brantley,PHI,52,0,0,0,0,0,0,0,0,0,0,0,.000,.000,.000,.000
Sal S Fasano,OAK,52,126,21,27,6,0,7,19,14,47,0,0,.214,.306,.429,.734
Marcus M Jensen,MIN,52,139,16,29,7,1,3,14,24,36,0,1,.209,.325,.338,.663
Ruben R Mateo C,TEX,52,206,32,60,11,0,7,19,10,34,6,0,.291,.339,.447,.786
Terry T Mulholland,ATL,52,36,3,9,3,0,0,4,0,16,0,0,.250,.250,.333,.583
Ben B Petrick,COL,52,146,32,47,10,1,3,20,20,33,1,2,.322,.401,.466,.867
Joe J Slusarski,HOU,52,9,1,1,0,0,0,1,0,5,0,0,.111,.111,.111,.222
Mike M De Jean,COL,51,2,0,0,0,0,0,0,0,0,0,0,.000,.000,.000,.000
Juan J Pierre C,COL,51,200,26,62,2,0,0,20,13,15,7,6,.310,.353,.320,.674
Russ R Springer,ARI,51,5,0,1,0,0,0,0,0,1,0,0,.200,.200,.200,.400
Randy R Winn L,TB,51,159,28,40,5,0,1,16,26,25,6,7,.252,.362,.302,.664
Rick R Aguilera,CHC,50,0,0,0,0,0,0,0,0,0,0,0,.000,.000,.000,.000
Emil E Brown R,PIT,50,119,13,26,5,0,3,16,11,34,3,1,.218,.299,.336,.635
Ramon R Castro,FLA,50,138,10,33,4,0,2,14,16,36,0,0,.239,.318,.312,.630
Mike M James,STL,50,1,1,0,0,0,0,0,0,0,0,0,.000,.000,.000,.000
Felipe F Lira,MON,50,19,3,4,0,0,2,3,0,13,0,0,.211,.200,.526,.726
Julian J Tavarez,COL,50,35,1,3,0,0,0,0,0,14,0,0,.086,.086,.086,.171
Jason J Tyner L,TB,50,124,9,28,4,0,0,13,5,16,7,2,.226,.261,.258,.519
Marc M Valdes,HOU,50,3,0,0,0,0,0,0,0,2,0,0,.000,.000,.000,.000
Marc M Wilkins,PIT,50,6,0,1,0,0,0,0,0,4,0,0,.167,.167,.167,.333
Tim T Worrell,CHC,50,2,0,0,0,0,0,0,0,1,0,0,.000,.000,.000,.000
Jose J Cabrera,HOU,49,1,0,0,0,0,0,0,0,1,0,0,.000,.000,.000,.000
Octavio O Dotel,HOU,49,32,1,1,0,0,0,0,1,16,0,0,.031,.061,.031,.092
Mike M Fetters,LA,49,0,0,0,0,0,0,0,0,0,0,0,.000,.000,.000,.000
Jerry J Hairston,BAL,49,180,27,46,5,0,5,19,21,22,8,5,.256,.353,.367,.719
Pat P Mahomes,NYM,49,17,1,4,1,0,0,1,1,5,0,0,.235,.278,.294,.572
Donnie D Sadler S,BOS,49,99,14,22,5,0,1,10,5,18,3,1,.222,.262,.303,.565
Bobby B Smith,TB,49,175,21,41,8,0,6,26,14,59,2,2,.234,.293,.383,.676
Wilton W Veras,BOS,49,164,21,40,7,1,0,14,7,20,0,0,.244,.278,.299,.577
Chad C Moeller,MIN,48,128,13,27,3,1,1,9,9,33,1,0,.211,.261,.273,.534
Jon J Nunnally L,NYM,48,74,16,14,5,1,2,6,17,26,3,1,.189,.337,.365,.702
Jose J Silva,PIT,48,34,0,6,0,0,0,2,1,12,0,0,.176,.222,.176,.399
Jason J Conti R,ARI,47,91,11,21,4,3,1,15,7,30,3,0,.231,.293,.374,.667
Scott S Pose,KC,47,48,6,9,0,0,0,1,6,13,0,1,.188,.278,.188,.465
Scott S Strickland,MON,47,2,0,0,0,0,0,0,0,2,0,0,.000,.000,.000,.000
Todd T Van Poppel,CHC,47,9,0,0,0,0,0,0,0,4,0,0,.000,.000,.000,.000
Matt M Walbeck,ANA,47,146,17,29,5,0,6,12,7,22,0,1,.199,.240,.356,.596
Devon D White C,LA,47,158,26,42,5,1,4,13,9,30,3,6,.266,.310,.386,.696
Scott S Williamson,CIN,47,16,1,1,0,0,0,0,2,8,0,0,.063,.167,.063,.229
Edgard E Clemente L,ANA,46,78,4,17,2,0,0,5,0,27,0,1,.218,.228,.244,.471
Kyle K Farnsworth,CHC,46,14,0,1,1,0,0,0,0,6,0,0,.071,.071,.143,.214
Billy B Mc Millon D,DET,46,123,20,37,7,1,4,24,19,19,1,0,.301,.388,.472,.859
Keith K Osik,PIT,46,123,11,36,6,1,4,22,14,11,3,0,.293,.387,.455,.843
Tom T Prince,PHI,46,122,14,29,9,0,2,16,13,31,1,0,.238,.321,.361,.682
Roosevelt R Brown L,CHC,45,91,11,32,8,0,3,14,4,22,0,1,.352,.378,.538,.916
Dan D Miceli,FLA,45,0,0,0,0,0,0,0,0,0,0,0,.000,.000,.000,.000
Rey R Ordonez S,NYM,45,133,10,25,5,0,0,9,17,16,0,0,.188,.278,.226,.504
Tomas T Perez S,PHI,45,140,17,31,7,1,1,13,11,30,1,1,.221,.278,.307,.585
Brian B Schneider,MON,45,115,6,27,6,0,0,11,7,24,0,1,.235,.276,.287,.563
John J Johnstone,SF,44,2,0,0,0,0,0,0,0,2,0,0,.000,.000,.000,.000
Matt M Mantei,ARI,44,0,0,0,0,0,0,0,0,0,0,0,.000,.000,.000,.000
Ben B Davis,SD,43,130,12,29,6,0,3,14,14,35,1,1,.223,.297,.338,.635
Jorge J Fabregas,KC,43,142,13,40,4,0,3,17,8,11,1,0,.282,.320,.373,.693
Darryl D Hamilton L,NYM,43,105,20,29,4,1,1,6,14,20,2,0,.276,.358,.362,.720
Greg G Myers,BAL,43,125,9,28,6,0,3,12,8,29,0,0,.224,.271,.344,.615
Jesus J Sanchez,FLA,43,56,6,13,0,0,0,4,1,15,0,0,.232,.246,.232,.478
Donne D Wall,SD,43,1,0,0,0,0,0,0,0,1,0,0,.000,.000,.000,.000
Milton M Bradley C,MON,42,154,20,34,8,1,2,15,14,32,2,1,.221,.288,.325,.613
Josias J Manzanillo,PIT,42,3,0,0,0,0,0,0,0,2,0,0,.000,.000,.000,.000
Lyle L Mouton,MIL,42,97,14,27,7,1,2,16,10,29,1,0,.278,.349,.433,.782
Antonio A Osuna,LA,42,2,0,0,0,0,0,0,0,1,0,0,.000,.000,.000,.000
Marlon M Anderson,PHI,41,162,10,37,8,1,1,15,12,22,2,2,.228,.282,.309,.590
Angel A Echevarria,MIL,41,51,3,10,2,0,1,6,7,11,0,0,.196,.293,.294,.587
Gregg G Jefferies,DET,41,142,18,39,8,0,2,14,16,10,0,2,.275,.344,.373,.717
Kevin K Barker,MIL,40,100,14,22,5,0,2,9,20,21,1,0,.220,.352,.330,.682
Lou L Merloni,BOS,40,128,10,41,11,2,0,18,4,22,1,0,.320,.341,.438,.778
Abraham O. A Nunez S,PIT,40,91,10,20,1,0,1,8,8,14,0,0,.220,.283,.264,.547
Scott S Servais,SF,40,109,7,24,4,0,1,13,9,17,0,1,.220,.283,.284,.568
Scott S Forster,MON,39,0,0,0,0,0,0,0,0,0,0,0,.000,.000,.000,.000
Aubrey A Huff,TB,39,122,12,35,7,0,4,14,5,18,0,0,.287,.318,.443,.760
Mike M Johnson,MON,39,22,1,4,0,0,0,3,1,8,0,0,.182,.217,.182,.399
Joe J Vitiello,SD,39,52,7,13,3,0,2,8,10,9,0,0,.250,.365,.423,.788
Lenny L Webster,MON,39,81,6,17,3,0,0,5,6,14,0,0,.210,.264,.247,.511
Rich R Loiselle,PIT,38,0,0,0,0,0,0,0,0,0,0,0,.000,.000,.000,.000
Jason J Mc Donald R,TEX,38,94,15,22,5,0,3,13,17,25,4,4,.234,.357,.383,.740
Bob B Wickman,MIL,38,0,0,0,0,0,0,0,0,0,0,0,.000,.000,.000,.000
Elmer E Dessens,CIN,37,40,6,4,0,0,0,0,7,16,0,0,.100,.234,.100,.334
Brian B Johnson,KC,37,125,9,26,6,0,4,18,4,28,0,0,.208,.229,.352,.581
Kevin K Nicholson S,SD,37,97,7,21,6,1,1,8,4,31,1,0,.216,.255,.330,.585
Chris C Turner,NYY,37,89,9,21,3,0,1,7,10,21,0,1,.236,.320,.303,.623
Jeff J Wallace,PIT,37,1,0,0,0,0,0,0,0,0,0,0,.000,.000,.000,.000
Chris C Woodward S,TOR,37,104,16,19,7,0,3,14,10,28,1,0,.183,.254,.337,.591
Tony T Gwynn R,SD,36,127,17,41,12,0,1,17,9,4,0,1,.323,.364,.441,.805
Dustin D Hermanson,MON,36,55,1,8,2,0,0,1,2,21,0,0,.145,.175,.182,.357
Tom T Lampkin,SEA,36,103,15,26,6,1,7,23,9,17,0,0,.252,.325,.534,.859
Chad C Meyers,CHC,36,52,8,9,2,0,0,5,3,11,1,0,.173,.228,.212,.440
Josh J Paul,CWS,36,71,15,20,3,2,1,8,5,17,1,0,.282,.338,.423,.760
Brian B Anderson,ARI,35,69,4,13,3,0,0,4,1,10,0,0,.188,.194,.232,.426
Bruce B Chen,PHI,35,30,0,1,0,0,0,1,1,20,0,0,.033,.065,.033,.098
D. T. D Cromer,CIN,35,47,7,16,4,0,2,8,1,14,0,0,.340,.360,.553,.913
Tom T Glavine,ATL,35,68,5,10,1,0,0,2,7,20,0,0,.147,.227,.162,.388
Ray R King,MIL,35,0,0,0,0,0,0,0,0,0,0,0,.000,.000,.000,.000
Eduardo E Perez,STL,35,91,9,27,4,0,3,10,5,19,1,0,.297,.350,.440,.790
Julio J Santana,MON,35,7,0,0,0,0,0,0,0,4,0,0,.000,.000,.000,.000
Chris C Sexton S,CIN,35,100,9,21,4,0,0,10,13,12,4,2,.210,.310,.250,.560
Chris C Clapinski,FLA,34,49,12,15,4,1,1,7,5,7,0,0,.306,.370,.490,.860
Trace T Coquillette,MON,34,59,6,12,4,0,1,8,7,19,0,0,.203,.284,.322,.606
David D Dellucci,ARI,34,50,2,15,3,0,0,2,4,9,0,2,.300,.352,.360,.712
Todd T Greene D,TOR,34,85,11,20,2,0,5,10,5,18,0,0,.235,.278,.435,.713
Mike M Hampton,NYM,34,73,7,20,0,0,0,8,5,20,0,1,.274,.313,.274,.586
Randy R Johnson,ARI,34,83,4,13,2,0,0,8,3,35,0,0,.157,.195,.181,.376
Jon J Lieber,CHC,34,82,3,18,4,0,0,4,2,28,0,0,.220,.238,.268,.506
Paul P Lo Duca,LA,34,65,6,16,2,0,2,8,6,8,0,2,.246,.301,.369,.671
Kevin K Millwood,ATL,34,59,1,7,2,0,0,2,2,30,0,0,.119,.148,.153,.300
Steve S Rain,CHC,34,2,0,0,0,0,0,0,1,2,0,0,.000,.333,.000,.333
Rick R Ankiel,STL,33,68,8,17,1,1,2,9,4,20,0,0,.250,.292,.382,.674
Sean S Berry,BOS,33,50,1,7,2,0,1,2,4,15,0,1,.140,.204,.240,.444
Brian B Bohanon,COL,33,53,6,11,3,0,2,11,2,14,0,0,.208,.232,.377,.610
Chris C Gomez S,SD,33,54,4,12,0,0,0,3,7,5,0,0,.222,.306,.222,.529
Chad C Hermansen,PIT,33,108,12,20,4,1,2,8,6,37,0,0,.185,.226,.296,.522
Livan L Hernandez,SF,33,89,6,21,3,0,1,9,1,14,0,0,.236,.244,.303,.548
Chris C Holt,HOU,33,60,3,6,1,0,0,3,4,33,0,0,.100,.169,.117,.286
John J Jaha D,OAK,33,97,14,17,1,0,1,5,33,38,1,0,.175,.398,.216,.615
Darryl D Kile,STL,33,73,5,9,1,0,0,3,10,38,0,0,.123,.229,.137,.366
Greg G Maddux,ATL,33,80,2,15,2,1,0,5,2,19,0,1,.188,.217,.238,.454
Steve S Parris,CIN,33,55,4,7,2,0,0,4,2,19,0,1,.127,.155,.164,.319
A. J. A Pierzynski,MIN,33,88,12,27,5,1,2,11,5,14,1,0,.307,.354,.455,.809
Kirk K Rueter,SF,33,60,5,12,3,0,0,5,1,11,0,0,.200,.213,.250,.463
Ryan R Thompson L,NYY,33,50,12,13,3,0,3,14,5,12,0,1,.260,.339,.500,.839
Jorge J Velandia,NYM,33,31,2,3,1,0,0,2,2,8,0,0,.097,.176,.129,.306
Ron R Villone,CIN,33,43,2,7,1,0,0,4,0,9,0,0,.163,.163,.186,.349
Pedro P Astacio,COL,32,82,2,8,0,0,0,6,1,25,0,0,.098,.108,.098,.206
Kevin K Brown,LA,32,66,2,5,0,0,0,3,2,29,0,0,.076,.129,.076,.204
Mc Kay M Christensen C,CWS,32,19,4,2,0,0,0,1,2,6,1,1,.105,.227,.105,.332
Tomas T De La Rosa S,MON,32,66,7,19,3,1,2,9,7,11,2,1,.288,.365,.455,.819
Aaron A Ledesma,COL,32,40,4,9,2,0,0,3,2,9,0,0,.225,.279,.275,.554
Jose J Lima,HOU,32,60,6,10,2,0,0,2,1,17,0,0,.167,.180,.200,.380
Ryan R Minor,BAL,32,84,4,11,1,0,0,3,3,20,0,0,.131,.170,.143,.313
Chan Ho C Park,LA,32,70,6,15,4,0,2,6,2,16,0,0,.214,.236,.357,.593
Yorkis Y Perez,HOU,32,1,0,0,0,0,0,0,0,1,0,0,.000,.000,.000,.000
Andy A Ashby,ATL,31,61,2,9,0,0,0,6,2,22,0,0,.148,.175,.148,.322
Gary G Bennett,PHI,31,74,8,18,5,0,2,5,13,15,0,0,.243,.371,.392,.763
Alex A Cabrera,ARI,31,80,10,21,2,1,5,14,4,21,0,0,.263,.299,.500,.799
Bobby B Chouinard,COL,31,3,1,1,0,0,0,0,0,1,0,0,.333,.333,.333,.667
Matt M Clement,SD,31,60,3,4,0,1,0,2,4,33,0,0,.067,.125,.100,.225
Ryan R Dempster,FLA,31,77,3,6,2,0,0,2,1,29,0,0,.078,.090,.104,.194
Shawn S Estes,SF,31,68,4,14,4,0,1,10,2,28,0,0,.206,.229,.309,.537
Jimmy J Haynes,MIL,31,64,3,8,4,0,0,4,1,30,0,0,.125,.138,.188,.326
Pat P Hentgen,STL,31,60,4,8,0,0,0,0,4,17,0,0,.133,.188,.133,.321
Jason J La Rue,CIN,31,98,12,23,3,0,5,12,5,19,0,0,.235,.299,.418,.717
Fernando F Lunar,BAL,31,70,5,12,1,0,0,6,3,19,0,2,.171,.247,.186,.432
Russ R Ortiz,SF,31,61,7,12,2,0,0,5,8,16,0,0,.197,.290,.230,.519
Javier J Vazquez,MON,31,65,4,15,2,0,0,1,2,15,0,0,.231,.254,.262,.515
Rick R White,NYM,31,5,0,1,0,0,0,0,0,1,0,0,.200,.200,.200,.400
Rich R Amaral C,BAL,30,60,10,13,1,1,0,6,7,8,6,2,.217,.299,.267,.565
Kris K Benson,PIT,30,65,3,6,2,0,0,1,4,29,0,0,.092,.157,.123,.280
Brian B Buchanan R,MIN,30,82,10,19,3,0,1,8,8,22,0,2,.232,.301,.305,.606
John J Burkett,ATL,30,42,2,6,1,0,0,3,3,15,0,0,.143,.200,.167,.367
Omar O Daal,PHI,30,45,3,12,3,0,1,6,4,8,0,0,.267,.327,.400,.726
Darren D Dreifort,LA,30,68,5,11,3,0,3,8,1,25,0,0,.162,.186,.338,.524
Mark M Gardner,SF,30,43,1,5,0,0,0,0,0,22,0,0,.116,.116,.116,.233
Matt M Morris,STL,30,3,0,1,0,0,0,0,0,1,0,0,.333,.333,.333,.667
Carlos C Perez,LA,30,43,0,2,1,1,0,3,0,15,0,0,.047,.047,.116,.163
Jay J Powell,HOU,30,1,0,0,0,0,0,0,0,1,0,0,.000,.000,.000,.000
Armando A Reynoso,ARI,30,48,0,5,0,0,0,0,2,24,0,0,.104,.140,.104,.244
Todd T Ritchie,PIT,30,60,4,13,2,0,0,2,2,22,0,0,.217,.242,.250,.492
Bill B Selby,CLE,30,46,8,11,1,0,0,4,1,9,0,0,.239,.271,.261,.532
Garrett G Stephenson,STL,30,59,0,3,0,0,0,4,4,23,0,0,.051,.111,.051,.162
Pedro P Valdes,TEX,30,54,4,15,5,0,1,5,6,7,0,0,.278,.350,.426,.776
Randy R Wolf,PHI,30,57,5,11,2,0,0,4,3,19,0,0,.193,.230,.228,.458
Julio J Zuleta,CHC,30,68,13,20,8,0,3,12,2,19,0,1,.294,.342,.544,.887
Jason J Boyd,PHI,29,0,0,0,0,0,0,0,0,0,0,0,.000,.000,.000,.000
Scott S Elarton,HOU,29,63,6,10,2,0,0,0,1,20,0,0,.159,.197,.190,.387
Danny D Klassen,ARI,29,76,13,18,3,0,2,8,8,24,1,1,.237,.318,.355,.673
Al A Leiter,NYM,29,58,1,3,0,0,0,0,4,33,0,0,.052,.113,.052,.165
Rick R Reed,NYM,29,49,6,10,0,0,0,2,1,11,0,0,.204,.226,.204,.430
Glendon G Rusch,NYM,29,50,2,3,0,0,0,1,3,19,0,0,.060,.113,.060,.173
Kevin K Tapani,CHC,29,56,3,10,2,0,1,4,3,20,0,1,.179,.220,.268,.488
Woody W Williams,SD,29,58,10,15,4,0,1,9,4,26,0,0,.259,.308,.379,.687
Andy A Benes,STL,28,50,1,4,0,0,1,1,4,19,0,0,.080,.148,.140,.288
Daniel D Garibay,CHC,28,15,1,2,0,0,0,1,0,6,0,0,.133,.133,.133,.267
Scott S Kamieniecki,ATL,28,0,0,0,0,0,0,0,0,0,0,0,.000,.000,.000,.000
Onan O Masaoka,LA,28,0,0,0,0,0,0,0,0,0,0,0,.000,.000,.000,.000
Guillermo G Mota,MON,28,1,0,0,0,0,0,0,0,0,0,0,.000,.000,.000,.000
Augie A Ojeda S,CHC,28,77,10,17,3,1,2,8,10,9,0,1,.221,.307,.364,.670
Robert R Person,PHI,28,53,1,7,3,0,0,2,3,29,0,0,.132,.175,.189,.364
Rich R Rodriguez,NYM,28,1,0,0,0,0,0,0,0,1,0,0,.000,.000,.000,.000
Mike M Timlin,STL,28,0,0,0,0,0,0,0,0,0,0,0,.000,.000,.000,.000
Billy B Wagner,HOU,28,2,0,0,0,0,0,0,0,2,0,0,.000,.000,.000,.000
Craig C Wilson,CWS,28,73,12,19,3,0,0,4,5,11,1,0,.260,.316,.301,.618
Dewayne D Wise L,TOR,28,22,3,3,0,0,0,0,1,5,1,0,.136,.208,.136,.345
Dusty D Allen,DET,27,28,5,7,2,0,2,2,4,12,0,0,.250,.344,.536,.880
Jimmy J Anderson,PIT,27,50,5,7,1,0,0,1,0,11,0,0,.140,.140,.160,.300
Alan A Benes,STL,27,4,0,2,1,0,0,0,0,1,0,0,.500,.500,.750,1.250
Will W Cunnane,SD,27,7,0,1,1,0,0,0,0,3,0,0,.143,.143,.286,.429
Chris C Donnels,LA,27,34,8,10,3,0,4,9,6,7,0,0,.294,.390,.735,1.126
George G Lombard R,ATL,27,39,8,4,0,0,0,2,1,14,4,0,.103,.146,.103,.249
Rob R Ryan,ARI,27,27,4,8,1,1,0,2,4,7,0,0,.296,.406,.407,.814
Ed E Vosberg,PHI,27,0,0,0,0,0,0,0,0,0,0,0,.000,.000,.000,.000
Masato M Yoshii,COL,27,50,4,9,1,0,1,8,2,13,1,0,.180,.212,.260,.472
Rob R Bell,CIN,26,45,1,3,1,0,0,0,1,27,0,0,.067,.087,.089,.176
Javier J Cardona,DET,26,40,1,7,1,0,1,2,0,9,0,0,.175,.190,.275,.466
Gene G Kingsale C,BAL,26,88,13,21,2,1,0,9,2,14,1,2,.239,.253,.284,.537
Hector H Ortiz,KC,26,88,15,34,6,0,0,5,8,8,0,0,.386,.443,.455,.898
Curt C Schilling,ARI,26,61,2,13,3,0,0,4,1,15,0,1,.213,.226,.262,.488
Morgan M Burkhart D,BOS,25,73,16,21,3,0,4,18,17,25,0,0,.288,.442,.493,.935
Wayne W Franklin,HOU,25,2,0,0,0,0,0,0,0,1,0,0,.000,.000,.000,.000
Mark M Guthrie,TB,25,2,0,0,0,0,0,0,0,1,0,0,.000,.000,.000,.000
Steve S Sisco,ATL,25,27,4,5,0,0,1,2,3,4,0,0,.185,.267,.296,.563
Geronimo G Berroa,LA,24,31,2,8,0,1,0,5,4,8,0,0,.258,.343,.323,.665
Pete P Harnisch,CIN,24,43,4,8,2,0,1,8,0,14,0,0,.186,.186,.302,.488
Mark M Holzemer,PHI,24,1,0,0,0,0,0,0,0,0,0,0,.000,.000,.000,.000
Kevin K Jarvis,COL,24,34,4,3,1,0,0,0,2,11,0,0,.088,.162,.118,.280
Bobby B Jones,NYM,24,44,4,2,0,0,0,0,3,21,0,0,.045,.125,.045,.170
Terrell T Lowery L,SF,24,34,13,15,4,0,1,5,7,8,1,0,.441,.548,.647,1.195
Adam A Melhuse,COL,24,24,3,4,0,1,0,4,3,6,0,0,.167,.259,.250,.509
David D Newhan,PHI,24,37,8,6,1,0,1,2,8,13,0,0,.162,.311,.270,.581
Santiago S Perez,MIL,24,52,8,9,2,0,0,2,8,9,4,0,.173,.290,.212,.502
Timo T Perez R,NYM,24,49,11,14,4,1,1,3,3,5,1,1,.286,.333,.469,.803
B. J. B Waszgis,TEX,24,45,6,10,1,0,0,4,4,10,0,0,.222,.294,.244,.539
Matt M Whisenant,SD,24,0,0,0,0,0,0,0,0,0,0,0,.000,.000,.000,.000
Matt M Whiteside,SD,24,0,0,0,0,0,0,0,0,0,0,0,.000,.000,.000,.000
Steve S Woodard,MIL,24,22,0,1,0,0,0,2,1,6,0,0,.045,.125,.045,.170
Scott S Aldred,PHI,23,0,0,0,0,0,0,0,0,0,0,0,.000,.000,.000,.000
Ivanon I Coffie,BAL,23,60,6,13,4,1,0,6,5,11,1,0,.217,.284,.317,.600
Todd T Erdos,SD,23,2,0,0,0,0,0,0,0,0,0,0,.000,.000,.000,.000
Tom T Evans,TEX,23,54,10,15,4,0,0,5,10,13,0,3,.278,.394,.352,.746
Brad B Penny,FLA,23,45,2,5,0,0,0,2,0,17,0,0,.111,.111,.111,.222
Rudy R Seanez,ATL,23,0,0,0,0,0,0,0,0,0,0,0,.000,.000,.000,.000
Larry L Sutton,STL,23,25,5,8,0,0,1,6,5,7,0,0,.320,.406,.440,.846
Kerry K Wood,CHC,23,40,6,10,0,0,1,4,2,10,0,0,.250,.286,.325,.611
Jamey J Wright,MIL,23,46,0,3,1,0,0,0,0,17,0,0,.065,.065,.087,.152
Jeff J D' Amico,MIL,22,44,2,4,1,0,1,2,3,19,0,0,.091,.146,.182,.328
Mark M De Rosa,ATL,22,13,9,4,1,0,0,3,2,1,0,0,.308,.400,.385,.785
Mike M Mohler,STL,22,1,0,1,0,0,0,0,0,0,0,0,1.000,1.000,1.000,2.000
John J Snyder,MIL,22,38,1,3,1,0,0,0,2,7,0,0,.079,.146,.105,.252
Alfonso A Soriano,NYY,22,50,5,9,3,0,2,3,1,15,2,0,.180,.196,.360,.556
Brian B Williams,CHC,22,2,0,1,1,0,0,1,0,0,0,0,.500,.500,1.000,1.500
Izzy I Alcantara R,BOS,21,45,9,13,1,0,4,7,3,7,0,0,.289,.333,.578,.911
Bronson B Arroyo,PIT,21,21,2,3,2,0,0,0,0,10,0,0,.143,.143,.238,.381
Reid R Cornelius,FLA,21,37,1,5,2,0,0,1,0,12,0,0,.135,.135,.189,.324
Adam A Eaton,SD,21,38,6,11,2,0,0,4,6,10,2,0,.289,.400,.342,.742
Mark M Johnson,NYM,21,22,2,4,0,0,1,6,5,9,0,0,.182,.333,.318,.652
Mike M Maddux,HOU,21,2,0,0,0,0,0,0,0,2,0,0,.000,.000,.000,.000
Brian B Meadows,SD,21,40,2,6,0,0,0,2,0,17,0,0,.150,.150,.150,.300
Ruben R Quevedo,CHC,21,30,1,4,0,0,0,1,0,10,0,0,.133,.133,.133,.267
Carlos C Reyes,SD,21,1,0,0,0,0,0,0,0,0,0,0,.000,.000,.000,.000
John J Wehner,PIT,21,50,10,15,3,0,1,9,4,6,0,0,.300,.352,.420,.772
Alex A Hernandez,PIT,20,60,4,12,3,0,1,5,0,13,1,1,.200,.200,.300,.500
Felix F Jose R,NYY,20,29,4,7,0,0,1,5,2,9,0,1,.241,.281,.345,.626
Shane S Reynolds,HOU,20,40,2,9,1,0,1,2,1,13,0,0,.225,.262,.325,.587
Ruben R Sierra D,TEX,20,60,5,14,0,0,1,7,4,9,1,0,.233,.281,.283,.565
Chuck C Smith,FLA,20,40,2,4,0,0,0,2,0,19,0,0,.100,.100,.100,.200
Gene G Stechschulte,STL,20,0,0,0,0,0,0,0,0,0,0,0,.000,.000,.000,.000
Everett E Stull,MIL,20,9,0,0,0,0,0,0,1,9,0,0,.000,.100,.000,.100
Mark M Wohlers,CIN,20,0,0,0,0,0,0,0,0,0,0,0,.000,.000,.000,.000
Mike M Bell,CIN,19,27,5,6,0,0,2,4,4,7,0,0,.222,.323,.444,.767
Jason J Bere,MIL,19,39,3,8,0,1,0,2,0,17,0,0,.205,.205,.256,.462
Alan A Mills,BAL,19,3,0,0,0,0,0,1,1,2,0,0,.000,.250,.000,.250
Joe J Nathan,SF,19,32,3,5,2,0,2,3,1,9,0,0,.156,.176,.406,.583
Dave D Roberts L,CLE,19,10,1,2,0,0,0,0,2,2,1,1,.200,.333,.200,.533
Mark M Thompson,STL,19,3,0,0,0,0,0,0,0,1,0,0,.000,.000,.000,.000
Brian B Tollberg,SD,19,32,1,3,0,0,0,1,0,11,0,0,.094,.094,.094,.188
Ismael I Valdez,LA,19,25,2,5,2,0,1,3,1,10,0,0,.200,.231,.400,.631
Rolando R Arrojo,COL,18,28,2,3,1,0,0,3,1,13,0,0,.107,.138,.143,.281
Jeff J Branson S,LA,18,17,3,4,1,0,0,0,1,6,0,0,.235,.278,.294,.572
Scott S Downs,MON,18,28,2,2,0,0,0,1,2,10,0,0,.071,.133,.071,.205
Eric E Gagne,LA,18,28,1,4,0,0,0,0,0,5,0,0,.143,.143,.143,.286
Ross R Gload,CHC,18,31,4,6,0,1,1,3,3,10,0,0,.194,.257,.355,.612
Lance L Johnson,NYY,18,30,6,9,1,0,0,2,0,7,2,0,.300,.300,.333,.633
Denny D Neagle,CIN,18,37,1,7,2,0,0,3,2,9,0,0,.189,.231,.243,.474
Talmadge T Nunnari,MON,18,5,2,1,0,0,0,1,6,2,0,0,.200,.583,.200,.783
Steve S Schrenk,PHI,18,0,0,0,0,0,0,0,0,0,0,0,.000,.000,.000,.000
Todd T Stottlemyre,ARI,18,31,6,6,2,0,1,4,3,14,0,0,.194,.265,.355,.620
Francisco F Cordova,PIT,17,35,0,4,0,0,0,3,2,15,0,0,.114,.162,.114,.276
Jerry J Dipoto,COL,17,1,0,0,0,0,0,0,0,1,0,0,.000,.000,.000,.000
Vladimir V Nunez,FLA,17,17,2,2,0,0,1,3,0,5,0,0,.118,.118,.294,.412
Chris C Peters,PIT,17,6,1,1,0,0,0,1,0,1,0,0,.167,.167,.167,.333
Bo B Porter R,OAK,17,13,3,2,0,0,1,2,2,5,0,0,.154,.267,.385,.651
Mike M Thurman,MON,17,24,3,1,0,0,0,0,2,17,0,0,.042,.115,.042,.157
Justin J Baughman,ANA,16,22,4,5,2,0,0,0,1,2,3,0,.227,.261,.318,.579
Paul P Byrd,PHI,16,20,2,3,0,0,0,0,1,6,0,0,.150,.227,.150,.377
Kelly K Dransfeldt S,TEX,16,26,2,3,2,0,0,2,1,14,0,0,.115,.148,.192,.340
Karim K Garcia D,BAL,16,33,1,3,0,0,0,0,0,10,0,0,.091,.091,.091,.182
Craig C House,COL,16,0,0,0,0,0,0,0,0,0,0,0,.000,.000,.000,.000
Ron R Mahay,FLA,16,4,0,2,1,0,0,0,0,1,0,0,.500,.500,.750,1.250
Luis L Rivas,MIN,16,58,8,18,4,1,0,6,2,4,2,0,.310,.323,.414,.736
Joe J Strong,FLA,16,1,0,0,0,0,0,0,0,1,0,0,.000,.000,.000,.000
Chad C Allen R,MIN,15,50,2,15,3,0,0,7,3,14,0,2,.300,.345,.360,.706
Danny D Ardoin,MIN,15,32,4,4,1,0,1,5,8,10,0,0,.125,.300,.250,.550
Tony T Armas,MON,15,26,1,1,0,0,0,1,1,12,0,0,.038,.074,.038,.112
Dee D Brown,KC,15,25,4,4,1,0,0,4,3,9,0,0,.160,.250,.200,.450
Jim J Bruske,MIL,15,1,0,0,0,0,0,0,0,0,0,0,.000,.000,.000,.000
Bubba B Carpenter,COL,15,27,4,6,0,0,3,5,4,13,0,0,.222,.323,.556,.878
Osvaldo O Fernandez,CIN,15,22,0,2,0,0,0,1,2,10,0,0,.091,.167,.091,.258
Shawn S Gilbert L,LA,15,20,5,3,1,0,1,3,2,7,0,0,.150,.227,.350,.577
Scott S Karl,COL,15,14,3,4,0,0,0,0,1,5,0,1,.286,.375,.286,.661
Randy R Knorr,TEX,15,34,5,10,2,0,2,2,0,3,0,0,.294,.294,.529,.824
Quinton Q Mc Cracken L,TB,15,31,5,4,0,0,0,2,6,4,0,1,.129,.270,.129,.399
Greg G Mc Michael,ATL,15,0,0,0,0,0,0,0,0,0,0,0,.000,.000,.000,.000
Trever T Miller,LA,15,0,0,0,0,0,0,0,0,0,0,0,.000,.000,.000,.000
Wade W Miller,HOU,15,40,1,4,1,0,0,3,0,16,0,0,.100,.100,.125,.225
Carl C Pavano,MON,15,35,2,5,1,0,0,0,0,16,0,0,.143,.143,.171,.314
Bryan B Ward,PHI,15,0,0,0,0,0,0,0,0,0,0,0,.000,.000,.000,.000
Turner T Ward R,ARI,15,52,5,9,4,0,0,4,5,7,1,1,.173,.241,.250,.491
John J Wasdin,COL,15,8,0,2,0,0,0,0,0,2,0,0,.250,.250,.250,.500
Raul R Chavez,HOU,14,43,3,11,2,0,1,5,3,6,0,0,.256,.298,.372,.670
Lou L Collier C,MIL,14,32,9,7,1,0,1,2,6,4,0,0,.219,.333,.344,.677
Gookie G Dawkins S,CIN,14,41,5,9,2,0,0,3,2,7,0,0,.220,.256,.268,.524
Jesse J Garcia,BAL,14,17,2,1,0,0,0,0,2,2,0,0,.059,.158,.059,.217
Jason J Green,HOU,14,1,0,0,0,0,0,0,0,0,0,0,.000,.000,.000,.000
Darren D Holmes,ARI,14,1,0,0,0,0,0,0,0,1,0,0,.000,.000,.000,.000
Brooks B Kieschnick,CIN,14,12,0,0,0,0,0,0,1,5,0,0,.000,.077,.000,.077
Dave D Maurer,SD,14,0,0,0,0,0,0,0,0,0,0,0,.000,.000,.000,.000
Pablo P Ozuna,FLA,14,24,2,8,1,0,0,0,0,2,1,0,.333,.333,.375,.708
Jimmy J Rollins S,PHI,14,53,5,17,1,1,0,5,2,7,3,0,.321,.345,.377,.723
Brian B Rose,COL,14,24,1,1,0,0,0,0,1,11,0,0,.042,.080,.042,.122
John J Roskos,SD,14,27,0,1,1,0,0,1,3,7,0,0,.037,.133,.074,.207
Dan D Serafini,PIT,14,24,1,2,0,0,0,2,0,9,0,0,.083,.083,.083,.167
Jay J Witasick,SD,14,26,0,3,0,0,0,3,1,12,0,0,.115,.148,.115,.264
Jamie J Arnold,CHC,13,9,0,1,1,0,0,0,0,3,0,0,.111,.200,.222,.422
Matt M Blank,MON,13,1,0,0,0,0,0,0,0,1,0,0,.000,.000,.000,.000
Tarrik T Brock L,CHC,13,12,1,2,0,0,0,0,4,4,1,1,.167,.375,.167,.542
A. J. A Burnett,FLA,13,25,3,7,1,1,1,3,3,10,0,0,.280,.357,.520,.877
Mike M Garcia,PIT,13,3,1,1,0,0,0,0,0,2,0,0,.333,.333,.333,.667
Geraldo G Guzman,ARI,13,19,0,0,0,0,0,0,0,13,0,0,.000,.000,.000,.000
Greg G La Rocca,SD,13,27,1,6,2,0,0,2,1,4,0,0,.222,.250,.296,.546
Larry L Luebbers,CIN,13,0,0,0,0,0,0,1,0,0,0,0,.000,.000,.000,.000
Jason J Marquis,ATL,13,2,0,0,0,0,0,0,0,0,0,0,.000,.000,.000,.000
Carlos C Mendoza,COL,13,10,0,1,0,0,0,0,1,4,0,1,.100,.182,.100,.282
Gregg G Olson,LA,13,0,0,0,0,0,0,0,0,0,0,0,.000,.000,.000,.000
Chan C Perry R,CLE,13,14,1,1,0,0,0,0,0,5,0,0,.071,.071,.071,.143
John J Riedling,CIN,13,2,0,0,0,0,0,0,0,2,0,0,.000,.000,.000,.000
Paul P Rigdon,MIL,13,16,3,3,0,0,1,1,2,6,0,0,.188,.278,.375,.653
Amaury A Telemaco,PHI,13,4,0,0,0,0,0,0,1,1,0,0,.000,.200,.000,.200
Ugueth U Urbina,MON,13,1,0,0,0,0,0,0,0,1,0,0,.000,.000,.000,.000
Gabe G Alvarez,SD,12,14,1,2,1,0,0,0,3,2,0,1,.143,.294,.214,.508
Gary G Disarcina S,ANA,12,38,6,15,2,0,1,11,1,3,0,1,.395,.425,.526,.951
Adam A Hyzdu,PIT,12,18,2,7,2,0,1,4,0,4,0,0,.389,.389,.667,1.056
Chris C Jones,MIL,12,16,3,3,2,0,0,1,1,4,0,0,.188,.235,.313,.548
Matt M Karchner,CHC,12,0,0,0,0,0,0,0,1,0,0,0,.000,1.000,.000,1.000
Mike M Matthews,STL,12,0,0,0,0,0,0,0,0,0,0,0,.000,.000,.000,.000
Hector H Mercado,CIN,12,1,0,0,0,0,0,0,0,1,0,0,.000,.000,.000,.000
Cliff C Politte,PHI,12,15,1,2,1,0,0,2,1,4,0,0,.133,.176,.200,.376
Luis L Saturria C,STL,12,5,1,0,0,0,0,0,1,3,0,0,.000,.167,.000,.167
Andy A Sheets S,BOS,12,21,1,2,0,0,0,1,0,3,0,0,.095,.095,.095,.190
Matt M Skrmetta,PIT,12,2,0,0,0,0,0,0,0,1,0,0,.000,.000,.000,.000
Ozzie O Timmons R,TB,12,41,9,14,3,0,4,13,1,7,0,0,.341,.357,.707,1.064
John J Barnes R,MIN,11,37,5,13,4,0,0,2,2,6,0,1,.351,.415,.459,.874
Kimera K Bartee,CIN,11,4,2,0,0,0,0,0,0,2,1,0,.000,.200,.000,.200
Brady B Clark,CIN,11,11,1,3,1,0,0,2,0,2,0,0,.273,.273,.364,.636
Jacob J Cruz C,CLE,11,29,3,7,3,0,0,5,5,4,1,0,.241,.361,.345,.706
Tom T Davey,SD,11,0,0,0,0,0,0,0,0,0,0,0,.000,.000,.000,.000
Sterling S Hitchcock,SD,11,22,0,0,0,0,0,1,0,12,0,0,.000,.000,.000,.000
Hideki H Irabu,MON,11,16,1,2,0,0,0,1,0,7,0,0,.125,.125,.125,.250
Rod R Lindsey,DET,11,3,6,1,1,0,0,0,0,1,2,1,.333,.500,.667,1.167
Scott S Linebrink,HOU,11,1,0,1,0,0,0,0,0,0,0,0,1.000,1.000,1.000,2.000
Juan J Melo,SF,11,13,0,1,0,0,0,1,0,5,0,0,.077,.077,.077,.154
Corey C Patterson,CHC,11,42,9,7,1,0,2,2,3,14,1,1,.167,.239,.333,.572
Jeremy J Powell,MON,11,5,1,3,1,0,0,1,0,1,0,0,.600,.600,.800,1.400
Jerry J Spradlin,CHC,11,1,0,0,0,0,0,0,0,1,0,0,.000,.000,.000,.000
George G Williams,SD,11,16,2,3,0,0,1,2,0,4,0,0,.188,.235,.375,.610
Matt M Williams,MIL,11,1,0,0,0,0,0,0,0,1,0,0,.000,.000,.000,.000
Eric E Byrnes,OAK,10,10,5,3,0,0,0,0,0,1,2,1,.300,.364,.300,.664
Orel O Hershiser,LA,10,7,0,0,0,0,0,0,0,2,0,0,.000,.000,.000,.000
Bobby B Jones,NYM,10,2,0,1,0,0,0,0,1,1,0,0,.500,.667,.500,1.167
Roberto R Kelly L,NYY,10,25,4,3,1,0,1,1,1,6,0,0,.120,.185,.280,.465
Andrew A Lorraine,CLE,10,8,2,1,0,0,0,0,1,4,0,0,.125,.222,.125,.347
Sandy S Martinez,FLA,10,18,1,4,2,0,0,0,0,8,0,0,.222,.222,.333,.556
Kevin K Mc Glinchy,ATL,10,0,0,0,0,0,0,0,0,0,0,0,.000,.000,.000,.000
Damon D Minor,SF,10,9,3,4,0,0,3,6,2,1,0,0,.444,.545,1.444,1.990
Elvis E Pena,COL,10,9,1,3,1,0,0,1,1,1,1,0,.333,.400,.444,.844
Britt B Reames,STL,10,12,1,2,0,0,0,0,0,2,0,0,.167,.167,.167,.333
Jason J Schmidt,PIT,10,19,1,0,0,0,0,0,1,9,0,0,.000,.050,.000,.050
John J Valentin,BOS,10,35,6,9,1,0,2,2,2,5,0,1,.257,.297,.457,.754
Don D Wengert,ATL,10,0,0,0,0,0,0,0,0,0,0,0,.000,.000,.000,.000
Mark M Bellhorn,OAK,9,13,2,2,0,0,0,0,2,6,0,0,.154,.267,.154,.420
Kent K Bottenfield,PHI,9,17,3,2,0,0,0,0,0,4,0,0,.118,.118,.118,.235
Tripp T Cromer,HOU,9,8,2,1,0,0,0,0,1,1,0,0,.125,.222,.125,.347
Miguel M Del Toro,SF,9,2,1,1,0,0,0,2,0,0,0,0,.500,.500,.500,1.000
Alex A Fernandez,FLA,9,17,1,2,1,0,0,3,3,10,0,0,.118,.250,.176,.426
Thomas T Jacquez,PHI,9,0,0,0,0,0,0,0,0,0,0,0,.000,.000,.000,.000
Brandon B Kolb,SD,9,1,1,0,0,0,0,0,0,0,0,0,.000,.000,.000,.000
John J Mc Donald S,CLE,9,9,0,4,0,0,0,0,0,1,0,0,.444,.444,.444,.889
Charlie C O' Brien,MON,9,19,1,4,1,0,1,2,2,7,0,0,.211,.286,.421,.707
Brian B Powell,HOU,9,9,2,2,1,0,0,0,1,4,0,0,.222,.300,.333,.633
Curtis C Pride L,BOS,9,20,4,5,1,0,0,0,1,7,0,0,.250,.286,.300,.586
Tike T Redman R,PIT,9,18,2,6,1,0,1,1,1,7,1,0,.333,.368,.556,.924
Al A Reyes,LA,9,0,0,0,0,0,0,0,0,0,0,0,.000,.000,.000,.000
Reggie R Taylor,PHI,9,11,1,1,0,0,0,0,0,8,1,0,.091,.091,.091,.182
David D Wainhouse,STL,9,0,0,0,0,0,0,0,0,0,0,0,.000,.000,.000,.000
Ben B Weber,SF,9,0,0,0,0,0,0,0,0,0,0,0,.000,.000,.000,.000
Hiram H Bocachica,LA,8,10,2,3,0,0,0,0,0,2,0,0,.300,.300,.300,.600
Eric E Cammack,NYM,8,1,0,1,0,1,0,1,0,0,0,0,1.000,1.000,3.000,4.000
Giovanni G Carrara,COL,8,1,0,0,0,0,0,0,0,1,0,0,.000,.000,.000,.000
Ivan I Cruz,PIT,8,11,0,1,0,0,0,0,0,8,0,0,.091,.091,.091,.182
Pedro P Feliz,SF,8,7,1,2,0,0,0,0,0,1,0,0,.286,.286,.286,.571
Derek D Lowe,BOS,8,1,0,0,0,0,0,0,0,1,0,0,.000,.000,.000,.000
Robert R Machado,SEA,8,14,2,3,0,0,1,1,1,4,0,0,.214,.267,.429,.695
Trey T Moore,MON,8,8,0,1,0,0,0,0,1,2,0,0,.125,.222,.125,.347
Nate N Rolison,FLA,8,13,0,1,0,0,0,2,1,4,0,0,.077,.125,.077,.202
Sean S Spencer,MON,8,0,0,0,0,0,0,0,0,0,0,0,.000,.000,.000,.000
Stan S Spencer,SD,8,12,0,4,1,0,0,1,0,6,0,0,.333,.333,.417,.750
Jorge J Toca,NYM,8,7,1,3,1,0,0,4,0,1,0,0,.429,.429,.571,1.000
Mike M Venafro,TEX,8,0,0,0,0,0,0,0,0,0,0,0,.000,.000,.000,.000
Casey C Blake,MIN,7,16,1,3,2,0,0,1,3,7,0,0,.188,.333,.313,.646
Francisco F Cordero,TEX,7,0,0,0,0,0,0,0,0,0,0,0,.000,.000,.000,.000
Joe J Crede,CWS,7,14,2,5,1,0,0,3,0,3,0,0,.357,.333,.429,.762
Horacio H Estrada,MIL,7,7,1,1,0,0,0,0,0,2,0,0,.143,.143,.143,.286
David D Lamb,NYM,7,5,1,1,0,0,0,0,1,1,0,0,.200,.333,.200,.533
David D Lee,COL,7,0,0,0,0,0,0,0,0,0,0,0,.000,.000,.000,.000
Jeff J Manto,COL,7,5,2,4,2,0,1,4,2,0,0,0,.800,.857,1.800,2.657
Jose J Ortiz,OAK,7,11,4,2,0,0,0,1,2,3,0,0,.182,.308,.182,.490
Vicente V Palacios,SD,7,0,0,0,0,0,0,0,0,0,0,0,.000,.000,.000,.000
Eddie E Pérez Perez,ATL,7,22,0,4,1,0,0,3,0,2,0,0,.182,.182,.227,.409
Yohanny Y Valera,MON,7,10,1,0,0,0,0,1,1,5,0,0,.000,.167,.000,.167
Jeff J Williams,LA,7,0,0,0,0,0,0,0,0,0,0,0,.000,.000,.000,.000
Shawn S Wooten,ANA,7,9,2,5,1,0,0,1,0,0,0,0,.556,.556,.667,1.222
Matt M Anderson,DET,6,0,0,0,0,0,0,0,0,0,0,0,.000,.000,.000,.000
Miguel M Batista,KC,6,4,0,0,0,0,0,0,1,3,0,0,.000,.200,.000,.200
Brian B Boehringer,SD,6,4,0,1,1,0,0,2,0,0,0,0,.250,.250,.500,.750
Rick R Croushore,COL,6,1,0,1,0,0,0,0,0,0,0,0,1.000,1.000,1.000,2.000
Rich R Garces,BOS,6,0,0,0,0,0,0,0,0,0,0,0,.000,.000,.000,.000
Shigetoshi S Hasegawa,ANA,6,1,0,0,0,0,0,0,0,0,0,0,.000,.000,.000,.000
Wes W Helms,ATL,6,5,0,1,0,0,0,0,0,2,0,0,.200,.200,.200,.400
A. J. A Hinch,OAK,6,8,1,2,0,0,0,0,1,1,0,0,.250,.333,.250,.583
Keith K Johnson,ANA,6,4,2,2,0,0,0,0,2,0,0,0,.500,.667,.500,1.167
Keith K Luuloa S,ANA,6,18,3,6,0,0,0,0,1,1,0,0,.333,.368,.333,.702
Keith K Mc Donald,STL,6,7,3,3,0,0,3,5,2,1,0,0,.429,.556,1.714,2.270
Tony T Mc Knight,HOU,6,13,1,0,0,0,0,0,0,6,0,0,.000,.000,.000,.000
Steve S Montgomery,SD,6,0,0,0,0,0,0,0,0,0,0,0,.000,.000,.000,.000
Brian B O' Connor,PIT,6,2,0,1,0,0,0,0,0,1,0,0,.500,.500,.500,1.000
Will W Ohman,CHC,6,0,0,0,0,0,0,0,0,0,0,0,.000,.000,.000,.000
Jesse J Orosco,STL,6,0,0,0,0,0,0,0,0,0,0,0,.000,.000,.000,.000
Jose J Parra,PIT,6,0,0,0,0,0,0,0,2,0,0,0,.000,1.000,.000,1.000
Danny D Patterson,DET,6,0,0,0,0,0,0,0,0,0,0,0,.000,.000,.000,.000
Mark M Petkovsek,ANA,6,0,0,0,0,0,0,0,0,0,0,0,.000,.000,.000,.000
Luke L Prokopec,LA,6,5,0,0,0,0,0,0,0,2,0,0,.000,.000,.000,.000
Hector H Ramirez,MIL,6,1,0,1,0,0,0,0,0,0,0,0,1.000,1.000,1.000,2.000
Brad B Rigby,MON,6,1,0,0,0,0,0,0,0,0,0,0,.000,.000,.000,.000
Jose J Rodriguez,STL,6,1,0,0,0,0,0,0,0,1,0,0,.000,.000,.000,.000
Bob B Wells,MIN,6,0,0,0,0,0,0,0,0,0,0,0,.000,.000,.000,.000
Mark M Whiten C,CLE,6,7,2,2,1,0,0,1,3,2,0,0,.286,.500,.429,.929
Rod R Barajas,ARI,5,13,1,3,0,0,1,3,0,4,0,0,.231,.231,.462,.692
Kevin K Brown,MIL,5,17,3,4,3,0,0,1,1,5,0,0,.235,.278,.412,.690
Mike M Buddie,MIL,5,0,0,0,0,0,0,0,0,0,0,0,.000,.000,.000,.000
Brad B Clontz,PIT,5,0,1,0,0,0,0,0,0,0,0,0,.000,1.000,.000,1.000
Tim T Crabtree,TEX,5,0,0,0,0,0,0,0,0,0,0,0,.000,.000,.000,.000
Keith K Foulke,CWS,5,0,0,0,0,0,0,0,0,0,0,0,.000,.000,.000,.000
Gary G Gaetti,BOS,5,10,0,0,0,0,0,1,0,3,0,0,.000,.000,.000,.000
Keith K Ginter,HOU,5,8,3,2,0,0,1,3,1,3,0,0,.250,.300,.625,.925
Jason J Grimsley,NYY,5,1,0,0,0,0,0,0,2,1,0,0,.000,.667,.000,.667
Eddie E Guardado,MIN,5,0,0,0,0,0,0,0,0,0,0,0,.000,.000,.000,.000
La Troy L Hawkins,MIN,5,1,0,0,0,0,0,0,0,1,0,0,.000,.000,.000,.000
Bob B Howry,CWS,5,0,0,0,0,0,0,0,0,0,0,0,.000,.000,.000,.000
Todd T Jones,DET,5,0,0,0,0,0,0,0,0,0,0,0,.000,.000,.000,.000
Mike M Kinkade D,BAL,5,9,0,3,1,0,0,1,0,1,0,0,.333,.400,.444,.844
Yovanny Y Lara,MON,5,0,0,0,0,0,0,0,0,0,0,0,.000,.000,.000,.000
Brian B Lesher,SEA,5,5,1,4,1,1,0,3,1,0,1,0,.800,.833,1.400,2.233
Allen A Levrault,MIL,5,3,0,0,0,0,0,0,0,2,0,0,.000,.000,.000,.000
Jeff J Liefer R,CWS,5,11,0,2,0,0,0,0,0,4,0,0,.182,.182,.182,.364
Rodrigo R Lopez,SD,5,9,1,1,0,0,0,0,0,4,0,0,.111,.111,.111,.222
Rusty R Meacham,HOU,5,0,0,0,0,0,0,0,0,0,0,0,.000,.000,.000,.000
Jim J Mecir,TB,5,0,0,0,0,0,0,0,0,0,0,0,.000,.000,.000,.000
Travis T Miller,MIN,5,0,0,0,0,0,0,0,0,0,0,0,.000,.000,.000,.000
Jaime J Navarro,MIL,5,5,0,0,0,0,0,0,0,2,0,0,.000,.000,.000,.000
Jeff J Nelson,NYY,5,1,0,0,0,0,0,0,0,0,0,0,.000,.000,.000,.000
C. J. C Nitkowski,DET,5,0,0,0,0,0,0,0,0,0,0,0,.000,.000,.000,.000
Hipolito H Pichardo,BOS,5,1,0,0,0,0,0,0,0,1,0,0,.000,.000,.000,.000
Jim J Poole,MON,5,0,0,0,0,0,0,0,0,0,0,0,.000,.000,.000,.000
Chris C Pritchett,PHI,5,11,0,1,0,0,0,0,1,3,0,0,.091,.167,.091,.258
Paul P Quantrill,TOR,5,0,0,0,0,0,0,0,1,0,0,0,.000,1.000,.000,1.000
Arthur A Rhodes,SEA,5,0,0,0,0,0,0,0,0,0,0,0,.000,.000,.000,.000
Luis L Rivera,ATL,5,0,0,0,0,0,0,0,0,0,0,0,.000,.000,.000,.000
Mariano M Rivera,NYY,5,0,0,0,0,0,0,0,0,0,0,0,.000,.000,.000,.000
Johnny J Ruffin,ARI,5,0,0,0,0,0,0,0,0,0,0,0,.000,.000,.000,.000
Bill B Simas,CWS,5,0,0,0,0,0,0,0,0,0,0,0,.000,.000,.000,.000
Mike M Trombley,BAL,5,1,0,0,0,0,0,0,0,1,0,0,.000,.000,.000,.000
Mario M Valdez,OAK,5,12,0,0,0,0,0,0,0,3,0,0,.000,.000,.000,.000
Tim T Wakefield,BOS,5,2,0,0,0,0,0,0,0,2,0,0,.000,.000,.000,.000
Kelly K Wunsch,CWS,5,0,0,0,0,0,0,0,0,0,0,0,.000,.000,.000,.000
Willie W Blair,DET,4,3,0,1,0,0,0,0,0,2,0,0,.333,.333,.333,.667
Pedro P Borbon,TOR,4,0,0,0,0,0,0,0,0,0,0,0,.000,.000,.000,.000
Justin J Brunette,STL,4,1,0,1,0,0,0,0,0,0,0,0,1.000,1.000,1.000,2.000
Buddy B Carlyle,SD,4,0,0,0,0,0,0,0,0,0,0,0,.000,.000,.000,.000
Frank F Charles,HOU,4,7,1,3,1,0,0,2,0,2,0,0,.429,.429,.571,1.000
David D Coggin,PHI,4,7,0,0,0,0,0,0,0,4,0,0,.000,.000,.000,.000
Rheal R Cormier,BOS,4,0,0,0,0,0,0,0,0,0,0,0,.000,.000,.000,.000
Kane K Davis,MIL,4,1,0,0,0,0,0,0,0,1,0,0,.000,.000,.000,.000
Trent T Durrington,ANA,4,3,0,0,0,0,0,0,0,0,0,0,.000,.000,.000,.000
Morgan M Ensberg,HOU,4,7,0,2,0,0,0,0,0,1,0,0,.286,.286,.286,.571
Keith K Glauber,CIN,4,1,0,0,0,0,0,0,0,1,0,0,.000,.000,.000,.000
Toby T Hall,TB,4,12,1,2,0,0,1,1,1,0,0,0,.167,.231,.417,.647
Mike M Holtz,ANA,4,0,0,0,0,0,0,0,0,0,0,0,.000,.000,.000,.000
Jason J Isringhausen,OAK,4,0,0,0,0,0,0,0,0,0,0,0,.000,.000,.000,.000
Al A Levine,ANA,4,0,0,0,0,0,0,0,0,0,0,0,.000,.000,.000,.000
Mendy M Lopez,FLA,4,3,0,0,0,0,0,0,1,1,0,0,.000,.250,.000,.250
Sean S Lowe,CWS,4,0,0,0,0,0,0,0,0,0,0,0,.000,.000,.000,.000
Mike M Magnante,OAK,4,1,0,0,0,0,0,0,0,0,0,0,.000,.000,.000,.000
Mike M Mahoney,CHC,4,7,1,2,1,0,0,1,1,0,0,0,.286,.444,.429,.873
T. J. T Mathews,OAK,4,0,0,0,0,0,0,0,1,0,0,0,.000,1.000,.000,1.000
Jose J Mercedes,BAL,4,1,0,0,0,0,0,0,0,0,0,0,.000,.000,.000,.000
Jose J Mesa,SEA,4,0,0,0,0,0,0,0,0,0,0,0,.000,.000,.000,.000
Mike M Metcalfe L,LA,4,12,0,1,0,0,0,0,1,2,0,0,.083,.154,.083,.237
Doug D Nickle,PHI,4,0,0,0,0,0,0,0,0,0,0,0,.000,.000,.000,.000
Jesus J Pena,CWS,4,0,0,0,0,0,0,0,0,0,0,0,.000,.000,.000,.000
Troy T Percival,ANA,4,0,0,0,0,0,0,0,0,0,0,0,.000,.000,.000,.000
Grant G Roberts,NYM,4,0,0,0,0,0,0,0,0,0,0,0,.000,.000,.000,.000
Damian D Rolls,TB,4,3,0,1,0,0,0,0,0,1,0,0,.333,.333,.333,.667
Rafael R Roque,MIL,4,0,0,0,0,0,0,0,0,0,0,0,.000,.000,.000,.000
Kazuhiro K Sasaki,SEA,4,0,0,0,0,0,0,0,0,0,0,0,.000,.000,.000,.000
Pedro P Swann R,ATL,4,2,0,0,0,0,0,0,0,2,0,0,.000,.000,.000,.000
Jeff J Tam,OAK,4,0,0,0,0,0,0,0,0,0,0,0,.000,.000,.000,.000
Tim T Unroe,ATL,4,5,0,0,0,0,0,0,1,2,0,0,.000,.167,.000,.167
Ryan R Vogelsong,SF,4,0,0,0,0,0,0,0,0,0,0,0,.000,.000,.000,.000
John J Wetteland,TEX,4,0,0,0,0,0,0,0,0,0,0,0,.000,.000,.000,.000
Rick R Wilkins,STL,4,11,3,3,0,0,0,1,2,2,0,0,.273,.385,.273,.657
Vance V Wilson,NYM,4,4,0,0,0,0,0,0,0,2,0,0,.000,.000,.000,.000
Scott S Winchester,CIN,4,0,0,0,0,0,0,0,0,0,0,0,.000,.000,.000,.000
Danny D Young,CHC,4,0,0,0,0,0,0,0,0,0,0,0,.000,.000,.000,.000
Chad C Zerbe,SF,4,0,0,0,0,0,0,0,0,0,0,0,.000,.000,.000,.000
Jeff J Zimmerman,TEX,4,0,0,0,0,0,0,0,0,0,0,0,.000,.000,.000,.000
Eddie E Zosky,HOU,4,4,0,0,0,0,0,0,0,1,0,0,.000,.000,.000,.000
Kevin K Beirne,CWS,3,0,0,0,0,0,0,0,0,0,0,0,.000,.000,.000,.000
Ricky R Bottalico,KC,3,0,0,0,0,0,0,0,0,0,0,0,.000,.000,.000,.000
Jamie J Brewington,CLE,3,1,1,0,0,0,0,0,1,0,0,0,.000,.500,.000,.500
Doug D Brocail,DET,3,0,0,0,0,0,0,0,0,0,0,0,.000,.000,.000,.000
Kirk K Bullinger,PHI,3,0,0,0,0,0,0,0,0,0,0,0,.000,.000,.000,.000
Hector H Carrasco,MIN,3,0,0,0,0,0,0,0,0,0,0,0,.000,.000,.000,.000
Doug D Creek,TB,3,0,0,0,0,0,0,0,0,0,0,0,.000,.000,.000,.000
Jeff J D' Amico,KC,3,0,0,0,0,0,0,0,0,0,0,0,.000,.000,.000,.000
Doug D Davis,TEX,3,0,0,0,0,0,0,0,0,0,0,0,.000,.000,.000,.000
Scott S Erickson,BAL,3,5,2,2,1,0,0,1,0,0,0,0,.400,.400,.600,1.000
John J Frascatore,TOR,3,0,0,0,0,0,0,0,0,0,0,0,.000,.000,.000,.000
Raul R Gonzalez L,CHC,3,2,0,0,0,0,0,0,0,2,0,0,.000,.000,.000,.000
Dwight D Gooden,NYY,3,3,0,0,0,0,0,0,0,1,0,0,.000,.000,.000,.000
Charlie C Greene,TOR,3,9,0,1,0,0,0,0,0,5,0,0,.111,.111,.111,.222
Buddy B Groom,BAL,3,0,0,0,0,0,0,0,0,0,0,0,.000,.000,.000,.000
Orlando O Hernandez,NYY,3,9,0,0,0,0,0,0,0,7,0,0,.000,.000,.000,.000
Roberto R Hernandez,TB,3,0,0,0,0,0,0,0,0,0,0,0,.000,.000,.000,.000
Ray R Holbert,KC,3,4,0,1,0,0,0,0,0,2,0,0,.250,.250,.250,.500
Doug D Jones,OAK,3,0,0,0,0,0,0,0,0,0,0,0,.000,.000,.000,.000
Steve S Karsay,CLE,3,1,0,0,0,0,0,0,0,0,0,0,.000,.000,.000,.000
Billy B Koch,TOR,3,1,0,0,0,0,0,0,0,1,0,0,.000,.000,.000,.000
Cole C Liniak,CHC,3,3,0,0,0,0,0,0,0,2,0,0,.000,.000,.000,.000
Albie A Lopez,TB,3,6,0,0,0,0,0,0,0,5,0,0,.000,.000,.000,.000
Tom T Martin,CLE,3,0,0,0,0,0,0,0,0,0,0,0,.000,.000,.000,.000
Joe J Mays,MIN,3,5,1,2,1,0,0,0,0,2,0,0,.400,.400,.600,1.000
Chuck C Mc Elroy,BAL,3,0,0,0,0,0,0,0,0,0,0,0,.000,.000,.000,.000
Doug D Mientkiewicz,MIN,3,14,0,6,0,0,0,4,0,0,0,0,.429,.400,.429,.829
Gabe G Molina,ATL,3,0,0,0,0,0,0,0,0,0,0,0,.000,.000,.000,.000
David D Moraga,COL,3,0,0,0,0,0,0,0,0,0,0,0,.000,.000,.000,.000
Willie W Morales,BAL,3,11,1,3,1,0,0,0,0,3,0,0,.273,.273,.364,.636
Chad C Mottola R,TOR,3,9,1,2,0,0,0,2,0,4,0,0,.222,.300,.222,.522
Eric E Munson,DET,3,5,0,0,0,0,0,1,0,1,0,0,.000,.000,.000,.000
Rodney R Myers,SD,3,0,0,0,0,0,0,0,0,0,0,0,.000,.000,.000,.000
Hideo H Nomo,DET,3,6,0,0,0,0,0,0,0,2,0,0,.000,.000,.000,.000
Lance L Painter,TOR,3,0,0,0,0,0,0,0,0,0,0,0,.000,.000,.000,.000
Jose J Paniagua,SEA,3,1,0,0,0,0,0,0,0,1,0,0,.000,.000,.000,.000
Jason J Rakers,KC,3,0,0,0,0,0,0,0,0,0,0,0,.000,.000,.000,.000
Steve S Reed,CLE,3,0,0,0,0,0,0,0,0,0,0,0,.000,.000,.000,.000
Dan D Reichert,KC,3,1,0,0,0,0,0,0,0,0,0,0,.000,.000,.000,.000
Kenny K Rogers,TEX,3,4,0,2,0,0,0,0,0,1,0,0,.500,.500,.500,1.000
Pete P Schourek,BOS,3,4,0,2,0,0,0,0,0,1,0,0,.500,.500,.500,1.000
Scott S Service,OAK,3,0,0,0,0,0,0,0,0,0,0,0,.000,.000,.000,.000
Brian B Smith,PIT,3,0,0,0,0,0,0,0,0,0,0,0,.000,.000,.000,.000
Steve S Sparks,PIT,3,0,0,0,0,0,0,0,0,0,0,0,.000,.000,.000,.000
Justin J Speier,CLE,3,2,0,1,0,0,0,0,0,1,0,0,.500,.500,.500,1.000
Rob R Stanifer,BOS,3,0,0,0,0,0,0,0,0,0,0,0,.000,.000,.000,.000
Pete P Walker,COL,3,0,0,0,0,0,0,0,0,0,0,0,.000,.000,.000,.000
Vernon V Wells C,TOR,3,2,0,0,0,0,0,0,0,0,0,0,.000,.000,.000,.000
Esteban E Yan,TB,3,1,1,1,0,0,1,1,0,0,0,0,1.000,1.000,4.000,5.000
Paul P Abbott,SEA,2,5,1,2,1,0,0,0,0,1,0,0,.400,.400,.600,1.000
Clemente C Alvarez,PHI,2,5,1,1,0,0,0,0,0,1,0,0,.200,.200,.200,.400
Clayton C Andrews,TOR,2,3,0,0,0,0,0,0,0,2,0,0,.000,.000,.000,.000
Kevin K Appier,OAK,2,6,0,1,0,0,0,0,0,3,0,0,.167,.167,.167,.333
James J Baldwin,CWS,2,4,0,0,0,0,0,0,0,2,0,0,.000,.000,.000,.000
Jim J Brower,CLE,2,3,0,0,0,0,0,0,0,2,0,0,.000,.000,.000,.000
Carlos C Casimiro D,BAL,2,8,0,1,1,0,0,3,0,2,0,0,.125,.125,.250,.375
Frank F Castillo,TOR,2,7,0,1,0,0,0,0,0,3,0,0,.143,.143,.143,.286
Norm N Charlton,CIN,2,0,0,0,0,0,0,0,0,0,0,0,.000,.000,.000,.000
Bartolo B Colon,CLE,2,5,0,0,0,0,0,0,0,5,0,0,.000,.000,.000,.000
Brian B Cooper,ANA,2,4,0,0,0,0,0,0,0,3,0,0,.000,.000,.000,.000
Darwin D Cubillan,TOR,2,1,0,0,0,0,0,0,0,0,0,0,.000,.000,.000,.000
Cal C Eldred,CWS,2,4,3,1,0,0,0,0,2,1,0,0,.250,.500,.250,.750
Kelvim K Escobar,TOR,2,7,0,0,0,0,0,0,0,4,0,0,.000,.000,.000,.000
Jeff J Fassero,BOS,2,2,1,0,0,0,0,0,0,2,0,0,.000,.000,.000,.000
Nelson N Figueroa,ARI,2,3,1,1,0,0,0,0,0,1,0,0,.333,.333,.333,.667
Chuck C Finley,CLE,2,7,0,0,0,0,0,0,0,4,0,0,.000,.000,.000,.000
Bryce B Florie,BOS,2,0,0,0,0,0,0,0,0,0,0,0,.000,.000,.000,.000
Mike M Fyhrie,ANA,2,0,0,0,0,0,0,0,0,0,0,0,.000,.000,.000,.000
Freddy F Garcia,SEA,2,3,0,2,0,0,0,0,0,0,0,0,.667,.667,.667,1.333
Kip K Gross,HOU,2,1,0,0,0,0,0,0,0,0,0,0,.000,.000,.000,.000
John J Halama,SEA,2,2,0,1,0,0,0,0,0,1,0,0,.500,.500,.500,1.000
Rick R Helling,TEX,2,5,0,0,0,0,0,0,0,2,0,0,.000,.000,.000,.000
Carlos C Hernandez,SEA,2,1,0,0,0,0,0,0,0,1,0,1,.000,.000,.000,.000
Ken K Hill,ANA,2,3,0,1,0,0,0,0,0,0,0,0,.333,.333,.333,.667
Mike M Hubbard,ATL,2,1,0,0,0,0,0,0,0,1,0,0,.000,.000,.000,.000
Tim T Hudson,OAK,2,3,0,0,0,0,0,0,0,1,0,0,.000,.000,.000,.000
Jason J Johnson,BAL,2,3,0,0,0,0,0,0,0,2,0,0,.000,.000,.000,.000
Kenny K Kelly,TB,2,1,0,0,0,0,0,0,0,0,0,0,.000,.000,.000,.000
Andy A Larkin,CIN,2,1,0,0,0,0,0,0,0,1,0,0,.000,.000,.000,.000
Esteban E Loaiza,TEX,2,3,0,0,0,0,0,0,0,0,0,0,.000,.000,.000,.000
Oswaldo O Mairena,CHC,2,0,0,0,0,0,0,0,0,0,0,0,.000,.000,.000,.000
Jim J Mann,NYM,2,0,0,0,0,0,0,0,0,0,0,0,.000,.000,.000,.000
Ramon R Martinez,BOS,2,5,1,1,0,0,0,0,0,1,0,0,.200,.200,.200,.400
Eric E Milton,MIN,2,2,0,0,0,0,0,0,0,0,0,0,.000,.000,.000,.000
Dave D Mlicki,DET,2,2,0,0,0,0,0,0,0,1,0,0,.000,.000,.000,.000
Brian B Moehler,DET,2,4,0,0,0,0,0,0,0,1,0,0,.000,.000,.000,.000
Mark M Mulder,OAK,2,4,0,0,0,0,0,0,0,3,0,0,.000,.000,.000,.000
Mike M Mussina,BAL,2,6,0,0,0,0,0,0,0,1,0,0,.000,.000,.000,.000
Joey J Nation,CHC,2,4,0,2,0,0,0,0,0,1,0,0,.500,.500,.500,1.000
Phil P Norton,CHC,2,3,1,2,0,0,0,0,0,0,0,0,.667,.667,.667,1.333
Jim J Parque,CWS,2,4,0,0,0,0,0,0,0,3,0,0,.000,.000,.000,.000
Matt M Perisho,TEX,2,4,0,0,0,0,0,0,0,4,0,0,.000,.000,.000,.000
Andy A Pettitte,NYY,2,5,0,0,0,0,0,0,0,2,0,0,.000,.000,.000,.000
Lou L Pote,ANA,2,0,0,0,0,0,0,0,0,0,0,0,.000,.000,.000,.000
Bill B Pulsipher,NYM,2,2,0,0,0,0,0,0,0,1,0,0,.000,.000,.000,.000
Pat P Rapp,BAL,2,3,0,0,0,0,0,0,0,0,0,0,.000,.000,.000,.000
Mark M Redman,MIN,2,4,0,0,0,0,0,0,0,3,0,0,.000,.000,.000,.000
B. J. B Ryan,BAL,2,0,0,0,0,0,0,0,0,0,0,0,.000,.000,.000,.000
Johan J Santana,MIN,2,1,0,0,0,0,0,0,0,0,0,0,.000,.000,.000,.000
Jose J Santiago,KC,2,0,0,0,0,0,0,0,0,0,0,0,.000,.000,.000,.000
Bob B Scanlan,MIL,2,0,0,0,0,0,0,0,0,0,0,0,.000,.000,.000,.000
Chris C Seelbach,ATL,2,0,0,0,0,0,0,0,0,0,0,0,.000,.000,.000,.000
Aaron A Sele,SEA,2,3,0,0,0,0,0,0,0,0,0,0,.000,.000,.000,.000
Paul P Shuey,CLE,2,0,0,0,0,0,0,0,0,0,0,0,.000,.000,.000,.000
Mike M Sirotka,CWS,2,4,0,0,0,0,0,0,1,2,0,0,.000,.200,.000,.200
Dan D Smith,BOS,2,0,0,0,0,0,0,0,0,0,0,0,.000,.000,.000,.000
Dennis D Springer,NYM,2,4,0,0,0,0,0,0,0,3,0,0,.000,.000,.000,.000
Mike M Stanton,NYY,2,1,1,1,0,0,0,0,0,0,0,0,1.000,1.000,1.000,2.000
Dave D Stevens,ATL,2,1,0,0,0,0,0,0,0,0,0,0,.000,.000,.000,.000
Tanyon T Sturtze,TB,2,0,0,0,0,0,0,0,0,0,0,0,.000,.000,.000,.000
Jeff J Suppan,KC,2,3,0,0,0,0,0,0,0,0,0,0,.000,.000,.000,.000
Mac M Suzuki,KC,2,5,1,1,0,0,0,0,0,2,0,0,.200,.200,.200,.400
Andy A Thompson L,TOR,2,6,2,1,0,0,0,1,3,2,0,0,.167,.444,.167,.611
Brett B Tomko,SEA,2,0,0,0,0,0,0,0,0,0,0,0,.000,.000,.000,.000
Steve S Trachsel,TB,2,4,0,1,0,0,0,0,1,1,0,0,.250,.400,.250,.650
Jarrod J Washburn,ANA,2,3,0,1,0,0,0,2,1,0,0,0,.333,.500,.333,.833
Mark M Watson,CLE,2,0,0,0,0,0,0,0,0,0,0,0,.000,.000,.000,.000
Jeff J Weaver,DET,2,3,0,0,0,0,0,0,0,2,0,0,.000,.000,.000,.000
David D Wells,TOR,2,6,0,1,0,0,0,0,0,2,0,0,.167,.167,.167,.333
Michael M Young,TEX,2,2,0,0,0,0,0,0,0,1,0,0,.000,.000,.000,.000
Rigo R Beltran,COL,1,0,0,0,0,0,0,0,0,0,0,0,.000,.000,.000,.000
Sean S Bergman,MIN,1,2,0,1,1,0,0,0,0,1,0,0,.500,.500,1.000,1.500
Doug D Bochtler,KC,1,0,0,0,0,0,0,0,0,0,0,0,.000,.000,.000,.000
Mark M Brownson,PHI,1,0,0,0,0,0,0,0,1,0,0,0,.000,1.000,.000,1.000
Dave D Burba,CLE,1,1,0,0,0,0,0,0,0,1,0,0,.000,.000,.000,.000
Chris C Carpenter,TOR,1,2,0,0,0,0,0,0,0,1,0,0,.000,.000,.000,.000
Randy R Choate,NYY,1,0,0,0,0,0,0,0,0,0,0,0,.000,.000,.000,.000
Roger R Clemens,NYY,1,3,0,0,0,0,0,0,0,1,0,0,.000,.000,.000,.000
David D Cone,NYY,1,3,0,1,0,0,0,0,0,1,0,0,.333,.333,.333,.667
Nelson N Cruz,DET,1,1,0,0,0,0,0,0,0,0,0,0,.000,.000,.000,.000
Matt M De Witt,TOR,1,0,0,0,0,0,0,0,0,0,0,0,.000,.000,.000,.000
Seth S Etherton,ANA,1,2,1,0,0,0,0,0,1,0,0,0,.000,.333,.000,.333
Chris C Fussell,KC,1,2,0,0,0,0,0,0,0,2,0,0,.000,.000,.000,.000
Jon J Garland,CWS,1,0,0,0,0,0,0,0,0,0,0,0,.000,.000,.000,.000
Ryan R Glynn,TEX,1,2,0,0,0,0,0,0,0,1,0,0,.000,.000,.000,.000
Jason J Grilli,FLA,1,2,0,1,0,0,0,1,0,0,0,0,.500,.500,.500,1.000
Luther L Hackman,STL,1,0,0,0,0,0,0,0,0,0,0,0,.000,.000,.000,.000
Gil G Heredia,OAK,1,2,0,1,0,0,0,0,0,0,0,0,.500,.500,.500,1.000
Marcus M Jones,OAK,1,2,0,0,0,0,0,0,0,0,0,0,.000,.000,.000,.000
Mike M Judd,LA,1,1,1,1,0,0,0,0,0,0,0,0,1.000,1.000,1.000,2.000
Ryan R Kohlmeier,BAL,1,0,0,0,0,0,0,0,0,0,0,0,.000,.000,.000,.000
Cory C Lidle,TB,1,2,0,0,0,0,0,0,0,1,0,0,.000,.000,.000,.000
Allen A Mc Dill,DET,1,0,0,0,0,0,0,0,0,0,0,0,.000,.000,.000,.000
Ryan R Mc Guire,NYM,1,2,0,0,0,0,0,0,1,0,0,0,.000,.333,.000,.333
Jamie J Moyer,SEA,1,2,0,0,0,0,0,0,0,1,0,0,.000,.000,.000,.000
Pete P Munro,TOR,1,1,0,0,0,0,0,0,0,1,0,0,.000,.000,.000,.000
Xavier X Nady,SD,1,1,1,1,0,0,0,0,0,0,0,0,1.000,1.000,1.000,2.000
Omar O Olivares,OAK,1,1,0,1,0,0,0,0,0,0,0,0,1.000,1.000,1.000,2.000
Darren D Oliver,TEX,1,2,0,0,0,0,0,0,0,1,0,0,.000,.333,.000,.333
Josh J Phelps,TOR,1,1,0,0,0,0,0,0,0,1,0,0,.000,.000,.000,.000
Sidney S Ponson,BAL,1,1,0,0,0,0,0,0,0,1,0,0,.000,.000,.000,.000
Ariel A Prieto,OAK,1,2,0,0,0,0,0,0,0,1,0,0,.000,.000,.000,.000
Scott S Radinsky,STL,1,0,0,0,0,0,0,0,0,0,0,0,.000,.000,.000,.000
Brad B Radke,MIN,1,2,0,0,0,0,0,0,0,2,0,0,.000,.000,.000,.000
Robert R Ramsay,SEA,1,0,0,0,0,0,0,0,0,0,0,0,.000,.000,.000,.000
Bryan B Rekar,TB,1,3,0,1,1,0,0,1,0,1,0,0,.333,.333,.667,1.000
Jerrod J Riggan,NYM,1,0,0,0,0,0,0,0,0,0,0,0,.000,.000,.000,.000
Frankie F Rodriguez,SEA,1,1,0,0,0,0,0,0,0,1,0,0,.000,.000,.000,.000
Ryan R Rupe,TB,1,1,0,0,0,0,0,0,0,0,0,0,.000,.000,.000,.000
Anthony A Sanders R,SEA,1,1,1,1,0,0,0,0,0,0,0,0,1.000,1.000,1.000,2.000
Rich R Sauveur,OAK,1,0,0,0,0,0,0,0,0,0,0,0,.000,.000,.000,.000
Scott S Schoeneweis,ANA,1,3,0,1,0,0,0,1,0,0,0,0,.333,.333,.333,.667
Blake B Stein,KC,1,2,0,0,0,0,0,0,0,2,0,0,.000,.000,.000,.000
T. J. T Tucker,MON,1,1,1,1,0,0,0,0,0,0,0,0,1.000,1.000,1.000,2.000
Ismael I Villegas,ATL,1,1,0,0,0,0,0,0,0,0,0,0,.000,.000,.000,.000
Allen A Watson,NYY,1,0,0,0,0,0,0,0,0,0,0,0,.000,.000,.000,.000
Eric E Weaver,ANA,1,0,0,0,0,0,0,0,0,0,0,0,.000,.000,.000,.000
Kip K Wells,CWS,1,2,0,0,0,0,0,0,0,2,0,0,.000,.000,.000,.000
Jaret J Wright,CLE,1,1,0,0,0,0,0,0,0,1,0,0,.000,.000,.000,.000
