PLAYER,TEAM,AB,R,H,2B,3B,HR,RBI,BB,SO,SB,CS,AVG,OBP,SLG,OPS
Jeff J Conine L,FLA,162,595,75,174,24,3,12,79,52,135,2,2,.292,.351,.403,.754
Cal C Ripken S,BAL,162,641,87,165,26,3,24,90,65,58,1,4,.257,.329,.420,.748
Jeff J Blauser S,ATL,161,597,110,182,29,2,15,73,85,109,16,6,.305,.401,.436,.837
Lenny L Dykstra C,PHI,161,637,143,194,44,6,19,66,129,64,37,12,.305,.420,.482,.902
Terry T Pendleton,ATL,161,633,81,172,33,1,17,84,36,97,5,1,.272,.311,.408,.718
Paul P Molitor D,TOR,160,636,121,211,37,5,22,111,77,71,22,4,.332,.402,.509,.911
Rafael R Palmeiro,TEX,160,597,124,176,40,2,37,105,73,85,22,3,.295,.371,.554,.926
Albert A Belle L,CLE,159,594,93,172,36,3,38,129,76,96,23,12,.290,.370,.552,.922
Barry B Bonds L,SF,159,539,129,181,38,4,46,123,126,79,29,12,.336,.458,.677,1.136
Mike M Bordick S,OAK,159,546,60,136,21,2,3,48,60,58,10,10,.249,.332,.311,.644
Greg G Gagne S,KC,159,540,66,151,32,3,10,57,33,93,10,12,.280,.319,.406,.724
Sammy S Sosa R,CHC,159,598,92,156,25,5,33,93,38,135,36,11,.261,.309,.485,.794
Jay J Buhner R,SEA,158,563,90,153,28,3,27,98,100,144,2,5,.272,.379,.476,.855
Eric E Karros,LA,158,619,74,153,27,2,23,80,34,82,0,1,.247,.287,.409,.696
Jeff J King,PIT,158,611,82,180,35,3,9,98,59,54,8,6,.295,.356,.406,.762
Jose J Offerman S,LA,158,590,77,159,21,6,1,62,71,75,30,13,.269,.346,.331,.676
John J Olerud,TOR,158,551,109,200,54,2,24,107,114,65,0,2,.363,.473,.599,1.072
Ruben R Sierra,OAK,158,630,77,147,23,5,22,101,52,97,25,5,.233,.288,.390,.678
Omar O Vizquel S,SEA,158,560,68,143,14,2,2,31,50,71,12,14,.255,.319,.298,.618
Walt W Weiss S,FLA,158,500,50,133,14,2,1,39,79,73,7,3,.266,.367,.308,.675
Ron R Gant L,ATL,157,606,113,166,27,4,36,117,67,117,26,9,.274,.345,.510,.854
Marquis M Grissom C,MON,157,630,104,188,27,2,19,95,52,76,53,10,.298,.351,.438,.789
Charlie C Hayes,COL,157,573,89,175,45,2,25,98,43,82,11,6,.305,.355,.522,.876
David D Justice R,ATL,157,585,90,158,15,4,40,120,78,90,3,5,.270,.357,.515,.871
Robin R Ventura,CWS,157,554,85,145,27,1,22,94,105,82,1,6,.262,.379,.433,.812
Todd T Zeile,STL,157,571,82,158,36,1,17,103,70,76,5,4,.277,.352,.433,.785
Brett B Butler C,LA,156,607,80,181,21,10,1,42,86,69,39,19,.298,.387,.371,.758
Scott S Cooper,BOS,156,526,67,147,29,3,9,63,58,81,5,2,.279,.355,.397,.752
Ken K Griffey C,SEA,156,582,113,180,38,3,45,109,96,91,17,9,.309,.408,.617,1.025
Kirby K Puckett C,MIN,156,622,89,184,39,3,22,89,47,93,8,6,.296,.349,.474,.824
Craig C Biggio,HOU,155,610,98,175,41,5,21,64,77,93,15,17,.287,.373,.474,.847
Joe J Carter R,TOR,155,603,92,153,33,5,33,121,47,113,8,3,.254,.312,.489,.802
Mark M Grace,CHC,155,594,86,193,39,4,14,98,71,32,8,4,.325,.393,.475,.867
Carlos C Baerga,CLE,154,624,105,200,28,6,21,114,34,68,15,4,.321,.355,.486,.840
Jay J Bell S,PIT,154,604,102,187,32,9,9,51,77,122,16,10,.310,.392,.437,.830
Cecil C Fielder,DET,154,573,80,153,23,0,30,117,90,125,0,1,.267,.368,.464,.832
Luis L Gonzalez,HOU,154,540,82,162,34,3,15,72,47,83,20,9,.300,.361,.457,.818
Eddie E Murray,NYM,154,610,77,174,28,1,27,100,40,61,2,2,.285,.325,.467,.792
Greg G Vaughn L,MIL,154,569,97,152,28,2,30,97,89,118,10,7,.267,.369,.482,.850
Roberto R Alomar,TOR,153,589,109,192,35,6,17,93,80,67,55,15,.326,.408,.492,.900
Royce R Clayton S,SF,153,549,54,155,21,5,6,70,38,91,11,10,.282,.331,.372,.702
Joey J Cora,CWS,153,579,95,155,15,13,2,51,67,63,20,8,.268,.351,.349,.699
Orestes O Destrade,FLA,153,569,61,145,20,3,20,87,58,130,0,2,.255,.324,.406,.730
Jim J Eisenreich R,PHI,153,362,51,115,17,4,7,54,26,36,5,0,.318,.363,.445,.808
John J Jaha,MIL,153,515,78,136,21,0,19,70,51,109,13,9,.264,.337,.416,.753
Chuck C Knoblauch,MIN,153,602,82,167,27,4,2,41,65,44,29,11,.277,.354,.346,.699
Brian B Mc Rae C,KC,153,627,78,177,28,9,12,69,37,105,23,14,.282,.325,.413,.738
Frank F Thomas,CWS,153,549,106,174,36,0,41,128,112,54,4,2,.317,.426,.607,1.033
Chad C Curtis,CAL,152,583,94,166,25,3,6,59,70,89,48,24,.285,.361,.369,.730
Chili C Davis D,CAL,152,573,74,139,32,0,27,112,71,135,4,1,.243,.327,.440,.767
Luis L Polonia,CAL,152,576,75,156,17,6,1,32,48,53,55,24,.271,.328,.326,.654
Mickey M Tettleton,DET,152,522,79,128,25,4,32,110,109,139,3,7,.245,.372,.492,.864
Mo M Vaughn,BOS,152,539,86,160,34,1,29,101,79,130,4,3,.297,.390,.525,.915
Mark M Whiten R,STL,152,562,81,142,13,4,25,99,58,110,15,8,.253,.323,.423,.746
Travis T Fryman S,DET,151,607,98,182,37,5,22,97,77,128,9,4,.300,.379,.486,.865
Mark M Lemke,ATL,151,493,52,124,19,2,7,49,65,50,1,2,.252,.335,.341,.676
Fred F Mc Griff,ATL,151,557,111,162,29,2,37,101,76,106,5,3,.291,.375,.549,.924
Tony T Phillips L,DET,151,566,113,177,27,0,7,57,132,102,16,11,.313,.443,.398,.841
Jose J Vizcaino S,CHC,151,551,74,158,19,4,4,54,46,71,12,9,.287,.340,.358,.697
Derek D Bell C,SD,150,542,73,142,19,1,21,72,23,122,26,5,.262,.303,.417,.720
John J Kruk,PHI,150,535,100,169,33,5,14,85,111,87,6,2,.316,.430,.475,.905
Ed E Sprague,TOR,150,546,50,142,31,1,12,73,32,85,1,0,.260,.310,.386,.696
Andujar A Cedeno S,HOU,149,505,69,143,24,4,11,56,48,97,9,7,.283,.346,.412,.758
Felix F Jose R,KC,149,499,64,126,24,3,6,43,36,95,31,13,.253,.303,.349,.652
Mike M Piazza,LA,149,547,81,174,24,2,35,112,46,86,3,4,.318,.370,.561,.932
Kenny K Lofton C,CLE,148,569,116,185,28,8,1,42,81,83,70,14,.325,.408,.408,.815
Mark M Mc Lemore R,BAL,148,581,81,165,27,5,4,72,64,92,21,15,.284,.353,.368,.721
Dean D Palmer,TEX,148,519,88,127,31,2,33,96,53,154,11,10,.245,.321,.503,.824
Chris C Sabo,CIN,148,552,86,143,33,2,21,82,43,105,6,4,.259,.315,.440,.756
Paul P Sorrento,CLE,148,463,75,119,26,1,18,65,58,121,3,1,.257,.340,.434,.774
B. J. B Surhoff,MIL,148,552,66,151,38,3,7,79,36,47,12,9,.274,.318,.391,.709
Darren D Daulton,PHI,147,510,90,131,35,4,24,105,117,111,5,0,.257,.392,.482,.875
Brian B Harper,MIN,147,530,52,161,26,1,12,73,29,29,1,3,.304,.347,.425,.772
Lance L Johnson C,CWS,147,540,75,168,18,14,0,47,36,33,35,7,.311,.354,.396,.750
Ellis E Burks R,CWS,146,499,75,137,24,4,17,74,60,97,6,9,.275,.352,.441,.793
Mike M Greenwell L,BOS,146,540,77,170,38,6,13,72,54,46,5,4,.315,.379,.480,.859
David D Segui,BAL,146,450,54,123,27,0,10,60,58,53,2,1,.273,.351,.400,.751
Devon D White C,TOR,146,598,116,163,42,6,15,52,57,127,34,4,.273,.341,.438,.780
Eric E Anthony R,HOU,145,486,70,121,19,4,15,66,49,88,3,5,.249,.319,.397,.716
George G Brett D,KC,145,560,69,149,31,3,19,75,39,67,7,5,.266,.312,.434,.746
Harold H Reynolds,BAL,145,485,64,122,20,4,4,47,66,47,12,11,.252,.343,.334,.677
Doug D Strange,TEX,145,484,58,124,29,0,7,60,43,69,6,4,.256,.318,.360,.678
Matt M Williams,SF,145,579,105,170,33,4,38,110,27,80,1,3,.294,.325,.561,.886
Julio J Franco D,TEX,144,532,85,154,31,3,14,84,62,95,9,3,.289,.360,.438,.798
John J Valentin S,BOS,144,468,50,130,40,3,11,66,49,77,3,4,.278,.346,.447,.793
Eric E Young Sr.,COL,144,490,82,132,16,8,3,42,63,41,42,19,.269,.355,.353,.708
Wade W Boggs,NYY,143,560,83,169,26,1,2,59,74,49,0,1,.302,.378,.363,.740
Ken K Caminiti,HOU,143,543,75,142,31,0,13,75,49,88,8,5,.262,.321,.390,.711
Dave D Hollins,PHI,143,543,104,148,30,4,18,93,85,109,2,3,.273,.372,.442,.814
Al A Martin L,PIT,143,480,85,135,26,8,18,64,42,122,16,9,.281,.338,.481,.820
Cory C Snyder R,LA,143,516,61,137,33,1,11,56,47,147,4,1,.266,.331,.397,.728
Dave D Winfield,MIN,143,547,72,148,27,2,21,76,45,106,2,3,.271,.325,.442,.767
Brady B Anderson L,BAL,142,560,87,147,36,8,13,66,82,99,24,12,.263,.363,.425,.788
Jeff J Bagwell,HOU,142,535,76,171,37,4,20,88,62,73,13,4,.320,.388,.516,.903
Chuck C Carr,FLA,142,551,75,147,19,2,4,41,49,74,58,22,.267,.327,.330,.657
Tony T Fernandez S,TOR,142,526,65,147,23,11,5,64,56,45,21,10,.279,.348,.394,.742
Steve S Finley C,HOU,142,545,69,145,15,13,8,44,28,65,19,6,.266,.304,.385,.689
Gregg G Jefferies,STL,142,544,89,186,24,3,16,83,62,32,46,9,.342,.408,.485,.894
Tim T Salmon R,CAL,142,515,93,146,35,1,31,95,82,135,5,6,.283,.382,.536,.918
Dante D Bichette R,COL,141,538,93,167,43,5,21,89,28,99,14,8,.310,.348,.526,.874
Carlos C Garcia,PIT,141,546,77,147,25,5,12,47,31,67,18,11,.269,.316,.399,.716
Wally W Joyner,KC,141,497,83,145,36,3,15,65,66,67,5,9,.292,.375,.467,.842
Mike M Lansing,MON,141,491,64,141,29,1,3,45,46,56,23,5,.287,.352,.369,.721
Paul P O' Neill R,NYY,141,498,71,155,34,1,20,75,44,69,2,4,.311,.367,.504,.872
Ozzie O Smith S,STL,141,545,75,157,22,6,1,53,43,18,21,8,.288,.337,.356,.693
Kevin K Young,PIT,141,449,38,106,24,3,6,47,36,82,2,2,.236,.300,.343,.643
Bob B Zupcic R,BOS,141,286,40,69,24,2,2,26,27,54,5,2,.241,.308,.360,.668
Jerald J Clark L,COL,140,478,65,135,26,6,13,67,20,60,9,6,.282,.324,.444,.768
Felix F Fermin S,CLE,140,480,48,126,16,2,2,45,24,14,4,5,.263,.303,.317,.619
Jeff J Gardner,SD,140,404,53,106,21,7,1,24,45,69,2,6,.262,.337,.356,.694
Juan J Gonzalez L,TEX,140,536,105,166,33,1,46,118,37,99,4,1,.310,.368,.632,1.000
Jeff J Kent,NYM,140,496,65,134,24,0,21,80,30,88,4,4,.270,.320,.446,.765
Gary G Sheffield,FLA,140,494,67,145,20,5,20,73,47,64,17,5,.294,.361,.476,.837
Bobby B Bonilla R,NYM,139,502,81,133,21,3,34,87,72,96,3,3,.265,.352,.522,.874
Brent B Gates,OAK,139,535,64,155,29,2,7,69,56,75,7,3,.290,.357,.391,.747
Joe J Oliver,CIN,139,482,40,115,28,0,14,75,27,91,0,0,.239,.276,.384,.659
Benito B Santiago,FLA,139,469,49,108,19,6,13,50,37,88,10,7,.230,.291,.380,.671
Bernie B Williams C,NYY,139,567,67,152,31,4,12,68,53,106,9,9,.268,.333,.400,.734
Pat P Borders,TOR,138,488,38,124,30,0,9,55,20,66,2,2,.254,.285,.371,.656
Wil W Cordero S,MON,138,475,56,118,32,2,10,58,34,60,12,3,.248,.308,.387,.695
Phil P Plantier L,SD,138,462,67,111,20,1,34,100,61,124,4,5,.240,.335,.509,.843
Reggie R Sanders,CIN,138,496,90,136,16,4,20,83,51,118,27,10,.274,.343,.444,.786
Danny D Tartabull,NYY,138,513,87,128,33,2,31,102,92,156,0,0,.250,.363,.503,.866
Larry L Walker R,MON,138,490,85,130,24,5,22,86,80,76,29,7,.265,.371,.469,.840
Bernard B Gilkey L,STL,137,557,99,170,40,5,16,70,56,66,15,10,.305,.370,.481,.851
Dave D Magadan,SEA,137,455,49,124,23,0,5,50,80,63,2,1,.273,.378,.356,.734
Orlando O Merced R,PIT,137,447,68,140,26,4,8,70,77,64,3,3,.313,.414,.443,.857
Ivan I Rodriguez,TEX,137,473,56,129,28,4,10,66,29,70,8,7,.273,.315,.412,.727
Moises M Alou L,MON,136,482,70,138,29,6,18,85,38,53,17,6,.286,.340,.483,.824
Billy B Hatcher C,BOS,136,508,71,146,24,3,9,57,28,46,14,7,.287,.336,.400,.735
Darren D Lewis C,SF,136,522,84,132,17,7,2,48,30,40,46,15,.253,.302,.324,.626
Jose J Lind,KC,136,431,33,107,13,2,0,37,13,36,3,2,.248,.271,.288,.558
Rick R Wilkins,CHC,136,446,78,135,23,1,30,73,50,99,2,1,.303,.376,.561,.936
Darryl D Hamilton R,MIL,135,520,74,161,21,1,9,48,45,62,21,13,.310,.367,.406,.773
Dave D Valle,SEA,135,423,48,109,19,0,13,63,48,56,1,0,.258,.354,.395,.748
Ozzie O Guillen S,CWS,134,457,44,128,23,4,4,50,10,41,5,4,.280,.292,.374,.666
Rickey R Henderson L,TOR,134,481,114,139,22,2,21,59,120,65,53,8,.289,.432,.474,.906
Don D Mattingly,NYY,134,530,78,154,27,2,17,86,61,42,0,0,.291,.364,.445,.809
Otis O Nixon C,ATL,134,461,77,124,12,3,1,24,61,63,47,13,.269,.351,.315,.666
Joe J Orsulak L,NYM,134,409,59,116,15,4,8,35,28,25,5,4,.284,.331,.399,.730
Steve S Buechele,CHC,133,460,53,125,27,2,15,65,48,87,1,1,.272,.345,.437,.782
Darrin D Fletcher,MON,133,396,33,101,20,1,9,60,34,40,0,0,.255,.320,.379,.699
Ricky R Gutierrez S,SD,133,438,76,110,10,5,5,26,50,97,4,3,.251,.334,.331,.665
Tim T Wallach,LA,133,477,42,106,19,1,12,62,32,70,0,2,.222,.271,.342,.612
Will W Clark,SF,132,491,82,139,27,2,14,73,63,68,2,2,.283,.367,.432,.799
Jody J Reed,LA,132,445,48,123,21,2,2,31,38,40,1,3,.276,.333,.346,.679
Eric E Davis C,DET,131,451,71,107,18,1,20,68,55,106,35,7,.237,.319,.415,.734
Mike M Devereaux C,BAL,131,527,72,132,31,3,14,75,43,99,3,3,.250,.306,.400,.706
Wayne W Kirby R,CLE,131,458,71,123,19,5,6,60,37,58,17,5,.269,.323,.371,.695
Todd T Hundley,NYM,130,417,40,95,17,2,11,53,23,62,1,1,.228,.269,.357,.626
Kirt K Manwaring,SF,130,432,48,119,15,1,5,49,41,76,1,3,.275,.345,.350,.695
Willie W Mc Gee R,SF,130,475,53,143,28,1,4,46,38,67,10,9,.301,.353,.389,.742
Mike M Stanley,NYY,130,423,70,129,17,1,26,84,57,85,1,1,.305,.389,.534,.923
Alvaro A Espinoza,CLE,129,263,34,73,15,0,4,27,8,36,2,2,.278,.298,.380,.678
J. T. J Snow,CAL,129,419,60,101,18,2,16,57,55,88,3,0,.241,.328,.408,.736
Milt M Thompson L,PHI,129,340,42,89,14,2,4,44,40,57,9,4,.262,.341,.350,.691
Rob R Deer,BOS,128,466,66,98,17,1,21,55,58,169,5,2,.210,.303,.386,.689
Ron R Karkovice,CWS,128,403,60,92,17,1,20,54,29,126,2,2,.228,.287,.424,.712
Shane S Mack C,MIN,128,503,66,139,30,4,10,61,41,76,15,5,.276,.335,.412,.746
Derrick D May L,CHC,128,465,62,137,25,2,10,77,31,41,10,3,.295,.336,.422,.758
Robby R Thompson,SF,128,494,85,154,30,2,19,65,45,97,10,4,.312,.375,.496,.870
Mike M Blowers,SEA,127,379,55,106,23,3,15,57,44,98,1,5,.280,.357,.475,.832
Pat P Kelly,NYY,127,406,49,111,24,1,7,51,24,68,14,11,.273,.317,.389,.707
Ray R Lankford C,STL,127,407,64,97,17,3,7,45,81,111,14,14,.238,.366,.346,.713
Robin R Yount C,MIL,127,454,62,117,25,3,8,51,44,93,9,2,.258,.326,.379,.705
Alex A Cole C,COL,126,348,50,89,9,4,0,24,43,58,30,13,.256,.339,.305,.644
Gary G Disarcina S,CAL,126,416,44,99,20,1,3,45,15,38,5,7,.238,.273,.313,.585
Chris C Hoiles,BAL,126,419,80,130,28,0,29,82,69,94,1,1,.310,.416,.585,1.001
Tony T Peña Pena,BOS,126,304,20,55,11,0,4,19,25,46,1,3,.181,.246,.257,.502
Jeff J Branson S,CIN,125,381,40,92,15,1,3,22,19,73,4,1,.241,.275,.310,.584
Kevin K Reimer D,MIL,125,437,53,109,22,1,13,60,30,72,5,4,.249,.303,.394,.696
Daryl D Boston,COL,124,291,46,76,15,1,14,40,26,57,1,6,.261,.325,.464,.789
Mariano M Duncan,PHI,124,496,68,140,26,4,11,73,12,88,6,5,.282,.304,.417,.721
Delino D De Shields,MON,123,481,75,142,17,7,2,29,72,64,43,10,.295,.389,.372,.761
Kent K Hrbek,MIN,123,392,60,95,11,1,25,83,71,57,4,2,.242,.357,.467,.824
Troy T Neel D,OAK,123,427,59,124,21,0,19,63,49,101,3,5,.290,.367,.473,.840
Sean S Berry,MON,122,299,50,78,15,2,14,49,41,70,12,2,.261,.348,.465,.813
Tony T Gwynn R,SD,122,489,70,175,41,3,7,59,36,19,14,1,.358,.398,.497,.895
Andre A Dawson D,BOS,121,461,44,126,29,1,13,67,17,49,2,1,.273,.313,.425,.738
Scott S Fletcher,BOS,121,480,81,137,31,5,5,45,37,35,16,3,.285,.341,.402,.743
Greg G Briley,FLA,120,170,17,33,6,0,3,12,12,42,6,2,.194,.250,.282,.532
Andres A Galarraga,COL,120,470,71,174,35,4,22,98,24,73,2,4,.370,.403,.602,1.005
Mickey M Morandini,PHI,120,425,57,105,19,9,3,33,34,73,13,2,.247,.309,.355,.664
Kevin K Seitzer,MIL,120,417,45,112,16,2,11,57,44,48,7,7,.269,.338,.396,.733
Mike M Gallego S,NYY,119,403,63,114,20,1,10,54,50,65,3,2,.283,.364,.412,.776
Chad C Kreuter,DET,119,374,59,107,23,3,15,51,49,92,2,1,.286,.371,.484,.855
Lou L Whitaker,DET,119,383,72,111,32,1,9,67,78,46,3,3,.290,.412,.449,.861
Harold H Baines D,BAL,118,416,64,130,22,0,20,78,57,52,0,0,.313,.390,.510,.900
Sid S Bream,ATL,117,277,33,72,14,1,9,35,31,43,4,2,.260,.332,.415,.747
Rene R Gonzales,CAL,117,335,34,84,17,0,2,31,49,45,5,5,.251,.346,.319,.666
Mike M Macfarlane,KC,117,388,55,106,27,0,20,67,40,83,2,5,.273,.360,.497,.857
Ryne R Sandberg,CHC,117,456,67,141,20,0,9,45,37,62,9,2,.309,.359,.412,.772
Kirk K Gibson D,DET,116,403,62,105,18,6,13,62,44,87,15,6,.261,.337,.432,.769
Pete P Incaviglia L,PHI,116,368,60,101,16,3,24,89,21,82,1,1,.274,.318,.530,.848
Torey T Lovullo,CAL,116,367,42,92,20,0,6,30,36,49,7,6,.251,.318,.354,.672
Mike M Pagliarulo,BAL,116,370,55,112,25,4,9,44,26,49,6,6,.303,.357,.465,.822
Don D Slaught,PIT,116,377,34,113,19,2,10,55,29,56,2,1,.300,.356,.440,.796
Luis L Alicea,STL,115,362,50,101,19,3,3,46,47,54,11,1,.279,.362,.373,.735
Juan J Bell,MIL,115,351,47,80,12,3,5,36,41,76,6,7,.228,.311,.322,.633
Damon D Berryhill,ATL,115,335,24,82,18,2,8,43,21,64,0,0,.245,.291,.382,.673
Dion D James L,NYY,115,343,62,114,21,2,7,36,31,31,0,0,.332,.390,.466,.856
Tim T Raines L,CWS,115,415,75,127,16,4,16,54,64,35,21,7,.306,.401,.480,.880
Chico C Walker,NYM,115,213,18,48,7,1,5,19,14,29,7,0,.225,.271,.338,.609
David D Hulse C,TEX,114,407,71,118,9,10,1,29,26,57,29,9,.290,.333,.369,.701
Reggie R Jefferson D,CLE,113,366,35,91,11,2,10,34,28,78,1,3,.249,.310,.372,.682
Bill B Spiers,MIL,113,340,43,81,8,4,2,36,29,51,9,8,.238,.302,.303,.605
Lou L Frazier,MON,112,189,27,54,7,1,1,16,16,24,17,2,.286,.340,.349,.689
Thomas T Howard L,CIN,112,319,48,81,15,3,7,36,24,63,10,7,.254,.302,.386,.687
Alan A Trammell S,DET,112,401,72,132,25,3,12,60,38,38,12,8,.329,.388,.496,.884
Kevin K Bass,HOU,111,229,31,65,18,0,3,37,26,31,7,1,.284,.359,.402,.761
Pat P Meares S,MIN,111,346,33,87,14,3,0,33,7,52,4,5,.251,.266,.309,.575
Dwight D Smith C,CHC,111,310,51,93,17,5,11,35,25,51,8,6,.300,.355,.494,.848
Rich R Amaral,SEA,110,373,53,108,24,1,1,44,33,54,19,11,.290,.348,.367,.715
Rod R Brewer,STL,110,147,15,42,8,0,2,20,17,26,1,0,.286,.359,.381,.740
Dave D Clark R,PIT,110,277,43,75,11,2,11,46,38,58,1,0,.271,.358,.444,.802
Kevin K Mc Reynolds L,KC,110,351,44,86,22,4,11,42,37,56,2,2,.245,.316,.425,.741
Mike M Felder L,SEA,109,342,31,72,7,5,1,20,22,34,15,9,.211,.262,.269,.531
Tino T Martinez,SEA,109,408,49,108,25,1,17,60,45,56,0,3,.265,.343,.456,.799
Jeff J Reboulet S,MIN,109,240,33,62,8,0,1,15,35,37,5,5,.258,.356,.304,.660
Henry H Cotto R,FLA,108,240,25,60,8,0,5,21,5,40,16,5,.250,.269,.346,.615
Greg G Myers,CAL,108,290,27,74,10,0,7,40,17,47,3,3,.255,.298,.362,.660
Lenny L Harris,LA,107,160,20,38,6,1,2,11,15,15,3,1,.238,.303,.325,.628
Dave D Henderson C,OAK,107,382,37,84,19,0,20,53,32,113,0,3,.220,.275,.427,.702
John J Vander Wal,MON,106,215,34,50,7,4,5,30,27,30,6,3,.233,.320,.372,.692
Vinny V Castilla S,COL,105,337,36,86,9,7,9,30,13,45,2,5,.255,.283,.404,.686
Jeff J Mc Knight,NYM,105,164,19,42,3,1,2,13,13,31,0,0,.256,.311,.323,.634
Craig C Paquette,OAK,105,393,35,86,20,4,12,46,14,108,4,2,.219,.245,.382,.627
Rey R Sanchez S,CHC,105,344,35,97,11,2,0,28,15,22,1,1,.282,.316,.326,.642
Craig C Shipley,SD,105,230,25,54,9,0,4,22,10,31,12,3,.235,.275,.326,.601
Willie W Wilson C,CHC,105,221,29,57,11,3,1,11,11,40,7,2,.258,.301,.348,.649
Pedro P Munoz L,MIN,104,326,34,76,11,1,13,38,25,97,1,2,.233,.294,.393,.686
Terry T Steinbach,OAK,104,389,47,111,19,1,10,43,25,65,3,3,.285,.333,.416,.749
Jacob J Brumfield C,CIN,103,272,40,73,17,3,6,23,21,47,20,8,.268,.321,.419,.740
Chris C Gwynn L,KC,103,287,36,86,14,4,1,25,24,34,0,1,.300,.354,.387,.740
Spike S Owen,NYY,103,334,41,78,16,2,2,20,29,30,3,2,.234,.294,.311,.605
Rick R Renteria,FLA,103,263,27,67,9,2,2,30,21,31,0,2,.255,.314,.327,.641
Juan J Samuel,CIN,103,261,31,60,10,4,4,26,23,53,9,7,.230,.298,.345,.642
Lonnie L Smith,BAL,103,223,43,62,6,4,8,27,51,52,9,4,.278,.420,.448,.868
George G Bell D,CWS,102,410,36,89,17,2,13,64,13,49,1,1,.217,.243,.363,.606
Phil P Clark,SD,102,240,33,75,17,0,9,33,8,31,2,0,.313,.345,.496,.841
Gary G Gaetti,KC,102,331,40,81,20,1,14,50,21,87,1,3,.245,.300,.438,.738
Randy R Milligan,CLE,102,281,37,84,18,1,6,36,60,53,0,2,.299,.423,.434,.857
Hal H Morris,CIN,101,379,48,120,18,0,7,49,34,51,2,2,.317,.371,.420,.790
Carlos C Quintana,BOS,101,303,31,74,5,0,1,19,31,52,1,0,.244,.317,.271,.587
Barry B Larkin S,CIN,100,384,57,121,20,3,8,51,51,33,14,1,.315,.394,.445,.839
Dave D Nilsson,MIL,100,296,35,76,10,2,7,40,37,36,3,6,.257,.336,.375,.711
Bret B Barberie,FLA,99,375,45,104,16,2,5,33,33,58,2,4,.277,.344,.371,.715
Dave D Gallagher C,NYM,99,201,34,55,12,2,6,28,20,18,1,1,.274,.338,.443,.781
Pat P Listach S,MIL,98,356,50,87,15,1,3,30,37,70,18,9,.244,.319,.317,.636
Scott S Livingstone,DET,98,304,39,89,10,2,2,39,19,32,1,3,.293,.328,.359,.687
Candy C Maldonado R,CLE,98,221,19,46,7,0,8,35,24,58,0,1,.208,.287,.348,.636
Dave D Mc Carty L,MIN,98,350,36,75,15,2,2,21,19,80,2,6,.214,.257,.286,.542
Glenallen G Hill L,CHC,97,261,33,69,14,2,15,47,17,71,8,3,.264,.307,.506,.813
Jeff J Treadway,CLE,97,221,25,67,14,1,2,27,14,21,1,1,.303,.347,.403,.750
Alex A Arias,FLA,96,249,27,67,5,1,2,20,27,18,1,1,.269,.344,.321,.665
Wes W Chamberlain R,PHI,96,284,34,80,20,2,12,45,17,51,2,1,.282,.320,.493,.813
Archi A Cianfrocco,SD,96,296,30,72,11,2,12,48,17,69,2,0,.243,.287,.416,.702
Gerald G Perry,STL,96,98,21,33,5,0,4,16,18,23,1,1,.337,.440,.510,.950
Tim T Teufel,SD,96,200,26,50,11,2,7,31,27,39,2,2,.250,.338,.430,.768
Mike M Aldrete,OAK,95,255,40,68,13,1,10,33,34,45,1,1,.267,.353,.443,.796
Frank F Bolick,MON,95,213,25,45,13,0,4,24,23,37,1,0,.211,.298,.329,.626
Jim J Leyritz,NYY,95,259,43,80,14,0,14,53,37,59,0,0,.309,.410,.525,.935
Junior J Ortiz,CLE,95,249,19,55,13,0,0,20,11,26,1,0,.221,.267,.273,.540
Deion D Sanders C,ATL,95,272,42,75,18,6,6,28,16,42,19,7,.276,.321,.452,.773
Lance L Blankenship C,OAK,94,252,43,48,8,1,2,23,67,64,13,5,.190,.363,.254,.617
Ernest E Riles,BOS,94,143,15,27,8,0,5,20,20,40,1,3,.189,.292,.350,.641
Eddie E Taubensee,HOU,94,288,26,72,11,1,9,42,21,44,1,0,.250,.299,.389,.688
Kevin K Mitchell L,CIN,93,323,56,110,21,3,19,64,25,48,1,0,.341,.385,.601,.986
Vince V Coleman L,NYM,92,373,64,104,14,8,2,25,21,58,38,13,.279,.316,.375,.691
Stan S Javier L,CAL,92,237,33,69,10,4,3,28,27,33,12,2,.291,.362,.405,.767
Tom T Pagnozzi,STL,92,330,31,85,15,1,7,41,19,30,1,0,.258,.296,.373,.668
Jim J Tatum,COL,92,98,7,20,5,0,1,12,5,27,0,0,.204,.245,.286,.531
Rafael R Belliard S,ATL,91,79,6,18,5,0,0,6,4,13,0,0,.228,.291,.291,.582
Dan D Gladden L,DET,91,356,52,95,16,2,13,56,21,50,8,5,.267,.312,.433,.744
Scott S Hemond,OAK,91,215,31,55,16,0,6,26,32,55,14,5,.256,.353,.414,.767
Dave D Martinez C,SF,91,241,28,58,12,1,5,27,27,39,6,3,.241,.317,.361,.678
Ricky R Jordan,PHI,90,159,21,46,4,1,5,18,8,32,0,0,.289,.324,.421,.745
Bill B Bean R,SD,88,177,19,46,9,0,5,32,6,29,2,4,.260,.284,.395,.680
Chris C Donnels,HOU,88,179,18,46,14,2,2,24,19,33,2,0,.257,.327,.391,.718
Lloyd L Mc Clendon R,PIT,88,181,21,40,11,1,2,19,23,17,0,3,.221,.306,.326,.632
Mitch M Webster,LA,88,172,26,42,6,2,2,14,11,24,4,6,.244,.293,.337,.630
Todd T Benzinger,SF,86,177,25,51,7,2,6,26,13,35,0,0,.288,.332,.452,.784
Jeromy J Burnitz R,NYM,86,263,49,64,10,6,13,38,38,66,3,6,.243,.339,.475,.814
Tom T Foley,PIT,86,194,18,49,11,1,3,22,11,26,0,0,.253,.287,.366,.653
Joe J Girardi,COL,86,310,35,90,14,5,3,31,24,41,6,6,.290,.346,.397,.743
Chris C Jones,COL,86,209,29,57,11,4,6,31,10,48,9,4,.273,.305,.450,.754
Tim T Hulett,BAL,85,260,40,78,15,0,2,23,23,56,1,2,.300,.361,.381,.742
Bo B Jackson D,CWS,85,284,32,66,9,0,16,45,23,106,0,2,.232,.289,.433,.722
Scott S Servais,HOU,85,258,24,63,11,0,11,32,22,45,0,0,.244,.313,.415,.727
Dickie D Thon S,MIL,85,245,23,66,10,1,1,33,22,39,6,5,.269,.324,.331,.654
Randy R Velarde L,NYY,85,226,28,68,13,2,7,24,18,39,2,2,.301,.360,.469,.829
Skeeter S Barnes,DET,84,160,24,45,8,1,2,27,11,19,5,5,.281,.318,.381,.699
Dave D Hansen,LA,84,105,13,38,3,0,4,30,21,13,0,1,.362,.465,.505,.969
Greg G Olson,ATL,83,262,23,59,10,0,4,24,29,27,1,0,.225,.304,.309,.613
Bip B Roberts,CIN,83,292,46,70,13,0,1,18,38,46,26,6,.240,.330,.295,.625
Mackey M Sasser,SEA,83,188,18,41,10,2,1,21,15,30,1,0,.218,.274,.309,.582
Andy A Van Slyke C,PIT,83,323,42,100,13,4,8,50,24,40,11,2,.310,.357,.449,.806
Ivan I Calderon D,CWS,82,239,26,50,10,2,1,22,21,33,4,2,.209,.274,.280,.554
Milt M Cuyler C,DET,82,249,46,53,11,7,0,19,19,53,13,2,.213,.276,.313,.589
Erik E Pappas,STL,82,228,25,63,12,0,1,28,35,35,1,3,.276,.368,.342,.710
Danny D Sheaffer,COL,82,216,26,60,9,1,4,32,8,15,2,3,.278,.299,.384,.683
Phil P Hiatt,KC,81,238,30,52,12,1,7,36,16,82,6,3,.218,.285,.366,.651
Michael M Jackson,SF,81,3,1,2,2,0,0,1,0,1,0,0,.667,.667,1.333,2.000
Tom T Brunansky R,MIL,80,224,20,41,7,3,6,29,25,59,3,4,.183,.265,.321,.586
Carlos C Martinez,CLE,80,262,26,64,10,0,5,31,20,29,1,1,.244,.295,.340,.634
Ryan R Thompson C,NYM,80,288,34,72,19,2,11,26,19,81,2,7,.250,.302,.444,.747
Kim K Batiste,PHI,79,156,14,44,7,1,5,29,3,29,0,1,.282,.298,.436,.734
Kurt K Stillwell,CAL,79,182,11,42,6,2,1,14,15,33,6,3,.231,.290,.302,.592
Guillermo G Velasquez,SD,79,143,7,30,2,0,3,20,13,35,0,0,.210,.274,.287,.561
Tim T Bogar S,NYM,78,205,19,50,13,0,3,25,14,29,0,1,.244,.300,.351,.652
Mark M Carreon,SF,78,150,22,49,9,1,7,33,13,16,1,0,.327,.373,.540,.913
Roberto R Kelly C,CIN,78,320,44,102,17,3,9,35,17,43,21,5,.319,.354,.475,.829
Dan D Pasqua,CWS,78,176,22,36,10,1,5,20,26,51,2,2,.205,.302,.358,.660
Darrin D Jackson C,NYM,77,263,19,55,9,0,6,26,10,75,0,2,.209,.237,.312,.549
Bob B Melvin,BOS,77,176,13,39,7,0,3,23,7,44,0,0,.222,.251,.313,.564
Gary G Redus R,TEX,77,222,28,64,12,4,6,31,23,35,4,4,.288,.351,.459,.810
Gary G Varsho,CIN,77,95,8,22,6,0,2,11,9,19,1,0,.232,.302,.358,.660
Rod R Beck,SF,76,4,0,0,0,0,0,0,0,3,0,0,.000,.000,.000,.000
Bret B Boone,SEA,76,271,31,68,12,2,12,38,17,52,2,3,.251,.301,.443,.744
Jerry J Browne L,OAK,76,260,27,65,13,0,2,19,22,17,4,0,.250,.306,.323,.629
Doug D Dascenzo C,TEX,76,146,20,29,5,1,2,10,8,22,2,0,.199,.239,.288,.526
Matt M Nokes,NYY,76,217,25,54,8,0,10,35,16,31,0,0,.249,.303,.424,.726
Henry H Rodriguez L,LA,76,176,20,39,10,0,8,23,11,39,1,0,.222,.266,.415,.681
David D West,PHI,76,5,0,2,1,0,0,2,0,2,0,0,.400,.400,.600,1.000
Darrell D Whitmore R,FLA,76,250,24,51,8,2,4,19,10,72,4,2,.204,.249,.300,.549
Hubie H Brooks,KC,75,168,14,48,12,0,1,24,11,27,0,1,.286,.331,.375,.706
Casey C Candaele,HOU,75,121,18,29,8,0,1,7,10,14,2,3,.240,.298,.331,.628
Gary G Thurman,DET,75,89,22,19,2,2,0,13,11,30,7,0,.213,.297,.281,.578
Freddie F Benavides S,COL,74,213,20,61,10,3,3,26,6,27,3,2,.286,.305,.404,.708
Greg G Mc Michael,ATL,74,4,0,0,0,0,0,0,0,2,0,0,.000,.000,.000,.000
Randy R Myers,CHC,74,2,0,1,1,0,0,2,1,0,0,0,.500,.667,1.000,1.667
Geronimo G Pena,STL,74,254,34,65,19,2,5,30,25,71,13,5,.256,.330,.406,.735
Damion D Easley,CAL,73,230,33,72,13,2,2,22,28,35,6,6,.313,.392,.413,.805
Chris C James L,TEX,73,160,24,44,11,1,9,26,18,40,2,0,.275,.348,.525,.873
Tom T Lampkin,MIL,73,162,22,32,8,0,4,25,20,26,7,3,.198,.280,.321,.601
Manuel M Lee S,TEX,73,205,31,45,3,1,1,12,22,39,2,4,.220,.300,.259,.558
Rob R Murphy,STL,73,2,0,1,0,0,0,0,0,1,0,0,.500,.500,.500,1.000
Mike M Sharperson,LA,73,90,13,23,4,0,2,10,5,17,2,0,.256,.299,.367,.666
Craig C Grebeck S,CWS,72,190,25,43,5,0,1,12,26,26,1,2,.226,.319,.268,.588
Xavier X Hernandez,HOU,72,5,0,0,0,0,0,0,0,2,0,0,.000,.000,.000,.000
Howard H Johnson,NYM,72,235,32,56,8,2,7,26,43,43,6,4,.238,.354,.379,.732
Greg G Litton L,SEA,72,174,25,52,17,0,3,25,18,30,0,1,.299,.366,.448,.814
Pete P O' Brien D,SEA,72,210,30,54,7,0,7,27,26,21,0,0,.257,.335,.390,.725
Bill B Pecota,ATL,72,62,17,20,2,1,0,5,2,5,1,1,.323,.344,.387,.731
Turner T Ward L,TOR,72,167,20,32,4,2,4,28,23,26,3,3,.192,.287,.311,.599
Mario M Diaz S,TEX,71,205,24,56,10,1,2,24,8,13,1,0,.273,.297,.361,.658
Leo L Gomez,BAL,71,244,30,48,7,0,10,25,32,60,0,1,.197,.295,.348,.644
Kevin K Higgins,SD,71,181,17,40,4,1,0,13,16,17,0,1,.221,.294,.254,.548
Doug D Jones,HOU,71,0,0,0,0,0,0,0,0,0,0,0,.000,.000,.000,.000
Brent B Mayne,KC,71,205,22,52,9,1,2,22,18,31,3,2,.254,.317,.337,.654
Scott S Brosius C,OAK,70,213,26,53,10,1,6,25,14,37,6,0,.249,.296,.390,.685
Francisco F Cabrera,ATL,70,83,8,20,3,0,4,11,8,21,0,0,.241,.308,.422,.729
Greg G Colbrunn,MON,70,153,15,39,9,0,4,23,6,33,4,2,.255,.282,.392,.674
Rich R Rodriguez,FLA,70,2,0,0,0,0,0,0,0,0,0,0,.000,.000,.000,.000
Bob B Scanlan,CHC,70,2,0,1,0,0,0,2,0,1,0,0,.500,.333,.500,.833
Kevin K Stocker S,PHI,70,259,46,84,12,3,2,31,30,43,5,0,.324,.409,.417,.826
John J Wetteland,MON,70,4,0,0,0,0,0,0,0,3,0,0,.000,.000,.000,.000
Chip C Hale,MIN,69,186,25,62,6,1,3,27,18,17,2,1,.333,.408,.425,.832
Eric E Yelding,CHC,69,108,14,22,5,1,1,10,11,22,3,2,.204,.277,.296,.574
Roger R Mason,PHI,68,6,0,1,0,0,0,0,0,2,0,0,.167,.167,.167,.333
Trevor T Hoffman,SD,67,7,0,1,0,0,0,0,0,1,0,0,.143,.143,.143,.286
Jeff J Innis,NYM,67,0,0,0,0,0,0,0,0,0,0,0,.000,.000,.000,.000
Brian B Jordan C,STL,67,223,33,69,10,6,10,44,12,35,6,6,.309,.351,.543,.894
Charlie C O' Brien,NYM,67,188,15,48,11,0,4,23,14,14,1,1,.255,.312,.378,.690
Pedro P Martinez,LA,66,4,0,0,0,0,0,0,0,3,0,0,.000,.000,.000,.000
Tom T Prince,PIT,66,179,14,35,14,0,2,24,13,38,1,1,.196,.272,.307,.580
Jeff J Reed,SF,66,119,10,31,3,0,6,12,16,22,0,1,.261,.346,.437,.783
Mel M Rojas,MON,66,12,0,1,0,0,0,0,0,7,0,0,.083,.083,.083,.167
Roberto R Mejia,COL,65,229,31,53,14,5,5,20,13,63,4,1,.231,.275,.402,.676
Blas B Minor,PIT,65,10,1,2,1,0,0,0,0,7,0,0,.200,.273,.300,.573
Dan D Peltier R,TEX,65,160,23,43,7,1,1,17,20,27,0,4,.269,.352,.344,.695
Mike M Perez,STL,65,1,0,0,0,0,0,0,1,0,0,0,.000,.500,.000,.500
Gary G Wayne,COL,65,1,0,1,0,0,0,2,0,0,0,0,1.000,1.000,1.000,2.000
Mitch M Williams,PHI,65,1,0,1,0,0,0,1,0,0,0,0,1.000,1.000,1.000,2.000
Sandy S Alomar,CLE,64,215,24,58,7,1,6,32,11,28,3,1,.270,.318,.395,.713
Larry L Andersen,PHI,64,1,0,1,0,0,0,0,0,0,0,0,1.000,1.000,1.000,2.000
Darnell D Coles L,TOR,64,194,26,49,9,1,4,26,16,29,1,1,.253,.319,.371,.691
Rod R Correia S,CAL,64,128,12,34,5,0,0,9,6,20,2,4,.266,.319,.305,.624
Steve S Reed,COL,64,9,0,0,0,0,0,0,0,3,0,0,.000,.000,.000,.000
Kevin K Rogers,SF,64,3,0,0,0,0,0,0,0,2,0,0,.000,.000,.000,.000
Jack J Voigt R,BAL,64,152,32,45,11,1,6,23,25,33,1,0,.296,.395,.500,.896
Mike M Benjamin,SF,63,146,22,29,7,0,4,16,9,23,0,0,.199,.264,.329,.593
Mike M Stanton,ATL,63,0,0,0,0,0,0,0,0,0,0,0,.000,.000,.000,.000
Butch B Davis L,TEX,62,159,24,39,10,4,3,20,5,28,3,1,.245,.273,.415,.688
Jim J Gott,LA,62,1,0,0,0,0,0,0,0,1,0,0,.000,.000,.000,.000
Darren D Holmes,COL,62,0,0,0,0,0,0,0,0,0,0,0,.000,.000,.000,.000
Luis L Rivera,BOS,62,130,13,27,8,1,1,7,11,36,1,2,.208,.273,.308,.580
Kevin K Roberson R,CHC,62,180,23,34,4,1,9,27,12,48,0,1,.189,.251,.372,.624
Tracy T Woodson,STL,62,77,4,16,2,0,0,2,1,14,0,0,.208,.215,.234,.449
Jose J Bautista,CHC,60,21,1,4,0,0,0,1,0,4,0,0,.190,.190,.190,.381
Jose J Canseco R,TEX,60,231,30,59,14,1,10,46,16,62,6,6,.255,.308,.455,.763
Mark M Davis,SD,60,4,1,1,0,0,0,0,0,1,0,0,.250,.250,.250,.500
Gene G Harris,SD,59,1,0,0,0,0,0,0,0,0,0,0,.000,.000,.000,.000
Bryan B Harvey,FLA,59,0,0,0,0,0,0,0,0,0,0,0,.000,.000,.000,.000
Terry T Jorgensen,MIN,59,152,15,34,7,0,1,12,10,21,1,0,.224,.270,.289,.559
Joe J Klink,FLA,59,2,0,0,0,0,0,0,0,0,0,0,.000,.000,.000,.000
Kevin K Maas D,NYY,59,151,20,31,4,0,9,25,24,32,1,1,.205,.316,.411,.727
Omar O Olivares,STL,59,26,1,7,1,0,0,2,0,7,0,0,.269,.269,.308,.577
Geno G Petralli,TEX,59,133,16,32,5,0,1,13,22,17,2,0,.241,.348,.301,.649
Bruce B Ruffin,COL,59,25,1,2,1,0,0,0,3,10,0,0,.080,.179,.120,.299
Bob B Geren,SD,58,145,8,31,6,0,3,6,13,28,0,0,.214,.278,.317,.596
Bill B Haselman,SEA,58,137,21,35,8,0,5,16,12,19,2,1,.255,.316,.423,.739
Mike M Maddux,NYM,58,3,0,0,0,0,0,0,0,3,0,0,.000,.000,.000,.000
Jeff J Reardon,CIN,58,2,0,0,0,0,0,0,0,2,0,0,.000,.000,.000,.000
Ron R Tingley,CAL,58,90,7,18,7,0,0,12,9,22,1,2,.200,.277,.278,.555
Junior J Felix R,FLA,57,214,25,51,11,1,7,22,10,50,2,1,.238,.276,.397,.673
Richie R Lewis,FLA,57,2,0,1,0,0,0,1,0,1,0,0,.500,.500,.500,1.000
Dan D Plesac,CHC,57,1,0,0,0,0,0,0,0,1,0,0,.000,.000,.000,.000
Steve S Sax L,CWS,57,119,20,28,5,0,1,8,8,6,7,3,.235,.283,.303,.586
Jeff J Fassero,MON,56,32,3,2,1,0,0,0,1,23,0,0,.063,.091,.094,.185
Gene G Larkin R,MIN,56,144,17,38,7,1,1,19,21,16,0,1,.264,.357,.347,.704
Tim T Scott,MON,56,4,0,0,0,0,0,0,0,4,0,0,.000,.000,.000,.000
Jeff J Shaw,MON,55,15,1,1,0,0,0,0,0,6,0,0,.067,.067,.067,.133
Lee L Smith,STL,55,2,0,0,0,0,0,0,0,1,0,0,.000,.000,.000,.000
Matt M Turner,FLA,55,2,0,0,0,0,0,0,0,2,0,0,.000,.000,.000,.000
Dave D Burba,SF,54,17,1,5,1,0,0,2,1,7,0,0,.294,.333,.353,.686
Jay J Howell,ATL,54,0,0,0,0,0,0,0,0,0,0,0,.000,.000,.000,.000
Roger R Mc Dowell,LA,54,2,0,1,0,0,0,0,0,1,0,0,.500,.500,.500,1.000
Jeff J Brantley,SF,53,28,1,3,0,0,0,3,0,9,0,0,.107,.107,.107,.214
Damon D Buford C,BAL,53,79,18,18,5,0,2,9,9,19,2,2,.228,.315,.367,.682
Tim T Spehr,MON,53,87,14,20,6,0,2,10,6,20,2,0,.230,.281,.368,.649
Kevin K Baez S,NYM,52,126,10,23,9,0,0,7,13,17,0,0,.183,.259,.254,.513
Brian B Barnes,MON,52,20,1,3,0,0,0,2,1,10,0,0,.150,.190,.150,.340
Eduardo E Perez,CAL,52,180,16,45,6,2,4,30,9,39,5,4,.250,.292,.372,.664
Joe J Kmak,MIL,51,110,9,24,5,0,0,7,14,13,6,2,.218,.317,.264,.581
Dave D Righetti,SF,51,1,0,1,0,0,0,1,0,0,0,0,1.000,1.000,1.000,2.000
Jack J Daugherty,CIN,50,62,7,14,2,0,2,9,11,15,0,0,.226,.338,.355,.693
Carlos C Hernandez,LA,50,99,6,25,5,0,2,7,2,11,0,0,.253,.267,.364,.631
Les L Lancaster,STL,50,4,0,0,0,0,0,0,1,2,0,0,.000,.200,.000,.200
Denny D Neagle,PIT,50,14,0,0,0,0,0,0,0,4,0,0,.000,.000,.000,.000
Billy B Ripken,TEX,50,132,12,25,4,0,0,11,11,19,0,2,.189,.270,.220,.490
Brad B Ausmus,SD,49,160,18,41,8,1,5,12,6,28,2,0,.256,.283,.413,.696
Steve S Bedrosian,ATL,49,2,0,0,0,0,0,0,0,2,0,0,.000,.000,.000,.000
Chuck C Mc Elroy,CHC,49,6,0,0,0,0,0,0,0,3,0,0,.000,.000,.000,.000
Lenny L Webster,MIN,49,106,14,21,2,0,1,8,11,8,1,0,.198,.274,.245,.519
Nelson N Liriano S,COL,48,151,28,46,6,3,2,15,18,22,6,4,.305,.376,.424,.800
Jarvis J Brown C,SD,47,133,21,31,9,2,0,8,15,26,3,3,.233,.335,.331,.666
Omar O Daal,LA,47,0,0,0,0,0,0,0,1,0,0,0,.000,1.000,.000,1.000
Bryan B Hickerson,SF,47,28,1,4,0,0,0,4,1,13,0,0,.143,.172,.143,.315
Jim J Thome,CLE,47,154,28,41,11,0,7,22,29,36,2,1,.266,.385,.474,.859
Paul P Assenmacher,CHC,46,2,0,1,0,0,0,0,0,0,0,0,.500,.500,.500,1.000
Willie W Blair,COL,46,36,1,4,1,0,0,4,1,19,0,0,.111,.135,.139,.274
Chris C Gomez S,DET,46,128,11,32,7,1,0,11,9,17,2,2,.250,.304,.320,.625
Alfredo A Griffin S,TOR,46,95,15,20,3,0,0,3,3,13,0,0,.211,.235,.242,.477
Jose J Oquendo S,STL,46,73,7,15,0,0,0,4,12,8,0,0,.205,.314,.205,.519
Rico R Rossy,KC,46,86,10,19,4,0,2,12,9,11,0,0,.221,.302,.337,.639
Mark M Wohlers,ATL,46,0,0,0,0,0,0,0,0,0,0,0,.000,.000,.000,.000
Rob R Dibble,CIN,45,1,0,1,0,0,0,1,0,0,0,0,1.000,1.000,1.000,2.000
Rick R Parker,HOU,45,45,11,15,3,0,0,4,3,8,1,2,.333,.375,.400,.775
Jose J Uribe S,HOU,45,53,4,13,1,0,0,3,8,5,1,0,.245,.355,.264,.619
Steve S Lake,CHC,44,120,11,27,6,0,5,13,4,19,0,0,.225,.250,.400,.650
Al A Osuna,HOU,44,0,0,0,0,0,0,0,0,0,0,0,.000,.000,.000,.000
Steve S Scarsone,SF,44,103,16,26,9,0,2,15,4,32,0,1,.252,.278,.398,.676
Paul P Wagner,PIT,44,42,2,8,0,0,0,1,1,14,0,0,.190,.209,.190,.400
Bobby B Ayala,CIN,43,21,1,2,1,0,0,1,0,7,0,1,.095,.095,.143,.238
Mike M Huff L,CWS,43,44,4,8,2,0,1,6,9,15,1,0,.182,.321,.295,.617
Tim T Laker,MON,43,86,3,17,2,1,0,7,2,16,2,0,.198,.222,.244,.466
Kent K Mercker,ATL,43,13,0,0,0,0,0,0,0,10,0,0,.000,.000,.000,.000
Doug D Jennings,CHC,42,52,8,13,3,1,2,8,3,10,0,0,.250,.316,.462,.777
Edgar E Martinez D,SEA,42,135,20,32,7,0,4,13,28,19,0,0,.237,.366,.378,.744
Raul R Mondesi L,LA,42,86,13,25,3,1,4,10,4,16,4,1,.291,.322,.488,.811
Brian B Williams,HOU,42,10,2,2,1,0,0,0,0,4,0,0,.200,.200,.300,.500
Gerald G Williams C,NYY,42,67,11,10,2,3,0,6,1,14,2,0,.149,.183,.269,.452
Scott S Lydy L,OAK,41,102,11,23,5,0,2,7,8,39,2,0,.225,.288,.333,.622
Rob R Natal,FLA,41,117,3,25,4,1,1,6,6,22,1,0,.214,.273,.291,.564
Pete P Schourek,NYM,41,32,2,7,0,0,0,4,3,11,0,0,.219,.278,.219,.496
Ricky R Trlicek,LA,41,4,0,1,0,0,0,0,0,3,0,0,.250,.250,.250,.500
Stan S Belinda,PIT,40,1,0,0,0,0,0,0,0,1,0,0,.000,.000,.000,.000
Cecil C Espy,CIN,40,60,6,14,2,0,0,5,14,13,2,2,.233,.368,.267,.635
Lee L Guetterman,STL,40,2,0,1,1,0,0,1,0,0,0,0,.500,.500,1.000,1.500
Donald D Harris C,TEX,40,76,10,15,2,0,1,8,5,18,0,1,.197,.253,.263,.516
Jeff J Parrett,COL,40,11,0,1,0,0,0,0,0,1,0,0,.091,.091,.091,.182
Randy R Ready,MON,40,134,22,34,8,1,1,10,23,8,2,1,.254,.367,.351,.718
Brian B Turang L,SEA,40,140,22,35,11,1,0,7,17,20,6,2,.250,.340,.343,.682
Shawn S Boskie,CHC,39,11,2,3,0,0,0,0,0,3,0,0,.273,.273,.273,.546
Randy R Knorr,TOR,39,101,11,25,3,2,4,20,9,29,0,0,.248,.309,.436,.745
Tim T Naehring,BOS,39,127,14,42,10,0,1,17,10,26,1,0,.331,.377,.433,.810
Anthony A Young,NYM,39,14,0,2,0,0,0,0,1,3,0,0,.143,.200,.143,.343
Luis L Aquino,FLA,38,25,1,2,0,0,0,0,0,7,0,0,.080,.080,.080,.160
Willie W Canate L,TOR,38,47,12,10,0,0,1,3,6,15,1,1,.213,.309,.277,.586
Rheal R Cormier,STL,38,47,5,11,2,0,0,4,0,11,0,0,.234,.234,.277,.511
Tom T Edens,HOU,38,1,0,0,0,0,0,0,0,1,0,0,.000,.000,.000,.000
Michael M La Valliere,CWS,38,102,6,26,2,0,0,8,4,14,0,1,.255,.278,.275,.552
Jeff J Tackett,BAL,38,87,8,15,3,0,0,9,13,28,0,0,.172,.277,.207,.484
Kent K Bottenfield,COL,37,50,2,11,0,0,0,3,1,15,1,0,.220,.250,.220,.470
Brian R. B Hunter,ATL,37,80,4,11,3,1,0,8,2,15,0,0,.138,.153,.200,.353
Keith K Miller,KC,37,108,9,18,3,0,0,3,8,19,3,1,.167,.229,.194,.423
John J Orton,CAL,37,95,5,18,5,0,1,4,7,24,1,2,.189,.252,.274,.526
Darrell D Sherman L,SD,37,63,8,14,1,0,0,2,6,8,2,1,.222,.315,.238,.553
Jerry J Spradlin,CIN,37,2,0,0,0,0,0,0,0,1,0,0,.000,.000,.000,.000
Jack J Armstrong,FLA,36,66,3,10,1,0,0,3,0,29,0,0,.152,.152,.167,.318
Tom T Glavine,ATL,36,81,3,14,1,0,0,3,4,27,0,0,.173,.212,.185,.397
Greg G Maddux,ATL,36,91,5,15,1,0,0,4,1,32,0,0,.165,.174,.176,.350
Dennis D Martinez,MON,36,69,1,11,2,0,0,4,2,17,0,0,.159,.178,.188,.366
Tim T Mauser,SD,36,6,1,0,0,0,0,0,1,3,0,0,.000,.143,.000,.143
Jose J Rijo,CIN,36,82,5,22,4,0,1,8,3,18,0,0,.268,.294,.354,.648
Dick D Schofield S,TOR,36,110,11,21,1,2,0,5,16,25,3,0,.191,.294,.236,.530
Kerry K Taylor,SD,36,12,0,0,0,0,0,0,0,8,0,0,.000,.000,.000,.000
Dan D Wilson,CIN,36,76,6,17,3,0,0,8,9,16,0,0,.224,.302,.263,.566
Steve S Avery,ATL,35,75,4,12,4,0,0,5,2,19,0,0,.160,.182,.213,.395
Randy R Bush,MIN,35,45,1,7,2,0,0,3,7,13,0,0,.156,.269,.200,.469
John J Franco,NYM,35,1,0,0,0,0,0,0,0,0,0,0,.000,.000,.000,.000
Greg G Harris,COL,35,73,2,10,3,0,0,4,5,25,0,0,.137,.188,.178,.366
John J Smoltz,ATL,35,71,2,13,1,0,0,4,9,24,1,1,.183,.275,.197,.472
Greg G Tubbs C,CIN,35,59,10,11,0,0,1,2,14,10,3,1,.186,.351,.237,.589
Todd T Worrell,LA,35,0,0,0,0,0,0,0,0,0,0,0,.000,.000,.000,.000
Andy A Benes,SD,34,72,5,9,3,0,1,4,1,33,0,0,.125,.149,.208,.357
John J Burkett,SF,34,76,7,9,0,0,0,4,5,31,0,0,.118,.173,.118,.291
Greg G Cadaret,CIN,34,2,0,0,0,0,0,0,0,1,0,0,.000,.000,.000,.000
Pedro P Castellano,COL,34,71,12,13,2,0,3,7,8,16,1,1,.183,.266,.338,.604
Doug D Drabek,HOU,34,71,2,6,2,0,1,3,2,22,0,0,.085,.110,.155,.264
Orel O Hershiser,LA,34,73,11,26,4,0,0,6,2,5,0,1,.356,.373,.411,.784
Charlie C Hough,FLA,34,63,1,2,0,0,0,1,2,20,0,0,.032,.076,.032,.108
Curt C Schilling,PHI,34,75,3,11,1,0,0,2,2,19,0,0,.147,.169,.160,.329
Bill B Swift,SF,34,80,12,21,1,0,0,4,5,19,0,0,.263,.302,.275,.577
Tom T Candiotti,LA,33,60,1,8,2,0,0,2,1,13,0,0,.133,.148,.167,.314
Kevin K Gross,LA,33,64,6,13,2,0,1,7,5,32,0,0,.203,.271,.281,.553
Chris C Hammond,FLA,33,63,10,12,0,1,2,4,9,26,0,0,.190,.292,.317,.609
Jeffrey J Hammonds L,BAL,33,105,10,32,8,0,3,19,2,16,4,0,.305,.312,.467,.779
Pete P Harnisch,HOU,33,67,6,7,2,0,0,2,2,19,0,0,.104,.143,.134,.277
Joel J Johnston,PIT,33,6,1,2,1,0,0,0,0,2,0,0,.333,.333,.500,.833
Jayhawk J Owens,COL,33,86,12,18,5,0,3,6,6,30,1,0,.209,.277,.372,.649
Mark M Portugal,HOU,33,65,4,15,0,0,1,8,3,13,0,0,.231,.257,.277,.534
Todd T Pratt,PHI,33,87,8,25,6,0,5,13,5,19,0,0,.287,.330,.529,.858
Bob B Tewksbury,STL,33,69,4,14,1,0,0,5,4,27,0,0,.203,.247,.217,.464
Kevin K Wickander,CIN,33,2,0,0,0,0,0,0,0,1,0,0,.000,.000,.000,.000
Rene R Arocha,STL,32,58,3,6,1,0,0,3,2,24,0,0,.103,.133,.121,.254
Andy A Ashby,SD,32,36,3,5,1,0,0,1,2,9,0,0,.139,.184,.167,.351
Steve S Cooke,PIT,32,71,4,11,2,0,0,5,0,17,0,0,.155,.164,.183,.348
Alex A Diaz R,MIL,32,69,9,22,2,0,0,1,0,12,5,3,.319,.319,.348,.667
Tommy T Greene,PHI,32,72,9,16,2,0,2,10,5,20,0,0,.222,.269,.333,.603
Greg G Hibbard,CHC,32,65,4,6,1,0,0,3,2,17,0,0,.092,.119,.108,.227
Dann D Howitt L,SEA,32,76,6,16,3,1,2,8,4,18,0,0,.211,.250,.355,.605
Danny D Jackson,PHI,32,65,3,5,2,0,0,2,3,37,0,0,.077,.130,.108,.238
Darryl D Kile,HOU,32,53,5,5,1,0,1,1,3,20,0,0,.094,.143,.170,.313
Oreste O Marrero,MON,32,81,10,17,5,1,1,4,14,16,1,3,.210,.326,.333,.660
Pedro P Martinez,SD,32,4,0,0,0,0,0,1,0,2,0,0,.000,.000,.000,.000
Ramon R Martinez,LA,32,70,2,9,1,0,0,2,0,23,0,0,.129,.127,.143,.270
Mike M Morgan,CHC,32,66,1,4,2,0,0,1,2,22,0,0,.061,.088,.091,.179
Darryl D Strawberry R,LA,32,100,12,14,2,0,5,12,16,19,1,0,.140,.267,.310,.577
Bob B Walk,PIT,32,58,2,7,1,0,0,2,0,15,0,0,.121,.136,.138,.274
Pedro P Astacio,LA,31,62,4,10,0,0,0,2,0,26,0,1,.161,.161,.161,.323
Tim T Costo R,CIN,31,98,13,22,5,0,3,12,4,17,0,0,.224,.250,.367,.617
Jesse J Levis,CLE,31,63,7,11,2,0,0,4,2,10,0,0,.175,.197,.206,.403
Sherman S Obando D,BAL,31,92,8,25,2,0,3,15,4,26,0,0,.272,.309,.391,.701
Tim T Pugh,CIN,31,54,2,12,1,0,0,1,0,20,0,0,.222,.236,.241,.477
Armando A Reynoso,COL,31,63,4,8,0,0,2,4,3,20,0,0,.127,.167,.222,.389
Greg G Swindell,HOU,31,60,3,11,1,0,0,4,0,16,0,0,.183,.183,.200,.383
Doug D Brocail,SD,30,33,4,6,0,0,0,0,0,8,2,0,.182,.182,.182,.364
Glenn G Davis,BAL,30,113,8,20,3,0,1,9,7,29,0,1,.177,.230,.230,.460
Dwight D Gooden,NYM,30,70,5,14,2,2,2,9,0,11,0,0,.200,.200,.371,.571
Tom T Goodwin,LA,30,17,6,5,1,0,0,1,1,4,1,2,.294,.333,.353,.686
Jose J Guzman,CHC,30,63,1,7,0,0,0,2,1,15,0,0,.111,.125,.111,.236
Butch B Henry,MON,30,24,1,2,0,0,0,2,1,3,0,0,.083,.115,.083,.199
Hensley H Meulens L,NYY,30,53,8,9,1,1,2,5,8,19,0,1,.170,.279,.340,.618
Ben B Rivera,PHI,30,51,3,5,0,0,0,0,3,24,0,0,.098,.148,.098,.246
Scott S Service,CIN,30,7,0,1,0,0,0,1,0,3,0,0,.143,.143,.143,.286
Dale D Sveum,OAK,30,79,12,14,2,1,2,6,16,21,0,0,.177,.316,.304,.620
Cris C Carpenter,FLA,29,0,0,0,0,0,0,0,0,0,0,0,.000,.000,.000,.000
Frank F Castillo,CHC,29,43,1,7,0,0,0,3,1,3,0,0,.163,.182,.163,.345
Mike M Draper,NYM,29,3,1,2,0,0,0,0,0,1,0,0,.667,.667,.667,1.333
Eric E Fox C,OAK,29,56,5,8,1,0,1,5,2,7,0,2,.143,.172,.214,.387
Ken K Hill,MON,29,52,4,6,2,0,0,3,4,15,0,0,.115,.179,.154,.332
Tim T Jones S,STL,29,61,13,16,6,0,0,1,9,8,2,2,.262,.366,.361,.727
Terry T Mulholland,PHI,29,62,3,4,0,0,0,0,1,27,0,0,.065,.079,.065,.144
Donovan D Osborne,STL,29,49,4,10,1,0,0,3,3,13,0,0,.204,.250,.224,.474
Frank F Tanana,NYM,29,58,3,9,1,1,0,5,2,11,0,1,.155,.183,.207,.390
John J Wehner,PIT,29,35,3,5,0,0,0,0,6,10,0,0,.143,.268,.143,.411
Bill B Doran,MIL,28,60,7,13,4,0,0,6,6,3,1,0,.217,.284,.283,.567
Pat P Gomez,SD,28,5,0,0,0,0,0,0,0,1,0,0,.000,.000,.000,.000
Mike M Harkey,CHC,28,54,0,5,1,0,0,0,1,18,0,0,.093,.109,.111,.220
Steve S Lyons,BOS,28,23,4,3,1,0,0,0,2,5,1,2,.130,.200,.174,.374
Luis L Mercedes,SF,28,49,2,11,2,1,0,3,6,7,1,2,.224,.333,.306,.640
Dave D Otto,PIT,28,18,0,4,1,1,0,4,0,5,0,0,.222,.222,.389,.611
Doug D Saunders,NYM,28,67,8,14,2,0,0,0,3,4,0,0,.209,.243,.239,.482
Ryan R Bowen,FLA,27,51,3,6,1,1,0,3,1,15,0,0,.118,.135,.176,.311
Bernardo B Brito,MIN,27,54,8,13,2,0,4,9,1,20,0,0,.241,.255,.500,.754
Rob R Ducey C,TEX,27,85,15,24,6,3,2,9,10,17,2,3,.282,.351,.494,.845
Cesar C Hernandez L,CIN,27,24,3,2,0,0,0,1,1,8,1,2,.083,.120,.083,.203
Eric E Hillman,NYM,27,44,2,7,1,0,0,0,0,14,0,0,.159,.178,.182,.360
Todd T Jones,HOU,27,0,0,0,0,0,0,0,0,0,0,0,.000,.000,.000,.000
Mark M Mc Gwire,OAK,27,84,16,28,6,0,9,24,21,19,0,1,.333,.467,.726,1.193
Marcus M Moore,COL,27,1,0,0,0,0,0,0,0,1,0,0,.000,.000,.000,.000
Harvey H Pulliam R,KC,27,62,7,16,5,0,1,6,2,14,0,0,.258,.292,.387,.679
Andy A Tomberlin,PIT,27,42,4,12,0,1,1,5,2,14,0,0,.286,.333,.405,.738
Dan D Walters,SD,27,94,6,19,3,0,1,10,7,13,0,0,.202,.255,.266,.521
Dale D Murphy,COL,26,42,1,6,1,0,0,7,5,15,0,0,.143,.224,.167,.391
Chris C Nabholz,MON,26,39,1,5,0,0,0,1,1,9,0,0,.128,.150,.128,.278
Warren W Newson,CWS,26,40,9,12,0,0,2,6,9,12,0,0,.300,.429,.450,.879
Mark M Petkovsek,PIT,26,0,0,0,0,0,0,0,0,0,0,0,.000,.000,.000,.000
Ruben R Amaro,PHI,25,48,7,16,2,2,1,6,6,5,0,0,.333,.400,.521,.921
Jeff J Ballard,PIT,25,11,0,4,1,0,0,0,0,4,0,0,.364,.364,.455,.818
Brian B Dorsett,CIN,25,63,7,16,4,0,2,12,3,14,0,0,.254,.288,.413,.701
Carlton C Fisk,CWS,25,53,2,10,0,0,1,4,2,11,0,1,.189,.228,.245,.473
Scott S Fredrickson,COL,25,3,0,0,0,0,0,0,0,3,0,0,.000,.000,.000,.000
Mike M Humphreys L,NYY,25,35,6,6,2,1,1,6,4,11,2,1,.171,.250,.371,.621
Chris C Turner,CAL,25,75,9,21,5,0,1,13,9,16,1,1,.280,.360,.387,.747
Steve S Wilson,LA,25,2,0,0,0,0,0,0,0,0,0,0,.000,.000,.000,.000
Todd T Burns,STL,24,3,0,0,0,0,0,0,0,1,0,0,.000,.000,.000,.000
John J Candelaria,PIT,24,0,0,0,0,0,0,0,0,0,0,0,.000,.000,.000,.000
Matias M Carrillo R,FLA,24,55,4,14,6,0,0,3,1,7,0,0,.255,.281,.364,.644
Jose J De Leon,PHI,24,6,0,0,0,0,0,0,0,5,0,0,.000,.000,.000,.000
Mike M Gardiner,MON,24,4,0,0,0,0,0,0,1,3,0,0,.000,.200,.000,.200
Stan S Royer,STL,24,46,4,14,2,0,1,8,2,14,0,1,.304,.333,.413,.746
Tony T Tarasco,ATL,24,35,6,8,2,0,0,2,0,5,0,1,.229,.243,.286,.529
Dave D Telgheder,NYM,24,15,0,1,1,0,0,0,1,8,0,0,.067,.125,.133,.258
Fernando F Vina,SEA,24,45,5,10,2,0,0,2,4,3,6,0,.222,.327,.267,.594
Tim T Wakefield,PIT,24,43,3,7,2,0,1,3,0,11,0,0,.163,.163,.279,.442
Scott S Bullett C,PIT,23,55,2,11,0,2,0,4,3,15,3,2,.200,.237,.273,.510
Craig C Colbert,SF,23,37,2,6,2,0,1,5,3,13,0,0,.162,.225,.297,.522
Jay J Gainer,COL,23,41,4,7,0,0,3,6,4,12,1,1,.171,.244,.390,.635
Jeff J Huson S,TEX,23,45,3,6,1,1,0,2,0,10,0,0,.133,.133,.200,.333
Matt M Mieske R,MIL,23,58,9,14,0,0,3,7,4,14,0,2,.241,.290,.397,.687
Rondell R White L,MON,23,73,9,19,3,1,2,15,7,16,1,2,.260,.321,.411,.732
Tim T Belcher,CIN,22,50,2,10,1,0,0,7,0,15,0,1,.200,.216,.220,.436
Benji B Gil S,TEX,22,57,3,7,0,0,0,2,5,22,1,2,.123,.194,.123,.316
Paul P Kilgus,STL,22,5,0,1,0,0,0,0,0,0,0,0,.200,.200,.200,.400
Ryan R Klesko,ATL,22,17,3,6,1,0,2,5,3,4,0,0,.353,.450,.765,1.215
Ced C Landrum,NYM,22,19,2,5,1,0,0,1,0,5,0,0,.263,.263,.316,.579
Joe J Magrane,STL,22,35,2,4,1,0,0,1,1,20,0,0,.114,.139,.143,.282
Marc M Newfield D,SEA,22,66,5,15,3,0,1,7,2,8,0,1,.227,.257,.318,.575
Mark M Parent,BAL,22,54,7,14,2,0,4,12,3,14,0,0,.259,.293,.519,.812
Manny M Ramirez D,CLE,22,53,5,9,1,0,2,5,2,8,0,0,.170,.200,.302,.502
Trevor T Wilson,SF,22,29,2,4,0,0,1,2,1,10,1,0,.138,.194,.241,.435
Tom T Browning,CIN,21,37,4,8,1,0,1,4,2,6,0,0,.216,.250,.324,.574
Mark M Dewey,PIT,21,0,0,0,0,0,0,0,1,0,0,0,.000,1.000,.000,1.000
Marvin M Freeman,ATL,21,0,0,0,0,0,0,0,0,0,0,0,.000,.000,.000,.000
Jeremy J Hernandez,SD,21,1,0,0,0,0,0,0,0,1,0,0,.000,.000,.000,.000
Tim T Mc Intosh,MON,21,21,2,2,1,0,0,2,0,7,0,0,.095,.095,.143,.238
Jeff J Mc Neely C,BOS,21,37,10,11,1,1,0,1,7,9,6,0,.297,.409,.378,.788
Mike M Munoz,COL,21,0,0,0,0,0,0,0,0,0,0,0,.000,.000,.000,.000
Will W Pennyfeather C,PIT,21,34,4,7,1,0,0,2,0,6,0,1,.206,.206,.235,.441
Rich R Rowland,DET,21,46,2,10,3,0,0,4,5,16,0,0,.217,.294,.283,.577
Johnny J Ruffin,CIN,21,3,0,1,0,0,0,0,0,1,0,0,.333,.333,.333,.667
Wally W Whitehurst,SD,21,24,1,2,0,0,0,0,0,11,0,0,.083,.083,.083,.167
Craig C Wilson,KC,21,49,6,13,1,0,1,3,7,6,1,1,.265,.357,.347,.704
Tim T Worrell,SD,21,31,1,1,1,0,0,1,0,15,0,0,.032,.032,.065,.097
Kurt K Abbott L,OAK,20,61,11,15,1,0,3,9,3,20,2,0,.246,.281,.410,.691
Mark M Grant,COL,20,0,0,0,0,0,0,0,0,0,0,0,.000,.000,.000,.000
Gil G Heredia,MON,20,13,1,2,1,0,0,0,0,3,0,0,.154,.154,.231,.385
Henry H Mercedes,OAK,20,47,5,10,2,0,0,3,2,15,1,1,.213,.260,.255,.515
Karl K Rhodes C,CHC,20,54,12,15,2,1,3,7,11,9,2,0,.278,.400,.519,.918
Tommy T Shields,CHC,20,34,4,6,1,0,0,1,2,10,0,0,.176,.222,.206,.428
Pete P Smith,ATL,20,27,2,6,1,0,0,5,1,11,0,0,.222,.241,.259,.501
Scott S Stahoviak,MIN,20,57,1,11,4,0,0,1,3,22,0,2,.193,.233,.263,.496
Milt M Hill,CIN,19,2,0,0,0,0,0,0,0,2,0,0,.000,.000,.000,.000
Melvin M Nieves R,SD,19,47,4,9,0,0,2,3,3,21,0,0,.191,.255,.319,.574
Troy T O' Leary L,MIL,19,41,3,12,3,0,0,3,5,9,0,0,.293,.370,.366,.735
Bret B Saberhagen,NYM,19,45,2,5,1,0,0,0,5,10,0,0,.111,.200,.133,.333
Joe J Siddall,MON,19,20,0,2,1,0,0,1,1,5,0,0,.100,.143,.150,.293
Luis L Sojo,TOR,19,47,5,8,2,0,0,6,4,2,0,0,.170,.231,.213,.444
Jose J Valentin S,MIL,19,53,10,13,1,2,1,7,7,16,1,0,.245,.344,.396,.740
Gerald G Young,COL,19,19,5,1,0,0,0,1,4,1,0,1,.053,.217,.053,.270
Paul P Carey,BAL,18,47,1,10,1,0,0,3,5,14,0,0,.213,.288,.234,.522
Jim J Edmonds R,CAL,18,61,5,15,4,1,0,4,2,16,0,2,.246,.270,.344,.614
Monty M Fariss,FLA,18,29,3,5,2,1,0,2,5,13,0,0,.172,.294,.310,.604
Sid S Fernandez,NYM,18,32,2,3,0,0,0,2,2,13,0,0,.094,.147,.094,.241
Kelly K Gruber,CAL,18,65,10,18,3,0,3,9,2,11,0,0,.277,.309,.462,.770
Wayne W Housie,NYM,18,16,2,3,1,0,0,1,1,1,0,0,.188,.235,.250,.485
Bill B Landrum,CIN,18,0,0,0,0,0,0,0,1,0,0,0,.000,1.000,.000,1.000
Curt C Leskanic,COL,18,13,0,2,1,0,0,1,1,6,0,0,.154,.214,.231,.445
John J Russell,TEX,18,22,1,5,1,0,1,3,2,10,0,0,.227,.292,.409,.701
Frank F Seminara,SD,18,10,1,2,0,0,0,0,0,1,0,0,.200,.200,.200,.400
John J Smiley,CIN,18,32,2,8,1,0,0,5,1,10,0,0,.250,.265,.281,.546
Randy R Tomlin,PIT,18,34,3,6,0,0,0,1,1,4,0,0,.176,.200,.176,.376
Tom T Urbani,STL,18,16,2,3,0,0,0,0,2,6,0,0,.188,.278,.188,.465
Danny D Bautista C,DET,17,61,6,19,3,0,1,9,1,10,3,1,.311,.317,.410,.727
Greg G Blosser L,BOS,17,28,1,2,1,0,0,1,2,7,1,0,.071,.133,.107,.240
J. T. J Bruett R,MIN,17,20,2,5,2,0,0,1,1,4,0,0,.250,.318,.350,.668
Rob R Butler L,TOR,17,48,8,13,4,0,0,2,7,12,2,2,.271,.375,.354,.729
Steve S Foster,CIN,17,0,0,0,0,0,0,0,0,0,0,0,.000,.000,.000,.000
Luis L Lopez,SD,17,43,1,5,1,0,0,1,0,8,0,0,.116,.114,.140,.253
Jon J Shave S,TEX,17,47,3,15,2,0,0,7,0,8,1,3,.319,.306,.362,.668
Dave D Staton,SD,17,42,7,11,3,0,5,9,3,12,0,0,.262,.326,.690,1.017
Bobby B Thigpen,PHI,17,1,0,0,0,0,0,0,0,0,0,0,.000,.000,.000,.000
Hector H Villanueva,STL,17,55,7,8,1,0,3,9,4,17,0,0,.145,.203,.327,.531
Derrick D White,MON,17,49,6,11,3,0,2,4,2,12,2,0,.224,.269,.408,.677
Mike M Williams,PHI,17,12,1,1,0,0,0,0,0,3,0,0,.083,.083,.083,.167
Bud B Black,SF,16,37,2,9,0,0,0,3,2,8,0,0,.243,.282,.243,.525
Bob B Hamelin,KC,16,49,2,11,3,0,2,5,6,15,0,0,.224,.309,.408,.717
David D Nied,COL,16,23,3,4,0,0,0,2,3,8,0,0,.174,.269,.174,.443
John J Patterson,SF,16,16,1,3,0,0,1,2,0,5,0,1,.188,.188,.375,.562
Pat P Rapp,FLA,16,31,3,6,1,0,0,2,1,11,0,0,.194,.219,.226,.445
John J Roper,CIN,16,28,1,5,0,0,0,2,0,11,0,0,.179,.179,.179,.357
Andy A Stankiewicz,NYY,16,9,5,0,0,0,0,0,1,1,0,0,.000,.100,.000,.100
Allen A Watson,STL,16,26,0,6,3,0,0,2,1,2,0,0,.231,.259,.346,.605
Marcos M Armas,OAK,15,31,7,6,2,0,1,1,1,12,1,0,.194,.242,.355,.597
Jim J Bullinger,CHC,15,1,0,0,0,0,0,0,0,0,0,0,.000,.000,.000,.000
Domingo D Cedeno S,TOR,15,46,5,8,0,0,0,7,1,10,1,0,.174,.188,.174,.361
Jim J Corsi,FLA,15,0,0,0,0,0,0,0,0,0,0,0,.000,.000,.000,.000
Paul P Faries,SF,15,36,6,8,2,1,0,4,1,4,2,0,.222,.237,.333,.570
Willie W Greene S,CIN,15,50,7,8,1,1,2,5,2,19,0,0,.160,.189,.340,.529
Denny D Hocking S,MIN,15,36,7,5,1,0,0,0,6,8,1,0,.139,.262,.167,.429
David D Howard,KC,15,24,5,8,0,1,0,2,2,5,1,0,.333,.370,.417,.787
Kevin K Koslofski R,KC,15,26,4,7,0,0,1,2,4,5,0,1,.269,.387,.385,.772
Derek D Lee L,MIN,15,33,3,5,1,0,0,4,1,4,0,0,.152,.176,.182,.358
Robb R Nen,FLA,15,4,0,0,0,0,0,0,0,0,0,0,.000,.000,.000,.000
Scott S Pose C,FLA,15,41,0,8,2,0,0,3,2,4,0,2,.195,.233,.244,.476
Jeff J Richardson,BOS,15,24,3,5,2,0,0,2,1,3,0,0,.208,.240,.292,.532
Ben B Shelton,PIT,15,24,3,6,1,0,2,7,3,3,0,0,.250,.333,.542,.875
William W Suero,MIL,15,14,0,4,0,0,0,0,1,3,0,1,.286,.333,.286,.619
Tony T Womack S,PIT,15,24,5,2,0,0,0,0,3,3,2,0,.083,.185,.083,.268
Billy B Ashley L,LA,14,37,0,9,0,0,0,0,2,11,0,0,.243,.282,.243,.525
Geronimo G Berroa R,FLA,14,34,3,4,1,0,0,0,2,7,0,0,.118,.167,.147,.314
Mark M Ettles,SD,14,2,0,0,0,0,0,0,0,0,0,0,.000,.000,.000,.000
Jerry J Goff,PIT,14,37,5,11,2,0,2,6,8,9,0,0,.297,.422,.514,.936
Mark M Lewis S,CLE,14,52,6,13,2,0,1,5,0,7,3,0,.250,.250,.346,.596
Larry L Luebbers,CIN,14,24,1,6,1,0,0,0,0,8,0,0,.250,.280,.292,.572
Bob B Mc Clure,FLA,14,0,0,0,0,0,0,0,0,0,0,0,.000,.000,.000,.000
Tony T Menendez,PIT,14,1,0,0,0,0,0,0,0,1,0,0,.000,.000,.000,.000
Kirk K Rueter,MON,14,26,0,2,0,0,0,3,3,10,0,0,.077,.172,.077,.249
Keith K Shepherd,COL,14,2,0,0,0,0,0,0,0,0,0,0,.000,.000,.000,.000
Zane Z Smith,PIT,14,25,0,2,0,0,0,0,0,6,0,0,.080,.080,.080,.160
David D Weathers,FLA,14,10,0,1,0,0,0,0,0,7,0,0,.100,.100,.100,.200
Andy A Allanson,SF,13,24,3,4,1,0,0,2,1,2,0,0,.167,.200,.208,.408
Rich R Aude,PIT,13,26,1,3,1,0,0,4,1,7,0,0,.115,.148,.154,.302
Midre M Cummings L,PIT,13,36,5,4,1,0,0,3,4,9,0,0,.111,.195,.139,.334
John J Flaherty,BOS,13,25,3,3,2,0,0,2,2,6,0,0,.120,.214,.200,.414
Butch B Huskey,NYM,13,41,2,6,1,0,0,3,1,13,0,0,.146,.159,.171,.330
Ted T Wood L,MON,13,26,4,5,1,0,0,3,3,3,0,0,.192,.276,.231,.507
Sam S Horn D,CLE,12,33,8,15,1,0,4,8,1,5,0,0,.455,.472,.848,1.321
Jimmy J Jones,MON,12,9,0,1,0,0,0,0,2,3,0,0,.111,.273,.111,.384
Lonnie L Maclin,STL,12,13,2,1,0,0,0,1,0,5,1,0,.077,.071,.077,.148
Tito T Navarro,NYM,12,17,1,1,0,0,0,1,0,4,0,0,.059,.059,.059,.118
Freddie F Toliver,PIT,12,2,0,0,0,0,0,0,0,1,0,0,.000,.000,.000,.000
Ty T Van Burkleo,CAL,12,33,2,5,3,0,1,1,6,9,1,0,.152,.282,.333,.615
Jim J Walewander S,CAL,12,8,2,1,0,0,0,3,5,1,1,1,.125,.429,.125,.554
Curtis C Wilkerson,KC,12,28,1,4,0,0,0,0,1,6,2,0,.143,.172,.143,.315
Carl C Everett,FLA,11,19,0,2,0,0,0,0,1,9,1,0,.105,.150,.105,.255
Keith K Kessinger S,CIN,11,27,4,7,1,0,1,3,4,4,0,0,.259,.344,.407,.751
Tony T Longmire,PHI,11,13,1,3,0,0,0,1,0,1,0,0,.231,.231,.231,.462
J. R. J Phillips,SF,11,16,1,5,1,1,1,4,0,5,0,0,.313,.313,.688,1.000
Scott S Sanderson,SF,11,14,1,0,0,0,0,0,1,11,0,0,.000,.067,.000,.067
Mo M Sanford,COL,11,8,0,0,0,0,0,0,1,4,0,0,.000,.111,.000,.111
Larry L Sheets,SEA,11,17,0,2,1,0,0,1,2,1,0,0,.118,.250,.176,.426
Bryn B Smith,COL,11,6,0,0,0,0,0,0,1,1,1,0,.000,.143,.000,.143
Lee L Tinsley,SEA,11,19,2,3,1,0,1,2,2,9,0,0,.158,.238,.368,.606
Matt M Walbeck,CHC,11,30,2,6,2,0,1,6,1,6,0,0,.200,.226,.367,.592
Bob B Ayrault,PHI,10,2,0,0,0,0,0,0,0,2,0,0,.000,.000,.000,.000
Wally W Backman,SEA,10,29,2,4,0,0,0,0,1,8,0,0,.138,.167,.138,.305
Eric E Bell,HOU,10,0,0,0,0,0,0,0,0,0,0,0,.000,.000,.000,.000
Tripp T Cromer S,STL,10,23,1,2,0,0,0,0,1,6,0,0,.087,.125,.087,.212
Dave D Eiland,SD,10,12,1,1,0,0,0,0,0,4,0,0,.083,.083,.083,.167
Cliff C Floyd,MON,10,31,3,7,0,0,1,2,0,9,0,0,.226,.226,.323,.548
Mauro M Gozzo,NYM,10,0,0,0,0,0,0,0,0,0,0,0,.000,.000,.000,.000
Tommy T Gregg,CIN,10,12,1,2,0,0,0,1,0,0,0,0,.167,.154,.167,.320
Kip K Gross,LA,10,0,0,0,0,0,0,0,0,0,0,0,.000,.000,.000,.000
Scott S Leius,MIN,10,18,4,3,0,0,0,2,2,4,0,0,.167,.227,.167,.394
Mark M Leonard,BAL,10,15,1,1,1,0,0,3,3,7,0,0,.067,.190,.133,.324
Joe J Millette S,PHI,10,10,3,2,0,0,0,2,1,2,0,0,.200,.273,.200,.473
Dennis D Moeller,PIT,10,0,0,0,0,0,0,0,0,0,0,0,.000,.000,.000,.000
Lance L Painter,COL,10,10,2,3,0,1,0,1,1,5,0,0,.300,.364,.500,.864
Lance L Parrish,CLE,10,20,2,4,1,0,1,2,4,5,1,0,.200,.333,.400,.733
Curtis C Pride,MON,10,9,3,4,1,1,1,5,0,3,1,0,.444,.444,1.111,1.556
Heathcliff H Slocumb,CHC,10,1,0,0,0,0,0,0,0,1,0,0,.000,.000,.000,.000
Glenn G Wilson,PIT,10,14,0,2,0,0,0,0,0,9,0,0,.143,.143,.143,.286
Rich R Batchelor,STL,9,1,0,0,0,0,0,0,0,0,0,0,.000,.000,.000,.000
Jerry J Brooks,LA,9,9,2,2,1,0,1,1,0,2,0,0,.222,.222,.667,.889
Bobby B Jones,NYM,9,20,0,1,0,0,0,0,0,7,0,0,.050,.050,.050,.100
Jeff J Kaiser,NYM,9,0,0,0,0,0,0,0,0,0,0,0,.000,.000,.000,.000
Jim J Lindeman,HOU,9,23,2,8,3,0,0,0,0,7,0,0,.348,.348,.478,.826
Dan D Miceli,PIT,9,0,0,0,0,0,0,0,0,0,0,0,.000,.000,.000,.000
Gino G Minutelli,SF,9,4,0,0,0,0,0,0,0,0,0,0,.000,.000,.000,.000
Luis L Ortiz,BOS,9,12,0,3,0,0,0,1,0,2,0,0,.250,.250,.250,.500
Ross R Powell,CIN,9,1,0,0,0,0,0,0,0,1,0,0,.000,.000,.000,.000
Rich R Robertson,PIT,9,0,0,0,0,0,0,0,0,0,0,0,.000,.000,.000,.000
Scott S Sanders,SD,9,16,0,1,0,0,0,1,0,6,0,0,.063,.063,.063,.125
Scooter E Tucker,HOU,9,26,1,5,1,0,0,3,2,3,0,0,.192,.250,.231,.481
Eric E Wedge,COL,9,11,2,2,0,0,0,1,0,4,0,0,.182,.182,.182,.364
Scott S Aldred,MON,8,0,0,0,0,0,0,0,0,0,0,0,.000,.000,.000,.000
Rafael R Bournigal,LA,8,18,0,9,1,0,0,3,0,2,0,0,.500,.500,.556,1.056
William W Brennan,CHC,8,1,0,0,0,0,0,0,1,1,0,0,.000,.500,.000,.500
Mike M Brumley,HOU,8,10,1,3,0,0,0,2,1,3,0,1,.300,.364,.300,.664
Greg G Brummett,SF,8,15,0,0,0,0,0,0,1,5,0,0,.000,.063,.000,.062
Steve S Decker,FLA,8,15,0,0,0,0,0,1,3,3,0,0,.000,.158,.000,.158
Paul P Gibson,NYM,8,0,0,0,0,0,0,0,0,0,0,0,.000,.000,.000,.000
Eric E Helfand,OAK,8,13,1,3,0,0,0,1,0,1,0,0,.231,.231,.231,.462
Chipper C Jones,ATL,8,3,2,2,1,0,0,0,1,1,0,0,.667,.750,1.000,1.750
Javy J Lopez,ATL,8,16,1,6,1,1,1,2,0,2,0,0,.375,.412,.750,1.162
Jeff J Manto,PHI,8,18,0,1,0,0,0,0,0,3,0,0,.056,.105,.056,.161
Norberto N Martin,CWS,8,14,3,5,0,0,0,2,1,1,0,0,.357,.400,.357,.757
Domingo D Martinez,TOR,8,14,2,4,0,0,1,3,1,7,0,0,.286,.333,.500,.833
Chito C Martinez R,BAL,8,15,0,0,0,0,0,0,4,4,0,0,.000,.211,.000,.210
Matt M Merullo D,CWS,8,20,1,1,0,0,0,0,0,1,0,0,.050,.050,.050,.100
Donn D Pall,PHI,8,0,0,0,0,0,0,0,0,0,0,0,.000,.000,.000,.000
Terry T Shumpert,KC,8,10,0,1,0,0,0,0,2,2,1,0,.100,.250,.100,.350
Salomon S Torres,SF,8,13,0,3,0,0,0,0,0,4,0,0,.231,.231,.231,.462
Eduardo E Zambrano R,CHC,8,17,1,5,0,0,0,2,1,3,0,0,.294,.333,.294,.628
Shawon S Dunston,CHC,7,10,3,4,2,0,0,2,0,1,0,0,.400,.400,.600,1.000
Rikkert R Faneyte C,SF,7,15,2,2,0,0,0,0,2,4,0,0,.133,.235,.133,.369
John J Hope,PIT,7,13,0,1,0,0,0,0,0,7,0,0,.077,.077,.077,.154
John J Johnstone,FLA,7,0,0,0,0,0,0,0,0,0,0,0,.000,.000,.000,.000
Brian B Koelling,CIN,7,15,2,1,0,0,0,0,0,2,0,0,.067,.125,.067,.192
Derek D Parks,MIN,7,20,3,4,0,0,0,1,1,2,0,0,.200,.238,.200,.438
Greg G Pirkl,SEA,7,23,1,4,0,0,1,4,0,4,0,0,.174,.174,.304,.478
Gus G Polidor,FLA,7,6,0,1,1,0,0,0,0,2,0,0,.167,.167,.333,.500
Dave D Silvestri S,NYY,7,21,4,6,1,0,1,4,5,3,0,0,.286,.423,.476,.899
Turk T Wendell,CHC,7,7,0,1,0,0,0,0,0,3,0,0,.143,.143,.143,.286
Nigel N Wilson,FLA,7,16,0,0,0,0,0,0,0,11,0,0,.000,.000,.000,.000
Juan J Agosto,HOU,6,0,0,0,0,0,0,0,0,0,0,0,.000,.000,.000,.000
Chris C Bushing,CIN,6,0,0,0,0,0,0,0,0,0,0,0,.000,.000,.000,.000
Ozzie O Canseco L,STL,6,17,0,3,0,0,0,0,1,3,0,0,.176,.222,.176,.399
Ramon R Caraballo,ATL,6,0,0,0,0,0,0,0,0,0,0,0,.000,.000,.000,.000
Mitch M Lyden,FLA,6,10,2,3,0,0,1,1,0,3,0,0,.300,.300,.600,.900
Josias J Manzanillo,NYM,6,1,0,0,0,0,0,0,0,1,0,0,.000,.000,.000,.000
Marc M Ronan,STL,6,12,0,1,0,0,0,0,0,5,0,0,.083,.083,.083,.167
Brian B Shouse,PIT,6,0,0,0,0,0,0,0,0,0,0,0,.000,.000,.000,.000
Matt M Stairs,MON,6,8,1,3,1,0,0,2,0,1,0,0,.375,.375,.500,.875
Denis D Boucher,MON,5,6,0,1,1,0,0,0,0,3,0,0,.167,.167,.333,.500
Jim J Deshaies,SF,5,5,0,0,0,0,0,0,0,3,0,0,.000,.000,.000,.000
Bruce B Hurst,COL,5,1,0,0,0,0,0,0,0,1,0,0,.000,.000,.000,.000
Mike M Maksudian,MIN,5,12,2,2,1,0,0,2,4,2,0,0,.167,.353,.250,.603
Shane S Reynolds,HOU,5,2,0,1,0,0,0,0,0,0,0,0,.500,.500,.500,1.000
Jerome J Walton,CAL,5,2,2,0,0,0,0,0,1,2,1,0,.000,.333,.000,.333
Drew D Denson,CWS,4,5,0,1,0,0,0,0,0,2,0,0,.200,.200,.200,.400
Steve S Dixon,STL,4,0,0,0,0,0,0,0,0,0,0,0,.000,.000,.000,.000
Chris C Howard,SEA,4,1,0,0,0,0,0,0,0,0,0,0,.000,.000,.000,.000
Erik E Johnson,SF,4,5,1,2,2,0,0,0,0,1,0,0,.400,.400,.800,1.200
Mark M Knudson,COL,4,1,0,0,0,0,0,0,0,1,0,0,.000,.000,.000,.000
Doug D Lindsey,CWS,4,3,0,1,0,0,0,0,0,1,0,0,.333,.333,.333,.667
Jim J Mc Namara,SF,4,7,0,1,0,0,0,1,0,1,0,0,.143,.143,.143,.286
Charlie C Montoyo,MON,4,5,1,2,1,0,0,3,0,0,0,0,.400,.400,.600,1.000
Rod R Nichols,LA,4,0,0,0,0,0,0,0,0,0,0,0,.000,.000,.000,.000
Scott S Ruskin,CIN,4,0,0,0,0,0,0,0,0,0,0,0,.000,.000,.000,.000
Nelson N Santovenia,KC,4,8,0,1,0,0,0,0,1,2,0,0,.125,.222,.125,.347
Sergio S Valdez,MON,4,0,0,0,0,0,0,0,0,0,0,0,.000,.000,.000,.000
Bruce B Walton,MON,4,1,0,0,0,0,0,0,0,0,0,0,.000,.000,.000,.000
Mickey M Weston,NYM,4,0,0,0,0,0,0,0,0,0,0,0,.000,.000,.000,.000
Rick R Wrona,CWS,4,8,0,1,0,0,0,1,0,4,0,0,.125,.125,.125,.250
Pete P Young,MON,4,1,0,0,0,0,0,0,0,0,0,0,.000,.000,.000,.000
Manny M Alexander,BAL,3,0,1,0,0,0,0,0,0,0,0,0,.000,.000,.000,.000
Mike M Anderson,CIN,3,1,0,0,0,0,0,0,0,0,0,0,.000,.000,.000,.000
Rich R Becker C,MIN,3,7,3,2,2,0,0,0,5,4,1,1,.286,.583,.571,1.155
Pedro P Borbon,ATL,3,0,0,0,0,0,0,0,0,0,0,0,.000,.000,.000,.000
John J De Silva,LA,3,0,0,0,0,0,0,0,0,0,0,0,.000,.000,.000,.000
Keith K Gordon L,CIN,3,6,0,1,0,0,0,0,0,2,0,0,.167,.167,.167,.333
Shawn S Green R,TOR,3,6,0,0,0,0,0,0,0,1,0,0,.000,.000,.000,.000
Tyler T Green,PHI,3,2,0,0,0,0,0,0,0,2,0,0,.000,.000,.000,.000
Dwayne D Henry,CIN,3,1,0,0,0,0,0,0,0,1,0,0,.000,.000,.000,.000
Steve S Hosey,SF,3,2,0,1,1,0,0,1,1,1,0,0,.500,.667,1.000,1.667
Keith K Hughes L,CIN,3,4,0,0,0,0,0,0,0,0,0,0,.000,.000,.000,.000
Brian B Looney,MON,3,1,0,0,0,0,0,0,0,1,0,0,.000,.000,.000,.000
Terry T Mc Griff,FLA,3,7,0,0,0,0,0,0,1,2,0,0,.000,.125,.000,.125
Paul P Miller,PIT,3,2,0,0,0,0,0,0,0,0,0,0,.000,.000,.000,.000
Jeff J Nelson,SEA,3,0,0,0,0,0,0,0,0,0,0,0,.000,.000,.000,.000
Rudy R Seanez,SD,3,0,0,0,0,0,0,0,0,0,0,0,.000,.000,.000,.000
Steve S Trachsel,CHC,3,6,1,1,0,0,0,0,1,2,0,0,.167,.286,.167,.452
Steve S Balboni D,TEX,2,5,0,3,0,0,0,0,0,2,0,0,.600,.600,.600,1.200
Ricky R Bones,MIL,2,0,0,0,0,0,0,0,0,0,0,0,.000,.000,.000,.000
Brad B Brink,PHI,2,1,0,0,0,0,0,0,0,0,0,0,.000,.000,.000,.000
Terry T Bross,SF,2,0,0,0,0,0,0,0,0,0,0,0,.000,.000,.000,.000
Jim J Byrd,BOS,2,0,0,0,0,0,0,0,0,0,0,0,.000,.000,.000,.000
Carlos C Delgado,TOR,2,1,0,0,0,0,0,0,1,0,0,0,.000,.500,.000,.500
Dennis D Eckersley,OAK,2,0,0,0,0,0,0,0,0,0,0,0,.000,.000,.000,.000
Steve S Farr,NYY,2,0,0,0,0,0,0,0,0,0,0,0,.000,.000,.000,.000
Kevin K Foster,PHI,2,2,0,0,0,0,0,0,0,0,0,0,.000,.000,.000,.000
Larry L Gonzales,CAL,2,2,0,1,0,0,0,1,1,0,0,0,.500,.667,.500,1.167
Rich R Gossage,OAK,2,0,0,0,0,0,0,0,0,0,0,0,.000,.000,.000,.000
Erik E Hanson,SEA,2,0,2,0,0,0,0,0,0,0,0,0,.000,.000,.000,.000
Tom T Henke,TEX,2,0,0,0,0,0,0,0,0,0,0,0,.000,.000,.000,.000
Vince V Horsman,OAK,2,0,0,0,0,0,0,0,0,0,0,0,.000,.000,.000,.000
Randy R Johnson,SEA,2,0,0,0,0,0,0,0,0,0,0,0,.000,.000,.000,.000
Jeff J Juden,HOU,2,0,0,0,0,0,0,0,0,0,0,0,.000,.000,.000,.000
Bob B Mac Donald,DET,2,0,0,0,0,0,0,0,0,0,0,0,.000,.000,.000,.000
Matt M Maysey,MIL,2,1,0,1,0,0,0,0,0,0,0,0,1.000,1.000,1.000,2.000
Bill B Risley,MON,2,0,0,0,0,0,0,0,0,0,0,0,.000,.000,.000,.000
Rick R Aguilera,MIN,1,0,0,0,0,0,0,0,0,0,0,0,.000,.000,.000,.000
Chris C Bosio,SEA,1,0,0,0,0,0,0,0,0,0,0,0,.000,.000,.000,.000
Jeff J Bronkey,TEX,1,1,0,0,0,0,0,0,0,0,0,0,.000,.000,.000,.000
Kevin K Brown,TEX,1,0,0,0,0,0,0,0,0,0,0,0,.000,.000,.000,.000
Larry L Casian,MIN,1,0,0,0,0,0,0,0,0,0,0,0,.000,.000,.000,.000
Norm N Charlton,SEA,1,0,0,0,0,0,0,0,0,0,0,0,.000,.000,.000,.000
Ron R Darling,OAK,1,0,0,0,0,0,0,0,0,0,0,0,.000,.000,.000,.000
Cal C Eldred,MIL,1,0,0,0,0,0,0,0,0,0,0,0,.000,.000,.000,.000
Mike M Fetters,MIL,1,0,0,0,0,0,0,0,0,0,0,0,.000,.000,.000,.000
Paul P Fletcher,PHI,1,0,0,0,0,0,0,0,0,0,0,0,.000,.000,.000,.000
Todd T Frohwirth,BAL,1,0,0,0,0,0,0,0,0,0,0,0,.000,.000,.000,.000
Kenny K Greer,NYM,1,0,0,0,0,0,0,0,0,0,0,0,.000,.000,.000,.000
Buddy B Groom,DET,1,0,0,0,0,0,0,0,0,0,0,0,.000,.000,.000,.000
Mike M Hampton,SEA,1,0,0,0,0,0,0,0,0,0,0,0,.000,.000,.000,.000
Mike M Henneman,DET,1,0,0,0,0,0,0,0,0,0,0,0,.000,.000,.000,.000
Doug D Henry,MIL,1,0,0,0,0,0,0,0,0,0,0,0,.000,.000,.000,.000
Roberto R Hernandez,CWS,1,0,0,0,0,0,0,0,0,0,0,0,.000,.000,.000,.000
Shawn S Hillegas,OAK,1,0,0,0,0,0,0,0,0,0,0,0,.000,.000,.000,.000
Brad B Holman,SEA,1,0,0,0,0,0,0,0,0,0,0,0,.000,.000,.000,.000
Steve S Howe,NYY,1,0,0,0,0,0,0,0,0,0,0,0,.000,.000,.000,.000
Tim T Layana,SF,1,0,0,0,0,0,0,0,0,0,0,0,.000,.000,.000,.000
Tim T Leary,SEA,1,0,0,0,0,0,0,0,0,0,0,0,.000,.000,.000,.000
Mark M Leiter,DET,1,0,0,0,0,0,0,0,0,0,0,0,.000,.000,.000,.000
Carlos C Maldonado,MIL,1,0,0,0,0,0,0,0,0,0,0,0,.000,.000,.000,.000
Alan A Mills,BAL,1,0,0,0,0,0,0,0,0,0,0,0,.000,.000,.000,.000
Mike M Mohler,OAK,1,0,0,0,0,0,0,0,0,0,0,0,.000,.000,.000,.000
Ed E Nunez,OAK,1,0,0,0,0,0,0,0,0,0,0,0,.000,.000,.000,.000
Gregg G Olson,BAL,1,1,0,0,0,0,0,0,0,1,0,0,.000,.000,.000,.000
Jesse J Orosco,MIL,1,1,0,0,0,0,0,0,0,1,0,0,.000,.000,.000,.000
Erik E Plantenberg,SEA,1,0,0,0,0,0,0,0,0,0,0,0,.000,.000,.000,.000
Jim J Poole,BAL,1,0,0,0,0,0,0,0,0,0,0,0,.000,.000,.000,.000
Dennis D Powell,SEA,1,0,0,0,0,0,0,0,0,0,0,0,.000,.000,.000,.000
Ted T Power,SEA,1,0,0,0,0,0,0,0,0,0,0,0,.000,.000,.000,.000
Bobby B Witt,OAK,1,0,0,0,0,0,0,0,0,0,0,0,.000,.000,.000,.000
