PLAYER,TEAM,W,L,ERA,GS,CG,SHO,SV,SVO,IP,H,R,ER,HR,HB,BB,SO,WHIP,AVG
Scott S Eyre,SF,2,2,2.63,86,0,0,0,0,2,68.1,48,21,20,3,4,26,65,1.08,.200
Mike M Timlin,BOS,7,3,2.24,81,0,0,0,13,20,80.1,86,23,20,2,2,20,59,1.32,.277
Ugueth U Urbina,PHI,5,6,3.62,81,0,0,0,10,18,79.2,56,34,32,12,1,39,97,1.19,.194
Scott S Schoeneweis,TOR,3,4,3.32,80,0,0,0,1,4,57.0,54,23,21,2,4,25,43,1.39,.245
Tom T Gordon,NYY,5,4,2.57,79,0,0,0,2,9,80.2,59,25,23,8,0,29,69,1.09,.203
Bob B Howry,CLE,7,4,2.47,79,0,0,0,3,5,73.0,49,23,20,4,0,16,48,0.89,.191
Gary G Majewski,WSH,4,4,2.93,79,0,0,0,1,5,86.0,80,32,28,2,7,37,50,1.36,.248
Duaner D Sanchez,LAD,4,7,3.73,79,0,0,0,8,12,82.0,75,36,34,8,3,36,71,1.35,.248
Ron R Villone,FLA,5,5,4.08,79,0,0,0,1,9,64.0,57,34,29,4,7,35,70,1.44,.241
Brian B Fuentes,COL,2,5,2.91,78,0,0,0,31,34,74.1,59,25,24,6,10,34,91,1.25,.218
Ryan R Madson,PHI,6,5,4.14,78,0,0,0,0,7,87.0,84,44,40,11,6,25,79,1.25,.259
Kent K Mercker,CIN,3,1,3.65,78,0,0,0,4,7,61.2,64,27,25,8,3,19,45,1.35,.270
Scot S Shields,LAA,10,11,2.75,78,0,0,0,7,13,91.2,66,33,28,5,2,37,98,1.12,.201
Salomon S Torres,PIT,5,5,2.76,78,0,0,0,3,3,94.2,76,34,29,7,5,36,55,1.18,.222
Ray R King,STL,4,4,3.38,77,0,0,0,0,6,40.0,46,17,15,4,3,16,23,1.55,.293
Chad C Qualls,HOU,6,4,3.28,77,0,0,0,0,0,79.2,73,33,29,7,6,23,60,1.21,.249
Chris C Reitsma,ATL,3,6,3.93,76,0,0,0,15,24,73.1,79,32,32,3,0,14,42,1.27,.272
Jesse J Crain,MIN,12,5,2.71,75,0,0,0,1,4,79.2,61,28,24,6,5,29,25,1.13,.219
Juan J Rincon,MIN,6,6,2.45,75,0,0,0,0,5,77.0,63,26,21,2,3,30,84,1.21,.224
Billy B Wagner,PHI,4,3,1.51,75,0,0,0,38,41,77.2,45,17,13,6,3,20,87,0.84,.165
Michael M Wuertz,CHC,6,2,3.81,75,0,0,0,0,3,75.2,60,36,32,6,0,40,89,1.32,.219
Yhency Y Brazoban,LAD,4,10,5.33,74,0,0,0,21,27,72.2,70,46,43,11,5,32,61,1.40,.258
Chad C Cordero,WSH,2,4,1.82,74,0,0,0,47,54,74.1,55,24,15,9,2,17,61,0.97,.198
Julian J Tavarez,STL,2,3,3.43,74,0,0,0,4,6,65.2,68,28,25,6,8,19,47,1.32,.278
Scott S Linebrink,SD,8,1,1.83,73,0,0,0,1,6,73.2,55,17,15,4,0,23,70,1.06,.209
David D Weathers,CIN,7,4,3.94,73,0,0,0,15,19,77.2,71,36,34,7,2,29,61,1.29,.241
Giovanni G Carrara,LAD,7,4,3.93,72,0,0,0,0,2,75.2,65,35,33,6,6,38,56,1.36,.243
Kyle K Farnsworth,ATL,1,1,2.19,72,0,0,0,16,18,70.0,44,18,17,5,3,27,87,1.01,.180
Todd T Williams,BAL,5,5,3.30,72,0,0,0,1,3,76.1,72,34,28,5,3,26,38,1.28,.252
Miguel M Batista,TOR,5,8,4.10,71,0,0,0,31,39,74.2,80,39,34,9,2,27,54,1.43,.268
Mariano M Rivera,NYY,7,4,1.38,71,0,0,0,43,47,78.1,50,18,12,2,4,18,80,0.87,.177
Dan D Wheeler,HOU,2,3,2.21,71,0,0,0,3,5,73.1,53,18,18,7,3,19,69,0.98,.204
Rick R White,PIT,4,7,3.72,71,0,0,0,2,3,75.0,90,39,31,3,4,29,40,1.59,.308
Brad B Lidge,HOU,4,4,2.29,70,0,0,0,42,46,70.2,58,21,18,5,3,23,103,1.15,.223
Jim J Brower,ATL,3,3,5.37,69,0,0,0,1,3,60.1,73,36,36,11,5,32,53,1.74,.302
Francisco F Cordero,TEX,3,1,3.39,69,0,0,0,37,45,69.0,61,28,26,5,4,30,79,1.32,.234
Neal N Cotts,CWS,4,0,1.94,69,0,0,0,0,2,60.1,38,15,13,1,4,29,58,1.11,.179
Joe J Nathan,MIN,7,4,2.70,69,0,0,0,43,48,70.0,46,22,21,5,0,22,94,0.97,.183
Will W Ohman,CHC,2,2,2.91,69,0,0,0,0,3,43.1,32,14,14,6,3,24,45,1.29,.201
B. J. B Ryan,BAL,1,4,2.43,69,0,0,0,36,41,70.1,54,20,19,4,2,26,100,1.14,.208
Derrick D Turnbow,MIL,7,1,1.74,69,0,0,0,39,43,67.1,49,15,13,5,1,24,64,1.08,.199
Luis L Ayala,WSH,8,7,2.66,68,0,0,0,1,3,71.0,75,23,21,7,6,14,40,1.25,.286
Jason J Christiansen,LAA,6,1,5.12,68,0,0,0,0,2,45.2,55,28,26,4,0,17,21,1.58,.296
Todd T Jones,FLA,1,5,2.10,68,0,0,0,40,45,73.0,61,19,17,2,3,14,62,1.03,.230
Mike M Mac Dougal,KC,5,6,3.33,68,0,0,0,21,25,70.1,69,32,26,6,3,24,72,1.32,.257
Cliff C Politte,CWS,7,1,2.00,68,0,0,0,1,2,67.1,42,15,15,7,3,21,57,0.94,.181
J. C. J Romero,MIN,4,3,3.47,68,0,0,0,0,1,57.0,50,26,22,6,6,39,48,1.56,.235
Danys D Baez,TB,5,4,2.86,67,0,0,0,41,49,72.1,66,27,23,7,2,30,51,1.33,.244
Lance L Cormier,ARI,7,3,5.11,67,0,0,0,0,1,79.1,86,50,45,7,5,43,63,1.63,.285
Alan A Embree,NYY,2,5,7.62,67,0,0,0,1,3,52.0,62,47,44,10,2,14,38,1.46,.297
Jason J Frasor,TOR,3,5,3.25,67,0,0,0,1,3,74.2,67,31,27,8,3,28,62,1.27,.247
Roberto R Hernandez,NYM,8,6,2.58,67,0,0,0,4,10,69.2,57,20,20,5,2,28,61,1.22,.228
Jorge J Julio,BAL,3,5,5.90,67,0,0,0,0,2,71.2,76,50,47,14,2,24,58,1.40,.269
Steve S Kline,BAL,2,4,4.28,67,0,0,0,0,3,61.0,59,34,29,11,0,30,36,1.46,.257
Ricardo R Rincon,OAK,1,1,4.34,67,0,0,0,0,2,37.1,34,19,18,7,1,20,27,1.45,.246
Andrew A Sisco,KC,2,5,3.11,67,0,0,0,0,5,75.1,68,27,26,6,2,42,76,1.46,.243
Huston H Street,OAK,5,1,1.72,67,0,0,0,23,27,78.1,53,17,15,3,2,26,72,1.01,.194
Tyler T Walker,SF,6,4,4.23,67,0,0,0,23,28,61.2,68,31,29,9,3,27,54,1.54,.281
Mike M De Jean,COL,5,4,4.48,66,0,0,0,0,3,62.1,62,33,31,3,3,30,52,1.48,.255
La Troy L Hawkins,SF,2,8,3.83,66,0,0,0,6,15,56.1,58,27,24,7,0,24,43,1.46,.265
Damaso D Marte,CWS,3,4,3.77,66,0,0,0,4,8,45.1,45,21,19,5,3,33,54,1.72,.256
Akinori A Otsuka,SD,2,8,3.59,66,0,0,0,1,7,62.2,55,28,25,3,2,34,60,1.42,.234
Francisco F Rodríguez Rodriguez,LAA,2,5,2.67,66,0,0,0,45,50,67.1,45,20,20,7,0,32,91,1.14,.184
Jamie J Walker,DET,4,3,3.70,66,0,0,0,0,2,48.2,49,22,20,5,2,13,30,1.27,.257
Brendan B Donnelly,LAA,9,3,3.72,65,0,0,0,0,5,65.1,60,30,27,9,2,19,53,1.21,.244
Justin J Duchscherer,OAK,7,4,2.21,65,0,0,0,5,7,85.2,67,25,21,7,2,19,85,1.00,.215
Dan D Kolb,ATL,3,8,5.93,65,0,0,0,11,18,57.2,78,39,38,5,1,29,39,1.86,.329
Brian B Meadows,PIT,3,1,4.58,65,0,0,0,0,2,74.2,84,42,38,8,0,21,44,1.41,.287
Mike M Myers,BOS,3,1,3.13,65,0,0,0,0,1,37.1,30,14,13,3,2,13,21,1.15,.224
Al A Reyes,STL,4,2,2.15,65,0,0,0,3,3,62.2,38,15,15,5,5,20,67,0.93,.177
Justin J Speier,TOR,3,2,2.57,65,0,0,0,0,4,66.2,48,20,19,10,3,15,56,0.95,.198
Luis L Vizcaino,CWS,6,5,3.73,65,0,0,0,0,3,70.0,74,30,29,8,2,29,43,1.47,.275
Hector H Carrasco,WSH,5,4,2.04,64,5,0,0,2,4,88.1,59,23,20,6,6,38,75,1.10,.193
J. J Putz,SEA,6,5,3.60,64,0,0,0,1,4,60.0,58,27,24,8,2,23,45,1.35,.254
Brian B Shouse,TEX,3,2,5.23,64,0,0,0,0,2,53.1,55,37,31,7,3,18,35,1.37,.266
Tanyon T Sturtze,NYY,5,3,4.73,64,1,0,0,1,6,78.0,76,43,41,10,6,27,45,1.32,.257
Bob B Wickman,CLE,0,4,2.47,64,0,0,0,45,50,62.0,57,17,17,9,1,21,41,1.26,.247
Ryan R Dempster,CHC,5,3,3.13,63,6,0,0,33,35,92.0,83,35,32,4,4,49,89,1.43,.242
John J Grabow,PIT,2,3,4.85,63,0,0,0,0,1,52.0,46,31,28,6,2,25,42,1.37,.238
Jason J Isringhausen,STL,1,2,2.14,63,0,0,0,39,43,59.0,43,14,14,4,1,27,51,1.19,.202
Vinnie V Chulk,TOR,0,1,3.88,62,0,0,0,0,1,72.0,68,33,31,9,1,26,39,1.31,.255
John J Foster,ATL,4,2,4.15,62,0,0,0,1,2,34.2,27,17,16,3,2,19,32,1.33,.213
Aaron A Fultz,PHI,4,0,2.24,62,0,0,0,0,1,72.1,47,21,18,6,5,23,54,0.97,.186
Russ R Springer,HOU,4,4,4.73,62,0,0,0,0,3,59.0,49,34,31,9,3,21,54,1.19,.222
Doug D Brocail,TEX,5,3,5.52,61,0,0,0,1,4,73.1,90,48,45,2,4,34,61,1.69,.301
Trever T Miller,TB,2,2,4.06,61,0,0,0,0,3,44.1,45,23,20,4,7,29,35,1.67,.278
Jose J Valverde,ARI,3,4,2.44,61,0,0,0,15,17,66.1,51,19,18,5,2,20,75,1.07,.211
Matt M Belisle,CIN,4,8,4.41,60,5,0,0,1,4,85.2,101,49,42,11,6,26,59,1.48,.294
Trevor T Hoffman,SD,1,6,2.97,60,0,0,0,43,46,57.2,52,23,19,3,1,12,54,1.11,.235
Braden B Looper,NYM,4,7,3.94,60,0,0,0,28,36,59.1,65,31,26,7,5,22,27,1.47,.271
Jay J Witasick,OAK,1,5,2.84,60,0,0,0,1,4,63.1,53,26,20,4,6,29,73,1.29,.223
Ambiorix A Burgos,KC,3,5,3.98,59,0,0,0,2,6,63.1,60,29,28,6,5,31,65,1.44,.251
Mike M Stanton,BOS,3,3,4.64,59,0,0,0,0,1,42.2,49,24,22,3,0,15,27,1.50,.295
Kiko K Calero,OAK,4,1,3.23,58,0,0,0,1,2,55.2,45,20,20,6,1,18,52,1.13,.216
Franklyn F German,DET,4,0,3.66,58,0,0,0,1,3,59.0,63,26,24,7,7,34,38,1.64,.284
Eddie E Guardado,SEA,2,3,2.72,58,0,0,0,36,41,56.1,52,23,17,7,0,15,48,1.19,.239
David D Riske,CLE,3,4,3.10,58,0,0,0,1,1,72.2,55,28,25,11,4,15,48,0.96,.208
Scott S Sauerbeck,CLE,1,0,4.04,58,0,0,0,0,2,35.2,35,18,16,4,4,16,35,1.43,.259
Todd T Coffey,CIN,4,1,4.50,57,0,0,0,1,2,58.0,84,33,29,5,5,11,26,1.64,.344
Rheal R Cormier,PHI,4,2,5.89,57,0,0,0,0,2,47.1,56,33,31,9,2,16,34,1.52,.296
Joey J Eischen,WSH,2,1,3.22,57,0,0,0,0,1,36.1,34,14,13,1,6,19,30,1.46,.252
Dustin D Hermanson,CWS,2,4,2.04,57,0,0,0,34,39,57.1,46,17,13,4,1,17,33,1.10,.222
Rudy R Seanez,SD,7,1,2.69,57,0,0,0,0,2,60.1,49,19,18,4,2,22,84,1.18,.222
Guillermo G Mota,FLA,2,2,4.70,56,0,0,0,2,4,67.0,65,38,35,5,1,32,60,1.45,.254
Chris C Spurling,DET,3,4,3.44,56,0,0,0,0,1,70.2,58,30,27,8,2,22,26,1.13,.230
Chris C Hammond,SD,5,1,3.84,55,0,0,0,0,3,58.2,51,25,25,9,2,14,34,1.11,.229
Julio J Mateo,SEA,3,6,3.06,55,1,0,0,0,2,88.1,79,32,30,12,7,17,52,1.09,.237
Jose J Mesa,PIT,2,8,4.76,55,0,0,0,27,34,56.2,61,30,30,7,3,26,37,1.54,.285
Matt M Thornton,SEA,0,4,5.21,55,0,0,0,0,1,57.0,54,33,33,13,0,42,57,1.68,.248
Rafael R Betancourt,CLE,4,3,2.79,54,0,0,0,1,3,67.2,57,23,21,5,0,17,73,1.09,.224
Aaron A Heilman,NYM,5,3,3.17,53,7,1,1,5,6,108.0,87,40,38,6,6,37,106,1.15,.223
Travis T Harper,TB,4,6,6.75,52,0,0,0,0,3,73.1,88,57,55,14,1,24,40,1.53,.304
Jim J Mecir,FLA,1,4,3.12,52,0,0,0,0,4,43.1,39,17,15,2,5,17,34,1.29,.248
Michael M Gonzalez,PIT,1,3,2.70,51,0,0,0,3,3,50.0,35,15,15,2,1,31,58,1.32,.197
Tim T Worrell,ARI,1,2,4.07,51,0,0,0,1,4,48.2,59,30,22,8,2,12,39,1.46,.299
David D Cortes,COL,2,0,4.10,50,0,0,0,2,3,52.2,50,24,24,9,1,10,36,1.14,.251
Randy R Flores,STL,3,1,3.46,50,0,0,0,1,3,41.2,37,22,16,5,3,13,43,1.20,.240
Paul P Quantrill,FLA,2,2,5.35,50,0,0,0,0,1,69.0,93,44,41,8,3,14,36,1.55,.330
Jeremy J Affeldt,KC,0,2,5.26,49,0,0,0,0,0,49.2,56,35,29,3,0,29,39,1.71,.277
Terry T Mulholland,MIN,0,2,4.27,49,0,0,0,0,1,59.0,61,30,28,6,2,17,18,1.32,.276
Jeff J Nelson,SEA,1,3,3.93,49,0,0,0,1,4,36.2,32,17,16,3,4,22,34,1.47,.237
Roberto R Novoa,CHC,4,5,4.43,49,0,0,0,0,5,44.2,47,22,22,4,0,25,47,1.61,.264
Matt M Wise,MIL,4,4,3.36,49,0,0,0,1,3,64.1,37,25,24,6,3,25,62,0.96,.160
Esteban E Yan,LAA,1,1,4.59,49,0,0,0,0,0,66.2,66,36,34,8,0,30,45,1.44,.258
Jeff J Fassero,SF,4,7,4.05,48,6,0,0,0,2,91.0,92,48,41,7,0,31,60,1.35,.268
Kameron K Loe,TEX,9,6,3.42,48,8,0,0,1,4,92.0,89,43,35,7,2,31,45,1.30,.252
Steve S Schmoll,LAD,2,2,5.01,48,0,0,0,3,4,46.2,47,29,26,4,3,22,29,1.48,.275
Brian B Bruney,ARI,1,3,7.43,47,0,0,0,12,16,46.0,56,39,38,6,5,35,51,1.98,.299
Buddy B Groom,ARI,1,1,4.83,47,0,0,0,1,1,41.0,51,22,22,5,3,12,20,1.54,.304
Arthur A Rhodes,CLE,3,1,2.08,47,0,0,0,0,3,43.1,33,13,10,2,1,12,43,1.04,.206
Mike M Wood,KC,5,8,4.46,47,10,0,0,2,2,115.0,129,66,57,18,8,52,60,1.57,.287
Shigetoshi S Hasegawa,SEA,1,3,4.19,46,0,0,0,0,1,66.2,66,31,31,4,3,16,30,1.23,.259
Glendon G Rusch,CHC,9,8,4.52,46,19,1,1,0,1,145.1,175,79,73,14,1,53,111,1.57,.302
Chad C Harville,BOS,0,3,4.76,45,0,0,0,0,1,45.1,43,26,24,8,5,27,36,1.54,.256
Scott S Munter,SF,2,0,2.56,45,0,0,0,0,3,38.2,40,15,11,1,1,12,11,1.34,.280
Kelly K Wunsch,LAD,1,1,4.56,45,0,0,0,0,1,23.2,20,12,12,2,2,14,22,1.44,.227
Mike M Koplove,ARI,2,1,5.07,44,0,0,0,0,2,49.2,48,31,28,6,6,20,28,1.37,.257
Jorge J Sosa,ATL,13,3,2.55,44,20,0,0,0,0,134.0,122,42,38,12,0,64,85,1.39,.241
Ryan R Vogelsong,PIT,2,2,4.43,44,0,0,0,0,1,81.1,82,43,40,5,8,40,52,1.50,.259
Joe J Borowski,TB,1,5,4.47,43,0,0,0,0,4,46.1,38,23,23,8,0,12,27,1.08,.222
Blaine B Boyer,ATL,4,2,3.11,43,0,0,0,0,2,37.2,32,13,13,1,2,17,33,1.30,.234
Keith K Foulke,BOS,5,5,5.91,43,0,0,0,15,19,45.2,53,30,30,8,5,18,34,1.55,.288
Matt M Guerrier,MIN,0,3,3.39,43,0,0,0,0,0,71.2,71,29,27,6,3,24,46,1.33,.259
Mike M Remlinger,BOS,0,3,6.58,43,0,0,0,0,1,39.2,46,33,29,7,2,17,35,1.59,.288
Heath H Bell,NYM,1,3,5.59,42,0,0,0,0,0,46.2,56,30,29,3,1,13,43,1.48,.298
Kevin K Gryboski,TEX,1,1,5.52,42,0,0,0,0,2,31.0,41,25,19,1,3,20,10,1.97,.328
Ryan R Wagner,CIN,3,2,6.11,42,0,0,0,0,1,45.2,56,33,31,4,4,17,39,1.60,.303
Tim T Byrdak,BAL,0,1,4.05,41,0,0,0,1,1,26.2,27,14,12,1,1,21,31,1.80,.255
Juan Carlos J Oviedo,KC,3,2,7.55,41,0,0,0,0,1,53.2,73,45,45,9,3,18,32,1.70,.329
Chris C Ray,BAL,1,3,2.66,41,0,0,0,0,4,40.2,34,15,12,5,1,18,43,1.28,.222
Julio J Santana,MIL,3,5,4.50,41,0,0,0,1,4,42.0,34,21,21,6,0,19,49,1.26,.221
Pete P Walker,TOR,6,6,3.54,41,4,0,0,2,5,84.0,81,33,33,10,2,33,43,1.36,.254
Ricky R Bottalico,MIL,2,2,4.54,40,0,0,0,2,6,41.2,43,24,21,7,3,19,29,1.49,.265
Geoff G Geary,PHI,2,1,3.72,40,0,0,0,0,1,58.0,54,29,24,5,1,21,42,1.29,.248
Danny D Graves,NYM,1,1,6.52,40,0,0,0,10,12,38.2,59,35,28,9,3,20,20,2.04,.347
John J Halama,WSH,1,4,5.68,40,4,0,0,0,0,65.0,79,44,41,6,7,17,37,1.48,.293
Byung- Hyun B Kim,COL,5,12,4.86,40,22,0,0,0,2,148.0,156,82,80,17,14,71,115,1.53,.275
Shingo S Takatsu,NYM,2,2,5.20,40,0,0,0,8,11,36.1,41,21,21,11,0,19,38,1.65,.281
Brad B Thompson,STL,4,0,2.95,40,0,0,0,1,1,55.0,46,22,18,5,4,15,29,1.11,.227
Keiichi K Yabu,OAK,4,0,4.50,40,0,0,0,1,2,58.0,64,34,29,6,8,26,44,1.55,.287
Lance L Carter,TB,1,2,4.89,39,0,0,0,1,4,57.0,61,31,31,9,1,15,22,1.33,.279
Marcos M Carvajal,COL,0,2,5.09,39,0,0,0,0,1,53.0,52,30,30,8,3,21,47,1.38,.259
Fernando F Rodney,DET,2,3,2.86,39,0,0,0,9,15,44.0,39,14,14,5,2,17,42,1.27,.238
Jorge J De La Rosa,MIL,2,2,4.46,38,0,0,0,0,2,42.1,48,23,21,1,0,38,42,2.03,.289
Brian B Moehler,FLA,6,12,4.55,37,25,0,0,0,0,158.1,198,82,80,16,5,42,95,1.52,.313
Chad C Orvella,TB,3,3,3.60,37,0,0,0,1,2,50.0,47,26,20,4,1,23,43,1.40,.246
Brian B Shackelford,CIN,1,0,2.43,37,0,0,0,0,0,29.2,21,9,8,2,6,9,17,1.01,.204
Jose J Acevedo,COL,2,4,6.47,36,5,0,0,1,2,64.0,86,48,46,13,1,16,31,1.59,.321
Adam A Bernero,ATL,4,3,6.51,36,0,0,0,0,1,47.0,61,35,34,5,4,12,37,1.55,.313
Jesus J Colome,TB,2,3,4.57,36,0,0,0,0,1,45.1,54,29,23,7,2,18,28,1.59,.283
Casey C Fossum,TB,8,12,4.92,36,25,0,0,0,1,162.2,170,100,89,21,18,60,128,1.41,.266
Mike M Gallo,HOU,0,1,2.66,36,0,0,0,0,2,20.1,18,6,6,1,2,10,12,1.38,.250
Dennys D Reyes,SD,3,2,5.15,36,1,0,0,0,1,43.2,57,30,25,3,1,32,35,2.04,.315
Greg G Aquino,ARI,0,1,7.76,35,0,0,0,1,3,31.1,42,29,27,7,4,17,34,1.88,.318
Bronson B Arroyo,BOS,14,10,4.51,35,32,0,0,0,0,205.1,213,116,103,22,14,54,100,1.30,.266
Chris C Capuano,MIL,18,12,3.99,35,35,0,0,0,0,219.0,212,105,97,31,12,91,176,1.38,.256
Roman R Colon,DET,2,6,5.58,35,7,0,0,0,1,69.1,82,45,43,17,0,21,47,1.49,.293
Doug D Davis,MIL,11,11,3.84,35,35,2,1,0,0,222.2,196,103,95,26,4,93,208,1.30,.235
Livan L Hernandez,WSH,15,10,3.98,35,35,2,0,0,0,246.1,268,116,109,25,13,84,147,1.43,.284
D. J. D Houlton,LAD,6,9,5.16,35,19,0,0,0,0,129.0,145,79,74,21,8,52,90,1.53,.289
Joe J Kennedy,OAK,8,13,6.01,35,24,0,0,0,2,152.2,192,114,102,20,7,64,97,1.68,.308
Jon J Lieber,PHI,17,13,4.20,35,35,1,0,0,0,218.1,223,107,102,33,5,41,149,1.21,.263
Rodrigo R Lopez,BAL,15,12,4.90,35,35,0,0,0,0,209.1,232,126,114,28,7,63,118,1.41,.276
Derek D Lowe,LAD,12,15,3.61,35,35,2,2,0,0,222.0,223,113,89,28,5,55,146,1.25,.260
Greg G Maddux,CHC,13,15,4.24,35,35,3,0,0,0,225.0,239,112,106,29,7,36,136,1.22,.275
Roy R Oswalt,HOU,20,12,2.94,35,35,4,1,0,0,241.2,243,85,79,18,8,48,184,1.20,.262
Barry B Zito,OAK,14,13,3.86,35,35,0,0,0,0,228.1,185,106,98,26,13,89,171,1.20,.221
Gustavo G Chacin,TOR,13,9,3.72,34,34,0,0,0,0,203.0,213,93,84,20,8,70,121,1.39,.274
Bruce B Chen,BAL,13,10,3.83,34,32,1,0,0,0,197.1,187,94,84,33,9,63,133,1.27,.248
Craig C Dingman,DET,2,3,3.66,34,0,0,0,4,5,32.0,30,14,13,5,1,9,24,1.22,.259
Josh J Fogg,PIT,6,11,5.05,34,28,0,0,0,0,169.1,196,106,95,27,6,53,85,1.47,.291
Dan D Haren,OAK,14,12,3.73,34,34,3,0,0,0,217.0,212,101,90,26,6,53,163,1.22,.255
Randy R Johnson,NYY,17,8,3.79,34,34,4,0,0,0,225.2,207,102,95,32,12,47,211,1.13,.243
Esteban E Loaiza,WSH,12,10,3.77,34,34,0,0,0,0,217.0,227,93,91,18,5,55,173,1.30,.270
Matt M Mantei,BOS,1,0,6.49,34,0,0,0,0,0,26.1,23,20,19,1,5,24,22,1.78,.240
Mike M Maroth,DET,14,14,4.74,34,34,0,0,0,0,209.0,235,123,110,30,9,51,115,1.37,.288
Seth S Mc Clung,TB,7,11,6.59,34,17,0,0,0,1,109.1,106,85,80,20,7,62,92,1.54,.249
Eric E Milton,CIN,8,15,6.47,34,34,0,0,0,0,186.1,237,141,134,40,7,52,123,1.55,.302
Brett B Myers,PHI,13,8,3.72,34,34,2,0,0,0,215.1,193,94,89,31,11,68,208,1.21,.237
Felix F Rodriguez,NYY,0,0,5.01,34,0,0,0,0,0,32.1,33,18,18,2,2,20,18,1.64,.264
Jason J Standridge,CIN,2,2,4.59,34,0,0,0,0,0,33.1,45,17,17,3,1,17,19,1.86,.331
Jeff J Weaver,LAD,14,11,4.22,34,34,3,2,0,0,224.0,220,111,105,35,18,43,157,1.17,.256
Jake J Westbrook,CLE,15,15,4.49,34,34,2,0,0,0,210.2,218,121,105,19,7,56,119,1.30,.265
Dontrelle D Willis,FLA,22,10,2.63,34,34,7,5,0,0,236.1,213,79,69,11,8,55,170,1.13,.243
Jamey J Wright,COL,8,16,5.46,34,27,0,0,0,0,171.1,201,119,104,22,15,81,101,1.65,.296
Antonio A Alfonseca,FLA,1,1,4.94,33,0,0,0,0,2,27.1,29,15,15,2,2,14,16,1.57,.299
Joe J Blanton,OAK,12,12,3.53,33,33,2,0,0,0,201.1,178,86,79,23,5,67,116,1.22,.236
Mark M Buehrle,CWS,16,8,3.12,33,33,3,1,0,0,236.2,240,99,82,20,4,40,149,1.18,.262
Chris C Carpenter,STL,21,5,2.83,33,33,7,4,0,0,241.2,204,82,76,18,3,51,213,1.06,.231
Bartolo B Colon,LAA,21,8,3.48,33,33,2,0,0,0,222.2,215,93,86,26,3,43,157,1.16,.254
Jeff J Francis,COL,14,12,5.68,33,33,0,0,0,0,183.2,228,119,116,26,8,70,128,1.62,.311
Freddy F Garcia,CWS,14,8,3.87,33,33,2,0,0,0,228.0,225,102,98,26,3,60,146,1.25,.259
Tom T Glavine,NYM,13,13,3.53,33,33,2,1,0,0,211.1,227,88,83,12,3,61,105,1.36,.279
Kevin K Gregg,LAA,1,2,5.04,33,2,0,0,0,1,64.1,70,37,36,8,3,29,52,1.54,.273
Zack Z Greinke,KC,5,17,5.80,33,33,2,0,0,0,183.0,233,125,118,23,13,53,114,1.56,.309
Jason J Johnson,DET,8,13,4.54,33,33,1,0,0,0,210.0,233,117,106,23,6,49,93,1.34,.285
Dae- Sung D Koo,NYM,0,0,3.91,33,0,0,0,0,2,23.0,22,12,10,2,2,13,23,1.52,.250
John J Lackey,LAA,14,5,3.44,33,33,1,0,0,0,209.0,208,85,80,13,11,71,199,1.33,.258
Brian B Lawrence,SD,7,15,4.83,33,33,1,0,0,0,195.2,211,106,105,18,11,57,109,1.37,.273
Al A Leiter,NYY,7,12,6.13,33,26,0,0,0,0,142.1,154,103,97,13,12,98,97,1.77,.282
Noah N Lowry,SF,13,13,3.78,33,33,0,0,0,0,204.2,193,92,86,21,7,76,172,1.31,.249
Jason J Marquis,STL,13,14,4.13,33,32,3,1,0,0,207.0,206,110,95,29,5,69,100,1.33,.262
Andy A Pettitte,HOU,17,9,2.39,33,33,0,0,0,0,222.1,188,66,59,17,3,41,171,1.03,.230
Horacio H Ramirez,ATL,11,9,4.63,33,32,1,1,0,0,202.1,214,108,104,31,2,67,80,1.39,.282
Johan J Santana,MIN,16,7,2.87,33,33,3,2,0,0,231.2,180,77,74,22,1,45,238,0.97,.210
John J Smoltz,ATL,14,7,3.06,33,33,3,1,0,0,229.2,210,83,78,18,1,53,169,1.15,.243
Brett B Tomko,SF,8,15,4.48,33,30,3,0,1,1,190.2,205,99,95,20,7,57,114,1.37,.274
Josh J Towers,TOR,13,12,3.71,33,33,2,1,0,0,208.2,237,101,86,24,6,29,112,1.27,.285
Javier J Vazquez,ARI,11,15,4.42,33,33,3,1,0,0,215.2,223,112,106,35,5,46,192,1.25,.266
Tim T Wakefield,BOS,16,12,4.15,33,33,3,0,0,0,225.1,210,113,104,35,11,68,151,1.23,.245
Brandon B Webb,ARI,14,12,3.54,33,33,1,0,0,0,229.0,229,98,90,21,2,59,172,1.26,.265
Kip K Wells,PIT,8,18,5.09,33,33,1,1,0,0,182.0,186,116,103,23,12,99,132,1.57,.266
Carlos C Zambrano,CHC,14,6,3.26,33,33,2,0,0,0,223.1,170,88,81,21,8,86,202,1.15,.212
Joaquin J Benoit,TEX,4,4,3.72,32,9,0,0,0,0,87.0,69,39,36,9,2,38,78,1.23,.212
A. J. A Burnett,FLA,12,12,3.44,32,32,4,2,0,0,209.0,184,97,80,12,7,79,198,1.26,.237
Roger R Clemens,HOU,13,8,1.87,32,32,1,0,0,0,211.1,151,51,44,11,3,62,185,1.01,.198
Matt M Clement,BOS,13,6,4.57,32,32,1,0,0,0,191.0,192,102,97,18,16,68,146,1.36,.260
Jose J Contreras,CWS,15,7,3.61,32,32,1,0,0,0,204.2,177,91,82,23,9,75,154,1.23,.232
Scott S Dohmann,COL,2,1,6.10,32,0,0,0,0,3,31.0,33,21,21,6,0,19,35,1.68,.266
Ryan R Franklin,SEA,8,15,5.10,32,30,2,1,0,0,190.2,212,110,108,28,7,62,93,1.44,.280
Jon J Garland,CWS,18,10,3.50,32,32,3,3,0,0,221.0,212,93,86,26,7,47,115,1.17,.255
Aaron A Harang,CIN,11,13,3.83,32,32,1,0,0,0,211.2,217,93,90,22,8,51,163,1.27,.267
Bobby B Jenks,CWS,1,1,2.75,32,0,0,0,6,8,39.1,34,15,12,3,1,15,50,1.25,.225
Scott S Kazmir,TB,10,9,3.77,32,32,0,0,0,0,186.0,172,90,78,12,10,100,174,1.46,.248
Cliff C Lee,CLE,18,5,3.79,32,32,1,0,0,0,202.0,194,91,85,22,0,52,143,1.22,.251
Jose J Lima,KC,5,16,6.99,32,32,1,0,0,0,168.2,219,140,131,31,9,61,80,1.66,.314
Javier J López Lopez,ARI,1,1,11.02,32,0,0,0,2,4,16.1,26,20,20,2,1,11,12,2.27,.351
Brandon B Lyon,ARI,0,2,6.44,32,0,0,0,14,15,29.1,44,25,21,6,2,10,17,1.84,.341
Jamie J Moyer,SEA,13,7,4.28,32,32,1,0,0,0,200.0,225,99,95,23,8,52,102,1.39,.283
Mark M Mulder,STL,16,8,3.64,32,32,3,2,0,0,205.0,212,90,83,19,9,70,111,1.38,.273
Tomo T Ohka,MIL,11,9,4.04,32,29,1,1,0,0,180.1,189,88,81,22,3,55,98,1.35,.268
Nate N Robertson,DET,7,16,4.48,32,32,2,0,0,0,196.2,202,113,98,28,7,65,122,1.36,.266
Curt C Schilling,BOS,8,8,5.69,32,11,0,0,9,11,93.1,121,59,59,12,3,22,87,1.53,.314
Jeff J Suppan,STL,16,10,3.57,32,32,0,0,0,0,194.1,206,93,77,24,7,63,114,1.38,.275
Randy R Williams,COL,3,1,6.84,32,0,0,0,0,2,26.1,33,21,20,5,1,13,21,1.75,.300
Chad C Bradford,BOS,2,1,3.86,31,0,0,0,0,1,23.1,29,10,10,1,3,4,10,1.41,.312
Nate N Bump,FLA,0,3,4.03,31,0,0,0,0,1,38.0,43,18,17,5,2,12,18,1.45,.289
Paul P Byrd,LAA,12,11,3.74,31,31,2,1,0,0,204.1,216,95,85,22,7,28,102,1.19,.272
Scott S Elarton,CLE,11,9,4.61,31,31,1,0,0,0,181.2,189,100,93,32,6,48,103,1.30,.267
Cal C Eldred,STL,1,0,2.19,31,1,0,0,0,1,37.0,35,9,9,3,2,18,29,1.43,.259
John J Franco,HOU,0,1,7.20,31,0,0,0,0,1,15.0,23,13,12,0,1,9,16,2.13,.343
Mark M Hendrickson,TB,11,8,5.90,31,31,1,0,0,0,178.1,227,126,117,24,2,49,89,1.55,.311
Cory C Lidle,PHI,13,11,4.53,31,31,1,0,0,0,184.2,210,105,93,18,6,40,121,1.35,.289
Kyle K Lohse,MIN,9,13,4.18,31,30,0,0,0,0,178.2,211,85,83,22,9,44,86,1.43,.299
Pedro P Martinez,NYM,15,8,2.82,31,31,4,1,0,0,217.0,159,69,68,19,4,47,208,0.95,.204
Joe J Mays,MIN,6,10,5.65,31,26,1,1,0,0,156.0,203,109,98,23,3,41,59,1.56,.318
Matt M Morris,STL,14,10,4.11,31,31,2,0,0,0,192.2,209,101,88,22,8,37,117,1.28,.276
John J Patterson,WSH,9,7,3.13,31,31,2,1,0,0,198.1,172,71,69,19,5,65,185,1.19,.233
Brad B Radke,MIN,9,12,4.04,31,31,3,1,0,0,200.2,214,98,90,33,7,23,117,1.18,.272
C Sabathia,CLE,15,10,4.03,31,31,1,0,0,0,196.2,185,92,88,19,7,62,161,1.26,.248
John J Wasdin,TEX,3,2,4.28,31,6,0,0,4,6,75.2,77,37,36,9,1,20,44,1.28,.261
Chris C Young,TEX,12,7,4.26,31,31,0,0,0,0,164.2,162,84,78,19,7,45,137,1.26,.252
Victor V Zambrano,NYM,7,12,4.17,31,27,0,0,0,0,166.1,170,85,77,12,15,77,112,1.48,.264
Armando A Benitez,SF,2,3,4.50,30,0,0,0,19,23,30.0,25,17,15,5,0,16,23,1.37,.229
Ron R Mahay,TEX,0,2,6.81,30,0,0,0,1,1,35.2,47,28,27,8,0,16,30,1.77,.313
Kevin K Millwood,CLE,9,11,2.86,30,30,1,0,0,0,192.0,182,72,61,20,4,52,146,1.22,.248
Mike M Mussina,NYY,13,8,4.41,30,30,2,2,0,0,179.2,199,93,88,23,7,47,142,1.37,.284
Ramon R Ortiz,CIN,9,11,5.36,30,30,1,0,0,0,171.1,206,110,102,34,7,51,96,1.50,.302
Chan Ho C Park,SD,12,8,5.74,30,29,0,0,0,0,155.1,180,103,99,11,10,80,113,1.67,.293
Jake J Peavy,SD,13,7,2.88,30,30,3,3,0,0,203.0,162,70,65,18,7,50,216,1.04,.217
Joel J Pineiro,SEA,7,11,5.62,30,30,2,0,0,0,189.0,224,118,118,23,6,56,107,1.48,.300
Mark M Redman,PIT,5,15,4.90,30,30,2,1,0,0,178.1,188,100,97,18,2,56,101,1.37,.278
Steve S Reed,BAL,1,2,6.61,30,0,0,0,0,0,32.2,41,24,24,5,4,11,15,1.59,.308
Kenny K Rogers,TEX,14,8,3.46,30,30,1,1,0,0,195.1,205,86,75,15,8,53,87,1.32,.271
David D Wells,BOS,15,7,4.45,30,30,2,0,0,0,184.0,220,95,91,21,9,21,107,1.31,.296
Josh J Beckett,FLA,15,8,3.38,29,29,2,1,0,0,178.2,153,75,67,14,7,58,166,1.18,.234
Jeremy J Bonderman,DET,14,13,4.57,29,29,4,0,0,0,189.0,199,101,96,21,4,57,145,1.35,.271
Daniel D Cabrera,BAL,10,13,4.52,29,29,0,0,0,0,161.1,144,92,81,14,11,87,157,1.43,.235
Shawn S Camp,KC,1,4,6.43,29,0,0,0,0,2,49.0,69,40,35,4,4,13,28,1.67,.332
Brandon B Claussen,CIN,10,11,4.21,29,29,0,0,0,0,166.2,178,89,78,24,7,57,121,1.41,.273
Runelvys R Hernandez,KC,8,14,5.52,29,29,0,0,0,0,159.2,172,101,98,18,7,70,88,1.52,.277
Tim T Hudson,ATL,14,9,3.52,29,29,2,0,0,0,192.0,194,79,75,20,9,65,115,1.35,.265
Gil G Meche,SEA,10,8,5.09,29,26,0,0,0,0,143.1,153,92,81,18,2,72,83,1.57,.275
Randy R Messenger,FLA,0,0,5.35,29,0,0,0,0,0,37.0,39,22,22,5,0,30,29,1.86,.273
Brad B Penny,LAD,7,9,3.90,29,29,1,0,0,0,175.1,185,78,76,17,3,41,122,1.29,.270
Tommy T Phelps,MIL,0,2,4.63,29,0,0,0,1,2,23.1,25,12,12,2,2,12,14,1.59,.272
Scott S Proctor,NYY,1,0,6.04,29,1,0,0,0,0,44.2,46,32,30,10,2,17,36,1.41,.257
John J Riedling,FLA,4,1,7.16,29,0,0,0,0,0,27.2,34,23,22,3,1,13,16,1.70,.298
Kirk K Saarloos,OAK,10,9,4.17,29,27,2,1,0,0,159.2,170,75,74,11,11,54,53,1.40,.278
Victor V Santos,MIL,4,13,4.57,29,24,1,0,0,0,141.2,153,87,72,20,5,60,89,1.50,.269
Jason J Schmidt,SF,12,7,4.40,29,29,0,0,0,0,172.0,160,90,84,16,5,85,165,1.42,.246
George G Sherrill,SEA,4,3,5.21,29,0,0,0,0,0,19.0,13,12,11,3,1,7,24,1.05,.194
Doug D Waechter,TB,5,12,5.62,29,25,0,0,0,0,157.0,191,109,98,29,3,38,87,1.46,.298
Jarrod J Washburn,LAA,8,8,3.20,29,29,1,1,0,0,177.1,184,66,63,19,8,51,94,1.33,.274
Jeremy J Accardo,SF,1,5,3.94,28,0,0,0,0,1,29.2,26,13,13,2,1,9,16,1.18,.232
James J Baldwin,BAL,0,2,3.81,28,0,0,0,1,1,56.2,54,28,24,8,3,16,29,1.24,.254
Kris K Benson,NYM,10,8,4.13,28,28,0,0,0,0,174.1,171,86,80,24,4,49,95,1.26,.253
Juan J Cruz,OAK,0,3,7.44,28,0,0,0,0,0,32.2,38,33,27,5,4,22,34,1.84,.290
Elmer E Dessens,LAD,1,2,3.56,28,7,0,0,0,0,65.2,63,30,26,6,1,19,37,1.25,.249
Jimmy J Gobble,KC,1,1,5.70,28,4,0,0,0,0,53.2,64,34,34,9,1,30,38,1.75,.299
Geremi G Gonzalez,BOS,2,1,6.11,28,3,0,0,0,0,56.0,64,39,38,7,2,16,28,1.43,.288
Brad B Halsey,ARI,8,12,4.61,28,26,0,0,0,0,160.0,191,101,82,20,9,39,82,1.44,.300
Matt M Herges,ARI,1,1,7.14,28,0,0,0,0,0,29.0,35,23,23,6,1,12,9,1.62,.304
Joel J Peralta,LAA,1,0,3.89,28,0,0,0,0,0,34.2,28,15,15,6,0,14,30,1.21,.219
Woody W Williams,SD,9,12,4.85,28,28,0,0,0,0,159.2,174,92,86,24,3,51,106,1.41,.275
Jake J Woods,LAA,1,1,4.55,28,0,0,0,0,0,27.2,30,18,14,7,2,8,20,1.37,.270
Mike M Burns,HOU,0,0,4.94,27,0,0,0,0,0,31.0,29,18,17,6,5,8,20,1.19,.238
Shawn S Chacon,NYY,8,10,3.44,27,24,0,0,0,0,151.2,135,59,58,14,14,66,79,1.33,.242
Valerio V De Los Santos,FLA,1,2,6.14,27,0,0,0,0,1,22.0,25,15,15,4,2,12,16,1.68,.281
Dana D Eveland,MIL,1,1,5.97,27,0,0,0,1,2,31.2,40,21,21,2,1,18,23,1.83,.317
Brandon B Medders,ARI,4,1,1.78,27,0,0,0,0,0,30.1,21,6,6,2,1,11,31,1.05,.194
Vicente V Padilla,PHI,9,12,4.71,27,27,0,0,0,0,147.0,146,79,77,22,8,74,103,1.50,.260
Mark M Prior,CHC,11,7,3.67,27,27,1,0,0,0,166.2,143,73,68,25,4,59,188,1.21,.227
Carlos C Silva,MIN,9,8,3.44,27,27,2,0,0,0,188.1,212,83,72,25,3,9,71,1.17,.290
Brandon B Backe,HOU,10,8,4.76,26,25,1,1,0,0,149.1,151,82,79,19,4,67,97,1.46,.263
Scott S Downs,TOR,4,3,4.31,26,13,0,0,0,0,94.0,93,49,45,12,5,34,75,1.35,.253
Troy T Percival,DET,1,3,5.76,26,0,0,0,8,11,25.0,19,16,16,7,2,11,20,1.20,.207
Robinson R Tejeda,PHI,4,3,3.57,26,13,0,0,0,0,85.2,67,36,34,5,8,51,72,1.38,.218
Dave D Bush,TOR,5,11,4.49,25,24,2,0,0,0,136.1,142,73,68,20,13,29,75,1.25,.269
Ted T Lilly,TOR,10,11,5.56,25,25,0,0,0,0,126.1,135,79,78,23,3,58,96,1.53,.272
Matt M Perisho,BOS,2,0,2.57,25,0,0,0,0,0,14.0,13,5,4,1,1,11,10,1.71,.260
Wandy W Rodriguez,HOU,10,10,5.53,25,22,0,0,0,0,128.2,135,82,79,19,8,53,80,1.46,.274
Claudio C Vargas,ARI,9,9,5.24,25,23,0,0,0,0,132.1,146,81,77,25,7,47,95,1.46,.278
Dave D Williams,PIT,10,11,4.41,25,25,1,1,0,0,138.2,137,74,68,20,8,58,88,1.41,.261
Pedro P Astacio,SD,6,10,4.69,24,22,0,0,0,0,126.2,133,66,66,17,2,37,78,1.34,.271
Erik E Bedard,BAL,6,8,4.00,24,24,0,0,0,0,141.2,139,66,63,10,5,57,125,1.38,.260
Adam A Eaton,SD,11,5,4.27,24,22,0,0,0,0,128.2,140,70,61,14,5,44,100,1.43,.275
Clay C Hensley,SD,1,1,1.70,24,1,0,0,0,0,47.2,33,12,9,0,0,17,28,1.05,.195
Orlando O Hernandez,CWS,9,9,5.12,24,22,0,0,1,1,128.1,137,77,73,18,12,50,91,1.46,.275
Randy R Keisler,CIN,2,1,6.27,24,4,0,0,0,0,56.0,64,45,39,10,1,28,43,1.64,.277
Sun- Woo S Kim,COL,6,3,4.90,24,10,1,1,0,0,82.2,97,46,45,10,3,21,55,1.43,.293
Darrell D May,NYY,1,4,6.78,24,9,0,0,0,0,66.1,87,51,50,14,0,23,35,1.66,.315
Franquelis F Osoria,LAD,0,2,3.94,24,0,0,0,0,2,29.2,28,14,13,3,3,8,15,1.21,.259
Juan J Padilla,NYM,3,1,1.49,24,0,0,0,1,2,36.1,24,7,6,0,2,13,17,1.02,.180
Jack J Taschner,SF,2,0,1.59,24,0,0,0,0,1,22.2,15,5,4,0,0,13,19,1.24,.185
C. J. C Wilson,TEX,1,7,6.94,24,6,0,0,1,1,48.0,63,39,37,5,2,18,30,1.69,.321
Ryan R Drese,WSH,7,12,5.78,23,23,1,0,0,0,129.1,162,90,83,8,8,46,46,1.61,.312
Justin J Lehr,MIL,1,1,3.89,23,0,0,0,0,1,34.2,32,19,15,4,1,18,23,1.44,.242
Macay M Mc Bride,ATL,1,0,5.79,23,0,0,0,1,1,14.0,18,11,9,0,0,7,22,1.79,.305
Matt M Miller,CLE,1,0,1.82,23,0,0,0,1,2,29.2,22,6,6,1,3,10,23,1.08,.212
Wes W Obermueller,MIL,1,4,5.26,23,8,0,0,0,0,65.0,74,41,38,7,5,36,33,1.69,.289
Sidney S Ponson,BAL,7,11,6.21,23,23,1,0,0,0,130.1,177,97,90,16,3,48,68,1.73,.331
Ervin E Santana,LAA,12,8,4.65,23,23,1,1,0,0,133.2,139,73,69,17,8,47,99,1.39,.266
Ricky R Stone,CIN,0,0,6.75,23,0,0,0,0,0,30.2,48,24,23,8,2,7,15,1.79,.364
Ezequiel E Astacio,HOU,3,6,5.67,22,14,0,0,0,0,81.0,100,56,51,23,1,25,66,1.54,.301
Manny M Aybar,NYM,0,0,6.04,22,0,0,0,0,1,25.1,31,17,17,4,1,7,27,1.50,.301
Vic V Darensbourg,DET,1,1,2.82,22,0,0,0,0,0,22.1,24,7,7,2,0,7,9,1.39,.282
Juan J Dominguez,TEX,4,6,4.22,22,10,0,0,0,1,70.1,78,37,33,11,2,25,45,1.46,.277
Jason J Grimsley,BAL,1,2,5.73,22,0,0,0,0,3,22.0,24,15,14,5,0,9,10,1.50,.289
Rich R Harden,OAK,10,5,2.53,22,19,2,1,0,0,128.0,93,42,36,7,2,43,121,1.06,.201
Russ R Ortiz,ARI,5,11,6.89,22,22,0,0,0,0,115.0,147,92,88,18,4,65,46,1.84,.313
Ben B Sheets,MIL,10,9,3.33,22,22,3,0,0,0,156.2,142,66,58,19,2,25,141,1.07,.237
Ryan R Speier,COL,2,1,3.65,22,0,0,0,0,1,24.2,26,12,10,0,1,13,10,1.58,.277
Todd T Wellemeyer,CHC,2,1,6.12,22,0,0,0,1,1,32.1,32,23,22,7,0,22,32,1.67,.264
Jerome J Williams,CHC,6,10,4.26,22,20,0,0,0,0,122.2,119,62,58,14,10,49,70,1.37,.262
Wilson W Alvarez,LAD,1,4,5.63,21,2,0,0,0,0,24.0,31,15,15,7,0,7,16,1.58,.316
D. J. D Carrasco,KC,6,8,4.79,21,20,1,0,0,0,114.2,129,67,61,11,6,51,49,1.57,.289
Kyle K Davies,ATL,7,6,4.93,21,14,0,0,0,1,87.2,98,51,48,8,1,49,62,1.68,.280
Shawn S Estes,ARI,7,8,4.80,21,21,2,0,0,0,123.2,132,70,66,15,4,45,63,1.43,.280
Brad B Hennessey,SF,5,8,4.64,21,21,0,0,0,0,118.1,127,63,61,15,4,52,64,1.51,.276
Sergio S Mitre,CHC,2,5,5.37,21,7,1,1,0,0,60.1,62,37,36,11,3,23,37,1.41,.261
Aaron A Sele,SEA,6,12,5.66,21,21,1,1,0,0,116.0,147,76,73,18,5,41,53,1.62,.315
Kerry K Wood,CHC,3,4,4.23,21,10,0,0,0,0,66.0,52,32,31,14,2,26,77,1.18,.215
Dewon D Brazelton,TB,1,8,7.61,20,8,0,0,0,1,71.0,87,65,60,12,4,60,43,2.07,.307
Jaime J Cerda,KC,1,4,6.63,20,0,0,0,0,1,19.0,21,14,14,3,0,11,18,1.68,.284
Doug D Creek,DET,0,0,6.85,20,0,0,0,0,0,22.1,27,18,17,7,0,7,18,1.52,.293
Jason J Jennings,COL,6,9,5.02,20,20,1,0,0,0,122.0,130,73,68,11,5,62,75,1.57,.274
Steve S Karsay,TEX,0,1,7.06,20,0,0,0,0,0,21.2,36,19,17,2,0,7,14,1.98,.371
Brandon B League,TOR,1,0,6.56,20,0,0,0,0,0,35.2,42,27,26,8,2,20,17,1.74,.302
Oliver O Pérez Perez,PIT,7,5,5.85,20,20,0,0,0,0,103.0,102,68,67,23,6,70,97,1.67,.264
Kirk K Rueter,SF,2,7,5.95,20,18,0,0,0,0,107.1,131,78,71,12,1,47,25,1.66,.305
Tony T Armas,WSH,7,7,4.97,19,19,0,0,0,0,101.1,100,57,56,16,5,54,59,1.52,.258
Cliff C Bartosh,CHC,0,2,5.49,19,0,0,0,0,0,19.2,23,13,12,7,2,11,15,1.73,.307
Scott S Erickson,LAD,1,4,6.02,19,8,0,0,0,0,55.1,62,37,37,12,4,25,15,1.57,.288
Roy R Halladay,TOR,12,4,2.41,19,19,5,2,0,0,141.2,118,39,38,11,7,18,108,0.96,.225
Luke L Hudson,CIN,6,9,6.38,19,16,0,0,0,0,84.2,83,62,60,14,11,50,53,1.57,.268
Kaz K Ishii,NYM,3,9,5.14,19,16,0,0,0,0,91.0,87,59,52,13,3,49,53,1.49,.257
Dan D Miceli,COL,1,2,5.89,19,0,0,0,0,2,18.1,19,12,12,1,1,13,19,1.75,.271
Blaine B Neal,COL,1,3,7.15,19,0,0,0,0,2,22.2,35,19,18,4,0,12,11,2.07,.372
Hideo H Nomo,TB,5,8,7.24,19,19,0,0,0,0,100.2,127,82,81,16,2,51,59,1.77,.314
Odalis O Perez,LAD,7,8,4.56,19,19,0,0,0,0,108.2,109,59,55,13,0,28,74,1.26,.262
Sean S Douglass,DET,5,5,5.56,18,16,0,0,0,0,87.1,92,57,54,13,2,33,55,1.43,.276
Nick N Regilio,TEX,1,2,4.58,18,0,0,0,0,2,17.2,22,10,9,2,1,7,14,1.64,.297
Chien- Ming C Wang,NYY,8,5,4.02,18,17,0,0,0,0,116.1,113,58,52,9,6,32,47,1.25,.256
Jose J Capellan,MIL,1,1,2.87,17,0,0,0,0,0,15.2,17,6,5,1,0,5,14,1.40,.293
Zach Z Day,COL,1,3,6.85,17,8,0,0,0,1,47.1,61,40,36,6,1,32,23,1.96,.314
Jonathan J Papelbon,BOS,3,1,2.65,17,3,0,0,0,1,34.0,33,11,10,4,3,17,34,1.47,.260
Carl C Pavano,NYY,4,6,4.77,17,17,1,1,0,0,100.0,129,66,53,17,8,18,56,1.47,.315
Bobby B Seay,COL,0,0,8.49,17,0,0,0,0,1,11.2,18,11,11,3,0,8,11,2.23,.367
John J Thomson,ATL,4,6,4.47,17,17,1,0,0,0,98.2,111,52,49,6,2,28,61,1.41,.284
Jason J Vargas,FLA,5,5,4.03,17,13,1,0,0,0,73.2,71,34,33,4,4,31,59,1.38,.249
Scott S Williamson,CHC,0,0,5.65,17,0,0,0,0,0,14.1,15,9,9,3,2,6,23,1.47,.273
Terry T Adams,PHI,0,2,12.83,16,0,0,0,0,1,13.1,25,19,19,3,4,10,4,2.63,.403
Kevin K Correia,SF,2,5,4.63,16,11,0,0,0,0,58.1,61,31,30,12,4,31,44,1.58,.274
Kelvim K Escobar,LAA,3,2,3.02,16,7,0,0,1,1,59.2,45,21,20,4,2,21,63,1.11,.207
Wade W Miller,BOS,4,4,4.95,16,16,0,0,0,0,91.0,96,53,50,8,3,47,64,1.57,.267
Erasmo E Ramirez,TEX,0,0,3.91,16,0,0,0,0,1,23.0,24,10,10,3,2,3,6,1.17,.273
Joe J Valentine,CIN,0,1,8.16,16,0,0,0,0,1,14.1,18,15,13,4,2,11,9,2.02,.295
Jason J Bergmann,WSH,2,0,2.75,15,1,0,0,0,0,19.2,14,6,6,1,2,11,21,1.27,.200
Fernando F Cabrera,CLE,2,1,1.47,15,0,0,0,0,0,30.2,24,7,5,1,0,11,29,1.14,.212
Kane K Davis,MIL,1,1,2.70,15,0,0,0,0,2,16.2,10,6,5,2,0,10,11,1.20,.167
Octavio O Dotel,OAK,1,2,3.52,15,0,0,0,7,11,15.1,10,6,6,2,0,11,16,1.37,.185
Eric E Du Bose,BAL,2,3,5.52,15,3,0,0,0,0,29.1,28,21,18,4,1,19,17,1.60,.243
Gary G Glover,MIL,5,4,5.57,15,11,0,0,0,0,64.2,74,41,40,10,2,20,58,1.45,.288
Rick R Helling,MIL,3,1,2.39,15,7,0,0,0,0,49.0,39,13,13,2,2,18,42,1.16,.219
J. P. J Howell,KC,3,5,6.19,15,15,0,0,0,0,72.2,73,55,50,9,6,39,54,1.54,.264
Jon J Rauch,WSH,2,4,3.60,15,1,0,0,0,0,30.0,24,12,12,3,1,11,23,1.17,.218
Chris C Resop,FLA,2,0,8.47,15,0,0,0,0,0,17.0,22,16,16,1,1,9,15,1.82,.324
Royce R Ring,NYM,0,2,5.06,15,0,0,0,0,0,10.2,10,6,6,0,0,10,8,1.88,.250
Aaron A Small,NYY,10,0,3.20,15,9,1,1,0,1,76.0,71,27,27,4,5,24,37,1.25,.250
Ian I Snell,PIT,1,2,5.14,15,5,0,0,0,0,42.0,43,25,24,5,1,24,34,1.60,.267
Tim T Stauffer,SD,3,6,5.33,15,14,0,0,0,0,81.0,92,50,48,10,2,29,49,1.49,.286
Craig C Breslow,SD,0,0,2.20,14,0,0,0,0,0,16.1,15,6,4,1,1,13,14,1.71,.238
Jonathan J Broxton,LAD,1,0,5.93,14,0,0,0,0,1,13.2,13,11,9,0,1,12,22,1.83,.245
Zach Z Duke,PIT,8,2,1.81,14,14,0,0,0,0,84.2,79,20,17,3,2,23,58,1.20,.253
Eric E Gagne,LAD,1,0,2.70,14,0,0,0,8,8,13.1,10,4,4,2,0,3,22,0.98,.200
Matt M Ginter,DET,0,1,6.17,14,1,0,0,0,0,35.0,49,25,24,6,2,9,15,1.66,.340
Travis T Hughes,WSH,1,1,5.54,14,0,0,0,0,1,13.0,18,8,8,4,1,8,8,2.00,.333
John J Parrish,BAL,1,0,3.12,14,0,0,0,0,0,17.1,19,6,6,1,0,17,25,2.08,.279
Jae Weong J Seo,NYM,8,2,2.59,14,14,1,0,0,0,90.1,84,26,26,9,1,16,59,1.11,.251
Ismael I Valdez,FLA,2,2,5.33,14,7,0,0,0,0,50.2,64,32,30,6,5,22,27,1.70,.314
Mike M Adams,MIL,0,1,2.70,13,0,0,0,1,2,13.1,12,4,4,2,0,10,14,1.65,.235
Kevin K Brown,NYY,4,7,6.50,13,13,0,0,0,0,73.1,107,57,53,5,7,19,50,1.72,.341
Aaron A Cook,COL,7,2,3.67,13,13,2,0,0,0,83.1,101,38,34,8,2,16,24,1.40,.301
Wayne W Franklin,NYY,0,1,6.39,13,0,0,0,0,3,12.2,11,12,9,1,1,8,10,1.50,.239
Mike M Gosling,ARI,0,3,4.45,13,5,0,0,0,0,32.1,40,20,16,2,0,19,14,1.82,.301
Dustin D Mc Gowan,TOR,1,3,6.35,13,7,0,0,0,0,45.1,49,34,32,7,7,17,34,1.46,.277
Kyle K Snyder,KC,1,3,6.75,13,3,0,0,0,0,36.0,55,29,27,3,1,10,19,1.81,.353
T. J. T Tucker,WSH,1,0,6.39,13,0,0,0,0,0,12.2,20,9,9,4,0,2,5,1.74,.370
Randy R Wolf,PHI,6,4,4.39,13,13,0,0,0,0,80.0,87,40,39,14,6,26,61,1.41,.282
Jaret J Wright,NYY,5,5,6.08,13,13,0,0,0,0,63.2,81,51,43,8,6,32,34,1.77,.313
Matt M Anderson,COL,0,0,12.60,12,0,0,0,0,0,10.0,19,17,14,3,2,11,4,3.00,.404
Mike M Hampton,ATL,5,3,3.50,12,12,1,1,0,0,69.1,74,28,27,5,0,18,27,1.33,.281
Felix F Hernández Hernandez,SEA,4,4,2.67,12,12,0,0,0,0,84.1,61,26,25,5,2,23,77,1.00,.203
Brandon B Mc Carthy,CWS,3,2,4.03,12,10,0,0,0,0,67.0,62,30,30,13,2,17,48,1.18,.242
Ricardo R Rodriguez,TEX,2,3,5.53,12,10,0,0,0,0,57.0,67,39,35,11,1,17,24,1.47,.289
Travis T Smith,FLA,0,0,6.75,12,0,0,0,0,0,10.2,17,8,8,1,0,5,9,2.06,.370
Jonah J Bayliss,KC,0,0,4.63,11,0,0,0,0,0,11.2,7,6,6,2,2,4,10,0.94,.167
Scott S Cassidy,SD,1,1,8.31,11,0,0,0,0,0,13.0,19,13,12,3,0,3,12,1.69,.345
Jason J Davis,CLE,4,2,4.69,11,4,0,0,0,0,40.1,44,22,21,4,3,20,32,1.59,.282
Ron R Flores,OAK,0,0,1.04,11,0,0,0,0,0,8.2,8,1,1,1,0,0,6,0.92,.235
Chad C Fox,CHC,0,0,6.75,11,0,0,0,1,1,8.0,8,6,6,2,0,8,11,2.00,.276
Josh J Hancock,CIN,1,0,1.93,11,0,0,0,0,0,14.0,11,4,3,1,0,1,5,0.86,.208
Jeff J Harris,SEA,2,5,4.19,11,8,0,0,0,0,53.2,48,27,25,9,3,20,25,1.27,.238
Aquilino A Lopez,PHI,0,1,2.16,11,0,0,0,0,0,16.2,16,5,4,2,0,7,22,1.38,.250
Allan A Simpson,CIN,0,1,12.27,11,0,0,0,0,1,7.1,6,10,10,1,1,8,6,1.91,.231
Oscar O Villarreal,ARI,2,0,5.27,11,0,0,0,0,2,13.2,11,8,8,2,1,6,5,1.24,.234
Scott S Baker,MIN,3,3,3.35,10,9,0,0,0,0,53.2,48,21,20,5,0,14,32,1.16,.241
Buddy B Carlyle,LAD,0,0,8.36,10,0,0,0,0,1,14.0,16,13,13,4,1,4,13,1.43,.291
Tim T Corcoran,TB,0,0,5.96,10,1,0,0,0,0,22.2,19,15,15,1,1,12,13,1.37,.226
Manny M Delcarmen,BOS,0,0,3.00,10,0,0,0,0,0,9.0,8,3,3,0,1,7,9,1.67,.242
Brian B Falkenborg,SD,0,0,8.18,10,0,0,0,0,0,11.0,17,11,10,2,0,5,10,2.00,.347
Rich R Hill,CHC,0,2,9.13,10,4,0,0,0,0,23.2,25,24,24,3,1,17,21,1.77,.260
Wilfredo W Ledezma,DET,2,4,7.07,10,10,0,0,0,0,49.2,61,46,39,10,2,24,30,1.71,.303
John J Maine,BAL,2,3,6.30,10,8,0,0,0,0,40.0,39,30,28,8,1,24,24,1.58,.248
Aaron A Rakers,BAL,1,0,3.29,10,0,0,0,0,0,13.2,11,5,5,3,0,3,11,1.02,.220
Tim T Redding,NYY,0,6,10.57,10,7,0,0,0,0,30.2,44,41,36,7,2,17,19,1.99,.341
Chin-hui C Tsao,COL,1,0,6.55,10,0,0,0,3,4,11.0,16,8,8,3,1,5,4,1.91,.333
Ben B Weber,CIN,0,0,8.03,10,0,0,0,0,0,12.1,20,11,11,0,1,9,8,2.35,.364
Jason J Bulger,ARI,1,0,5.40,9,0,0,0,0,0,10.0,14,6,6,1,0,5,9,1.90,.333
R. A. R Dickey,TEX,1,2,6.67,9,4,0,0,0,0,29.2,29,23,22,4,2,17,15,1.55,.254
Ryan R Jensen,KC,3,2,7.11,9,3,0,0,0,1,25.1,31,20,20,4,2,7,18,1.50,.298
Hung- Chih H Kuo,LAD,0,1,6.75,9,0,0,0,0,1,5.1,5,4,4,1,0,5,10,1.88,.238
Al A Levine,SF,0,0,9.58,9,0,0,0,0,0,10.1,16,11,11,2,0,4,4,1.94,.340
Kevin K Walker,CWS,0,1,9.00,9,0,0,0,0,1,7.0,10,7,7,1,0,5,5,2.14,.333
Paul P Wilson,CIN,1,5,7.77,9,9,0,0,0,0,46.1,68,41,40,10,4,17,30,1.83,.343
Rob R Bell,TB,1,1,8.28,8,3,0,0,0,0,25.0,41,25,23,7,2,12,13,2.12,.360
Travis T Bowyer,MIN,0,1,5.59,8,0,0,0,0,1,9.2,10,6,6,3,1,3,12,1.34,.270
Randy R Choate,ARI,0,0,9.00,8,0,0,0,0,0,7.0,8,7,7,0,1,5,4,1.86,.276
Brian B Cooper,SF,0,1,3.06,8,1,0,0,0,0,17.2,15,6,6,0,0,8,7,1.30,.234
Chris C Demaria,KC,1,0,9.00,8,0,0,0,0,0,9.0,14,10,9,3,0,5,11,2.11,.359
Lenny L Di Nardo,BOS,0,1,1.84,8,1,0,0,0,0,14.2,13,6,3,1,0,5,15,1.23,.236
Scott S Feldman,TEX,0,1,0.96,8,0,0,0,0,0,9.1,9,1,1,0,0,2,4,1.18,.257
Tim T Harikkala,OAK,0,0,6.39,8,0,0,0,0,0,12.2,16,9,9,3,0,4,7,1.58,.308
Joe J Horgan,WSH,0,0,21.00,8,0,0,0,0,0,6.0,19,15,14,0,1,4,5,3.83,.514
Hayden H Penn,BAL,3,2,6.34,8,8,0,0,0,0,38.1,46,30,27,6,0,21,18,1.75,.295
Denny D Bautista,KC,2,2,5.80,7,7,0,0,0,0,35.2,36,23,23,2,2,17,23,1.49,.259
Joe J Beimel,TB,0,0,3.27,7,0,0,0,0,0,11.0,15,4,4,1,0,4,3,1.73,.319
Matt M Cain,SF,2,1,2.33,7,7,1,0,0,0,46.1,24,12,12,4,0,19,30,0.93,.151
Brandon B Duckworth,HOU,0,1,11.02,7,2,0,0,0,0,16.1,24,20,20,4,5,7,10,1.90,.348
Nate N Field,KC,0,0,9.45,7,0,0,0,0,0,6.2,13,7,7,1,0,5,4,2.70,.433
Gavin G Floyd,PHI,1,2,10.04,7,4,0,0,0,0,26.0,30,31,29,5,3,16,17,1.77,.283
Edwin E Jackson,LAD,2,2,6.28,7,6,0,0,0,0,28.2,31,22,20,2,1,17,13,1.67,.272
Anthony A Lerew,ATL,0,0,5.63,7,0,0,0,0,1,8.0,9,5,5,1,0,5,5,1.75,.290
Kerry K Ligtenberg,ARI,0,0,13.97,7,0,0,0,0,0,9.2,16,15,15,4,0,4,5,2.07,.364
C. J. C Nitkowski,WSH,0,0,8.10,7,0,0,0,0,0,3.1,5,3,3,0,0,2,2,2.10,.357
Matt M Riley,TEX,1,0,9.95,7,0,0,0,0,0,12.2,16,14,14,2,1,10,4,2.05,.320
Rafael R Soriano,SEA,0,0,2.45,7,0,0,0,0,0,7.1,6,2,2,0,1,1,9,0.95,.222
Amaury A Telemaco,PHI,0,1,4.22,7,0,0,0,0,0,10.2,5,5,5,2,0,4,8,0.84,.139
Jorge J Vasquez,ATL,1,0,3.00,7,0,0,0,0,0,9.0,11,4,3,2,0,5,9,1.78,.297
Armando A Almanza,ARI,0,0,2.25,6,0,0,0,0,1,4.0,5,1,1,1,0,3,2,2.00,.313
Carlos C Almanzar,TEX,0,0,14.40,6,0,0,0,0,0,5.0,10,8,8,2,1,7,3,3.40,.435
Brian B Anderson,KC,1,2,6.75,6,6,0,0,0,0,30.2,39,24,23,7,0,4,17,1.40,.305
Scott S Atchison,SEA,0,0,6.75,6,0,0,0,0,0,6.2,7,5,5,1,0,1,9,1.20,.269
Eude E Brito,PHI,1,2,3.68,6,5,0,0,0,0,22.0,20,9,9,2,2,11,15,1.41,.250
Carmen C Cali,STL,0,0,10.50,6,0,0,0,0,0,6.0,10,8,7,3,0,6,5,2.67,.385
Tim T Hamulack,NYM,0,0,23.14,6,0,0,0,0,0,2.1,7,6,6,3,0,1,2,3.43,.583
Greg G Jones,LAA,0,0,6.75,6,0,0,0,0,0,5.1,7,4,4,2,0,2,6,1.69,.318
Jon J Leicester,CHC,0,2,9.00,6,1,0,0,0,0,9.0,11,10,9,2,2,9,7,2.22,.324
Francisco F Liriano,MIN,1,2,5.70,6,4,0,0,0,0,23.2,19,15,15,4,0,7,33,1.10,.221
Paul P Maholm,PIT,3,1,2.18,6,6,0,0,0,0,41.1,31,10,10,2,3,17,26,1.16,.209
Mike M Matthews,NYM,1,0,10.80,6,0,0,0,0,0,5.0,9,6,6,0,0,4,2,2.60,.429
Elizardo E Ramirez,CIN,0,3,8.46,6,4,0,0,0,0,22.1,33,22,21,5,2,10,9,1.93,.344
Steve S Stemle,KC,0,0,5.06,6,0,0,0,0,0,10.2,10,6,6,0,0,4,9,1.31,.256
Steve S Trachsel,NYM,1,4,4.14,6,6,0,0,0,0,37.0,37,20,17,6,1,12,24,1.32,.264
Jermaine J Van Buren,CHC,0,2,3.00,6,0,0,0,0,0,6.0,2,2,2,0,0,9,3,1.83,.118
Edinson E Vólquez Volquez,TEX,0,4,14.21,6,3,0,0,0,0,12.2,25,22,20,3,2,10,11,2.76,.403
Gabe G White,STL,0,0,2.16,6,0,0,0,0,0,8.1,14,2,2,1,0,1,1,1.80,.378
Jon J Adkins,CWS,0,1,8.64,5,0,0,0,0,0,8.1,13,8,8,0,1,4,1,2.04,.351
Rick R Bauer,BAL,0,0,9.72,5,0,0,0,0,0,8.1,13,9,9,2,0,4,5,2.04,.361
Chris C Bootcheck,LAA,0,1,3.38,5,2,0,0,1,1,18.2,19,7,7,1,0,4,8,1.23,.257
Joey J Devine,ATL,0,1,12.60,5,0,0,0,0,0,5.0,6,7,7,2,0,5,3,2.20,.286
Lee L Gardner,TB,0,0,4.91,5,0,0,0,0,0,7.1,12,9,4,2,0,2,4,1.91,.353
Chad C Gaudin,TOR,1,3,13.15,5,3,0,0,0,0,13.0,31,19,19,6,1,6,12,2.85,.470
Ryan R Glynn,OAK,0,4,6.88,5,3,0,0,0,0,17.0,24,16,13,5,0,7,15,1.82,.320
Tyler T Johnson,STL,0,0,0.00,5,0,0,0,0,1,2.2,3,0,0,0,0,3,4,2.25,.300
Jimmy J Journell,STL,0,1,10.38,5,0,0,0,0,0,4.1,6,6,5,1,0,5,5,2.54,.333
Matt M Kinney,SF,2,0,6.00,5,1,0,0,0,1,12.0,18,8,8,2,1,6,3,2.00,.383
Pedro P Liriano,PHI,0,0,10.57,5,0,0,0,0,0,7.2,10,11,9,3,1,6,6,2.09,.313
Shaun S Marcum,TOR,0,0,0.00,5,0,0,0,0,0,8.0,6,0,0,0,0,4,4,1.25,.214
Franklin F Nunez,TB,1,0,10.80,5,0,0,0,0,0,5.0,5,6,6,0,0,4,2,1.80,.278
Scott S Olsen,FLA,1,1,3.98,5,4,0,0,0,0,20.1,21,13,9,5,0,10,21,1.52,.259
Chris C Oxspring,SD,0,0,3.75,5,0,0,0,0,0,12.0,9,8,5,2,0,6,11,1.25,.225
Jay J Powell,ATL,0,0,0.00,5,0,0,0,0,0,3.1,1,0,0,0,0,4,1,1.50,.091
Bill B Pulsipher,STL,0,0,6.75,5,0,0,0,0,0,4.0,5,3,3,0,0,2,1,1.75,.357
Darrell D Rasner,WSH,0,1,3.68,5,1,0,0,0,0,7.1,5,3,3,0,2,2,4,0.95,.192
Scott S Strickland,HOU,0,0,6.75,5,0,0,0,0,0,4.0,4,3,3,2,0,0,2,1.00,.250
Jeff J Bajenaru,CWS,0,0,6.23,4,0,0,0,0,0,4.1,4,3,3,2,0,0,3,0.92,.222
Chad C Bentz,FLA,0,0,31.50,4,0,0,0,0,0,2.0,8,7,7,2,0,0,0,4.00,.571
Ryan R Bukvich,TEX,0,0,11.25,4,0,0,0,0,0,4.0,2,5,5,0,0,6,4,2.00,.167
Matt M Capps,PIT,0,0,4.50,4,0,0,0,0,0,4.0,5,2,2,0,1,0,3,1.25,.333
Jim J Crowell,FLA,0,0,21.60,4,0,0,0,0,0,3.1,10,8,8,1,2,0,2,3.00,.526
Craig C Hansen,BOS,0,0,6.00,4,0,0,0,0,1,3.0,6,2,2,1,0,1,3,2.33,.429
Kevin K Jarvis,STL,0,1,13.50,4,0,0,0,0,1,3.1,3,5,5,1,2,3,2,1.80,.250
Josh J Johnson,FLA,0,0,3.65,4,1,0,0,0,0,12.1,11,5,5,0,1,10,10,1.70,.256
John J Koronka,CHC,1,2,7.47,4,3,0,0,0,0,15.2,19,13,13,2,0,8,10,1.72,.284
Tom T Martin,ATL,0,0,19.29,4,0,0,0,0,0,2.1,6,5,5,1,0,2,0,3.43,.500
Antonio A Osuna,WSH,0,0,42.43,4,0,0,0,0,0,2.1,9,11,11,2,0,7,0,6.86,.600
Anthony A Reyes,STL,1,1,2.70,4,1,0,0,0,0,13.1,6,4,4,2,0,4,12,0.75,.133
Josh J Rupe,TEX,1,0,2.79,4,1,0,0,0,0,9.2,7,4,3,0,2,4,6,1.14,.219
Jose J Santiago,NYM,0,0,3.18,4,0,0,0,0,0,5.2,10,2,2,0,1,2,3,2.12,.417
Derek D Thompson,LAD,0,0,3.50,4,3,0,0,0,0,18.0,16,7,7,0,0,10,13,1.44,.258
Jason J Anderson,NYY,1,0,7.94,3,0,0,0,0,0,5.2,4,5,5,0,0,7,2,1.94,.200
Chris C Booker,CIN,0,0,31.50,3,0,0,0,0,0,2.0,6,8,7,2,0,4,2,5.00,.545
Santiago S Casilla,OAK,0,0,3.00,3,0,0,0,0,0,3.0,2,1,1,0,0,1,1,1.00,.182
Matt M Childers,ATL,0,0,4.50,3,0,0,0,0,0,4.0,5,2,2,1,1,3,2,2.00,.294
Jorge J De Paula,NYY,0,0,8.10,3,0,0,0,0,0,6.2,8,6,6,2,0,3,3,1.65,.296
Mike M Esposito,COL,0,2,6.75,3,3,0,0,0,0,14.2,21,11,11,3,0,9,5,2.05,.333
Seth S Etherton,OAK,1,1,6.62,3,3,0,0,0,0,17.2,16,13,13,4,0,5,10,1.19,.235
Jesse J Foppert,SF,0,0,5.23,3,2,0,0,0,0,10.1,11,7,6,2,1,13,6,2.32,.297
Tom T Gorzelanny,PIT,0,1,12.00,3,1,0,0,0,0,6.0,10,8,8,1,0,3,3,2.17,.357
Jason J Grilli,DET,1,1,3.38,3,2,0,0,0,0,16.0,14,6,6,1,0,6,5,1.25,.255
Sean S Henn,NYY,0,3,11.12,3,3,0,0,0,0,11.1,18,16,14,3,0,11,3,2.56,.360
Felix F Heredia,NYM,0,0,0.00,3,0,0,0,0,0,2.2,1,0,0,0,1,1,2,0.75,.125
Jason J Karnuth,DET,0,0,5.40,3,0,0,0,0,0,1.2,2,1,1,0,0,0,0,1.20,.286
Logan L Kensing,FLA,0,0,11.12,3,0,0,0,0,0,5.2,11,7,7,2,0,3,4,2.47,.407
Cla C Meredith,BOS,0,0,27.00,3,0,0,0,0,0,2.1,6,7,7,1,1,4,0,4.29,.462
Clint C Nageotte,SEA,0,0,6.75,3,0,0,0,0,0,4.0,6,3,3,0,1,1,1,1.75,.353
Dustin D Nippert,ARI,1,0,5.52,3,3,0,0,0,0,14.2,10,9,9,1,1,13,11,1.57,.185
Bret B Prinz,LAA,0,1,3.00,3,0,0,0,0,0,3.0,4,1,1,1,0,1,1,1.67,.308
Brandon B Puffer,SF,0,0,10.29,3,0,0,0,0,0,7.0,9,8,8,2,0,2,1,1.57,.310
Michael M Tejera,TEX,0,0,13.50,3,0,0,0,0,0,2.0,5,3,3,1,1,1,2,3.00,.455
Mark M Woodyard,DET,0,0,1.50,3,0,0,0,0,0,6.0,4,1,1,1,0,0,3,0.67,.182
Abe A Alvarez,BOS,0,0,15.43,2,0,0,0,0,0,2.1,6,4,4,1,0,0,1,2.57,.462
Jorge J Campillo,SEA,0,0,0.00,2,1,0,0,0,0,2.0,1,0,0,0,0,1,1,1.00,.125
Dave D Gassner,MIN,1,0,5.87,2,2,0,0,0,0,7.2,9,7,5,1,0,1,2,1.30,.281
Andrew A Good,DET,0,0,5.40,2,0,0,0,0,0,5.0,4,3,3,1,0,1,7,1.00,.211
Alex A Graman,NYY,0,0,13.50,2,0,0,0,0,0,1.1,3,2,2,1,0,2,0,3.75,.429
Chuck C James,ATL,0,0,1.59,2,0,0,0,0,0,5.2,4,1,1,0,0,3,5,1.24,.200
Britt B Reames,OAK,0,0,9.53,2,0,0,0,0,0,5.2,10,6,6,2,1,2,4,2.12,.400
David D Sanders,CWS,0,0,13.50,2,0,0,0,0,0,2.0,3,3,3,1,0,1,1,2.00,.375
Joe J Saunders,LAA,0,0,7.71,2,2,0,0,0,0,9.1,10,8,8,3,0,4,4,1.50,.270
Jon J Switzer,TB,0,0,6.75,2,0,0,0,0,0,4.0,5,4,3,0,0,7,5,3.00,.278
Brian B Tallet,CLE,0,0,7.71,2,0,0,0,0,0,4.2,6,4,4,2,1,3,2,1.93,.300
Justin J Thompson,TEX,0,0,21.60,2,0,0,0,0,0,1.2,4,4,4,2,0,0,1,2.40,.444
Justin J Verlander,DET,0,2,7.15,2,2,0,0,0,0,11.1,15,9,9,1,1,5,7,1.76,.313
Adam A Wainwright,STL,0,0,13.50,2,0,0,0,0,0,2.0,2,3,3,1,0,1,0,1.50,.250
Matt M Whiteside,TOR,0,0,19.64,2,0,0,0,0,0,3.2,6,8,8,3,1,5,5,3.00,.353
Yorman Y Bazardo,FLA,0,0,21.60,1,0,0,0,0,0,1.2,5,5,4,0,0,2,2,4.20,.500
Colter C Bean,NYY,0,0,4.50,1,0,0,0,0,0,2.0,1,1,1,0,0,2,2,1.50,.143
Frank F Brooks,ATL,0,0,0.00,1,0,0,0,0,0,0.1,1,0,0,0,0,0,0,3.00,1.000
Bryan B Bullington,PIT,0,0,13.50,1,0,0,0,0,0,1.1,1,2,2,0,1,1,1,1.50,.250
Sean S Burroughs,SD,0,0,27.00,1,0,0,0,0,0,1.0,4,3,3,1,0,0,0,4.00,.571
Frank F Castillo,FLA,0,1,10.38,1,1,0,0,0,0,4.1,4,5,5,0,0,5,4,2.08,.235
Travis T Driskill,HOU,0,0,0.00,1,0,0,0,0,0,1.0,1,0,0,0,0,0,2,1.00,.250
Edgar E Gonzalez,ARI,0,0,108.00,1,0,0,0,0,0,0.1,2,4,4,1,0,2,1,12.00,.667
Seth S Greisinger,ATL,0,0,3.60,1,1,0,0,0,0,5.0,7,2,2,1,0,1,2,1.60,.350
Jeremy J Guthrie,CLE,0,0,6.00,1,0,0,0,0,0,6.0,9,4,4,2,0,2,3,1.83,.360
Mike M Johnston,PIT,0,0,36.00,1,0,0,0,0,0,1.0,4,4,4,2,0,0,2,4.00,.571
Masao M Kida,SEA,0,0,4.50,1,0,0,0,0,0,2.0,2,1,1,1,0,0,0,1.00,.250
Bobby B Madritsch,SEA,0,1,6.23,1,1,0,0,0,0,4.1,4,3,3,1,0,1,1,1.15,.235
Ramiro R Mendoza,NYY,0,0,18.00,1,0,0,0,0,0,1.0,2,2,2,1,0,0,1,2.00,.400
Justin J Miller,TOR,0,0,15.43,1,0,0,0,0,0,2.1,5,4,4,3,0,0,2,2.14,.417
Kazuhito K Tadano,CLE,0,0,2.25,1,0,0,0,0,0,4.0,4,1,1,0,0,0,1,1.00,.250
John J Webb,TB,0,1,18.00,1,1,0,0,0,0,4.0,6,8,8,1,1,4,2,2.50,.333
Matt M White,WSH,0,1,9.00,1,1,0,0,0,0,4.0,4,4,4,0,1,3,3,1.75,.267
