PLAYER,TEAM,W,L,ERA,GS,CG,SHO,SV,SVO,IP,H,R,ER,HR,HB,BB,SO,WHIP,AVG
Steve S Kline,STL,3,3,1.80,89,0,0,0,9,9,75.0,53,16,15,3,4,29,54,1.09,.203
Graeme G Lloyd,MON,9,5,4.35,84,0,0,0,1,1,70.1,74,38,34,6,6,21,44,1.35,.272
Jeff J Fassero,CHC,4,4,3.42,82,0,0,0,12,12,73.2,66,31,28,6,1,23,79,1.21,.235
Ray R King,MIL,0,4,3.60,82,0,0,0,1,1,55.0,49,22,22,5,1,25,49,1.35,.241
Paul P Quantrill,TOR,11,2,3.04,80,0,0,0,2,2,83.0,86,29,28,6,6,12,58,1.18,.274
Felix F Rodriguez,SF,9,1,1.68,80,0,0,0,0,0,80.1,53,16,15,5,1,27,91,1.00,.188
David D Weathers,CHC,4,5,2.41,80,0,0,0,4,4,86.0,65,24,23,6,3,34,66,1.15,.216
Robb R Nen,SF,4,5,3.01,79,0,0,0,45,45,77.2,58,28,26,6,1,22,93,1.03,.203
Scott S Sullivan,CIN,7,1,3.31,79,0,0,0,0,0,103.1,94,44,38,10,8,36,82,1.26,.243
Byung- Hyun B Kim,ARI,5,6,2.94,78,0,0,0,19,19,98.0,58,32,32,10,8,44,113,1.04,.173
Jeff J Shaw,LA,3,5,3.62,77,0,0,0,43,43,74.2,63,32,30,10,2,18,58,1.08,.227
Scott S Strickland,MON,2,6,3.21,77,0,0,0,9,9,81.1,67,36,29,9,4,41,85,1.33,.222
Kyle K Farnsworth,CHC,4,6,2.74,76,0,0,0,2,2,82.0,65,26,25,8,1,29,107,1.15,.213
Mike M Stanton,NYY,9,4,2.58,76,0,0,0,0,0,80.1,80,25,23,4,4,29,78,1.36,.263
Mike M De Jean,MIL,4,2,2.77,75,0,0,0,2,2,84.1,75,31,26,4,9,39,68,1.35,.236
Matt M Herges,LA,9,8,3.44,75,0,0,0,1,1,99.1,97,39,38,8,8,46,76,1.44,.259
Steve S Karsay,ATL,3,5,2.35,74,0,0,0,8,8,88.0,73,27,23,5,1,25,83,1.11,.228
Jay J Powell,COL,5,3,3.24,74,0,0,0,7,7,75.0,75,36,27,9,2,31,54,1.41,.260
Mike M Remlinger,ATL,3,3,2.76,74,0,0,0,1,1,75.0,67,25,23,9,2,23,93,1.20,.234
Armando A Benitez,NYM,6,4,3.77,73,0,0,0,43,43,76.1,59,32,32,12,1,40,93,1.30,.214
Jason J Grimsley,KC,1,5,3.02,73,0,0,0,0,0,80.1,71,32,27,8,2,28,61,1.23,.241
Mike M Myers,COL,2,3,3.60,73,0,0,0,0,0,40.0,32,17,16,2,1,24,36,1.40,.225
Jose J Santiago,PHI,4,6,4.61,73,0,0,0,0,0,91.2,106,47,47,5,3,22,43,1.40,.292
Tim T Worrell,SF,2,5,3.45,73,0,0,0,0,0,78.1,71,33,30,4,3,33,63,1.33,.240
Keith K Foulke,CWS,4,9,2.33,72,0,0,0,42,42,81.0,57,21,21,3,8,22,75,0.98,.199
Pedro P Borbon,TOR,2,4,3.71,71,0,0,0,0,0,53.1,48,24,22,8,4,12,45,1.13,.244
Braden B Looper,FLA,3,3,3.55,71,0,0,0,3,3,71.0,63,28,28,8,2,30,52,1.31,.242
Josias J Manzanillo,PIT,3,2,3.39,71,0,0,0,2,2,79.2,60,32,30,4,5,26,80,1.08,.211
Jose J Mesa,PHI,3,3,2.34,71,0,0,0,42,42,69.1,65,26,18,4,2,20,59,1.23,.246
Arthur A Rhodes,SEA,8,0,1.72,71,0,0,0,3,3,68.0,46,14,13,5,1,12,83,0.85,.189
Mariano M Rivera,NYY,4,6,2.34,71,0,0,0,50,50,80.2,61,24,21,5,1,12,83,0.90,.209
Dave D Veres,STL,3,2,3.70,71,0,0,0,15,15,65.2,57,29,27,12,2,28,61,1.29,.232
Buddy B Groom,BAL,1,4,3.55,70,0,0,0,11,11,66.0,64,28,26,4,1,9,54,1.11,.252
Curt C Leskanic,MIL,2,6,3.63,70,0,0,0,17,17,69.1,63,30,28,11,2,31,64,1.36,.241
Steve S Reed,ATL,3,3,3.55,70,0,0,0,1,1,58.1,52,25,23,6,3,23,46,1.29,.236
Scott S Sauerbeck,PIT,2,2,5.60,70,0,0,0,2,2,62.2,61,41,39,4,2,40,79,1.61,.257
Jeff J Tam,OAK,2,4,3.01,70,0,0,0,3,3,74.2,68,27,25,3,3,29,44,1.30,.250
Mike M Venafro,TEX,5,5,4.80,70,0,0,0,4,4,60.0,54,35,32,2,7,28,29,1.37,.240
Turk T Wendell,PHI,4,5,4.43,70,0,0,0,1,1,67.0,63,36,33,12,4,34,56,1.45,.249
Bob B Wickman,CLE,5,0,2.39,70,0,0,0,32,32,67.2,61,18,18,4,2,14,66,1.11,.240
Bob B Howry,CWS,4,5,4.69,69,0,0,0,5,5,78.2,85,41,41,11,4,30,64,1.46,.279
Todd T Jones,MIN,5,5,4.24,69,0,0,0,13,13,68.0,87,39,32,9,0,29,54,1.71,.312
Billy B Koch,TOR,2,5,4.80,69,0,0,0,36,36,69.1,69,39,37,7,6,33,55,1.47,.265
Jeff J Nelson,SEA,4,3,2.76,69,0,0,0,4,4,65.1,30,21,20,3,6,44,88,1.13,.136
Kazuhiro K Sasaki,SEA,0,4,3.24,69,0,0,0,45,45,66.2,48,24,24,6,4,11,62,0.89,.195
Mike M Trombley,LA,3,8,4.38,69,0,0,0,6,6,78.0,65,40,38,9,2,37,72,1.31,.230
Gabe G White,COL,1,7,6.25,69,0,0,0,0,0,67.2,70,47,47,18,1,26,47,1.42,.270
Rod R Beck,BOS,6,4,3.90,68,0,0,0,6,6,80.2,77,42,35,15,3,28,63,1.30,.252
John J Rocker,CLE,5,9,4.32,68,0,0,0,23,23,66.2,58,36,32,4,5,41,79,1.49,.234
Mike M Timlin,STL,4,5,4.09,68,0,0,0,3,3,72.2,78,35,33,6,3,19,47,1.33,.277
Eddie E Guardado,MIN,7,1,3.51,67,0,0,0,12,12,66.2,47,27,26,5,1,23,67,1.05,.197
Michael M Jackson,HOU,5,3,4.70,67,0,0,0,4,4,69.0,68,36,36,14,2,22,46,1.30,.260
Derek D Lowe,BOS,5,10,3.53,67,3,0,0,24,24,91.2,103,39,36,7,5,29,82,1.44,.283
Ricardo R Rincon,CLE,2,1,2.83,67,0,0,0,2,2,54.0,44,18,17,3,0,21,50,1.20,.223
Gene G Stechschulte,STL,1,5,3.86,67,0,0,0,6,6,70.0,71,35,30,10,4,30,51,1.44,.273
Ricky R Bottalico,PHI,3,4,3.90,66,0,0,0,3,3,67.0,58,31,29,11,4,25,57,1.24,.241
Doug D Creek,TB,2,5,4.31,66,0,0,0,0,0,62.2,51,34,30,7,4,49,66,1.60,.230
Nelson N Cruz,HOU,3,3,4.15,66,0,0,0,2,2,82.1,72,41,38,11,9,24,75,1.17,.237
Aaron A Fultz,SF,3,1,4.56,66,0,0,0,1,1,71.0,70,40,36,9,1,21,67,1.28,.259
Danny D Graves,CIN,6,5,4.15,66,0,0,0,32,32,80.1,83,41,37,7,4,18,49,1.26,.268
Jeff J Zimmerman,TEX,4,4,2.40,66,0,0,0,28,28,71.1,48,19,19,10,4,16,72,0.90,.192
Chad C Fox,MIL,5,2,1.89,65,0,0,0,2,2,66.2,44,16,14,6,5,36,80,1.20,.181
Jason J Isringhausen,OAK,4,3,2.65,65,0,0,0,34,34,71.1,54,24,21,5,0,23,74,1.08,.203
Mike M Magnante,OAK,3,1,2.77,65,0,0,0,0,0,55.1,50,23,17,7,1,13,23,1.14,.244
Bob B Wells,MIN,8,5,5.11,65,0,0,0,2,2,68.2,72,39,39,12,10,18,49,1.31,.273
Mike M Williams,HOU,6,4,3.80,65,0,0,0,22,22,64.0,60,28,27,9,0,35,59,1.48,.244
Al A Levine,ANA,8,10,2.38,64,1,0,0,2,2,75.2,71,25,20,7,2,28,40,1.31,.257
Greg G Swindell,ARI,2,6,4.53,64,0,0,0,2,2,53.2,51,27,27,12,0,8,42,1.10,.250
Ugueth U Urbina,BOS,2,2,3.65,64,0,0,0,24,24,66.2,58,29,27,9,0,24,89,1.23,.231
Billy B Wagner,HOU,2,5,2.73,64,0,0,0,39,39,62.2,44,19,19,5,5,20,79,1.02,.198
Roberto R Hernandez,KC,5,6,4.12,63,0,0,0,28,28,67.2,69,34,31,7,1,26,46,1.40,.266
Mike M Holtz,ANA,1,2,4.86,63,0,0,0,0,0,37.0,40,24,20,5,2,15,38,1.49,.274
Jay J Witasick,NYY,8,2,3.30,63,0,0,0,1,1,79.0,78,41,29,8,6,33,106,1.41,.253
Matt M Anderson,DET,3,1,4.82,62,0,0,0,22,22,56.0,56,33,30,2,0,18,52,1.32,.257
Dennis D Cook,PHI,1,1,4.53,62,0,0,0,0,0,45.2,43,24,23,8,2,14,38,1.25,.247
Rich R Garces,BOS,6,1,3.90,62,0,0,0,1,1,67.0,55,32,29,6,4,25,51,1.19,.219
La Troy L Hawkins,MIN,1,5,5.96,62,0,0,0,28,28,51.1,59,34,34,3,1,39,36,1.91,.291
Trevor T Hoffman,SD,3,4,3.43,62,0,0,0,43,43,60.1,48,25,23,10,1,21,63,1.14,.216
Jose J Nunez,SD,4,2,4.58,62,0,0,0,0,0,59.0,62,35,30,7,4,25,60,1.47,.267
Dan D Plesac,TOR,4,5,3.57,62,0,0,0,1,1,45.1,34,18,18,4,1,24,68,1.28,.207
Scott S Stewart,MON,3,1,3.78,62,0,0,0,3,3,47.2,43,20,20,5,3,13,39,1.17,.243
Ricky R Bones,FLA,4,4,5.06,61,0,0,0,0,0,64.0,71,39,36,7,3,33,41,1.63,.286
Octavio O Dotel,HOU,7,5,2.66,61,4,0,0,2,2,105.0,79,35,31,5,2,47,145,1.20,.205
Alan A Embree,CWS,1,4,7.33,61,0,0,0,0,0,54.0,65,47,44,14,3,17,59,1.52,.297
C. J. C Nitkowski,NYM,1,3,4.94,61,0,0,0,0,0,51.0,54,30,28,7,5,34,42,1.73,.274
B. J. B Ryan,BAL,2,4,4.25,61,0,0,0,2,2,53.0,47,31,25,6,2,30,54,1.45,.233
Mark M Wohlers,NYY,4,1,4.26,61,0,0,0,0,0,67.2,69,40,32,8,2,25,54,1.39,.262
Rheal R Cormier,PHI,5,6,4.21,60,0,0,0,1,1,51.1,49,26,24,5,4,17,37,1.29,.247
Bob B File,TOR,5,3,3.27,60,0,0,0,0,0,74.1,57,28,27,6,7,29,38,1.16,.220
Jose J Paniagua,SEA,4,3,4.36,60,0,0,0,3,3,66.0,59,35,32,7,4,38,46,1.47,.233
Danny D Patterson,DET,5,4,3.06,60,0,0,0,1,1,64.2,64,24,22,4,4,12,27,1.18,.274
Juan J Acevedo,FLA,2,5,4.18,59,0,0,0,0,0,60.1,68,35,28,6,2,35,47,1.71,.285
Troy T Brohawn,ARI,2,3,4.93,59,0,0,0,1,1,49.1,55,27,27,5,1,23,30,1.58,.289
Kelvim K Escobar,TOR,6,8,3.50,59,11,1,1,0,0,126.0,93,51,49,8,3,52,121,1.15,.204
Todd T Van Poppel,CHC,4,1,2.52,59,0,0,0,0,0,75.0,63,22,21,9,0,38,90,1.35,.223
Antonio A Alfonseca,FLA,4,4,3.06,58,0,0,0,28,28,61.2,68,24,21,6,5,15,40,1.35,.281
Vic V Darensbourg,FLA,1,2,4.25,58,0,0,0,1,1,48.2,52,24,23,4,1,10,33,1.27,.277
John J Franco,NYM,6,2,4.05,58,0,0,0,2,2,53.1,55,25,24,8,2,19,50,1.39,.264
Kane K Davis,COL,2,4,4.35,57,0,0,0,0,0,68.1,66,36,33,11,1,32,47,1.43,.252
Troy T Percival,ANA,4,2,2.65,57,0,0,0,39,39,57.2,39,19,17,3,2,18,71,0.99,.187
Hector H Carrasco,MIN,4,3,4.64,56,0,0,0,1,1,73.2,77,40,38,8,0,30,70,1.45,.277
Jose J Jimenez,COL,6,1,4.09,56,0,0,0,17,17,55.0,56,27,25,6,0,22,37,1.42,.264
Pat P Mahomes,TEX,7,6,5.70,56,4,0,0,0,0,107.1,115,71,68,17,0,55,61,1.58,.280
Ramiro R Mendoza,NYY,8,4,3.75,56,2,0,0,6,6,100.2,89,44,42,9,2,23,70,1.11,.241
Hector H Mercado,CIN,3,2,4.08,56,0,0,0,0,0,53.0,55,27,24,6,0,30,59,1.60,.267
Ben B Weber,ANA,6,2,3.42,56,0,0,0,0,0,68.1,66,28,26,4,5,31,40,1.42,.251
Jose J Cabrera,ATL,7,4,2.88,55,0,0,0,2,2,59.1,52,24,19,5,2,25,43,1.30,.239
Jason J Christiansen,SF,2,1,3.22,55,0,0,0,3,3,36.1,29,13,13,5,1,15,31,1.21,.225
Wayne W Gomes,SF,6,3,5.29,55,0,0,0,1,1,63.0,72,37,37,7,1,29,52,1.60,.294
Mark M Petkovsek,TEX,1,2,6.69,55,0,0,0,0,0,76.2,103,61,57,14,5,28,42,1.71,.323
Rick R White,NYM,4,5,3.88,55,0,0,0,2,2,69.2,71,38,30,7,2,17,51,1.26,.257
Mike M Fetters,PIT,3,2,5.51,54,0,0,0,9,9,47.1,49,32,29,7,4,26,37,1.58,.259
Mark M Guthrie,OAK,6,2,4.47,54,0,0,0,1,1,52.1,49,29,26,7,4,20,52,1.32,.249
Jim J Mecir,OAK,2,8,3.43,54,0,0,0,3,3,63.0,54,25,24,4,1,26,61,1.27,.231
Justin J Speier,COL,6,3,4.58,54,0,0,0,0,0,76.2,71,40,39,13,8,20,62,1.19,.247
Esteban E Yan,TB,4,6,3.90,54,0,0,0,22,22,62.1,64,34,27,7,5,11,64,1.20,.262
Cory C Bailey,KC,1,1,3.48,53,0,0,0,0,0,67.1,57,28,26,3,0,33,61,1.34,.234
Doug D Henry,KC,2,2,6.07,53,0,0,0,0,0,75.2,75,53,51,14,3,45,57,1.59,.262
Kerry K Ligtenberg,ATL,3,3,3.02,53,0,0,0,1,1,59.2,50,22,20,4,0,30,56,1.34,.226
Guillermo G Mota,MON,1,3,5.26,53,0,0,0,0,0,49.2,51,30,29,9,1,18,31,1.39,.271
Rich R Rodriguez,CLE,2,2,4.15,53,0,0,0,0,0,39.0,41,24,18,2,2,17,31,1.49,.270
Ron R Villone,HOU,6,10,5.89,53,12,0,0,0,0,114.2,133,81,75,18,5,53,113,1.62,.287
Armando A Almanza,FLA,2,2,4.83,52,0,0,0,0,0,41.0,34,24,22,8,0,26,45,1.46,.230
Vladimir V Nunez,FLA,4,5,2.74,52,3,0,0,0,0,92.0,79,33,28,9,5,30,64,1.18,.234
Brian B Boehringer,SF,0,4,3.65,51,0,0,0,2,2,69.0,67,35,28,7,5,29,60,1.39,.247
Mike M Matthews,STL,3,4,3.24,51,10,0,0,1,1,89.0,74,32,32,11,4,33,72,1.20,.227
Dan D Miceli,COL,2,5,4.80,51,0,0,0,1,1,45.0,47,29,24,7,0,16,48,1.40,.263
Chuck C Mc Elroy,SD,2,3,5.28,49,5,0,0,0,0,75.0,87,53,44,14,2,46,47,1.77,.284
Travis T Phelps,TB,2,2,3.48,49,0,0,0,5,5,62.0,53,30,24,6,3,24,54,1.24,.226
Miguel M Batista,ARI,11,8,3.36,48,18,0,0,0,0,139.1,113,57,52,13,10,60,90,1.24,.226
Felix F Heredia,CHC,2,2,6.17,48,0,0,0,0,0,35.0,45,27,24,6,2,16,28,1.74,.315
Giovanni G Carrara,LA,6,1,3.16,47,3,0,0,0,0,85.1,73,30,30,12,1,24,70,1.14,.231
Tom T Gordon,CHC,1,2,3.38,47,0,0,0,27,27,45.1,32,18,17,4,1,16,67,1.06,.188
Paul P Shuey,CLE,5,3,2.82,47,0,0,0,2,2,54.1,53,25,17,1,1,26,70,1.45,.251
Jim J Brower,CIN,7,10,3.97,46,10,0,0,1,1,129.1,119,65,57,17,5,60,94,1.38,.247
Gary G Glover,CWS,5,5,4.93,46,11,0,0,0,0,100.1,98,61,55,16,4,32,63,1.30,.252
Shigetoshi S Hasegawa,ANA,5,6,4.04,46,0,0,0,0,0,55.2,52,28,25,5,2,20,41,1.29,.248
Bret B Prinz,ARI,4,1,2.63,46,0,0,0,9,9,41.0,33,13,12,4,1,19,27,1.27,.220
Willis W Roberts,BAL,9,10,4.91,46,18,1,0,6,6,132.0,142,75,72,15,11,55,95,1.49,.274
Sean S Lowe,CWS,9,4,3.61,45,11,0,0,3,3,127.0,123,55,51,12,7,32,71,1.22,.256
Travis T Miller,MIN,1,4,4.81,45,0,0,0,0,0,48.2,54,30,26,5,1,20,30,1.52,.283
Juan J Moreno,TEX,3,3,3.92,45,0,0,0,0,0,41.1,22,21,18,6,0,28,36,1.21,.153
Omar O Olivares,PIT,6,9,6.55,45,12,1,0,1,1,110.0,123,87,80,17,10,42,69,1.50,.283
Tim T Wakefield,BOS,9,12,3.90,45,17,0,0,3,3,168.2,156,84,73,13,18,73,148,1.36,.248
Norm N Charlton,SEA,4,2,3.02,44,0,0,0,1,1,47.2,36,19,16,4,4,11,48,0.99,.212
Jack J Cressend,MIN,3,2,3.67,44,0,0,0,0,0,56.1,50,24,23,6,1,16,40,1.17,.237
Lou L Pote,ANA,2,0,4.15,44,1,0,0,2,2,86.2,88,41,40,11,3,32,66,1.38,.258
John J Wasdin,BAL,3,2,5.11,44,0,0,0,0,0,74.0,86,44,42,11,6,24,64,1.49,.292
Terry T Adams,LA,12,8,4.33,43,22,0,0,0,0,166.1,172,84,80,9,3,54,141,1.36,.267
Danys D Baez,CLE,5,3,2.50,43,0,0,0,0,0,50.1,34,22,14,5,3,20,52,1.07,.191
Chris C Nichting,COL,0,3,4.46,43,0,0,0,1,1,42.1,55,27,21,8,0,8,40,1.49,.313
Joe J Beimel,PIT,7,11,5.23,42,15,0,0,0,0,115.1,131,72,67,12,6,49,58,1.56,.290
Erik E Sabel,ARI,3,2,4.38,42,0,0,0,0,0,51.1,57,26,25,8,3,12,25,1.34,.282
Masato M Yoshii,MON,4,7,4.78,42,11,0,0,0,0,113.0,127,65,60,18,5,26,63,1.35,.279
Rolando R Arrojo,BOS,5,4,3.48,41,9,0,0,5,5,103.1,88,44,40,8,12,35,78,1.19,.230
David D Lee,SD,1,0,3.70,41,0,0,0,0,0,48.2,52,20,20,6,6,27,42,1.62,.278
Terry T Mulholland,LA,1,1,4.66,41,4,0,0,0,0,65.2,78,35,34,12,2,17,42,1.45,.295
Britt B Reames,MON,4,8,5.59,41,13,0,0,0,0,95.0,101,68,59,16,5,48,86,1.57,.273
Mike M James,STL,1,2,5.21,40,0,0,0,0,0,38.0,43,24,22,5,5,17,26,1.58,.293
Heath H Murray,DET,1,7,6.54,40,4,0,0,0,0,63.1,82,48,46,11,3,40,42,1.93,.322
Kip K Wells,CWS,10,11,4.79,40,20,0,0,0,0,133.1,145,80,71,14,12,61,99,1.55,.281
Tony T Cogan,KC,0,4,5.84,39,0,0,0,0,0,24.2,32,17,16,7,5,13,17,1.82,.320
Tom T Davey,SD,2,4,4.50,39,0,0,0,0,0,38.0,41,22,19,3,1,17,37,1.53,.272
Tanyon T Sturtze,TB,11,12,4.42,39,27,0,0,1,1,195.1,200,98,96,23,9,79,110,1.43,.271
Ryan R Franklin,SEA,5,1,3.56,38,0,0,0,0,0,78.1,76,32,31,13,4,24,60,1.28,.250
Jason J Marquis,ATL,5,6,3.48,38,16,0,0,0,0,129.1,113,62,50,14,4,59,98,1.33,.234
Rudy R Seanez,ATL,0,2,2.75,38,0,0,0,1,1,36.0,23,12,11,4,1,19,41,1.17,.178
Randy R Choate,NYY,3,1,3.35,37,0,0,0,0,0,48.1,34,21,18,0,9,27,35,1.26,.202
Rodney R Myers,SD,1,2,5.32,37,0,0,0,1,1,47.1,53,31,28,6,4,20,29,1.54,.291
Bill B Pulsipher,CWS,0,0,6.00,37,0,0,0,0,0,30.0,36,23,20,5,3,21,20,1.90,.300
Paul P Wilson,TB,8,9,4.88,37,24,0,0,0,0,151.1,165,94,82,21,13,52,119,1.43,.278
Courtney C Duncan,CHC,3,3,5.06,36,0,0,0,0,0,42.2,42,24,24,5,2,25,49,1.57,.259
Esteban E Loaiza,TOR,11,11,5.02,36,30,1,1,0,0,190.0,239,113,106,27,9,40,110,1.47,.307
Chan Ho C Park,LA,15,11,3.50,36,35,2,1,0,0,234.0,183,98,91,23,20,91,218,1.17,.216
Chris C Reitsma,CIN,7,15,5.29,36,29,0,0,0,0,182.0,209,121,107,23,5,49,96,1.42,.288
John J Smoltz,ATL,3,3,3.36,36,5,0,0,10,10,59.0,53,24,22,7,2,10,57,1.07,.238
Blake B Stein,KC,7,8,4.74,36,15,0,0,1,1,131.0,112,73,69,20,3,79,113,1.46,.233
Luis L Vizcaino,OAK,2,1,4.66,36,0,0,0,1,1,36.2,38,19,19,8,0,12,31,1.36,.266
Victor V Zambrano,TB,6,2,3.16,36,0,0,0,2,2,51.1,38,21,18,6,3,18,58,1.09,.201
Chad C Bradford,OAK,2,1,2.70,35,0,0,0,1,1,36.2,41,12,11,6,1,6,34,1.28,.281
Jon J Garland,CWS,6,7,3.69,35,16,0,0,1,1,117.0,123,59,48,16,4,55,61,1.52,.277
Tom T Glavine,ATL,16,7,3.57,35,35,1,1,0,0,219.1,213,92,87,24,2,97,116,1.41,.261
Luther L Hackman,STL,1,2,4.29,35,0,0,0,1,1,35.2,28,18,17,7,2,14,24,1.18,.212
Tim T Hudson,OAK,18,9,3.37,35,35,3,0,0,0,235.0,216,100,88,20,6,71,181,1.22,.245
Randy R Johnson,ARI,21,6,2.49,35,34,3,2,0,0,249.2,181,74,69,19,18,71,372,1.01,.203
Chris C Michalak,TEX,8,9,4.41,35,18,0,0,1,1,136.2,157,74,67,19,13,55,67,1.55,.293
Eric E Milton,MIN,15,7,4.32,35,34,2,1,0,0,220.2,222,109,106,35,5,61,157,1.28,.257
Jesse J Orosco,LA,0,1,3.94,35,0,0,0,0,0,16.0,17,7,7,3,0,7,21,1.50,.279
Dennys D Reyes,CIN,2,6,4.92,35,6,0,0,0,0,53.0,51,35,29,5,1,35,52,1.62,.248
Jerrod J Riggan,NYM,3,3,3.40,35,0,0,0,0,0,47.2,42,19,18,5,0,24,41,1.38,.243
Curt C Schilling,ARI,22,6,2.98,35,35,6,1,0,0,256.2,237,86,85,37,1,39,293,1.08,.245
Steve S Sparks,DET,14,9,3.65,35,33,8,1,0,0,232.0,244,110,94,22,6,64,116,1.33,.271
Barry B Zito,OAK,17,8,3.49,35,35,3,2,0,0,214.1,184,92,83,18,13,80,205,1.23,.230
Jimmy J Anderson,PIT,9,17,5.10,34,34,1,0,0,0,206.1,232,123,117,15,11,83,89,1.53,.287
Tony T Armas,MON,9,14,4.03,34,34,0,0,0,0,196.2,180,101,88,18,10,91,176,1.38,.247
John J Burkett,ATL,12,12,3.04,34,34,1,1,0,0,219.1,187,83,74,17,6,70,187,1.17,.230
Chris C Carpenter,TOR,11,11,4.09,34,34,3,2,0,0,215.2,229,112,98,29,16,75,157,1.41,.274
Bartolo B Colon,CLE,14,12,4.09,34,34,1,0,0,0,222.1,220,106,101,26,2,90,201,1.39,.261
Ryan R Dempster,FLA,15,12,4.94,34,34,2,1,0,0,211.1,218,123,116,21,10,112,171,1.56,.269
Elmer E Dessens,CIN,10,14,4.48,34,34,1,1,0,0,205.0,221,103,102,32,1,56,128,1.35,.279
Freddy F Garcia,SEA,18,6,3.05,34,34,4,3,0,0,238.2,199,88,81,16,5,69,163,1.12,.225
Rick R Helling,TEX,12,11,5.17,34,34,2,1,0,0,215.2,256,134,124,38,4,63,154,1.48,.297
Livan L Hernandez,SF,13,15,5.24,34,34,2,0,0,0,226.2,266,143,132,24,3,85,138,1.55,.297
Darryl D Kile,STL,16,11,3.09,34,34,2,1,0,0,227.1,228,83,78,22,11,65,179,1.29,.265
Ryan R Kohlmeier,BAL,1,2,7.30,34,1,0,0,6,6,40.2,48,33,33,13,2,19,29,1.65,.291
Jon J Lieber,CHC,20,6,3.80,34,34,5,1,0,0,232.1,226,104,98,25,7,41,148,1.15,.255
Greg G Maddux,ATL,17,11,3.05,34,34,3,3,0,0,233.0,220,86,79,20,7,27,173,1.06,.253
Joe J Mays,MIN,17,13,3.16,34,34,4,2,0,0,233.2,205,87,82,25,5,64,123,1.15,.235
Dave D Mlicki,HOU,11,11,6.17,34,29,0,0,0,0,167.2,203,122,115,37,15,74,97,1.65,.305
Matt M Morris,STL,22,8,3.16,34,34,2,1,0,0,216.1,218,86,76,13,13,54,185,1.26,.265
Mark M Mulder,OAK,21,8,3.45,34,34,6,4,0,0,229.1,214,92,88,16,5,51,153,1.16,.249
Mike M Mussina,NYY,17,11,3.15,34,34,4,3,0,0,228.2,202,87,80,20,4,42,214,1.07,.237
Kirk K Rueter,SF,14,12,4.42,34,34,0,0,0,0,195.1,213,105,96,25,4,66,83,1.43,.283
Aaron A Sele,SEA,15,5,3.60,34,33,2,1,0,0,215.0,216,93,86,25,7,51,114,1.24,.261
Jeff J Suppan,KC,10,14,4.37,34,34,1,0,0,0,218.1,227,120,106,26,12,74,120,1.38,.267
Julian J Tavarez,CHC,10,9,4.52,34,28,0,0,0,0,161.1,172,98,81,13,11,69,107,1.49,.277
Woody W Williams,STL,15,9,4.05,34,34,3,1,0,0,220.0,224,110,99,35,8,56,154,1.27,.268
Kevin K Appier,NYM,11,10,3.57,33,33,1,1,0,0,206.2,181,89,82,22,15,64,172,1.19,.237
Roger R Clemens,NYY,20,3,3.51,33,33,0,0,0,0,220.1,205,94,86,19,5,72,213,1.26,.246
Eric E Gagne,LA,6,7,4.75,33,24,0,0,0,0,151.2,144,90,80,24,16,46,130,1.25,.251
Dustin D Hermanson,STL,14,13,4.45,33,33,0,0,0,0,192.1,195,106,95,34,8,73,123,1.39,.264
Bobby B Jones,SD,8,19,5.12,33,33,1,0,0,0,195.0,250,137,111,37,4,38,113,1.48,.305
Albie A Lopez,ARI,9,19,4.81,33,33,3,3,0,0,205.2,226,123,110,26,4,75,136,1.46,.281
Jose J Mercedes,BAL,8,17,5.82,33,31,2,0,0,0,184.0,219,125,119,20,10,63,123,1.53,.294
Jamie J Moyer,SEA,20,6,3.43,33,33,1,0,0,0,209.2,187,84,80,24,10,44,119,1.10,.239
Hideo H Nomo,BOS,13,10,4.50,33,33,2,2,0,0,198.0,171,105,99,26,3,96,220,1.35,.231
Russ R Ortiz,SF,17,9,3.29,33,33,1,1,0,0,218.2,187,90,80,13,0,91,169,1.27,.232
Robert R Person,PHI,15,7,4.19,33,33,3,1,0,0,208.1,179,103,97,34,8,80,183,1.24,.234
Brad B Radke,MIN,15,11,3.94,33,33,6,2,0,0,226.0,235,105,99,24,10,26,137,1.15,.271
Todd T Ritchie,PIT,11,15,4.47,33,33,4,2,0,0,207.1,211,118,103,23,7,52,124,1.27,.259
Glendon G Rusch,NYM,8,12,4.63,33,33,1,0,0,0,179.0,216,101,92,23,7,43,156,1.45,.301
C Sabathia,CLE,17,5,4.39,33,33,0,0,0,0,180.1,149,93,88,19,7,95,171,1.35,.228
Victor V Santos,DET,2,2,3.30,33,7,0,0,0,0,76.1,62,33,28,9,3,49,52,1.45,.222
Pete P Schourek,BOS,1,5,4.45,33,0,0,0,0,0,30.1,35,19,15,4,1,15,20,1.65,.292
Mac M Suzuki,MIL,5,12,5.86,33,19,0,0,0,0,118.1,122,87,77,20,8,73,89,1.65,.269
Jeff J Weaver,DET,13,16,4.08,33,33,5,0,0,0,229.1,235,116,104,19,14,68,152,1.32,.266
Jamey J Wright,MIL,11,12,4.90,33,33,1,1,0,0,194.2,201,115,106,26,20,98,129,1.54,.272
Kelly K Wunsch,CWS,2,1,7.66,33,0,0,0,0,0,22.1,21,19,19,4,6,9,16,1.34,.247
Jason J Bere,CHC,11,11,4.31,32,32,2,0,0,0,188.0,171,99,90,24,1,77,175,1.32,.241
Mark M Buehrle,CWS,16,8,3.29,32,32,4,2,0,0,221.1,188,89,81,24,8,48,126,1.07,.230
Dave D Burba,CLE,10,10,6.21,32,27,1,0,0,0,150.2,188,112,104,16,3,54,118,1.61,.306
Omar O Daal,PHI,13,7,4.46,32,32,0,0,0,0,185.2,199,100,92,26,5,56,107,1.37,.273
Mike M Hampton,COL,14,13,5.41,32,32,2,1,0,0,203.0,236,138,122,31,8,85,122,1.58,.296
Kevin K Jarvis,SD,12,11,4.79,32,32,1,1,0,0,193.1,189,107,103,37,5,49,133,1.23,.254
Jason J Johnson,BAL,10,12,4.09,32,32,2,0,0,0,196.0,194,109,89,28,13,77,114,1.38,.257
Allen A Levrault,MIL,6,10,6.06,32,20,1,0,0,0,130.2,146,93,88,27,7,59,80,1.57,.281
Jose J Lima,DET,6,12,5.54,32,27,2,0,0,0,165.2,197,114,102,35,9,38,84,1.42,.299
Wade W Miller,HOU,16,8,3.40,32,32,1,0,0,0,212.0,183,91,80,31,4,76,183,1.22,.234
Ramon R Ortiz,ANA,13,11,4.36,32,32,2,0,0,0,208.2,223,114,101,25,12,76,135,1.43,.274
Rick R Reed,MIN,12,12,4.05,32,32,3,1,0,0,202.1,211,98,91,28,5,31,142,1.20,.268
Scott S Schoeneweis,ANA,10,11,5.08,32,32,1,0,0,0,205.1,227,122,116,21,14,77,104,1.48,.281
Javier J Vazquez,MON,16,11,3.42,32,32,5,3,0,0,223.2,197,92,85,24,3,44,208,1.08,.235
Donne D Wall,NYM,0,4,4.85,32,0,0,0,0,0,42.2,51,24,23,8,1,17,31,1.59,.300
Mike M Buddie,MIL,0,1,3.89,31,0,0,0,2,2,41.2,34,20,18,2,4,17,22,1.22,.225
Matt M Clement,FLA,9,10,5.05,31,31,0,0,0,0,169.1,172,102,95,15,15,85,134,1.52,.267
Will W Cunnane,MIL,0,3,5.40,31,1,0,0,0,0,51.2,66,34,31,6,2,22,37,1.70,.320
John J Halama,SEA,10,7,4.73,31,17,0,0,0,0,110.1,132,69,58,18,6,26,50,1.43,.296
Jimmy J Haynes,MIL,8,17,4.85,31,29,0,0,0,0,172.2,182,98,93,20,4,78,112,1.51,.279
Mike M Lincoln,PIT,2,1,2.68,31,0,0,0,0,0,40.1,34,16,12,3,4,11,24,1.12,.225
Mike M Morgan,ARI,1,0,4.26,31,1,0,0,0,0,38.0,45,20,18,2,0,17,24,1.63,.306
Brad B Penny,FLA,10,10,3.69,31,31,1,1,0,0,205.0,183,92,84,15,7,54,154,1.16,.240
Andy A Pettitte,NYY,15,10,3.99,31,31,2,0,0,0,200.2,224,103,89,14,6,41,164,1.32,.281
Pat P Rapp,ANA,5,12,4.76,31,28,1,0,0,0,170.0,169,96,90,20,2,71,82,1.41,.261
Rocky R Biddle,CWS,7,8,5.39,30,21,0,0,0,0,128.2,137,87,77,16,8,52,85,1.47,.272
Jesus J Colome,TB,2,3,3.33,30,0,0,0,0,0,48.2,37,22,18,8,2,25,31,1.27,.208
Doug D Davis,TEX,11,10,4.45,30,30,1,0,0,0,186.0,220,103,92,14,3,69,115,1.55,.295
Chris C Holt,DET,7,9,5.77,30,22,1,0,0,0,151.1,197,102,97,18,8,57,80,1.68,.319
T. J. T Mathews,STL,1,1,4.30,30,0,0,0,1,1,37.2,39,20,18,4,0,12,29,1.35,.262
Denny D Neagle,COL,9,8,5.38,30,30,0,0,0,0,170.2,192,107,102,29,7,60,139,1.48,.284
Eddie E Oropesa,PHI,1,0,4.74,30,0,0,0,0,0,19.0,16,10,10,1,0,17,15,1.74,.232
Matt M Perisho,DET,2,3,5.72,30,4,0,0,0,0,39.1,54,29,25,5,4,14,19,1.73,.327
Hipolito H Pichardo,BOS,2,1,4.93,30,0,0,0,0,0,34.2,42,23,19,3,5,10,17,1.50,.300
Jarrod J Washburn,ANA,11,10,3.77,30,30,1,0,0,0,193.1,196,89,81,25,7,54,126,1.29,.263
Brian B Anderson,ARI,4,9,5.20,29,22,1,0,0,0,133.1,156,93,77,25,1,30,55,1.40,.295
James J Baldwin,LA,10,11,4.42,29,28,2,1,0,0,175.0,191,95,86,25,7,63,95,1.45,.281
Darwin D Cubillan,MON,0,0,4.10,29,0,0,0,0,0,26.1,31,13,12,1,0,12,19,1.63,.295
Chad C Durbin,KC,9,16,4.93,29,29,2,0,0,0,179.0,201,109,98,26,11,58,95,1.45,.288
Al A Leiter,NYM,11,11,3.31,29,29,0,0,0,0,187.1,178,81,69,18,4,46,142,1.20,.252
Cory C Lidle,OAK,13,6,3.59,29,29,1,0,0,0,188.0,170,84,75,23,10,47,118,1.15,.242
Luke L Prokopec,LA,8,7,4.88,29,22,0,0,0,0,138.1,146,80,75,27,4,40,91,1.34,.268
John J Riedling,CIN,1,1,2.41,29,0,0,0,1,1,33.2,22,9,9,1,2,14,23,1.07,.186
Kevin K Tapani,CHC,9,14,4.49,29,29,0,0,0,0,168.1,186,93,84,24,7,40,149,1.34,.279
Jeff J Wallace,TB,0,3,3.40,29,1,0,0,0,0,50.1,43,26,19,4,1,37,38,1.59,.232
Kris K Wilson,KC,6,5,5.19,29,15,0,0,1,1,109.1,132,78,63,26,7,32,67,1.50,.297
Steve S Woodard,CLE,3,3,5.20,29,10,0,0,0,0,97.0,129,60,56,10,5,17,52,1.51,.325
Paul P Abbott,SEA,17,4,4.25,28,27,1,0,0,0,163.0,145,79,77,21,7,87,118,1.42,.238
Darren D Oliver,TEX,11,11,6.02,28,28,1,0,0,0,154.0,189,109,103,23,6,65,104,1.65,.306
Gregg G Olson,LA,0,1,8.03,28,0,0,0,0,0,24.2,26,24,22,4,0,20,24,1.86,.268
Roy R Oswalt,HOU,14,3,2.73,28,20,3,1,0,0,141.2,126,48,43,13,6,24,144,1.06,.235
Shane S Reynolds,HOU,14,11,4.34,28,28,3,0,0,0,182.2,208,95,88,24,4,36,102,1.34,.290
Ryan R Rupe,TB,5,12,6.59,28,26,0,0,0,0,143.1,161,111,105,30,11,48,123,1.46,.283
Mike M Thurman,MON,9,11,5.33,28,26,0,0,0,0,147.0,172,90,87,21,6,50,96,1.51,.294
Steve S Trachsel,NYM,11,13,4.46,28,28,1,1,0,0,173.2,168,90,86,28,3,47,144,1.24,.254
Randy R Wolf,PHI,10,11,3.70,28,25,4,2,0,0,163.0,150,74,67,15,10,51,152,1.23,.248
Kerry K Wood,CHC,12,6,3.36,28,28,1,1,0,0,174.1,127,70,65,16,10,92,217,1.26,.202
Rob R Bell,TEX,5,10,6.67,27,27,0,0,0,0,149.2,176,115,111,32,7,64,97,1.60,.300
Andy A Benes,STL,7,7,7.38,27,19,0,0,0,0,107.1,122,92,88,30,6,61,78,1.70,.286
A. J. A Burnett,FLA,11,12,4.05,27,27,2,1,0,0,173.1,145,82,78,20,7,83,128,1.32,.231
Shawn S Chacon,COL,6,10,5.06,27,27,0,0,0,0,160.0,157,96,90,26,10,87,134,1.53,.260
Bruce B Chen,NYM,7,7,4.87,27,27,0,0,0,0,146.0,146,90,79,29,1,59,126,1.40,.259
Shawn S Estes,SF,9,8,4.02,27,27,0,0,0,0,159.0,151,78,71,11,5,77,109,1.43,.253
Brian B Lawrence,SD,5,5,3.45,27,15,1,0,0,0,114.2,107,53,44,10,5,34,84,1.23,.244
Dan D Reichert,KC,8,8,5.63,27,19,0,0,0,0,123.0,131,83,77,14,8,67,77,1.61,.278
Ismael I Valdez,ANA,9,13,4.45,27,27,1,0,0,0,163.2,177,82,81,20,8,50,100,1.39,.277
Chad C Zerbe,SF,3,0,3.92,27,1,0,0,0,0,39.0,41,21,17,3,1,10,22,1.31,.281
Pedro P Astacio,HOU,8,14,5.09,26,26,4,1,0,0,169.2,181,101,96,22,13,54,144,1.39,.276
Frank F Castillo,BOS,10,9,4.21,26,26,0,0,0,0,136.2,138,72,64,14,5,35,89,1.27,.260
Joey J Hamilton,CIN,6,10,5.93,26,26,0,0,0,0,139.2,193,100,92,20,4,44,92,1.70,.338
Ted T Lilly,NYY,5,6,5.37,26,21,0,0,0,0,120.2,126,81,72,20,7,51,112,1.47,.267
David D Riske,CLE,2,0,1.98,26,0,0,0,1,1,27.1,20,7,6,3,2,18,29,1.39,.206
Jose J Silva,PIT,3,3,6.75,26,0,0,0,0,0,32.0,35,24,24,6,0,9,23,1.38,.271
David D Cone,BOS,9,7,4.31,25,25,0,0,0,0,135.2,148,74,65,17,10,57,115,1.51,.275
Bryan B Rekar,TB,3,13,5.89,25,25,0,0,0,0,140.2,167,104,92,21,6,45,87,1.51,.294
Jason J Schmidt,SF,13,7,4.07,25,25,1,0,0,0,150.1,138,75,68,13,7,61,142,1.32,.244
Ben B Sheets,MIL,11,10,4.76,25,25,1,1,0,0,151.1,166,89,80,23,5,48,94,1.41,.283
Bronson B Arroyo,PIT,5,7,5.09,24,13,1,0,0,0,88.1,99,54,50,12,4,34,39,1.51,.289
Chris C Brock,PHI,3,0,4.13,24,0,0,0,0,0,32.2,35,16,15,6,2,15,26,1.53,.276
Joey J Eischen,MON,0,1,4.85,24,0,0,0,0,0,29.2,29,17,16,4,1,16,19,1.52,.257
Scott S Elarton,COL,4,10,7.06,24,24,0,0,0,0,132.2,146,105,104,34,6,59,87,1.55,.280
Gil G Heredia,OAK,7,8,5.58,24,18,0,0,0,0,109.2,144,75,68,27,2,29,48,1.58,.316
Mark M Lukasiewicz,ANA,0,2,6.04,24,0,0,0,0,0,22.1,21,17,15,6,2,9,25,1.34,.247
Scott S Mac Rae,CIN,0,1,4.02,24,0,0,0,0,0,31.1,33,15,14,0,2,8,18,1.31,.266
Rusty R Meacham,TB,1,3,5.60,24,0,0,0,0,0,35.1,39,24,22,3,2,10,13,1.39,.277
Chad C Paronto,BAL,1,3,5.00,24,0,0,0,0,0,27.0,33,24,15,5,1,11,16,1.63,.289
Odalis O Perez,ATL,7,8,4.91,24,16,0,0,0,0,95.1,108,55,52,7,1,39,71,1.54,.290
Amaury A Telemaco,PHI,5,5,5.54,24,14,1,0,0,0,89.1,93,59,55,15,9,32,59,1.40,.274
Josh J Towers,BAL,8,10,4.49,24,20,1,1,0,0,140.1,165,74,70,21,6,16,58,1.29,.297
Jeremy J Fikac,SD,2,0,1.37,23,0,0,0,0,0,26.1,15,6,4,2,1,5,19,0.76,.165
Mark M Gardner,SF,5,5,5.40,23,15,0,0,0,0,91.2,93,57,55,17,3,34,53,1.39,.263
Damaso D Marte,PIT,0,1,4.71,23,0,0,0,0,0,36.1,34,21,19,5,3,12,39,1.27,.250
Vicente V Padilla,PHI,3,1,4.24,23,0,0,0,0,0,34.0,36,18,16,1,0,12,29,1.41,.273
Lance L Painter,MIL,1,1,6.52,23,0,0,0,0,0,29.0,38,22,21,7,1,18,20,1.93,.317
Cliff C Politte,PHI,2,3,2.42,23,0,0,0,0,0,26.0,24,8,7,2,1,8,23,1.23,.250
Sidney S Ponson,BAL,5,10,4.94,23,23,3,1,0,0,138.1,161,83,76,21,6,37,84,1.43,.289
Jake J Westbrook,CLE,4,4,5.85,23,6,0,0,0,0,64.2,79,43,42,6,4,22,48,1.56,.306
Chuck C Finley,CLE,8,7,5.54,22,22,1,0,0,0,113.2,131,78,70,14,2,35,96,1.46,.291
Calvin C Maduro,BAL,5,6,4.23,22,12,0,0,0,0,93.2,83,44,44,10,4,36,51,1.27,.240
Tomo T Ohka,MON,3,9,5.47,22,21,0,0,0,0,107.0,134,70,65,15,3,29,68,1.52,.309
Dave D Williams,PIT,3,7,3.71,22,18,0,0,0,0,114.0,100,53,47,15,7,45,57,1.27,.244
Jeff J Austin,KC,0,0,5.54,21,0,0,0,0,0,26.0,27,17,16,4,1,14,27,1.58,.273
Tim T Crabtree,TEX,0,5,6.56,21,0,0,0,4,4,23.1,37,18,17,3,1,14,16,2.19,.385
Kevin K Millwood,ATL,7,7,4.31,21,21,0,0,0,0,121.0,121,66,58,20,1,40,84,1.33,.260
Brian B Bohanon,COL,5,8,7.14,20,19,0,0,0,0,97.0,127,79,77,20,7,47,47,1.79,.323
Kevin K Brown,LA,10,4,2.65,20,19,1,0,0,0,115.2,94,41,34,8,2,38,104,1.14,.224
Lance L Davis,CIN,8,4,4.74,20,20,1,0,0,0,106.1,124,60,56,12,1,34,53,1.49,.294
Osvaldo O Fernandez,CIN,5,6,6.92,20,14,0,0,0,0,79.1,103,62,61,8,0,33,35,1.71,.316
Matt M Ginter,CWS,1,0,5.22,20,0,0,0,0,0,39.2,34,23,23,2,7,14,24,1.21,.238
Joe J Kennedy,TB,7,8,4.44,20,20,0,0,0,0,117.2,122,63,58,16,3,34,78,1.33,.269
Sun- Woo S Kim,BOS,0,2,5.83,20,2,0,0,0,0,41.2,54,27,27,1,4,21,27,1.80,.312
Mark M Leiter,MIL,2,1,3.75,20,3,0,0,0,0,36.0,32,16,15,6,2,8,26,1.11,.232
Kenny K Rogers,TEX,5,7,6.19,20,20,0,0,0,0,120.2,150,88,83,18,8,49,74,1.65,.307
Wascar W Serrano,SD,3,3,6.56,20,5,0,0,0,0,46.2,60,37,34,7,2,21,39,1.74,.313
Paul P Byrd,KC,6,7,4.44,19,16,1,0,0,0,103.1,120,54,51,12,2,26,52,1.41,.296
Robert R Ellis,ARI,6,5,5.77,19,17,0,0,0,0,92.0,106,61,59,12,4,34,41,1.52,.293
Nelson N Figueroa,PHI,4,5,3.94,19,13,0,0,0,0,89.0,95,40,39,8,7,37,61,1.48,.275
Kyle K Lohse,MIN,4,7,5.68,19,16,0,0,0,0,90.1,102,60,57,16,8,29,64,1.45,.284
Aaron A Myette,TEX,4,5,7.14,19,15,0,0,0,0,80.2,94,65,64,12,11,37,67,1.62,.293
Steve S Parris,TOR,4,6,4.60,19,19,1,0,0,0,105.2,126,60,54,18,2,41,49,1.58,.299
Al A Reyes,LA,2,1,3.86,19,0,0,0,1,1,25.2,28,13,11,3,1,13,23,1.60,.269
Brian B Tollberg,SD,10,4,4.30,19,19,0,0,0,0,117.1,133,58,56,15,2,25,71,1.35,.287
Jose J Acevedo,CIN,5,7,5.44,18,18,0,0,0,0,96.0,101,61,58,17,3,34,68,1.41,.272
Jeff J Brantley,TEX,0,1,5.14,18,0,0,0,0,0,21.0,26,12,12,5,0,9,11,1.67,.310
Mike M Fyhrie,OAK,0,2,3.15,18,0,0,0,0,0,20.0,18,7,7,1,0,8,11,1.30,.247
Jorge J Julio,BAL,1,1,3.80,18,0,0,0,0,0,21.1,25,13,9,2,1,9,22,1.59,.287
Rich R Loiselle,PIT,0,1,11.50,18,0,0,0,1,1,18.0,28,24,23,3,4,17,9,2.50,.359
Pedro P Martinez,BOS,7,3,2.39,18,18,1,0,0,0,116.2,84,33,31,5,6,25,163,0.93,.199
Bob B Scanlan,MON,0,0,7.86,18,0,0,0,0,0,26.1,37,23,23,0,1,14,5,1.94,.339
Russ R Springer,ARI,0,0,7.13,18,0,0,0,1,1,17.2,20,16,14,5,0,4,12,1.36,.274
Ed E Vosberg,PHI,0,0,2.84,18,0,0,0,0,0,12.2,8,4,4,0,0,3,11,0.87,.186
Manny M Aybar,CHC,2,1,6.35,17,1,0,0,0,0,22.2,28,19,16,5,2,17,16,1.99,.304
Lorenzo L Barcelo,CWS,1,0,4.71,17,0,0,0,0,0,21.0,24,13,11,1,1,8,15,1.52,.282
David D Coggin,PHI,6,7,4.17,17,17,0,0,0,0,95.0,99,46,44,7,5,39,62,1.45,.272
Adam A Eaton,SD,8,5,4.32,17,17,2,0,0,0,116.2,108,61,56,20,5,40,109,1.27,.241
Scott S Eyre,TOR,1,2,3.45,17,0,0,0,2,2,15.2,15,6,6,1,1,7,16,1.40,.263
Roy R Halladay,TOR,5,3,3.16,17,16,1,1,0,0,105.1,97,41,37,3,1,25,96,1.16,.241
Orlando O Hernandez,NYY,4,7,4.85,17,16,0,0,0,0,94.2,90,51,51,19,5,42,77,1.39,.248
Dan D Kolb,TEX,0,0,4.70,17,0,0,0,0,0,15.1,15,8,8,2,0,10,15,1.63,.259
David D Lundquist,SD,0,1,5.95,17,0,0,0,0,0,19.2,20,13,13,1,1,7,19,1.37,.260
Ron R Mahay,CHC,0,0,2.61,17,0,0,0,0,0,20.2,14,6,6,4,0,15,24,1.40,.197
Scott S Mullen,KC,0,0,4.50,17,0,0,0,0,0,10.0,13,6,5,0,0,9,3,2.20,.310
Joel J Pineiro,SEA,6,2,2.03,17,11,0,0,0,0,75.1,50,24,17,2,3,21,56,0.94,.191
Nick N Bierbrodt,TB,5,6,5.55,16,16,0,0,0,0,84.1,100,59,52,17,4,39,73,1.65,.291
Matt M De Witt,TOR,0,2,3.79,16,0,0,0,0,0,19.0,22,8,8,2,1,10,13,1.68,.293
Darren D Dreifort,LA,4,7,5.13,16,16,0,0,0,0,94.2,89,62,54,11,6,47,91,1.44,.251
Gus G Gandarillas,MIL,0,0,5.49,16,0,0,0,0,0,19.2,25,13,12,2,0,10,7,1.78,.321
Dicky D Gonzalez,NYM,3,2,4.88,16,7,0,0,0,0,59.0,72,33,32,4,1,17,31,1.51,.306
Erik E Hiljus,OAK,5,0,3.41,16,11,0,0,0,0,66.0,70,29,25,7,0,21,67,1.38,.263
John J Parrish,BAL,1,2,6.14,16,1,0,0,0,0,22.0,22,17,15,5,3,17,20,1.77,.256
Adam A Pettyjohn,DET,1,6,5.82,16,9,0,0,0,0,65.0,81,48,42,10,4,21,40,1.57,.309
Luis L Pineda,DET,0,1,4.91,16,0,0,0,0,0,18.1,16,10,10,2,0,14,13,1.64,.239
Grant G Roberts,NYM,1,0,3.81,16,0,0,0,0,0,26.0,24,11,11,2,0,8,29,1.23,.240
Jesus J Sanchez,FLA,2,4,4.74,16,9,0,0,0,0,62.2,61,33,33,7,2,31,46,1.47,.256
Bud B Smith,STL,6,3,3.83,16,14,1,1,0,0,84.2,79,40,36,12,1,24,59,1.22,.250
Kevin K Walker,SD,0,0,3.00,16,0,0,0,0,0,12.0,5,4,4,0,0,8,17,1.08,.122
David D Wells,CWS,5,7,4.47,16,16,1,0,0,0,100.2,120,55,50,12,3,21,59,1.40,.297
Justin J Atchley,CIN,0,0,6.10,15,0,0,0,0,0,10.1,12,7,7,4,1,5,8,1.65,.286
Dave D Borkowski,DET,0,2,6.37,15,0,0,0,0,0,29.2,30,21,21,5,3,15,30,1.52,.261
Allen A Mc Dill,BOS,0,0,5.52,15,0,0,0,0,0,14.2,13,9,9,2,1,7,16,1.36,.236
Tony T Mc Knight,PIT,3,6,4.95,15,15,0,0,0,0,87.1,109,52,48,19,5,24,46,1.52,.303
Alan A Mills,BAL,1,1,9.64,15,0,0,0,0,0,14.0,20,15,15,6,2,11,9,2.21,.333
Bobby B Munoz,MON,0,4,5.14,15,7,0,0,0,0,42.0,53,25,24,6,2,21,21,1.76,.321
Charles C Nagy,CLE,5,6,6.40,15,13,0,0,0,0,70.1,102,53,50,10,0,20,29,1.73,.342
Paul P Rigdon,MIL,3,5,5.79,15,15,0,0,0,0,79.1,86,52,51,13,3,46,49,1.66,.287
Johan J Santana,MIN,1,0,4.74,15,4,0,0,0,0,43.2,50,25,23,6,3,16,28,1.51,.292
J. D. J Smart,TEX,1,2,6.46,15,0,0,0,0,0,15.1,19,11,11,3,0,4,10,1.50,.306
Chuck C Smith,FLA,5,5,4.70,15,15,0,0,0,0,88.0,89,47,46,10,6,35,71,1.41,.265
Ryan R Vogelsong,PIT,0,5,6.75,15,2,0,0,0,0,34.2,39,31,26,6,2,20,24,1.70,.277
Jeff J Williams,LA,2,1,6.29,15,1,0,0,0,0,24.1,26,18,17,5,1,17,9,1.77,.295
Todd T Williams,NYY,1,0,4.70,15,0,0,0,0,0,15.1,22,9,8,1,2,9,13,2.02,.324
John J Bale,BAL,1,0,3.04,14,0,0,0,0,0,26.2,18,14,9,2,1,17,21,1.31,.194
Tom T Martin,NYM,1,0,10.06,14,0,0,0,0,0,17.0,23,22,19,4,1,10,12,1.94,.319
J. C. J Romero,MIN,1,4,6.23,14,11,0,0,0,0,65.0,71,48,45,10,1,24,39,1.46,.277
John J Thomson,COL,4,5,4.04,14,14,1,1,0,0,93.2,84,46,42,15,4,25,68,1.16,.239
Marc M Wilkins,PIT,0,1,6.75,14,0,0,0,0,0,17.1,22,13,13,2,1,8,11,1.73,.319
Bobby B Witt,ARI,4,1,4.78,14,7,0,0,0,0,43.1,36,23,23,6,3,25,31,1.41,.222
Kent K Bottenfield,HOU,2,5,6.40,13,9,0,0,1,1,52.0,61,44,37,16,2,16,39,1.48,.288
Casey C Fossum,BOS,3,2,4.87,13,7,0,0,0,0,44.1,44,26,24,4,6,20,26,1.44,.259
Chris C George,KC,4,8,5.59,13,13,1,0,0,0,74.0,83,48,46,14,0,18,32,1.36,.288
Sterling S Hitchcock,NYY,6,5,5.63,13,12,1,0,0,0,70.1,89,46,44,6,3,21,43,1.56,.304
Matt M Miller,DET,0,0,7.45,13,0,0,0,0,0,9.2,16,8,8,0,1,4,6,2.07,.372
Mike M Mohler,ARI,0,0,7.24,13,0,0,0,0,0,13.2,14,11,11,3,0,9,7,1.68,.286
Chris C Peters,MON,2,4,7.55,13,6,0,0,0,0,31.0,47,26,26,7,2,15,14,2.00,.367
Tim T Redding,HOU,3,1,5.50,13,9,0,0,0,0,55.2,62,38,34,11,3,24,55,1.54,.286
Jose J Rijo,CIN,0,0,2.12,13,0,0,0,0,0,17.0,19,6,4,2,0,9,12,1.65,.271
Dan D Wheeler,TB,1,0,8.66,13,0,0,0,0,0,17.2,30,17,17,3,0,5,12,1.98,.375
Matt M Whiteside,ATL,0,1,7.16,13,0,0,0,0,0,16.1,23,14,13,5,1,7,10,1.84,.319
Dan D Wright,CWS,5,3,5.70,13,12,0,0,0,0,66.1,78,45,42,12,2,39,36,1.76,.300
John J Frascatore,TOR,1,0,2.20,12,0,0,0,0,0,16.1,16,4,4,4,0,4,9,1.22,.246
Ryan R Glynn,TEX,1,5,7.04,12,9,0,0,0,0,46.0,59,38,36,7,0,26,15,1.85,.309
Junior J Herndon,SD,2,6,6.33,12,8,0,0,0,0,42.2,55,34,30,5,3,25,14,1.88,.322
Mike M Judd,TEX,1,1,5.28,12,3,0,0,0,0,29.0,34,24,17,4,1,15,16,1.69,.288
Bobby B Seay,TB,1,1,6.23,12,0,0,0,0,0,13.0,13,11,9,3,1,5,12,1.38,.260
Joe J Slusarski,HOU,0,1,9.00,12,0,0,0,0,0,16.0,25,16,16,4,0,4,11,1.81,.357
Scott S Winchester,CIN,0,2,4.50,12,1,0,0,0,0,24.0,29,19,12,7,3,4,9,1.38,.315
Brandon B Duckworth,PHI,3,2,3.52,11,11,0,0,0,0,69.0,57,29,27,2,6,29,40,1.25,.234
Josh J Fogg,CWS,0,0,2.03,11,0,0,0,0,0,13.1,10,3,3,0,1,3,17,0.98,.208
Wayne W Franklin,HOU,0,0,6.75,11,0,0,0,0,0,12.0,17,9,9,4,0,9,9,2.17,.333
Brandon B Lyon,TOR,5,4,4.29,11,11,0,0,0,0,63.0,63,31,30,6,1,15,35,1.24,.266
J. B. J Miadich,ANA,0,0,4.50,11,0,0,0,0,0,10.0,6,5,5,2,0,8,11,1.40,.182
Will W Ohman,CHC,0,1,7.71,11,0,0,0,0,0,11.2,14,10,10,2,0,6,12,1.71,.292
Chris C Piersoll,CIN,0,0,2.38,11,0,0,0,0,0,11.1,12,4,3,0,1,6,7,1.59,.267
Mark M Redman,DET,2,6,4.50,11,11,0,0,0,0,58.0,68,32,29,7,1,23,33,1.57,.289
Brett B Tomko,SEA,3,1,5.19,11,4,0,0,0,0,34.2,42,24,20,9,0,15,22,1.64,.288
Matt M Wise,ANA,1,4,4.38,11,9,0,0,0,0,49.1,47,27,24,11,2,18,50,1.32,.250
Carlos C Almanzar,NYY,0,1,3.38,10,0,0,0,0,0,10.2,14,4,4,2,0,2,6,1.50,.333
Nate N Cornejo,DET,4,4,7.38,10,10,0,0,0,0,42.2,63,38,35,10,3,28,22,2.13,.344
Jeff J D' Amico,MIL,2,4,6.08,10,10,0,0,0,0,47.1,60,42,32,11,1,16,32,1.61,.306
Todd T Erdos,BOS,0,0,4.96,10,0,0,0,0,0,16.1,15,9,9,2,3,8,7,1.41,.263
Brian B Fuentes,SEA,1,1,4.63,10,0,0,0,0,0,11.2,6,6,6,2,3,8,10,1.20,.171
Ryan R Jensen,SF,1,2,4.25,10,7,0,0,0,0,42.1,44,21,20,5,4,25,26,1.63,.268
Mike M Johnson,MON,0,0,4.76,10,0,0,0,0,0,11.1,13,6,6,3,2,4,10,1.50,.295
Randy R Keisler,NYY,1,2,6.22,10,10,0,0,0,0,50.2,52,36,35,12,0,34,36,1.70,.259
Brandon B Kolb,MIL,0,0,13.03,10,0,0,0,0,0,9.2,16,16,14,6,0,8,8,2.48,.372
Brian B Meadows,KC,1,6,6.97,10,10,0,0,0,0,50.1,73,41,39,12,1,12,21,1.69,.351
Ruben R Quevedo,MIL,4,5,4.61,10,10,0,0,0,0,56.2,56,30,29,9,0,30,60,1.52,.257
Brian B Rose,TB,0,3,7.45,10,3,0,0,0,0,29.0,41,24,24,7,0,14,15,1.90,.336
Alan A Benes,STL,2,0,7.36,9,1,0,0,0,0,14.2,14,12,12,5,0,12,10,1.77,.250
Willie W Blair,DET,1,4,10.50,9,4,0,0,0,0,24.0,38,30,28,3,3,11,15,2.04,.369
Ryan R Drese,CLE,1,2,3.44,9,4,0,0,0,0,36.2,32,15,14,2,1,15,24,1.28,.242
Kevin K Foster,TEX,0,1,6.62,9,0,0,0,0,0,17.2,21,14,13,2,3,10,16,1.75,.309
Pat P Hentgen,BAL,2,3,3.47,9,9,1,0,0,0,62.1,51,25,24,7,0,19,33,1.12,.221
Mike M Koplove,ARI,0,1,3.60,9,0,0,0,0,0,10.0,8,7,4,1,2,9,14,1.70,.211
Scott S Linebrink,HOU,0,0,2.61,9,0,0,0,0,0,10.1,6,4,3,0,2,6,9,1.16,.176
Brian B Reith,CIN,0,7,7.81,9,8,0,0,0,0,40.1,56,37,35,13,2,16,22,1.79,.333
Armando A Reynoso,ARI,1,6,5.98,9,9,0,0,0,0,46.2,58,32,31,13,4,13,15,1.52,.312
Roy R Smith,CLE,0,0,6.06,9,0,0,0,0,0,16.1,16,14,11,3,2,13,17,1.78,.246
Jason J Standridge,TB,0,0,4.66,9,1,0,0,0,0,19.1,19,10,10,5,0,14,9,1.71,.260
Kevin K Tolar,DET,0,0,6.75,9,0,0,0,0,0,10.2,7,8,8,0,0,13,11,1.88,.189
Marc M Valdes,ATL,1,0,7.71,9,0,0,0,0,0,7.0,7,6,6,4,0,1,3,1.14,.259
Benito B Baez,FLA,0,0,13.50,8,0,0,0,0,0,9.1,22,14,14,3,0,6,14,3.00,.449
Todd T Belitz,COL,1,1,7.71,8,0,0,0,0,0,9.1,9,8,8,2,0,3,5,1.29,.250
Bobby B Chouinard,COL,0,0,8.22,8,0,0,0,0,0,7.2,10,7,7,4,0,1,5,1.43,.303
Rocky R Coppinger,MIL,1,0,6.75,8,3,0,0,0,0,22.2,24,17,17,5,1,15,15,1.72,.282
Paxton P Crawford,BOS,3,0,4.75,8,7,0,0,0,0,36.0,40,19,19,3,2,13,25,1.47,.276
Juan J Cruz,CHC,3,1,3.22,8,8,0,0,0,0,44.2,40,16,16,4,2,17,39,1.28,.244
Tim T Drew,CLE,0,2,7.97,8,6,0,0,0,0,35.0,51,39,31,9,4,16,15,1.91,.340
Mike M Duvall,MIN,0,0,7.71,8,0,0,0,0,0,4.2,7,4,4,1,0,2,4,1.93,.368
Brett B Jodie,SD,0,2,6.39,8,3,0,0,0,0,25.1,26,18,18,10,0,13,13,1.54,.274
Matt M Mantei,ARI,0,0,2.57,8,0,0,0,2,2,7.0,6,2,2,2,0,4,12,1.43,.222
Troy T Mattes,MON,3,3,6.00,8,8,0,0,0,0,45.0,51,33,30,9,4,21,26,1.60,.285
Carl C Pavano,MON,1,6,6.33,8,8,0,0,0,0,42.2,59,33,30,7,2,16,36,1.76,.331
Scot S Shields,ANA,0,0,0.00,8,0,0,0,0,0,11.0,8,1,0,0,1,7,7,1.36,.200
Jeff J Tabaka,STL,0,0,7.36,8,0,0,0,0,0,3.2,6,3,3,1,0,1,3,1.91,.375
Anthony A Telford,MON,0,1,10.29,8,0,0,0,0,0,7.0,14,12,8,2,1,5,5,2.71,.412
Ken K Vining,CWS,0,0,17.55,8,0,0,0,0,0,6.2,15,14,13,3,1,7,3,3.30,.441
Pasqual P Coco,TOR,1,0,4.40,7,1,0,0,0,0,14.1,12,8,7,0,2,6,9,1.26,.226
Brian B Cooper,ANA,0,1,2.63,7,1,0,0,0,0,13.2,10,5,4,2,0,4,7,1.02,.200
Joe J Davenport,COL,0,0,3.48,7,0,0,0,0,0,10.1,8,7,4,1,0,7,8,1.45,.222
Craig C Dingman,COL,0,0,13.50,7,0,0,0,1,1,7.1,11,11,11,4,2,3,2,1.91,.355
Tony T Fiore,MIN,0,1,5.59,7,0,0,0,0,0,9.2,9,6,6,0,1,3,8,1.24,.243
Bryce B Florie,BOS,0,1,11.42,7,0,0,0,0,0,8.2,12,11,11,1,0,7,7,2.19,.316
Kris K Foster,BAL,0,0,2.70,7,0,0,0,0,0,10.0,9,4,3,1,0,8,8,1.70,.231
Pete P Harnisch,CIN,1,3,6.37,7,7,0,0,0,0,35.1,48,29,25,9,1,17,17,1.84,.318
Jason J Jennings,COL,4,1,4.58,7,7,1,1,0,0,39.1,42,21,20,2,1,19,26,1.55,.276
Adam A Johnson,MIN,1,2,8.28,7,4,0,0,0,0,25.0,32,25,23,6,5,13,17,1.80,.323
Frankie F Rodriguez,CIN,0,0,11.42,7,0,0,0,0,0,8.2,16,12,11,1,0,5,9,2.42,.400
Brad B Voyles,KC,0,0,3.86,7,0,0,0,0,0,9.1,5,4,4,1,1,8,6,1.39,.161
Jaret J Wright,CLE,2,2,6.52,7,7,0,0,0,0,29.0,36,22,21,2,0,22,18,2.00,.313
Rick R Ankiel C,STL,1,2,7.13,6,6,0,0,0,0,24.0,25,21,19,7,3,25,27,2.08,.275
Rick R Bauer,BAL,0,5,4.64,6,6,0,0,0,0,33.0,35,22,17,7,1,9,16,1.33,.265
Scott S Chiasson,CHC,1,1,2.70,6,0,0,0,0,0,6.2,5,2,2,2,1,2,6,1.05,.200
Jason J Grilli,FLA,2,2,6.08,6,5,0,0,0,0,26.2,30,18,18,6,2,11,17,1.54,.297
Adrian A Hernandez,NYY,0,3,3.68,6,3,0,0,0,0,22.0,15,10,9,7,2,10,10,1.14,.190
Ricky R Stone,HOU,0,0,2.35,6,0,0,0,0,0,7.2,8,3,2,1,0,2,4,1.30,.258
Brandon B Villafuerte,TEX,0,0,14.29,6,0,0,0,0,0,5.2,12,9,9,3,1,4,4,2.82,.414
Carlos C Zambrano,CHC,1,2,15.26,6,1,0,0,0,0,7.2,11,13,13,2,1,8,4,2.48,.355
Willie W Banks,BOS,0,0,0.84,5,0,0,0,0,0,10.2,5,4,1,0,0,4,10,0.84,.132
Kevin K Beirne,TOR,0,0,12.86,5,0,0,0,0,0,7.0,13,10,10,1,0,6,5,2.71,.394
Adam A Bernero,DET,0,0,7.30,5,0,0,0,0,0,12.1,13,13,10,4,1,4,8,1.38,.260
Matt M Blank,MON,2,2,5.16,5,4,0,0,0,0,22.2,23,14,13,5,2,13,11,1.59,.267
Justin J Duchscherer,TEX,1,1,12.27,5,2,0,0,0,0,14.2,24,20,20,5,4,4,11,1.91,.353
Jared J Fernandez,CIN,0,1,4.38,5,2,0,0,0,0,12.1,13,9,6,1,2,6,5,1.54,.265
Ken K Hill,TB,0,1,12.27,5,0,0,0,0,0,7.1,10,11,10,4,1,5,2,2.05,.333
Jonathan J Johnson,TEX,0,0,9.58,5,0,0,0,0,0,10.1,13,11,11,2,1,7,11,1.94,.317
Damian D Moss,ATL,0,0,3.00,5,1,0,0,0,0,9.0,3,3,3,1,0,9,8,1.33,.097
Jim J Parque,CWS,0,3,8.04,5,5,1,0,0,0,28.0,36,26,25,7,2,10,15,1.64,.308
Chris C Seelbach,ATL,0,0,7.88,5,0,0,0,0,0,8.0,9,7,7,3,0,5,8,1.75,.273
Joe J Strong,FLA,0,0,1.35,5,0,0,0,0,0,6.2,3,1,1,1,0,3,4,0.90,.136
Brad B Thomas,MIN,0,2,9.37,5,5,0,0,0,0,16.1,20,17,17,6,1,14,6,2.08,.303
Josh J Beckett,FLA,2,2,1.50,4,4,0,0,0,0,24.0,14,9,4,3,1,11,24,1.04,.161
R. A. R Dickey,TEX,0,1,6.75,4,0,0,0,0,0,12.0,13,9,9,3,0,7,4,1.67,.283
Sean S Douglass,BAL,2,1,5.31,4,4,0,0,0,0,20.1,21,12,12,3,1,11,17,1.57,.259
Horacio H Estrada,COL,1,1,14.54,4,0,0,0,0,0,4.1,8,7,7,1,1,1,4,2.08,.400
Geraldo G Guzman,ARI,0,0,2.89,4,0,0,0,0,0,9.1,7,4,3,2,0,3,4,1.07,.206
Jason J Karnuth,STL,0,0,1.80,4,0,0,0,0,0,5.0,6,1,1,1,1,4,1,2.00,.316
Brandon B Knight,NYY,0,0,10.13,4,0,0,0,0,0,10.2,18,12,12,5,0,3,7,1.97,.367
Felipe F Lira,MON,0,0,12.60,4,0,0,0,0,0,5.0,11,7,7,1,0,2,3,2.60,.440
Jim J Mann,HOU,0,0,3.38,4,0,0,0,0,0,5.1,3,2,2,0,2,4,5,1.31,.176
Ramon R Martinez,PIT,0,2,8.62,4,4,0,0,0,0,15.2,16,15,15,4,2,16,9,2.04,.276
Jason J Middlebrook,SD,2,1,5.12,4,3,0,0,0,0,19.1,18,11,11,6,1,10,10,1.45,.247
Blaine B Neal,FLA,0,0,6.75,4,0,0,0,0,0,5.1,7,4,4,0,0,5,3,2.25,.304
Kevin K Olsen,FLA,0,0,1.20,4,2,0,0,0,0,15.0,11,2,2,0,0,2,13,0.87,.204
Antonio A Osuna,CWS,0,0,20.77,4,0,0,0,0,0,4.1,8,10,10,3,1,2,6,2.31,.421
Juan J Rincon,MIN,0,0,6.35,4,0,0,0,0,0,5.2,7,5,4,1,0,5,4,2.12,.318
Tim T Spooneybarger,ATL,0,1,2.25,4,0,0,0,0,0,4.0,5,1,1,0,0,2,3,1.75,.313
Dennis D Springer,LA,1,1,3.32,4,3,0,0,0,0,19.0,19,7,7,3,3,2,7,1.11,.275
Denny D Stark,SEA,1,1,9.20,4,3,0,0,0,0,14.2,21,15,15,5,0,4,12,1.70,.333
Don D Wengert,PIT,0,2,12.38,4,4,0,0,0,0,16.0,33,22,22,2,0,6,4,2.44,.429
Mike M Bacsik,CLE,0,0,9.00,3,0,0,0,0,0,9.0,13,10,9,0,1,3,4,1.78,.325
Francisco F Cordero,TEX,0,1,3.86,3,0,0,0,0,0,2.1,3,1,1,0,0,2,1,2.14,.300
Chad C Harville,OAK,0,0,0.00,3,0,0,0,0,0,3.0,2,0,0,0,0,0,2,0.67,.182
Carlos C Hernández Hernandez,HOU,1,0,1.02,3,3,0,0,0,0,17.2,11,2,2,1,0,7,17,1.02,.177
Chad C Hutchinson,STL,0,0,24.75,3,0,0,0,0,0,4.0,9,11,11,3,1,6,2,3.75,.450
Hideki H Irabu,MON,0,2,4.86,3,3,0,0,0,0,16.2,22,9,9,3,0,3,18,1.50,.314
Eric E Knott,ARI,0,1,1.93,3,1,0,0,0,0,4.2,8,9,1,0,2,0,4,1.71,.348
Mike M Mac Dougal,KC,1,1,4.70,3,3,0,0,0,0,15.1,18,10,8,2,1,4,7,1.43,.290
Dave D Maurer,SD,0,0,10.80,3,0,0,0,0,0,5.0,8,6,6,1,0,4,4,2.40,.348
Jimmy J Osting,SD,0,0,0.00,3,0,0,0,0,0,2.0,1,0,0,0,0,2,3,1.50,.143
Kyle K Peterson,MIL,1,2,5.52,3,2,0,0,0,0,14.2,19,10,9,3,0,4,12,1.57,.302
Ariel A Prieto,TB,0,0,2.45,3,0,0,0,0,0,3.2,6,1,1,0,1,2,2,2.18,.375
Johnny J Ruffin,FLA,0,0,4.91,3,0,0,0,0,0,3.2,5,4,2,0,1,4,4,2.45,.313
Bret B Saberhagen,BOS,1,2,6.00,3,3,0,0,0,0,15.0,19,11,10,3,1,0,10,1.27,.302
Kurt K Ainsworth,SF,0,0,13.50,2,0,0,0,0,0,2.0,3,3,3,1,1,2,3,2.50,.333
Andy A Ashby,LA,2,0,3.86,2,2,0,0,0,0,11.2,14,5,5,2,0,1,7,1.29,.292
Grant G Balfour,MIN,0,0,13.50,2,0,0,0,0,0,2.2,3,4,4,2,0,3,2,2.25,.333
Toby T Borland,ANA,0,1,10.80,2,0,0,0,0,0,3.1,8,5,4,1,0,1,0,2.70,.471
Brian B Bowles,TOR,0,0,0.00,2,0,0,0,0,0,3.2,4,0,0,0,0,1,4,1.36,.286
Lesli L Brea,BAL,0,0,18.00,2,0,0,0,0,0,2.0,6,4,4,2,0,3,0,4.50,.545
Mickey M Callaway,TB,0,0,7.20,2,0,0,0,0,0,5.0,3,4,4,2,0,2,2,1.00,.167
Carlos C Castillo,BOS,0,0,6.00,2,0,0,0,0,0,3.0,3,2,2,1,0,0,0,1.00,.273
Mark M Corey,NYM,0,0,16.20,2,0,0,0,0,0,1.2,5,3,3,0,0,3,3,4.80,.500
Cal C Eldred,CWS,0,1,13.50,2,2,0,0,0,0,6.0,12,9,9,1,3,3,6,2.50,.429
Travis T Harper,TB,0,2,7.71,2,2,0,0,0,0,7.0,15,11,6,5,0,3,2,2.57,.455
Gary G Knotts,FLA,0,1,6.00,2,1,0,0,0,0,6.0,7,4,4,1,2,1,9,1.33,.280
Carlton C Loewer,SD,0,2,24.92,2,2,0,0,0,0,4.1,13,12,12,2,0,3,1,3.69,.520
Trey T Moore,ATL,0,0,11.25,2,0,0,0,0,0,4.0,7,5,5,0,0,2,1,2.25,.368
Joe J Nelson,ATL,0,0,36.00,2,0,0,0,0,0,2.0,7,9,8,1,1,2,0,4.50,.583
Nick N Neugebauer,MIL,1,1,7.50,2,2,0,0,0,0,6.0,6,5,5,1,0,6,11,2.00,.250
Doug D Nickle,PHI,0,0,0.00,2,0,0,0,0,0,2.0,1,0,0,0,0,0,1,0.50,.143
Scott S Radinsky,CLE,0,0,27.00,2,0,0,0,0,0,2.0,4,6,6,2,0,3,3,3.50,.400
Wilfredo W Rodriguez,HOU,0,0,15.00,2,0,0,0,0,0,3.0,6,5,5,2,0,1,3,2.33,.429
Pete P Walker,NYM,0,0,2.70,2,0,0,0,0,0,6.2,6,2,2,0,0,0,4,0.90,.240
Scott S Williamson,CIN,0,0,0.00,2,0,0,0,0,0,0.2,1,0,0,0,1,2,0,4.50,.333
Joaquin J Benoit,TEX,0,0,10.80,1,1,0,0,0,0,5.0,8,6,6,3,0,3,4,2.20,.364
Bobby B Bonilla,STL,0,0,18.00,1,0,0,0,0,0,1.0,3,2,2,1,0,1,0,4.00,.600
Joe J Borowski,CHC,0,1,32.40,1,1,0,0,0,0,1.2,6,6,6,1,0,3,1,5.40,.667
Tim T Christman,COL,0,0,4.50,1,0,0,0,0,0,2.0,1,1,1,1,0,0,2,0.50,.143
Valerio V De Los Santos,MIL,0,0,9.00,1,0,0,0,0,0,1.0,1,1,1,0,0,1,1,2.00,.250
Chris C Donnels,LA,0,0,0.00,1,0,0,0,0,0,0.1,0,0,0,0,0,0,0,0.00,.000
Steve S Finley C,ARI,0,0,0.00,1,0,0,0,0,0,1.0,0,0,0,0,1,1,0,1.00,.000
Steve S Green,ANA,0,0,3.00,1,1,0,0,0,0,6.0,4,2,2,0,0,6,4,1.67,.190
Brett B Hinchliffe,NYM,0,1,36.00,1,1,0,0,0,0,2.0,9,8,8,2,1,1,2,5.00,.643
Tim T Laker,CLE,0,0,0.00,1,0,0,0,0,0,1.0,1,0,0,0,0,1,1,2.00,.250
Mark M Loretta,MIL,0,0,0.00,1,0,0,0,0,0,1.0,1,0,0,0,0,1,2,2.00,.250
John J Mabry L,FLA,0,0,135.00,1,0,0,0,0,0,0.1,3,5,5,0,0,3,0,18.00,.750
Brian B Moehler,DET,0,0,3.38,1,1,0,0,0,0,8.0,6,3,3,0,0,1,2,0.88,.207
Christian C Parker,NYY,0,1,21.00,1,1,0,0,0,0,3.0,8,7,7,2,0,1,1,3.00,.471
Brian B Powell,HOU,0,1,18.00,1,1,0,0,0,0,3.0,5,6,6,1,0,3,3,2.67,.357
Desi D Relaford S,NYM,0,0,0.00,1,0,0,0,0,0,1.0,0,0,0,0,0,0,1,0.00,.000
Scott S Sobkowiak,ATL,0,0,9.00,1,0,0,0,0,0,1.0,2,1,1,0,0,0,0,2.00,.400
Billy B Taylor,PIT,0,0,4.50,1,0,0,0,0,0,2.0,2,1,1,1,0,0,3,1.00,.250
