PLAYER,TEAM,AB,R,H,2B,3B,HR,RBI,BB,SO,SB,CS,AVG,OBP,SLG,OPS
Jeff J Bagwell,HOU,162,586,87,160,34,6,18,96,84,97,10,6,.273,.368,.444,.812
Craig C Biggio,HOU,162,613,96,170,32,3,6,39,94,95,38,15,.277,.378,.369,.747
Steve S Finley C,HOU,162,607,84,177,29,13,5,55,58,63,44,9,.292,.355,.407,.762
Cal C Ripken S,BAL,162,637,73,160,29,1,14,72,64,50,4,3,.251,.323,.366,.689
Carlos C Baerga,CLE,161,657,92,205,32,1,20,105,35,76,10,2,.312,.354,.455,.809
Travis T Fryman S,DET,161,659,87,175,31,4,20,96,45,144,8,4,.266,.316,.416,.731
Terry T Pendleton,ATL,160,640,98,199,39,1,21,105,37,67,5,2,.311,.345,.473,.818
Kirby K Puckett C,MIN,160,639,104,210,38,4,19,110,44,97,17,7,.329,.374,.490,.864
Frank F Thomas,CWS,160,573,108,185,46,2,24,115,122,88,6,3,.323,.439,.536,.975
Brady B Anderson L,BAL,159,623,100,169,28,10,21,80,98,98,53,16,.271,.373,.449,.823
Jay J Bell S,PIT,159,632,87,167,36,6,9,55,55,103,7,5,.264,.326,.383,.709
Marquis M Grissom C,MON,159,653,99,180,39,6,14,66,42,81,78,13,.276,.322,.418,.740
Rafael R Palmeiro,TEX,159,608,84,163,27,4,22,85,72,83,2,3,.268,.352,.434,.786
Tony T Phillips,DET,159,606,114,167,32,3,10,64,114,93,12,10,.276,.387,.388,.775
Joe J Carter R,TOR,158,622,97,164,30,7,34,119,36,109,12,5,.264,.309,.498,.808
Mark M Grace,CHC,158,603,72,185,37,5,9,79,72,36,6,1,.307,.380,.430,.809
Paul P Molitor D,MIL,158,609,89,195,36,7,12,89,73,66,31,6,.320,.389,.461,.851
Ryne R Sandberg,CHC,158,612,100,186,32,8,26,87,68,73,17,6,.304,.371,.510,.881
Brett B Butler C,LA,157,553,86,171,14,11,3,39,95,67,41,21,.309,.413,.391,.803
Gary G Disarcina S,CAL,157,518,48,128,19,0,3,42,20,50,9,7,.247,.283,.301,.584
Lance L Johnson C,CWS,157,567,67,158,15,12,3,47,34,33,41,14,.279,.318,.363,.681
Don D Mattingly,NYY,157,640,89,184,40,0,14,86,39,43,3,0,.288,.327,.416,.742
Mickey M Tettleton,DET,157,525,82,125,25,0,32,83,122,137,0,6,.238,.379,.469,.848
Robin R Ventura,CWS,157,592,85,167,38,1,16,93,93,71,2,4,.282,.375,.431,.806
Mike M Devereaux C,BAL,156,653,76,180,29,11,24,107,44,94,10,8,.276,.321,.464,.785
Dave D Hollins,PHI,156,586,104,158,28,4,27,93,76,110,9,6,.270,.369,.469,.839
Shane S Mack L,MIN,156,600,101,189,31,6,16,75,64,106,26,14,.315,.394,.467,.860
Eddie E Murray,NYM,156,551,64,144,37,2,16,93,66,74,4,2,.261,.336,.423,.759
Dave D Winfield,TOR,156,583,92,169,33,3,26,108,82,89,2,3,.290,.377,.491,.867
George G Bell D,CWS,155,627,74,160,27,0,25,112,31,97,5,2,.255,.294,.418,.712
Tony T Fernandez S,SD,155,622,84,171,32,4,4,37,56,62,20,20,.275,.337,.359,.696
Cecil C Fielder,DET,155,594,80,145,22,0,35,124,73,151,0,0,.244,.325,.458,.783
Juan J Gonzalez C,TEX,155,584,77,152,24,2,43,109,35,143,0,1,.260,.304,.529,.833
Darrin D Jackson C,SD,155,587,72,146,23,5,17,70,26,106,14,3,.249,.283,.392,.675
Chuck C Knoblauch,MIN,155,600,104,178,19,6,2,56,88,60,34,13,.297,.384,.358,.743
Mark M Lemke,ATL,155,427,38,97,7,4,6,26,50,39,0,3,.227,.307,.304,.611
Mike M Bordick,OAK,154,504,62,151,19,4,3,48,40,59,12,6,.300,.358,.371,.730
Andy A Van Slyke C,PIT,154,614,103,199,45,12,14,89,58,99,12,3,.324,.381,.505,.886
Albert A Belle D,CLE,153,585,81,152,23,1,34,112,52,128,8,2,.260,.320,.477,.797
Ron R Gant L,ATL,153,544,74,141,22,6,17,80,45,101,32,10,.259,.321,.415,.736
Ray R Lankford C,STL,153,598,87,175,40,6,20,86,72,147,42,24,.293,.371,.480,.850
Devon D White C,TOR,153,641,98,159,26,7,17,60,47,133,37,4,.248,.303,.390,.693
Roberto R Alomar,TOR,152,571,105,177,27,8,8,76,87,52,49,9,.310,.405,.427,.832
George G Brett D,KC,152,592,55,169,35,5,7,61,35,69,8,6,.285,.330,.397,.727
Jay J Buhner R,SEA,152,543,69,132,16,3,25,79,71,146,0,6,.243,.333,.422,.754
Mel M Hall L,NYY,152,583,67,163,36,3,15,81,29,53,4,2,.280,.310,.429,.739
Gregg G Jefferies,KC,152,604,66,172,36,3,10,75,43,29,19,9,.285,.329,.404,.733
Roberto R Kelly C,NYY,152,580,81,158,31,2,10,66,41,96,28,5,.272,.322,.384,.706
Fred F Mc Griff,SD,152,531,79,152,30,4,35,104,96,108,8,6,.286,.394,.556,.950
Dean D Palmer,TEX,152,541,74,124,25,0,26,72,62,154,10,4,.229,.311,.420,.731
Ruben R Sierra,OAK,151,601,83,167,34,7,17,87,45,68,14,4,.278,.323,.443,.766
Tim T Wallach,MON,150,537,53,120,29,1,9,59,50,90,2,2,.223,.296,.331,.627
Robin R Yount C,MIL,150,557,71,147,40,3,8,77,53,81,15,6,.264,.325,.390,.714
Wally W Joyner,KC,149,572,66,154,36,2,9,66,55,50,11,5,.269,.336,.386,.723
Eric E Karros,LA,149,545,63,140,30,1,20,88,37,103,2,4,.257,.304,.426,.730
Pat P Listach S,MIL,149,579,93,168,19,6,1,47,55,124,54,18,.290,.352,.349,.700
Brian B Mc Rae C,KC,149,533,63,119,23,5,4,52,42,88,18,5,.223,.285,.308,.593
Jose J Offerman S,LA,149,534,67,139,20,8,1,30,57,98,23,16,.260,.331,.333,.664
Luis L Polonia,CAL,149,577,83,165,17,4,0,35,45,64,51,21,.286,.337,.329,.666
Kenny K Lofton C,CLE,148,576,96,164,15,8,5,42,68,54,66,12,.285,.362,.365,.726
Paul P O' Neill R,CIN,148,496,59,122,19,1,14,66,77,85,6,3,.246,.346,.373,.719
Kevin K Reimer L,TEX,148,494,56,132,32,2,16,58,42,103,2,4,.267,.336,.437,.774
Kevin K Seitzer,MIL,148,540,74,146,35,1,5,71,57,44,13,11,.270,.337,.367,.704
Mark M Whiten R,CLE,148,508,73,129,19,4,9,43,72,102,16,12,.254,.347,.360,.707
Bip B Roberts L,CIN,147,532,92,172,34,6,4,45,62,54,44,16,.323,.393,.432,.826
Jerald J Clark L,SD,146,496,45,120,22,6,12,58,22,97,3,0,.242,.278,.383,.661
Greg G Gagne S,MIN,146,439,53,108,23,0,7,39,19,83,6,7,.246,.280,.346,.626
Gary G Sheffield,SD,146,557,87,184,34,3,33,100,48,40,5,6,.330,.385,.580,.965
Matt M Williams,SF,146,529,58,120,13,5,20,66,39,109,7,7,.227,.286,.384,.670
Steve S Buechele,CHC,145,524,52,137,23,4,9,64,52,105,1,3,.261,.334,.372,.707
Darren D Daulton,PHI,145,485,80,131,32,5,27,109,88,103,11,2,.270,.385,.524,.908
Mike M Felder C,SF,145,322,44,92,13,3,4,23,21,29,14,4,.286,.330,.382,.712
Rafael R Belliard S,ATL,144,285,20,60,6,1,0,14,14,43,0,1,.211,.255,.239,.494
Will W Clark,SF,144,513,69,154,40,1,16,73,73,82,12,7,.300,.384,.476,.860
David D Justice R,ATL,144,484,78,124,19,5,21,72,79,85,2,4,.256,.359,.446,.805
John J Kruk,PHI,144,507,86,164,30,4,10,70,92,88,3,5,.323,.423,.458,.881
Tim T Raines L,CWS,144,551,102,162,22,9,7,54,81,48,45,6,.294,.380,.405,.784
Wade W Boggs,BOS,143,514,62,133,22,4,7,50,74,31,1,3,.259,.353,.358,.711
Andre A Dawson R,CHC,143,542,60,150,27,2,22,90,30,70,6,2,.277,.316,.456,.772
Joe J Oliver,CIN,143,485,42,131,25,1,10,57,35,75,2,3,.270,.316,.388,.704
Jody J Reed,BOS,143,550,64,136,27,1,3,40,62,44,7,8,.247,.321,.316,.638
Steve S Sax,CWS,143,567,74,134,26,4,4,47,43,42,30,12,.236,.290,.317,.607
Dick D Schofield S,NYM,143,423,52,87,18,2,4,36,61,82,11,4,.206,.311,.286,.597
Larry L Walker R,MON,143,528,85,159,31,4,23,93,41,97,18,6,.301,.353,.506,.859
Mariano M Duncan L,PHI,142,574,71,153,40,3,8,50,17,108,23,3,.267,.292,.389,.680
Ken K Griffey C,SEA,142,565,83,174,39,4,27,103,44,67,10,5,.308,.361,.535,.896
Charlie C Hayes,NYY,142,509,52,131,19,2,18,66,28,100,3,5,.257,.297,.409,.705
Greg G Vaughn L,MIL,141,501,77,114,18,2,23,78,60,123,15,15,.228,.313,.409,.723
Harold H Baines D,OAK,140,478,58,121,18,0,16,76,59,61,1,3,.253,.331,.391,.723
Barry B Bonds L,PIT,140,473,109,147,36,5,34,103,127,69,39,8,.311,.456,.624,1.080
Brian B Harper,MIN,140,502,58,154,25,0,9,73,26,22,0,1,.307,.343,.410,.754
Barry B Larkin S,CIN,140,533,76,162,32,6,12,78,63,58,15,4,.304,.377,.454,.831
Harold H Reynolds,SEA,140,458,55,113,23,3,3,33,45,41,15,12,.247,.316,.330,.645
Paul P Sorrento,CLE,140,458,52,123,24,1,18,60,51,89,0,3,.269,.341,.443,.784
Chad C Curtis R,CAL,139,441,59,114,16,2,10,46,51,71,43,18,.259,.341,.372,.712
Doug D Dascenzo C,CHC,139,376,37,96,13,4,0,20,27,32,6,8,.255,.304,.311,.615
Junior J Felix C,CAL,139,509,63,125,22,5,9,72,33,128,8,8,.246,.289,.361,.651
Mark M Mc Gwire,OAK,139,467,87,125,22,0,42,104,90,105,0,1,.268,.385,.585,.970
Tom T Pagnozzi,STL,139,485,33,121,26,3,7,44,28,64,2,5,.249,.290,.359,.649
B. J. B Surhoff,MIL,139,480,63,121,19,1,4,62,46,41,14,8,.252,.314,.321,.635
Pat P Borders,TOR,138,480,47,116,26,2,13,53,33,75,1,1,.242,.290,.385,.676
Tom T Brunansky R,BOS,138,458,47,122,31,3,15,74,66,96,2,5,.266,.354,.445,.800
Chili C Davis D,MIN,138,444,63,128,27,2,12,66,73,76,4,5,.288,.386,.439,.825
Willie W Mc Gee R,SF,138,474,56,141,20,2,1,36,29,88,13,4,.297,.339,.354,.693
John J Olerud,TOR,138,458,68,130,28,0,16,66,70,61,1,0,.284,.375,.450,.825
Eric E Anthony R,HOU,137,440,45,105,15,1,19,80,38,98,5,4,.239,.298,.407,.705
Leo L Gomez,BAL,137,468,62,124,24,0,17,64,63,78,2,3,.265,.356,.425,.782
Candy C Maldonado L,TOR,137,489,64,133,25,4,20,66,59,112,2,2,.272,.357,.462,.819
Randy R Milligan,BAL,137,462,71,111,21,1,11,53,106,81,0,1,.240,.383,.361,.744
Tino T Martinez,SEA,136,460,53,118,19,2,16,66,42,77,2,1,.257,.316,.411,.727
Omar O Vizquel S,SEA,136,483,49,142,20,4,0,21,32,38,15,13,.294,.340,.352,.692
Kevin K Bass L,NYM,135,402,40,108,23,5,9,39,23,70,14,9,.269,.308,.418,.726
Ken K Caminiti,HOU,135,506,68,149,31,2,13,62,44,68,10,4,.294,.350,.441,.790
Casey C Candaele S,HOU,135,320,19,68,12,1,1,18,24,36,7,1,.213,.269,.266,.535
Delino D De Shields,MON,135,530,82,155,19,8,7,56,54,108,46,15,.292,.359,.398,.757
Lenny L Harris,LA,135,347,28,94,11,0,0,30,24,24,19,7,.271,.318,.303,.621
Carney C Lansford,OAK,135,496,65,130,30,1,7,75,43,39,7,2,.262,.325,.369,.694
Jose J Lind,PIT,135,468,38,110,14,1,0,39,26,29,3,1,.235,.275,.269,.544
Dave D Martinez C,CIN,135,393,47,100,20,5,3,31,42,54,12,8,.254,.323,.354,.677
Edgar E Martinez,SEA,135,528,100,181,46,3,18,73,54,61,14,4,.343,.404,.544,.948
Mitch M Webster R,LA,135,262,33,70,12,5,6,35,27,49,11,5,.267,.334,.420,.754
Orlando O Merced,PIT,134,405,50,100,28,5,6,60,52,63,5,4,.247,.332,.385,.717
Pete P O' Brien,SEA,134,396,40,88,15,1,14,52,40,27,2,1,.222,.289,.371,.660
Tony T Peña Pena,BOS,133,410,39,99,21,1,1,38,24,61,3,2,.241,.284,.305,.589
Bill B Doran,CIN,132,387,48,91,16,2,8,47,64,40,7,4,.235,.342,.349,.691
Dave D Hansen,LA,132,341,30,73,11,0,6,22,34,49,0,2,.214,.286,.299,.585
Ozzie O Smith S,STL,132,518,73,153,20,2,0,31,59,34,43,9,.295,.367,.342,.708
Willie W Wilson C,OAK,132,396,38,107,15,5,0,37,35,65,28,8,.270,.329,.333,.662
Bernard B Gilkey L,STL,131,384,56,116,19,4,7,43,39,52,18,12,.302,.364,.427,.792
Felix F Jose R,STL,131,509,62,150,22,3,14,75,40,100,28,12,.295,.347,.432,.779
Daryl D Boston L,NYM,130,289,37,72,14,2,11,35,38,60,12,6,.249,.338,.426,.764
Gary G Gaetti,CAL,130,456,41,103,13,2,12,48,21,79,3,1,.226,.267,.342,.610
Stan S Javier C,PHI,130,334,42,83,17,1,1,29,37,54,18,3,.249,.327,.314,.642
Jeff J King,PIT,130,480,56,111,21,2,14,65,27,56,4,6,.231,.272,.371,.643
Lou L Whitaker,DET,130,453,77,126,26,0,19,71,81,46,6,4,.278,.386,.461,.847
Scott S Leius,MIN,129,409,50,102,18,2,2,35,34,61,6,5,.249,.309,.318,.626
Mike M Macfarlane,KC,129,402,51,94,28,3,17,48,30,89,1,5,.234,.310,.445,.755
Bobby B Bonilla R,NYM,128,438,62,109,23,0,19,70,66,73,4,3,.249,.348,.432,.779
Tony T Gwynn R,SD,128,520,77,165,27,3,6,41,46,16,3,6,.317,.371,.415,.786
Darryl D Hamilton R,MIL,128,470,67,140,19,7,5,62,45,42,41,14,.298,.356,.400,.756
Manuel M Lee S,TOR,128,396,49,104,10,1,3,39,50,73,6,2,.263,.343,.316,.659
Mike M Sharperson,LA,128,317,48,95,21,0,3,36,47,33,2,2,.300,.387,.394,.781
Terry T Steinbach,OAK,128,438,48,122,20,1,12,53,45,58,2,3,.279,.345,.411,.756
Robby R Thompson,SF,128,443,54,115,25,1,14,49,43,75,5,9,.260,.333,.415,.749
Mickey M Morandini,PHI,127,422,47,112,8,8,3,30,25,64,8,3,.265,.305,.344,.649
Pedro P Munoz R,MIN,127,418,44,113,16,3,12,71,17,90,4,5,.270,.298,.409,.708
Ruben R Amaro,PHI,126,374,43,82,15,6,7,34,37,54,11,5,.219,.303,.348,.651
Chico C Walker,NYM,126,253,26,73,12,1,4,38,27,50,15,1,.289,.351,.391,.742
Todd T Zeile,STL,126,439,51,113,18,4,7,48,68,70,7,10,.257,.352,.364,.717
Sid S Bream,ATL,125,372,30,97,25,1,10,61,46,51,6,0,.261,.340,.414,.754
Derrick D May L,CHC,124,351,33,96,11,0,8,45,14,40,5,3,.274,.306,.373,.680
Cory C Snyder R,SF,124,390,48,105,22,2,14,57,23,96,4,4,.269,.311,.444,.755
Dave D Valle,SEA,124,367,39,88,16,1,9,30,27,58,0,0,.240,.305,.362,.668
Bob B Zupcic C,BOS,124,392,46,108,19,1,3,43,25,60,2,2,.276,.322,.352,.674
Lance L Blankenship,OAK,123,349,59,84,24,1,3,34,82,57,21,7,.241,.393,.341,.734
Jeff J Blauser S,ATL,123,343,61,90,19,3,14,46,46,82,5,5,.262,.354,.458,.811
Scott S Cooper,BOS,123,337,34,93,21,0,5,33,37,33,1,1,.276,.346,.383,.728
Scott S Fletcher,MIL,123,386,53,106,18,3,3,51,30,33,17,10,.275,.335,.360,.695
Todd T Hundley,NYM,123,358,32,75,17,0,7,32,19,76,3,0,.209,.256,.316,.572
Jeff J Huson S,TEX,123,318,49,83,14,3,4,24,41,43,18,6,.261,.342,.362,.703
Ron R Karkovice,CWS,123,342,39,81,12,1,13,50,30,89,10,4,.237,.302,.392,.694
Ivan I Rodriguez,TEX,123,420,39,109,16,1,8,37,24,73,0,0,.260,.300,.360,.659
Danny D Tartabull R,NYY,123,421,72,112,19,0,25,85,103,115,2,2,.266,.409,.489,.898
Luis L Gonzalez,HOU,122,387,40,94,19,3,10,55,24,52,7,7,.243,.289,.385,.674
Thomas T Howard L,CLE,122,361,37,100,15,2,2,32,17,60,15,8,.277,.308,.346,.654
Mark M Lewis S,CLE,122,413,44,109,21,0,5,30,25,69,4,5,.264,.308,.351,.659
Spike S Owen,MON,122,386,52,104,16,3,7,40,50,30,9,4,.269,.348,.381,.729
Todd T Benzinger,LA,121,293,24,70,16,2,4,31,15,54,2,4,.239,.272,.348,.620
Matt M Nokes,NYY,121,384,42,86,9,1,22,59,37,62,0,1,.224,.293,.424,.718
Randy R Velarde S,NYY,121,412,57,112,24,1,7,46,38,78,7,2,.272,.333,.386,.718
Kelly K Gruber,TOR,120,446,42,102,16,3,11,43,26,72,7,7,.229,.275,.352,.627
Brook B Jacoby,CLE,120,291,30,76,7,0,4,36,28,54,0,3,.261,.324,.326,.650
Otis O Nixon C,ATL,120,456,79,134,14,2,2,22,39,54,41,18,.294,.348,.346,.695
Jose J Canseco R,TEX,119,439,74,107,15,0,26,87,63,128,6,7,.244,.344,.456,.799
Billy B Hatcher L,BOS,118,409,47,102,19,2,3,33,22,52,4,8,.249,.290,.328,.618
Rickey R Henderson L,OAK,117,396,77,112,18,3,15,46,95,56,48,11,.283,.426,.457,.883
Scott S Livingstone,DET,117,354,43,100,21,0,4,46,21,36,1,3,.282,.319,.376,.695
Joe J Orsulak R,BAL,117,391,45,113,18,3,4,39,28,34,5,4,.289,.342,.381,.723
Bill B Pecota,NYM,117,269,28,61,13,0,2,26,25,40,9,3,.227,.293,.297,.590
Mike M Scioscia,LA,117,348,19,77,6,3,3,24,32,31,3,2,.221,.286,.282,.568
Al A Newman,TEX,116,246,25,54,5,0,0,12,34,26,9,6,.220,.317,.240,.557
Reggie R Sanders C,CIN,116,385,62,104,26,6,12,36,48,98,16,7,.270,.356,.462,.818
Andy A Stankiewicz S,NYY,116,400,52,107,22,2,2,25,38,42,9,5,.268,.338,.348,.685
Moises M Alou L,MON,115,341,53,96,28,2,9,56,25,46,16,2,.282,.328,.455,.782
Gene G Larkin,MIN,115,337,38,83,18,1,6,42,28,43,7,2,.246,.308,.359,.667
Hal H Morris,CIN,115,395,41,107,21,3,6,53,45,53,6,6,.271,.347,.385,.732
David D Segui,BAL,115,189,21,44,9,0,1,17,20,23,1,0,.233,.306,.296,.602
Kurt K Stillwell,SD,114,379,35,86,15,3,2,24,26,58,4,1,.227,.274,.298,.572
Jim J Eisenreich R,KC,113,353,31,95,13,3,2,28,24,36,11,6,.269,.313,.340,.653
Dan D Gladden L,DET,113,417,57,106,20,1,7,42,30,64,4,2,.254,.304,.357,.661
Pete P Incaviglia L,HOU,113,349,31,93,22,1,11,44,25,99,2,2,.266,.319,.430,.749
Mo M Vaughn,BOS,113,355,42,83,16,2,13,57,47,67,3,3,.234,.326,.400,.726
Dante D Bichette R,MIL,112,387,37,111,27,2,5,41,16,74,18,7,.287,.318,.406,.724
Cecil C Espy R,PIT,112,194,21,50,7,3,1,20,15,40,6,3,.258,.310,.340,.650
Kent K Hrbek,MIN,112,394,52,96,20,0,15,58,71,56,5,2,.244,.357,.409,.766
Bret B Barberie,MON,111,285,26,66,11,0,1,24,47,62,9,5,.232,.354,.281,.634
Jerry J Browne,OAK,111,324,43,93,12,2,3,40,40,40,3,3,.287,.366,.364,.730
Chris C James L,SF,111,248,25,60,10,4,5,32,14,45,2,3,.242,.285,.375,.660
Billy B Ripken,BAL,111,330,35,76,15,0,4,36,18,26,2,3,.230,.275,.312,.587
Curtis C Wilkerson S,KC,111,296,27,74,10,1,2,29,18,47,18,7,.250,.292,.311,.602
Rob R Deer,DET,110,393,66,97,20,1,32,64,51,131,4,2,.247,.337,.547,.884
Kirt K Manwaring,SF,109,349,24,85,10,5,4,26,29,42,2,1,.244,.311,.335,.646
Kevin K Mc Reynolds L,KC,109,373,45,92,25,0,13,49,67,48,7,1,.247,.357,.418,.776
Dwight D Smith,CHC,109,217,28,60,10,3,3,24,13,40,9,8,.276,.318,.392,.709
Milt M Thompson,STL,109,208,31,61,9,1,4,17,16,39,18,6,.293,.350,.404,.753
Henry H Cotto L,SEA,108,294,42,76,11,1,5,27,14,49,23,2,.259,.294,.354,.647
Phil P Plantier R,BOS,108,349,46,86,19,0,7,30,44,83,2,3,.246,.332,.361,.694
Brian B Downing D,TEX,107,320,53,89,18,0,10,39,62,58,1,0,.278,.407,.428,.835
Glenn G Davis D,BAL,106,398,46,110,15,2,13,48,37,65,1,0,.276,.338,.422,.760
Pat P Kelly,NYY,106,318,38,72,22,2,7,27,25,72,8,5,.226,.301,.374,.675
Keith K Miller,KC,106,416,57,118,24,4,4,38,31,46,16,6,.284,.352,.389,.742
Benito B Santiago,SD,106,386,37,97,21,0,10,42,21,52,2,5,.251,.287,.383,.670
Luis L Sojo,CAL,106,368,37,100,12,3,7,43,14,24,7,11,.272,.299,.378,.677
Lee L Stevens,CAL,106,312,25,69,19,0,7,37,29,64,1,4,.221,.288,.349,.637
Alex A Cole R,PIT,105,302,44,77,4,7,0,15,28,67,16,6,.255,.318,.315,.633
John J Vander Wal L,MON,105,213,21,51,8,2,4,20,24,36,3,0,.239,.316,.352,.669
Herm H Winningham,BOS,105,234,27,55,8,1,1,14,10,53,6,5,.235,.266,.291,.557
Rene R Gonzales,CAL,104,329,47,91,17,1,7,38,41,46,7,4,.277,.363,.398,.761
Eddie E Taubensee,HOU,104,297,23,66,15,0,5,28,31,78,2,1,.222,.299,.323,.622
Gary G Varsho,PIT,103,162,22,36,6,3,4,22,10,32,5,2,.222,.266,.370,.636
Walt W Weiss S,OAK,103,316,36,67,5,2,0,21,43,39,6,3,.212,.305,.241,.546
Glenallen G Hill L,CLE,102,369,38,89,16,1,18,49,20,73,9,6,.241,.287,.436,.723
Brian R. B Hunter,ATL,102,238,34,57,13,2,14,41,21,50,1,2,.239,.292,.487,.780
Jeff J Kent,NYM,102,305,52,73,21,2,11,50,27,76,2,3,.239,.312,.430,.742
Luis L Rivera S,BOS,102,288,17,62,11,1,0,29,26,56,4,3,.215,.287,.260,.548
Damon D Berryhill,ATL,101,307,21,70,16,1,10,43,17,67,0,2,.228,.268,.384,.653
Mark M Carreon L,DET,101,336,34,78,11,1,10,41,22,57,3,1,.232,.278,.360,.638
Jim J Gantner,MIL,101,256,22,63,12,1,1,18,12,17,6,2,.246,.278,.313,.590
Mark M Mc Lemore,BAL,101,228,40,56,7,2,0,27,21,26,11,5,.246,.308,.294,.602
Tim T Teufel,SD,101,246,23,55,10,0,6,25,31,45,2,1,.224,.312,.337,.649
Randy R Bush,MIN,100,182,14,39,8,1,2,22,11,37,1,1,.214,.263,.302,.565
Howard H Johnson C,NYM,100,350,48,78,19,0,7,43,55,79,22,5,.223,.329,.337,.666
Darren D Lewis C,SF,100,320,38,74,8,1,1,18,29,46,28,8,.231,.295,.272,.567
Oscar O Azocar,SD,99,168,15,32,6,0,0,8,9,12,1,0,.190,.230,.226,.456
Dave D Magadan,NYM,99,321,33,91,9,1,3,28,56,44,1,0,.283,.390,.346,.736
Kevin K Mitchell L,SEA,99,360,48,103,24,0,9,67,35,46,0,2,.286,.351,.428,.778
Royce R Clayton S,SF,98,321,31,72,7,4,4,24,26,63,8,4,.224,.281,.308,.589
Dave D Gallagher R,NYM,98,175,20,42,11,1,1,21,19,16,4,5,.240,.307,.331,.638
Kevin K Maas D,NYY,98,286,35,71,12,0,11,35,25,63,3,1,.248,.305,.406,.710
Luis L Salazar,CHC,98,255,20,53,7,2,5,25,11,34,1,1,.208,.237,.310,.547
Shawn S Abner R,CWS,97,208,21,58,10,1,1,16,12,35,1,2,.279,.323,.351,.674
Deion D Sanders C,ATL,97,303,54,92,6,14,8,28,18,52,26,9,.304,.346,.495,.841
Chris C Hoiles,BAL,96,310,49,85,10,1,20,40,55,60,0,2,.274,.384,.506,.890
Chris C Sabo,CIN,96,344,42,84,19,3,12,43,30,54,4,5,.244,.302,.422,.723
Skeeter S Barnes,DET,95,165,27,45,8,1,3,25,10,18,3,1,.273,.318,.388,.706
Gary G Carter,MON,95,285,24,62,18,1,5,29,33,37,0,4,.218,.299,.340,.640
Mike M Fitzgerald,CAL,95,189,19,40,2,0,6,17,22,34,2,2,.212,.294,.317,.611
Andres A Galarraga,STL,95,325,38,79,14,2,10,39,11,69,5,4,.243,.282,.391,.673
Michael M La Valliere,PIT,95,293,22,75,13,1,2,29,44,21,0,3,.256,.350,.328,.678
Greg G Olson,ATL,95,302,27,72,14,2,3,27,34,31,2,1,.238,.316,.328,.643
Dickie D Thon S,TEX,95,275,30,68,15,3,4,37,20,40,12,2,.247,.293,.367,.661
Von V Hayes R,CAL,94,307,35,69,17,1,4,29,37,54,11,6,.225,.305,.326,.631
Ricky R Jordan,PHI,94,276,33,84,19,0,4,34,5,44,3,0,.304,.313,.417,.730
Geno G Petralli,TEX,94,192,11,38,12,0,1,18,20,34,0,0,.198,.274,.276,.550
Dale D Sveum S,CWS,94,249,28,49,13,0,4,28,28,68,1,1,.197,.273,.297,.570
Lance L Parrish,SEA,93,275,26,64,13,1,12,32,24,70,1,1,.233,.294,.418,.712
Dan D Pasqua R,CWS,93,265,26,56,16,1,6,33,36,57,0,1,.211,.305,.347,.652
Glenn G Braggs L,CIN,92,266,40,63,16,3,8,38,36,48,3,1,.237,.330,.410,.740
Mackey M Sasser,NYM,92,141,7,34,6,0,2,18,3,10,0,0,.241,.248,.326,.575
Franklin F Stubbs,MIL,92,288,37,66,11,1,9,42,27,68,11,8,.229,.297,.368,.665
Joe J Girardi,CHC,91,270,19,73,3,1,1,12,19,38,0,2,.270,.320,.300,.620
Willie W Randolph,NYM,90,286,29,72,11,1,2,15,40,34,1,3,.252,.352,.318,.670
Sandy S Alomar,CLE,89,299,22,75,16,0,2,26,13,32,3,3,.251,.293,.324,.618
Milt M Cuyler C,DET,89,291,39,70,11,1,3,28,10,62,8,5,.241,.275,.316,.592
Craig C Grebeck S,CWS,88,287,24,77,21,2,3,35,30,34,0,3,.268,.341,.387,.727
Gary G Thurman R,KC,88,200,25,49,6,3,0,20,9,34,9,6,.245,.281,.305,.586
Dave D Bergman,DET,87,181,17,42,3,0,1,10,20,19,1,0,.232,.305,.265,.571
Gerald G Perry,STL,87,143,13,34,8,0,1,18,15,23,3,6,.238,.311,.315,.625
Don D Slaught,PIT,87,255,26,88,17,3,4,37,17,23,2,2,.345,.384,.482,.866
Greg G Briley,SEA,86,200,18,55,10,0,5,12,4,31,9,2,.275,.290,.400,.690
Archi A Cianfrocco,MON,86,232,25,56,5,2,6,30,11,66,3,0,.241,.276,.358,.634
Junior J Ortiz,CLE,86,244,20,61,7,0,0,24,12,23,1,3,.250,.296,.279,.575
Jose J Vizcaino S,CHC,86,285,25,64,10,4,1,17,14,35,3,0,.225,.260,.298,.558
Luis L Alicea,STL,85,265,26,65,9,11,2,32,27,40,2,5,.245,.320,.385,.705
Lenny L Dykstra C,PHI,85,345,53,104,18,0,6,39,40,32,30,5,.301,.375,.406,.781
Lloyd L Mc Clendon R,PIT,84,190,26,48,8,1,3,20,28,24,1,3,.253,.350,.353,.702
Lonnie L Smith,ATL,84,158,23,39,8,2,6,33,17,37,4,0,.247,.324,.437,.761
Kal K Daniels L,CHC,83,212,21,51,11,0,6,25,22,54,0,2,.241,.315,.377,.692
Darrin D Fletcher,MON,83,222,13,54,10,2,2,26,14,28,0,2,.243,.289,.333,.623
Chito C Martinez R,BAL,83,198,26,53,10,1,5,25,31,47,0,1,.268,.366,.404,.770
Rick R Wilkins,CHC,83,244,20,66,9,1,8,22,28,53,0,2,.270,.344,.414,.758
Hubie H Brooks D,CAL,82,306,28,66,13,0,8,36,12,46,3,3,.216,.247,.337,.584
Brent B Mayne,KC,82,213,16,48,10,0,0,18,11,26,0,4,.225,.260,.272,.532
Joe J Boever,HOU,81,7,0,0,0,0,0,0,0,3,0,0,.000,.000,.000,.000
Jack J Clark D,BOS,81,257,32,54,11,0,5,33,56,87,1,1,.210,.350,.311,.661
Kevin K Ward,SD,81,147,12,29,5,0,3,12,14,38,2,3,.197,.274,.293,.567
Doug D Jones,HOU,80,4,0,0,0,0,0,0,0,2,0,0,.000,.000,.000,.000
Felix F Fermin S,CLE,79,215,27,58,7,2,0,13,18,10,0,0,.270,.326,.321,.647
Juan J Guerrero,HOU,79,125,8,25,4,2,1,14,10,32,1,0,.200,.261,.288,.549
Gary G Pettis C,DET,78,159,27,32,5,3,1,12,29,45,14,4,.201,.323,.289,.612
Jamie J Quirk,OAK,78,177,13,39,7,1,2,11,16,28,0,0,.220,.294,.305,.600
Xavier X Hernandez,HOU,77,9,1,0,0,0,0,0,0,5,0,0,.000,.000,.000,.000
Mike M Perez,STL,77,4,0,0,0,0,0,0,0,2,0,0,.000,.000,.000,.000
Scott S Servais,HOU,77,205,12,49,9,0,0,15,11,25,0,0,.239,.294,.283,.577
Wes W Chamberlain R,PHI,76,275,26,71,18,0,9,41,10,55,4,0,.258,.285,.422,.706
Eric E Davis L,LA,76,267,21,61,8,1,5,32,36,71,19,1,.228,.325,.322,.647
Jeff J Innis,NYM,76,2,0,0,0,0,0,0,0,0,0,0,.000,.000,.000,.000
Gary G Redus,PIT,76,176,26,45,7,3,3,12,17,25,11,4,.256,.321,.381,.702
Juan J Samuel R,KC,76,224,22,61,8,4,0,23,14,49,8,3,.272,.318,.344,.662
Freddie F Benavides,CIN,74,173,14,40,10,1,1,17,10,34,0,1,.231,.277,.318,.595
David D Howard S,KC,74,219,19,49,6,2,1,18,15,43,3,4,.224,.271,.283,.554
Rey R Sanchez S,CHC,74,255,24,64,14,3,1,19,10,17,2,1,.251,.285,.341,.626
Gerald G Young R,HOU,74,76,14,14,1,1,0,4,10,11,6,2,.184,.279,.224,.503
John J Cangelosi L,TEX,73,85,12,16,2,0,1,6,18,16,6,5,.188,.330,.247,.577
Cris C Carpenter,STL,73,3,0,1,0,0,0,2,0,1,0,0,.333,.333,.333,.667
Rafael R Ramirez S,HOU,73,176,17,44,6,0,1,13,7,24,0,0,.250,.283,.301,.584
Jeff J Reboulet S,MIN,73,137,15,26,7,1,1,16,23,26,3,2,.190,.311,.277,.588
Jeff J Branson,CIN,72,115,12,34,7,1,0,15,5,16,0,1,.296,.322,.374,.696
Tom T Foley S,MON,72,115,7,20,3,1,0,5,8,21,3,0,.174,.230,.217,.448
Jeff J Grotewold,PHI,72,65,7,13,2,0,3,5,9,16,0,0,.200,.307,.369,.676
Chuck C Mc Elroy,CHC,72,6,2,4,2,1,0,1,0,0,0,0,.667,.667,1.333,2.000
Tim T Naehring S,BOS,72,186,12,43,8,0,3,14,18,31,0,0,.231,.308,.323,.630
Andujar A Cedeno S,HOU,71,220,15,38,13,2,2,13,14,71,2,0,.173,.232,.277,.509
Vince V Coleman L,NYM,71,229,37,63,11,1,2,21,27,41,24,9,.275,.355,.358,.713
Bob B Mc Clure,STL,71,0,0,0,0,0,0,0,0,0,0,0,.000,.000,.000,.000
Ron R Tingley,CAL,71,127,15,25,2,1,3,8,13,35,0,1,.197,.282,.299,.581
Paul P Assenmacher,CHC,70,4,1,0,0,0,0,0,1,1,0,0,.000,.200,.000,.200
Jeff J Fassero,MON,70,7,0,1,1,0,0,0,0,3,0,0,.143,.143,.286,.429
Lee L Smith,STL,70,0,0,0,0,0,0,0,0,0,0,0,.000,.000,.000,.000
Carlos C Hernandez,LA,69,173,11,45,4,0,3,17,11,21,0,1,.260,.316,.335,.651
Carlos C Martinez,CLE,69,228,23,60,9,1,5,35,7,21,1,2,.263,.283,.377,.660
Bob B Scanlan,CHC,69,4,1,0,0,0,0,0,0,1,0,0,.000,.000,.000,.000
Joey J Cora,CWS,68,122,27,30,7,1,0,9,22,13,10,3,.246,.371,.320,.690
Jim J Gott,LA,68,2,0,1,0,0,0,0,0,1,0,0,.500,.500,.500,1.000
Greg G Litton,SF,68,140,9,32,5,0,4,15,11,33,0,1,.229,.285,.350,.635
Charlie C O' Brien,NYM,68,156,15,33,12,0,2,13,16,18,0,1,.212,.289,.327,.616
Mel M Rojas,MON,68,15,0,1,0,0,0,0,0,10,0,0,.067,.067,.067,.133
Mike M Stanley,NYY,68,173,24,43,7,0,8,27,33,45,0,0,.249,.372,.428,.800
Monty M Fariss L,TEX,67,166,13,36,7,1,3,21,17,51,0,2,.217,.297,.325,.623
Jeff J Frye,TEX,67,199,24,51,9,1,1,12,16,27,1,3,.256,.320,.327,.646
Michael M Jackson,SF,67,2,0,0,0,0,0,0,0,0,0,0,.000,.000,.000,.000
Dion D James R,NYY,67,145,24,38,8,0,3,17,22,15,1,0,.262,.359,.379,.738
Tim T Jones S,STL,67,145,9,29,4,0,0,3,11,29,5,2,.200,.256,.228,.484
Chad C Kreuter,DET,67,190,22,48,9,0,2,16,20,38,0,1,.253,.321,.332,.652
Sammy S Sosa C,CHC,67,262,41,68,7,2,8,25,19,63,15,7,.260,.317,.393,.710
John J Wetteland,MON,67,5,0,1,0,0,0,0,0,4,0,0,.200,.200,.200,.400
Todd T Worrell,STL,67,0,0,0,0,0,0,0,0,0,0,0,.000,.000,.000,.000
Ellis E Burks C,BOS,66,235,35,60,8,3,8,30,25,48,5,2,.255,.327,.417,.744
Randy R Myers,SD,66,7,0,1,0,0,0,0,0,5,0,0,.143,.143,.143,.286
Al A Osuna,HOU,66,0,0,0,0,0,0,0,0,0,0,0,.000,.000,.000,.000
Jose J Uribe S,SF,66,162,24,39,9,1,2,13,14,25,2,2,.241,.299,.346,.645
Mitch M Williams,PHI,66,4,0,1,0,0,0,0,0,2,0,0,.250,.250,.250,.500
Rod R Beck,SF,65,2,0,1,0,0,0,0,0,1,0,0,.500,.500,.500,1.000
Dave D Cochrane,SEA,65,152,10,38,5,0,2,12,12,34,1,0,.250,.309,.322,.632
Roger R Mason,PIT,65,10,0,0,0,0,0,0,1,5,0,0,.000,.091,.000,.091
Roger R Mc Dowell,LA,65,3,1,0,0,0,0,0,2,3,0,0,.000,.500,.000,.500
Jeff J Schaefer S,SEA,65,70,5,8,2,0,1,3,2,10,0,1,.114,.139,.186,.325
Mike M Stanton,ATL,65,2,1,1,0,0,0,0,0,0,0,0,.500,.500,.500,1.000
Jeff J Tackett,BAL,65,179,21,43,8,1,5,24,17,28,0,0,.240,.307,.380,.687
Norm N Charlton,CIN,64,5,0,1,0,0,0,0,0,3,0,0,.200,.200,.200,.400
Rob R Dibble,CIN,63,5,0,2,0,0,0,1,0,0,0,0,.400,.400,.400,.800
Alfredo A Griffin S,TOR,63,150,21,35,7,0,0,10,9,19,3,1,.233,.273,.280,.553
Sam S Horn D,BAL,63,162,13,38,10,1,5,19,21,60,0,0,.235,.324,.401,.726
Jim J Leyritz D,NYY,63,144,17,37,6,0,7,26,14,22,0,1,.257,.341,.444,.786
Warren W Newson R,CWS,63,136,19,30,3,0,1,11,37,38,3,0,.221,.387,.265,.652
Carlton C Fisk,CWS,62,188,12,43,4,1,3,21,23,38,3,0,.229,.313,.309,.622
Geronimo G Pena,STL,62,203,31,62,12,1,7,31,24,37,13,8,.305,.386,.478,.863
Bernie B Williams C,NYY,62,261,39,73,14,2,5,26,29,36,7,6,.280,.354,.406,.760
Derek D Bell L,TOR,61,161,23,39,6,3,2,15,15,34,7,2,.242,.324,.354,.678
Bryan B Hickerson,SF,61,4,0,0,0,0,0,0,0,3,0,0,.000,.000,.000,.000
Rex R Hudler,STL,61,98,17,24,4,0,3,5,2,23,2,6,.245,.265,.378,.642
Barry B Jones,NYM,61,2,0,0,0,0,0,0,0,1,0,0,.000,.000,.000,.000
Randy R Ready L,OAK,61,125,17,25,2,0,3,17,25,23,1,0,.200,.329,.288,.617
Rich R Rodriguez,SD,61,6,0,0,0,0,0,0,1,0,0,0,.000,.143,.000,.143
Jeff J Treadway,ATL,61,126,5,28,6,1,0,5,9,16,1,2,.222,.274,.286,.560
Craig C Wilson,STL,61,106,6,33,6,0,0,13,10,18,1,2,.311,.368,.368,.735
Dwayne D Henry,CIN,60,4,1,1,0,0,0,0,0,3,0,0,.250,.250,.250,.500
Mike M Huff R,CWS,60,115,13,24,5,0,0,8,10,24,1,2,.209,.273,.252,.526
Bob B Patterson,PIT,60,6,1,2,1,0,0,4,1,3,0,0,.333,.429,.500,.929
Steve S Wilson,LA,60,3,0,1,0,0,0,0,0,2,0,0,.333,.333,.333,.667
Stan S Belinda,PIT,59,3,1,2,1,0,0,2,0,0,0,0,.667,.667,1.000,1.667
Jack J Daugherty,TEX,59,127,13,26,9,0,0,9,16,21,2,1,.205,.295,.276,.570
Rob R Murphy,HOU,59,1,1,0,0,0,0,0,0,0,0,0,.000,.000,.000,.000
Rico R Rossy S,KC,59,149,21,32,8,1,1,12,20,20,0,3,.215,.310,.302,.612
Marvin M Freeman,ATL,58,4,0,2,0,0,0,0,0,2,0,0,.500,.500,.500,1.000
John J Valentin S,BOS,58,185,21,51,13,0,5,25,20,17,1,0,.276,.351,.427,.778
Tom T Goodwin L,LA,57,73,15,17,1,1,0,3,6,10,7,3,.233,.291,.274,.565
Tim T Hulett,BAL,57,142,11,41,7,2,2,21,10,31,0,1,.289,.340,.408,.748
Scott S Ruskin,CIN,57,3,0,0,0,0,0,0,0,3,0,0,.000,.000,.000,.000
Dan D Walters,SD,57,179,14,45,11,1,4,22,10,28,1,0,.251,.295,.391,.686
Jeff J Brantley,SF,56,9,2,1,0,0,0,0,1,2,0,0,.111,.200,.111,.311
J. T. J Bruett R,MIN,56,76,7,19,4,0,0,2,6,12,6,3,.250,.313,.303,.616
Jose J Melendez,SD,56,5,0,0,0,0,0,0,0,4,0,0,.000,.000,.000,.000
Denny D Neagle,PIT,56,11,0,0,0,0,0,0,0,2,0,1,.000,.000,.000,.000
Darren D Reed L,MIN,56,114,12,20,4,0,5,14,8,34,0,0,.175,.232,.342,.574
Darnell D Coles,CIN,55,141,16,44,11,2,3,18,3,15,1,0,.312,.322,.482,.804
Brian B Jordan L,STL,55,193,17,40,9,4,5,22,10,48,7,2,.207,.250,.373,.623
Kevin K Koslofski R,KC,55,133,20,33,0,2,3,13,12,23,2,1,.248,.313,.346,.659
Mark M Leonard L,SF,55,128,13,30,7,0,4,16,16,31,0,1,.234,.331,.383,.714
John J Wehner,PIT,55,123,11,22,6,0,0,4,12,22,3,0,.179,.252,.228,.480
Scott S Bankhead,CIN,54,9,0,2,0,0,0,0,0,7,0,0,.222,.222,.222,.444
Rob R Ducey L,CAL,54,80,7,15,4,0,0,2,5,22,2,4,.188,.233,.238,.470
Chris C Jones R,HOU,54,63,7,12,2,1,1,4,7,21,3,0,.190,.271,.302,.573
Dave D Righetti,SF,54,7,0,1,0,0,0,0,0,4,0,0,.143,.143,.143,.286
Mike M Gallego,NYY,53,173,24,44,7,1,3,14,20,22,0,1,.254,.343,.358,.702
Kent K Mercker,ATL,53,5,0,0,0,0,0,0,0,5,0,0,.000,.000,.000,.000
Henry H Rodriguez R,LA,53,146,11,32,7,0,3,14,8,30,0,0,.219,.258,.329,.587
Phil P Stephenson,SD,53,71,5,11,2,1,0,8,10,11,0,0,.155,.259,.211,.470
Lenny L Webster,MIN,53,118,10,33,10,1,1,13,9,11,0,2,.280,.331,.407,.738
Greg G Colbrunn,MON,52,168,12,45,8,0,2,18,6,34,3,2,.268,.294,.351,.646
Benny B Distefano,HOU,52,60,4,14,0,2,0,7,5,14,0,0,.233,.303,.300,.603
Craig C Shipley S,SD,52,105,7,26,6,0,0,7,2,21,1,1,.248,.262,.305,.566
Doug D Strange,CHC,52,94,7,15,1,0,1,5,10,15,1,0,.160,.240,.202,.442
Anthony A Young,NYM,52,27,2,3,0,0,0,0,1,13,0,0,.111,.143,.111,.254
Dave D Anderson,LA,51,84,10,24,4,0,3,8,4,11,0,4,.286,.311,.440,.752
Eric E Fox L,OAK,51,143,24,34,5,2,3,13,13,29,3,4,.238,.299,.364,.663
Dave D Nilsson,MIL,51,164,15,38,8,0,4,25,17,18,2,2,.232,.304,.354,.658
Hector H Villanueva,CHC,51,112,9,17,6,0,2,13,11,24,0,0,.152,.228,.259,.487
John J Candelaria,LA,50,0,0,0,0,0,0,0,1,0,0,0,.000,1.000,.000,1.000
Mike M Maddux,SD,50,9,0,1,0,0,0,0,1,4,0,0,.111,.200,.111,.311
Esteban E Beltre S,CWS,49,110,21,21,2,0,1,10,3,18,1,0,.191,.211,.236,.447
Craig C Colbert,SF,49,126,10,29,5,2,1,16,9,22,1,0,.230,.277,.325,.603
Tim T Crews,LA,49,7,1,2,0,0,0,0,0,4,0,0,.286,.286,.286,.571
Mike M Greenwell L,BOS,49,180,16,42,2,0,2,18,18,19,2,3,.233,.307,.278,.585
Jeff J Robinson,CHC,49,12,0,0,0,0,0,0,0,3,0,0,.000,.000,.000,.000
Pat P Tabler,TOR,49,135,11,34,5,0,0,16,11,14,0,0,.252,.306,.289,.595
Eric E Young Sr.,LA,49,132,9,34,1,0,1,11,8,9,6,1,.258,.300,.288,.588
Ivan I Calderon L,MON,48,170,19,45,14,2,3,24,14,22,1,2,.265,.323,.424,.746
Steve S Lyons,BOS,48,55,5,11,0,2,0,4,3,8,1,3,.200,.241,.273,.514
Damion D Easley,CAL,47,151,14,39,5,0,1,12,8,26,9,5,.258,.307,.311,.618
Mike M Hartley,PHI,47,4,0,0,0,0,0,0,0,1,0,0,.000,.000,.000,.000
John J Jaha,MIL,47,133,17,30,3,1,2,10,12,30,10,0,.226,.291,.308,.600
Jerry J Willard,MON,47,48,2,11,1,0,2,8,2,10,0,0,.229,.260,.375,.635
Juan J Bell S,PHI,46,147,12,30,3,1,1,8,18,29,5,0,.204,.292,.259,.550
Junior J Noboa,NYM,46,47,7,7,0,0,0,3,3,8,0,0,.149,.212,.149,.360
Wil W Cordero S,MON,45,126,17,38,4,1,2,8,9,31,0,0,.302,.353,.397,.750
Chris C Donnels,NYM,45,121,8,21,4,0,0,6,17,25,1,0,.174,.275,.207,.482
Kim K Batiste S,PHI,44,136,9,28,4,0,1,10,4,18,0,0,.206,.224,.257,.481
Bill B Sampen,MON,44,6,0,0,0,0,0,0,0,5,0,0,.000,.000,.000,.000
Wally W Whitehurst,NYM,44,22,1,4,1,0,0,3,1,5,0,1,.182,.217,.227,.445
Paul P Gibson,NYM,43,6,0,0,0,0,0,0,1,3,0,0,.000,.143,.000,.143
Pedro P Guerrero,STL,43,146,10,32,6,1,1,16,11,25,2,2,.219,.270,.295,.565
Lee L Guetterman,NYM,43,2,0,0,0,0,0,0,0,2,0,0,.000,.000,.000,.000
John J Morris,CAL,43,57,4,11,1,0,1,3,4,11,1,0,.193,.258,.263,.521
John J Orton,CAL,43,114,11,25,3,0,2,12,7,32,1,1,.219,.276,.298,.575
Darryl D Strawberry R,LA,43,156,20,37,8,0,5,25,19,34,3,1,.237,.322,.385,.707
Wally W Backman,PHI,42,48,6,13,1,0,0,6,6,9,1,0,.271,.352,.292,.644
Tom T Marsh L,PHI,42,125,7,25,3,2,2,16,2,23,0,1,.200,.215,.304,.519
Mike M Pagliarulo,MIN,42,105,10,21,4,0,0,9,1,17,1,0,.200,.213,.238,.451
Curt C Schilling,PHI,42,64,3,10,1,0,0,3,1,22,0,0,.156,.169,.172,.341
Rich R Gedman,STL,41,105,5,23,4,0,1,8,11,22,0,0,.219,.291,.286,.576
Jay J Howell,LA,41,0,0,0,0,0,0,0,0,0,0,0,.000,.000,.000,.000
Ken K Oberkfell,CAL,41,91,6,24,1,0,0,10,8,5,0,1,.264,.317,.275,.592
Alejandro A Pena,ATL,41,2,0,0,0,0,0,0,0,2,0,0,.000,.000,.000,.000
Mike M Benjamin S,SF,40,75,4,13,2,1,1,3,4,15,1,0,.173,.215,.267,.482
Alvin A Davis,CAL,40,104,5,26,8,0,0,16,13,9,0,0,.250,.331,.327,.657
Wally W Ritchie,PHI,40,1,0,0,0,0,0,0,1,1,0,0,.000,.500,.000,.500
Jim J Thome,CLE,40,117,8,24,3,1,2,12,10,34,2,0,.205,.275,.299,.574
Jim J Bullinger,CHC,39,20,3,5,0,0,1,2,1,7,1,0,.250,.286,.400,.686
Ernest E Riles,HOU,39,61,5,16,1,0,1,4,2,11,1,0,.262,.281,.328,.609
Scott S Brosius R,OAK,38,87,13,19,2,0,4,13,3,13,3,0,.218,.258,.379,.637
Omar O Olivares,STL,36,68,7,16,1,0,1,4,1,19,0,0,.235,.246,.294,.540
Gary G Scott,CHC,36,96,8,15,2,0,2,11,5,14,0,1,.156,.198,.240,.438
Terry T Shumpert,KC,36,94,6,14,5,1,1,11,3,17,2,2,.149,.175,.255,.431
John J Smoltz,ATL,36,75,7,12,0,0,1,4,6,32,0,0,.160,.222,.200,.422
Bob B Walk,PIT,36,43,2,4,1,0,0,2,0,11,0,0,.093,.093,.116,.209
Rich R Amaral,SEA,35,100,9,24,3,0,1,7,5,16,4,2,.240,.276,.300,.576
Steve S Avery,ATL,35,76,8,13,2,1,0,4,3,22,0,1,.171,.203,.224,.426
Tim T Belcher,CIN,35,76,3,8,1,0,1,4,0,28,0,0,.105,.105,.158,.263
Jarvis J Brown,MIN,35,15,8,1,0,0,0,0,2,4,2,2,.067,.222,.067,.289
Doug D Drabek,PIT,35,89,5,14,3,0,0,6,2,28,0,0,.157,.176,.191,.367
John J Flaherty,BOS,35,66,3,13,2,0,0,2,3,7,0,0,.197,.229,.227,.456
Julio J Franco D,TEX,35,107,19,25,7,0,2,8,15,17,1,1,.234,.328,.355,.683
Tom T Glavine,ATL,35,77,11,19,1,1,0,7,3,10,0,0,.247,.272,.286,.557
Orel O Hershiser,LA,35,68,6,15,5,0,0,5,1,10,1,0,.221,.229,.294,.523
Dann D Howitt L,SEA,35,85,7,16,4,1,2,10,8,9,1,1,.188,.250,.329,.579
Greg G Maddux,CHC,35,88,6,15,3,0,1,8,1,22,0,0,.170,.180,.239,.418
Tim T Mc Intosh,MIL,35,77,7,14,3,0,0,6,3,9,1,3,.182,.229,.221,.450
Randy R Tomlin,PIT,35,65,4,9,0,0,0,1,3,15,0,0,.138,.176,.138,.315
Larry L Andersen,SD,34,1,1,0,0,0,0,0,1,1,0,0,.000,.500,.000,.500
Andy A Benes,SD,34,67,3,10,2,0,1,5,5,29,0,0,.149,.205,.224,.429
Kevin K Gross,LA,34,63,3,6,1,0,0,0,4,26,0,0,.095,.149,.111,.260
Chris C Gwynn R,KC,34,84,10,24,3,2,1,7,3,10,0,0,.286,.303,.405,.708
Pete P Harnisch,HOU,34,67,7,11,5,0,0,8,2,12,0,1,.164,.188,.239,.427
Cesar C Hernandez,CIN,34,51,6,14,4,0,0,4,0,10,3,1,.275,.275,.353,.628
Danny D Jackson,PIT,34,60,2,5,0,0,0,2,1,31,0,1,.083,.098,.083,.182
Mike M Morgan,CHC,34,74,1,8,0,0,0,5,2,16,0,0,.108,.130,.108,.238
Donovan D Osborne,STL,34,58,4,7,0,1,0,0,0,21,0,0,.121,.121,.155,.276
Tim T Scott,SD,34,0,0,0,0,0,0,0,0,0,0,0,.000,.000,.000,.000
Bill B Swift,SF,34,51,3,8,3,0,0,3,1,18,0,0,.157,.173,.216,.389
Shane S Turner,SEA,34,74,8,20,5,0,0,5,9,15,2,1,.270,.341,.338,.679
Bret B Boone,SEA,33,129,15,25,4,0,4,15,4,34,1,1,.194,.224,.318,.542
Frank F Castillo,CHC,33,65,3,6,0,0,0,1,3,21,0,0,.092,.132,.092,.225
Rick R Cerone,MON,33,63,10,17,4,0,1,7,3,5,1,2,.270,.313,.381,.694
Mark M Gardner,MON,33,50,4,7,0,1,0,2,3,18,0,0,.140,.182,.180,.362
Jose J Gonzalez L,CAL,33,55,4,10,2,0,0,2,7,20,0,1,.182,.270,.218,.488
Dwight D Gooden,NYM,33,72,8,19,3,1,1,9,1,16,0,0,.264,.274,.375,.649
Ken K Hill,MON,33,62,10,11,3,1,1,4,8,13,0,0,.177,.271,.306,.578
Bruce B Hurst,SD,33,69,2,11,4,0,0,1,3,27,0,0,.159,.194,.217,.412
Joe J Millette S,PHI,33,78,5,16,0,0,0,2,5,10,1,0,.205,.271,.205,.476
Jose J Rijo,CIN,33,72,3,14,2,0,0,6,0,18,0,0,.194,.194,.222,.417
Bob B Tewksbury,STL,33,70,4,6,1,0,0,3,4,29,0,0,.086,.135,.100,.235
Alex A Arias S,CHC,32,99,14,29,6,0,0,7,11,13,0,0,.293,.375,.354,.728
John J Burkett,SF,32,55,2,1,1,0,0,2,4,24,0,0,.018,.085,.036,.121
Tom T Candiotti,LA,32,56,3,6,1,0,0,1,1,9,0,0,.107,.123,.125,.248
Jose J De Leon,PHI,32,26,4,3,0,0,0,1,2,9,0,0,.115,.179,.115,.294
Sid S Fernandez,NYM,32,74,8,15,3,0,0,0,0,25,0,0,.203,.203,.243,.446
David D Hulse C,TEX,32,92,14,28,4,0,0,2,3,18,3,1,.304,.326,.348,.674
Charlie C Leibrandt,ATL,32,58,1,7,1,0,0,4,1,12,0,0,.121,.133,.138,.271
Dennis D Martinez,MON,32,74,3,14,0,0,0,2,0,20,0,0,.189,.189,.189,.378
Bob B Melvin,KC,32,70,5,22,5,0,0,6,5,13,0,0,.314,.351,.386,.736
Terry T Mulholland,PHI,32,83,1,8,1,0,0,3,3,35,0,0,.096,.128,.108,.236
Chris C Nabholz,MON,32,65,3,8,3,0,0,2,1,12,0,0,.123,.136,.169,.306
John J Patterson,SF,32,103,10,19,1,1,0,4,5,24,5,1,.184,.229,.214,.443
Ken K Patterson,CHC,32,1,0,0,0,0,0,0,0,1,0,0,.000,.000,.000,.000
Mark M Wohlers,ATL,32,2,0,0,0,0,0,0,0,2,0,0,.000,.000,.000,.000
Kyle K Abbott,PHI,31,29,1,2,1,0,0,2,1,18,0,0,.069,.100,.103,.203
Mike M Blowers,SEA,31,73,7,14,3,0,1,2,6,20,0,0,.192,.253,.274,.527
Rheal R Cormier,STL,31,59,3,6,2,0,0,2,0,13,0,0,.102,.102,.136,.237
Steve S Foster,CIN,31,5,0,1,0,0,0,0,0,1,0,0,.200,.200,.200,.400
John J Franco,NYM,31,1,0,0,0,0,0,0,0,1,0,0,.000,.000,.000,.000
Pat P Howell C,NYM,31,75,9,14,1,0,0,1,2,15,4,2,.187,.218,.200,.418
Jeff J Mc Knight,NYM,31,85,10,23,3,1,2,13,2,8,0,1,.271,.287,.400,.687
Greg G Swindell,CIN,31,80,2,10,2,0,0,4,1,15,0,0,.125,.134,.150,.284
Tracy T Woodson,STL,31,114,9,35,8,0,1,22,3,10,0,0,.307,.331,.404,.734
Bob B Ayrault,PHI,30,0,0,0,0,0,0,0,0,0,0,0,.000,.000,.000,.000
Jesse J Barfield R,NYY,30,95,8,13,2,0,2,7,9,27,1,1,.137,.210,.221,.431
Chris C Hammond,CIN,30,44,7,6,1,0,1,4,6,20,0,0,.136,.235,.227,.463
Jim J Mc Namara,SF,30,74,6,16,1,0,1,9,6,25,0,0,.216,.275,.270,.545
Greg G Myers,CAL,30,78,4,18,7,0,1,13,5,11,0,0,.231,.271,.359,.630
Bobby B Rose,CAL,30,84,10,18,5,0,2,10,8,9,1,1,.214,.295,.345,.640
Heathcliff H Slocumb,CHC,30,4,0,0,0,0,0,0,0,3,0,0,.000,.000,.000,.000
Ryan R Thompson C,NYM,30,108,15,24,7,1,3,10,8,24,2,2,.222,.274,.389,.662
Jerome J Walton L,CHC,30,55,7,7,0,1,0,1,9,13,1,2,.127,.273,.164,.436
Billy B Ashley R,LA,29,95,6,21,5,0,2,6,5,34,0,0,.221,.260,.337,.597
Willie W Blair,HOU,29,17,0,1,0,0,0,0,1,14,0,0,.059,.111,.059,.170
Rod R Brewer,STL,29,103,11,31,6,0,0,10,8,12,0,1,.301,.354,.359,.713
Willie W Greene,CIN,29,93,10,25,5,2,2,13,10,23,0,2,.269,.337,.430,.767
Jim J Lindeman,PHI,29,39,6,10,1,0,1,6,3,11,0,0,.256,.310,.359,.668
Bob B Ojeda,LA,29,49,1,5,0,1,0,3,1,11,0,0,.102,.120,.143,.263
Alan A Trammell S,DET,29,102,11,28,7,1,1,11,15,4,2,2,.275,.370,.392,.762
Juan J Berenguer,ATL,28,2,0,0,0,0,0,0,0,1,0,0,.000,.000,.000,.000
Bud B Black,SF,28,54,1,3,1,0,0,2,2,16,0,0,.056,.089,.074,.163
Cliff C Brantley,PHI,28,14,1,3,0,1,0,1,1,4,0,0,.214,.267,.357,.624
Braulio B Castillo R,PHI,28,76,12,15,3,1,2,7,4,15,1,0,.197,.238,.342,.580
Jeff J Conine L,KC,28,91,10,23,5,2,0,9,8,23,0,0,.253,.313,.352,.665
Butch B Henry,HOU,28,54,3,8,0,0,1,7,1,10,0,0,.148,.164,.204,.367
Tim T Laker,MON,28,46,8,10,3,0,0,4,2,14,1,1,.217,.250,.283,.533
Jesse J Levis,CLE,28,43,2,12,4,0,1,3,0,5,0,0,.279,.279,.442,.721
Ben B Rivera,PHI,28,33,1,3,0,0,0,2,2,11,0,0,.091,.143,.091,.234
Pat P Clements,SD,27,1,0,0,0,0,0,0,0,0,0,0,.000,.000,.000,.000
David D Cone,NYM,27,65,5,6,1,0,0,4,3,19,0,0,.092,.132,.108,.240
Craig C Lefferts,SD,27,52,0,4,0,0,0,0,0,21,0,0,.077,.077,.077,.154
Tom T Prince,PIT,27,44,1,4,2,0,0,5,6,9,1,1,.091,.192,.136,.329
Sergio S Valdez,MON,27,3,0,0,0,0,0,0,0,2,0,0,.000,.000,.000,.000
Eric E Wedge D,BOS,27,68,11,17,2,0,5,11,13,18,0,0,.250,.370,.500,.870
Trevor T Wilson,SF,27,39,3,3,1,0,0,3,3,21,0,0,.077,.143,.103,.245
Jeremy J Hernandez,SD,26,2,0,0,0,0,0,0,0,0,0,0,.000,.000,.000,.000
Jimmy J Jones,HOU,26,36,5,6,1,0,0,4,6,13,0,0,.167,.286,.194,.480
Ramon R Martinez,LA,26,50,1,6,0,0,0,2,0,14,0,0,.120,.120,.120,.240
Zane Z Smith,PIT,26,49,2,6,2,0,0,3,2,11,0,0,.122,.157,.163,.320
Danny D Cox,PIT,25,14,0,1,0,0,0,1,0,8,0,0,.071,.071,.071,.143
D. J. D Dozier L,NYM,25,47,4,9,2,0,0,2,4,19,4,0,.191,.264,.234,.498
Scott S Hemond L,CWS,25,40,8,9,2,0,0,2,4,13,1,0,.225,.289,.275,.564
Donnie D Hill S,MIN,25,51,7,15,3,0,0,2,5,6,0,0,.294,.368,.353,.721
Rob R Mallicoat,HOU,25,1,1,0,0,0,0,0,0,0,0,0,.000,.000,.000,.000
Jim J Pena,SF,25,5,0,1,0,0,0,0,0,2,0,0,.200,.200,.200,.400
Sean S Berry,MON,24,57,5,19,1,0,1,4,1,11,2,1,.333,.345,.404,.748
Jacob J Brumfield C,CIN,24,30,6,4,0,0,0,2,2,4,6,0,.133,.212,.133,.346
Donald D Harris C,TEX,24,33,3,6,1,0,0,1,0,15,1,0,.182,.182,.212,.394
Reggie R Jefferson,CLE,24,89,8,30,6,2,1,6,1,17,0,0,.337,.352,.483,.835
Matt M Merullo,CWS,24,50,3,9,1,1,0,3,1,8,0,0,.180,.208,.240,.448
Troy T Neel L,OAK,24,53,8,14,3,0,3,9,5,15,0,1,.264,.339,.491,.830
Ted T Wood R,SF,24,58,5,12,2,0,1,3,6,15,0,0,.207,.292,.293,.585
Shawn S Boskie,CHC,23,27,1,5,1,0,0,1,2,9,0,0,.185,.241,.222,.464
Dave D Burba,SF,23,15,0,1,0,0,0,1,1,8,0,0,.067,.125,.067,.192
Dave D Clark,PIT,23,33,3,7,0,0,2,7,6,8,0,0,.212,.325,.394,.719
Phil P Clark R,DET,23,54,3,22,4,0,1,5,6,9,1,0,.407,.467,.537,1.004
Jerry Don J Gleaton,PIT,23,2,0,0,0,0,0,0,1,1,0,0,.000,.333,.000,.333
Luis L Mercedes R,BAL,23,50,7,7,2,0,0,4,8,9,0,1,.140,.267,.180,.447
Tim T Salmon R,CAL,23,79,8,14,1,0,2,6,11,23,1,1,.177,.283,.266,.548
Pete P Schourek,NYM,23,42,0,2,0,0,0,1,0,13,0,0,.048,.047,.048,.094
Juan J Agosto,STL,22,4,0,0,0,0,0,0,0,2,0,0,.000,.000,.000,.000
Chuck C Carr,STL,22,64,8,14,3,0,0,3,9,6,10,2,.219,.315,.266,.581
Alex A Diaz,MIL,22,9,5,1,0,0,0,1,0,0,3,2,.111,.111,.111,.222
Carlos C Garcia,PIT,22,39,4,8,1,0,0,4,0,9,0,0,.205,.195,.231,.426
Terry T Jorgensen,MIN,22,58,5,18,1,0,0,5,3,11,1,2,.310,.349,.328,.677
Darryl D Kile,HOU,22,32,2,5,0,0,0,2,3,15,0,0,.156,.229,.156,.385
Ed E Sprague,TOR,22,47,6,11,2,0,1,7,3,7,0,0,.234,.280,.340,.620
Brian B Barnes,MON,21,29,1,8,0,0,0,1,1,15,0,0,.276,.300,.276,.576
Steve S Hosey R,SF,21,56,6,14,1,0,1,6,0,15,1,1,.250,.241,.321,.563
Wayne W Kirby,CLE,21,18,9,3,1,0,1,1,3,2,0,3,.167,.286,.389,.675
Dennis D Lamp,PIT,21,1,0,0,0,0,0,0,0,0,0,0,.000,.000,.000,.000
John J Moses L,SEA,21,22,3,3,1,0,0,1,5,4,0,0,.136,.296,.182,.478
Mike M Piazza,LA,21,69,5,16,3,0,1,7,4,12,0,0,.232,.284,.319,.603
Mark M Clark,STL,20,36,0,5,0,0,0,1,0,18,0,0,.139,.139,.139,.278
Mark M Dewey,NYM,20,1,0,0,0,0,0,0,0,1,0,0,.000,.000,.000,.000
Greg G Harris,SD,20,31,1,4,1,0,0,1,5,13,0,0,.129,.250,.161,.411
Dave D Henderson C,OAK,20,63,1,9,1,0,0,2,2,16,0,0,.143,.169,.159,.328
Gil G Heredia,MON,20,9,0,1,0,0,0,0,0,1,0,0,.111,.111,.111,.222
Jeff J Kunkel,CHC,20,29,0,4,2,0,0,1,0,8,0,0,.138,.138,.207,.345
Steve S Lake,PHI,20,53,3,13,2,0,1,2,1,8,0,0,.245,.255,.340,.594
Vicente V Palacios,PIT,20,14,0,1,0,0,0,0,0,6,0,0,.071,.071,.071,.143
Scooter E Tucker,HOU,20,50,5,6,1,0,0,3,3,13,1,1,.120,.200,.140,.340
Brian B Williams,HOU,20,30,2,4,1,0,0,4,0,13,0,0,.133,.129,.167,.296
Mike M Bielecki,ATL,19,24,1,3,0,0,0,0,0,13,0,0,.125,.125,.125,.250
Mario M Diaz S,TEX,19,31,2,7,1,0,0,1,1,2,0,1,.226,.250,.258,.508
Kelly K Downs,SF,19,14,0,0,0,0,0,0,0,5,0,0,.000,.000,.000,.000
John J Marzano,BOS,19,50,4,4,2,1,0,1,2,12,0,0,.080,.132,.160,.292
Frank F Seminara,SD,19,34,3,4,0,0,0,0,1,9,0,0,.118,.143,.118,.260
Shawon S Dunston,CHC,18,73,8,23,3,1,0,2,3,13,2,3,.315,.342,.384,.726
Tommy T Gregg,ATL,18,19,1,5,0,0,1,1,1,7,1,0,.263,.300,.421,.721
Bill B Landrum,MON,18,0,0,0,0,0,0,0,0,0,0,0,.000,.000,.000,.000
Rodney R Mc Cray,NYM,18,1,3,1,0,0,0,1,0,0,2,0,1.000,1.000,1.000,2.000
Dale D Murphy R,PHI,18,62,5,10,1,0,2,7,1,13,0,0,.161,.175,.274,.449
Tony T Perezchica,CLE,18,20,2,2,1,0,0,1,2,6,0,0,.100,.182,.150,.332
Mark M Portugal,HOU,18,28,1,3,0,0,0,0,0,12,0,0,.107,.107,.107,.214
Fernando F Ramsey C,CHC,18,25,0,3,0,0,0,2,0,6,0,0,.120,.120,.120,.240
Steve S Reed,SF,18,0,0,0,0,0,0,0,0,0,0,0,.000,.000,.000,.000
Steve S Scarsone,BAL,18,30,3,5,0,0,0,0,2,12,0,0,.167,.219,.167,.385
Matt M Sinatro,SEA,18,28,0,3,0,0,0,0,0,5,0,0,.107,.107,.107,.214
William W Suero,MIL,18,16,4,3,1,0,0,0,2,1,1,1,.188,.316,.250,.566
Turner T Ward R,TOR,18,29,7,10,3,0,1,3,4,4,0,1,.345,.424,.552,.976
Dann D Bilardello,SD,17,33,2,4,1,0,0,1,4,8,0,0,.121,.216,.152,.368
Mark M Parent,BAL,17,34,4,8,1,0,2,4,3,7,0,0,.235,.316,.441,.757
Bret B Saberhagen,NYM,17,28,0,3,0,0,0,0,1,9,0,0,.107,.138,.107,.245
Troy T Afenir,CIN,16,34,3,6,1,2,0,4,5,12,0,0,.176,.282,.324,.606
Tom T Bolton,CIN,16,14,0,0,0,0,0,0,0,5,0,0,.000,.000,.000,.000
Tom T Browning,CIN,16,31,4,7,1,0,0,2,1,6,0,0,.226,.242,.258,.500
Kirk K Gibson R,PIT,16,56,6,11,0,0,2,5,3,12,3,1,.196,.237,.304,.541
Kip K Gross,LA,16,2,1,2,0,0,0,1,0,0,0,0,1.000,1.000,1.000,2.000
Francisco F Oliveras,SF,16,7,0,1,0,0,0,0,1,2,0,0,.143,.250,.143,.393
Todd T Pratt,PHI,16,46,6,13,1,0,2,10,4,12,0,0,.283,.340,.435,.775
Ryan R Bowen,HOU,15,9,1,1,0,0,0,0,0,3,0,1,.111,.111,.111,.222
Tim T Burke,NYM,15,0,0,0,0,0,0,0,0,0,0,0,.000,.000,.000,.000
Steve S Decker,SF,15,43,3,7,1,0,0,1,6,7,0,0,.163,.280,.186,.466
Jim J Deshaies,SD,15,29,3,6,0,0,0,0,1,9,0,0,.207,.233,.207,.440
Jeff J Gardner,SD,15,19,0,2,0,0,0,0,1,8,0,0,.105,.150,.105,.255
Shawn S Hare R,DET,15,26,0,3,1,0,0,5,2,4,0,0,.115,.172,.154,.326
Gene G Harris,SD,15,3,0,1,0,0,0,0,0,1,0,0,.333,.333,.333,.667
Will W Pennyfeather C,PIT,15,9,2,2,0,0,0,0,0,0,0,0,.222,.222,.222,.444
Jeff J Reed,CIN,15,25,2,4,0,0,0,2,1,4,0,0,.160,.192,.160,.352
Mike M Simms R,HOU,15,24,1,6,1,0,1,3,2,9,0,0,.250,.333,.417,.750
Guillermo G Velasquez,SD,15,23,1,7,0,0,1,5,1,7,0,0,.304,.333,.435,.768
Gerald G Williams R,NYY,15,27,7,8,2,0,3,6,0,3,2,0,.296,.296,.704,1.000
Cris C Colon S,TEX,14,36,5,6,0,0,0,1,1,8,0,0,.167,.189,.167,.356
Mark M Davis,ATL,14,1,0,0,0,0,0,0,0,1,0,0,.000,.000,.000,.000
Milt M Hill,CIN,14,0,0,0,0,0,0,0,0,0,0,0,.000,.000,.000,.000
Greg G Mathews,PHI,14,14,0,0,0,0,0,0,1,8,0,0,.000,.067,.000,.067
Russ R Mc Ginnis,TEX,14,33,2,8,4,0,0,4,3,7,0,0,.242,.306,.364,.669
Jose J Oquendo,STL,14,35,3,9,3,1,0,3,5,3,0,0,.257,.350,.400,.750
Julio J Peguero C,PHI,14,9,3,2,0,0,0,0,3,3,0,0,.222,.417,.222,.639
Jeff J Reardon,ATL,14,0,0,0,0,0,0,0,0,0,0,0,.000,.000,.000,.000
Tim T Wakefield,PIT,14,28,0,2,0,0,0,0,1,9,0,0,.071,.103,.071,.175
Reggie R Williams C,CAL,14,26,5,6,1,1,0,2,1,10,0,2,.231,.259,.346,.605
Mark M Bailey,SF,13,26,0,4,1,0,0,1,3,7,0,0,.154,.241,.192,.434
Geronimo G Berroa,CIN,13,15,2,4,1,0,0,0,2,1,0,1,.267,.389,.333,.722
Tommy T Greene,PHI,13,24,1,3,0,0,0,0,0,12,0,0,.125,.125,.125,.250
Shawn S Jeter R,CWS,13,18,1,2,0,0,0,0,0,7,0,0,.111,.111,.111,.222
Ryan R Klesko,ATL,13,14,0,0,0,0,0,1,0,5,0,0,.000,.067,.000,.067
Tom T Quinlan,TOR,13,15,2,1,1,0,0,2,2,9,0,0,.067,.176,.133,.310
Stan S Royer,STL,13,31,6,10,2,0,2,9,1,4,0,0,.323,.333,.581,.914
Bryn B Smith,STL,13,3,0,0,0,0,0,0,0,0,0,0,.000,.000,.000,.000
Matt M Stairs L,MON,13,30,2,5,2,0,0,5,7,7,0,0,.167,.316,.233,.549
Jim J Vatcher R,SD,13,16,1,4,1,0,0,2,3,6,0,0,.250,.368,.313,.681
Pete P Young,MON,13,0,0,0,0,0,0,0,0,0,0,0,.000,.000,.000,.000
Francisco F Cabrera,ATL,12,10,2,3,0,0,2,3,1,1,0,0,.300,.364,.900,1.264
Tim T Costo,CIN,12,36,3,8,2,0,0,2,5,6,0,0,.222,.310,.278,.587
Bien B Figueroa S,STL,12,11,1,2,1,0,0,4,1,2,0,0,.182,.250,.273,.523
Ozzie O Guillen S,CWS,12,40,5,8,4,0,0,7,1,5,1,0,.200,.214,.300,.514
Mike M Kingery C,OAK,12,28,3,3,0,0,0,1,1,3,0,0,.107,.138,.107,.245
Al A Martin L,PIT,12,12,1,2,0,1,0,2,0,5,0,0,.167,.154,.333,.487
Melvin M Nieves,ATL,12,19,0,4,1,0,0,1,2,7,0,0,.211,.286,.263,.549
Dan D Peltier R,TEX,12,24,1,4,0,0,0,2,0,3,0,0,.167,.167,.167,.333
Keith K Shepherd,PHI,12,0,0,0,0,0,0,0,0,0,0,0,.000,.000,.000,.000
Pete P Smith,ATL,12,26,1,1,0,0,0,2,2,11,0,0,.038,.107,.038,.146
Bill B Spiers S,MIL,12,16,2,5,2,0,0,2,1,4,1,1,.313,.353,.438,.790
Dan D Wilson,CIN,12,25,2,9,1,0,0,3,3,8,0,0,.360,.429,.400,.829
Pedro P Astacio,LA,11,24,2,3,0,0,0,1,0,14,0,0,.125,.125,.125,.250
Steve S Cooke,PIT,11,3,0,1,0,0,0,1,0,0,0,0,.333,.333,.333,.667
Eric E Hillman,NYM,11,13,0,1,0,0,0,0,0,7,0,0,.077,.077,.077,.154
Dave D Smith,CHC,11,0,0,0,0,0,0,0,0,0,0,0,.000,.000,.000,.000
Rick R Wrona,CIN,11,23,0,4,0,0,0,0,0,3,0,0,.174,.174,.174,.348
Andy A Ashby,PHI,10,11,0,1,1,0,0,1,0,7,0,0,.091,.091,.182,.273
Kent K Bottenfield,MON,10,8,1,3,0,0,0,0,0,3,0,0,.375,.375,.375,.750
Rafael R Bournigal S,LA,10,20,1,3,1,0,0,0,1,2,0,0,.150,.227,.200,.427
Paul P Faries,SD,10,11,3,5,1,0,0,1,1,2,0,0,.455,.500,.545,1.045
Chris C Haney,MON,10,9,1,2,0,0,0,3,0,1,0,0,.222,.222,.222,.444
Don D Robinson,PHI,10,18,0,7,3,0,0,1,0,5,0,0,.389,.389,.556,.944
Steve S Searcy,PHI,10,0,0,0,0,0,0,0,0,0,0,0,.000,.000,.000,.000
Randy R St. Claire,ATL,10,0,0,0,0,0,0,0,0,0,0,0,.000,.000,.000,.000
Kevin K Young,PIT,10,7,2,4,0,0,0,4,2,0,1,0,.571,.667,.571,1.238
Andy A Allanson,MIL,9,25,6,8,1,0,0,0,1,2,3,1,.320,.346,.360,.706
Rico R Brogna,DET,9,26,3,5,1,0,1,3,3,5,0,0,.192,.276,.346,.622
Ozzie O Canseco L,STL,9,29,7,8,5,0,0,3,7,4,0,0,.276,.417,.448,.865
Vinny V Castilla,ATL,9,16,1,4,1,0,0,1,1,4,0,0,.250,.333,.313,.646
Frank F Di Pino,STL,9,1,0,1,0,0,0,0,0,0,0,0,1.000,1.000,1.000,2.000
Tom T Filer,NYM,9,3,0,0,0,0,0,0,0,1,0,0,.000,.000,.000,.000
Bill B Krueger,MON,9,3,0,0,0,0,0,0,0,2,0,0,.000,.000,.000,.000
Tom T Lampkin,SD,9,17,3,4,0,0,0,0,6,1,2,0,.235,.458,.235,.694
Javy J Lopez,ATL,9,16,3,6,2,0,0,2,0,1,0,0,.375,.375,.500,.875
Henry H Mercedes,OAK,9,5,1,4,0,1,0,1,0,1,0,0,.800,.800,1.200,2.000
Jeff J Robinson,PIT,9,11,0,1,0,0,0,1,0,8,0,0,.091,.091,.091,.182
Craig C Worthington,CLE,9,24,0,4,0,0,0,2,2,4,0,1,.167,.231,.167,.397
Eric E Yelding,HOU,9,8,1,2,0,0,0,0,0,3,0,0,.250,.250,.250,.500
Jay J Baller,PHI,8,0,0,0,0,0,0,0,0,0,0,0,.000,.000,.000,.000
Brad B Brink,PHI,8,12,0,1,0,0,0,0,0,5,0,0,.083,.154,.083,.237
Bernardo B Brito,MIN,8,14,1,2,1,0,0,2,0,4,0,1,.143,.133,.214,.348
Eric E Bullock,MON,8,5,0,0,0,0,0,0,0,1,0,0,.000,.000,.000,.000
Victor V Cole,PIT,8,4,0,0,0,0,0,0,0,0,0,0,.000,.000,.000,.000
Rick R Dempsey,BAL,8,9,2,1,0,0,0,0,2,1,0,0,.111,.273,.111,.384
Gary G Green S,CIN,8,12,3,4,1,0,0,0,0,2,0,0,.333,.333,.417,.750
Mike M Harkey,CHC,8,15,4,4,0,0,0,0,0,3,0,0,.267,.267,.267,.533
Bill B Haselman,SEA,8,19,1,5,0,0,0,0,0,7,0,0,.263,.263,.263,.526
Bert B Heffernan,SEA,8,11,0,1,1,0,0,1,0,1,0,0,.091,.091,.182,.273
Randy R Knorr,TOR,8,19,1,5,0,0,1,2,1,5,0,0,.263,.300,.421,.721
Rob R Maurer,TEX,8,9,1,2,0,0,0,1,1,2,0,0,.222,.300,.222,.522
Shane S Reynolds,HOU,8,4,1,2,1,0,0,0,0,0,0,0,.500,.500,.750,1.250
Ray R Stephens,TEX,8,13,0,2,0,0,0,0,0,5,0,0,.154,.154,.154,.308
Eddie E Zosky S,TOR,8,7,1,2,0,1,0,1,0,2,0,0,.286,.250,.571,.821
Scott S Bradley,CIN,7,6,1,2,0,0,0,1,2,1,0,0,.333,.500,.333,.833
Dave D Eiland,SD,7,9,1,1,0,0,1,2,0,4,0,0,.111,.111,.444,.556
Todd T Haney,MON,7,10,0,3,1,0,0,1,0,0,0,0,.300,.300,.400,.700
Domingo D Martinez,TOR,7,8,2,5,0,0,1,3,0,1,0,0,.625,.625,1.000,1.625
Derek D Parks,MIN,7,6,1,2,0,0,0,0,1,1,0,0,.333,.500,.333,.833
Tim T Pugh,CIN,7,13,0,1,0,0,0,0,1,4,0,0,.077,.143,.077,.220
John J Russell,TEX,7,10,1,1,0,0,0,2,1,4,0,0,.100,.231,.100,.331
Rich R Scheid,HOU,7,1,0,0,0,0,0,0,0,1,0,0,.000,.000,.000,.000
Dave D Silvestri S,NYY,7,13,3,4,0,2,0,1,0,3,0,0,.308,.308,.615,.923
Doug D Simons,MON,7,0,0,0,0,0,0,0,0,0,0,0,.000,.000,.000,.000
J. T. J Snow,NYY,7,14,1,2,1,0,0,2,5,5,0,0,.143,.368,.214,.583
Kevin K Baez S,NYM,6,13,0,2,0,0,0,0,0,0,0,0,.154,.154,.154,.308
Larry L Carter,SF,6,10,1,2,0,0,0,0,0,5,0,0,.200,.273,.200,.473
Chris C Cron,CWS,6,10,0,0,0,0,0,0,0,4,0,0,.000,.000,.000,.000
Kevin K Elster S,NYM,6,18,0,4,0,0,0,0,0,2,0,0,.222,.222,.222,.444
Paul P Miller,PIT,6,3,0,0,0,0,0,0,0,3,0,0,.000,.000,.000,.000
David D Nied,ATL,6,7,1,2,0,0,0,0,0,2,0,0,.286,.286,.286,.571
Kevin K Rogers,SF,6,9,0,2,0,0,0,0,0,6,0,0,.222,.222,.222,.444
Rich R Rowland,DET,6,14,2,3,0,0,0,0,3,3,0,0,.214,.353,.214,.567
Paul P Wagner,PIT,6,3,0,1,0,0,0,0,0,1,0,0,.333,.333,.333,.667
Bobby B Ayala,CIN,5,9,1,0,0,0,0,0,0,6,0,0,.000,.000,.000,.000
Joe J Magrane,STL,5,10,1,2,0,0,1,2,0,2,0,0,.200,.200,.500,.700
Rob R Natal,MON,5,6,0,0,0,0,0,0,1,1,0,0,.000,.143,.000,.143
Karl K Rhodes,HOU,5,4,0,0,0,0,0,0,0,2,0,0,.000,.000,.000,.000
Dave D Rohde,CLE,5,7,0,0,0,0,0,0,2,3,0,0,.000,.222,.000,.222
Scott S Service,MON,5,2,0,0,0,0,0,0,0,2,0,0,.000,.000,.000,.000
Jim J Tatum,MIL,5,8,0,1,0,0,0,0,1,2,0,0,.125,.222,.125,.347
Mike M Williams,PHI,5,10,1,4,0,0,0,2,0,4,0,0,.400,.400,.400,.800
Manny M Alexander S,BAL,4,5,1,1,0,0,0,0,0,3,0,0,.200,.200,.200,.400
Tom T Barrett,BOS,4,3,1,0,0,0,0,0,2,0,0,0,.000,.400,.000,.400
Pat P Combs,PHI,4,8,1,1,1,0,0,2,1,1,0,0,.125,.222,.250,.472
Jim J Corsi,OAK,4,0,0,0,0,0,0,0,0,0,0,0,.000,.000,.000,.000
Jeff J Hartsock,CHC,4,2,0,0,0,0,0,0,0,0,0,0,.000,.000,.000,.000
Jessie J Hollins,CHC,4,0,0,0,0,0,0,0,0,0,0,0,.000,.000,.000,.000
Mike M Humphreys L,NYY,4,10,0,1,0,0,0,0,0,1,0,0,.100,.100,.100,.200
Jorge J Pedre,CHC,4,4,0,0,0,0,0,0,0,1,0,0,.000,.000,.000,.000
Harvey H Pulliam L,KC,4,5,2,1,1,0,0,0,1,3,0,0,.200,.333,.400,.733
Steve S Springer,NYM,4,5,0,2,1,0,0,0,0,1,0,0,.400,.400,.600,1.000
Jose J Valentin,MIL,4,3,1,0,0,0,0,1,0,0,0,0,.000,.000,.000,.000
Doug D Brocail,SD,3,5,0,1,0,0,0,0,0,0,0,0,.200,.200,.200,.400
Jerry J Goff,MON,3,3,0,0,0,0,0,0,0,3,0,0,.000,.000,.000,.000
Jose J Hernandez S,CLE,3,4,0,0,0,0,0,0,0,2,0,0,.000,.000,.000,.000
Jonathan J Hurst,MON,3,4,0,0,0,0,0,0,0,2,0,0,.000,.000,.000,.000
Mike M Maksudian,TOR,3,3,0,0,0,0,0,0,0,0,0,0,.000,.000,.000,.000
Tony T Menendez,CIN,3,0,0,0,0,0,0,0,0,0,0,0,.000,.000,.000,.000
Rance R Mulliniks,TOR,3,2,1,1,0,0,0,0,1,0,0,0,.500,.667,.500,1.167
Luis L Quinones,MIN,3,5,0,1,0,0,0,1,0,0,0,0,.200,.167,.200,.367
Pat P Rapp,SF,3,2,0,0,0,0,0,0,0,2,0,0,.000,.000,.000,.000
Dennis D Rasmussen,CHC,3,0,0,0,0,0,0,0,0,0,0,0,.000,.000,.000,.000
Armando A Reynoso,ATL,3,2,0,0,0,0,0,0,0,1,0,0,.000,.000,.000,.000
Joe J Vitko,NYM,3,0,0,0,0,0,0,0,0,0,0,0,.000,.000,.000,.000
Denny D Walling,HOU,3,3,1,1,0,0,0,0,0,0,0,0,.333,.333,.333,.667
Pedro P Borbon,ATL,2,0,0,0,0,0,0,0,0,0,0,0,.000,.000,.000,.000
Keith K Brown,CIN,2,2,0,0,0,0,0,0,0,1,0,0,.000,.000,.000,.000
Mike M Brumley,BOS,2,1,0,0,0,0,0,0,0,0,0,0,.000,.000,.000,.000
Steve S Farr,NYY,2,0,0,0,0,0,0,0,0,0,0,0,.000,.000,.000,.000
Mike M Henneman,DET,2,0,0,0,0,0,0,0,0,0,0,0,.000,.000,.000,.000
Mark M Langston,CAL,2,2,1,0,0,0,0,0,0,2,0,0,.000,.000,.000,.000
Pedro P Martinez,LA,2,2,0,0,0,0,0,0,0,0,0,0,.000,.000,.000,.000
Terry T Mathews,TEX,2,0,0,0,0,0,0,0,0,0,0,0,.000,.000,.000,.000
Matt M Maysey,MON,2,0,0,0,0,0,0,0,0,0,0,0,.000,.000,.000,.000
Hensley H Meulens,NYY,2,5,1,3,0,0,1,1,1,0,0,0,.600,.667,1.200,1.867
Gene G Nelson,OAK,2,0,1,0,0,0,0,0,0,0,0,0,.000,.000,.000,.000
Nelson N Santovenia,CWS,2,3,1,1,0,0,1,2,0,0,0,0,.333,.333,1.333,1.667
Tommy T Shields,BAL,2,0,0,0,0,0,0,0,0,0,0,0,.000,.000,.000,.000
Jim J Acker,SEA,1,0,0,0,0,0,0,0,0,0,0,0,.000,.000,.000,.000
Rick R Aguilera,MIN,1,0,0,0,0,0,0,0,0,0,0,0,.000,.000,.000,.000
Scott S Aldred,DET,1,0,0,0,0,0,0,0,0,0,0,0,.000,.000,.000,.000
Floyd F Bannister,TEX,1,0,0,0,0,0,0,0,0,0,0,0,.000,.000,.000,.000
Miguel M Batista,PIT,1,0,0,0,0,0,0,0,0,0,0,0,.000,.000,.000,.000
Mike M Birkbeck,NYM,1,2,0,0,0,0,0,0,0,0,0,0,.000,.000,.000,.000
Darrin D Chapin,PHI,1,0,0,0,0,0,0,0,0,0,0,0,.000,.000,.000,.000
Ron R Darling,OAK,1,0,0,0,0,0,0,0,0,0,0,0,.000,.000,.000,.000
Doug D Davis,TEX,1,1,0,1,0,0,0,0,0,0,0,0,1.000,1.000,1.000,2.000
Rich R De Lucia,SEA,1,0,0,0,0,0,0,0,0,0,0,0,.000,.000,.000,.000
Mark M Guthrie,MIN,1,0,0,0,0,0,0,0,0,0,0,0,.000,.000,.000,.000
John J Habyan,NYY,1,0,0,0,0,0,0,0,0,0,0,0,.000,.000,.000,.000
John J Kiely,DET,1,0,0,0,0,0,0,0,0,0,0,0,.000,.000,.000,.000
Mark M Leiter,DET,1,0,0,0,0,0,0,0,0,0,0,0,.000,.000,.000,.000
Pat P Lennon,SEA,1,2,0,0,0,0,0,0,0,0,0,0,.000,.000,.000,.000
Bob B Milacki,BAL,1,0,0,0,0,0,0,0,0,0,0,0,.000,.000,.000,.000
Alan A Mills,BAL,1,0,0,0,0,0,0,0,0,0,0,0,.000,.000,.000,.000
Blas B Minor,PIT,1,0,0,0,0,0,0,0,0,0,0,0,.000,.000,.000,.000
Mike M Munoz,DET,1,0,0,0,0,0,0,0,0,0,0,0,.000,.000,.000,.000
Jeff J Nelson,SEA,1,0,0,0,0,0,0,0,0,0,0,0,.000,.000,.000,.000
Gregg G Olson,BAL,1,0,0,0,0,0,0,0,0,0,0,0,.000,.000,.000,.000
Jeff J Parrett,OAK,1,0,0,0,0,0,0,0,0,0,0,0,.000,.000,.000,.000
Dennis D Powell,SEA,1,0,0,0,0,0,0,0,0,0,0,0,.000,.000,.000,.000
Mike M Raczka,OAK,1,0,0,0,0,0,0,0,0,0,0,0,.000,.000,.000,.000
Bill B Risley,MON,1,2,0,0,0,0,0,0,0,0,0,0,.000,.000,.000,.000
Jeff J Russell,TEX,1,0,0,0,0,0,0,0,0,0,0,0,.000,.000,.000,.000
Joe J Slusarski,OAK,1,0,0,0,0,0,0,0,0,0,0,0,.000,.000,.000,.000
Frank F Tanana,DET,1,0,0,0,0,0,0,0,0,0,0,0,.000,.000,.000,.000
Jack J Voigt,BAL,1,0,0,0,0,0,0,0,0,0,0,0,.000,.000,.000,.000
Mickey M Weston,PHI,1,2,0,0,0,0,0,0,0,2,0,0,.000,.000,.000,.000
Carl C Willis,MIN,1,0,0,0,0,0,0,0,0,0,0,0,.000,.000,.000,.000
