PLAYER,TEAM,AB,R,H,2B,3B,HR,RBI,BB,SO,SB,CS,AVG,OBP,SLG,OPS
Carlos C Beltrán Beltran,KC,162,637,114,174,44,7,29,105,71,135,35,7,.273,.346,.501,.847
Aaron A Boone,CIN,162,606,83,146,38,2,26,87,56,111,32,8,.241,.314,.439,.753
Derrek D Lee,FLA,162,581,95,157,35,7,27,86,98,164,19,9,.270,.378,.494,.872
Terrence T Long C,OAK,162,587,71,141,32,4,16,67,48,96,3,6,.240,.298,.390,.689
Alex A Rodriguez S,TEX,162,624,125,187,27,2,57,142,87,122,9,4,.300,.392,.623,1.015
Miguel M Tejada S,OAK,162,662,108,204,30,0,34,131,38,84,7,2,.308,.354,.508,.861
Tony T Batista,BAL,161,615,90,150,36,1,31,87,50,107,5,4,.244,.309,.457,.766
Vladimir V Guerrero R,MON,161,614,106,206,37,2,39,111,84,70,40,20,.336,.417,.593,1.010
Mike M Lowell,FLA,160,597,88,165,44,0,24,92,65,92,4,3,.276,.346,.471,.816
Adrian A Beltré,LA,159,587,70,151,26,5,21,75,37,96,7,5,.257,.303,.426,.729
Vernon V Wells C,TOR,159,608,87,167,34,4,23,100,27,85,9,4,.275,.305,.457,.762
Garret G Anderson L,ANA,158,638,93,195,56,3,29,123,30,80,6,4,.306,.332,.539,.871
Jeff J Bagwell,HOU,158,571,94,166,33,2,31,98,101,130,7,3,.291,.401,.518,.919
Lance L Berkman C,HOU,158,578,106,169,35,2,42,128,107,118,8,4,.292,.405,.578,.982
Mike M Cameron C,SEA,158,545,84,130,26,5,25,80,79,176,31,8,.239,.340,.442,.782
Adam A Dunn L,CIN,158,535,84,133,28,2,26,71,128,170,19,9,.249,.400,.454,.854
Shawn S Green R,LA,158,582,110,166,31,1,42,114,93,112,8,5,.285,.385,.558,.944
Chipper C Jones L,ATL,158,548,90,179,35,1,26,100,107,89,8,2,.327,.435,.536,.972
Bobby B Abreu R,PHI,157,572,102,176,50,6,20,85,104,117,31,12,.308,.413,.521,.934
Pat P Burrell L,PHI,157,586,96,165,39,2,37,116,89,153,1,0,.282,.376,.544,.920
Derek D Jeter S,NYY,157,644,124,191,26,0,18,75,73,114,32,3,.297,.373,.421,.794
Albert A Pujols L,STL,157,590,118,185,40,2,34,127,72,69,2,4,.314,.394,.561,.955
Richie R Sexson,MIL,157,570,86,159,37,2,29,102,70,136,0,0,.279,.363,.504,.867
Ichiro I Suzuki R,SEA,157,647,111,208,27,8,8,51,68,62,31,15,.321,.388,.425,.813
Nomar N Garciaparra S,BOS,156,635,101,197,56,5,24,120,41,63,5,2,.310,.352,.528,.880
Troy T Glaus,ANA,156,569,99,142,24,1,30,111,88,144,10,3,.250,.352,.453,.805
Todd T Helton,COL,156,553,107,182,39,4,30,109,99,91,5,1,.329,.429,.577,1.006
Shea S Hillenbrand,BOS,156,634,94,186,43,4,18,83,25,95,4,2,.293,.330,.459,.789
Alfonso A Soriano,NYY,156,696,128,209,51,2,39,102,23,157,41,13,.300,.332,.547,.880
Michael M Young,TEX,156,573,77,150,26,8,9,62,41,112,6,7,.262,.308,.382,.690
Bret B Boone,SEA,155,608,88,169,34,3,24,107,53,102,12,5,.278,.339,.462,.801
Jason J Giambi,NYY,155,560,120,176,34,1,41,122,109,112,2,2,.314,.435,.598,1.034
Rafael R Palmeiro,TEX,155,546,99,149,34,0,43,105,104,94,2,0,.273,.391,.571,.962
Scott S Rolen,STL,155,580,89,154,29,8,31,110,72,102,8,4,.266,.357,.503,.860
Juan J Uribe S,COL,155,566,69,136,25,7,6,49,34,120,9,2,.240,.286,.341,.627
Todd T Walker,CIN,155,612,79,183,42,3,11,64,50,81,8,5,.299,.353,.431,.785
David D Bell,SF,154,552,82,144,29,2,20,73,54,80,1,2,.261,.333,.429,.762
Jeromy J Burnitz R,NYM,154,479,65,103,15,0,19,54,58,135,10,7,.215,.311,.365,.677
Johnny J Damon C,BOS,154,623,118,178,34,11,14,63,65,70,31,6,.286,.356,.443,.799
Rafael R Furcal S,ATL,154,636,95,175,31,8,8,47,43,114,27,15,.275,.323,.387,.710
Andruw A Jones C,ATL,154,560,91,148,34,0,35,94,83,135,8,3,.264,.366,.513,.878
John J Olerud,SEA,154,553,85,166,39,0,22,102,98,66,0,0,.300,.403,.490,.893
Jimmy J Rollins S,PHI,154,637,82,156,33,10,11,60,54,103,31,13,.245,.306,.380,.686
Bernie B Williams C,NYY,154,612,102,204,37,2,19,102,83,97,8,4,.333,.415,.493,.908
Orlando O Cabrera S,MON,153,563,64,148,43,1,7,56,48,53,25,7,.263,.321,.380,.701
Eric E Chavez,OAK,153,585,87,161,31,3,34,109,65,119,8,3,.275,.348,.513,.860
Brian B Giles L,PIT,153,497,95,148,37,5,38,103,135,74,15,6,.298,.450,.622,1.072
Mark M Kotsay C,SD,153,578,82,169,27,7,17,61,59,89,11,9,.292,.359,.452,.810
Travis T Lee,PHI,153,536,55,142,26,2,13,70,54,104,5,3,.265,.331,.394,.725
Magglio M Ordonez R,CWS,153,590,116,189,47,1,38,135,53,77,7,5,.320,.381,.597,.978
Corey C Patterson,CHC,153,592,71,150,30,5,14,54,19,142,18,3,.253,.284,.392,.676
Scott S Spiezio,ANA,153,491,80,140,34,2,12,82,67,52,6,7,.285,.371,.436,.807
Brad B Wilkerson L,MON,153,507,92,135,27,8,20,59,81,161,7,8,.266,.370,.469,.840
Tony T Womack S,ARI,153,590,90,160,23,5,5,57,46,80,29,12,.271,.325,.353,.678
David D Eckstein S,ANA,152,608,107,178,22,6,8,63,45,44,21,13,.293,.363,.388,.752
Juan J Encarnacion R,FLA,152,584,77,158,22,5,24,85,46,113,21,9,.271,.324,.449,.773
Jose J Hernandez S,MIL,152,525,72,151,24,2,24,73,52,188,3,5,.288,.356,.478,.834
Jeff J Kent,SF,152,623,102,195,42,2,37,108,52,101,5,1,.313,.368,.565,.933
Trot T Nixon R,BOS,152,532,81,136,36,3,24,94,65,109,4,2,.256,.338,.470,.808
Juan J Pierre C,COL,152,592,90,170,20,5,1,35,31,52,47,12,.287,.332,.343,.675
Edgar E Renteria S,STL,152,544,77,166,36,2,11,83,49,57,22,7,.305,.364,.439,.803
Jose J Vidro,MON,152,604,103,190,43,3,19,96,60,70,2,1,.315,.378,.490,.868
Randy R Winn C,TB,152,607,87,181,39,9,14,75,55,109,27,8,.298,.360,.461,.821
Deivi D Cruz S,SD,151,514,49,135,28,2,7,47,22,58,2,3,.263,.294,.366,.660
Eric E Hinske,TOR,151,566,99,158,38,2,24,84,77,138,13,1,.279,.365,.481,.845
Paul P Konerko,CWS,151,570,81,173,30,0,27,104,44,72,0,0,.304,.359,.498,.857
Joe J Randa,KC,151,549,63,155,36,5,11,80,46,69,2,1,.282,.341,.426,.768
Omar O Vizquel S,CLE,151,582,85,160,31,5,14,72,56,64,18,10,.275,.341,.418,.759
Ray R Durham D,OAK,150,564,114,163,34,6,15,70,73,93,26,7,.289,.374,.450,.825
Darin D Erstad C,ANA,150,625,99,177,28,4,10,73,27,67,23,3,.283,.313,.389,.702
Steve S Finley C,ARI,150,505,82,145,24,4,25,89,65,73,16,4,.287,.370,.499,.869
Mark M Grudzielanek,LA,150,536,56,145,23,0,9,50,22,89,4,1,.271,.301,.364,.665
Tino T Martinez,STL,150,511,63,134,25,1,21,75,58,71,3,2,.262,.337,.438,.776
Sammy S Sosa R,CHC,150,556,122,160,19,2,49,108,103,144,2,0,.288,.399,.594,.993
Fernando F Vina,STL,150,622,75,168,29,5,1,54,44,36,17,11,.270,.333,.338,.670
Roberto R Alomar,NYM,149,590,73,157,24,4,11,53,57,83,16,4,.266,.331,.376,.708
Roger R Cedeno L,NYM,149,511,65,133,19,2,7,41,42,92,25,4,.260,.318,.346,.664
Jacque J Jones L,MIN,149,577,96,173,37,2,27,85,37,129,6,7,.300,.341,.511,.852
Paul P Lo Duca,LA,149,580,74,163,38,1,10,64,34,31,3,1,.281,.330,.402,.731
Melvin M Mora L,BAL,149,557,86,130,30,4,19,64,70,108,16,10,.233,.338,.404,.742
Steve S Cox,TB,148,560,65,142,30,1,16,72,60,116,5,0,.254,.330,.396,.727
Robert R Fick,DET,148,556,66,150,36,2,17,63,46,90,0,1,.270,.331,.433,.764
Luis L Gonzalez,ARI,148,524,90,151,19,3,28,103,97,76,9,2,.288,.400,.496,.896
Cristian C Guzman S,MIN,148,623,80,170,31,6,9,59,17,79,12,13,.273,.292,.385,.677
Torii T Hunter C,MIN,148,561,89,162,37,4,29,94,35,118,23,8,.289,.334,.524,.858
Frank F Thomas D,CWS,148,523,77,132,29,1,28,92,88,115,3,0,.252,.361,.472,.834
Placido P Polanco,PHI,147,548,75,158,32,2,9,49,26,41,5,3,.288,.330,.403,.733
Jim J Thome,CLE,147,480,101,146,19,2,52,118,122,139,1,2,.304,.445,.677,1.122
Jack J Wilson S,PIT,147,527,77,133,22,4,4,47,37,74,5,2,.252,.306,.332,.638
Mark M Bellhorn,CHC,146,445,86,115,24,4,27,56,76,144,7,5,.258,.374,.512,.886
Luis L Castillo,FLA,146,606,86,185,18,5,2,39,55,76,48,15,.305,.364,.361,.726
Jeff J Cirillo,SEA,146,485,51,121,20,0,6,54,31,67,8,4,.249,.301,.328,.629
Cliff C Floyd L,BOS,146,520,86,150,43,0,28,79,76,106,15,5,.288,.388,.533,.920
Ryan R Klesko,SD,146,540,90,162,39,1,29,95,76,86,6,2,.300,.388,.537,.925
Fred F Mc Griff,CHC,146,523,67,143,27,2,30,103,63,99,1,2,.273,.353,.505,.858
Raul R Mondesi,NYY,146,569,90,132,34,1,26,88,59,103,15,6,.232,.308,.432,.740
Kevin K Young,PIT,146,468,60,115,26,1,16,51,50,101,4,6,.246,.322,.408,.730
Marlon M Anderson,PHI,145,539,64,139,30,6,8,48,42,71,5,1,.258,.315,.380,.696
Craig C Biggio,HOU,145,577,96,146,36,3,15,58,50,111,16,2,.253,.330,.404,.734
Jason J Kendall,PIT,145,545,59,154,25,3,3,44,49,29,15,8,.283,.350,.356,.706
Barry B Larkin S,CIN,145,507,72,124,37,2,7,47,44,57,13,4,.245,.305,.367,.672
Neifi N Perez S,KC,145,554,65,131,20,4,3,37,20,53,8,9,.236,.260,.303,.564
Jim J Edmonds C,STL,144,476,96,148,31,2,28,83,86,134,4,3,.311,.420,.561,.981
Adam A Kennedy,ANA,144,474,65,148,32,6,7,52,19,80,17,4,.312,.345,.449,.795
Rey R Ordonez S,NYM,144,460,53,117,25,2,1,42,24,46,2,2,.254,.292,.324,.616
Michael M Tucker R,KC,144,475,65,118,27,6,12,56,56,105,23,9,.248,.330,.406,.736
Todd T Zeile,COL,144,506,61,138,23,0,18,87,66,92,1,1,.273,.353,.425,.778
Barry B Bonds L,SF,143,403,117,149,31,2,46,110,198,47,9,2,.370,.582,.799,1.381
Vinny V Castilla,ATL,143,543,56,126,23,2,12,61,22,69,4,1,.232,.268,.348,.616
Carlos C Delgado,TOR,143,505,103,140,34,2,33,108,102,126,1,0,.277,.406,.549,.955
Doug D Mientkiewicz,MIN,143,467,60,122,29,1,10,64,74,69,1,2,.261,.365,.392,.756
Jorge J Posada,NYY,143,511,79,137,40,1,20,99,81,143,1,0,.268,.370,.468,.837
J. T. J Snow,SF,143,422,47,104,26,2,6,53,59,90,0,0,.246,.344,.360,.704
Junior J Spivey,ARI,143,538,103,162,34,6,16,78,65,100,11,6,.301,.389,.476,.865
Alex A Gonzalez S,CHC,142,513,58,127,27,5,18,61,46,136,5,3,.248,.312,.425,.737
Eric E Karros,LA,142,524,52,142,26,1,13,73,37,74,4,2,.271,.323,.399,.722
Aramis A Ramirez,PIT,142,522,51,122,26,0,18,71,29,95,2,0,.234,.279,.387,.666
Shannon S Stewart L,TOR,141,577,103,175,38,6,10,45,54,60,14,2,.303,.371,.442,.813
Robin R Ventura,NYY,141,465,68,115,17,0,27,93,90,101,3,1,.247,.368,.458,.826
Preston P Wilson C,FLA,141,510,80,124,22,2,23,65,58,140,20,11,.243,.329,.429,.759
Corey C Koskie,MIN,140,490,71,131,37,3,15,69,72,127,10,11,.267,.368,.447,.815
Carlos C Lee L,CWS,140,492,82,130,26,2,26,80,75,73,1,4,.264,.359,.484,.843
Reggie R Sanders,SF,140,505,75,126,23,6,23,85,47,121,18,6,.250,.324,.455,.779
Kenny K Lofton C,SF,139,532,98,139,30,9,11,51,72,73,29,11,.261,.350,.414,.763
Mo M Vaughn,NYM,139,487,67,126,18,0,26,72,59,145,0,1,.259,.349,.456,.805
Ellis E Burks D,CLE,138,518,92,156,28,0,32,91,44,108,2,3,.301,.362,.541,.903
Doug D Glanville C,PHI,138,422,49,105,16,3,6,29,25,57,19,2,.249,.292,.344,.636
Tim T Salmon R,ANA,138,483,84,138,37,1,22,88,71,102,6,3,.286,.380,.503,.883
Eric E Young Sr.,MIL,138,496,57,139,29,3,3,28,39,38,31,11,.280,.338,.369,.707
Brian B Daubach,BOS,137,444,62,118,24,2,20,78,51,126,2,1,.266,.348,.464,.812
Raul R Ibanez,KC,137,497,70,146,37,6,24,103,40,76,5,3,.294,.346,.537,.883
Jay J Gibbons R,BAL,136,490,71,121,29,1,28,69,45,66,1,3,.247,.311,.482,.792
Ben B Grieve R,TB,136,482,62,121,30,0,19,64,69,121,8,2,.251,.353,.432,.784
Scott S Hatteberg,OAK,136,492,58,138,22,4,15,61,68,56,0,0,.280,.374,.433,.807
Ramon R Hernandez,OAK,136,403,51,94,20,0,7,42,43,64,0,0,.233,.313,.335,.648
Rob R Mackowiak,PIT,136,385,57,94,22,0,16,48,42,120,9,3,.244,.328,.426,.754
Timo T Perez C,NYM,136,444,52,131,27,6,8,47,23,36,10,6,.295,.331,.437,.768
Chris C Singleton,BAL,136,466,67,122,30,6,9,50,21,83,20,2,.262,.296,.410,.706
Larry L Walker R,COL,136,477,95,161,40,4,26,104,65,73,6,5,.338,.421,.602,1.023
Daryle D Ward L,HOU,136,453,41,125,31,0,12,72,33,82,1,3,.276,.324,.424,.748
Edgardo E Alfonzo,NYM,135,490,78,151,26,0,16,56,62,55,6,0,.308,.391,.459,.851
J. D. J Drew R,STL,135,424,61,107,19,1,18,56,57,104,8,2,.252,.349,.429,.778
Cesar C Izturis S,LA,135,439,43,102,24,2,1,31,14,39,7,7,.232,.253,.303,.556
Mike M Piazza,NYM,135,478,69,134,23,2,33,98,57,82,0,3,.280,.359,.544,.902
Gary G Sheffield R,ATL,135,492,82,151,26,0,25,84,72,53,12,2,.307,.404,.512,.916
Reggie R Taylor C,CIN,135,287,41,73,15,4,9,38,14,79,11,8,.254,.291,.429,.719
Jose J Valentin,CWS,135,474,70,118,26,4,25,75,43,99,3,3,.249,.311,.479,.790
Russell R Branyan L,CIN,134,378,50,86,13,1,24,56,51,151,4,3,.228,.320,.458,.777
Carlos C Guillen S,SEA,134,475,73,124,24,6,9,56,46,91,4,5,.261,.326,.394,.719
Todd T Hollandsworth L,TEX,134,430,55,122,27,1,16,67,40,98,8,8,.284,.344,.463,.807
Jay J Payton L,COL,134,445,69,135,20,7,16,59,29,54,7,4,.303,.351,.488,.838
Rich R Aurilia S,SF,133,538,76,138,35,2,15,61,37,90,1,2,.257,.305,.413,.718
Andy A Fox S,FLA,133,435,55,109,14,5,4,41,49,94,31,7,.251,.338,.333,.671
Bubba B Trammell R,SD,133,403,54,98,16,1,17,56,53,71,1,3,.243,.333,.414,.748
Moises M Alou L,CHC,132,484,50,133,23,1,15,61,47,61,8,0,.275,.337,.419,.756
Herbert H Perry,TEX,132,450,64,124,24,1,22,77,34,66,4,2,.276,.333,.480,.813
Jason J Varitek,BOS,132,467,58,124,27,1,10,61,41,95,4,3,.266,.332,.392,.724
Marty M Cordova L,BAL,131,458,55,116,25,2,18,64,47,111,1,6,.253,.325,.434,.759
Jermaine J Dye R,OAK,131,488,74,123,27,1,24,86,52,108,2,0,.252,.333,.459,.792
Eli E Marrero R,STL,131,397,63,104,19,1,18,66,40,72,14,2,.262,.327,.451,.777
Eric E Owens L,FLA,131,385,44,104,15,5,4,37,31,33,26,9,.270,.324,.366,.690
Craig C Wilson R,PIT,131,368,48,97,16,1,16,57,32,116,2,3,.264,.355,.443,.798
Brad B Ausmus,HOU,130,447,57,115,19,3,6,50,38,71,2,3,.257,.322,.353,.675
Geoff G Blum,HOU,130,368,45,104,20,4,10,52,49,70,2,0,.283,.367,.440,.807
Brad B Fullmer D,ANA,130,429,75,124,35,6,19,59,32,44,10,3,.289,.357,.531,.888
Chris C Gomez S,TB,130,461,51,122,31,3,10,46,21,58,1,3,.265,.305,.410,.715
Mike M Lieberthal,PHI,130,476,46,133,29,2,15,52,38,58,0,1,.279,.349,.443,.792
A. J. A Pierzynski,MIN,130,440,54,132,31,6,6,49,13,61,1,2,.300,.334,.439,.773
Randall R Simon D,DET,130,482,51,145,17,1,19,82,13,30,0,1,.301,.320,.459,.779
Nick N Johnson,NYY,129,378,56,92,15,0,15,58,48,98,1,3,.243,.347,.402,.749
Jeffrey J Hammonds C,MIL,128,448,47,115,26,5,9,41,52,86,4,5,.257,.332,.397,.729
Brian B Jordan L,LA,128,471,65,134,27,3,18,80,34,86,2,2,.285,.338,.469,.807
Keith K Lockhart,ATL,128,296,34,64,13,3,5,32,27,50,0,1,.216,.282,.331,.613
Ramon R Vázquez,SD,128,423,50,116,21,5,2,32,45,79,7,2,.274,.344,.362,.706
Dave D Roberts C,LA,127,422,63,117,14,7,3,34,48,51,45,10,.277,.353,.365,.718
Kevin K Millar L,FLA,126,438,58,134,41,0,16,57,40,74,0,2,.306,.366,.509,.875
Aaron A Rowand C,CWS,126,302,41,78,16,2,7,29,12,54,0,1,.258,.298,.394,.692
Benito B Santiago,SF,126,478,56,133,24,5,16,74,27,73,4,2,.278,.315,.450,.765
Mike M Sweeney,KC,126,471,81,160,31,1,24,86,61,46,9,7,.340,.417,.563,.979
Rondell R White L,NYY,126,455,59,109,21,0,14,62,25,86,1,2,.240,.288,.378,.666
Julio J Franco,ATL,125,338,51,96,13,1,6,30,39,75,5,1,.284,.357,.382,.739
Geronimo G Gil,BAL,125,422,33,98,19,0,12,45,21,88,2,2,.232,.270,.363,.632
David D Ortiz,MIN,125,412,52,112,32,1,20,75,43,87,1,2,.272,.339,.500,.839
Jose J Vizcaino S,HOU,125,406,53,123,19,2,5,37,24,40,3,5,.303,.342,.397,.738
Jose J Cruz L,TOR,124,466,64,114,26,5,18,70,51,106,7,1,.245,.317,.438,.754
Jeremy J Giambi,PHI,124,313,58,81,17,0,20,45,79,94,0,1,.259,.414,.505,.919
Mark M Grace,ARI,124,298,43,75,19,0,7,48,46,30,2,0,.252,.351,.386,.736
Kerry K Robinson,STL,124,181,27,47,7,4,1,15,11,29,7,4,.260,.301,.359,.660
Chris C Truby,DET,124,382,35,82,18,4,4,22,10,98,2,2,.215,.238,.314,.552
Jose J Macias C,MON,123,338,43,84,21,1,7,39,21,57,8,8,.249,.293,.379,.672
Quinton Q Mc Cracken R,ARI,123,349,60,108,27,8,3,40,32,68,5,4,.309,.367,.458,.825
Orlando O Merced,HOU,123,251,35,72,13,3,6,30,26,50,4,0,.287,.350,.434,.784
Jerry J Hairston,BAL,122,426,55,114,25,3,5,32,34,55,21,6,.268,.329,.376,.705
Shane S Halter,DET,122,410,46,98,22,6,10,39,39,92,0,4,.239,.309,.395,.704
Lenny L Harris,MIL,122,197,23,60,8,2,3,17,14,17,4,1,.305,.355,.411,.766
Bengie B Molina,ANA,122,428,34,105,18,0,5,47,15,34,0,0,.245,.274,.322,.596
Alex A Ochoa R,ANA,122,280,40,73,16,0,8,31,42,35,10,7,.261,.361,.404,.765
Ruben R Sierra L,SEA,122,419,47,113,23,0,13,60,31,66,4,0,.270,.319,.418,.736
Sean S Casey,CIN,120,425,56,111,25,0,6,42,43,47,2,1,.261,.334,.362,.696
Dustan D Mohr R,MIN,120,383,55,103,23,2,12,45,31,86,6,3,.269,.325,.433,.759
Manny M Ramirez L,BOS,120,436,84,152,31,0,33,107,73,85,0,0,.349,.450,.647,1.097
Carlos C Febles,KC,119,351,44,86,16,4,4,26,41,63,16,5,.245,.336,.348,.683
Bobby B Higginson L,DET,119,444,50,125,24,3,10,63,41,45,12,5,.282,.345,.417,.762
Pokey P Reese,PIT,119,421,46,111,25,0,4,50,41,81,12,1,.264,.330,.352,.681
Travis T Fryman,CLE,118,397,42,86,14,3,11,55,40,82,0,0,.217,.292,.350,.642
David D Justice L,OAK,118,398,54,106,18,3,11,49,70,66,4,1,.266,.376,.410,.785
Tsuyoshi T Shinjo C,SF,118,362,42,86,15,3,9,37,24,46,5,0,.238,.294,.370,.664
Brent B Abernathy,TB,117,463,46,112,18,4,2,40,25,46,10,4,.242,.288,.311,.599
Michael M Barrett,MON,117,376,41,99,20,1,12,49,40,65,6,3,.263,.332,.418,.749
Mike M Bordick S,BAL,117,367,37,85,19,3,8,36,35,63,7,4,.232,.302,.365,.667
Jeff J Conine,BAL,116,451,44,123,26,4,15,63,25,66,8,0,.273,.307,.448,.755
Lee L Stevens,CLE,116,358,50,73,13,2,15,57,54,89,1,0,.204,.305,.377,.682
Alex A Cora S,LA,115,258,37,75,14,4,5,28,26,38,7,2,.291,.371,.434,.805
Mike M Lamb,TEX,115,314,54,89,13,0,9,33,33,48,0,0,.283,.354,.411,.765
Carlos C Pena,DET,115,397,43,96,17,4,19,52,41,111,2,2,.242,.316,.448,.764
Dan D Wilson,SEA,115,359,35,106,16,1,6,44,18,81,1,0,.295,.326,.396,.721
Richard R Hidalgo,HOU,114,388,54,91,17,4,15,48,43,85,6,2,.235,.319,.415,.734
D' Angelo D Jimenez,CWS,114,429,61,108,15,7,4,44,50,73,6,3,.252,.330,.347,.677
Matt M Lawton R,CLE,114,416,71,98,19,2,15,57,59,34,8,9,.236,.342,.399,.741
Fernando F Tatis,MON,114,381,43,87,18,1,15,55,35,90,2,2,.228,.303,.399,.702
John J Valentin,NYM,114,208,18,50,15,0,3,30,22,37,0,0,.240,.339,.356,.695
Brent B Butler,COL,113,344,55,89,18,4,9,42,10,40,2,6,.259,.287,.413,.699
Aubrey A Huff D,TB,113,454,67,142,25,0,23,59,37,55,4,1,.313,.364,.520,.884
Jason J La Rue,CIN,113,353,42,88,17,1,12,52,27,117,1,2,.249,.324,.405,.729
Greg G Norton,COL,113,168,19,37,8,1,7,37,24,52,2,3,.220,.314,.405,.719
Royce R Clayton S,CWS,112,342,51,86,14,2,7,35,20,67,5,1,.251,.295,.365,.661
Craig C Counsell,ARI,112,436,63,123,22,1,2,51,45,52,7,5,.282,.348,.351,.699
Gabe G Kapler R,COL,112,315,37,88,16,4,2,34,16,53,11,4,.279,.313,.375,.688
Bobby B Kielty R,MIN,112,289,49,84,14,3,12,46,52,66,4,1,.291,.405,.484,.890
Abraham O. A Nunez,PIT,112,253,28,59,14,1,2,15,27,44,3,4,.233,.311,.320,.631
Desi D Relaford,SEA,112,329,55,88,13,2,6,43,33,51,10,3,.267,.339,.374,.712
Alex A Sanchez C,MIL,112,394,55,114,10,7,1,33,31,62,37,14,.289,.343,.358,.700
Roosevelt R Brown,CHC,111,204,14,43,12,0,3,23,23,50,2,2,.211,.299,.314,.612
Marquis M Grissom C,LA,111,343,57,95,21,4,17,60,22,68,5,1,.277,.321,.510,.831
Tyler T Houston,LA,111,320,34,90,20,3,7,40,16,62,1,0,.281,.323,.428,.751
Gary G Matthews R,BAL,111,345,54,95,25,3,7,38,43,69,15,5,.275,.354,.426,.780
Bill B Mueller,SF,111,366,51,96,19,4,7,38,52,42,0,0,.262,.350,.393,.743
John J Mabry,OAK,110,214,28,59,13,1,11,43,15,42,1,1,.276,.321,.500,.820
Mike M Matheny,STL,110,315,31,77,12,1,3,35,32,49,1,3,.244,.313,.317,.630
Kevin K Mench R,TEX,110,366,52,95,20,2,15,60,31,83,1,1,.260,.327,.448,.775
Orlando O Palmeiro R,ANA,110,263,35,79,12,1,0,31,30,22,7,2,.300,.368,.354,.722
Dave D Berg,TOR,109,374,42,101,26,2,4,39,26,57,0,2,.270,.322,.382,.704
Darren D Bragg,ATL,109,212,34,57,15,2,3,15,24,52,5,2,.269,.347,.401,.748
Javy J Lopez,ATL,109,347,31,81,15,0,11,52,26,63,0,1,.233,.299,.372,.670
Mike M Benjamin,PIT,108,120,7,18,2,1,0,3,7,31,0,4,.150,.202,.183,.385
Miguel M Cairo,STL,108,184,28,46,9,2,2,23,13,36,1,1,.250,.307,.353,.660
Ivan I Rodriguez,TEX,108,408,67,128,32,2,19,60,25,71,5,4,.314,.353,.542,.895
Austin A Kearns R,CIN,107,372,66,117,24,3,13,56,54,81,6,3,.315,.407,.500,.907
Mark M Loretta,HOU,107,283,33,86,18,0,4,27,32,37,1,1,.304,.381,.410,.791
Phil P Nevin,SD,107,407,53,116,16,0,12,57,38,87,4,0,.285,.344,.413,.757
Rey R Sanchez,BOS,107,357,46,102,12,3,1,38,17,31,2,2,.286,.318,.345,.662
Matt M Stairs R,MIL,107,270,41,66,15,0,16,41,36,50,2,0,.244,.349,.478,.827
Terry T Shumpert,COL,106,234,30,55,12,1,6,21,21,41,4,1,.235,.304,.372,.676
Carl C Everett R,TEX,105,374,47,100,16,0,16,62,33,77,2,3,.267,.333,.439,.772
Joe J Mc Ewing,NYM,105,196,22,39,8,1,3,26,9,50,4,4,.199,.242,.296,.538
Ronnie R Belliard,MIL,104,289,30,61,13,0,3,26,18,46,2,3,.211,.257,.287,.544
Andres A Galarraga,MON,104,292,30,76,12,0,9,40,30,81,2,2,.260,.344,.394,.738
Tom T Lampkin,SD,104,281,32,61,10,1,10,37,38,59,4,2,.217,.313,.367,.679
Mark M Mc Lemore L,SEA,104,337,54,91,17,2,7,41,61,63,18,10,.270,.380,.395,.774
Wilton W Guerrero,MON,103,140,12,31,2,1,0,5,7,32,7,1,.221,.259,.250,.508
Einar E Díaz Diaz,CLE,102,320,34,66,19,0,2,16,17,27,0,1,.206,.258,.284,.542
Ron R Gant L,SD,102,309,58,81,14,1,18,59,36,59,4,6,.262,.338,.489,.827
Denny D Hocking,MIN,102,260,28,65,13,0,2,25,24,44,0,2,.250,.310,.323,.633
Jared J Sandberg,TB,102,358,55,82,21,1,18,54,39,139,3,2,.229,.305,.444,.749
Brent B Mayne,KC,101,326,35,77,8,2,4,30,34,54,4,4,.236,.309,.310,.619
Damian D Miller,ARI,101,297,40,74,22,0,11,42,38,88,0,0,.249,.340,.434,.775
Jose J Offerman,SEA,101,284,48,66,12,1,5,31,37,38,9,6,.232,.320,.335,.654
Chad C Hermansen,CHC,100,237,25,49,14,1,8,18,22,82,7,5,.207,.276,.376,.651
Milton M Bradley C,CLE,98,325,48,81,18,3,9,38,32,58,6,3,.249,.317,.406,.723
Mark M Ellis,OAK,98,345,58,94,16,4,6,35,44,54,4,2,.272,.359,.394,.753
Brian L. B Hunter C,HOU,98,201,32,54,16,3,3,20,16,39,5,0,.269,.329,.423,.752
Tim T Raines,FLA,98,89,9,17,3,0,1,7,22,19,0,0,.191,.351,.258,.609
Chris C Stynes,CHC,98,195,25,47,9,1,5,26,21,29,1,1,.241,.314,.374,.688
David D Dellucci R,ARI,97,229,34,56,11,2,7,29,28,55,2,4,.245,.326,.402,.727
Wendell W Magee C,DET,97,347,34,94,19,1,6,35,10,64,2,4,.271,.289,.383,.672
Edgar E Martinez D,SEA,97,328,42,91,23,0,15,59,67,69,1,1,.277,.403,.485,.888
Troy T O' Leary L,MON,97,273,27,78,12,2,3,37,34,47,1,2,.286,.371,.377,.748
Dave D Hansen,LA,96,120,15,35,6,0,2,17,14,22,1,0,.292,.363,.392,.755
Ricky R Ledee,PHI,96,203,33,46,13,1,8,23,35,50,1,2,.227,.342,.419,.760
Eduardo E Perez,STL,96,154,22,31,9,0,10,26,17,36,0,0,.201,.290,.455,.744
Tom T Wilson,TOR,96,265,33,68,10,0,8,37,28,79,0,0,.257,.334,.385,.719
Brandon B Inge,DET,95,321,27,65,15,3,7,24,24,101,1,3,.202,.266,.333,.599
Luis L Alicea,KC,94,237,28,54,8,2,1,23,32,34,2,3,.228,.322,.291,.613
Ricky R Gutierrez,CLE,94,353,38,97,13,0,4,38,20,48,0,1,.275,.325,.346,.671
Shane S Spencer R,NYY,94,288,32,71,15,2,6,34,31,62,0,3,.247,.324,.375,.699
John J Mc Donald,CLE,93,264,35,66,11,3,1,12,10,50,3,0,.250,.288,.326,.614
Mike M Mordecai S,FLA,93,151,19,37,8,0,0,11,13,27,2,2,.245,.313,.298,.611
Luis L Rivas,MIN,93,316,46,81,23,4,4,35,19,51,9,4,.256,.305,.392,.697
Brian B Buchanan,SD,92,227,31,61,10,1,11,28,15,59,2,2,.269,.322,.467,.789
Todd T Hundley,CHC,92,266,32,56,8,0,16,35,32,80,0,0,.211,.301,.421,.722
Tomas T Perez,PHI,92,212,22,53,13,1,5,20,21,40,1,0,.250,.319,.392,.711
Adrian A Brown C,PIT,91,208,20,45,10,2,1,21,19,34,10,6,.216,.284,.298,.582
Gene G Kingsale R,SD,91,219,27,62,10,3,2,28,20,47,9,2,.283,.350,.384,.733
Gary G Bennett,COL,90,291,26,77,10,2,4,26,15,45,1,3,.265,.314,.354,.668
Eric E Byrnes L,OAK,90,94,24,23,4,2,3,11,4,17,3,0,.245,.291,.426,.717
Tony T Clark,BOS,90,275,25,57,12,1,3,29,21,57,0,0,.207,.265,.291,.556
Joe J Girardi,CHC,90,234,19,53,10,1,1,13,16,35,1,0,.226,.275,.291,.566
Chris C Woodward S,TOR,90,312,48,86,13,4,13,45,26,72,3,0,.276,.330,.468,.798
Sandy S Alomar,COL,89,283,29,79,14,1,7,37,9,33,0,0,.279,.302,.410,.712
Trenidad T Hubbard R,SD,89,129,16,27,5,0,1,7,14,28,9,6,.209,.285,.271,.556
Mike M Redmond,FLA,89,256,19,78,15,0,2,28,21,34,0,2,.305,.372,.387,.758
Ken K Huckaby,TOR,88,273,29,67,6,1,3,22,9,44,0,0,.245,.270,.308,.577
Julio J Lugo S,HOU,88,322,45,84,15,1,8,35,28,74,9,3,.261,.322,.388,.710
Paul P Bako,MIL,87,234,24,55,8,1,4,20,20,46,0,2,.235,.295,.329,.624
Chris C Magruder L,CLE,87,258,34,56,15,1,6,29,15,55,2,0,.217,.261,.353,.614
Mark M Johnson,CWS,86,263,31,55,8,1,4,18,30,52,0,0,.209,.297,.293,.590
Damion D Easley,DET,85,304,29,68,14,1,8,30,27,43,1,3,.224,.307,.355,.662
Jose J Guillen R,CIN,85,240,25,57,7,0,8,31,14,43,4,5,.238,.287,.367,.654
Toby T Hall,TB,85,330,37,85,19,1,6,42,17,27,0,1,.258,.293,.376,.669
Wes W Helms,ATL,85,210,20,51,16,0,6,22,11,57,1,1,.243,.283,.405,.687
Felipe F Lopez S,TOR,85,282,35,64,15,3,8,34,23,90,5,4,.227,.287,.387,.673
Lou L Merloni,BOS,84,194,28,48,12,2,4,18,20,35,1,2,.247,.332,.392,.724
John J Vander Wal R,NYY,84,219,30,57,17,1,6,20,23,58,1,1,.260,.327,.429,.756
Hiram H Bocachica C,DET,83,168,26,37,7,0,8,17,10,41,3,3,.220,.264,.405,.669
Charles C Johnson,FLA,83,244,18,53,19,0,6,36,31,61,0,0,.217,.301,.369,.670
Damon D Minor,SF,83,173,21,41,6,0,10,24,24,34,0,0,.237,.333,.445,.778
Paul P Quantrill,LA,83,3,0,1,0,0,0,0,0,2,0,0,.333,.333,.333,.667
Henry H Blanco,ATL,81,221,17,45,9,1,6,22,20,51,0,2,.204,.267,.335,.602
Matt M Franco,ATL,81,205,25,65,15,4,6,30,27,31,1,0,.317,.395,.517,.912
Damian D Jackson,DET,81,245,31,63,20,1,1,25,21,36,12,3,.257,.320,.359,.679
Ray R Lankford L,SD,81,205,20,46,7,1,6,26,30,61,2,2,.224,.326,.356,.682
Jason J Michaels,PHI,81,105,16,28,10,3,2,11,13,33,1,1,.267,.347,.476,.823
Ben B Davis,SEA,80,228,24,59,10,1,7,43,18,58,1,1,.259,.313,.404,.717
Octavio O Dotel,HOU,80,1,0,0,0,0,0,0,0,0,0,0,.000,.000,.000,.000
Chuck C Knoblauch L,KC,80,300,41,63,9,0,6,22,28,32,19,3,.210,.284,.300,.584
Charles C Gipson L,SEA,79,72,22,17,5,2,0,8,9,14,4,0,.236,.329,.361,.690
Mark M Little R,ARI,79,130,28,27,5,3,0,7,15,34,2,2,.208,.327,.292,.619
Jason J Conti C,TB,78,222,26,57,15,2,3,21,18,55,4,2,.257,.315,.383,.698
Tom T Goodwin L,SF,78,154,23,40,5,2,1,17,14,25,16,2,.260,.321,.338,.659
Tim T Worrell,SF,77,3,0,0,0,0,0,0,0,2,0,0,.000,.000,.000,.000
Erubiel E Durazo,ARI,76,222,46,58,12,2,16,48,49,60,0,1,.261,.395,.550,.944
John J Flaherty,TB,76,281,27,73,20,0,4,33,15,50,2,2,.260,.296,.374,.669
Todd T Jones,COL,76,3,0,0,0,0,0,0,0,2,0,0,.000,.000,.000,.000
Jeff J Liefer,CWS,76,204,28,47,8,0,7,26,19,60,0,0,.230,.295,.373,.667
Julius J Matos,SD,76,185,19,44,3,0,2,19,9,33,1,1,.238,.279,.286,.566
Armando A Rios R,PIT,76,208,20,55,11,0,1,24,16,39,1,1,.264,.319,.332,.650
Gregg G Zaun,HOU,76,185,18,41,7,1,3,24,12,36,1,0,.222,.275,.319,.594
Scott S Sauerbeck,PIT,75,2,0,0,0,0,0,0,0,1,0,0,.000,.000,.000,.000
Chris C Donnels,ARI,74,80,5,19,4,1,3,16,10,14,0,0,.238,.312,.425,.737
Ray R King,MIL,74,0,0,0,0,0,0,0,0,0,0,0,.000,.000,.000,.000
Josh J Phelps D,TOR,74,265,41,82,20,1,15,58,19,82,0,0,.309,.362,.562,.925
Ricky R Stone,HOU,74,4,0,0,0,0,0,0,0,1,0,0,.000,.000,.000,.000
Luis L Vizcaino,MIL,74,2,0,0,0,0,0,0,0,2,0,0,.000,.000,.000,.000
Vance V Wilson,NYM,74,163,19,40,7,0,5,26,5,32,0,1,.245,.301,.380,.682
Carlos C Baerga,BOS,73,182,17,52,11,0,2,19,7,20,6,0,.286,.316,.379,.695
Eric E Gagne,LA,73,1,0,0,0,0,0,0,0,1,0,0,.000,.000,.000,.000
Braden B Looper,FLA,73,1,0,0,0,0,0,0,0,0,0,0,.000,.000,.000,.000
Robert R Machado,MIL,73,211,19,55,14,1,3,22,17,41,0,0,.261,.316,.379,.695
Vladimir V Nunez,FLA,73,5,0,1,0,0,0,0,0,4,0,0,.200,.200,.200,.400
Donnie D Sadler C,TEX,73,98,16,16,2,1,0,7,7,19,5,3,.163,.231,.204,.436
Brian B Schneider,MON,73,207,21,57,19,2,5,29,21,41,1,2,.275,.339,.459,.798
Joe J Borowski,CHC,72,7,1,2,0,0,0,0,0,5,0,0,.286,.286,.286,.571
Greg G Colbrunn,ARI,72,171,30,57,16,2,10,27,13,19,0,0,.333,.378,.626,1.004
Wil W Cordero,MON,72,161,22,43,9,0,6,30,17,29,2,0,.267,.337,.435,.772
Mark M De Rosa,ATL,72,212,24,63,9,2,5,23,12,24,2,3,.297,.339,.429,.768
Shawon S Dunston,SF,72,147,7,34,5,0,1,9,3,33,1,0,.231,.250,.286,.536
Rickey R Henderson L,BOS,72,179,40,40,6,1,5,16,38,47,8,2,.223,.369,.352,.721
A. J. A Hinch,KC,72,197,25,49,7,1,7,27,18,35,3,3,.249,.321,.401,.722
George G Lombard C,DET,72,241,34,58,11,3,5,13,20,78,13,2,.241,.300,.373,.674
Ramon R Martinez S,SF,72,181,26,49,10,2,4,25,14,26,2,0,.271,.335,.414,.749
Craig C Paquette,DET,72,252,20,49,14,1,4,20,10,53,1,0,.194,.223,.306,.528
John J Smoltz,ATL,72,2,0,0,0,0,0,0,0,1,0,0,.000,.000,.000,.000
Jeff J Fassero,STL,71,3,0,1,0,0,0,0,0,2,0,0,.333,.333,.333,.667
Rod R Barajas,ARI,70,154,12,36,10,0,3,23,10,25,1,0,.234,.288,.357,.645
Mike M Di Felice,STL,70,174,17,40,11,0,4,19,17,42,0,0,.230,.297,.362,.660
Juan J Gonzalez R,TEX,70,277,38,78,21,1,8,35,17,56,2,0,.282,.324,.451,.776
Tony T Graffanino,CWS,70,229,35,60,12,4,6,31,22,38,2,1,.262,.329,.428,.757
Ken K Griffey C,CIN,70,197,17,52,8,0,8,23,28,39,1,2,.264,.358,.426,.784
Aaron A Guiel R,KC,70,240,30,56,13,0,4,38,19,61,1,5,.233,.296,.338,.633
Jose J Jimenez,COL,70,0,0,0,0,0,0,0,0,0,0,0,.000,.000,.000,.000
Bill B Haselman,TEX,69,179,16,44,7,0,3,18,11,25,0,0,.246,.297,.335,.632
Jose J Mesa,PHI,69,0,0,0,0,0,0,0,0,0,0,0,.000,.000,.000,.000
Ruben R Rivera C,TEX,69,158,17,33,4,0,4,14,17,45,4,2,.209,.302,.310,.612
Mike M Timlin,PHI,69,6,0,0,0,0,0,0,0,4,0,0,.000,.000,.000,.000
Greg G Vaughn D,TB,69,251,28,41,10,2,8,29,41,82,3,2,.163,.286,.315,.601
Frank F Catalanotto L,TEX,68,212,42,57,16,6,3,23,25,27,9,5,.269,.364,.443,.808
Marcus M Giles,ATL,68,213,27,49,10,1,8,23,25,41,1,1,.230,.315,.399,.714
Mike M Remlinger,ATL,68,2,0,0,0,0,0,0,0,1,0,0,.000,.000,.000,.000
Olmedo O Saenz,OAK,68,156,15,43,10,1,6,18,13,31,1,1,.276,.354,.468,.822
Scott S Sullivan,CIN,68,3,0,1,0,0,0,0,0,1,0,0,.333,.333,.333,.667
Dave D Veres,STL,68,3,0,1,0,0,0,0,0,1,0,0,.333,.333,.333,.667
Billy B Wagner,HOU,68,2,0,0,0,0,0,0,0,2,0,0,.000,.000,.000,.000
David D Weathers,NYM,68,1,0,0,0,0,0,0,0,0,0,0,.000,.000,.000,.000
Mike M De Jean,MIL,67,1,0,0,0,0,0,0,0,1,0,0,.000,.000,.000,.000
Delino D De Shields,CHC,67,146,20,28,6,1,3,10,21,38,10,1,.192,.292,.308,.600
Pedro P Feliz,SF,67,146,14,37,4,1,2,13,6,27,0,0,.253,.281,.336,.617
Geoff G Jenkins L,MIL,67,243,35,59,17,1,10,29,22,60,1,2,.243,.320,.444,.764
Brian B Boehringer,PIT,66,0,0,0,0,0,0,0,0,0,0,0,.000,.000,.000,.000
Byung- Hyun B Kim,ARI,66,2,0,1,0,0,0,0,0,0,0,0,.500,.500,.500,1.000
Felix F Rodriguez,SF,66,1,1,1,0,0,0,0,0,0,0,0,1.000,1.000,1.000,2.000
Carlos C Silva,PHI,66,2,0,0,0,0,0,0,1,1,0,0,.000,.333,.000,.333
Marvin M Benard,SF,65,123,16,34,9,2,1,13,7,26,5,1,.276,.321,.407,.727
Jorge J Fabregas,MIL,65,155,13,28,4,0,3,22,8,13,0,0,.181,.216,.265,.480
Danny D Graves,CIN,65,6,1,0,0,0,0,0,0,2,0,0,.000,.000,.000,.000
Mark M Guthrie,NYM,65,2,0,0,0,0,0,0,0,0,0,0,.000,.000,.000,.000
Greg G Myers,OAK,65,144,15,32,5,0,6,21,26,36,0,0,.222,.341,.382,.723
Mike M Myers,ARI,65,0,0,0,0,0,0,0,0,0,0,0,.000,.000,.000,.000
Jose J Ortiz,COL,65,192,22,48,7,1,1,12,16,30,2,0,.250,.315,.313,.627
Ramon R Santiago S,DET,65,222,33,54,5,5,4,20,13,48,8,5,.243,.306,.365,.671
Bill B Selby,CLE,65,159,15,34,7,2,6,21,15,27,0,1,.214,.278,.396,.675
Scott S Strickland,NYM,65,0,0,0,0,0,0,0,0,0,0,0,.000,.000,.000,.000
Antonio A Alfonseca,CHC,64,3,0,2,0,0,0,2,0,0,0,0,.667,.667,.667,1.333
Steve S Kline,STL,64,1,0,0,0,0,0,0,0,0,0,0,.000,.000,.000,.000
Robb R Nen,SF,64,2,0,1,0,0,0,0,0,1,0,0,.500,.500,.500,1.000
Sean S Burroughs,SD,63,192,18,52,5,1,1,11,12,30,2,0,.271,.317,.323,.640
Homer H Bush,FLA,63,132,16,30,2,0,1,7,5,25,4,1,.227,.266,.265,.531
Carl C Crawford L,TB,63,259,23,67,11,6,2,30,9,41,9,5,.259,.290,.371,.661
Mike M Fetters,ARI,63,0,0,0,0,0,0,0,0,0,0,0,.000,.000,.000,.000
Matthew M Le Croy D,MIN,63,181,19,47,11,1,7,27,13,38,0,2,.260,.306,.448,.754
Graeme G Lloyd,FLA,62,4,0,0,0,0,0,0,0,2,0,0,.000,.000,.000,.000
Ryan R Thompson L,MIL,62,137,16,34,9,2,8,24,7,38,1,0,.248,.295,.518,.813
Luis L Ugueto,SEA,62,23,19,5,0,0,1,1,2,8,8,4,.217,.280,.348,.628
Benny B Agbayani L,BOS,61,154,15,35,6,0,4,27,16,40,1,0,.227,.298,.344,.642
Brady B Clark,NYM,61,78,9,15,4,0,0,10,7,11,1,2,.192,.267,.244,.511
Jeremy J Fikac,SD,61,2,0,0,0,0,0,0,0,1,0,0,.000,.000,.000,.000
Benji B Gil,ANA,61,130,11,37,8,1,3,20,5,33,2,1,.285,.307,.431,.737
Steve S Reed,NYM,61,2,0,0,0,0,0,0,0,2,0,0,.000,.000,.000,.000
Scott S Stewart,MON,61,2,0,0,0,0,0,0,0,2,0,0,.000,.000,.000,.000
Rick R White,STL,61,1,0,0,0,0,0,0,0,1,0,0,.000,.000,.000,.000
Scott S Williamson,CIN,61,0,0,0,0,0,0,0,0,0,0,0,.000,.000,.000,.000
Jason J Isringhausen,STL,60,0,0,0,0,0,0,0,0,0,0,0,.000,.000,.000,.000
Justin J Speier,COL,60,3,0,1,0,0,0,0,0,2,0,0,.333,.333,.333,.667
Tony T Tarasco,NYM,60,96,15,24,5,0,6,15,8,13,2,1,.250,.305,.490,.794
Matt M Williams,ARI,60,215,29,56,7,2,12,40,21,41,3,1,.260,.324,.479,.803
Enrique E Wilson,NYY,60,105,17,19,2,2,2,11,8,22,1,1,.181,.239,.295,.534
Armando A Benitez,NYM,59,0,0,0,0,0,0,0,0,0,0,0,.000,.000,.000,.000
Giovanni G Carrara,LA,59,6,0,0,0,0,0,0,1,3,0,0,.000,.143,.000,.143
Felix F Escalona S,TB,59,157,17,34,8,2,0,9,3,44,7,2,.217,.262,.293,.555
Chris C Hammond,ATL,59,1,0,0,0,0,0,0,1,1,0,0,.000,.500,.000,.500
Bobby B Hill,CHC,59,190,26,48,7,2,4,20,17,42,6,1,.253,.327,.374,.701
Adam A Hyzdu C,PIT,59,155,24,36,6,0,11,34,21,44,0,0,.232,.324,.484,.808
Matt M Herges,MON,58,1,0,0,0,0,0,0,1,1,0,0,.000,.500,.000,.500
Trevor T Hoffman,SD,58,0,0,0,0,0,0,0,0,0,0,0,.000,.000,.000,.000
Darren D Lewis L,CHC,58,79,7,19,3,1,0,7,7,11,1,3,.241,.326,.304,.630
Luis L Lopez,BAL,58,117,11,23,6,0,2,10,5,21,1,0,.197,.230,.299,.529
Kent K Mercker,COL,58,1,0,0,0,0,0,0,0,0,0,0,.000,.000,.000,.000
Gabe G White,CIN,58,2,0,0,0,0,0,0,0,2,0,0,.000,.000,.000,.000
Doug D Mirabelli,BOS,57,151,17,34,7,0,7,25,17,33,0,0,.225,.312,.411,.723
Mike M Williams,PIT,57,1,0,0,0,0,0,0,0,1,0,0,.000,.500,.000,.500
Joey J Eischen,MON,56,8,1,1,1,0,0,0,1,3,0,0,.125,.222,.250,.472
Brook B Fordyce,BAL,56,130,7,30,8,0,1,8,9,19,1,0,.231,.301,.315,.616
Wiki W Gonzalez,SD,56,164,16,36,8,1,1,20,27,24,0,0,.220,.330,.299,.629
Randy R Velarde,OAK,56,133,22,30,8,0,2,8,15,32,3,0,.226,.325,.331,.656
Ron R Coomer,NYY,55,148,14,39,7,0,3,17,6,23,0,0,.264,.290,.372,.662
Joe J Lawrence,TOR,55,150,16,27,4,0,2,15,16,38,2,1,.180,.262,.247,.508
Keith K Osik,PIT,55,100,6,16,3,0,2,11,6,25,0,0,.160,.211,.250,.461
Adam A Piatt L,OAK,55,137,18,32,8,0,5,18,12,33,2,1,.234,.303,.401,.704
Pedro P Borbon,HOU,54,3,0,0,0,0,0,0,0,3,0,0,.000,.000,.000,.000
Juan J Castro S,CIN,54,82,5,18,3,0,2,11,7,18,0,0,.220,.278,.329,.607
Ramon R Castro,FLA,54,101,11,24,4,0,6,18,14,24,0,0,.238,.322,.455,.778
Bruce B Chen,CIN,54,15,3,5,1,0,0,1,0,4,0,0,.333,.333,.400,.733
Orlando O Hudson,TOR,54,192,20,53,10,5,4,23,11,27,0,1,.276,.319,.443,.762
Dmitri D Young,DET,54,201,25,57,14,0,7,27,12,39,2,0,.284,.329,.458,.786
Rheal R Cormier,PHI,53,3,0,1,0,0,0,0,1,0,0,0,.333,.500,.333,.833
Joe J Crede,CWS,53,200,28,57,10,0,12,35,8,40,0,2,.285,.311,.515,.826
Karim K Garcia R,CLE,53,202,30,60,8,0,16,52,6,41,0,3,.297,.314,.574,.888
Kevin K Gryboski,ATL,53,0,0,0,0,0,0,0,0,0,0,0,.000,.000,.000,.000
Mike M Koplove,ARI,53,1,0,0,0,0,0,0,0,0,0,0,.000,.000,.000,.000
Mike M Lincoln,PIT,53,5,0,0,0,0,0,0,0,5,0,0,.000,.000,.000,.000
Jesse J Orosco,LA,53,0,1,0,0,0,0,0,1,0,0,0,.000,1.000,.000,1.000
Brandon B Puffer,HOU,53,6,0,0,0,0,0,0,1,5,0,0,.000,.143,.000,.143
Yorvit Y Torrealba,SF,53,136,17,38,10,0,2,14,14,20,0,0,.279,.355,.397,.752
T. J. T Tucker,MON,53,4,1,3,0,0,0,0,0,0,0,0,.750,.750,.750,1.500
Joe J Beimel,PIT,51,10,0,3,1,0,0,1,1,3,0,0,.300,.364,.400,.764
Brandon B Berger R,KC,51,134,16,27,5,1,6,17,8,32,1,0,.201,.255,.388,.643
Jim J Brower,MON,51,9,0,0,0,0,0,0,0,3,0,0,.000,.000,.000,.000
Rusty R Greer L,TEX,51,199,24,59,9,2,1,17,19,17,1,0,.296,.356,.377,.733
Darren D Holmes,ATL,51,2,0,0,0,0,0,0,0,0,0,0,.000,.000,.000,.000
Tom T Prince,MIN,51,125,14,28,7,1,4,16,14,26,1,3,.224,.317,.392,.709
Angel A Echevarria,CHC,50,98,14,30,7,0,3,21,8,17,0,0,.306,.351,.469,.821
Kerry K Ligtenberg,ATL,50,0,0,0,0,0,0,0,0,0,0,0,.000,.000,.000,.000
Sean S Lowe,COL,50,14,0,1,0,0,0,0,0,6,0,0,.071,.071,.071,.143
Chris C Richard D,BAL,50,155,15,36,11,0,4,21,12,30,0,3,.232,.292,.381,.673
Tim T Spooneybarger,ATL,50,1,0,0,0,0,0,0,0,1,0,0,.000,.000,.000,.000
Hank H Blalock,TEX,49,147,16,31,8,0,3,17,20,43,0,0,.211,.306,.327,.632
Mike M Crudale,STL,49,2,0,0,0,0,0,0,0,1,0,0,.000,.000,.000,.000
Valerio V De Los Santos,MIL,49,2,0,0,0,0,0,0,1,1,0,0,.000,.333,.000,.333
Morgan M Ensberg,HOU,49,132,14,32,7,2,3,19,18,25,2,0,.242,.346,.394,.740
Willie W Harris,CWS,49,163,14,38,4,0,2,12,9,21,8,0,.233,.270,.294,.565
Shawn S Wooten D,ANA,49,113,13,33,8,0,3,19,6,24,2,0,.292,.331,.442,.773
Jolbert J Cabrera,LA,48,84,8,12,2,0,0,8,7,15,1,1,.143,.215,.167,.382
Calvin C Murray,TEX,48,89,16,13,5,1,0,1,7,17,4,0,.146,.216,.225,.441
Mark M Sweeney,SD,48,65,3,11,3,0,1,4,4,19,0,0,.169,.217,.262,.479
Jose J Cabrera,MIL,47,19,1,2,0,0,0,0,0,10,0,0,.105,.105,.105,.210
Jason J Romano,COL,47,91,17,23,4,1,0,5,7,24,6,1,.253,.303,.319,.622
Michael M Tejera,FLA,47,37,5,7,0,0,1,5,1,6,0,0,.189,.231,.270,.501
Chad C Zerbe,SF,47,6,0,1,0,0,0,1,0,2,0,0,.167,.167,.167,.333
Armando A Almanza,FLA,46,0,0,0,0,0,0,0,0,0,0,0,.000,.000,.000,.000
Ruben R Mateo,CIN,46,86,11,22,6,0,2,7,6,20,0,0,.256,.319,.395,.714
Ty T Wigginton,NYM,46,116,18,35,8,0,6,18,8,19,2,1,.302,.354,.526,.880
Terry T Adams,PHI,45,25,0,2,0,0,0,1,3,13,0,0,.080,.179,.080,.259
Darrin D Fletcher,TOR,45,127,8,28,6,0,3,22,4,13,0,0,.220,.239,.339,.577
Russ R Johnson,TB,45,111,15,24,5,0,1,12,16,22,5,2,.216,.320,.288,.609
Mike M Matthews,MIL,45,6,0,1,0,0,0,0,0,4,0,0,.167,.167,.167,.333
Jose J Nieves,ANA,45,97,17,28,2,0,0,6,2,14,1,1,.289,.303,.309,.612
Juan J Cruz,CHC,44,14,0,2,0,0,0,0,0,4,0,0,.143,.143,.143,.286
Jason J Lane R,HOU,44,69,12,20,3,1,4,10,10,12,1,1,.290,.375,.536,.911
Jason J Tyner L,TB,44,168,17,36,2,1,0,9,7,19,7,1,.214,.249,.238,.487
Ron R Villone,PIT,44,16,1,4,0,1,0,1,0,3,0,0,.250,.250,.375,.625
Kyle K Farnsworth,CHC,43,1,0,0,0,0,0,1,0,0,0,0,.000,.000,.000,.000
Aaron A Fultz,SF,42,1,0,0,0,0,0,0,0,0,0,0,.000,.000,.000,.000
Alex A Gonzalez S,FLA,42,151,15,34,7,1,2,18,12,32,3,1,.225,.296,.325,.620
Todd T Greene,TEX,42,112,15,30,5,0,10,19,2,23,0,0,.268,.282,.580,.862
Mark M Johnson,NYM,42,51,5,7,4,0,1,4,9,18,0,0,.137,.267,.275,.541
Eddie E Pérez Perez,CLE,42,117,6,25,9,0,0,4,5,25,0,0,.214,.252,.291,.543
Dewayne D Wise R,TOR,42,112,14,20,4,1,3,13,4,15,5,0,.179,.207,.313,.519
Jay J Witasick,SF,42,5,0,0,0,0,0,0,0,4,0,0,.000,.000,.000,.000
Michael M Cuddyer R,MIN,41,112,12,29,7,0,4,13,8,30,2,0,.259,.311,.429,.740
Vic V Darensbourg,FLA,41,1,0,0,0,0,0,0,0,0,0,0,.000,.000,.000,.000
Luther L Hackman,STL,41,16,0,1,0,0,0,0,1,6,0,0,.063,.118,.063,.180
Chad C Kreuter,LA,41,95,8,25,5,0,2,12,10,31,1,0,.263,.333,.379,.712
Andy A Sheets,TB,41,149,18,37,4,0,4,22,12,41,2,3,.248,.301,.356,.656
Danny D Bautista R,ARI,40,154,22,50,5,2,6,23,11,21,4,2,.325,.367,.500,.868
Nelson N Cruz,HOU,40,13,0,0,0,0,0,1,1,8,0,0,.000,.071,.000,.071
Adam A Everett S,HOU,40,88,11,17,3,0,0,4,12,19,3,0,.193,.297,.227,.524
Raul R Gonzalez C,NYM,40,104,13,27,3,0,3,12,6,22,4,2,.260,.297,.375,.672
Guillermo G Mota,LA,40,4,1,1,0,0,0,0,0,2,0,0,.250,.250,.250,.500
Britt B Reames,MON,40,9,0,1,0,0,0,1,0,1,0,0,.111,.111,.111,.222
Dennys D Reyes,COL,40,0,0,0,0,0,0,0,0,0,0,0,.000,.000,.000,.000
Ben B Broussard L,CLE,39,112,10,27,4,0,4,9,7,25,0,0,.241,.292,.384,.676
Jesse J Garcia,ATL,39,61,6,12,1,0,0,5,0,14,0,1,.197,.197,.213,.410
Corky C Miller,CIN,39,114,9,29,10,0,3,15,9,20,0,0,.254,.328,.421,.749
Todd T Pratt,PHI,39,106,14,33,11,0,3,16,24,28,2,0,.311,.449,.500,.948
Mike M Rivera,DET,39,132,11,30,8,1,1,11,4,35,0,0,.227,.254,.326,.579
Alan A Zinter,HOU,39,44,5,6,2,0,2,3,0,19,0,0,.136,.136,.318,.454
Jay J Canizaro,MIN,38,112,14,24,8,1,0,11,10,22,0,1,.214,.280,.304,.584
Alex A Cintron,ARI,38,75,11,16,6,0,0,4,12,13,0,0,.213,.322,.293,.615
Omar O Daal,LA,38,39,2,6,2,0,1,4,1,11,0,0,.154,.175,.282,.457
Bobby B Estalella,COL,38,112,17,23,8,0,8,25,14,33,0,1,.205,.285,.491,.776
Joey J Hamilton,CIN,38,28,3,7,3,0,0,1,0,7,0,0,.250,.241,.357,.598
Frank F Menechino,OAK,38,132,22,27,7,0,3,15,20,32,0,0,.205,.312,.326,.637
Ben B Petrick L,COL,38,95,10,20,3,1,5,11,9,33,0,1,.211,.283,.421,.704
Jeff J Reboulet,LA,38,48,3,10,3,0,0,2,6,13,0,0,.208,.291,.271,.562
Jose J Santiago,PHI,38,2,0,0,0,0,0,0,1,1,0,0,.000,.333,.000,.333
Mike M Kinkade,LA,37,50,7,19,5,0,2,11,4,10,1,0,.380,.483,.600,1.083
Chad C Moeller,ARI,37,105,10,30,11,1,2,16,17,23,0,1,.286,.385,.467,.852
Dan D Plesac,PHI,37,0,0,0,0,0,0,0,0,0,0,0,.000,.000,.000,.000
Brian B Roberts,BAL,37,128,18,29,6,0,1,11,15,21,9,2,.227,.308,.297,.605
Brian B Anderson,ARI,36,43,0,5,1,1,0,2,0,9,0,0,.116,.136,.186,.322
Endy E Chavez C,MON,36,125,20,37,8,5,1,9,5,16,3,5,.296,.321,.464,.785
David D Coggin,PHI,36,8,0,0,0,0,0,0,1,6,0,0,.000,.111,.000,.111
Jayson J Durocher,MIL,36,2,0,0,0,0,0,0,0,1,0,0,.000,.000,.000,.000
Tom T Glavine,ATL,36,68,0,7,1,0,0,3,3,13,0,0,.103,.141,.118,.258
Jose J Leon,BAL,36,89,8,22,2,0,3,10,3,20,1,0,.247,.280,.371,.650
Carl C Pavano,FLA,36,40,2,8,1,1,0,2,0,12,0,0,.200,.200,.275,.475
Glendon G Rusch,MIL,36,66,6,19,0,0,1,8,1,24,0,0,.288,.299,.333,.632
Jacob J Cruz D,DET,35,88,12,24,3,1,2,6,13,20,3,1,.273,.377,.398,.775
Jack J Cust,COL,35,65,8,11,2,0,1,8,12,32,0,1,.169,.295,.246,.541
Jimmy J Haynes,CIN,35,61,5,10,2,0,0,6,1,12,0,0,.164,.177,.197,.374
Brady B Anderson C,CLE,34,80,4,13,4,0,1,5,18,23,4,0,.163,.327,.250,.577
Alan A Embree,SD,34,0,0,0,0,0,0,0,0,0,0,0,.000,.000,.000,.000
Tom T Gordon,HOU,34,1,0,0,0,0,0,0,0,0,0,0,.000,.000,.000,.000
Randy R Johnson,ARI,34,89,4,12,3,0,0,8,3,40,0,0,.135,.161,.169,.330
Kevin K Millwood,ATL,34,70,5,14,5,0,1,11,0,27,0,0,.200,.200,.314,.514
Denny D Neagle,COL,34,45,5,12,4,0,0,1,0,11,0,0,.267,.267,.356,.622
Pablo P Ozuna,FLA,34,47,4,13,2,2,0,3,1,3,1,1,.277,.300,.404,.704
Kirk K Rueter,SF,34,62,3,11,0,0,0,3,2,11,0,0,.177,.197,.177,.374
Curt C Schilling,ARI,34,86,7,15,0,0,0,3,4,26,0,0,.174,.211,.174,.386
Kelly K Stinnett,CIN,34,93,10,21,5,0,3,13,15,25,2,0,.226,.333,.376,.710
Kip K Wells,PIT,34,63,4,12,2,0,1,5,0,28,0,0,.190,.190,.270,.460
Miguel M Batista,ARI,33,51,5,8,2,0,1,2,3,28,0,0,.157,.204,.255,.459
Raul R Casanova,BAL,33,88,3,16,1,0,1,8,10,19,0,0,.182,.270,.227,.497
Mike M Hampton,COL,33,64,9,22,2,0,3,5,1,13,1,1,.344,.354,.516,.870
Livan L Hernandez,SF,33,64,6,15,4,1,0,6,0,9,0,0,.234,.231,.328,.559
Mike M Holtz,SD,33,2,0,0,0,0,0,0,0,1,0,0,.000,.000,.000,.000
Greg G Maddux,ATL,33,59,6,11,3,0,0,2,0,8,1,0,.186,.186,.237,.424
Hideo H Nomo,LA,33,63,3,4,2,0,1,3,5,32,0,0,.063,.132,.143,.275
Luis L Ordaz,KC,33,94,11,21,2,0,0,4,12,13,2,3,.223,.308,.245,.553
Roy R Oswalt,HOU,33,77,5,10,2,0,0,4,4,26,0,0,.130,.183,.156,.339
Josh J Paul,CWS,33,104,11,25,4,0,0,11,9,22,2,0,.240,.302,.279,.581
John J Riedling,CIN,33,1,0,0,0,0,0,0,0,1,0,0,.000,.000,.000,.000
Grant G Roberts,NYM,33,1,1,1,0,0,0,0,0,0,0,0,1.000,1.000,1.000,2.000
Javier J Vazquez,MON,33,73,7,13,0,0,0,4,3,9,0,1,.178,.211,.178,.389
Gerald G Williams R,NYY,33,17,6,0,0,0,0,0,2,4,2,0,.000,.105,.000,.105
Jay J Bell,ARI,32,49,3,8,1,0,2,11,5,9,0,0,.163,.250,.306,.556
Matt M Cepicky,MON,32,74,7,16,3,0,3,15,4,21,0,0,.216,.256,.378,.635
Coco C Crisp,CLE,32,127,16,33,9,2,1,9,11,19,4,1,.260,.314,.386,.700
Ryan R Dempster,CIN,32,63,2,8,1,1,0,3,2,20,0,0,.127,.154,.175,.328
Josh J Fogg,PIT,32,58,2,7,0,0,0,1,2,22,0,0,.121,.150,.121,.271
Brian B Lawrence,SD,32,63,1,6,2,0,0,6,5,14,0,0,.095,.162,.127,.289
Eddie E Oropesa,ARI,32,0,0,0,0,0,0,0,0,0,0,0,.000,.000,.000,.000
Ben B Sheets,MIL,32,68,2,6,1,0,0,3,4,39,0,0,.088,.139,.103,.242
Dan D Smith,MON,32,3,0,0,0,0,0,0,0,3,0,0,.000,.000,.000,.000
Greg G Swindell,ARI,32,0,0,0,0,0,0,0,0,0,0,0,.000,.000,.000,.000
Kerry K Wood,CHC,32,72,5,12,0,0,1,5,3,28,0,0,.167,.200,.208,.408
Peter P Bergeron C,MON,31,123,24,23,3,2,0,7,22,44,10,3,.187,.310,.244,.554
Gookie G Dawkins S,CIN,31,48,2,6,2,0,0,0,6,21,2,1,.125,.222,.167,.389
Ryan R Jensen,SF,31,56,5,6,2,0,0,2,0,18,0,0,.107,.123,.143,.266
Hector H Mercado,PHI,31,4,0,1,0,0,0,0,0,2,0,0,.250,.250,.250,.500
Matt M Morris,STL,31,71,4,12,3,0,0,3,3,23,0,0,.169,.203,.211,.414
Damian D Moss,ATL,31,50,2,5,1,0,0,2,4,24,0,0,.100,.167,.120,.287
Russ R Ortiz,SF,31,69,11,17,5,0,2,9,6,17,0,0,.246,.299,.406,.704
Jose J Rijo,CIN,31,16,0,2,0,0,0,0,0,7,0,0,.125,.125,.125,.250
Denny D Stark,COL,31,41,4,7,3,0,1,4,0,19,0,0,.171,.167,.317,.484
Brandon B Villafuerte,SD,31,0,0,0,0,0,0,0,0,0,0,0,.000,.000,.000,.000
Carlos C Zambrano,CHC,31,30,0,1,1,0,0,0,0,15,0,0,.033,.033,.067,.100
Pedro P Astacio,NYM,30,62,3,10,2,0,0,1,0,31,0,0,.161,.175,.194,.368
Matt M Clement,CHC,30,61,4,3,2,0,0,4,1,34,0,0,.049,.108,.082,.190
Elmer E Dessens,CIN,30,45,1,9,0,0,0,5,3,11,0,0,.200,.250,.200,.450
Jason J Jennings,COL,30,62,6,19,4,0,0,11,3,13,0,0,.306,.348,.371,.720
Al A Leiter,NYM,30,53,3,8,1,0,0,2,8,28,0,0,.151,.262,.170,.432
Matt M Mantei,ARI,30,0,0,0,0,0,0,0,0,0,0,0,.000,.000,.000,.000
Blaine B Neal,FLA,30,0,0,0,0,0,0,0,0,0,0,0,.000,.000,.000,.000
Tomo T Ohka,MON,30,55,3,7,1,0,0,2,4,28,0,0,.127,.186,.145,.332
Augie A Ojeda S,CHC,30,70,4,13,4,0,0,4,5,5,1,0,.186,.247,.243,.490
Odalis O Perez,LA,30,64,5,10,5,0,1,4,1,13,0,0,.156,.169,.281,.450
Chris C Reitsma,CIN,30,30,0,3,0,0,0,2,1,12,0,0,.100,.129,.100,.229
Brett B Tomko,SD,30,66,2,12,2,0,0,6,1,20,0,0,.182,.194,.212,.406
Randy R Wolf,PHI,30,59,6,8,4,0,1,4,4,24,0,0,.136,.190,.254,.445
A. J. A Burnett,FLA,29,57,1,6,2,0,1,3,5,28,0,0,.105,.177,.193,.370
Jaime J Cerda,NYM,29,1,0,0,0,0,0,0,0,0,0,0,.000,.000,.000,.000
Brandon B Duckworth,PHI,29,48,3,9,1,0,0,4,5,11,0,0,.188,.264,.208,.472
Shawn S Estes,CIN,29,43,1,3,1,0,1,3,0,17,0,0,.070,.070,.163,.233
Nelson N Figueroa,MIL,29,15,0,2,0,0,0,3,1,6,0,0,.133,.188,.133,.321
Brian B Fuentes,COL,29,0,0,0,0,0,0,0,0,0,0,0,.000,.000,.000,.000
Rick R Helling,ARI,29,46,3,2,0,0,0,1,8,16,0,0,.043,.200,.043,.244
Jose J Molina,ANA,29,70,5,19,3,0,0,5,5,15,0,2,.271,.312,.314,.626
Vicente V Padilla,PHI,29,58,1,3,1,0,0,5,0,31,0,0,.052,.067,.069,.136
Kit K Pellow,KC,29,63,6,15,1,0,1,5,9,21,1,1,.238,.342,.302,.644
Julio J Ramirez C,ANA,29,32,6,9,0,1,1,7,2,14,0,2,.281,.343,.438,.780
Steve S Trachsel,NYM,29,46,4,5,0,1,0,4,1,19,0,0,.109,.128,.152,.280
Masato M Yoshii,MON,29,35,2,2,1,0,0,0,3,13,0,0,.057,.154,.086,.240
Keith K Ginter,MIL,28,81,7,19,9,0,1,8,17,15,0,0,.235,.374,.383,.756
Gary G Knotts,FLA,28,1,0,0,0,0,0,0,0,0,0,0,.000,.000,.000,.000
Albie A Lopez,ATL,28,9,0,1,0,0,0,0,0,6,0,0,.111,.111,.111,.222
Jason J Marquis,ATL,28,38,6,5,0,0,1,1,0,16,0,0,.132,.132,.211,.342
Wil W Nieves,SD,28,72,2,13,3,1,0,3,4,15,1,0,.181,.224,.250,.474
Juan J Rivera L,NYY,28,83,9,22,5,0,1,6,6,10,1,1,.265,.311,.361,.673
Paul P Shuey,LA,28,3,0,1,0,0,0,0,0,2,0,0,.333,.333,.333,.667
Gene G Stechschulte,STL,28,2,0,0,0,0,0,0,0,2,0,0,.000,.000,.000,.000
John J Thomson,NYM,28,52,4,11,0,0,0,3,3,19,0,0,.212,.250,.212,.462
Jimmy J Anderson,PIT,27,42,1,5,0,0,0,1,2,12,0,0,.119,.159,.119,.278
Andy A Ashby,LA,27,48,5,6,0,0,1,4,2,23,0,0,.125,.160,.188,.348
Mark M Corey,COL,27,2,0,0,0,0,0,0,0,2,0,0,.000,.000,.000,.000
Jeff J D' Amico,NYM,27,37,2,4,0,0,0,0,2,22,0,0,.108,.154,.108,.262
Oswaldo O Mairena,FLA,27,0,0,0,0,0,0,0,0,0,0,0,.000,.000,.000,.000
Mike M Morgan,ARI,27,0,0,0,0,0,0,0,0,0,0,0,.000,.000,.000,.000
Jason J Schmidt,SF,27,56,3,7,2,0,0,2,2,28,0,0,.125,.155,.161,.316
Marco M Scutaro,NYM,27,36,2,8,0,1,1,6,0,11,0,1,.222,.216,.361,.577
Julian J Tavarez,FLA,27,40,3,5,0,0,0,5,2,17,0,0,.125,.167,.125,.292
Matt M Walbeck,DET,27,85,4,20,2,0,0,3,3,14,0,0,.235,.258,.259,.517
Tony T Armas,MON,26,50,1,5,0,1,0,2,1,16,0,0,.100,.118,.140,.258
Kris K Benson,PIT,26,40,3,7,1,0,0,1,0,11,0,0,.175,.175,.200,.375
Ricky R Bottalico,PHI,26,0,0,0,0,0,0,0,0,0,0,0,.000,.000,.000,.000
Scott S Eyre,SF,26,0,0,0,0,0,0,0,0,0,0,0,.000,.000,.000,.000
Ross R Gload,COL,26,31,4,8,1,0,1,4,3,7,0,0,.258,.324,.387,.711
Kaz K Ishii,LA,26,50,1,5,0,0,0,2,2,21,0,0,.100,.135,.100,.235
Wade W Miller,HOU,26,62,7,11,3,0,0,4,0,21,0,0,.177,.175,.226,.400
Chris C Nichting,COL,26,3,1,1,0,0,0,0,0,0,0,0,.333,.333,.333,.667
Luis L Pineda,CIN,26,3,0,0,0,0,0,0,0,2,0,0,.000,.000,.000,.000
David D Segui,BAL,26,95,10,25,4,0,2,16,11,22,0,0,.263,.336,.368,.705
Jason J Smith,TB,26,65,9,13,1,2,1,6,2,24,3,0,.200,.224,.323,.547
Mike M Buddie,MIL,25,2,0,0,0,0,0,0,0,1,0,0,.000,.000,.000,.000
Cesar C Crespo L,SD,25,29,5,5,2,0,0,0,3,6,3,2,.172,.250,.241,.491
Carlos C Hernández Hernandez,HOU,25,35,3,6,0,0,0,1,2,11,0,0,.171,.216,.171,.388
Dave D Mc Carty L,TB,25,66,5,9,1,0,2,4,6,19,0,0,.136,.230,.242,.472
Bryant B Nelson,BOS,25,34,6,9,3,0,0,2,4,1,1,1,.265,.342,.353,.695
Ruben R Quevedo,MIL,25,42,2,4,0,0,0,3,2,21,0,0,.095,.136,.095,.232
B. J. B Surhoff,ATL,25,75,5,22,5,0,0,9,9,5,1,3,.293,.369,.360,.729
Josh J Bard,CLE,24,90,9,20,5,0,3,12,4,13,0,0,.222,.255,.378,.633
Hee- Seop H Choi,CHC,24,50,6,9,1,0,2,4,7,15,0,0,.180,.281,.320,.601
Brian B Lesher,TOR,24,38,2,5,1,0,0,2,4,15,0,0,.132,.209,.158,.367
Marty M Malloy,FLA,24,25,1,3,0,0,0,1,2,8,0,0,.120,.185,.120,.305
Brad B Penny,FLA,24,48,1,8,2,0,0,1,0,14,0,0,.167,.167,.208,.375
Victor V Santos,COL,24,2,0,1,0,0,0,0,0,0,0,0,.500,.500,.500,1.000
Jason J Simontacchi,STL,24,50,5,12,0,0,0,2,2,15,0,0,.240,.269,.240,.509
Josh J Beckett,FLA,23,31,0,1,1,0,0,0,0,21,0,0,.032,.032,.065,.097
Jason J Boyd,SD,23,0,0,0,0,0,0,0,0,0,0,0,.000,.000,.000,.000
Travis T Hafner D,TEX,23,62,6,15,4,1,1,6,8,15,0,1,.242,.329,.387,.716
Brandon B Larson,CIN,23,51,8,14,2,0,4,13,6,10,1,0,.275,.362,.549,.911
Ryan R Ludwick C,TEX,23,81,10,19,6,0,1,9,7,24,2,1,.235,.295,.346,.641
Mark M Quinn R,KC,23,76,9,18,4,0,2,11,5,15,2,1,.237,.301,.368,.670
Jim J Rushford R,MIL,23,77,8,11,2,0,1,6,6,9,0,0,.143,.214,.208,.422
Jamey J Wright,STL,23,38,0,5,3,0,0,0,0,16,0,0,.132,.132,.211,.342
Ryan R Christenson C,MIL,22,58,5,9,4,0,1,3,5,13,0,0,.155,.222,.276,.498
Satoru S Komiyama,NYM,22,1,0,0,0,0,0,0,1,1,0,0,.000,.500,.000,.500
Scott S Linebrink,HOU,22,0,0,0,0,0,0,0,0,0,0,0,.000,.000,.000,.000
Henry H Mateo,MON,22,23,1,4,0,1,0,0,2,6,2,0,.174,.240,.261,.501
Dave D Mlicki,HOU,22,27,2,5,1,0,0,1,0,9,0,0,.185,.185,.222,.407
Greg G La Rocca,CLE,21,52,12,14,3,1,0,4,6,6,1,0,.269,.367,.365,.732
Takahito T Nomura,MIL,21,0,0,0,0,0,0,0,0,0,0,0,.000,.000,.000,.000
Damian D Rolls R,TB,21,89,15,26,6,1,0,6,3,16,2,5,.292,.330,.382,.712
Chris C Widger,NYY,21,64,4,19,5,0,0,5,2,9,0,0,.297,.338,.375,.713
Brian B Banks,FLA,20,28,3,9,1,0,1,4,1,6,0,0,.321,.345,.464,.809
Angel A Berroa S,KC,20,75,8,17,7,1,0,5,7,10,3,0,.227,.301,.347,.648
Shawn S Chacon,COL,20,35,3,9,1,0,0,2,0,14,0,0,.257,.257,.286,.543
Mike M Colangelo L,OAK,20,23,2,4,1,0,0,0,1,2,0,0,.174,.240,.217,.457
Jon J Lieber,CHC,20,43,2,7,1,0,0,0,1,10,0,0,.163,.182,.186,.368
Henry H Rodriguez,MON,20,20,1,1,0,0,0,3,4,8,0,0,.050,.200,.050,.250
Andy A Benes,STL,19,34,3,7,1,0,1,2,1,9,0,0,.206,.229,.324,.552
Bartolo B Colon,MON,19,45,1,6,0,0,0,3,0,23,0,0,.133,.149,.133,.282
Tom T Davey,SD,19,0,0,0,0,0,0,0,0,0,0,0,.000,.000,.000,.000
Zach Z Day,MON,19,6,1,1,0,0,0,0,1,4,0,0,.167,.286,.167,.452
Bill B Hall S,MIL,19,36,3,7,1,1,1,5,3,13,0,1,.194,.256,.361,.618
Hansel H Izquierdo,FLA,19,2,0,0,0,0,0,0,0,0,0,0,.000,.000,.000,.000
Terry T Mulholland,LA,19,1,0,0,0,0,0,0,0,1,0,0,.000,.000,.000,.000
Pete P Munro,HOU,19,22,1,3,0,0,0,2,1,6,0,0,.136,.174,.136,.310
Abraham M. A Nunez C,FLA,19,17,2,2,0,0,0,1,0,5,0,1,.118,.118,.118,.235
Bret B Prinz,ARI,19,0,0,0,0,0,0,0,0,0,0,0,.000,.000,.000,.000
So S Taguchi L,STL,19,15,4,6,0,0,0,2,2,1,1,0,.400,.471,.400,.871
Andres A Torres C,DET,19,70,7,14,1,1,0,3,6,16,2,2,.200,.266,.243,.509
Omar O Infante S,DET,18,72,4,24,3,0,1,6,3,10,0,1,.333,.360,.417,.777
Bobby B Jones,SD,18,33,2,5,0,0,0,2,0,11,0,0,.152,.152,.152,.303
Pat P Mahomes,CHC,18,5,1,0,0,0,0,0,0,3,0,0,.000,.000,.000,.000
Eric E Munson D,DET,18,59,3,11,0,0,2,5,6,11,0,0,.186,.269,.288,.557
Bobby B Smith,TB,18,63,4,11,2,0,1,6,3,25,0,0,.175,.212,.254,.466
Earl E Snyder,CLE,18,55,5,11,2,0,1,4,6,21,0,0,.200,.279,.291,.570
Kevin K Brown,LA,17,20,2,5,1,0,1,2,0,11,0,0,.250,.250,.450,.700
Ivan I Cruz,STL,17,14,2,5,0,0,1,3,1,3,0,0,.357,.400,.571,.971
Luis L Matos R,BAL,17,31,0,4,1,0,0,1,1,6,1,0,.129,.156,.161,.318
Ryan R Mc Guire,BAL,17,26,0,2,1,0,0,2,2,7,0,0,.077,.143,.115,.258
Cliff C Politte,TOR,17,1,0,0,0,0,0,0,0,1,0,0,.000,.000,.000,.000
Mark M Prior,CHC,17,35,3,6,4,0,0,4,2,15,0,0,.171,.216,.286,.502
Tim T Redding,HOU,17,20,0,2,0,0,0,2,0,12,0,0,.100,.100,.100,.200
Esix E Snead,NYM,17,13,3,4,0,0,1,3,1,4,4,3,.308,.357,.538,.896
Woody W Williams,STL,17,29,3,6,3,0,1,3,0,9,0,0,.207,.226,.414,.640
Izzy I Alcantara,MIL,16,32,3,8,1,0,2,5,0,6,0,1,.250,.250,.469,.719
Jason J Bere,CHC,16,24,1,3,2,0,0,0,0,11,0,0,.125,.125,.208,.333
Larry L Bigbie,BAL,16,34,1,6,1,0,0,3,1,11,1,0,.176,.194,.206,.400
Joe J Borchard L,CWS,16,36,5,8,0,0,2,5,1,14,0,0,.222,.243,.389,.632
Dee D Brown L,KC,16,51,5,12,3,1,1,7,4,20,0,0,.235,.291,.392,.683
Jamey J Carroll,MON,16,71,16,22,5,3,1,6,4,12,1,0,.310,.347,.507,.854
Will W Cunnane,CHC,16,4,2,1,0,0,0,0,1,0,0,0,.250,.400,.250,.650
Jeff J Da Vanon,ANA,16,30,3,5,3,0,1,4,2,6,1,0,.167,.219,.367,.585
Kane K Davis,NYM,16,0,0,0,0,0,0,0,0,0,0,0,.000,.000,.000,.000
Chuck C Finley,STL,16,32,2,3,1,0,0,1,0,14,0,0,.094,.094,.125,.219
Marcus M Jensen,MIL,16,35,2,4,0,0,1,4,4,11,0,0,.114,.200,.200,.400
Jonathan J Johnson,SD,16,0,0,0,0,0,0,0,0,0,0,0,.000,.000,.000,.000
Mike M Mahoney,CHC,16,29,2,6,3,0,0,3,1,10,0,0,.207,.233,.310,.544
Jose J Parra,ARI,16,0,0,0,0,0,0,0,0,0,0,0,.000,.000,.000,.000
Jake J Peavy,SD,16,33,4,7,3,0,0,2,0,13,0,1,.212,.212,.303,.515
Oliver O Pérez Perez,SD,16,30,1,4,0,0,0,0,0,11,0,0,.133,.133,.133,.267
Kirk K Saarloos,HOU,16,30,0,2,1,0,0,2,0,11,0,0,.067,.067,.100,.167
Dennis D Tankersley,SD,16,13,2,4,1,0,1,1,0,2,0,0,.308,.308,.615,.923
Manny M Aybar,SF,15,1,0,0,0,0,0,0,0,0,0,0,.000,.000,.000,.000
Toby T Borland,FLA,15,0,0,0,0,0,0,0,0,0,0,0,.000,.000,.000,.000
Javier J Cardona,SD,15,39,2,4,1,0,0,2,2,10,0,0,.103,.143,.128,.271
Alberto A Castillo,NYY,15,37,3,5,1,1,0,4,1,12,0,0,.135,.158,.216,.374
Chone C Figgins,ANA,15,12,6,2,1,0,0,1,0,5,2,1,.167,.167,.250,.417
Jason J Kershner,SD,15,0,0,0,0,0,0,0,0,0,0,0,.000,.000,.000,.000
Jim J Mann,HOU,15,1,0,0,0,0,0,0,0,1,0,0,.000,.000,.000,.000
Kevin K Olsen,FLA,15,12,0,1,0,0,0,0,0,7,0,0,.083,.083,.083,.167
Robert R Person,PHI,15,24,3,2,0,0,2,7,2,17,0,0,.083,.154,.333,.487
Kevin K Pickford,SD,15,5,0,0,0,0,0,0,0,3,0,0,.000,.000,.000,.000
Al A Reyes,PIT,15,0,0,0,0,0,0,0,0,0,0,0,.000,.000,.000,.000
Jayson J Werth R,TOR,15,46,4,12,2,1,0,6,6,11,1,0,.261,.340,.348,.687
Barry B Wesson C,HOU,15,20,1,4,0,1,0,1,1,5,0,0,.200,.238,.300,.538
Tony T Alvarez C,PIT,14,26,6,8,2,0,1,2,3,5,1,0,.308,.379,.500,.879
Mike M Bynum,SD,14,8,0,0,0,0,0,0,0,3,0,0,.000,.000,.000,.000
Howie H Clark D,BAL,14,53,3,16,5,0,0,4,3,6,0,0,.302,.362,.396,.758
Jared J Fernandez,CIN,14,10,2,2,0,0,0,1,1,7,0,0,.200,.273,.200,.473
Dave D Hollins,PHI,14,17,1,2,0,0,0,0,0,3,0,1,.118,.167,.118,.284
Bobby B Jones,SD,14,2,0,0,0,0,0,0,0,1,0,0,.000,.000,.000,.000
Scott S Podsednik L,SEA,14,20,2,4,0,0,1,5,4,6,0,0,.200,.320,.350,.670
Joe J Roa,PHI,14,25,1,6,1,0,0,2,1,5,0,0,.240,.259,.280,.539
Lou L Collier,MON,13,11,3,1,1,0,0,0,1,3,0,0,.091,.231,.182,.413
Mike M James,COL,13,0,0,0,0,0,0,0,0,0,0,0,.000,.000,.000,.000
Felix F Jose,ARI,13,19,5,5,0,0,2,4,4,8,0,0,.263,.360,.579,.939
Josias J Manzanillo,PIT,13,0,0,0,0,0,0,0,0,0,0,0,.000,.000,.000,.000
Jason J Middlebrook,NYM,13,11,2,2,0,0,0,0,1,3,0,0,.182,.250,.182,.432
Craig C Monroe R,DET,13,25,3,3,1,0,1,1,0,5,0,2,.120,.154,.280,.434
Doug D Nickle,SD,13,1,0,0,0,0,0,0,0,0,0,0,.000,.000,.000,.000
Kevin K Orie,CHC,13,32,4,9,3,0,0,5,1,4,0,0,.281,.306,.375,.681
Wily Mo W Peña Pena,CIN,13,18,1,4,0,0,1,1,0,11,0,0,.222,.222,.389,.611
Pedro P Swann,TOR,13,12,3,1,0,0,0,1,1,6,0,0,.083,.154,.083,.237
Steve S Torrealba,ATL,13,17,1,1,0,0,0,1,3,4,0,0,.059,.200,.059,.259
Alfredo A Amezaga,ANA,12,13,3,7,2,0,0,2,0,1,1,0,.538,.538,.692,1.231
Kevin K Beirne,LA,12,5,1,2,0,0,0,0,0,0,0,0,.400,.400,.400,.800
Willie W Bloomquist L,SEA,12,33,11,15,4,0,0,7,5,2,3,1,.455,.526,.576,1.102
Mike M Caruso S,KC,12,20,3,2,0,0,0,0,1,2,0,0,.100,.143,.100,.243
Kory K De Haan L,SD,12,11,1,1,0,0,0,0,0,6,0,0,.091,.091,.091,.182
Wilson W Delgado S,STL,12,20,2,4,2,0,2,5,0,6,0,0,.200,.200,.600,.800
Darryl D Kile,STL,12,22,0,2,0,0,0,0,1,9,0,0,.091,.130,.091,.221
Victor V Martinez,CLE,12,32,2,9,1,0,1,5,3,2,0,0,.281,.333,.406,.740
T. J. T Mathews,HOU,12,1,0,0,0,0,0,0,0,0,0,0,.000,.000,.000,.000
Gabe G Molina,STL,12,0,0,0,0,0,0,0,0,0,0,0,.000,.000,.000,.000
Brett B Myers,PHI,12,23,0,3,1,0,0,1,0,9,0,0,.130,.130,.174,.304
Nick N Neugebauer,MIL,12,19,0,2,1,0,0,1,0,4,0,0,.105,.105,.158,.263
Shane S Reynolds,HOU,12,21,0,1,1,0,0,3,0,12,0,0,.048,.048,.095,.143
Wilkin W Ruan,LA,12,11,2,3,1,0,0,3,0,2,0,0,.273,.273,.364,.636
Freddy F Sanchez,BOS,12,16,3,3,0,0,0,2,2,3,0,0,.188,.278,.188,.465
Travis T Smith,STL,12,18,0,3,0,0,0,2,0,6,0,0,.167,.167,.167,.333
Garrett G Stephenson,STL,12,12,0,0,0,0,0,0,1,8,0,0,.000,.077,.000,.077
Brian B Tollberg,SD,12,19,0,3,1,0,0,0,2,5,0,0,.158,.238,.211,.449
Mike M Bacsik,NYM,11,18,0,2,1,0,0,2,0,3,0,0,.111,.111,.167,.278
Troy T Brohawn,SF,11,0,0,0,0,0,0,0,0,0,0,0,.000,.000,.000,.000
Kevin K Joseph,STL,11,0,0,0,0,0,0,0,0,0,0,0,.000,.000,.000,.000
Ron R Mahay,CHC,11,0,0,0,0,0,0,0,0,0,0,0,.000,.000,.000,.000
Brian B Meadows,PIT,11,18,0,0,0,0,0,1,0,10,0,0,.000,.000,.000,.000
Rodney R Myers,SD,11,1,0,0,0,0,0,0,0,0,0,0,.000,.000,.000,.000
Donovan D Osborne,CHC,11,3,0,0,0,0,0,0,0,1,0,0,.000,.000,.000,.000
Brandon B Phillips,CLE,11,31,5,8,3,1,0,4,3,6,0,0,.258,.343,.419,.762
Jason J Phillips,NYM,11,19,4,7,0,0,1,3,1,1,0,0,.368,.409,.526,.935
Kevin K Walker,SD,11,0,0,0,0,0,0,0,0,0,0,0,.000,.000,.000,.000
Francis F Beltran,CHC,10,1,0,0,0,0,0,0,0,1,0,0,.000,.000,.000,.000
Marlon M Byrd C,PHI,10,35,2,8,2,0,1,1,1,8,0,2,.229,.250,.371,.621
Johnny J Estrada,PHI,10,17,0,2,1,0,0,2,2,2,0,0,.118,.211,.176,.387
Jason J Hart L,TEX,10,15,2,4,3,0,0,0,2,7,0,0,.267,.353,.467,.820
Donzell D Mc Donald L,KC,10,22,3,4,2,0,0,1,4,5,1,0,.182,.296,.273,.569
Brian B Moehler,CIN,10,14,0,0,0,0,0,0,1,4,0,0,.000,.067,.000,.067
Lyle L Overbay,ARI,10,10,0,1,0,0,0,1,0,5,0,0,.100,.100,.100,.200
Jeriome J Robertson,HOU,10,0,0,0,0,0,0,0,0,0,0,0,.000,.000,.000,.000
Jose J Silva,CIN,10,0,0,0,0,0,0,0,0,0,0,0,.000,.000,.000,.000
Bud B Smith,STL,10,14,0,3,1,0,0,1,1,4,0,0,.214,.267,.286,.552
Dave D Williams,PIT,10,16,1,2,0,0,1,3,0,12,0,0,.125,.125,.313,.438
Jeff J Williams,LA,10,2,0,1,0,0,0,0,0,1,0,0,.500,.500,.500,1.000
Bronson B Arroyo,PIT,9,6,0,0,0,0,0,0,0,1,0,0,.000,.000,.000,.000
Casey C Blake,MIN,9,20,2,4,1,0,0,1,2,7,0,0,.200,.273,.250,.523
Juan J Brito,KC,9,23,1,7,2,0,0,1,0,3,0,0,.304,.304,.391,.696
Clay C Condrey,SD,9,6,0,0,0,0,0,0,0,3,0,0,.000,.000,.000,.000
Aaron A Cook,COL,9,11,0,1,0,0,0,1,0,0,0,0,.091,.091,.091,.182
J. J Davis,PIT,9,10,1,1,0,0,0,0,0,4,0,0,.100,.182,.100,.282
Randy R Flores,COL,9,4,0,0,0,0,0,0,0,3,0,0,.000,.000,.000,.000
Esteban E German,OAK,9,35,4,7,0,0,0,0,4,11,1,0,.200,.300,.200,.500
Ramiro R Mendoza,NYY,9,1,0,0,0,0,0,0,0,1,0,0,.000,.000,.000,.000
Nick N Punto,PHI,9,6,0,1,0,0,0,0,0,3,0,0,.167,.167,.167,.333
Duaner D Sanchez,PIT,9,0,0,0,0,0,0,0,0,0,0,0,.000,.000,.000,.000
Matt M Childers,MIL,8,1,0,0,0,0,0,0,0,0,0,0,.000,.000,.000,.000
Mitch M Meluskey,DET,8,27,3,6,0,0,0,1,5,3,0,0,.222,.353,.222,.575
Mike M Moriarty S,BAL,8,16,0,3,1,0,0,3,0,2,0,1,.188,.188,.250,.438
Michael M Restovich L,MIN,8,13,3,4,0,0,1,1,1,4,1,0,.308,.357,.538,.896
David D Ross,LA,8,10,2,2,1,0,1,2,2,4,0,0,.200,.385,.600,.985
Oscar O Salazar,DET,8,21,2,4,1,0,1,3,1,2,0,0,.190,.227,.381,.608
Jesus J Sanchez,CHC,8,1,0,0,0,0,0,0,0,0,0,0,.000,.000,.000,.000
Steve S Smyth,CHC,8,9,1,2,0,0,0,1,0,1,0,0,.222,.222,.222,.444
Chris C Snelling L,SEA,8,27,2,4,0,0,1,3,2,4,0,0,.148,.207,.259,.466
Joe J Thurston,LA,8,13,1,6,1,0,0,1,0,1,0,0,.462,.429,.538,.967
Carlos C Almanzar,CIN,7,0,0,0,0,0,0,0,0,0,0,0,.000,.000,.000,.000
Shane S Andrews,BOS,7,13,2,1,1,0,0,0,1,3,0,0,.077,.200,.154,.354
Bruce B Aven L,CLE,7,17,1,2,0,0,0,0,4,4,1,0,.118,.286,.118,.403
Kevin K Barker,SD,7,19,0,3,0,0,0,0,1,6,1,0,.158,.200,.158,.358
Alan A Benes,CHC,7,13,0,1,0,0,0,0,1,8,0,0,.077,.143,.077,.220
Kevin K Cash,TOR,7,14,1,2,0,0,0,0,1,4,0,0,.143,.200,.143,.343
Humberto H Cota,PIT,7,17,2,5,1,0,0,0,1,4,0,0,.294,.333,.353,.686
Tim T Drew,MON,7,4,0,0,0,0,0,0,0,4,0,0,.000,.000,.000,.000
Matt M Duff,STL,7,0,0,0,0,0,0,0,0,0,0,0,.000,.000,.000,.000
Jose J Flores,OAK,7,3,2,0,0,0,0,0,1,0,1,1,.000,.400,.000,.400
Kevin K Jarvis,SD,7,9,0,3,0,0,0,0,2,3,0,0,.333,.455,.333,.788
David D Lamb S,MIN,7,10,0,1,0,0,0,0,0,2,0,0,.100,.100,.100,.200
Hector H Ortiz,TEX,7,14,1,3,1,0,1,2,1,1,0,0,.214,.267,.500,.767
John J Patterson,ARI,7,10,1,1,0,0,0,0,1,4,0,0,.100,.182,.100,.282
Cody C Ransom,SF,7,3,2,2,0,0,0,1,1,1,0,0,.667,.750,.667,1.417
Michael M Ryan L,MIN,7,11,3,1,0,0,0,0,0,2,0,0,.091,.091,.091,.182
Todd T Sears,MIN,7,12,2,4,2,0,0,0,0,1,0,0,.333,.333,.500,.833
Larry L Sutton,OAK,7,19,3,2,0,0,1,3,1,8,0,0,.105,.150,.263,.413
Marcus M Thames R,NYY,7,13,2,3,1,0,1,2,0,4,0,0,.231,.231,.538,.769
Eric E Valent,PHI,7,10,1,2,0,0,0,0,0,3,0,0,.200,.200,.200,.400
Jose J Acevedo,CIN,6,7,1,1,1,0,0,2,1,6,0,0,.143,.250,.286,.536
Kurt K Ainsworth,SF,6,6,1,1,1,0,0,0,0,1,0,0,.167,.167,.333,.500
Luke L Allen R,LA,6,7,2,1,1,0,0,0,2,3,0,0,.143,.333,.286,.619
Juan J Alvarez,TEX,6,0,0,0,0,0,0,0,0,0,0,0,.000,.000,.000,.000
Alex A Arias,NYY,6,7,0,0,0,0,0,0,1,2,0,0,.000,.125,.000,.125
Rocky R Biddle,CWS,6,0,0,0,0,0,0,0,0,0,0,0,.000,.000,.000,.000
Chad C Bradford,OAK,6,0,0,0,0,0,0,0,0,0,0,0,.000,.000,.000,.000
Jason J Christiansen,SF,6,0,0,0,0,0,0,0,0,0,0,0,.000,.000,.000,.000
Adam A Eaton,SD,6,9,0,1,0,0,0,0,1,4,0,0,.111,.200,.111,.311
Pedro P Feliciano,NYM,6,0,0,0,0,0,0,0,0,0,0,0,.000,.000,.000,.000
Luis C. L Garcia,BAL,6,3,0,1,0,0,0,0,0,1,0,0,.333,.333,.333,.667
Hideki H Irabu,TEX,6,0,0,0,0,0,0,0,0,0,0,0,.000,.000,.000,.000
Billy B Koch,OAK,6,0,0,0,0,0,0,0,0,0,0,0,.000,.000,.000,.000
Scott S Mullen,KC,6,0,0,0,0,0,0,0,0,0,0,0,.000,.000,.000,.000
Miguel M Olivo,CWS,6,19,2,4,1,0,1,5,2,5,0,0,.211,.286,.421,.707
Nate N Robertson,FLA,6,2,0,0,0,0,0,0,0,1,0,0,.000,.000,.000,.000
John J Rocker,TEX,6,0,0,0,0,0,0,0,0,0,0,0,.000,.000,.000,.000
Mike M Stanton,NYY,6,2,0,0,0,0,0,0,0,0,0,0,.000,.000,.000,.000
Chad C Allen L,CLE,5,10,0,1,1,0,0,0,0,2,0,0,.100,.100,.200,.300
Cory C Bailey,KC,5,0,0,0,0,0,0,0,0,0,0,0,.000,.000,.000,.000
Mike M Coolbaugh,STL,5,12,0,1,0,0,0,0,1,3,0,0,.083,.154,.083,.237
Francisco F Cordero,TEX,5,1,0,0,0,0,0,0,0,1,0,0,.000,.000,.000,.000
Matt M De Witt,SD,5,0,0,0,0,0,0,0,0,0,0,0,.000,.000,.000,.000
Ben B Diggins,MIL,5,7,0,1,0,0,0,0,0,1,0,0,.143,.143,.143,.286
John J Foster,ATL,5,0,0,0,0,0,0,0,0,0,0,0,.000,.000,.000,.000
Alexis A Gomez R,KC,5,10,0,2,0,0,0,0,0,2,0,0,.200,.200,.200,.400
Paul P Hoover,TB,5,17,1,3,0,0,0,2,0,5,0,0,.176,.176,.176,.353
Bob B Howry,CWS,5,0,0,0,0,0,0,0,0,0,0,0,.000,.000,.000,.000
Jorge J Julio,BAL,5,0,0,0,0,0,0,0,0,0,0,0,.000,.000,.000,.000
Al A Levine,ANA,5,0,0,0,0,0,0,0,0,0,0,0,.000,.000,.000,.000
Brad B Lidge,HOU,5,2,0,2,1,0,0,2,0,0,0,0,1.000,1.000,1.500,2.500
Andrew A Lorraine,MIL,5,1,0,0,0,0,0,0,0,1,0,0,.000,.000,.000,.000
Brian B Mallette,MIL,5,0,0,0,0,0,0,0,0,0,0,0,.000,.000,.000,.000
Walt W Mc Keel,COL,5,13,1,4,0,0,0,0,0,3,0,0,.308,.308,.308,.615
Chan C Perry,KC,5,11,0,1,0,0,0,3,0,1,0,0,.091,.091,.091,.182
Jerrod J Riggan,CLE,5,0,0,0,0,0,0,0,0,0,0,0,.000,.000,.000,.000
Ed E Rogers S,BAL,5,3,0,0,0,0,0,0,0,0,0,0,.000,.000,.000,.000
J. C. J Romero,MIN,5,0,0,0,0,0,0,0,0,0,0,0,.000,.000,.000,.000
Todd T Stottlemyre,ARI,5,4,0,0,0,0,0,0,1,2,0,0,.000,.200,.000,.200
Pat P Strange,NYM,5,0,0,0,0,0,0,0,0,0,0,0,.000,.000,.000,.000
Anthony A Telford,TEX,5,0,0,0,0,0,0,0,0,0,0,0,.000,.000,.000,.000
Tony T Torcato R,SF,5,11,0,3,1,0,0,0,0,2,0,0,.273,.273,.364,.636
Salomon S Torres,PIT,5,13,0,2,0,0,0,0,0,4,0,0,.154,.154,.154,.308
Mike M Venafro,OAK,5,0,0,0,0,0,0,0,0,0,0,0,.000,.000,.000,.000
Pete P Walker,TOR,5,0,0,0,0,0,0,0,0,0,0,0,.000,.000,.000,.000
Tyler T Walker,NYM,5,2,0,0,0,0,0,0,0,1,0,0,.000,.000,.000,.000
Justin J Wayne,FLA,5,7,0,0,0,0,0,0,0,3,0,0,.000,.000,.000,.000
Kelly K Wunsch,CWS,5,0,0,0,0,0,0,0,0,0,0,0,.000,.000,.000,.000
Juan J Acevedo,DET,4,0,0,0,0,0,0,0,0,0,0,0,.000,.000,.000,.000
Victor V Alvarez,LA,4,2,0,0,0,0,0,0,0,2,0,0,.000,.000,.000,.000
Rick R Bauer,BAL,4,0,0,0,0,0,0,0,0,0,0,0,.000,.000,.000,.000
Pat P Borders,SEA,4,4,0,2,1,0,0,1,0,1,0,0,.500,.500,.750,1.250
Scott S Cassidy,TOR,4,0,0,0,0,0,0,0,0,0,0,0,.000,.000,.000,.000
Scott S Chiasson,CHC,4,0,0,0,0,0,0,0,0,0,0,0,.000,.000,.000,.000
Mc Kay M Christensen L,NYM,4,3,1,1,0,0,0,0,1,1,0,0,.333,.500,.333,.833
Dennis D Cook,ANA,4,0,0,0,0,0,0,0,0,0,0,0,.000,.000,.000,.000
Eric E Cyr,SD,4,1,0,0,0,0,0,0,0,1,0,0,.000,.000,.000,.000
Juan J Diaz,BOS,4,7,2,2,1,0,1,2,1,2,0,0,.286,.375,.857,1.232
Tony T Fiore,MIN,4,3,0,0,0,0,0,0,0,1,0,0,.000,.000,.000,.000
Casey C Fossum,BOS,4,0,0,0,0,0,0,0,0,0,0,0,.000,.000,.000,.000
Keith K Foulke,CWS,4,1,0,0,0,0,0,0,0,0,0,0,.000,.000,.000,.000
Wayne W Franklin,MIL,4,6,0,0,0,0,0,0,2,3,0,0,.000,.250,.000,.250
Ryan R Franklin,SEA,4,0,0,0,0,0,0,0,0,0,0,0,.000,.000,.000,.000
Jason J Grabowski L,OAK,4,8,3,3,1,1,0,1,3,1,0,0,.375,.545,.750,1.295
Buddy B Groom,BAL,4,0,0,0,0,0,0,0,0,0,0,0,.000,.000,.000,.000
Eddie E Guardado,MIN,4,0,0,0,0,0,0,0,0,0,0,0,.000,.000,.000,.000
Shigetoshi S Hasegawa,SEA,4,0,0,0,0,0,0,0,0,0,0,0,.000,.000,.000,.000
La Troy L Hawkins,MIN,4,0,0,0,0,0,0,0,0,0,0,0,.000,.000,.000,.000
Trey T Hodges,ATL,4,3,0,0,0,0,0,0,0,2,0,0,.000,.000,.000,.000
Michael M Jackson,MIN,4,0,0,0,0,0,0,0,0,0,0,0,.000,.000,.000,.000
Ryan R Jackson L,DET,4,6,0,2,1,1,0,0,1,2,0,0,.333,.429,.833,1.262
Eric E Junge,PHI,4,3,0,0,0,0,0,0,0,0,0,0,.000,.000,.000,.000
Steve S Karsay,NYY,4,1,0,0,0,0,0,0,0,1,0,0,.000,.000,.000,.000
Sun- Woo S Kim,MON,4,8,2,2,0,0,0,0,0,2,0,0,.250,.250,.250,.500
Danny D Klassen,ARI,4,3,0,1,0,0,0,0,0,1,0,0,.333,.333,.333,.667
Damaso D Marte,CWS,4,1,0,0,0,0,0,0,0,1,0,0,.000,.000,.000,.000
Jim J Mecir,OAK,4,0,0,0,0,0,0,0,0,0,0,0,.000,.000,.000,.000
Travis T Miller,MIN,4,0,0,0,0,0,0,0,0,0,0,0,.000,.000,.000,.000
Juan J Moreno,SD,4,0,0,0,0,0,0,0,0,0,0,0,.000,.000,.000,.000
Warren W Morris,MIN,4,7,0,0,0,0,0,0,0,1,0,0,.000,.000,.000,.000
Shane S Nance,MIL,4,3,0,1,0,0,0,1,0,2,0,0,.333,.333,.333,.667
Joe J Nathan,SF,4,0,0,0,0,0,0,0,0,0,0,0,.000,.000,.000,.000
Dean D Palmer,DET,4,12,0,0,0,0,0,0,1,5,0,0,.000,.077,.000,.077
Jose J Paniagua,DET,4,0,0,0,0,0,0,0,0,0,0,0,.000,.000,.000,.000
David D Pember,MIL,4,1,0,0,0,0,0,0,0,1,0,0,.000,.000,.000,.000
Lou L Pote,ANA,4,0,0,0,0,0,0,0,0,0,0,0,.000,.000,.000,.000
Jay J Powell,TEX,4,0,0,0,0,0,0,0,0,0,0,0,.000,.000,.000,.000
Dan D Reichert,KC,4,0,0,0,0,0,0,0,0,0,0,0,.000,.000,.000,.000
Willis W Roberts,BAL,4,0,0,0,0,0,0,0,0,0,0,0,.000,.000,.000,.000
B. J. B Ryan,BAL,4,1,0,0,0,0,0,0,0,0,0,0,.000,.000,.000,.000
Javier J Valentin,MIN,4,4,0,2,0,0,0,0,0,0,0,0,.500,.500,.500,1.000
Ed E Vosberg,MON,4,0,0,0,0,0,0,0,0,0,0,0,.000,.000,.000,.000
Willie W Banks,BOS,3,0,0,0,0,0,0,0,0,0,0,0,.000,.000,.000,.000
Chin- Feng C Chen,LA,3,5,1,0,0,0,0,0,1,3,0,0,.000,.167,.000,.167
Randy R Choate,NYY,3,1,0,0,0,0,0,0,0,0,0,0,.000,.000,.000,.000
Roger R Clemens,NYY,3,3,1,2,1,0,0,1,0,1,0,0,.667,.500,1.000,1.500
Doug D Creek,TB,3,1,0,0,0,0,0,0,0,1,0,0,.000,.000,.000,.000
Robert R Ellis,LA,3,0,0,0,0,0,0,0,0,0,0,0,.000,.000,.000,.000
Mario M Encarnacion L,CHC,3,7,0,0,0,0,0,0,2,3,0,0,.000,.222,.000,.222
Kelvim K Escobar,TOR,3,0,0,0,0,0,0,0,0,0,0,0,.000,.000,.000,.000
Chad C Fox,MIL,3,0,0,0,0,0,0,0,0,0,0,0,.000,.000,.000,.000
John J Halama,SEA,3,0,0,0,0,0,0,0,0,0,0,0,.000,.000,.000,.000
Travis T Harper,TB,3,0,0,0,0,0,0,0,0,0,0,0,.000,.000,.000,.000
Drew D Henson,NYY,3,1,1,0,0,0,0,0,0,1,0,0,.000,.000,.000,.000
Roberto R Hernandez,KC,3,0,0,0,0,0,0,0,0,0,0,0,.000,.000,.000,.000
Ben B Howard,SD,3,4,0,0,0,0,0,0,0,2,0,0,.000,.000,.000,.000
Luke L Hudson,CIN,3,0,0,0,0,0,0,0,0,0,0,0,.000,.000,.000,.000
Mendy M Lopez,PIT,3,3,0,0,0,0,0,0,0,3,0,0,.000,.000,.000,.000
Trey T Lunsford,SF,3,3,0,2,1,0,0,1,0,1,0,0,.667,.667,1.000,1.667
Jimmy J Osting,MIL,3,3,0,0,0,0,0,0,0,1,0,0,.000,.000,.000,.000
Antonio A Osuna,CWS,3,0,0,0,0,0,0,0,0,0,0,0,.000,.000,.000,.000
Chad C Paronto,CLE,3,0,0,0,0,0,0,0,0,0,0,0,.000,.000,.000,.000
Josh J Pearce,STL,3,4,0,1,0,0,0,1,0,0,0,0,.250,.250,.250,.500
Alex A Pelaez,SD,3,8,0,2,0,0,0,0,0,0,0,0,.250,.250,.250,.500
Ricardo R Rincon,CLE,3,1,0,0,0,0,0,0,0,0,0,0,.000,.000,.000,.000
David D Riske,CLE,3,0,0,0,0,0,0,0,0,0,0,0,.000,.000,.000,.000
Todd T Ritchie,CWS,3,4,1,1,0,0,0,0,1,1,0,0,.250,.400,.250,.650
Kenny K Rogers,TEX,3,3,0,2,0,0,0,1,1,0,1,0,.667,.750,.667,1.417
Julio J Santana,DET,3,0,0,0,0,0,0,0,0,0,0,0,.000,.000,.000,.000
Kazuhiro K Sasaki,SEA,3,0,0,0,0,0,0,0,0,0,0,0,.000,.000,.000,.000
Scot S Shields,ANA,3,0,0,0,0,0,0,0,0,0,0,0,.000,.000,.000,.000
Jason J Shiell,SD,3,0,0,0,0,0,0,0,0,0,0,0,.000,.000,.000,.000
Rafael R Soriano,SEA,3,4,0,0,0,0,0,0,0,1,0,0,.000,.000,.000,.000
Corey C Thurman,TOR,3,1,0,0,0,0,0,0,0,0,0,0,.000,.000,.000,.000
J. J Trujillo,SD,3,0,0,0,0,0,0,0,0,0,0,0,.000,.000,.000,.000
Brad B Voyles,KC,3,0,0,0,0,0,0,0,0,0,0,0,.000,.000,.000,.000
Tim T Wakefield,BOS,3,0,0,0,0,0,0,0,0,0,0,0,.000,.000,.000,.000
Dusty D Wathan,KC,3,5,1,3,1,0,0,1,0,1,0,0,.600,.667,.800,1.467
Ben B Weber,ANA,3,0,0,0,0,0,0,0,0,0,0,0,.000,.000,.000,.000
Bob B Wickman,CLE,3,0,0,0,0,0,0,0,0,0,0,0,.000,.000,.000,.000
Mark M Wohlers,CLE,3,0,0,0,0,0,0,0,0,0,0,0,.000,.000,.000,.000
Esteban E Yan,TB,3,0,0,0,0,0,0,0,0,0,0,0,.000,.000,.000,.000
Victor V Zambrano,TB,3,1,0,0,0,0,0,0,0,1,0,0,.000,.000,.000,.000
Wilson W Alvarez,TB,2,4,0,0,0,0,0,0,0,1,0,0,.000,.000,.000,.000
Kevin K Appier,ANA,2,2,0,0,0,0,0,0,0,2,0,0,.000,.000,.000,.000
Rolando R Arrojo,BOS,2,2,0,0,0,0,0,0,0,2,0,0,.000,.000,.000,.000
Jeff J Austin,KC,2,0,0,0,0,0,0,0,0,0,0,0,.000,.000,.000,.000
Clay C Bellinger,ANA,2,1,0,0,0,0,0,0,0,1,0,0,.000,.000,.000,.000
Adam A Bernero,DET,2,4,0,0,0,0,0,0,0,4,0,0,.000,.000,.000,.000
Jung Keun J Bong,ATL,2,2,0,0,0,0,0,0,0,1,0,0,.000,.000,.000,.000
Chris C Brock,BAL,2,2,0,0,0,0,0,0,0,1,0,0,.000,.000,.000,.000
Kevin K Brown,BOS,2,1,0,0,0,0,0,0,0,0,0,0,.000,.000,.000,.000
Mark M Buehrle,CWS,2,6,1,1,0,0,0,0,0,4,0,0,.167,.167,.167,.333
Dave D Burba,TEX,2,5,0,1,0,0,0,0,0,3,0,0,.200,.200,.200,.400
John J Burkett,BOS,2,3,0,0,0,0,0,0,0,1,0,0,.000,.000,.000,.000
Raul R Chavez,HOU,2,4,1,1,1,0,0,0,1,0,0,0,.250,.500,.500,1.000
Brendan B Donnelly,ANA,2,0,0,0,0,0,0,0,0,0,0,0,.000,.000,.000,.000
Ryan R Drese,CLE,2,3,0,0,0,0,0,0,1,0,0,0,.000,.250,.000,.250
Travis T Driskill,BAL,2,3,1,0,0,0,0,0,1,3,0,0,.000,.250,.000,.250
Courtney C Duncan,CHC,2,0,0,0,0,0,0,0,0,0,0,0,.000,.000,.000,.000
Todd T Dunwoody L,CLE,2,6,0,0,0,0,0,0,0,3,0,0,.000,.000,.000,.000
Scott S Erickson,BAL,2,4,0,0,0,0,0,0,0,2,0,0,.000,.000,.000,.000
Jeff J Farnsworth,DET,2,0,0,0,0,0,0,0,0,0,0,0,.000,.000,.000,.000
Sal S Fasano,ANA,2,1,0,0,0,0,0,0,0,1,0,0,.000,.000,.000,.000
Freddy F Garcia,SEA,2,6,0,2,1,0,0,0,0,1,0,0,.333,.333,.500,.833
Jon J Garland,CWS,2,2,0,0,0,0,0,0,0,0,0,0,.000,.000,.000,.000
Gary G Glover,CWS,2,1,0,0,0,0,0,0,0,1,0,0,.000,.000,.000,.000
Roy R Halladay,TOR,2,6,0,0,0,0,0,0,0,1,0,0,.000,.000,.000,.000
Chris C Haney,BOS,2,0,0,0,0,0,0,0,0,0,0,0,.000,.000,.000,.000
Aaron A Harang,OAK,2,3,0,0,0,0,0,0,0,3,0,0,.000,.000,.000,.000
Felix F Heredia,TOR,2,0,0,0,0,0,0,0,0,0,0,0,.000,.000,.000,.000
Sterling S Hitchcock,NYY,2,0,0,0,0,0,0,0,0,0,0,0,.000,.000,.000,.000
Tim T Hudson,OAK,2,5,1,1,1,0,0,0,1,1,0,0,.200,.333,.400,.733
Jason J Jimenez,TB,2,0,0,0,0,0,0,0,0,0,0,0,.000,.000,.000,.000
Jason J Johnson,BAL,2,3,0,0,0,0,0,0,0,2,0,0,.000,.000,.000,.000
Joe J Kennedy,TB,2,7,1,3,0,0,0,1,0,1,0,0,.429,.429,.429,.857
Steve S Kent,TB,2,0,0,0,0,0,0,0,0,0,0,0,.000,.000,.000,.000
Cory C Lidle,OAK,2,1,0,0,0,0,0,0,0,0,0,0,.000,.000,.000,.000
Ted T Lilly,NYY,2,3,0,0,0,0,0,0,0,2,0,0,.000,.000,.000,.000
Esteban E Loaiza,TOR,2,6,0,1,0,0,0,0,0,1,0,0,.167,.167,.167,.333
Kyle K Lohse,MIN,2,4,0,1,0,0,0,0,0,1,0,0,.250,.250,.250,.500
Derek D Lowe,BOS,2,3,0,1,0,0,0,0,1,0,0,0,.333,.500,.333,.833
Fernando F Lunar,BAL,2,0,0,0,0,0,0,0,0,0,0,0,.000,.000,.000,.000
David D Lundquist,SD,2,0,0,0,0,0,0,0,0,0,0,0,.000,.000,.000,.000
Brandon B Lyon,TOR,2,0,0,0,0,0,0,0,0,0,0,0,.000,.000,.000,.000
Mike M Magnante,OAK,2,0,0,0,0,0,0,0,0,0,0,0,.000,.000,.000,.000
Mike M Maroth,DET,2,6,1,1,0,0,0,0,0,5,0,0,.167,.167,.167,.333
Pedro P Martinez,BOS,2,5,1,0,0,0,0,0,1,3,0,0,.000,.167,.000,.167
Darrell D May,KC,2,4,0,0,0,0,0,0,1,2,0,0,.000,.200,.000,.200
Cody C Mc Kay,OAK,2,3,0,2,0,0,0,2,0,1,0,0,.667,.500,.667,1.167
Justin J Miller,TOR,2,2,0,0,0,0,0,0,0,1,0,0,.000,.000,.000,.000
Eric E Milton,MIN,2,5,0,2,0,0,0,1,0,1,0,0,.400,.400,.400,.800
Jamie J Moyer,SEA,2,5,0,1,0,0,0,0,0,2,0,0,.200,.200,.200,.400
Mark M Mulder,OAK,2,5,0,0,0,0,0,0,0,1,0,0,.000,.000,.000,.000
Mike M Mussina,NYY,2,5,2,3,0,0,0,0,0,0,0,0,.600,.600,.600,1.200
Darren D Oliver,BOS,2,1,0,0,0,0,0,0,0,0,0,0,.000,.000,.000,.000
Ramon R Ortiz,ANA,2,7,0,0,0,0,0,0,0,3,0,0,.000,.000,.000,.000
Chan Ho C Park,TEX,2,4,0,0,0,0,0,0,0,0,0,0,.000,.000,.000,.000
Steve S Parris,TOR,2,4,0,0,0,0,0,0,0,2,0,0,.000,.000,.000,.000
Troy T Percival,ANA,2,0,0,0,0,0,0,0,0,0,0,0,.000,.000,.000,.000
Andy A Pettitte,NYY,2,3,0,1,1,0,0,1,0,1,0,0,.333,.333,.667,1.000
Joel J Pineiro,SEA,2,7,0,1,0,0,0,2,0,2,0,0,.143,.143,.143,.286
Sidney S Ponson,BAL,2,3,1,1,1,0,0,0,0,1,0,0,.333,.333,.667,1.000
Mark M Redman,DET,2,5,1,1,0,0,0,0,0,0,0,0,.200,.200,.200,.400
Rick R Reed,MIN,2,4,0,1,0,0,0,0,1,2,0,0,.250,.400,.250,.650
Armando A Reynoso,ARI,2,0,0,0,0,0,0,0,0,0,0,0,.000,.000,.000,.000
Arthur A Rhodes,SEA,2,0,0,0,0,0,0,0,0,0,0,0,.000,.000,.000,.000
Jose J Rodriguez,STL,2,0,0,0,0,0,0,0,0,0,0,0,.000,.000,.000,.000
Nerio N Rodriguez,STL,2,1,0,0,0,0,0,0,0,1,0,0,.000,.000,.000,.000
C Sabathia,CLE,2,5,0,1,0,0,0,0,1,1,0,0,.200,.333,.200,.533
Johan J Santana,MIN,2,4,0,1,0,0,0,0,0,0,0,0,.250,.250,.250,.500
Scott S Schoeneweis,ANA,2,2,0,0,0,0,0,0,0,2,0,0,.000,.000,.000,.000
Shawn S Sedlacek,KC,2,6,0,0,0,0,0,0,0,4,0,0,.000,.000,.000,.000
Everett E Stull,MIL,2,3,0,1,0,0,0,0,0,1,0,0,.333,.333,.333,.667
Tanyon T Sturtze,TB,2,4,0,0,0,0,0,0,0,1,0,0,.000,.000,.000,.000
Jeff J Suppan,KC,2,1,0,0,0,0,0,0,1,1,0,0,.000,.500,.000,.500
Mac M Suzuki,KC,2,2,0,1,0,0,0,0,0,1,0,0,.500,.500,.500,1.000
Nate N Teut,FLA,2,2,0,0,0,0,0,0,0,2,0,0,.000,.000,.000,.000
Mike M Thurman,NYY,2,0,0,0,0,0,0,0,0,0,0,0,.000,.000,.000,.000
Ugueth U Urbina,BOS,2,0,0,0,0,0,0,0,0,0,0,0,.000,.000,.000,.000
Ismael I Valdez,TEX,2,3,0,0,0,0,0,1,0,2,0,0,.000,.000,.000,.000
Todd T Van Poppel,TEX,2,1,0,0,0,0,0,0,0,1,0,0,.000,.000,.000,.000
Cory C Vance,COL,2,1,0,0,0,0,0,0,0,1,0,0,.000,.000,.000,.000
Jamie J Walker,DET,2,0,0,0,0,0,0,0,0,0,0,0,.000,.000,.000,.000
Jarrod J Washburn,ANA,2,5,0,1,0,0,0,0,0,3,0,0,.200,.200,.200,.400
Jeff J Weaver,DET,2,7,0,2,0,0,0,1,0,4,0,0,.286,.286,.286,.571
David D Wells,NYY,2,4,0,0,0,0,0,0,0,3,0,0,.000,.000,.000,.000
Paul P Wilson,TB,2,5,0,0,0,0,0,0,0,5,0,0,.000,.000,.000,.000
Dan D Wright,CWS,2,4,0,0,0,0,0,0,0,2,0,0,.000,.000,.000,.000
Barry B Zito,OAK,2,4,0,0,0,0,0,0,0,3,0,0,.000,.000,.000,.000
Miguel M Asencio,KC,1,2,0,0,0,0,0,0,0,1,0,0,.000,.000,.000,.000
Danys D Baez,CLE,1,2,0,0,0,0,0,0,0,0,0,0,.000,.000,.000,.000
James J Baldwin,SEA,1,2,0,1,0,0,0,0,0,0,0,0,.500,.500,.500,1.000
Rob R Bell,TEX,1,1,0,0,0,0,0,0,1,0,0,0,.000,.500,.000,.500
Ryan R Bukvich,KC,1,0,0,0,0,0,0,0,0,0,0,0,.000,.000,.000,.000
Paul P Byrd,KC,1,2,0,0,0,0,0,0,0,2,0,0,.000,.000,.000,.000
Chris C Carpenter,TOR,1,1,1,1,0,0,0,0,0,0,0,0,1.000,1.000,1.000,2.000
Frank F Castillo,BOS,1,1,0,0,0,0,0,0,0,1,0,0,.000,.000,.000,.000
Bryan B Corey,LA,1,0,0,0,0,0,0,0,0,0,0,0,.000,.000,.000,.000
Joe J Dawley,ATL,1,0,0,0,0,0,0,0,0,0,0,0,.000,.000,.000,.000
Sean S Douglass,BAL,1,0,0,0,0,0,0,0,0,0,0,0,.000,.000,.000,.000
John J Ennis,ATL,1,1,0,0,0,0,0,0,0,0,0,0,.000,.000,.000,.000
Mike M Fyhrie,OAK,1,0,0,0,0,0,0,0,0,0,0,0,.000,.000,.000,.000
Jason J Grimsley,KC,1,0,0,0,0,0,0,0,0,0,0,0,.000,.000,.000,.000
Jeremy J Hill,KC,1,0,0,0,0,0,0,0,0,0,0,0,.000,.000,.000,.000
Matt M Kinney,MIN,1,2,0,0,0,0,0,0,0,1,0,0,.000,.000,.000,.000
Brandon B Knight,NYY,1,0,0,0,0,0,0,0,0,0,0,0,.000,.000,.000,.000
Ryan R Langerhans L,ATL,1,1,0,0,0,0,0,0,0,0,0,0,.000,.000,.000,.000
Rodrigo R Lopez,BAL,1,3,0,0,0,0,0,0,0,2,0,0,.000,.000,.000,.000
Julio J Mateo,SEA,1,0,0,0,0,0,0,0,0,0,0,0,.000,.000,.000,.000
Izzy I Molina,BAL,1,3,1,1,0,0,0,0,0,0,0,0,.333,.333,.333,.667
Heath H Murray,CLE,1,0,0,0,0,0,0,0,0,0,0,0,.000,.000,.000,.000
Charles C Nagy,CLE,1,0,1,0,0,0,0,0,0,0,0,0,.000,.000,.000,.000
Jose J Nunez,SD,1,0,0,0,0,0,0,0,0,0,0,0,.000,.000,.000,.000
Jason J Pearson,SD,1,0,0,0,0,0,0,0,0,0,0,0,.000,.000,.000,.000
Hipolito H Pichardo,HOU,1,0,0,0,0,0,0,0,0,0,0,0,.000,.000,.000,.000
Andy A Pratt,ATL,1,0,0,0,0,0,0,0,0,0,0,0,.000,.000,.000,.000
Ryan R Rupe,TB,1,1,0,0,0,0,0,0,0,1,0,0,.000,.000,.000,.000
Aaron A Sele,ANA,1,2,0,1,0,0,0,0,0,1,0,0,.500,.500,.500,1.000
Jae Weong J Seo,NYM,1,0,0,0,0,0,0,0,0,0,0,0,.000,.000,.000,.000
Aaron A Small,ATL,1,0,0,0,0,0,0,0,0,0,0,0,.000,.000,.000,.000
Steve S Sparks,DET,1,2,0,0,0,0,0,0,0,1,0,0,.000,.000,.000,.000
Dennis D Springer,LA,1,0,0,0,0,0,0,0,0,0,0,0,.000,.000,.000,.000
Ron R Wright D,SEA,1,3,0,0,0,0,0,0,0,1,0,0,.000,.000,.000,.000
