PLAYER,TEAM,AB,R,H,2B,3B,HR,RBI,BB,SO,SB,CS,AVG,OBP,SLG,OPS
Joe J Carter C,SD,162,634,79,147,27,1,24,115,48,93,22,6,.232,.290,.391,.681
Roberto R Kelly C,NYY,162,641,85,183,32,4,15,61,33,148,42,17,.285,.323,.418,.741
Tony T Fernandez S,TOR,161,635,84,175,27,17,4,66,71,70,26,13,.276,.352,.391,.742
Cal C Ripken S,BAL,161,600,78,150,28,4,21,84,82,66,3,1,.250,.341,.415,.756
Tim T Wallach,MON,161,626,69,185,37,5,21,98,42,80,6,9,.296,.339,.471,.810
Bobby B Bonilla R,PIT,160,625,112,175,39,7,32,120,45,103,4,3,.280,.322,.518,.841
Brett B Butler C,SF,160,622,108,192,20,9,3,44,90,62,51,19,.309,.397,.384,.782
Ozzie O Guillen S,CWS,160,516,61,144,21,4,1,58,26,37,13,17,.279,.312,.341,.653
Harold H Reynolds,SEA,160,642,100,162,36,5,5,55,81,52,31,16,.252,.336,.347,.683
Jay J Bell S,PIT,159,583,93,148,28,7,7,52,65,109,10,6,.254,.329,.362,.691
Cecil C Fielder,DET,159,573,104,159,25,1,51,132,90,182,0,1,.277,.377,.592,.969
Mike M Greenwell L,BOS,159,610,71,181,30,6,14,73,65,43,8,7,.297,.367,.434,.801
Ruben R Sierra,TEX,159,608,70,170,37,2,16,96,49,86,9,0,.280,.330,.426,.756
Matt M Williams,SF,159,617,87,171,27,2,33,122,33,138,7,4,.277,.319,.488,.807
Ivan I Calderon L,CWS,158,607,85,166,44,2,14,74,51,79,32,16,.273,.327,.422,.749
Barry B Larkin S,CIN,158,614,85,185,25,6,7,67,49,49,30,5,.301,.358,.396,.753
Kevin K Seitzer,KC,158,622,91,171,31,5,6,38,67,66,7,5,.275,.346,.370,.716
Robin R Yount C,MIL,158,587,98,145,17,5,17,77,78,89,15,8,.247,.337,.380,.717
Julio J Franco,TEX,157,582,96,172,27,1,11,69,82,83,31,10,.296,.383,.402,.785
Mark M Grace,CHC,157,589,72,182,32,1,9,82,59,54,15,6,.309,.372,.413,.785
Dave D Parker,MIL,157,610,71,176,30,3,21,92,41,102,4,7,.289,.330,.451,.781
Mark M Mc Gwire,OAK,156,523,87,123,16,0,39,108,110,116,2,1,.235,.370,.489,.859
Jose J Oquendo,STL,156,469,38,118,17,5,1,37,74,46,1,1,.252,.350,.316,.666
Wade W Boggs,BOS,155,619,89,187,44,5,6,63,87,68,0,0,.302,.386,.418,.804
Andres A Galarraga,MON,155,579,65,148,29,0,20,87,40,169,10,1,.256,.306,.409,.715
Ken K Griffey C,SEA,155,597,91,179,28,7,22,80,63,81,16,11,.300,.366,.481,.847
Brook B Jacoby,CLE,155,553,77,162,24,4,14,75,63,58,1,4,.293,.365,.427,.792
Candy C Maldonado L,CLE,155,590,76,161,32,2,22,95,49,134,3,5,.273,.330,.446,.776
Eddie E Murray,LA,155,558,96,184,22,3,26,95,82,64,8,5,.330,.414,.520,.934
Jody J Reed,BOS,155,598,70,173,45,0,5,51,75,65,4,4,.289,.371,.390,.760
Ryne R Sandberg,CHC,155,615,116,188,30,3,40,100,50,84,25,7,.306,.354,.559,.913
Steve S Sax,NYY,155,615,70,160,24,2,4,42,49,46,43,9,.260,.316,.325,.641
Will W Clark,SF,154,600,91,177,25,5,19,95,62,97,8,2,.295,.357,.448,.805
Gary G Gaetti,MIN,154,577,61,132,27,5,16,85,36,101,6,1,.229,.274,.376,.650
Howard H Johnson,NYM,154,590,89,144,37,3,23,90,69,100,34,8,.244,.319,.434,.753
Willie W Mc Gee C,OAK,154,614,99,199,35,7,3,77,48,104,31,9,.324,.373,.419,.792
Dale D Murphy R,PHI,154,563,60,138,23,1,24,83,61,130,9,3,.245,.318,.417,.735
Rafael R Palmeiro,TEX,154,598,72,191,35,6,14,89,40,59,3,3,.319,.361,.468,.829
Jesse J Barfield R,NYY,153,476,69,117,21,2,25,78,82,150,4,3,.246,.359,.456,.815
Hubie H Brooks R,LA,153,568,74,151,28,1,20,91,33,108,2,5,.266,.307,.424,.732
Ken K Caminiti,HOU,153,541,52,131,20,2,4,51,48,97,9,4,.242,.302,.309,.610
Pete P Incaviglia L,TEX,153,529,59,123,27,0,24,85,45,146,3,4,.233,.302,.420,.721
Gregg G Jefferies,NYM,153,604,96,171,40,3,15,68,46,40,11,2,.283,.337,.434,.771
Fred F Mc Griff,TOR,153,557,91,167,21,1,35,88,94,108,5,3,.300,.400,.530,.930
Sammy S Sosa R,CWS,153,532,72,124,26,10,15,70,33,150,32,16,.233,.282,.404,.687
Ellis E Burks C,BOS,152,588,89,174,33,8,21,89,48,82,9,11,.296,.349,.486,.835
Ron R Gant C,ATL,152,575,107,174,34,3,32,84,50,86,33,16,.303,.357,.539,.896
Charlie C Hayes,PHI,152,561,56,145,20,0,10,57,28,91,4,4,.258,.293,.348,.641
Jose J Lind,PIT,152,514,46,134,28,5,1,48,35,52,8,0,.261,.305,.340,.646
Tony T Phillips,DET,152,573,97,144,23,5,8,55,99,85,19,9,.251,.364,.351,.715
Darryl D Strawberry R,NYM,152,542,92,150,18,1,37,108,70,110,15,8,.277,.361,.518,.879
Barry B Bonds L,PIT,151,519,104,156,32,3,33,114,93,83,52,13,.301,.406,.565,.970
Scott S Fletcher,CWS,151,509,54,123,18,3,4,56,45,63,1,3,.242,.304,.312,.617
Lance L Johnson C,CWS,151,541,76,154,18,9,1,51,33,45,36,22,.285,.325,.357,.681
Craig C Biggio,HOU,150,555,53,153,24,2,4,42,53,79,25,11,.276,.342,.348,.689
Alvaro A Espinoza S,NYY,150,438,31,98,12,2,2,20,16,54,1,2,.224,.258,.274,.532
Kelly K Gruber,TOR,150,592,92,162,36,6,31,118,48,94,14,2,.274,.330,.512,.842
Robin R Ventura,CWS,150,493,48,123,17,1,5,54,55,53,1,4,.249,.324,.318,.643
Lenny L Dykstra C,PHI,149,590,106,192,35,3,9,60,89,48,33,5,.325,.418,.441,.859
Spike S Owen,MON,149,453,55,106,24,5,5,35,70,60,8,6,.234,.333,.342,.676
Carlos C Quintana,BOS,149,512,56,147,28,0,7,67,52,74,1,2,.287,.354,.383,.737
Bip B Roberts L,SD,149,556,104,172,36,3,9,44,55,65,46,12,.309,.375,.433,.809
Dickie D Thon S,PHI,149,552,54,141,20,4,8,48,37,77,12,5,.255,.305,.350,.654
Tom T Brunansky R,BOS,148,518,66,132,27,5,16,73,66,115,5,10,.255,.338,.419,.757
Felix F Fermin S,CLE,148,414,47,106,13,2,1,40,26,22,3,3,.256,.297,.304,.601
Chris C Sabo,CIN,148,567,95,153,38,2,25,71,61,58,25,10,.270,.343,.476,.820
Roberto R Alomar,SD,147,586,80,168,27,5,6,60,48,72,24,7,.287,.340,.381,.721
Sid S Bream,PIT,147,389,39,105,23,2,15,67,48,65,8,4,.270,.349,.455,.804
Andre A Dawson R,CHC,147,529,72,164,28,5,27,100,42,65,16,2,.310,.358,.535,.893
Kevin K Mc Reynolds L,NYM,147,521,75,140,23,1,24,82,71,61,9,2,.269,.353,.455,.808
Mookie M Wilson C,TOR,147,588,81,156,36,4,3,51,31,102,23,4,.265,.300,.355,.656
Shawon S Dunston,CHC,146,545,73,143,22,8,17,66,15,87,25,5,.262,.283,.426,.709
Tom T Herr,NYM,146,547,48,143,26,3,5,60,50,58,7,1,.261,.324,.347,.672
Kirby K Puckett C,MIN,146,551,82,164,40,3,12,80,57,73,5,4,.298,.365,.446,.811
Franklin F Stubbs,HOU,146,448,59,117,23,2,23,71,48,114,19,6,.261,.334,.475,.809
Alan A Trammell S,DET,146,559,71,170,37,1,14,89,68,55,12,10,.304,.377,.449,.826
Jeff J Huson S,TEX,145,396,57,95,12,2,0,28,46,54,12,4,.240,.320,.280,.600
Paul P O' Neill R,CIN,145,503,59,136,28,0,16,78,53,103,13,11,.270,.339,.421,.761
Dave D Magadan,NYM,144,451,74,148,28,6,6,72,74,55,2,1,.328,.417,.457,.874
Edgar E Martinez,SEA,144,487,71,147,27,2,11,49,74,62,1,4,.302,.397,.433,.830
Al A Newman,MIN,144,388,43,94,14,0,0,30,33,34,13,6,.242,.304,.278,.582
Kurt K Stillwell S,KC,144,506,60,126,35,4,3,51,39,60,0,2,.249,.304,.352,.656
Garry G Templeton S,SD,144,505,45,125,25,3,9,59,24,59,1,4,.248,.280,.362,.642
Robby R Thompson,SF,144,498,67,122,22,3,15,56,34,96,14,4,.245,.299,.392,.691
Todd T Zeile,STL,144,495,62,121,25,3,15,57,67,77,2,4,.244,.333,.398,.731
Darren D Daulton,PHI,143,459,62,123,30,1,12,57,72,72,7,1,.268,.367,.416,.783
Kent K Hrbek,MIN,143,492,61,141,26,0,22,79,69,45,5,2,.287,.377,.474,.850
Tony T Peña Pena,BOS,143,491,62,129,19,1,7,56,43,71,8,6,.263,.322,.348,.670
Juan J Samuel,LA,143,492,62,119,24,3,13,52,51,126,38,20,.242,.316,.382,.699
Ozzie O Smith S,STL,143,512,61,130,21,1,1,50,61,33,32,6,.254,.330,.305,.635
George G Bell L,TOR,142,562,67,149,25,0,21,86,32,80,3,2,.265,.303,.422,.724
George G Brett,KC,142,544,82,179,45,7,14,87,56,63,9,2,.329,.387,.515,.902
Jim J Eisenreich R,KC,142,496,61,139,29,7,5,51,42,51,12,14,.280,.335,.397,.732
Steve S Finley R,BAL,142,464,46,119,16,4,3,37,32,53,22,9,.256,.304,.328,.632
John J Kruk L,PHI,142,443,52,129,25,8,7,67,69,70,10,5,.291,.386,.431,.817
Eric E Yelding C,HOU,142,511,69,130,9,5,1,28,39,87,64,25,.254,.305,.297,.602
Alfredo A Griffin S,LA,141,461,38,97,11,3,1,35,29,65,6,3,.210,.258,.254,.512
Tony T Gwynn R,SD,141,573,79,177,29,10,4,72,44,23,17,8,.309,.357,.415,.772
Jerry J Browne,CLE,140,513,92,137,26,5,6,50,72,46,12,7,.267,.353,.372,.725
Alvin A Davis D,SEA,140,494,63,140,21,0,17,68,85,68,0,2,.283,.387,.429,.816
Mike M Gallego,OAK,140,389,36,80,13,2,3,34,35,50,5,5,.206,.277,.272,.549
Chris C James D,CLE,140,528,62,158,32,4,12,70,31,71,4,3,.299,.341,.443,.784
Kevin K Mitchell L,SF,140,524,90,152,24,2,35,93,58,87,4,7,.290,.360,.544,.904
Jim J Presley,ATL,140,541,59,131,34,1,19,72,29,130,1,1,.242,.282,.414,.696
Billy B Hatcher L,CIN,139,504,68,139,28,5,5,25,33,42,30,10,.276,.327,.381,.708
Greg G Gagne S,MIN,138,388,38,91,22,3,7,38,24,76,8,8,.235,.280,.361,.640
Jose J Uribe S,SF,138,415,35,103,8,6,1,24,29,49,5,9,.248,.297,.304,.601
Walt W Weiss S,OAK,138,445,50,118,17,1,2,35,46,53,9,3,.265,.337,.321,.658
Carlton C Fisk,CWS,137,452,65,129,21,0,18,65,61,73,7,2,.285,.378,.451,.829
Lenny L Harris,LA,137,431,61,131,16,4,2,29,29,31,15,10,.304,.348,.374,.722
Dan D Gladden L,MIN,136,534,64,147,27,6,5,40,26,67,25,9,.275,.314,.376,.690
Pedro P Guerrero,STL,136,498,42,140,31,1,13,80,44,70,1,1,.281,.334,.426,.760
Rickey R Henderson L,OAK,136,489,119,159,33,3,28,61,97,60,65,10,.325,.439,.577,1.016
Matt M Nokes,NYY,136,351,33,87,9,1,11,40,24,47,2,2,.248,.306,.373,.680
Gary G Pettis C,TEX,136,424,66,101,16,8,3,31,57,119,38,15,.238,.332,.335,.667
Andy A Van Slyke C,PIT,136,493,67,140,26,6,17,77,66,89,14,4,.284,.367,.465,.832
Harold H Baines D,OAK,135,415,52,118,15,1,16,65,67,80,0,3,.284,.378,.441,.819
Mike M Scioscia,LA,135,435,46,115,25,0,12,66,55,31,4,1,.264,.348,.405,.753
Lonnie L Smith,ATL,135,466,72,142,27,9,9,42,58,69,10,10,.305,.384,.459,.844
B. J. B Surhoff,MIL,135,474,55,131,21,4,6,59,41,37,18,7,.276,.331,.376,.706
Mickey M Tettleton,BAL,135,444,68,99,21,2,15,51,106,160,2,4,.223,.376,.381,.756
Milt M Thompson R,STL,135,418,42,91,14,7,6,30,39,60,25,5,.218,.292,.328,.620
Rob R Deer,MIL,134,440,57,92,15,1,27,69,64,147,2,3,.209,.313,.432,.745
Brian B Harper,MIN,134,479,61,141,42,3,6,54,19,27,3,2,.294,.328,.432,.760
Carney C Lansford,OAK,134,507,58,136,15,1,3,50,45,50,16,14,.268,.333,.320,.652
Jeffrey J Leonard L,SEA,134,478,39,120,20,0,10,75,37,97,4,2,.251,.305,.356,.660
Joe J Girardi,CHC,133,419,36,113,24,2,1,38,17,50,8,3,.270,.300,.344,.644
Lance L Parrish,CAL,133,470,54,126,14,0,24,70,46,107,2,2,.268,.338,.451,.790
Gerald G Perry D,KC,133,465,57,118,22,2,8,57,39,56,17,4,.254,.313,.361,.674
Geno G Petralli,TEX,133,325,28,83,13,1,0,21,50,49,0,2,.255,.357,.302,.658
Larry L Walker R,MON,133,419,59,101,18,3,19,51,49,112,21,7,.241,.326,.434,.761
Craig C Worthington,BAL,133,425,46,96,17,0,8,44,63,96,1,2,.226,.328,.322,.650
Sandy S Alomar,CLE,132,445,60,129,26,2,9,66,25,46,4,1,.290,.326,.418,.744
Rafael R Ramirez S,HOU,132,445,44,116,19,3,2,37,24,46,10,5,.261,.299,.330,.630
Lou L Whitaker,DET,132,472,75,112,22,2,18,60,74,71,8,2,.237,.338,.407,.744
Dave D Winfield R,CAL,132,475,70,127,21,2,21,78,52,81,0,1,.267,.338,.453,.790
Jose J Canseco R,OAK,131,481,83,132,14,2,37,101,72,158,19,10,.274,.371,.543,.914
Larry L Sheets,DET,131,360,40,94,17,2,10,52,24,42,1,3,.261,.308,.403,.710
Casey C Candaele,HOU,130,262,30,75,8,6,3,22,31,42,7,5,.286,.364,.397,.761
Kal K Daniels L,LA,130,450,81,133,23,1,27,94,68,104,4,3,.296,.389,.531,.920
Tim T Raines L,MON,130,457,65,131,11,5,9,62,70,43,49,16,.287,.379,.392,.771
Delino D De Shields,MON,129,499,69,144,28,6,4,45,66,96,42,22,.289,.375,.393,.768
Von V Hayes R,PHI,129,467,70,122,14,3,17,73,87,81,16,7,.261,.375,.413,.788
Billy B Ripken,BAL,129,406,48,118,28,1,3,38,28,43,5,2,.291,.342,.387,.728
Mike M Sharperson,LA,129,357,42,106,14,2,3,36,46,39,15,6,.297,.376,.373,.748
Mike M Pagliarulo,SD,128,398,29,101,23,2,7,38,39,66,1,3,.254,.322,.374,.696
Jeff J Treadway,ATL,128,474,56,134,20,2,11,59,25,42,3,4,.283,.320,.403,.723
Mitch M Webster C,CLE,128,437,58,110,20,6,12,55,20,61,22,6,.252,.285,.407,.693
Henry H Cotto R,SEA,127,355,40,92,14,3,4,33,22,52,21,3,.259,.307,.349,.657
Eric E Davis C,CIN,127,453,84,118,26,2,24,86,60,100,21,3,.260,.347,.486,.833
Junior J Felix R,TOR,127,463,73,122,23,7,15,65,45,99,13,8,.263,.328,.441,.769
Dave D Henderson C,OAK,127,450,65,122,28,0,20,63,40,105,3,1,.271,.331,.467,.797
David D Justice,ATL,127,439,76,124,23,2,28,78,64,92,11,6,.282,.373,.535,.908
Jeff J King,PIT,127,371,46,91,17,1,14,53,21,50,3,3,.245,.283,.410,.692
Bill B Doran,CIN,126,403,59,121,29,2,7,37,79,58,23,9,.300,.411,.434,.845
Felix F Jose R,STL,126,426,54,113,16,1,11,52,24,81,12,6,.265,.311,.385,.696
Pat P Borders,TOR,125,346,36,99,24,2,15,49,18,57,0,1,.286,.319,.497,.816
Greg G Briley R,SEA,125,337,40,83,18,2,5,29,37,48,16,4,.246,.319,.356,.675
Jack J Daugherty,TEX,125,310,36,93,20,2,6,47,22,49,0,0,.300,.347,.435,.783
Mariano M Duncan,CIN,125,435,67,133,22,11,10,55,24,67,13,7,.306,.345,.476,.821
Shane S Mack R,MIN,125,313,50,102,10,4,8,44,29,69,13,4,.326,.392,.460,.852
Gary G Sheffield,MIL,125,487,67,143,30,1,10,67,44,41,25,10,.294,.350,.421,.771
Devon D White C,CAL,125,443,57,96,17,3,11,44,44,116,21,6,.217,.290,.343,.633
Vince V Coleman L,STL,124,497,73,145,18,9,6,39,35,88,77,17,.292,.340,.400,.741
Tommy T Gregg,ATL,124,239,18,63,13,1,5,32,20,39,4,3,.264,.322,.389,.711
Mike M Macfarlane,KC,124,400,37,102,24,4,6,58,25,69,1,0,.255,.306,.380,.686
Joe J Orsulak R,BAL,124,413,49,111,14,3,11,57,46,48,6,8,.269,.343,.397,.740
Greg G Brock,MIL,123,367,42,91,23,0,7,50,43,45,4,2,.248,.324,.368,.692
Dwight D Evans,BOS,123,445,66,111,18,3,13,63,67,73,3,4,.249,.349,.391,.740
Stan S Javier C,LA,123,309,60,92,9,6,3,27,40,50,15,7,.298,.376,.395,.771
Cory C Snyder R,CLE,123,438,46,102,27,3,14,55,21,118,1,4,.233,.268,.404,.672
Mike M Heath,DET,122,370,46,100,18,2,7,38,19,71,7,6,.270,.311,.386,.697
Lloyd L Moseby C,DET,122,431,64,107,16,5,14,51,48,77,17,5,.248,.329,.406,.735
Mike M Felder L,MIL,121,237,38,65,7,2,3,27,22,17,20,9,.274,.330,.359,.688
Joe J Oliver,CIN,121,364,34,84,23,0,8,52,37,75,1,1,.231,.304,.360,.664
Terry T Pendleton,STL,121,447,46,103,20,2,6,58,30,58,7,5,.230,.277,.324,.601
Daryl D Boston C,NYM,120,367,65,100,21,2,12,45,28,50,19,7,.272,.327,.439,.766
Luis L Polonia,CAL,120,403,52,135,7,9,2,35,25,43,21,14,.335,.372,.412,.784
Greg G Vaughn L,MIL,120,382,51,84,26,2,17,61,33,91,7,4,.220,.280,.432,.712
Gene G Larkin R,MIN,119,401,46,108,26,4,5,42,42,55,5,3,.269,.343,.392,.734
Otis O Nixon C,MON,119,231,46,58,6,2,1,20,28,33,50,13,.251,.331,.307,.638
Willie W Randolph,OAK,119,388,52,101,13,3,2,30,45,34,7,1,.260,.339,.325,.664
Todd T Benzinger,CIN,118,376,35,95,14,2,5,46,19,69,3,4,.253,.291,.340,.631
Dave D Martinez C,MON,118,391,60,109,13,5,11,39,24,48,13,11,.279,.321,.422,.743
Luis L Rivera S,BOS,118,346,38,78,20,0,7,45,25,58,4,3,.225,.279,.344,.623
Glenn G Wilson R,HOU,118,368,42,90,14,0,10,55,26,64,0,3,.245,.293,.364,.657
Phil P Bradley L,CWS,117,422,59,108,14,2,4,31,50,61,17,7,.256,.349,.327,.676
Manuel M Lee,TOR,117,391,45,95,12,4,6,41,26,90,3,1,.243,.288,.340,.628
Dwight D Smith L,CHC,117,290,34,76,15,0,6,27,28,46,11,6,.262,.329,.376,.705
Steve S Balboni,NYY,116,266,24,51,6,0,17,34,35,91,0,0,.192,.291,.406,.697
Jeff J Blauser S,ATL,115,386,46,104,24,3,8,39,35,70,3,5,.269,.338,.409,.747
Jack J Clark,SD,115,334,59,89,12,1,25,62,104,91,4,3,.266,.441,.533,.974
John J Moses R,MIN,115,172,26,38,3,1,1,14,19,19,2,3,.221,.303,.267,.570
Luis L Salazar,CHC,115,410,44,104,13,3,12,47,19,59,3,1,.254,.293,.388,.680
Willie W Wilson L,KC,115,307,49,89,13,3,2,42,30,57,24,6,.290,.354,.371,.725
Terry T Steinbach,OAK,114,379,32,95,15,2,9,57,19,66,0,1,.251,.291,.372,.663
Doug D Dascenzo L,CHC,113,241,27,61,9,5,1,26,21,18,15,6,.253,.312,.344,.656
Chili C Davis D,CAL,113,412,58,109,17,1,12,58,61,89,1,2,.265,.357,.398,.755
Mel M Hall D,NYY,113,360,41,93,23,2,12,46,6,46,0,0,.258,.272,.433,.706
Oddibe O Mc Dowell C,ATL,113,305,47,74,14,0,7,25,21,53,13,2,.243,.295,.357,.652
Dan D Pasqua,CWS,112,325,43,89,27,3,13,58,37,66,1,1,.274,.347,.495,.842
Bill B Spiers S,MIL,112,363,44,88,15,3,2,36,16,45,11,6,.242,.274,.317,.591
Mike M Fitzgerald,MON,111,313,36,76,18,1,9,41,60,60,8,1,.243,.365,.393,.758
Bo B Jackson C,KC,111,405,74,110,16,1,28,78,44,128,15,9,.272,.342,.523,.866
John J Olerud D,TOR,111,358,43,95,15,1,14,48,57,75,0,2,.265,.364,.430,.794
Bob B Geren,NYY,110,277,21,59,7,0,8,31,13,73,0,0,.213,.259,.325,.584
Dante D Bichette R,CAL,109,349,40,89,15,1,15,53,16,79,5,2,.255,.292,.433,.725
Glenn G Braggs R,CIN,109,314,39,88,14,1,9,41,38,64,8,7,.280,.365,.417,.782
Randy R Milligan,BAL,109,362,64,96,20,1,20,60,88,68,6,3,.265,.408,.492,.900
Carlos C Baerga,CLE,108,312,46,81,17,2,7,47,16,57,0,2,.260,.300,.394,.694
Mike M Devereaux C,BAL,108,367,48,88,18,1,12,49,28,48,13,12,.240,.291,.392,.683
Pete P O' Brien,SEA,108,366,32,82,18,0,5,27,44,33,0,0,.224,.308,.314,.622
Terry T Kennedy,SF,107,303,25,84,22,0,2,26,31,38,1,2,.277,.342,.370,.712
Hal H Morris,CIN,107,309,50,105,22,3,7,36,21,32,9,3,.340,.381,.498,.880
Dave D Valle,SEA,107,308,37,66,15,0,7,33,45,48,1,2,.214,.328,.331,.659
Jose J Gonzalez L,LA,106,99,15,23,5,3,2,8,6,27,3,1,.232,.280,.404,.684
Gary G Ward L,DET,106,309,32,79,11,2,9,46,30,50,2,0,.256,.322,.392,.713
Kenny K Williams,TOR,106,155,23,25,8,1,0,13,10,42,9,4,.161,.219,.226,.445
Jack J Howell,CAL,105,316,35,72,19,1,8,33,46,61,3,0,.228,.326,.370,.696
Mike M Kingery R,SF,105,207,24,61,7,1,0,24,12,19,6,1,.295,.335,.338,.673
Ron R Kittle D,BAL,105,338,33,78,16,0,18,46,26,91,0,0,.231,.293,.438,.731
Johnny J Ray,CAL,105,404,47,112,23,0,5,43,19,44,2,3,.277,.308,.371,.679
Wally W Backman,PIT,104,315,62,92,21,3,2,28,42,53,6,3,.292,.374,.397,.771
Chet C Lemon R,DET,104,322,39,83,16,4,5,32,48,61,3,2,.258,.359,.379,.738
Nelson N Liriano,MIN,103,355,46,83,12,9,1,28,38,44,8,7,.234,.308,.327,.635
Paul P Molitor,MIL,103,418,64,119,27,6,12,45,37,51,18,3,.285,.343,.464,.807
John J Shelby C,DET,103,246,24,61,10,3,4,22,10,58,4,5,.248,.277,.362,.639
Mike M Stanley,TEX,103,189,21,47,8,1,2,19,30,25,1,0,.249,.350,.333,.683
Phil P Stephenson,SD,103,182,26,38,9,1,4,19,30,43,2,1,.209,.319,.335,.654
Donnie D Hill,CAL,102,352,36,93,18,2,3,32,29,27,1,2,.264,.319,.352,.671
Mark M Lemke,ATL,102,239,22,54,13,0,0,21,21,22,0,1,.226,.286,.280,.567
Don D Mattingly,NYY,102,394,40,101,16,0,5,42,28,20,1,0,.256,.308,.335,.643
Scott S Bradley,SEA,101,233,11,52,9,0,1,28,15,20,0,1,.223,.264,.275,.538
Chris C Gwynn,LA,101,141,19,40,2,1,5,22,7,28,0,1,.284,.311,.418,.730
Randy R Ready,PHI,101,217,26,53,9,1,1,26,29,35,3,2,.244,.332,.309,.641
Jerome J Walton C,CHC,101,392,63,103,16,2,2,21,50,70,14,7,.263,.350,.329,.680
Dave D Bergman,DET,100,205,21,57,10,1,2,26,33,17,3,2,.278,.375,.366,.741
Greg G Olson,ATL,100,298,36,78,12,1,7,36,30,51,1,1,.262,.332,.379,.712
Benito B Santiago,SD,100,344,42,93,8,5,11,53,27,55,5,5,.270,.323,.419,.741
Mackey M Sasser,NYM,100,270,31,83,14,0,6,41,15,19,0,0,.307,.344,.426,.770
Dave D Collins,STL,99,58,12,13,1,0,0,3,13,10,7,1,.224,.366,.241,.608
Jeff J Kunkel S,TEX,99,200,17,34,11,1,3,17,11,66,2,1,.170,.221,.280,.501
Dick D Schofield S,CAL,99,310,41,79,8,1,1,18,52,61,3,4,.255,.363,.297,.660
Marquis M Grissom R,MON,98,288,42,74,14,2,3,29,27,40,22,2,.257,.320,.351,.670
Domingo D Ramos,CHC,98,226,22,60,5,0,2,17,27,29,0,2,.265,.342,.314,.657
Mike M Aldrete,MON,96,161,22,39,7,1,1,18,37,31,1,2,.242,.385,.317,.702
Brian B Downing D,CAL,96,330,47,90,18,2,14,51,50,45,0,0,.273,.374,.467,.841
Michael M La Valliere,PIT,96,279,27,72,15,0,3,31,44,20,0,3,.258,.362,.344,.706
Gary G Redus,PIT,96,227,32,56,15,3,6,23,33,38,11,5,.247,.341,.419,.759
R. J. R Reynolds,PIT,95,215,25,62,10,1,0,19,23,35,12,2,.288,.354,.344,.698
Randy R Velarde,NYY,95,229,21,48,6,2,5,19,20,53,0,3,.210,.275,.319,.594
Ron R Hassey,OAK,94,254,18,54,7,0,5,22,27,29,0,0,.213,.288,.299,.587
Glenn G Davis,HOU,93,327,44,82,15,4,22,64,46,54,8,3,.251,.357,.523,.880
Rex R Hudler,STL,93,220,31,62,11,2,7,22,12,32,18,10,.282,.323,.445,.769
Greg G Litton R,SF,93,205,17,50,9,1,1,24,11,46,1,0,.244,.283,.312,.595
Steve S Lyons,CWS,93,146,22,28,6,1,1,11,10,41,1,0,.192,.245,.267,.512
Bob B Melvin,BAL,93,301,30,73,14,1,5,37,11,53,0,1,.243,.267,.346,.612
Max M Venable L,CAL,93,189,26,49,9,3,4,21,24,31,5,1,.259,.340,.402,.742
Gary G Carter,SF,92,244,24,62,10,0,9,27,25,31,1,1,.254,.324,.406,.729
Kevin K Elster S,NYM,92,314,36,65,20,1,9,45,30,54,2,0,.207,.274,.363,.637
Ricky R Jordan,PHI,92,324,32,78,21,0,5,44,13,39,2,0,.241,.277,.352,.629
Jim J Leyritz,NYY,92,303,28,78,13,1,5,25,27,51,2,3,.257,.331,.356,.688
Carlos C Martinez,CWS,92,272,18,61,6,5,4,24,10,40,0,4,.224,.252,.327,.579
Ernest E Riles,SF,92,155,22,31,2,1,8,21,26,26,0,0,.200,.313,.381,.694
Pat P Tabler R,NYM,92,238,18,65,15,1,2,29,23,29,0,2,.273,.338,.370,.708
Marvell M Wynne C,CHC,92,186,21,38,8,2,4,19,14,25,3,2,.204,.264,.333,.597
Shawn S Abner C,SD,91,184,17,45,9,0,1,15,9,28,2,3,.245,.286,.310,.596
Steve S Buechele,TEX,91,251,30,54,10,0,7,30,27,63,1,0,.215,.294,.339,.633
Fred F Lynn L,SD,90,196,18,47,3,1,6,23,22,44,2,0,.240,.315,.357,.672
Brady B Anderson L,BAL,89,234,24,54,5,2,3,24,31,46,15,2,.231,.327,.308,.635
Darnell D Coles,DET,89,215,22,45,7,1,3,20,16,38,0,4,.209,.265,.293,.558
Kirk K Gibson C,LA,89,315,59,82,20,0,8,38,39,65,26,2,.260,.345,.400,.745
Darryl D Hamilton L,MIL,89,156,27,46,5,0,1,18,9,12,10,3,.295,.333,.346,.680
Jim J Gantner,MIL,88,323,36,85,8,5,0,25,29,19,18,3,.263,.328,.319,.647
Keith K Miller C,NYM,88,233,42,60,8,0,1,12,23,46,16,3,.258,.327,.305,.632
Danny D Tartabull R,KC,88,313,41,84,19,0,15,60,36,93,1,1,.268,.341,.473,.814
Dion D James,CLE,87,248,28,68,15,2,1,22,27,23,5,3,.274,.347,.363,.710
Greg G Myers,TOR,87,250,33,59,7,1,5,22,22,33,0,1,.236,.293,.332,.626
Bill B Pecota,KC,87,240,43,58,15,2,5,20,33,39,8,5,.242,.336,.383,.719
Lance L Blankenship,OAK,86,136,18,26,3,0,0,10,20,23,3,1,.191,.295,.213,.508
Edgar E Diaz S,MIL,86,218,27,59,2,2,0,14,21,32,3,2,.271,.338,.298,.636
Mickey M Hatcher,LA,85,132,12,28,3,1,0,13,6,22,0,0,.212,.248,.250,.498
Eric E Anthony R,HOU,84,239,26,46,8,0,10,29,29,78,5,0,.192,.279,.351,.630
Dave D Clark,CHC,84,171,22,47,4,2,5,20,8,40,7,1,.275,.304,.409,.713
Glenallen G Hill R,TOR,84,260,47,60,11,3,12,32,18,62,8,3,.231,.281,.435,.715
Don D Slaught,PIT,84,230,27,69,18,3,4,29,27,27,0,1,.300,.375,.457,.832
Andres A Thomas S,ATL,84,278,26,61,8,0,5,30,11,43,2,1,.219,.248,.302,.550
Herm H Winningham C,CIN,84,160,20,41,8,5,3,17,14,31,6,4,.256,.314,.425,.739
Wally W Joyner,CAL,83,310,35,83,15,0,8,41,41,34,2,1,.268,.350,.394,.744
Mike M Marshall D,BOS,83,275,34,71,14,2,10,39,11,66,0,2,.258,.294,.433,.726
Carmelo C Martinez,PIT,83,217,26,52,9,0,10,35,30,42,2,1,.240,.332,.419,.751
Luis L Quinones,CIN,83,145,10,35,7,0,2,17,13,29,1,0,.241,.301,.331,.632
Juan J Agosto,HOU,82,2,0,0,0,0,0,0,0,0,0,0,.000,.000,.000,.000
Mark M Carreon C,NYM,82,188,30,47,12,0,10,26,15,29,1,0,.250,.312,.473,.786
Tom T O' Malley,NYM,82,121,14,27,7,0,3,14,11,20,0,0,.223,.286,.355,.641
Frank F White,KC,82,241,20,52,14,1,2,21,10,32,1,0,.216,.253,.307,.560
Junior J Noboa,MON,81,158,15,42,7,2,0,14,7,14,4,1,.266,.294,.335,.630
Omar O Vizquel S,SEA,81,255,19,63,3,2,2,18,18,22,4,1,.247,.295,.298,.593
Tim T Teufel,NYM,80,175,28,43,11,0,10,24,15,33,0,0,.246,.304,.480,.784
Sam S Horn D,BAL,79,246,30,61,13,0,14,45,32,62,0,0,.248,.332,.472,.804
Kevin K Maas,NYY,79,254,42,64,9,0,21,41,43,76,1,2,.252,.367,.535,.902
Rick R Leach,SF,78,174,24,51,13,0,2,16,21,20,0,2,.293,.372,.402,.775
Denny D Walling,STL,78,127,7,28,5,0,1,19,8,15,0,0,.220,.265,.283,.548
Ken K Oberkfell,HOU,77,150,10,31,6,1,1,12,15,17,1,1,.207,.281,.280,.561
Curtis C Wilkerson,CHC,77,186,21,41,5,1,0,16,7,36,2,2,.220,.249,.258,.507
Tracy T Jones L,SEA,75,204,23,53,8,1,6,24,9,25,1,2,.260,.307,.397,.704
Paul P Assenmacher,CHC,74,8,0,0,0,0,0,0,0,3,0,0,.000,.000,.000,.000
Steve S Jeltz,KC,74,103,11,16,4,0,0,10,6,21,1,1,.155,.200,.194,.394
Charlie C O' Brien,NYM,74,213,17,38,10,2,0,20,21,34,0,0,.178,.259,.244,.504
Mark M Salas,DET,74,164,18,38,3,0,9,24,21,28,0,0,.232,.323,.415,.737
Rod R Booker S,PHI,73,131,19,29,5,2,0,10,15,26,3,1,.221,.301,.290,.591
Randy R Bush,MIN,73,181,17,44,8,0,6,18,21,27,0,3,.243,.338,.387,.725
Tom T Foley S,MON,73,164,11,35,2,1,0,12,12,22,0,1,.213,.266,.238,.503
Greg G Harris,SD,73,12,1,1,0,1,0,0,0,8,0,0,.083,.083,.250,.333
Wayne W Tolleson S,NYY,73,74,12,11,1,1,0,4,6,21,1,0,.149,.210,.189,.399
Dave D Hollins,PHI,72,114,14,21,0,0,5,15,10,28,0,0,.184,.252,.316,.568
Roger R Mc Dowell,PHI,72,2,1,0,0,0,0,0,0,1,0,0,.000,.000,.000,.000
Jeff J Reed,CIN,72,175,12,44,8,1,3,16,24,26,0,0,.251,.340,.360,.700
Darrel D Akerfelds,PHI,71,6,0,1,0,0,0,0,0,3,0,0,.167,.167,.167,.333
Junior J Ortiz,MIN,71,170,18,57,7,1,0,18,12,16,0,4,.335,.384,.388,.772
Kevin K Romine R,BOS,70,136,21,37,7,0,2,14,12,27,4,0,.272,.331,.368,.699
Fred F Manrique,MIN,69,228,22,54,10,0,5,29,4,35,2,0,.237,.254,.346,.601
Tom T Pagnozzi,STL,69,220,20,61,15,0,2,23,14,37,1,1,.277,.321,.373,.693
Steve S Bedrosian,SF,68,4,0,2,0,0,0,1,0,1,0,0,.500,.500,.500,1.000
Rob R Dibble,CIN,68,7,0,0,0,0,0,0,0,1,0,0,.000,.000,.000,.000
Dave D Gallagher L,BAL,68,126,12,32,4,1,0,7,7,12,1,2,.254,.296,.302,.598
Ron R Karkovice,CWS,68,183,30,45,10,0,6,20,16,52,2,0,.246,.308,.399,.707
John J Russell,TEX,68,128,16,35,4,0,2,8,11,41,1,0,.273,.331,.352,.682
Joe J Boever,PHI,67,3,0,0,0,0,0,0,0,0,0,0,.000,.000,.000,.000
Scott S Coolbaugh,TEX,67,180,21,36,6,0,2,13,15,47,1,0,.200,.264,.267,.531
Rene R Gonzales,BAL,67,103,13,22,3,1,1,12,12,14,1,2,.214,.296,.291,.587
Ken K Griffey L,SEA,67,140,19,42,4,0,4,26,12,8,2,1,.300,.353,.414,.767
Tim T Jones S,STL,67,128,9,28,7,1,1,12,12,20,3,4,.219,.291,.313,.603
Jeff J Parrett,ATL,67,11,0,1,0,0,0,1,0,4,0,0,.091,.091,.091,.182
Scott S Ruskin,MON,67,8,1,2,1,1,0,1,0,5,0,0,.250,.250,.625,.875
Lee L Stevens,CAL,67,248,28,53,10,0,7,32,22,75,1,1,.214,.275,.339,.613
Ernie E Whitt,ATL,67,180,14,31,8,0,2,10,23,27,0,2,.172,.265,.250,.515
Sil S Campusano C,PHI,66,85,10,18,1,1,2,9,6,16,1,0,.212,.269,.318,.586
Tim T Crews,LA,66,7,0,0,0,0,0,1,0,5,0,0,.000,.000,.000,.000
Travis T Fryman,DET,66,232,32,69,11,1,9,27,17,51,3,3,.297,.348,.470,.818
Randy R Myers,CIN,66,4,0,1,0,0,0,1,0,2,0,0,.250,.250,.250,.500
Oscar O Azocar L,NYY,65,214,18,53,8,0,5,19,2,15,7,0,.248,.257,.355,.612
Mark M Parent,SD,65,189,13,42,11,0,3,16,16,29,1,0,.222,.283,.328,.611
Tom T Brookens,CLE,64,154,18,41,7,2,1,20,14,25,0,0,.266,.322,.357,.679
Carmen C Castillo,MIN,64,137,11,30,4,0,0,12,3,23,0,1,.219,.239,.248,.488
Doug D Jennings L,OAK,64,156,19,30,7,2,2,14,17,48,0,3,.192,.275,.301,.577
Ron R Oester,CIN,64,154,10,46,10,1,0,13,10,29,1,2,.299,.339,.377,.716
Kevin K Reimer,TEX,64,100,5,26,9,1,2,15,10,22,0,1,.260,.333,.430,.763
Francisco F Cabrera,ATL,63,137,14,38,5,1,7,25,5,21,1,0,.277,.301,.482,.782
Alex A Cole C,CLE,63,227,43,68,5,4,0,13,28,38,40,9,.300,.379,.357,.736
Randy R Kutcher,BOS,63,74,18,17,4,1,1,5,13,18,3,3,.230,.345,.351,.696
Marty M Barrett,BOS,62,159,15,36,4,0,0,13,15,13,4,0,.226,.294,.252,.545
Mike M Brumley S,SEA,62,147,19,33,5,4,0,7,10,22,2,0,.224,.272,.313,.585
Rick R Dempsey,LA,62,128,13,25,5,0,2,15,23,29,1,0,.195,.318,.281,.599
Frank F Di Pino,STL,62,4,0,1,1,0,0,0,0,2,0,0,.250,.250,.500,.750
Gary G Green S,TEX,62,88,10,19,3,0,0,8,6,18,1,1,.216,.263,.250,.513
Kevin K Bass R,SF,61,213,25,54,9,1,7,32,14,25,2,2,.254,.304,.404,.708
Rick R Schu,CAL,61,157,19,42,8,0,6,14,11,25,0,0,.268,.314,.433,.747
Dave D Anderson S,SF,60,100,14,35,5,1,1,6,3,20,1,2,.350,.369,.450,.819
Frank F Thomas,CWS,60,191,39,63,11,3,7,31,44,54,0,1,.330,.454,.529,.983
Don D Carman,PHI,59,11,0,3,0,0,0,0,0,4,0,0,.273,.273,.273,.546
Mark M Grant,ATL,59,6,2,2,0,0,0,1,1,2,0,0,.333,.500,.333,.833
Craig C Grebeck,CWS,59,119,7,20,3,1,1,9,8,24,0,0,.168,.227,.235,.463
Stan S Jefferson L,CLE,59,117,22,27,8,0,2,10,10,26,9,4,.231,.295,.350,.646
Dave D Rohde,HOU,59,98,8,18,4,0,0,5,9,20,0,0,.184,.283,.224,.508
Bill B Sampen,MON,59,8,0,0,0,0,0,0,0,4,0,0,.000,.000,.000,.000
Nelson N Santovenia,MON,59,163,13,31,3,1,6,28,8,31,0,3,.190,.222,.331,.553
Mitch M Williams,CHC,59,5,1,0,0,0,0,0,0,0,0,0,.000,.000,.000,.000
Tim T Burke,MON,58,6,1,1,0,0,0,0,1,3,0,0,.167,.286,.167,.452
John J Cangelosi,PIT,58,76,13,15,2,0,0,1,11,12,7,2,.197,.307,.224,.530
Ken K Dayley,STL,58,6,0,0,0,0,0,0,0,3,0,0,.000,.000,.000,.000
Darrin D Jackson C,SD,58,113,10,29,3,0,3,9,5,24,3,0,.257,.286,.363,.648
Alex A Trevino,CIN,58,86,3,19,5,0,1,13,7,11,0,1,.221,.293,.314,.607
Norm N Charlton,CIN,57,37,4,5,0,0,0,0,3,21,0,0,.135,.238,.135,.373
Mark M Davidson R,HOU,57,130,12,38,5,1,1,11,10,18,0,3,.292,.340,.369,.710
Rance R Mulliniks,TOR,57,97,11,28,4,0,2,16,22,19,2,1,.289,.417,.392,.808
Deion D Sanders L,NYY,57,133,24,21,2,2,3,9,13,27,8,2,.158,.236,.271,.507
Jim J Vatcher,ATL,57,73,7,19,2,1,1,7,5,15,0,0,.260,.308,.356,.664
Gerald G Young C,HOU,57,154,15,27,4,1,1,4,20,23,6,3,.175,.269,.234,.502
Craig C Lefferts,SD,56,4,1,1,0,0,0,1,0,2,0,0,.250,.250,.250,.500
Ken K Phelps,CLE,56,120,10,18,2,0,1,6,22,21,1,0,.150,.280,.192,.471
Jamie J Quirk,OAK,56,121,12,34,5,1,3,26,14,34,0,0,.281,.353,.413,.766
Stan S Belinda,PIT,55,5,0,0,0,0,0,0,0,3,0,0,.000,.000,.000,.000
Jeff J Brantley,SF,55,7,1,2,1,0,0,2,0,1,0,0,.286,.286,.429,.714
John J Franco,NYM,55,5,0,0,0,0,0,0,0,1,0,0,.000,.000,.000,.000
Les L Lancaster,CHC,55,20,1,1,0,0,0,0,3,11,0,0,.050,.174,.050,.224
Tim T Layana,CIN,55,5,0,0,0,0,0,0,0,2,0,0,.000,.000,.000,.000
Bob B Patterson,PIT,55,19,0,1,0,0,0,0,0,6,0,0,.053,.053,.053,.105
Jeff J Schaefer,SEA,55,107,11,22,3,0,0,6,3,11,4,1,.206,.239,.234,.473
Craig C Wilson,STL,55,121,13,30,2,0,0,7,8,14,0,2,.248,.290,.264,.554
Brad B Komminsk R,BAL,54,106,20,25,4,0,3,8,15,31,1,1,.236,.341,.358,.700
Bill B Landrum,PIT,54,9,2,1,1,0,0,0,0,5,0,0,.111,.111,.222,.333
Rick R Parker,SF,54,107,19,26,5,0,2,14,10,15,6,1,.243,.314,.346,.659
Jerald J Clark,SD,53,101,12,27,4,1,5,11,5,24,0,0,.267,.299,.475,.774
Tim T Hulett,BAL,53,153,16,39,7,1,3,16,15,41,1,0,.255,.321,.373,.694
Lloyd L Mc Clendon,PIT,53,110,6,18,3,0,2,12,14,22,1,0,.164,.256,.245,.502
Lee L Smith,STL,53,2,0,0,0,0,0,0,0,1,0,0,.000,.000,.000,.000
Bill B Bathe,SF,52,48,3,11,0,1,3,12,7,12,0,0,.229,.321,.458,.780
Tony T Castillo,ATL,52,7,1,1,0,0,0,0,1,5,0,0,.143,.250,.143,.393
Danny D Darwin,HOU,52,38,5,5,1,1,0,3,2,21,0,0,.132,.175,.211,.386
Cecil C Espy,TEX,52,71,10,9,0,0,0,1,10,20,11,5,.127,.235,.127,.361
Jerry J Goff,MON,52,119,14,27,1,0,3,7,21,36,0,2,.227,.343,.311,.654
Tom T Niedenfuer,STL,52,3,0,0,0,0,0,0,0,2,0,0,.000,.000,.000,.000
Alejandro A Pena,NYM,52,6,2,1,0,0,0,1,1,3,0,0,.167,.286,.167,.452
Hector H Villanueva,CHC,52,114,14,31,4,1,7,18,4,27,1,0,.272,.308,.509,.817
Jay J Buhner R,SEA,51,163,16,45,12,0,7,33,17,50,2,2,.276,.357,.479,.835
Joey J Cora S,SD,51,100,12,27,3,0,0,2,6,9,8,3,.270,.311,.300,.611
Steve S Frey,MON,51,1,0,0,0,0,0,0,0,0,0,0,.000,.000,.000,.000
Dan D Schatzeder,NYM,51,4,1,1,0,0,0,0,0,2,0,0,.250,.250,.250,.500
Larry L Andersen,HOU,50,3,0,0,0,0,0,0,0,0,0,0,.000,.000,.000,.000
Rich R Gedman,HOU,50,119,7,24,7,0,1,10,20,30,0,0,.202,.319,.286,.605
Jim J Gott,LA,50,1,0,0,0,0,0,0,0,1,0,0,.000,.000,.000,.000
Orlando O Mercado,MON,50,98,10,21,1,0,3,7,8,12,0,0,.214,.287,.316,.603
Scott S Terry,STL,50,11,2,5,1,0,0,0,0,3,0,0,.455,.455,.545,1.000
Kent K Anderson S,CAL,49,143,16,44,6,1,1,5,13,19,0,2,.308,.369,.385,.754
Rick R Cerone,NYY,49,139,12,42,6,0,2,11,5,13,0,0,.302,.324,.388,.713
Joel J Skinner,CLE,49,139,16,35,4,1,2,16,7,44,0,0,.252,.288,.338,.626
Dave D Smith,HOU,49,2,0,0,0,0,0,0,1,1,0,0,.000,.333,.000,.333
Mike M Blowers,NYY,48,144,16,27,4,0,5,21,12,50,1,0,.188,.255,.319,.574
Dennis D Cook,LA,48,49,8,15,1,0,1,4,0,4,0,0,.306,.306,.388,.694
Dale D Sveum,MIL,48,117,15,23,7,0,1,12,12,30,0,1,.197,.278,.282,.560
Rafael R Belliard,PIT,47,54,10,11,3,0,0,6,5,13,1,2,.204,.283,.259,.543
Wallace W Johnson,MON,47,49,6,8,1,0,1,5,7,6,1,0,.163,.281,.245,.526
Brian B Mc Rae C,KC,46,168,21,48,8,3,2,23,9,29,4,3,.286,.318,.405,.723
Rolando R Roomes,MON,46,75,6,17,0,1,2,8,1,26,0,2,.227,.237,.333,.570
Gary G Varsho,CHC,46,48,10,12,4,0,0,1,1,6,2,0,.250,.265,.333,.599
Brian B Giles S,SEA,45,95,15,22,6,0,4,11,15,24,2,1,.232,.336,.421,.757
Jay J Howell,LA,45,2,0,0,0,0,0,0,0,0,0,0,.000,.000,.000,.000
Scott S Lusader R,DET,45,87,13,21,2,0,2,16,12,8,0,0,.241,.324,.333,.657
Claudell C Washington L,NYY,45,114,7,19,2,1,1,9,4,25,4,1,.167,.193,.228,.421
Steve S Wilson,CHC,45,37,3,6,1,0,0,3,3,11,0,0,.162,.225,.189,.414
Keith K Hernandez,CLE,43,130,7,26,2,0,1,8,14,17,0,0,.200,.283,.238,.521
Mark M Thurmond,SF,43,5,0,0,0,0,0,1,0,4,0,0,.000,.000,.000,.000
Scott S Garrelts,SF,42,66,5,4,1,0,0,0,1,28,1,0,.061,.088,.076,.164
Drew D Hall,MON,42,4,0,0,0,0,0,1,0,4,0,0,.000,.000,.000,.000
Bill B Long,CHC,42,5,0,0,0,0,0,0,1,4,0,0,.000,.167,.000,.167
Calvin C Schiraldi,SD,42,21,2,4,2,0,1,1,1,6,0,0,.190,.227,.429,.656
Danny D Heep,BOS,41,69,3,12,1,1,0,8,7,14,0,0,.174,.256,.217,.474
Bob B Kipper,PIT,41,7,0,1,0,0,0,0,0,2,0,0,.143,.143,.143,.286
Rey R Palacios,KC,41,56,8,13,3,0,2,9,5,24,2,2,.232,.295,.393,.688
Paul P Sorrento D,MIN,41,121,11,25,4,1,5,13,12,31,1,1,.207,.281,.380,.662
Bob B Boone,KC,40,117,11,28,3,0,0,9,17,12,1,1,.239,.336,.265,.601
Ted T Power,PIT,40,8,0,1,1,0,0,0,0,5,0,0,.125,.125,.250,.375
David D Segui,BAL,40,123,14,30,7,0,2,15,11,15,0,0,.244,.311,.350,.661
Ray R Lankford C,STL,39,126,12,36,10,1,3,12,13,27,8,2,.286,.353,.452,.805
Eric E Show,SD,39,25,3,5,1,0,0,2,0,8,0,0,.200,.200,.240,.440
Tom T Browning,CIN,38,75,6,7,2,0,0,4,2,29,0,0,.093,.117,.120,.237
Bob B Ojeda,NYM,38,30,2,4,1,0,0,0,0,11,0,0,.133,.133,.167,.300
Karl K Rhodes L,HOU,38,86,12,21,6,1,1,3,13,12,4,1,.244,.340,.372,.712
John J Smoltz,ATL,38,74,7,12,2,0,0,4,6,32,1,0,.162,.225,.189,.414
Wally W Whitehurst,NYM,38,8,0,2,0,0,0,0,0,0,0,0,.250,.250,.250,.500
Jim J Dwyer,MIN,37,63,7,12,0,0,1,5,12,7,0,0,.190,.320,.238,.558
Terry T Puhl,HOU,37,41,5,12,1,0,0,8,5,7,1,2,.293,.375,.317,.692
Jose J Vizcaino,LA,37,51,3,14,1,1,0,2,4,8,1,1,.275,.327,.333,.661
Mike M Bell,ATL,36,45,8,11,5,1,1,5,2,9,0,1,.244,.292,.467,.758
Mike M Bielecki,CHC,36,43,3,7,0,0,0,1,2,20,0,0,.163,.200,.163,.363
Todd T Hundley,NYM,36,67,8,14,6,0,0,2,6,18,0,0,.209,.274,.299,.572
Rick R Luecken,ATL,36,3,1,1,1,0,0,0,0,1,0,0,.333,.333,.667,1.000
Kent K Mercker,ATL,36,3,0,0,0,0,0,0,0,2,0,0,.000,.000,.000,.000
Dwight D Gooden,NYM,35,75,4,14,1,1,1,9,2,15,0,0,.187,.225,.267,.492
Xavier X Hernandez,HOU,35,3,1,1,0,0,0,0,0,1,0,0,.333,.333,.333,.667
Greg G Maddux,CHC,35,83,1,12,0,0,0,3,2,25,0,0,.145,.165,.145,.309
Rick R Mahler,CIN,35,35,1,4,1,0,0,2,1,4,0,0,.114,.135,.143,.278
Fernando F Valenzuela,LA,35,69,8,21,5,0,1,11,1,12,0,0,.304,.310,.420,.730
Frank F Viola,NYM,35,85,4,13,0,0,0,4,0,20,0,0,.153,.153,.153,.306
Ron R Darling,NYM,34,31,2,4,0,0,0,2,3,12,0,0,.129,.206,.129,.335
Jim J Deshaies,HOU,34,63,1,4,0,0,0,3,2,33,0,0,.063,.092,.063,.156
Tom T Glavine,ATL,34,62,5,7,2,0,0,4,8,24,0,0,.113,.211,.145,.356
Atlee A Hammaker,SD,34,19,2,2,0,0,0,0,1,6,0,0,.105,.150,.105,.255
Dwayne D Henry,ATL,34,0,0,0,0,0,0,0,0,0,0,0,.000,.000,.000,.000
Dale D Mohorcic,MON,34,8,0,1,0,0,0,0,0,1,0,0,.125,.125,.125,.250
Dave D Schmidt,MON,34,3,0,0,0,0,0,0,0,0,0,0,.000,.000,.000,.000
Zane Z Smith,PIT,34,68,1,11,3,1,0,2,1,16,0,0,.162,.174,.235,.409
John J Burkett,SF,33,63,1,3,0,0,0,3,5,35,0,0,.048,.118,.048,.165
Jim J Clancy,HOU,33,14,1,3,0,0,0,2,0,4,0,0,.214,.214,.214,.429
Marty M Clary,ATL,33,28,0,0,0,0,0,0,1,10,0,0,.000,.034,.000,.034
Doug D Drabek,PIT,33,84,8,18,2,0,1,6,4,25,0,0,.214,.258,.274,.532
Joe J Hesketh,ATL,33,1,0,0,0,0,0,0,0,1,0,0,.000,.000,.000,.000
Bruce B Hurst,SD,33,67,2,6,0,0,0,1,4,43,0,0,.090,.141,.090,.230
Ramon R Martinez,LA,33,80,2,10,0,0,0,6,1,32,0,0,.125,.145,.125,.270
Mike M Morgan,LA,33,71,2,8,0,0,0,2,2,25,0,0,.113,.137,.113,.250
Terry T Mulholland,PHI,33,62,2,6,1,0,0,2,1,30,0,1,.097,.111,.113,.224
Francisco F Oliveras,SF,33,5,0,0,0,0,0,0,0,4,0,0,.000,.000,.000,.000
Dennis D Rasmussen,SD,33,62,8,18,2,0,0,8,2,18,0,0,.290,.308,.323,.630
Luis L Sojo,TOR,33,80,14,18,3,0,1,9,5,5,1,1,.225,.271,.300,.571
Mark M Whiten R,TOR,33,88,12,24,1,1,2,7,7,14,2,0,.273,.323,.375,.698
Ed E Whitson,SD,33,67,6,10,1,0,1,4,2,16,0,0,.149,.174,.209,.383
Don D Aase,LA,32,0,0,0,0,0,0,0,0,0,0,0,.000,.000,.000,.000
Andy A Benes,SD,32,60,2,6,1,0,0,2,2,25,0,0,.100,.127,.117,.244
Pat P Combs,PHI,32,60,6,9,2,0,0,2,3,24,0,0,.150,.190,.183,.374
David D Cone,NYM,32,70,7,14,1,0,0,5,5,12,0,0,.200,.253,.214,.468
Jose J De Leon,STL,32,56,1,6,0,1,0,3,1,23,0,0,.107,.123,.143,.266
Kevin K Gross,MON,32,50,3,10,4,0,1,4,2,21,0,0,.200,.231,.340,.571
Bill B Gullickson,HOU,32,57,2,9,0,0,1,5,4,14,0,0,.158,.210,.211,.420
Mike M Hartley,LA,32,13,1,1,0,0,0,0,0,8,0,0,.077,.077,.077,.154
Neal N Heaton,PIT,32,43,3,2,0,0,0,1,4,13,1,0,.047,.128,.047,.174
Ricky R Horton,STL,32,4,0,0,0,0,0,0,0,1,0,0,.000,.000,.000,.000
Dennis D Martinez,MON,32,68,0,7,1,0,0,6,1,25,0,0,.103,.129,.118,.246
John J Marzano,BOS,32,83,8,20,4,0,0,6,5,10,0,1,.241,.281,.289,.570
Rodney R Mc Cray,CWS,32,6,8,0,0,0,0,0,1,4,6,0,.000,.143,.000,.143
Carl C Nichols,HOU,32,49,7,10,3,0,0,11,8,11,0,0,.204,.317,.265,.582
Mark M Portugal,HOU,32,66,2,9,0,0,0,5,1,8,0,0,.136,.149,.136,.286
Rich R Rodriguez,SD,32,3,1,0,0,0,0,0,1,1,0,0,.000,.250,.000,.250
Ed E Romero,DET,32,70,8,16,3,0,0,4,6,4,0,0,.229,.286,.271,.557
Bruce B Ruffin,PHI,32,44,3,3,0,0,0,0,3,9,0,0,.068,.128,.068,.196
Mike M Scott,HOU,32,54,0,7,0,0,0,1,4,22,1,0,.130,.190,.130,.319
Terry T Shumpert,KC,32,91,7,25,6,1,0,8,2,17,3,3,.275,.292,.363,.654
Oil Can O Boyd,MON,31,59,1,3,0,0,0,0,0,20,0,0,.051,.051,.051,.102
Joe J Magrane,STL,31,55,3,7,2,0,0,0,3,19,0,0,.127,.172,.164,.336
John J Orton,CAL,31,84,8,16,5,0,1,6,5,31,0,1,.190,.244,.286,.530
Jeff J Pico,CHC,31,22,2,6,1,0,0,1,3,5,0,0,.273,.360,.318,.678
Don D Robinson,SF,31,63,4,9,1,0,2,7,0,17,0,0,.143,.143,.254,.397
Thad T Bosley,TEX,30,28,3,4,0,0,1,3,4,6,1,0,.143,.250,.250,.500
Sid S Fernandez,NYM,30,58,3,11,1,0,0,4,0,22,0,0,.190,.190,.207,.397
Charlie C Kerfeld,ATL,30,0,0,0,0,0,0,0,0,0,0,0,.000,.000,.000,.000
Jeff J Manto,CLE,30,76,12,17,5,1,2,14,21,18,0,1,.224,.392,.395,.786
Louie L Meadows,PHI,30,28,4,3,0,0,0,0,3,6,0,0,.107,.194,.107,.301
Javier J Ortiz L,HOU,30,77,7,21,5,1,1,10,12,11,1,1,.273,.367,.403,.769
Jeff J Schulz R,KC,30,66,5,17,5,1,0,6,6,13,0,0,.258,.319,.364,.683
Matt M Sinatro,SEA,30,50,2,15,1,0,0,4,4,10,1,0,.300,.352,.320,.672
Jack J Armstrong,CIN,29,47,2,5,0,0,0,3,0,21,0,0,.106,.143,.106,.249
Tim T Birtsas,CIN,29,4,0,0,0,0,0,0,0,0,0,0,.000,.000,.000,.000
Jimmy J Kremers,ATL,29,73,7,8,1,1,1,2,6,27,0,0,.110,.177,.192,.369
Steve S Lake,PHI,29,80,4,20,2,0,0,6,3,12,0,0,.250,.286,.275,.561
Derek D Lilliquist,SD,29,43,6,11,0,0,2,3,1,8,0,0,.256,.273,.395,.668
Jeff J Mc Knight,BAL,29,75,11,15,2,0,1,4,5,17,0,0,.200,.259,.267,.526
Jose J Offerman S,LA,29,58,7,9,0,0,1,7,4,14,1,0,.155,.210,.207,.417
Jose J Rijo,CIN,29,62,3,10,1,0,0,2,2,10,1,0,.161,.188,.177,.365
Ray R Searage,LA,29,2,0,0,0,0,0,0,0,1,0,0,.000,.000,.000,.000
Mark M Mc Lemore,CLE,28,60,6,9,2,0,0,2,4,15,1,0,.150,.203,.183,.386
Jeff J Musselman,NYM,28,1,0,0,0,0,0,0,0,0,0,0,.000,.000,.000,.000
Bob B Tewksbury,STL,28,41,2,7,1,0,0,2,4,18,0,0,.171,.244,.195,.440
Mark M Gardner,MON,27,44,2,5,1,1,0,1,0,23,0,0,.114,.114,.182,.296
Mike M Harkey,CHC,27,56,4,14,4,0,0,4,1,16,0,0,.250,.276,.321,.597
Barry B Lyons,LA,27,85,9,20,0,0,3,9,2,10,0,0,.235,.261,.341,.602
Julio J Machado,NYM,27,0,0,0,0,0,0,0,0,0,0,0,.000,.000,.000,.000
Billy Jo B Robidoux,BOS,27,44,3,8,4,0,1,4,6,14,0,0,.182,.288,.341,.629
Trevor T Wilson,SF,27,29,2,4,0,0,0,0,2,10,0,0,.138,.194,.138,.332
Tom T Lampkin,SD,26,63,4,14,0,1,1,4,4,9,0,1,.222,.269,.302,.570
Randy R O' Neal,SF,26,6,0,1,0,0,0,0,0,3,0,0,.167,.167,.167,.333
Darren D Reed,NYM,26,39,5,8,4,1,1,2,3,11,1,0,.205,.262,.436,.698
John J Smiley,PIT,26,49,1,6,0,0,0,3,3,15,0,0,.122,.173,.122,.296
Bryn B Smith,STL,26,39,2,10,1,0,1,7,1,9,0,0,.256,.275,.359,.634
Bob B Walk,PIT,26,37,3,6,1,0,0,4,1,13,0,0,.162,.205,.189,.394
Mike M Bordick,OAK,25,14,0,1,0,0,0,0,1,4,0,0,.071,.133,.071,.205
Marvin M Freeman,ATL,25,7,0,0,0,0,0,0,0,6,0,0,.000,.000,.000,.000
Juan J Gonzalez C,TEX,25,90,11,26,7,1,4,12,2,18,0,1,.289,.316,.522,.838
Darren D Lewis C,OAK,25,35,4,8,0,0,0,1,7,4,2,0,.229,.372,.229,.601
Orlando O Merced,PIT,25,24,3,5,1,0,0,0,1,9,0,0,.208,.240,.250,.490
Mickey M Morandini,PHI,25,79,9,19,4,0,1,3,6,19,3,0,.241,.294,.329,.623
John J Tudor,STL,25,46,3,7,2,0,0,3,2,19,0,0,.152,.188,.196,.383
Tim T Belcher,LA,24,43,5,7,1,0,0,1,0,15,0,0,.163,.200,.186,.386
Ron R Jones L,PHI,24,58,5,16,2,0,3,7,9,9,0,1,.276,.373,.466,.839
Charlie C Leibrandt,ATL,24,50,2,9,0,0,0,3,3,11,0,0,.180,.226,.180,.406
Tino T Martinez,SEA,24,68,4,15,4,0,0,5,9,9,0,0,.221,.308,.279,.587
Tim T Naehring S,BOS,24,85,10,23,6,0,2,12,8,15,0,0,.271,.333,.412,.745
Chris C Hoiles,BAL,23,63,7,12,3,0,1,6,5,12,0,0,.190,.250,.286,.536
Danny D Jackson,CIN,23,37,1,2,0,1,0,0,0,21,0,0,.054,.054,.108,.162
Mike M Laga,SF,23,27,4,5,1,0,2,4,1,7,0,0,.185,.241,.444,.686
Hensley H Meulens L,NYY,23,83,12,20,7,0,3,10,9,25,1,0,.241,.337,.434,.771
Mel M Rojas,MON,23,3,0,0,0,0,0,0,0,1,0,0,.000,.000,.000,.000
Gary G Thurman R,KC,23,60,5,14,3,0,0,3,2,12,1,1,.233,.258,.283,.541
Doug D Bair,PIT,22,1,0,0,0,0,0,0,0,1,0,0,.000,.000,.000,.000
Billy B Bates,CIN,22,34,8,3,1,0,0,2,4,9,6,1,.088,.179,.118,.297
Mike M Benjamin S,SF,22,56,7,12,3,1,2,3,3,10,1,0,.214,.254,.411,.665
Bill B Buckner,BOS,22,43,4,8,0,0,1,3,3,2,0,0,.186,.234,.256,.490
Jose J De Jesus,PHI,22,38,1,3,1,0,0,2,4,21,0,0,.079,.167,.105,.272
Curt C Ford,PHI,22,18,0,2,0,0,0,0,1,5,0,0,.111,.158,.111,.269
Randy R Kramer,CHC,22,6,0,0,0,0,0,0,0,2,0,0,.000,.000,.000,.000
Chad C Kreuter,TEX,22,22,2,1,1,0,0,2,8,9,0,0,.045,.290,.091,.381
Pedro P Munoz R,MIN,22,85,13,23,4,1,0,5,2,16,3,0,.271,.281,.341,.622
John J Wetteland,LA,22,7,2,1,0,0,1,3,0,1,0,0,.143,.143,.571,.714
Steve S Avery,ATL,21,30,1,4,0,0,0,0,0,7,0,0,.133,.133,.133,.267
Steve S Howard R,OAK,21,52,5,12,4,0,0,1,4,17,0,0,.231,.286,.308,.593
Jose Antonio J Nunez,CHC,21,11,1,0,0,0,0,1,1,5,0,0,.000,.083,.000,.083
Scott S Scudder,CIN,21,18,1,1,0,0,0,0,2,6,0,0,.056,.150,.056,.206
Thomas T Howard L,SD,20,44,4,12,2,0,0,0,0,11,0,1,.273,.273,.318,.591
Alexis A Infante,ATL,20,28,3,1,1,0,0,0,0,7,0,0,.036,.069,.071,.140
Kelvin K Torve,NYM,20,38,0,11,4,0,0,2,4,9,0,0,.289,.386,.395,.781
Dave D Walsh,LA,20,0,0,0,0,0,0,0,0,0,0,0,.000,.000,.000,.000
Dann D Bilardello,PIT,19,37,1,2,0,0,0,3,4,10,0,0,.054,.146,.054,.200
Milt M Cuyler C,DET,19,51,8,13,3,1,0,8,5,10,1,2,.255,.316,.353,.669
Rob R Ducey L,TOR,19,53,7,16,5,0,0,7,7,15,1,1,.302,.387,.396,.783
Wes W Chamberlain L,PHI,18,46,9,13,3,0,2,4,1,9,4,0,.283,.298,.478,.776
Gary G Disarcina S,CAL,18,57,8,8,1,1,0,0,3,10,1,0,.140,.183,.193,.376
Bernard B Gilkey L,STL,18,64,11,19,5,2,1,3,8,5,6,1,.297,.375,.484,.859
Ken K Howell,PHI,18,30,2,2,1,0,0,2,1,15,1,0,.067,.097,.100,.197
Jeff J Innis,NYM,18,0,0,0,0,0,0,0,0,0,0,0,.000,.000,.000,.000
Joe J Kraemer,CHC,18,0,0,0,0,0,0,0,0,0,0,0,.000,.000,.000,.000
John J Morris,STL,18,18,0,2,0,0,0,0,3,6,0,0,.111,.238,.111,.349
Geronimo G Pena,STL,18,45,5,11,2,0,0,2,4,14,1,1,.244,.314,.289,.603
Gus G Polidor,MIL,18,15,0,1,0,0,0,1,0,1,0,0,.067,.067,.067,.133
Bill B Schroeder,CAL,18,58,7,13,3,0,4,9,1,10,0,0,.224,.237,.483,.720
Greg G Smith,CHC,18,44,4,9,2,1,0,5,2,5,1,0,.205,.234,.295,.530
Ed E Vosberg,SF,18,0,0,0,0,0,0,0,0,0,0,0,.000,.000,.000,.000
Damon D Berryhill,CHC,17,53,6,10,4,0,1,9,5,14,0,0,.189,.254,.321,.575
Ken K Hill,STL,17,19,0,4,0,0,0,1,1,5,0,0,.211,.286,.211,.496
Derrick D May L,CHC,17,61,8,15,3,0,1,11,2,7,1,0,.246,.270,.344,.614
Tom T Nieto,PHI,17,30,1,5,0,0,0,4,3,11,0,0,.167,.265,.167,.431
Moises M Alou,MON,16,20,4,4,0,1,0,0,0,3,0,0,.200,.200,.300,.500
Kevin K Belcher,TEX,16,15,4,2,1,0,0,0,2,6,0,0,.133,.235,.200,.435
Pete P Coachman,CAL,16,45,3,14,3,0,0,5,1,7,0,1,.311,.354,.378,.732
Mario M Diaz S,NYM,16,22,0,3,1,0,0,1,0,3,0,0,.136,.130,.182,.312
Chuck C Mc Elroy,PHI,16,0,0,0,0,0,0,0,0,0,0,0,.000,.000,.000,.000
Jim J Poole,LA,16,0,0,0,0,0,0,0,0,0,0,0,.000,.000,.000,.000
Walt W Terrell,PIT,16,28,0,3,0,0,0,0,1,13,0,0,.107,.138,.107,.245
Greg G Walker D,BAL,16,39,2,6,0,0,0,2,3,11,1,0,.154,.233,.154,.386
Rick R Wrona,CHC,16,29,3,5,0,0,0,0,2,11,1,0,.172,.226,.172,.398
Shawn S Boskie,CHC,15,36,1,8,3,0,0,3,0,8,0,0,.222,.222,.306,.528
Dave D Cochrane,SEA,15,20,0,3,0,0,0,0,0,8,0,0,.150,.150,.150,.300
Steve S Decker,SF,15,54,5,16,2,0,3,8,1,10,0,0,.296,.309,.500,.809
Tommy T Greene,PHI,15,12,2,2,1,0,0,0,0,1,0,0,.167,.167,.250,.417
Tom T Lawless,TOR,15,12,1,1,0,0,0,1,0,1,0,2,.083,.083,.083,.167
Rick R Reuschel,SF,15,26,2,4,1,0,0,3,0,11,0,0,.154,.154,.192,.346
Troy T Afenir,OAK,14,14,0,2,0,0,0,2,0,6,0,0,.143,.133,.143,.276
Rod R Brewer,STL,14,25,4,6,1,0,0,2,0,4,0,0,.240,.240,.280,.520
Ernie E Camacho,STL,14,0,0,0,0,0,0,0,0,0,0,0,.000,.000,.000,.000
Mark M Dewey,SF,14,1,0,0,0,0,0,0,1,1,0,0,.000,.500,.000,.500
Brian B Dorsett,NYY,14,35,2,5,2,0,0,0,2,4,0,0,.143,.189,.200,.389
Paul P Faries,SD,14,37,4,7,1,0,0,2,4,7,0,1,.189,.279,.216,.495
Darren D Holmes,LA,14,0,0,0,0,0,0,0,0,0,0,0,.000,.000,.000,.000
Dann D Howitt R,OAK,14,22,3,3,0,1,0,1,3,12,0,0,.136,.240,.227,.467
Scott S Leius,MIN,14,25,4,6,1,0,1,4,2,2,0,0,.240,.296,.400,.696
Brian B Meyer,HOU,14,1,0,0,0,0,0,0,0,1,0,0,.000,.000,.000,.000
Phil P Plantier,BOS,14,15,1,2,1,0,0,3,4,6,0,0,.133,.333,.200,.533
Turner T Ward R,CLE,14,46,10,16,2,1,1,10,3,8,3,0,.348,.388,.500,.888
Eddie E Williams,SD,14,42,5,12,3,0,3,4,5,6,0,1,.286,.362,.571,.933
Kelly K Downs,SF,13,13,0,0,0,0,0,1,1,4,0,0,.000,.067,.000,.067
Michael M La Coss,SF,13,23,2,1,1,0,0,0,0,10,0,0,.043,.043,.087,.130
Dave D Pavlas,CHC,13,1,0,0,0,0,0,0,1,1,0,0,.000,.500,.000,.500
Mike M Perez,STL,13,1,0,0,0,0,0,0,0,0,0,0,.000,.000,.000,.000
Rick R Reed,PIT,13,16,0,4,0,0,0,1,1,6,0,0,.250,.278,.250,.528
Pete P Smith,ATL,13,23,2,2,0,0,0,0,1,1,0,0,.087,.125,.087,.212
Jody J Davis,ATL,12,28,0,2,0,0,0,1,3,3,0,0,.071,.161,.071,.233
Leo L Gomez,BAL,12,39,3,9,0,0,0,1,8,7,0,0,.231,.362,.231,.592
Luis L Gonzalez,HOU,12,21,1,4,2,0,0,0,2,5,0,0,.190,.261,.286,.547
Jason J Grimsley,PHI,12,16,1,3,0,0,0,2,1,2,0,0,.188,.235,.188,.423
Bob B Knepper,SF,12,13,1,3,1,0,0,4,0,7,0,0,.231,.231,.308,.538
Terry T Lee,CIN,12,19,1,4,1,0,0,3,2,2,0,0,.211,.273,.263,.536
Jim J Lindeman D,DET,12,32,5,7,1,0,2,8,2,13,0,0,.219,.265,.438,.702
Greg G Mathews,STL,12,14,2,3,1,0,0,0,2,5,0,0,.214,.313,.286,.598
Russ R Morman L,KC,12,37,5,10,4,2,1,3,3,3,0,0,.270,.317,.568,.885
Jim J Neidlinger,LA,12,25,1,3,0,0,0,2,2,8,0,0,.120,.185,.120,.305
Al A Osuna,HOU,12,0,0,0,0,0,0,0,0,0,0,0,.000,.000,.000,.000
Mike M Simms,HOU,12,13,3,4,1,0,1,2,0,4,0,0,.308,.308,.615,.923
Randy R Tomlin,PIT,12,25,1,1,1,0,0,0,1,7,0,0,.040,.077,.080,.157
Darrin D Fletcher,PHI,11,23,3,3,1,0,0,1,1,6,0,0,.130,.167,.174,.341
Mark M Leonard R,SF,11,17,3,3,1,0,1,2,3,8,0,0,.176,.300,.412,.712
Mike M Maddux,LA,11,2,0,0,0,0,0,0,0,0,0,0,.000,.000,.000,.000
Kelly K Mann,ATL,11,28,2,4,1,0,1,2,0,6,0,0,.143,.143,.286,.429
Chris C Nabholz,MON,11,21,1,0,0,0,0,0,1,9,0,0,.000,.045,.000,.045
George G Canale,MIL,10,13,4,1,1,0,0,0,2,6,0,1,.077,.200,.154,.354
Mike M Dunne,SD,10,6,0,0,0,0,0,0,0,2,0,0,.000,.000,.000,.000
Carlos C Hernandez,LA,10,20,2,4,1,0,0,1,0,2,0,0,.200,.200,.250,.450
Jeff J Stone,BOS,10,2,1,1,0,0,0,1,0,1,0,1,.500,.500,.500,1.000
Albert A Belle D,CLE,9,23,1,4,0,0,1,3,1,6,0,0,.174,.208,.304,.513
Marty M Brown,BAL,9,15,1,3,0,0,0,0,1,7,0,0,.200,.250,.200,.450
Ozzie O Canseco,OAK,9,19,1,2,1,0,0,1,1,10,0,0,.105,.150,.158,.308
Pat P Clements,SD,9,0,0,0,0,0,0,0,0,0,0,0,.000,.000,.000,.000
Jeff J Conine,KC,9,20,3,5,2,0,0,2,2,5,0,0,.250,.318,.350,.668
Carlos C Diaz,TOR,9,3,1,1,0,0,0,0,0,2,0,0,.333,.333,.333,.667
Nick N Esasky,ATL,9,35,2,6,0,0,0,0,4,14,0,0,.171,.256,.171,.428
Omar O Olivares,STL,9,17,2,3,1,0,1,4,0,4,0,0,.176,.167,.412,.578
Johnny J Paredes,MON,9,14,2,3,1,0,0,1,2,0,0,0,.214,.313,.286,.598
Rosario R Rodriguez,CIN,9,0,0,0,0,0,0,0,0,0,0,0,.000,.000,.000,.000
Victor V Rosario,ATL,9,7,3,1,0,0,0,0,1,1,0,0,.143,.250,.143,.393
Mark M Ross,PIT,9,1,0,0,0,0,0,0,0,1,0,0,.000,.000,.000,.000
Mark M Ryal,PIT,9,12,0,1,0,0,0,0,0,3,0,0,.083,.083,.083,.167
Brian B Traxler,LA,9,11,0,1,1,0,0,0,0,4,0,0,.091,.091,.182,.273
Jim J Walewander,NYY,9,5,1,1,1,0,0,1,0,0,1,1,.200,.200,.400,.600
Sean S Berry,KC,8,23,2,5,1,1,0,4,2,5,0,0,.217,.280,.348,.628
Keith K Brown,CIN,8,0,0,0,0,0,0,0,0,0,0,0,.000,.000,.000,.000
Kevin K Coffman,CHC,8,5,0,1,0,0,0,0,0,1,0,0,.200,.200,.200,.400
John J Costello,MON,8,0,0,0,0,0,0,0,0,0,0,0,.000,.000,.000,.000
Keith K Hughes,NYM,8,9,0,0,0,0,0,0,0,4,0,0,.000,.000,.000,.000
Kirt K Manwaring,SF,8,13,0,2,0,1,0,1,0,3,0,0,.154,.154,.308,.462
Mike M Munoz,LA,8,1,0,0,0,0,0,0,0,1,0,0,.000,.000,.000,.000
Donell D Nixon L,BAL,8,20,1,5,2,0,0,2,1,7,5,0,.250,.286,.350,.636
Ronn R Reynolds,SD,8,15,1,1,1,0,0,1,1,6,0,0,.067,.125,.133,.258
Tim T Sherrill,STL,8,0,0,0,0,0,0,0,0,0,0,0,.000,.000,.000,.000
Matt M Stark D,CWS,8,16,0,4,1,0,0,3,1,6,0,0,.250,.294,.313,.607
Jeff J Baldwin,HOU,7,8,1,0,0,0,0,0,1,2,0,0,.000,.111,.000,.111
Geronimo G Berroa,ATL,7,4,0,0,0,0,0,0,1,1,0,0,.000,.200,.000,.200
Andujar A Cedeno S,HOU,7,8,0,0,0,0,0,0,0,5,0,0,.000,.000,.000,.000
Eric E Gunderson,SF,7,6,0,0,0,0,0,0,0,4,0,0,.000,.000,.000,.000
Jeff J Hamilton,LA,7,24,1,3,0,0,0,1,0,3,0,0,.125,.125,.125,.250
Bill B Haselman D,TEX,7,13,0,2,0,0,0,3,1,5,0,0,.154,.214,.154,.368
Scott S Hemond,OAK,7,13,0,2,0,0,0,1,0,5,0,0,.154,.154,.154,.308
Chuck C Malone,PHI,7,0,0,0,0,0,0,0,0,0,0,0,.000,.000,.000,.000
Paul P Marak,ATL,7,11,1,1,0,0,0,0,1,4,0,0,.091,.167,.091,.258
Rafael R Novoa,SF,7,5,1,1,0,0,0,1,1,2,0,0,.200,.333,.200,.533
Vicente V Palacios,PIT,7,4,0,0,0,0,0,0,1,2,0,0,.000,.200,.000,.200
Pat P Perry,LA,7,1,0,0,0,0,0,0,0,1,0,0,.000,.000,.000,.000
Ron R Robinson,MIL,7,11,0,1,0,0,0,1,0,6,0,0,.091,.091,.091,.182
Bobby B Rose,CAL,7,13,5,5,0,0,1,2,2,1,0,0,.385,.467,.615,1.082
Rich R Rowland,DET,7,19,3,3,1,0,0,0,2,4,0,0,.158,.238,.211,.449
Rafael R Santana S,CLE,7,13,3,3,0,0,1,3,0,0,0,0,.231,.231,.462,.692
Mike M Stanton,ATL,7,0,0,0,0,0,0,0,0,0,0,0,.000,.000,.000,.000
Dean D Wilkins,CHC,7,0,0,0,0,0,0,0,0,0,0,0,.000,.000,.000,.000
John J Davis,SD,6,1,0,0,0,0,0,0,0,0,0,0,.000,.000,.000,.000
Jim J Eppard,TOR,6,5,0,1,0,0,0,0,0,2,0,0,.200,.333,.200,.533
Howard H Farmer,MON,6,5,0,2,0,0,0,0,0,1,0,0,.400,.400,.400,.800
Luis L Lopez,LA,6,6,0,0,0,0,0,0,0,2,0,0,.000,.000,.000,.000
Terry T Mc Griff,HOU,6,9,0,0,0,0,0,0,0,1,0,0,.000,.000,.000,.000
Andres A Santana,SF,6,2,0,0,0,0,0,1,0,0,0,0,.000,.000,.000,.000
Sergio S Valdez,ATL,6,0,0,0,0,0,0,0,0,0,0,0,.000,.000,.000,.000
Kevin K Baez S,NYM,5,12,0,2,1,0,0,0,0,0,0,0,.167,.167,.250,.417
Mark M Bailey,SF,5,7,1,1,0,0,1,3,0,2,0,0,.143,.143,.571,.714
Juan J Bell,BAL,5,2,1,0,0,0,0,0,0,1,0,0,.000,.000,.000,.000
Steve S Carter C,PIT,5,5,0,1,0,0,0,0,0,1,0,0,.200,.200,.200,.400
Todd T Frohwirth,PHI,5,0,0,0,0,0,0,0,0,0,0,0,.000,.000,.000,.000
Kip K Gross,CIN,5,0,0,0,0,0,0,0,0,0,0,0,.000,.000,.000,.000
Dave D Hansen,LA,5,7,0,1,0,0,0,1,0,3,0,0,.143,.143,.143,.286
Rick R Honeycutt,OAK,5,2,0,0,0,0,0,0,0,1,0,0,.000,.000,.000,.000
Brent B Mayne,KC,5,13,2,3,0,0,0,1,3,3,0,1,.231,.375,.231,.606
Tim T Mc Intosh,MIL,5,5,1,1,0,0,1,1,0,2,0,0,.200,.200,.800,1.000
Rob R Nelson,SD,5,5,0,0,0,0,0,0,0,4,0,0,.000,.000,.000,.000
Steve S Ontiveros,PHI,5,0,0,0,0,0,0,0,0,0,0,0,.000,.000,.000,.000
Dan D Quisenberry,SF,5,1,0,0,0,0,0,0,0,0,0,0,.000,.000,.000,.000
Mike M Roesler,PIT,5,1,0,0,0,0,0,0,0,1,0,0,.000,.000,.000,.000
Ray R Stephens,STL,5,15,2,2,1,0,1,1,0,3,0,0,.133,.133,.400,.533
Rick R Sutcliffe,CHC,5,5,0,0,0,0,0,0,2,2,0,0,.000,.286,.000,.286
Jay J Tibbs,PIT,5,0,0,0,0,0,0,0,0,0,0,0,.000,.000,.000,.000
Ron R Tingley,CAL,5,3,0,0,0,0,0,0,1,1,0,0,.000,.250,.000,.250
Terry T Wells,LA,5,7,0,0,0,0,0,0,0,4,0,0,.000,.000,.000,.000
Beau B Allred C,CLE,4,16,2,3,1,0,1,2,2,3,0,0,.188,.278,.438,.715
Scott S Anderson,MON,4,4,0,0,0,0,0,0,0,3,0,0,.000,.000,.000,.000
Brian B Barnes,MON,4,9,0,0,0,0,0,0,1,7,0,0,.000,.100,.000,.100
Eric E Bullock,MON,4,2,0,1,0,0,0,0,0,0,0,0,.500,.500,.500,1.000
Cris C Carpenter,STL,4,1,0,0,0,0,0,0,0,0,0,0,.000,.000,.000,.000
Chuck C Carr,NYM,4,2,0,0,0,0,0,0,0,2,1,0,.000,.000,.000,.000
Brian B Fisher,HOU,4,0,0,0,0,0,0,0,0,0,0,0,.000,.000,.000,.000
Carlos C Garcia S,PIT,4,4,1,2,0,0,0,0,0,2,0,0,.500,.500,.500,1.000
Orel O Hershiser,LA,4,7,0,0,0,0,0,0,0,1,0,0,.000,.000,.000,.000
Chris C Jelic L,NYM,4,11,2,1,0,0,1,1,0,3,0,0,.091,.091,.364,.454
Rick R Lancellotti,BOS,4,8,0,0,0,0,0,1,0,3,0,0,.000,.000,.000,.000
Paul P Mc Clellan,SF,4,2,0,1,0,0,0,0,0,0,0,0,.500,.500,.500,1.000
Andy A Mc Gaffigan,SF,4,0,0,0,0,0,0,0,0,0,0,0,.000,.000,.000,.000
Tony T Perezchica,SF,4,3,1,1,0,0,0,0,1,2,0,0,.333,.500,.333,.833
Tom T Prince,PIT,4,10,1,1,0,0,0,0,1,2,0,1,.100,.182,.100,.282
Jerry J Reuss,PIT,4,0,0,0,0,0,0,0,0,0,0,0,.000,.000,.000,.000
Steve S Springer,CLE,4,12,1,2,0,0,0,1,0,6,0,0,.167,.154,.167,.320
Mike M York,PIT,4,3,1,1,0,0,0,0,0,1,0,0,.333,.333,.333,.667
Doug D Baker,MIN,3,1,0,0,0,0,0,0,0,0,0,0,.000,.000,.000,.000
Kevin K Blankenship,CHC,3,4,0,0,0,0,0,0,0,3,0,0,.000,.000,.000,.000
Lance L Dickson,CHC,3,3,0,0,0,0,0,0,0,0,0,0,.000,.000,.000,.000
Terry T Francona,MIL,3,4,1,0,0,0,0,0,0,0,0,0,.000,.000,.000,.000
Chris C Hammond,CIN,3,3,0,0,0,0,0,0,0,1,0,0,.000,.000,.000,.000
Randy R Hennis,HOU,3,2,0,0,0,0,0,0,0,1,0,0,.000,.000,.000,.000
Joe J Klink,OAK,3,0,0,0,0,0,0,0,0,0,0,0,.000,.000,.000,.000
Randy R Mc Cament,SF,3,1,0,0,0,0,0,0,0,0,0,0,.000,.000,.000,.000
Brad B Moore,PHI,3,0,0,0,0,0,0,0,0,0,0,0,.000,.000,.000,.000
Rick R Rodriguez,SF,3,0,0,0,0,0,0,0,0,0,0,0,.000,.000,.000,.000
Doug D Sisk,ATL,3,0,0,0,0,0,0,0,0,0,0,0,.000,.000,.000,.000
Lou L Thornton C,NYM,3,0,0,0,0,0,0,0,0,0,0,0,.000,.000,.000,.000
Rafael R Valdez,SD,3,1,0,0,0,0,0,0,0,0,0,0,.000,.000,.000,.000
Julio J Valera,NYM,3,5,0,1,0,0,0,2,0,1,0,0,.200,.200,.200,.400
Ozzie O Virgil,TOR,3,5,0,0,0,0,0,0,0,3,0,0,.000,.000,.000,.000
Jerry J Willard,CWS,3,3,0,0,0,0,0,0,0,2,0,0,.000,.000,.000,.000
Bobby B Witt,TEX,3,0,1,0,0,0,0,0,0,0,0,0,.000,.000,.000,.000
Brad B Arnsberg,TEX,2,0,0,0,0,0,0,0,0,0,0,0,.000,.000,.000,.000
Greg G Booker,SF,2,0,0,0,0,0,0,0,0,0,0,0,.000,.000,.000,.000
Kevin K Brown,NYM,2,0,0,0,0,0,0,0,0,0,0,0,.000,.000,.000,.000
Steve S Chitren,OAK,2,0,0,0,0,0,0,0,0,0,0,0,.000,.000,.000,.000
Stan S Clarke,STL,2,0,0,0,0,0,0,0,0,0,0,0,.000,.000,.000,.000
Scott S Cooper,BOS,2,1,0,0,0,0,0,0,0,1,0,0,.000,.000,.000,.000
Dennis D Eckersley,OAK,2,0,0,0,0,0,0,0,0,0,0,0,.000,.000,.000,.000
Mike M Henneman,DET,2,0,0,0,0,0,0,0,0,0,0,0,.000,.000,.000,.000
Howard H Hilton,STL,2,0,0,0,0,0,0,0,0,0,0,0,.000,.000,.000,.000
Mark M Huismann,PIT,2,0,0,0,0,0,0,0,0,0,0,0,.000,.000,.000,.000
Steve S Lombardozzi,HOU,2,1,0,0,0,0,0,0,1,1,0,0,.000,.500,.000,.500
Gino G Minutelli,CIN,2,0,0,0,0,0,0,0,0,0,0,0,.000,.000,.000,.000
Jim J Pankovits,BOS,2,0,0,0,0,0,0,0,0,0,0,0,.000,.000,.000,.000
Mike M Schooler,SEA,2,1,0,0,0,0,0,0,0,0,0,0,.000,.000,.000,.000
Russ R Swan,SF,2,1,0,0,0,0,0,0,0,1,0,0,.000,.000,.000,.000
Lenny L Webster,MIN,2,6,1,2,1,0,0,0,1,1,0,0,.333,.429,.500,.929
Curt C Young,OAK,2,0,0,0,0,0,0,0,0,0,0,0,.000,.000,.000,.000
Rick R Aguilera,MIN,1,0,0,0,0,0,0,0,0,0,0,0,.000,.000,.000,.000
John J Barfield,TEX,1,0,0,0,0,0,0,0,0,0,0,0,.000,.000,.000,.000
Joe J Bitker,TEX,1,0,0,0,0,0,0,0,0,0,0,0,.000,.000,.000,.000
Kevin K Brown,TEX,1,1,0,0,0,0,0,0,0,0,0,0,.000,.000,.000,.000
Todd T Burns,OAK,1,0,0,0,0,0,0,0,0,0,0,0,.000,.000,.000,.000
John J Candelaria,MIN,1,0,0,0,0,0,0,0,0,0,0,0,.000,.000,.000,.000
Tom T Candiotti,CLE,1,0,0,0,0,0,0,0,0,0,0,0,.000,.000,.000,.000
Terry T Clark,HOU,1,2,1,1,0,0,0,0,0,0,0,0,.500,.500,.500,1.000
Chuck C Crim,MIL,1,0,0,0,0,0,0,0,0,0,0,0,.000,.000,.000,.000
Brett B Gideon,MON,1,0,0,0,0,0,0,0,0,0,0,0,.000,.000,.000,.000
Tom T Gordon,KC,1,0,0,0,0,0,0,0,0,0,0,0,.000,.000,.000,.000
Chip C Hale,MIN,1,2,0,0,0,0,0,2,0,1,0,0,.000,.000,.000,.000
Reggie R Harris,OAK,1,0,0,0,0,0,0,0,0,0,0,0,.000,.000,.000,.000
Brian B Holman,SEA,1,1,0,0,0,0,0,0,0,0,0,0,.000,.000,.000,.000
Michael M Jackson,SEA,1,0,0,0,0,0,0,0,0,0,0,0,.000,.000,.000,.000
Mike M Jeffcoat,TEX,1,0,0,0,0,0,0,0,0,0,0,0,.000,.000,.000,.000
Tim T Leary,NYY,1,0,0,0,0,0,0,0,0,0,0,0,.000,.000,.000,.000
Dave D Liddell,NYM,1,1,1,1,0,0,0,0,0,0,0,0,1.000,1.000,1.000,2.000
Bob B Malloy,MON,1,0,0,0,0,0,0,0,0,0,0,0,.000,.000,.000,.000
Gene G Nelson,OAK,1,0,0,0,0,0,0,0,0,0,0,0,.000,.000,.000,.000
Paul P Noce,CIN,1,1,0,1,0,0,0,0,0,0,0,0,1.000,1.000,1.000,2.000
Dickie D Noles,PHI,1,0,0,0,0,0,0,0,0,0,0,0,.000,.000,.000,.000
Mike M Norris,OAK,1,0,0,0,0,0,0,0,0,0,0,0,.000,.000,.000,.000
Clay C Parker,DET,1,0,0,0,0,0,0,0,0,0,0,0,.000,.000,.000,.000
Dan D Petry,DET,1,0,0,0,0,0,0,0,0,0,0,0,.000,.000,.000,.000
Tom T Quinlan,TOR,1,2,0,1,0,0,0,0,0,1,0,0,.500,.667,.500,1.167
Rusty R Richards,ATL,1,0,0,0,0,0,0,0,0,0,0,0,.000,.000,.000,.000
Kenny K Rogers,TEX,1,0,0,0,0,0,0,0,0,0,0,0,.000,.000,.000,.000
Scott S Sanderson,OAK,1,0,0,0,0,0,0,0,0,0,0,0,.000,.000,.000,.000
Jack J Savage,MIN,1,0,0,0,0,0,0,0,0,0,0,0,.000,.000,.000,.000
Dave D Stewart,OAK,1,0,0,0,0,0,0,0,0,0,0,0,.000,.000,.000,.000
Glenn G Sutko,CIN,1,1,0,0,0,0,0,0,0,1,0,0,.000,.000,.000,.000
Rich R Thompson,MON,1,0,0,0,0,0,0,0,0,0,0,0,.000,.000,.000,.000
