PLAYER,TEAM,AB,R,H,2B,3B,HR,RBI,BB,SO,SB,CS,AVG,OBP,SLG,OPS
Cal C Ripken S,BAL,163,640,94,178,40,1,26,102,59,78,1,2,.278,.341,.466,.806
Todd T Zeile,BAL,163,617,78,162,32,0,25,99,82,104,1,1,.263,.348,.436,.784
Jeff J Bagwell,HOU,162,568,111,179,48,2,31,120,135,114,21,7,.315,.451,.570,1.021
Craig C Biggio,HOU,162,605,113,174,24,4,15,75,75,72,25,7,.288,.386,.415,.801
Rafael R Palmeiro,BAL,162,626,110,181,40,2,39,142,95,96,8,0,.289,.381,.546,.928
Steve S Finley C,SD,161,655,126,195,45,9,30,95,56,87,22,8,.298,.354,.531,.886
Paul P Molitor D,MIN,161,660,99,225,41,8,9,113,56,72,18,6,.341,.390,.468,.858
Gary G Sheffield R,FLA,161,519,118,163,33,1,42,120,142,66,16,9,.314,.465,.624,1.090
Mo M Vaughn,BOS,161,635,118,207,29,1,44,143,95,154,2,0,.326,.420,.583,1.003
Vinny V Castilla,COL,160,629,97,191,34,0,40,113,35,88,7,2,.304,.343,.548,.892
Cecil C Fielder D,NYY,160,591,85,149,20,0,39,117,87,139,2,0,.252,.350,.484,.834
Lance L Johnson C,NYM,160,682,117,227,31,21,9,69,33,40,50,12,.333,.362,.479,.842
Dante D Bichette R,COL,159,633,114,198,39,3,31,141,45,105,31,12,.313,.359,.531,.890
Bobby B Bonilla R,BAL,159,595,107,171,27,5,28,116,75,85,1,3,.287,.363,.491,.854
Andres A Galarraga,COL,159,626,119,190,39,3,47,150,40,157,18,8,.304,.357,.601,.958
Mike M Lansing,MON,159,641,99,183,40,2,11,53,44,85,23,8,.285,.341,.406,.746
Fred F Mc Griff,ATL,159,617,81,182,37,1,28,107,68,116,7,3,.295,.365,.494,.859
Ed E Sprague,TOR,159,591,88,146,35,2,36,101,60,146,0,0,.247,.325,.496,.821
Derek D Bell R,HOU,158,627,84,165,40,3,17,113,40,123,29,3,.263,.311,.418,.729
Albert A Belle L,CLE,158,602,124,187,38,3,48,148,99,87,11,0,.311,.410,.623,1.033
Barry B Bonds L,SF,158,517,122,159,27,3,42,129,151,76,40,7,.308,.461,.615,1.076
Jeff J Cirillo,MIL,158,566,101,184,46,5,15,83,58,69,4,9,.325,.391,.504,.894
Marquis M Grissom C,ATL,158,671,106,207,32,10,23,74,41,73,28,11,.308,.349,.489,.838
Robin R Ventura,CWS,158,586,96,168,31,2,34,105,78,81,1,3,.287,.368,.520,.888
Joe J Carter L,TOR,157,625,84,158,35,7,30,107,44,106,7,6,.253,.306,.475,.782
Jeff J Conine L,FLA,157,597,84,175,32,2,26,95,62,121,1,4,.293,.360,.484,.844
Kevin K Elster S,TEX,157,515,79,130,32,2,24,99,52,138,4,1,.252,.317,.462,.779
Travis T Fryman,DET,157,616,90,165,32,3,22,100,57,118,4,3,.268,.329,.437,.766
Derek D Jeter S,NYY,157,582,104,183,25,6,10,78,48,102,14,7,.314,.370,.430,.800
Chipper C Jones,ATL,157,598,114,185,32,5,30,110,87,88,14,1,.309,.393,.530,.923
Brian B Mc Rae C,CHC,157,624,111,172,32,5,17,66,73,84,37,9,.276,.360,.425,.785
Raul R Mondesi,LA,157,634,98,188,40,7,24,88,32,122,14,7,.297,.334,.495,.830
Ellis E Burks L,COL,156,613,142,211,45,8,40,128,61,114,32,6,.344,.408,.639,1.047
Ray R Durham,CWS,156,557,79,153,33,5,10,65,58,95,30,4,.275,.350,.406,.755
Tim T Salmon R,CAL,156,581,90,166,27,4,30,98,93,125,4,2,.286,.386,.501,.887
Mike M Bordick S,OAK,155,525,46,126,18,4,5,54,52,59,5,6,.240,.307,.318,.625
Jeff J King,PIT,155,591,91,160,36,4,30,111,70,95,15,1,.271,.346,.497,.843
Al A Martin L,PIT,155,630,101,189,40,1,18,72,54,116,38,12,.300,.354,.452,.806
Tino T Martinez,NYY,155,595,82,174,28,0,25,117,68,85,2,1,.292,.364,.466,.830
J. T. J Snow,CAL,155,575,69,148,20,1,17,67,56,96,1,6,.257,.327,.384,.711
Walt W Weiss S,COL,155,517,89,146,20,2,8,48,80,78,10,2,.282,.381,.375,.756
Delino D De Shields,LA,154,581,75,130,12,8,5,41,53,124,48,11,.224,.288,.298,.585
Eric E Karros,LA,154,608,84,158,29,1,34,111,53,121,8,0,.260,.316,.479,.795
Kenny K Lofton C,CLE,154,662,132,210,35,4,14,67,61,82,75,17,.317,.372,.446,.817
Dean D Palmer,TEX,154,582,98,163,26,2,38,107,59,145,2,0,.280,.348,.527,.876
Kevin K Seitzer D,CLE,154,573,85,187,35,3,13,78,87,79,6,1,.326,.416,.466,.882
Jose J Valentin S,MIL,154,552,90,143,33,7,24,95,66,145,17,4,.259,.336,.475,.811
Roberto R Alomar,BAL,153,588,132,193,43,4,22,94,90,65,17,6,.328,.411,.527,.938
Geronimo G Berroa D,OAK,153,586,101,170,32,1,36,106,47,122,0,3,.290,.344,.532,.876
Bernard B Gilkey L,NYM,153,571,108,181,44,3,30,117,73,125,17,9,.317,.393,.562,.956
Mark M Grudzielanek S,MON,153,657,99,201,34,4,6,49,26,83,33,7,.306,.340,.397,.737
Todd T Hundley,NYM,153,540,85,140,32,1,41,112,79,146,1,3,.259,.356,.550,.906
Ryan R Klesko L,ATL,153,528,90,149,21,4,34,93,68,129,6,3,.282,.364,.530,.894
Chuck C Knoblauch,MIN,153,578,140,197,35,14,13,72,98,74,45,14,.341,.448,.517,.965
Terry T Pendleton,ATL,153,568,51,135,26,1,11,75,41,111,2,3,.238,.290,.345,.635
Tony T Phillips L,CWS,153,581,119,161,29,3,12,63,125,132,13,8,.277,.404,.399,.803
Ivan I Rodriguez,TEX,153,639,116,192,47,3,19,86,38,55,5,0,.300,.342,.473,.814
Barry B Larkin S,CIN,152,517,117,154,32,4,33,89,96,52,36,10,.298,.410,.567,.977
Pat P Meares S,MIN,152,517,66,138,26,7,8,67,17,90,9,4,.267,.298,.391,.689
Eddie E Murray D,BAL,152,566,69,147,21,1,22,79,61,87,4,0,.260,.327,.417,.744
Manny M Ramirez R,CLE,152,550,94,170,45,3,33,112,85,104,8,5,.309,.399,.582,.981
F. P. F Santangelo C,MON,152,393,54,109,20,5,7,56,49,61,5,2,.277,.369,.407,.776
Jay J Bell S,PIT,151,527,65,132,29,3,13,71,54,108,6,4,.250,.323,.391,.714
John J Mabry,STL,151,543,63,161,30,2,13,74,37,84,3,2,.297,.342,.431,.773
Jose J Offerman,KC,151,561,85,170,33,8,5,47,74,98,24,10,.303,.384,.417,.801
Rey R Ordonez S,NYM,151,502,51,129,12,4,1,30,22,53,1,3,.257,.289,.303,.592
Jim J Thome,CLE,151,505,122,157,28,5,38,116,123,141,2,2,.311,.450,.612,1.062
Omar O Vizquel S,CLE,151,542,98,161,36,1,9,64,56,42,35,9,.297,.362,.417,.779
Garret G Anderson L,CAL,150,607,79,173,33,2,12,72,27,84,7,9,.285,.314,.405,.719
Jay J Buhner R,SEA,150,564,107,153,29,0,44,138,84,159,0,1,.271,.369,.557,.926
Gary G Disarcina S,CAL,150,536,62,137,26,4,5,48,21,36,2,1,.256,.286,.347,.633
Ozzie O Guillen S,CWS,150,499,62,131,24,8,4,45,10,27,6,5,.263,.273,.367,.640
Paul P O' Neill R,NYY,150,546,89,165,35,1,19,91,102,76,0,1,.302,.411,.474,.885
Ryne R Sandberg,CHC,150,554,85,135,28,4,25,92,54,116,12,8,.244,.316,.444,.760
Brady B Anderson C,BAL,149,579,117,172,37,5,50,110,76,106,21,8,.297,.396,.637,1.034
Todd T Hollandsworth L,LA,149,478,64,139,26,4,12,59,41,93,21,6,.291,.348,.437,.785
Dave D Hollins,SEA,149,516,88,135,29,0,16,78,84,117,6,6,.262,.377,.411,.788
Ray R Lankford C,STL,149,545,100,150,36,8,21,86,79,133,35,7,.275,.366,.486,.852
Troy T O' Leary R,BOS,149,497,68,129,28,5,15,81,47,80,3,2,.260,.327,.427,.753
Rich R Becker C,MIN,148,525,92,153,31,4,12,71,68,118,19,5,.291,.372,.434,.807
Darryl D Hamilton C,TEX,148,627,94,184,29,4,6,51,54,66,15,5,.293,.348,.381,.730
Charlie C Hayes,NYY,148,526,58,133,24,2,12,75,37,90,6,0,.253,.300,.375,.675
Rickey R Henderson L,SD,148,465,110,112,17,2,9,29,125,90,37,15,.241,.410,.344,.754
John J Jaha,MIL,148,543,108,163,28,1,34,118,85,118,3,1,.300,.398,.543,.941
Mike M Piazza,LA,148,547,87,184,16,0,36,105,81,93,0,3,.336,.422,.563,.985
Chad C Curtis,LA,147,504,85,127,25,1,12,46,70,88,18,11,.252,.341,.377,.718
Alex A Gonzalez S,TOR,147,527,64,124,30,5,14,64,45,127,16,6,.235,.300,.391,.691
Mark M Mc Lemore,TEX,147,517,84,150,23,4,5,46,87,69,27,10,.290,.389,.379,.768
Ken K Caminiti,SD,146,546,109,178,37,2,40,130,78,99,11,5,.326,.408,.621,1.028
Luis L Gonzalez,CHC,146,483,70,131,30,4,15,79,61,49,9,6,.271,.354,.443,.797
Dave D Martinez C,CWS,146,440,85,140,20,8,10,53,52,52,15,7,.318,.393,.468,.861
Jody J Reed,SD,146,495,45,121,20,0,2,49,59,53,2,5,.244,.325,.297,.622
Alex A Rodriguez S,SEA,146,601,141,215,54,1,36,123,59,104,15,4,.358,.414,.631,1.045
Devon D White C,FLA,146,552,77,151,37,6,17,84,38,99,22,6,.274,.325,.455,.779
Marty M Cordova L,MIN,145,569,97,176,46,1,16,111,53,96,11,5,.309,.371,.478,.849
Johnny J Damon C,KC,145,517,61,140,22,5,6,50,31,64,25,5,.271,.313,.368,.680
Chili C Davis D,CAL,145,530,73,155,24,0,28,95,86,99,5,2,.292,.387,.496,.884
Mark M Lewis,DET,145,545,69,147,30,3,11,55,42,109,6,1,.270,.326,.396,.722
Henry H Rodriguez L,MON,145,532,81,147,42,1,36,103,37,160,2,0,.276,.325,.562,.887
Terry T Steinbach,OAK,145,514,79,140,25,1,35,100,49,115,0,1,.272,.342,.529,.871
Greg G Vaughn L,SD,145,516,98,134,19,1,41,117,82,130,9,3,.260,.365,.539,.903
Joey J Cora,SEA,144,530,90,154,37,6,6,45,35,32,5,5,.291,.340,.417,.757
Jose J Vizcaino,CLE,144,542,70,161,17,8,1,45,35,82,15,7,.297,.341,.363,.705
Moises M Alou R,MON,143,540,87,152,28,2,21,96,49,83,9,4,.281,.339,.457,.797
Harold H Baines D,CWS,143,495,80,154,29,0,22,95,73,62,3,1,.311,.399,.503,.902
Tom T Goodwin C,KC,143,524,80,148,14,4,1,35,39,79,66,22,.282,.334,.330,.664
David D Howard S,KC,143,420,51,92,14,5,4,48,40,74,5,6,.219,.291,.305,.595
Paul P Sorrento,SEA,143,471,67,136,32,1,23,93,57,103,0,2,.289,.370,.507,.878
B. J. B Surhoff,BAL,143,537,74,157,27,6,21,82,47,79,0,1,.292,.352,.482,.834
Mickey M Tettleton D,TEX,143,491,78,121,26,1,24,83,95,137,2,1,.246,.366,.450,.816
Bernie B Williams C,NYY,143,551,108,168,26,7,29,102,82,72,17,4,.305,.391,.535,.926
Bret B Boone,CIN,142,520,56,121,21,3,12,69,31,100,3,2,.233,.275,.354,.629
Mark M Grace,CHC,142,547,88,181,39,1,9,75,62,41,2,3,.331,.396,.455,.851
Hal H Morris,CIN,142,528,82,165,32,4,16,80,50,76,7,5,.313,.374,.479,.853
Ruben R Sierra,DET,142,518,61,128,26,2,12,72,60,83,4,4,.247,.320,.375,.695
Greg G Colbrunn,FLA,141,511,60,146,26,2,16,69,25,76,4,5,.286,.333,.438,.772
Gary G Gaetti,STL,141,522,71,143,27,4,23,80,35,97,2,2,.274,.326,.473,.800
Darren D Lewis C,CWS,141,337,55,77,12,2,4,53,45,40,21,5,.228,.321,.312,.632
Frank F Thomas,CWS,141,527,110,184,26,0,40,134,109,70,1,1,.349,.459,.626,1.085
Eric E Young Sr.,COL,141,568,113,184,23,4,8,74,47,31,53,19,.324,.393,.421,.814
Ernie E Young C,OAK,141,462,72,112,19,4,19,64,52,118,7,5,.242,.326,.424,.750
Jason J Giambi,OAK,140,536,84,156,40,1,20,79,51,95,0,1,.291,.355,.481,.836
Ken K Griffey C,SEA,140,545,125,165,26,2,49,140,78,104,16,1,.303,.392,.628,1.020
Brian B Jordan R,STL,140,513,82,159,36,1,17,104,29,84,22,5,.310,.349,.483,.833
Mickey M Morandini,PHI,140,539,64,135,24,6,3,32,49,87,26,5,.250,.321,.334,.655
Fernando F Vina,MIL,140,554,94,157,19,10,7,46,38,35,16,7,.283,.342,.392,.733
Rusty R Greer L,TEX,139,542,96,180,41,6,18,100,62,86,9,0,.332,.397,.530,.927
Edgar E Martinez D,SEA,139,499,121,163,52,2,26,103,123,84,3,3,.327,.464,.595,1.059
Orlando O Miller S,HOU,139,468,43,120,26,2,15,58,14,116,3,7,.256,.291,.417,.708
Carlos C Delgado D,TOR,138,488,68,132,28,2,25,92,58,139,0,0,.270,.353,.490,.843
Keith K Lockhart,KC,138,433,49,118,33,3,7,55,30,40,11,6,.273,.319,.411,.730
Javy J Lopez,ATL,138,489,56,138,19,1,23,69,28,84,1,6,.282,.322,.466,.788
Dan D Wilson,SEA,138,491,51,140,24,0,18,83,32,88,1,2,.285,.330,.444,.774
Chris C Gomez S,SD,137,456,53,117,21,1,4,45,57,84,3,3,.257,.347,.333,.680
Leo L Gomez,CHC,136,362,44,86,19,0,17,56,53,94,1,4,.238,.344,.431,.775
Benito B Santiago,PHI,136,481,71,127,21,2,30,85,49,104,2,0,.264,.332,.503,.835
Randy R Velarde,CAL,136,530,82,151,27,3,14,54,70,118,7,7,.285,.372,.426,.799
Mark M Whiten L,SEA,136,412,76,108,20,1,22,71,70,127,17,9,.262,.372,.476,.848
Rick R Wilkins,SF,136,411,53,100,18,2,14,59,67,121,0,3,.243,.344,.399,.743
Marvin M Benard C,SF,135,488,89,121,17,4,5,27,59,84,25,11,.248,.333,.330,.663
Mark M Lemke,ATL,135,498,64,127,17,0,5,37,53,48,5,2,.255,.323,.319,.642
Juan J Gonzalez R,TEX,134,541,89,170,33,2,47,144,45,82,2,0,.314,.368,.643,1.011
Marc M Newfield L,MIL,133,370,48,103,26,0,12,57,27,70,1,2,.278,.332,.446,.778
Sean S Berry,HOU,132,431,55,121,38,1,17,95,23,58,12,6,.281,.328,.492,.820
Wade W Boggs,NYY,132,501,80,156,29,2,2,41,67,32,1,2,.311,.389,.389,.778
Shawn S Green R,TOR,132,422,52,118,32,3,11,45,33,75,5,1,.280,.342,.448,.790
Brian L. B Hunter C,HOU,132,526,74,145,27,2,5,35,17,92,35,9,.276,.297,.363,.660
Danny D Tartabull R,CWS,132,472,58,120,23,3,27,101,64,128,1,2,.254,.340,.487,.827
Jose J Hernandez S,CHC,131,331,52,80,14,1,10,41,24,97,4,0,.242,.293,.381,.674
John J Valentin S,BOS,131,527,84,156,29,3,13,59,63,59,9,10,.296,.374,.436,.811
Bobby B Higginson L,DET,130,440,75,141,35,0,26,81,65,66,6,3,.320,.404,.577,.982
Jason J Kendall,PIT,130,414,54,124,23,5,3,42,35,30,5,2,.300,.372,.401,.773
Mark M Mc Gwire,OAK,130,423,104,132,21,0,52,113,116,112,0,0,.312,.467,.730,1.198
Scott S Stahoviak,MIN,130,405,72,115,30,3,13,61,59,114,3,3,.284,.376,.469,.845
Luis L Alicea,STL,129,380,54,98,26,3,5,42,52,78,11,3,.258,.350,.382,.732
Jeff J Branson,CIN,129,311,34,76,16,4,9,37,31,67,2,0,.244,.312,.408,.720
Royce R Clayton S,STL,129,491,64,136,20,4,6,35,33,89,33,15,.277,.321,.371,.692
Eric E Davis C,CIN,129,415,81,119,20,0,26,83,70,121,23,9,.287,.394,.523,.917
Scott S Servais,CHC,129,445,42,118,20,0,11,63,30,75,0,2,.265,.327,.384,.711
Greg G Gagne S,LA,128,428,48,109,13,2,10,55,50,93,4,2,.255,.333,.364,.698
Jeff J Kent,CLE,128,437,61,124,27,1,12,55,31,78,6,4,.284,.330,.432,.762
Sandy S Alomar,CLE,127,418,53,110,23,0,11,50,19,42,1,0,.263,.299,.397,.696
Shane S Andrews,MON,127,375,43,85,15,2,19,64,35,119,3,1,.227,.295,.429,.724
Darren D Bragg C,BOS,127,417,74,109,26,2,10,47,69,74,14,9,.261,.366,.405,.772
Mike M Devereaux R,BAL,127,323,49,74,11,2,8,34,34,53,9,2,.229,.305,.350,.655
Darrin D Fletcher,MON,127,394,41,105,22,0,12,57,27,42,0,0,.266,.321,.414,.735
Chris C Hoiles,BAL,127,407,64,105,13,0,25,73,57,97,0,1,.258,.356,.474,.830
Mark M Johnson,PIT,127,343,55,94,24,0,13,47,44,64,6,4,.274,.361,.458,.819
Matt M Mieske R,MIL,127,374,46,104,24,3,14,64,26,76,1,5,.278,.324,.471,.794
Carlos C Baerga,NYM,126,507,59,129,28,0,12,66,21,27,1,1,.254,.293,.381,.674
Brad B Ausmus,DET,125,375,46,83,16,0,5,35,39,72,4,8,.221,.302,.304,.606
Lenny L Harris,CIN,125,302,33,86,17,2,5,32,21,31,14,6,.285,.330,.404,.734
Otis O Nixon C,TOR,125,496,87,142,15,1,1,29,71,68,54,13,.286,.377,.327,.703
John J Olerud,TOR,125,398,59,109,25,0,18,61,60,37,1,0,.274,.382,.472,.854
Gerald G Williams C,MIL,125,325,43,82,19,4,5,34,19,57,10,9,.252,.299,.382,.681
Joe J Girardi,NYY,124,422,55,124,22,3,2,45,30,55,13,4,.294,.346,.374,.720
Quinton Q Mc Cracken C,COL,124,283,50,82,13,6,3,40,32,62,17,6,.290,.363,.410,.773
Sammy S Sosa R,CHC,124,498,84,136,21,2,40,100,34,134,18,5,.273,.323,.564,.888
Edgardo E Alfonzo,NYM,123,368,36,96,15,2,4,40,25,56,2,0,.261,.304,.345,.649
Willie W Mc Gee R,STL,123,309,52,95,15,2,5,41,18,60,5,2,.307,.348,.417,.766
Dave D Nilsson R,MIL,123,453,81,150,33,2,17,84,57,68,2,3,.331,.407,.525,.932
Lee L Tinsley C,BOS,123,244,29,54,6,1,3,16,17,78,8,12,.221,.277,.291,.568
Ron R Gant L,STL,122,419,74,103,14,2,30,82,73,98,13,4,.246,.359,.504,.862
Reggie R Jefferson D,BOS,122,386,67,134,30,4,19,74,25,89,0,0,.347,.388,.593,.981
James J Mouton L,HOU,122,300,39,79,15,1,3,34,38,55,21,9,.263,.343,.350,.693
Bill B Spiers,HOU,122,218,27,55,10,1,6,26,20,34,7,0,.252,.320,.390,.709
Thomas T Howard L,CIN,121,360,50,98,19,10,6,42,17,51,6,5,.272,.307,.431,.738
Wally W Joyner,SD,121,433,59,120,29,1,8,65,69,71,5,3,.277,.377,.404,.781
Mike M Stanley,BOS,121,397,73,107,20,1,24,69,69,62,2,0,.270,.383,.506,.889
Charles C Johnson,FLA,120,386,34,84,13,1,13,37,40,91,1,0,.218,.292,.358,.649
Orlando O Merced R,PIT,120,453,69,130,24,1,17,80,51,74,8,4,.287,.357,.457,.814
Melvin M Nieves R,DET,120,431,71,106,23,4,24,60,44,158,1,2,.246,.322,.485,.807
Joe J Orsulak,FLA,120,217,23,48,6,1,2,19,16,38,1,1,.221,.274,.286,.559
Jacob J Brumfield C,TOR,119,388,63,99,28,2,14,60,29,75,15,4,.255,.311,.446,.756
Mark M Carreon,CLE,119,434,56,122,34,3,11,65,33,42,3,4,.281,.339,.449,.788
John J Flaherty,SD,119,416,40,118,24,0,13,64,17,61,3,3,.284,.314,.435,.749
Tom T Pagnozzi,STL,119,407,48,110,23,0,13,55,24,78,4,1,.270,.311,.423,.734
Kevin K Stocker S,PHI,119,394,46,100,22,6,5,41,43,89,6,4,.254,.336,.378,.714
Rich R Amaral L,SEA,118,312,69,91,11,3,1,29,47,55,25,6,.292,.392,.356,.748
Butch B Huskey,NYM,118,414,43,115,16,2,15,60,27,77,1,2,.278,.319,.435,.754
Craig C Paquette,KC,118,429,61,111,15,1,22,67,23,101,5,3,.259,.296,.452,.748
Will W Clark,TEX,117,436,69,124,25,1,13,72,64,67,2,1,.284,.377,.436,.813
Cliff C Floyd L,MON,117,227,29,55,15,4,6,26,30,52,7,1,.242,.340,.423,.762
Mike M Kingery C,PIT,117,276,32,68,12,2,3,27,23,29,2,1,.246,.304,.337,.641
Tony T Gwynn R,SD,116,451,67,159,27,2,3,50,39,17,11,4,.353,.400,.441,.842
Tim T Naehring,BOS,116,430,77,124,16,0,17,65,49,63,2,1,.288,.363,.444,.808
Jeff J Reed,COL,116,341,34,97,20,1,8,37,43,65,2,2,.284,.365,.419,.784
Willie W Greene,CIN,115,287,48,70,5,5,19,63,36,88,0,1,.244,.327,.495,.822
David D Segui,MON,115,416,69,119,30,1,11,58,60,54,4,4,.286,.375,.442,.818
Scott S Brosius,OAK,114,428,73,130,25,0,22,71,59,85,7,2,.304,.393,.516,.909
Jim J Edmonds C,CAL,114,431,73,131,28,3,27,66,46,101,4,0,.304,.375,.571,.946
Jim J Eisenreich R,PHI,113,338,45,122,24,3,3,41,31,32,11,1,.361,.413,.476,.889
Andy A Fox,NYY,113,189,26,37,4,0,3,13,20,28,11,3,.196,.276,.265,.541
Julio J Franco,CLE,112,432,72,139,20,1,14,76,61,82,8,8,.322,.407,.470,.877
Nelson N Liriano,PIT,112,217,23,58,14,2,3,30,14,22,2,0,.267,.308,.392,.699
Mike M Macfarlane,KC,112,379,58,104,24,2,19,54,31,57,3,3,.274,.339,.499,.838
Pete P Incaviglia L,BAL,111,302,37,73,9,2,18,50,30,89,2,0,.242,.318,.464,.781
Ron R Karkovice,CWS,111,355,44,78,22,0,10,38,24,93,0,0,.220,.270,.366,.636
Kimera K Bartee C,DET,110,217,32,55,6,1,1,14,17,77,20,10,.253,.308,.304,.612
Joe J Randa,KC,110,337,36,102,24,1,6,47,26,47,13,4,.303,.351,.433,.784
Kurt K Abbott S,FLA,109,320,37,81,18,7,8,33,22,99,3,3,.253,.307,.428,.735
Scott S Bullett,CHC,109,165,26,35,5,0,3,16,10,54,7,3,.212,.256,.297,.553
Mariano M Duncan,NYY,109,400,62,136,34,3,8,56,9,77,4,3,.340,.352,.500,.852
Derrick D May L,HOU,109,259,24,65,12,3,5,33,30,33,2,2,.251,.330,.378,.708
Charlie C O' Brien,TOR,109,324,33,77,17,0,13,44,29,68,0,1,.238,.331,.410,.741
John J Cangelosi L,HOU,108,262,49,69,11,4,1,16,44,41,17,9,.263,.378,.347,.726
Jose J Herrera R,OAK,108,320,44,86,15,1,6,30,20,59,8,2,.269,.318,.378,.696
Eddie E Taubensee,CIN,108,327,46,95,20,0,12,48,26,64,3,4,.291,.338,.462,.800
Michael M Tucker R,KC,108,339,55,88,18,4,12,53,40,69,10,4,.260,.346,.442,.789
Dave D Clark,LA,107,226,28,61,12,2,8,36,34,53,2,1,.270,.364,.447,.811
Alvaro A Espinoza,NYM,107,246,31,66,11,4,8,27,10,37,1,3,.268,.303,.443,.746
Jeff J Reboulet S,MIN,107,234,20,52,9,0,0,23,25,34,4,2,.222,.298,.261,.558
Mike M Matheny,MIL,106,313,31,64,15,2,8,46,14,80,3,2,.204,.243,.342,.584
Joe J Oliver,CIN,106,289,31,70,12,1,11,46,28,54,2,0,.242,.311,.405,.715
Edgar E Renteria S,FLA,106,431,68,133,18,3,5,31,33,68,16,2,.309,.358,.399,.757
Rich R Aurilia S,SF,105,318,27,76,7,1,3,26,25,52,4,1,.239,.295,.296,.590
Jeff J Frye,BOS,105,419,74,120,27,2,4,41,54,57,18,4,.286,.372,.389,.761
Steve S Scarsone,SF,105,283,28,62,12,1,5,23,25,91,2,3,.219,.286,.322,.608
Matt M Williams,SF,105,404,69,122,16,1,22,85,39,91,1,2,.302,.367,.510,.877
Andujar A Cedeno S,HOU,104,335,30,71,6,3,10,38,15,70,5,3,.212,.247,.337,.584
Gregg G Jefferies,PHI,104,404,59,118,17,3,7,51,36,21,20,6,.292,.348,.401,.748
Jesse J Levis,MIL,104,233,27,55,6,1,1,21,38,15,0,0,.236,.348,.283,.631
Ricky R Otero C,PHI,104,411,54,112,11,7,2,32,34,30,16,10,.273,.330,.348,.678
John J Vander Wal,COL,104,151,20,38,6,2,5,31,19,38,2,2,.252,.335,.417,.752
Chad C Fonville,LA,103,201,34,41,4,1,0,13,17,31,7,2,.204,.266,.234,.500
Scott S Livingstone,SD,102,172,20,51,4,1,2,20,9,22,0,1,.297,.331,.366,.698
Tim T Wallach,LA,102,352,37,82,10,1,12,42,30,79,1,1,.233,.297,.369,.666
Carl C Everett,NYM,101,192,29,46,8,1,1,15,21,53,6,0,.240,.326,.307,.633
Carlos C Garcia,PIT,101,390,66,111,18,4,6,44,23,58,16,6,.285,.329,.397,.727
Dwight D Smith,ATL,101,153,16,31,5,0,3,16,17,42,1,3,.203,.285,.294,.579
Alex A Arias,FLA,100,224,27,62,11,2,3,26,17,28,2,0,.277,.335,.384,.719
Tony T Clark,DET,100,376,56,94,14,0,27,72,29,127,0,1,.250,.299,.503,.802
Jermaine J Dye R,ATL,98,292,32,82,16,0,12,37,8,67,1,4,.281,.304,.459,.763
Glenallen G Hill R,SF,98,379,56,106,26,0,19,67,33,95,6,3,.280,.344,.499,.843
Roberto R Kelly,MIN,98,322,41,104,17,4,6,47,23,53,10,2,.323,.375,.457,.832
Mark M Sweeney,STL,98,170,32,45,9,0,3,22,33,29,3,0,.265,.387,.371,.758
Jesus J Tavarez,FLA,98,114,14,25,3,0,0,6,7,18,5,1,.219,.264,.246,.510
Greg G Myers,MIN,97,329,37,94,22,3,6,47,19,52,0,0,.286,.320,.426,.746
Jose J Canseco D,BOS,96,360,68,104,22,1,28,82,63,82,3,1,.289,.400,.589,.989
Ron R Coomer,MIN,95,233,34,69,12,1,12,41,17,24,3,0,.296,.340,.511,.851
Curtis C Pride L,DET,95,267,52,80,17,5,10,31,31,63,11,6,.300,.372,.513,.886
Rey R Sanchez S,CHC,95,289,28,61,9,0,1,12,22,42,7,1,.211,.272,.253,.525
Luis L Sojo,NYY,95,287,23,63,10,1,1,21,11,17,2,2,.220,.250,.272,.522
Jeromy J Burnitz R,MIL,94,200,38,53,14,0,9,40,33,47,4,1,.265,.377,.470,.847
Mike M Blowers,LA,92,317,31,84,19,2,6,38,37,77,0,0,.265,.341,.394,.735
Rex R Hudler,CAL,92,302,60,94,20,3,16,40,9,54,14,5,.311,.337,.556,.893
Wayne W Kirby C,LA,92,204,26,55,11,1,1,12,19,19,4,3,.270,.333,.348,.681
Tim T Bogar,NYM,91,89,17,19,4,0,0,6,8,20,1,3,.213,.287,.258,.546
Dave D Mc Carty,SF,91,175,16,38,3,0,6,24,18,43,2,1,.217,.294,.337,.632
Warren W Newson R,TEX,91,235,34,60,14,1,10,31,37,82,3,0,.255,.355,.451,.806
Tomas T Perez,TOR,91,295,24,74,13,4,1,19,25,29,1,2,.251,.311,.332,.643
Damon D Buford R,TEX,90,145,30,41,9,0,6,20,15,34,8,5,.283,.348,.469,.817
Jorge J Fabregas,CAL,90,254,18,73,6,0,2,26,17,27,0,1,.287,.326,.335,.661
Bip B Roberts,KC,90,339,39,96,21,2,0,52,25,38,12,9,.283,.331,.357,.688
Domingo D Cedeno,CWS,89,301,46,82,12,2,2,20,15,64,6,3,.272,.308,.346,.654
Ricky R Gutierrez S,HOU,89,218,28,62,8,1,1,15,23,42,6,1,.284,.359,.344,.703
Bob B Hamelin D,KC,89,239,31,61,14,1,9,40,54,58,5,2,.255,.391,.435,.826
Chris C Jones R,NYM,89,149,22,36,7,0,4,18,12,42,1,0,.242,.307,.369,.676
Sherman S Obando,MON,89,178,30,44,9,0,8,22,22,48,2,0,.247,.332,.433,.764
Jason J Bates,COL,88,160,19,33,8,1,1,9,23,34,2,1,.206,.312,.288,.599
Rafael R Bournigal,OAK,88,252,33,61,14,2,0,18,16,19,4,3,.242,.290,.313,.604
Jim J Leyritz,NYY,88,265,23,70,10,0,7,40,30,68,2,0,.264,.355,.381,.736
Eric E Owens L,CIN,88,205,26,41,6,0,0,9,23,38,16,2,.200,.281,.229,.511
Doug D Strange,SEA,88,183,19,43,7,1,3,23,14,31,1,0,.235,.290,.333,.623
Rondell R White C,MON,88,334,35,98,19,4,6,41,22,53,14,6,.293,.340,.428,.768
Pat P Listach C,MIL,87,317,51,76,16,2,1,33,36,51,25,5,.240,.317,.312,.630
Lyle L Mouton R,CWS,87,214,25,63,8,1,7,39,22,50,3,0,.294,.361,.439,.800
Rafael R Belliard S,ATL,86,142,9,24,7,0,0,3,2,22,3,1,.169,.179,.218,.398
Roger R Cedeno C,LA,86,211,26,52,11,1,2,18,24,47,5,1,.246,.326,.336,.663
Kirt K Manwaring,HOU,86,227,14,52,9,0,1,18,19,40,0,1,.229,.300,.282,.582
Robert R Perez L,TOR,86,202,30,66,10,0,2,21,8,17,3,0,.327,.354,.406,.760
Dave D Silvestri,MON,86,162,16,33,4,0,1,17,34,41,2,1,.204,.340,.247,.587
John J Wehner,PIT,86,139,19,36,9,1,2,13,8,22,1,5,.259,.299,.381,.681
Chip C Hale,MIN,85,87,8,24,5,0,1,16,10,6,0,0,.276,.347,.368,.715
Joe J Vitiello D,KC,85,257,29,62,15,1,8,40,38,69,2,0,.241,.342,.401,.743
George G Arias,CAL,84,252,19,60,8,1,6,28,16,50,2,0,.238,.284,.349,.633
Jeff J Blauser S,ATL,83,265,48,65,14,1,10,35,40,54,6,0,.245,.356,.419,.775
Larry L Walker C,COL,83,272,58,75,18,4,18,58,20,58,18,2,.276,.342,.570,.912
Shawon S Dunston,SF,82,287,27,86,12,2,5,25,13,40,8,0,.300,.331,.408,.739
Brian B Johnson,SD,82,243,18,66,13,1,8,35,4,36,0,0,.272,.290,.432,.722
Alex A Ochoa R,NYM,82,282,37,83,19,3,4,33,17,30,4,3,.294,.336,.426,.761
Ozzie O Smith S,STL,82,227,36,64,10,2,2,18,25,9,7,5,.282,.358,.370,.728
Brad B Clontz,ATL,81,2,1,0,0,0,0,0,2,2,0,0,.000,.500,.000,.500
Chris C Gwynn,SD,81,90,8,16,4,0,1,10,10,28,0,0,.178,.260,.256,.516
David D Hulse C,MIL,81,117,18,26,3,0,0,6,8,16,4,1,.222,.272,.248,.520
Reggie R Sanders,CIN,81,287,49,72,17,1,14,33,44,86,24,8,.251,.353,.463,.817
Dave D Hansen,LA,80,104,7,23,1,0,0,6,11,22,0,0,.221,.293,.231,.524
Luis L Polonia,ATL,80,206,28,55,4,1,2,16,11,23,9,7,.267,.306,.325,.631
Eric E Anthony,COL,79,185,32,45,8,0,12,22,32,56,0,2,.243,.353,.481,.834
Archi A Cianfrocco,SD,79,192,21,54,13,3,2,32,8,56,1,0,.281,.315,.411,.727
Tyler T Houston,CHC,79,142,21,45,9,1,3,27,9,27,3,2,.317,.358,.458,.815
Matt M Lawton R,MIN,79,252,34,65,7,1,6,42,28,28,4,4,.258,.339,.365,.704
Bob B Patterson,CHC,79,3,0,1,0,0,0,0,0,2,0,0,.333,.333,.333,.667
Danny D Sheaffer,STL,79,198,10,45,9,3,2,20,9,25,3,3,.227,.271,.333,.605
Mark M Dewey,SF,78,7,0,0,0,0,0,0,1,3,0,0,.000,.125,.000,.125
Dave D Magadan,CHC,78,169,23,43,10,0,3,17,29,23,0,2,.254,.360,.367,.727
Jeff J Shaw,CIN,78,5,0,0,0,0,0,0,1,3,0,0,.000,.167,.000,.167
Lenny L Webster,MON,78,174,18,40,10,0,2,17,25,21,0,0,.230,.332,.322,.654
Mike M Greenwell L,BOS,77,295,35,87,20,1,7,44,18,27,4,0,.295,.336,.441,.777
Bill B Haselman,BOS,77,237,33,65,13,1,8,34,19,52,4,2,.274,.331,.439,.770
Eddie E Williams D,DET,77,215,22,43,5,0,6,26,18,50,0,2,.200,.267,.307,.574
Mark M Wohlers,ATL,77,3,0,0,0,0,0,0,0,3,0,0,.000,.000,.000,.000
Pat P Borders,CWS,76,220,15,61,7,0,5,18,9,43,0,2,.277,.306,.377,.683
Sandy S Martinez,TOR,76,229,17,52,9,3,3,18,16,58,0,0,.227,.288,.332,.620
Don D Slaught,CWS,76,243,25,76,10,0,6,36,15,22,0,0,.313,.355,.428,.783
Brian R. B Hunter,SEA,75,198,21,53,10,0,7,28,15,43,0,1,.268,.327,.424,.752
Robb R Nen,FLA,75,2,0,0,0,0,0,0,0,0,0,0,.000,.000,.000,.000
Tony T Batista,OAK,74,238,38,71,10,2,6,25,19,49,7,3,.298,.350,.433,.783
Mel M Rojas,MON,74,8,0,3,1,0,0,3,0,2,0,0,.375,.375,.500,.875
Mark M Loretta,MIL,73,154,20,43,3,0,1,13,14,15,2,1,.279,.339,.318,.658
Greg G Mc Michael,ATL,73,0,0,0,0,0,0,0,0,0,0,0,.000,.000,.000,.000
Antonio A Osuna,LA,73,1,0,0,0,0,0,1,1,0,0,0,.000,.333,.000,.333
Jayhawk J Owens,COL,73,180,31,43,9,1,4,17,27,56,4,1,.239,.338,.367,.705
Phil P Plantier L,OAK,73,231,29,49,8,1,7,31,28,56,2,2,.212,.304,.346,.650
Dan D Plesac,PIT,73,5,0,0,0,0,0,0,0,2,0,0,.000,.000,.000,.000
Quilvio Q Veras,FLA,73,253,40,64,8,1,4,14,51,42,8,8,.253,.381,.340,.721
Todd T Worrell,LA,72,0,0,0,0,0,0,0,0,0,0,0,.000,.000,.000,.000
Billy B Ashley L,LA,71,110,18,22,2,1,9,25,21,44,0,0,.200,.331,.482,.813
Jeffrey J Hammonds L,BAL,71,248,38,56,10,1,9,27,23,53,3,3,.226,.301,.383,.684
Stan S Javier C,SF,71,274,44,74,25,0,2,22,25,51,14,2,.270,.336,.383,.719
Bruce B Ruffin,COL,71,1,0,0,0,0,0,0,1,1,0,0,.000,.500,.000,.500
Juan J Castro S,LA,70,132,16,26,5,3,0,5,10,27,1,0,.197,.254,.280,.534
Mike M Dyer,MON,70,7,0,0,0,0,0,0,0,4,0,0,.000,.000,.000,.000
Trevor T Hoffman,SD,70,8,0,0,0,0,0,0,0,4,0,0,.000,.000,.000,.000
Curt C Leskanic,COL,70,3,0,1,1,0,0,1,0,2,0,0,.333,.333,.667,1.000
Norberto N Martin S,CWS,70,140,30,49,7,0,1,14,6,17,10,2,.350,.374,.421,.796
Brent B Mayne,NYM,70,99,9,26,6,0,1,6,12,22,0,1,.263,.342,.354,.696
Steve S Reed,COL,70,3,0,1,0,0,0,0,0,1,0,0,.333,.333,.333,.667
Turk T Wendell,CHC,70,2,0,1,0,0,0,0,1,0,0,0,.500,.667,.500,1.167
Terry T Adams,CHC,69,6,0,0,0,0,0,0,1,3,0,0,.000,.143,.000,.143
Toby T Borland,PHI,69,4,0,0,0,0,0,0,0,2,0,0,.000,.000,.000,.000
Juan J Samuel D,TOR,69,188,34,48,8,3,8,26,15,65,9,1,.255,.319,.457,.776
Eddie E Pérez Perez,ATL,68,156,19,40,9,1,4,17,8,19,0,0,.256,.293,.404,.697
Dave D Veres,MON,68,8,1,3,1,0,0,1,0,4,0,0,.375,.375,.500,.875
Steve S Decker,COL,67,147,24,36,3,0,2,20,18,29,1,0,.245,.323,.306,.630
T. J. T Mathews,STL,67,4,0,0,0,0,0,0,0,3,0,0,.000,.000,.000,.000
Tony T Peña Pena,CLE,67,174,14,34,4,0,1,27,15,25,0,1,.195,.255,.236,.491
Jay J Powell,FLA,67,5,0,0,0,0,0,0,0,4,0,0,.000,.000,.000,.000
Jeff J Brantley,CIN,66,1,0,0,0,0,0,0,0,0,0,0,.000,.000,.000,.000
Mark M Guthrie,LA,66,3,0,0,0,0,0,0,0,0,0,0,.000,.000,.000,.000
Jack J Howell,CAL,66,126,20,34,4,1,8,21,10,30,0,1,.270,.324,.508,.832
Tom T Lampkin,SF,66,177,26,41,8,0,6,29,20,22,1,5,.232,.324,.379,.702
Mike M Mordecai,ATL,66,108,12,26,5,0,2,8,9,24,1,0,.241,.297,.343,.639
Alan A Trammell S,DET,66,193,16,45,2,0,1,16,10,27,6,0,.233,.267,.259,.526
Tony T Fossas,STL,65,1,0,0,0,0,0,0,0,0,0,0,.000,.000,.000,.000
Torey T Lovullo,OAK,65,82,15,18,4,0,3,9,11,17,1,2,.220,.323,.378,.701
Tim T Scott,SF,65,5,0,0,0,0,0,0,0,4,0,0,.000,.000,.000,.000
Ozzie O Timmons,CHC,65,140,18,28,4,0,7,16,15,30,1,0,.200,.282,.379,.661
Omar O Daal,MON,64,11,0,0,0,0,0,0,0,5,0,0,.000,.000,.000,.000
Brent B Gates,OAK,64,247,26,65,19,2,2,30,18,35,1,1,.263,.316,.381,.697
Kevin K Mitchell L,CIN,64,206,27,65,15,0,8,39,37,30,0,0,.316,.420,.505,.925
Yorkis Y Perez,FLA,64,1,0,0,0,0,0,0,0,1,0,0,.000,.000,.000,.000
Andy A Stankiewicz,MON,64,77,12,22,5,1,0,9,6,12,1,0,.286,.356,.377,.733
Mike M Aldrete D,NYY,63,108,16,23,6,0,6,20,14,19,0,1,.213,.301,.435,.736
Rod R Beck,SF,63,3,0,1,0,0,0,1,0,2,0,0,.333,.333,.333,.667
Doug D Bochtler,SD,63,0,0,0,0,0,0,0,0,0,0,0,.000,.000,.000,.000
Doug D Creek,SF,63,1,0,0,0,0,0,0,0,1,0,0,.000,.000,.000,.000
Dennis D Eckersley,STL,63,1,0,0,0,0,0,0,0,0,0,0,.000,.000,.000,.000
Luis L Lopez S,SD,63,139,10,25,3,0,2,11,9,35,0,0,.180,.233,.245,.478
Tim T Spehr,MON,63,44,4,4,1,0,1,3,3,15,1,0,.091,.167,.182,.348
Darryl D Strawberry L,NYY,63,202,35,53,13,0,11,36,31,55,6,5,.262,.359,.490,.849
Robby R Thompson,SF,63,227,35,48,11,1,5,21,24,69,2,2,.211,.301,.335,.636
Andy A Tomberlin,NYM,63,66,12,17,4,0,3,10,9,27,0,0,.258,.355,.455,.810
Matt M Walbeck,MIN,63,215,25,48,10,0,2,24,9,34,3,1,.223,.252,.298,.550
David D Bell,STL,62,145,12,31,6,0,1,9,10,22,1,1,.214,.268,.276,.543
Darren D Holmes,COL,62,2,0,0,0,0,0,0,1,1,0,0,.000,.333,.000,.333
Ken K Ryan,PHI,62,7,0,1,0,0,0,0,0,4,0,0,.143,.143,.143,.286
Milt M Thompson,COL,62,66,3,7,2,0,0,3,7,13,1,1,.106,.192,.136,.328
Jermaine J Allensworth C,PIT,61,229,32,60,9,3,4,31,23,50,11,6,.262,.337,.380,.717
Ruben R Amaro,PHI,61,117,14,37,10,0,2,15,9,18,0,0,.316,.380,.453,.833
Ricky R Bottalico,PHI,61,3,0,1,1,0,0,0,0,2,0,0,.333,.333,.667,1.000
Xavier X Hernandez,HOU,61,2,0,0,0,0,0,0,0,1,0,0,.000,.000,.000,.000
Rick R Honeycutt,STL,61,1,0,0,0,0,0,1,2,1,0,0,.000,.667,.000,.667
Matt M Stairs R,OAK,61,137,21,38,5,1,10,23,19,23,1,1,.277,.367,.547,.914
Willie W Blair,SD,60,3,0,0,0,0,0,0,0,1,0,0,.000,.000,.000,.000
Gregg G Zaun,FLA,60,139,20,34,9,1,2,15,14,20,1,0,.245,.318,.367,.685
Wil W Cordero,BOS,59,198,29,57,14,0,3,37,11,31,2,1,.288,.330,.404,.734
Francisco F Cordova,PIT,59,16,1,2,0,0,0,2,0,7,0,0,.125,.125,.125,.250
Tim T Raines L,NYY,59,201,45,57,10,0,9,33,34,29,10,1,.284,.383,.468,.851
Tony T Eusebio,HOU,58,152,16,41,7,2,1,19,18,20,0,1,.270,.343,.362,.705
Doug D Henry,NYM,58,5,0,0,0,0,0,0,0,0,0,0,.000,.000,.000,.000
Jeff J Juden,MON,58,3,0,0,0,0,0,0,0,2,0,0,.000,.000,.000,.000
Scott S Radinsky,LA,58,1,0,0,0,0,0,0,0,0,0,0,.000,.000,.000,.000
Jerry J Dipoto,NYM,57,1,0,0,0,0,0,0,0,1,0,0,.000,.000,.000,.000
Darin D Erstad C,CAL,57,208,34,59,5,1,4,20,17,29,3,3,.284,.333,.375,.708
Terry T Mathews,FLA,57,4,0,0,0,0,0,0,0,2,0,0,.000,.000,.000,.000
Billy B Ripken,BAL,57,135,19,31,8,0,2,12,9,18,0,0,.230,.281,.333,.614
Hector H Carrasco,CIN,56,5,0,1,0,0,0,0,0,4,0,0,.200,.200,.200,.400
Rich R De Lucia,SF,56,4,1,1,0,0,0,0,1,0,0,0,.250,.400,.250,.650
Mark M Parent,BAL,56,137,17,31,7,0,9,23,5,37,0,0,.226,.252,.474,.726
George G Williams,OAK,56,132,17,20,5,0,3,10,28,32,0,0,.152,.311,.258,.569
Rico R Brogna,NYM,55,188,18,48,10,1,7,30,19,50,0,0,.255,.318,.431,.748
Trenidad T Hubbard L,SF,55,89,15,19,5,2,2,14,11,27,2,0,.213,.307,.382,.689
Bill B Mueller,SF,55,200,31,66,15,1,0,19,24,26,0,0,.330,.401,.415,.816
Kevin K Young,KC,55,132,20,32,6,0,8,23,11,32,3,3,.242,.301,.470,.770
Kim K Batiste,SF,54,130,17,27,6,0,3,11,5,33,3,3,.208,.235,.323,.558
Mike M Munoz,COL,54,1,0,0,0,0,0,0,0,1,0,0,.000,.000,.000,.000
Les L Norman R,KC,54,49,9,6,0,0,0,0,6,14,1,1,.122,.232,.122,.355
Chris C Sabo,CIN,54,125,15,32,7,1,3,16,18,27,2,0,.256,.354,.400,.754
Manny M Alexander S,BAL,53,68,6,7,0,0,0,4,3,27,3,3,.103,.141,.103,.244
Barry B Manuel,MON,53,7,0,0,0,0,0,0,1,3,0,0,.000,.125,.000,.125
Alvin A Morman,HOU,53,0,0,0,0,0,0,0,0,0,0,0,.000,.000,.000,.000
Cory C Bailey,STL,51,1,2,0,0,0,0,0,2,0,0,0,.000,.667,.000,.667
Russ R Davis,SEA,51,167,24,39,9,0,5,18,17,50,2,0,.234,.312,.377,.689
Sal S Fasano,KC,51,143,20,29,2,0,6,19,14,25,1,1,.203,.283,.343,.626
John J Franco,NYM,51,1,0,0,0,0,0,0,0,1,0,0,.000,.000,.000,.000
Mike M Gallego,STL,51,143,12,30,2,0,0,4,12,31,0,0,.210,.276,.224,.499
Brian B Giles D,CLE,51,121,26,43,14,1,5,27,19,13,3,0,.355,.434,.612,1.045
Rene R Gonzales,TEX,51,92,19,20,4,0,2,5,10,11,0,0,.217,.288,.326,.614
Todd T Jones,HOU,51,1,0,0,0,0,0,0,0,0,0,0,.000,.000,.000,.000
Jon J Lieber,PIT,51,36,4,7,3,0,0,3,3,11,0,0,.194,.256,.278,.534
Dave D Mlicki,NYM,51,10,0,1,0,0,0,0,1,3,0,0,.100,.182,.100,.282
Jeff J Parrett,PHI,51,2,1,0,0,0,0,0,1,1,0,0,.000,.333,.000,.333
Russ R Springer,PHI,51,17,1,1,0,0,0,0,0,12,0,0,.059,.059,.059,.118
Milt M Cuyler C,BOS,50,110,19,22,1,2,2,12,13,19,7,3,.200,.299,.300,.599
Craig C Grebeck,FLA,50,95,8,20,1,0,1,9,4,14,0,0,.211,.245,.253,.498
Mike M Lieberthal,PHI,50,166,21,42,8,0,7,23,10,30,0,0,.253,.297,.428,.724
Damon D Mashore L,OAK,50,105,20,28,7,1,3,12,16,31,4,0,.267,.366,.438,.804
Orlando O Palmeiro,CAL,50,87,6,25,6,1,0,6,8,13,0,1,.287,.361,.379,.740
Roberto R Petagine,NYM,50,99,10,23,3,0,4,17,9,27,0,2,.232,.313,.384,.696
J. R. J Phillips R,PHI,50,104,12,17,5,0,7,15,11,51,0,0,.163,.250,.413,.664
Mike M Sweeney,KC,50,165,23,46,10,0,4,24,18,21,1,2,.279,.358,.412,.770
Tim T Worrell,SD,50,20,1,3,0,0,0,2,1,10,0,0,.150,.190,.150,.340
Damion D Easley,DET,49,112,14,30,2,0,4,17,10,25,3,1,.268,.331,.393,.724
Doug D Glanville,CHC,49,83,10,20,5,1,1,10,3,11,2,0,.241,.264,.361,.626
Curtis C Goodwin,CIN,49,136,20,31,3,0,0,5,19,34,15,6,.228,.323,.250,.573
Todd T Haney,CHC,49,82,11,11,1,0,0,3,7,15,1,0,.134,.200,.146,.346
Denny D Hocking R,MIN,49,127,16,25,6,0,1,10,8,24,3,3,.197,.243,.268,.510
Johnny J Ruffin,CIN,49,4,0,2,0,0,0,0,0,1,0,0,.500,.500,.500,1.000
Mike M Simms,HOU,49,68,6,12,2,1,1,8,4,16,1,0,.176,.233,.279,.512
Kent K Bottenfield,CHC,48,2,0,1,0,0,0,0,0,1,0,0,.500,.500,.500,1.000
Keith K Osik,PIT,48,140,18,41,14,1,1,14,14,22,1,0,.293,.361,.429,.790
Chan Ho C Park,LA,48,19,0,1,0,0,0,2,1,9,0,0,.053,.100,.053,.153
Mark M Petkovsek,STL,48,16,1,3,0,0,0,0,0,3,0,0,.188,.235,.188,.423
Allen A Battle C,OAK,47,130,20,25,3,0,1,5,17,26,10,2,.192,.293,.238,.532
Andy A Sheets,SEA,47,110,18,21,8,0,0,9,10,41,2,0,.191,.262,.264,.526
Marc M Wilkins,PIT,47,9,1,2,0,0,0,1,1,6,0,0,.222,.300,.222,.522
Chad C Kreuter,CWS,46,114,14,25,8,0,3,18,13,29,0,0,.219,.308,.368,.676
Ruben R Rivera,NYY,46,88,17,25,6,1,2,16,13,26,6,2,.284,.381,.443,.824
Scott S Sanders,SD,46,36,2,7,3,0,0,1,1,11,0,0,.194,.216,.278,.494
Chris C Snopek,CWS,46,104,18,27,6,1,6,18,6,16,0,1,.260,.304,.510,.813
Kurt K Stillwell,TEX,46,77,12,21,4,0,1,4,10,11,0,0,.273,.364,.364,.727
Miguel M Mejia,STL,45,23,10,2,0,0,0,0,0,10,6,3,.087,.087,.087,.174
Rodney R Myers,CHC,45,5,0,0,0,0,0,0,0,4,0,0,.000,.000,.000,.000
Dan D Miceli,PIT,44,13,0,0,0,0,0,0,0,4,0,0,.000,.000,.000,.000
Rob R Natal,FLA,44,90,4,12,1,1,0,2,15,31,0,1,.133,.257,.167,.424
Kevin K Sefcik S,PHI,44,116,10,33,5,3,0,9,9,16,3,0,.284,.341,.379,.720
Terrell T Wade,ATL,44,13,0,2,0,0,0,1,1,7,0,0,.154,.214,.154,.368
Sean S Bergman,SD,43,30,1,3,0,0,1,5,0,9,0,0,.100,.100,.200,.300
Pedro P Borbon,ATL,43,1,0,1,0,0,0,0,0,0,0,0,1.000,1.000,1.000,2.000
Jay J Canizaro,SF,43,120,11,24,4,1,2,8,9,38,0,2,.200,.260,.300,.560
Ed E Giovanola S,ATL,43,82,10,19,2,0,0,7,8,13,1,0,.232,.304,.256,.560
Kevin K Jordan,PHI,43,131,15,37,10,0,3,12,5,20,2,1,.282,.309,.427,.737
Jeff J Manto,BOS,43,102,15,20,6,1,3,10,17,24,0,1,.196,.317,.363,.679
Lee L Smith,CIN,43,0,0,0,0,0,0,0,0,0,0,0,.000,.000,.000,.000
Turner T Ward R,MIL,43,67,7,12,2,1,2,10,13,17,3,0,.179,.309,.328,.637
Danny D Bautista R,ATL,42,84,13,19,2,0,2,9,11,20,1,2,.226,.323,.321,.644
Andre A Dawson,FLA,42,58,6,16,2,0,2,14,2,13,0,0,.276,.311,.414,.725
Dave D Valle,TEX,42,86,14,26,6,1,3,17,9,17,0,0,.302,.368,.500,.868
Luis L Castillo,FLA,41,164,26,43,2,1,1,8,14,46,17,4,.262,.320,.305,.625
Jose J Malave R,BOS,41,102,12,24,3,0,4,17,2,25,0,0,.235,.257,.382,.640
John J Marzano,SEA,41,106,8,26,6,0,0,6,7,15,0,0,.245,.316,.302,.618
Desi D Wilson,SF,41,118,10,32,2,0,2,12,12,27,0,2,.271,.338,.339,.677
Mike M Bielecki,ATL,40,10,1,1,0,0,0,1,2,5,0,0,.100,.250,.100,.350
Mike M Durant,MIN,40,81,15,17,3,0,0,5,10,15,3,0,.210,.293,.247,.540
Lenny L Dykstra C,PHI,40,134,21,35,6,3,3,13,26,25,3,1,.261,.387,.418,.804
David D Justice R,ATL,40,140,23,45,9,0,6,25,21,22,1,1,.321,.409,.514,.923
Tom T Prince,LA,40,64,6,19,6,0,1,11,6,15,0,0,.297,.365,.438,.802
Bill B Selby,BOS,40,95,12,26,4,0,3,6,9,11,1,1,.274,.337,.411,.747
David D Doster,PHI,39,105,14,28,8,0,1,8,7,21,0,0,.267,.313,.371,.684
Bryce B Florie,SD,39,3,0,0,0,0,0,0,0,1,0,0,.000,.000,.000,.000
Tom T Glavine,ATL,39,76,8,22,4,0,0,3,5,17,0,0,.289,.333,.342,.675
Dean D Hartgraves,ATL,39,1,0,0,0,0,0,0,0,0,0,0,.000,.000,.000,.000
Jim J Bullinger,CHC,38,32,8,8,3,0,2,6,5,11,0,0,.250,.368,.531,.900
Mike M Busch,LA,38,83,8,18,4,0,4,17,5,33,0,0,.217,.261,.410,.671
Paul P Byrd,NYM,38,2,0,0,0,0,0,0,0,0,0,0,.000,.000,.000,.000
Alex A Diaz L,SEA,38,79,11,19,2,0,1,5,2,8,6,3,.241,.274,.304,.578
Chris C Hammond,FLA,38,15,1,1,0,0,0,0,1,7,0,0,.067,.125,.067,.192
Wendell W Magee C,PHI,38,142,9,29,7,0,2,14,9,33,0,0,.204,.252,.296,.547
Glenn G Murray R,PHI,38,97,8,19,3,0,2,6,7,36,1,1,.196,.250,.289,.539
Phil P Nevin,DET,38,120,15,35,5,0,8,19,8,39,1,0,.292,.338,.533,.872
Jose J Bautista,SF,37,9,1,1,0,0,0,0,0,4,0,0,.111,.111,.111,.222
Darryl D Kile,HOU,37,73,3,10,4,0,0,5,3,34,0,0,.137,.169,.192,.361
Randy R Knorr,HOU,37,87,7,17,5,0,1,7,5,18,0,1,.195,.245,.287,.532
Scott S Rolen,PHI,37,130,10,33,7,0,4,18,13,27,0,2,.254,.322,.400,.722
Billy B Wagner,HOU,37,5,0,0,0,0,0,0,0,2,0,0,.000,.000,.000,.000
Jerome J Walton L,ATL,37,47,9,16,5,0,1,4,5,10,0,0,.340,.389,.511,.900
Andy A Benes,STL,36,73,5,11,4,0,0,6,1,37,0,0,.151,.158,.205,.363
Denny D Neagle,ATL,36,69,3,12,1,0,0,4,2,18,0,0,.174,.194,.188,.383
Chris C Stynes L,KC,36,92,8,27,6,0,0,6,2,5,5,2,.293,.309,.359,.667
Bob B Tewksbury,SD,36,65,1,2,1,0,0,2,3,27,0,0,.031,.074,.046,.120
Fernando F Valenzuela,SD,36,63,4,9,2,0,0,2,0,15,0,0,.143,.143,.175,.318
Pedro P Astacio,LA,35,68,1,6,0,0,0,3,1,28,0,0,.088,.101,.088,.190
Mike M Benjamin S,PHI,35,103,13,23,5,1,4,13,12,21,3,1,.223,.316,.408,.724
Larry L Casian,CHC,35,0,0,0,0,0,0,0,0,0,0,0,.000,.000,.000,.000
Matt M Howard,NYY,35,54,9,11,1,0,1,9,2,8,1,0,.204,.228,.278,.506
Mark M Leiter,MON,35,67,4,8,1,0,0,5,3,35,0,0,.119,.157,.134,.292
Greg G Maddux,ATL,35,68,6,10,2,0,0,2,3,12,0,0,.147,.183,.176,.360
Chad C Mottola R,CIN,35,79,10,17,3,0,3,6,6,16,2,2,.215,.271,.367,.638
Jaime J Navarro,CHC,35,77,1,10,1,0,0,3,0,26,0,0,.130,.141,.143,.284
Jon J Nunnally R,KC,35,90,16,19,5,1,5,17,13,25,0,0,.211,.308,.456,.763
Lance L Painter,COL,35,15,1,2,0,0,0,2,0,8,0,0,.133,.133,.133,.267
Jim J Poole,SF,35,2,0,0,0,0,0,0,0,1,0,0,.000,.000,.000,.000
Shane S Reynolds,HOU,35,76,6,14,2,0,2,3,3,28,0,0,.184,.215,.289,.505
Kevin K Ritz,COL,35,65,7,15,2,0,1,5,7,28,0,0,.231,.306,.308,.613
John J Smiley,CIN,35,68,1,13,2,0,0,6,4,22,0,0,.191,.236,.221,.457
John J Smoltz,ATL,35,78,3,17,3,0,1,12,3,26,0,0,.218,.253,.295,.548
Alan A Benes,STL,34,61,4,9,3,0,0,5,2,25,0,0,.148,.175,.197,.371
Kevin K Brown,FLA,34,75,1,9,1,0,0,3,6,28,0,0,.120,.185,.133,.318
Dave D Burba,CIN,34,67,3,7,0,0,2,5,3,26,0,0,.104,.143,.194,.337
Brett B Butler C,LA,34,131,22,35,1,1,0,8,9,22,8,3,.267,.313,.290,.603
Danny D Darwin,HOU,34,49,2,9,4,0,1,3,0,27,1,0,.184,.184,.327,.510
Jeff J Fassero,MON,34,64,5,6,0,0,0,4,8,32,1,0,.094,.192,.094,.286
Joey J Hamilton,SD,34,68,7,11,2,0,1,4,2,32,0,0,.162,.186,.235,.421
Dax D Jones C,SF,34,58,7,10,0,2,1,7,8,12,2,2,.172,.269,.293,.562
Pedro P Munoz D,OAK,34,121,17,31,5,0,6,18,9,31,0,0,.256,.308,.446,.754
Scott S Service,CIN,34,5,0,0,0,0,0,0,0,2,0,0,.000,.000,.000,.000
Todd T Stottlemyre,STL,34,66,8,15,0,0,0,2,7,27,1,1,.227,.301,.227,.529
Mark M Thompson,COL,34,58,3,8,3,0,0,2,1,21,0,0,.138,.153,.190,.342
Frank F Castillo,CHC,33,57,1,5,0,0,0,2,2,21,0,0,.088,.119,.088,.206
Jason J Christiansen,PIT,33,4,0,0,0,0,0,0,0,4,0,0,.000,.000,.000,.000
Vince V Coleman L,CIN,33,84,10,13,1,1,1,4,9,31,12,2,.155,.237,.226,.463
Rheal R Cormier,MON,33,43,2,8,0,1,0,4,2,12,0,0,.186,.222,.233,.455
Jacob J Cruz R,SF,33,77,10,18,3,0,3,10,12,24,0,1,.234,.352,.390,.741
Osvaldo O Fernandez,SF,33,57,0,5,0,0,0,1,0,25,0,0,.088,.088,.088,.175
Mark M Gardner,SF,33,68,6,11,1,0,0,4,2,26,0,0,.162,.197,.176,.374
Dave D Leiper,MON,33,0,0,0,0,0,0,0,0,0,0,0,.000,.000,.000,.000
Al A Leiter,FLA,33,70,3,7,0,0,0,1,4,45,0,0,.100,.149,.100,.249
Pedro P Martinez,MON,33,64,5,6,1,0,0,4,4,29,0,0,.094,.159,.109,.269
Hideo H Nomo,LA,33,75,1,10,4,0,0,3,2,38,0,0,.133,.156,.187,.342
Craig C Shipley,SD,33,92,13,29,5,0,1,7,2,15,7,0,.315,.337,.402,.739
Ugueth U Urbina,MON,33,29,3,3,0,0,0,1,2,17,0,0,.103,.161,.103,.265
Ismael I Valdez,LA,33,70,6,10,1,0,0,2,1,25,0,0,.143,.155,.157,.312
Mike M Williams,PHI,33,51,4,8,0,0,0,1,2,11,1,0,.157,.189,.157,.346
Mark M Clark,NYM,32,69,3,3,1,0,0,2,1,26,0,0,.043,.056,.058,.114
Doug D Drabek,HOU,32,56,5,10,1,0,0,3,0,12,0,0,.179,.179,.196,.375
Pete P Harnisch,NYM,32,55,3,5,1,0,0,1,2,18,0,0,.091,.121,.109,.230
William W Van Landingham,SF,32,61,3,8,1,0,0,2,2,31,0,0,.131,.156,.148,.304
Allen A Watson,SF,32,65,5,15,3,0,0,7,5,8,0,0,.231,.286,.277,.563
David D Weathers,FLA,32,19,1,3,0,0,1,2,0,13,0,0,.158,.200,.316,.516
Steve S Frey,PHI,31,0,0,0,0,0,0,0,0,0,0,0,.000,.000,.000,.000
Robin R Jennings,CHC,31,58,7,13,5,0,0,4,3,9,1,0,.224,.274,.310,.584
Andruw A Jones R,ATL,31,106,11,23,7,1,5,13,7,29,3,0,.217,.265,.443,.709
Bobby B Jones,NYM,31,60,6,7,2,0,0,2,3,20,0,0,.117,.159,.150,.309
Dan D Peltier,SF,31,59,3,15,2,0,0,9,7,9,0,0,.254,.328,.288,.616
Tony T Tarasco R,BAL,31,84,14,20,3,0,1,9,7,15,5,3,.238,.297,.310,.606
Steve S Trachsel,CHC,31,66,3,7,2,0,1,5,1,20,0,0,.106,.119,.182,.301
Lou L Frazier,TEX,30,50,5,13,2,1,0,5,8,10,4,2,.260,.373,.340,.713
Ramon R Martinez,LA,30,59,3,7,0,0,0,2,2,22,0,0,.119,.148,.119,.266
Donovan D Osborne,STL,30,59,6,13,4,0,1,10,3,24,0,1,.220,.258,.339,.597
Pat P Rapp,FLA,30,58,2,7,1,0,0,2,0,21,0,0,.121,.121,.138,.259
Armando A Reynoso,COL,30,52,4,9,1,0,0,2,5,25,0,0,.173,.246,.192,.438
Jon J Zuber,PHI,30,91,7,23,4,0,1,10,6,11,1,0,.253,.296,.330,.626
Brant B Brown,CHC,29,69,11,21,1,0,5,9,2,17,3,3,.304,.329,.536,.865
Todd T Greene,CAL,29,79,9,15,1,0,2,9,4,11,2,0,.190,.238,.278,.517
Mike M Hampton,HOU,29,42,9,10,1,0,0,3,4,11,0,0,.238,.319,.262,.581
Ramon R Morel,PIT,29,4,0,0,0,0,0,0,0,2,0,0,.000,.000,.000,.000
Robert R Person,NYM,29,21,1,3,1,0,0,0,0,12,0,0,.143,.143,.190,.333
Roger R Salkeld,CIN,29,32,1,1,0,0,0,0,1,21,0,0,.031,.061,.031,.092
Tom T Candiotti,LA,28,45,3,4,0,0,0,2,0,14,0,0,.089,.106,.089,.195
Joey J Eischen,LA,28,6,0,0,0,0,0,0,0,2,0,0,.000,.000,.000,.000
John J Ericks,PIT,28,5,0,0,0,0,0,0,0,1,0,0,.000,.000,.000,.000
Dwayne D Hosey C,BOS,28,78,13,17,2,2,1,3,7,17,6,3,.218,.282,.333,.616
Doug D Jones,CHC,28,0,0,0,0,0,0,0,0,0,0,0,.000,.000,.000,.000
Billy B Mc Millon L,FLA,28,51,4,11,0,0,0,4,5,14,0,0,.216,.286,.216,.501
Mark M Portugal,CIN,28,48,4,8,1,0,0,1,1,11,0,0,.167,.184,.188,.371
Gene G Schall,PHI,28,66,7,18,5,1,2,10,12,15,0,0,.273,.392,.470,.862
Curt C Schilling,PHI,28,63,1,11,1,0,0,4,1,24,0,0,.175,.188,.190,.378
Anthony A Young,HOU,28,2,0,0,0,0,0,0,0,2,0,0,.000,.000,.000,.000
Esteban E Beltre,BOS,27,62,6,16,2,0,0,6,4,14,1,0,.258,.299,.290,.589
Ron R Blazier,PHI,27,1,0,1,0,0,0,0,0,0,0,0,1.000,1.000,1.000,2.000
Chuck C Carr,MIL,27,106,18,29,6,1,1,11,6,21,5,4,.274,.310,.377,.687
Jason J Isringhausen,NYM,27,51,5,13,2,0,2,9,3,15,0,0,.255,.291,.412,.703
Scott S Leius,CLE,27,43,3,6,4,0,1,3,2,8,0,0,.140,.178,.302,.480
Kevin K Roberson,NYM,27,36,8,8,1,0,3,9,7,17,0,0,.222,.348,.500,.848
Tony T Rodriguez S,BOS,27,67,7,16,1,0,1,9,4,8,0,0,.239,.292,.299,.590
Terry T Shumpert,CHC,27,31,5,7,1,0,2,6,2,11,0,1,.226,.286,.452,.737
Mark M Smith L,BAL,27,78,9,19,2,0,4,10,3,20,0,2,.244,.298,.423,.721
Lee L Stevens,TEX,27,78,6,18,2,3,3,12,6,22,0,0,.231,.291,.449,.739
Tilson T Brito,TOR,26,80,10,19,7,0,1,7,10,18,1,1,.238,.344,.363,.707
Alex A Delgado,BOS,26,20,5,5,0,0,0,1,3,3,0,0,.250,.348,.250,.598
Angel A Echevarria,COL,26,21,2,6,0,0,0,6,2,5,0,0,.286,.346,.286,.632
Marvin M Freeman,COL,26,41,3,5,0,0,0,0,2,21,0,0,.122,.163,.122,.285
Ricardo R Jordan,PHI,26,1,0,0,0,0,0,0,0,0,0,0,.000,.000,.000,.000
Brian B Lesher L,OAK,26,82,11,19,3,0,5,16,5,17,0,0,.232,.281,.451,.732
Kurt K Miller,FLA,26,8,0,3,0,0,0,2,0,0,0,0,.375,.375,.375,.750
Matt M Ruebel,PIT,26,13,0,3,0,0,0,0,1,4,0,0,.231,.286,.231,.516
Donne D Wall,HOU,26,44,5,9,1,0,0,1,2,11,0,0,.205,.239,.227,.466
Paul P Wilson,NYM,26,50,3,4,0,0,1,4,1,32,0,0,.080,.115,.140,.255
Andy A Ashby,SD,25,45,6,11,5,0,0,5,0,13,0,0,.244,.239,.356,.595
Doug D Brocail,HOU,25,11,0,0,0,0,0,0,0,4,0,0,.000,.000,.000,.000
Raul R Casanova,DET,25,85,6,16,1,0,4,9,6,18,0,0,.188,.242,.341,.583
Rob R Deer,SD,25,50,9,9,3,0,4,9,14,30,0,0,.180,.359,.480,.839
Mel M Hall,SF,25,25,3,3,0,0,0,5,1,4,0,0,.120,.148,.120,.268
Brooks B Kieschnick,CHC,25,29,6,10,2,0,1,6,3,8,0,0,.345,.406,.517,.924
Kevin K Koslofski C,MIL,25,42,5,9,3,2,0,6,4,12,0,0,.214,.298,.381,.679
Amaury A Telemaco,CHC,25,29,1,3,0,0,0,1,1,15,0,0,.103,.133,.103,.237
Todd T Walker,MIN,25,82,8,21,6,0,0,6,4,13,2,0,.256,.281,.329,.610
Steve S Avery,ATL,24,46,5,11,4,1,2,11,1,12,0,0,.239,.245,.500,.745
Roger R Bailey,COL,24,19,4,5,0,1,1,5,3,4,0,0,.263,.364,.526,.890
Trey T Beamon R,PIT,24,51,7,11,2,0,0,6,4,6,1,1,.216,.273,.255,.528
John J Burkett,FLA,24,52,2,9,2,0,0,1,0,17,0,0,.173,.173,.212,.385
Casey C Candaele,CLE,24,44,8,11,2,0,1,4,1,9,0,0,.250,.267,.364,.630
Alex A Cole C,BOS,24,72,13,16,5,1,0,7,8,11,5,3,.222,.296,.319,.616
Midre M Cummings C,PIT,24,85,11,19,3,1,3,7,0,16,0,0,.224,.221,.388,.609
Nomar N Garciaparra S,BOS,24,87,11,21,2,3,4,16,4,14,5,0,.241,.272,.471,.743
Kevin K Jarvis,CIN,24,36,2,6,1,0,0,1,0,12,0,0,.167,.167,.194,.361
Ralph R Milliard,FLA,24,62,7,10,2,0,0,1,14,16,2,0,.161,.312,.194,.505
Mike M Perez,CHC,24,1,0,0,0,0,0,0,0,1,0,0,.000,.000,.000,.000
Marcus M Moore,CIN,23,3,0,1,1,0,0,0,0,2,0,0,.333,.333,.667,1.000
Mike M Morgan,CIN,23,40,1,2,0,0,0,0,0,17,0,0,.050,.050,.050,.100
Dario D Veras,SD,23,0,0,0,0,0,0,0,0,0,0,0,.000,.000,.000,.000
Joe J Borowski,ATL,22,2,0,0,0,0,0,0,0,2,0,0,.000,.000,.000,.000
Felipe F Crespo,TOR,22,49,6,9,4,0,0,4,12,13,1,0,.184,.375,.265,.640
Tony T Graffanino,ATL,22,46,7,8,1,1,0,2,4,13,0,0,.174,.250,.239,.489
Manny M Martinez R,PHI,22,53,5,12,2,3,0,3,4,16,4,1,.226,.293,.377,.670
Kerwin K Moore C,OAK,22,16,4,1,1,0,0,0,2,6,1,0,.063,.167,.125,.292
Rod R Myers C,KC,22,63,9,18,7,0,1,11,7,16,3,2,.286,.357,.444,.802
Brent B Bowers L,BAL,21,39,6,12,2,0,0,3,0,7,0,0,.308,.308,.359,.667
Doug D Dascenzo,SD,21,9,3,1,0,0,0,0,1,2,0,1,.111,.200,.111,.311
Felix F Heredia,FLA,21,0,0,0,0,0,0,0,0,0,0,0,.000,.000,.000,.000
Mike M Hubbard,CHC,21,38,1,4,0,0,1,4,0,15,0,0,.105,.103,.184,.287
Mike M Mimbs,PHI,21,33,0,4,0,0,0,0,0,12,0,0,.121,.121,.121,.242
Terry T Mulholland,PHI,21,45,2,8,1,0,1,2,0,20,0,0,.178,.178,.267,.444
Arquimedez A Pozo,BOS,21,58,4,10,3,1,1,11,2,10,1,0,.172,.210,.310,.520
Ron R Villone,SD,21,0,0,0,0,0,0,0,0,0,0,0,.000,.000,.000,.000
Darren D Dreifort,LA,20,3,0,0,0,0,0,0,0,2,0,0,.000,.000,.000,.000
Bob B Mac Donald,NYM,20,0,0,0,0,0,0,0,0,0,0,0,.000,.000,.000,.000
Kirk K Rueter,SF,20,32,2,4,0,0,0,3,2,5,0,0,.125,.171,.125,.296
Kevin K Foster,CHC,19,27,3,8,4,1,0,6,4,11,0,0,.296,.406,.519,.925
John J Habyan,COL,19,3,0,0,0,0,0,0,1,1,0,0,.000,.250,.000,.250
Jason J Hardtke,NYM,19,57,3,11,5,0,0,6,2,12,0,0,.193,.233,.281,.514
Mike M Kelly C,CIN,19,49,5,9,4,0,1,7,9,11,4,0,.184,.333,.327,.660
Mike M Remlinger,CIN,19,7,0,1,0,0,0,0,1,3,0,0,.143,.250,.143,.393
Jason J Schmidt,PIT,19,31,1,1,0,0,0,3,2,15,0,0,.032,.091,.032,.123
Derek D Wallace,NYM,19,0,0,0,0,0,0,0,0,0,0,0,.000,.000,.000,.000
Robert R Eenhoorn S,CAL,18,29,3,5,0,0,0,2,2,5,0,0,.172,.212,.172,.384
Eduardo E Perez,CIN,18,36,8,8,0,0,3,5,5,9,0,0,.222,.317,.472,.789
Joe J Siddall,FLA,18,47,0,7,1,0,0,3,2,8,0,0,.149,.184,.170,.354
Duane D Singleton C,DET,18,56,5,9,1,0,0,3,4,15,0,2,.161,.230,.179,.408
Jeff J Tabaka,HOU,18,1,0,0,0,0,0,0,0,1,0,0,.000,.000,.000,.000
Brian B Dorsett,CHC,17,41,3,5,0,0,1,3,4,8,0,0,.122,.196,.195,.391
Jeff J Huson,BAL,17,28,5,9,1,0,0,2,1,3,0,0,.321,.333,.357,.690
Tim T Hyers,DET,17,26,1,2,1,0,0,0,4,5,0,0,.077,.200,.115,.315
Blas B Minor,NYM,17,1,0,0,0,0,0,0,0,0,0,0,.000,.000,.000,.000
Jose J Munoz,CWS,17,27,7,7,0,0,0,1,4,1,0,0,.259,.355,.259,.614
Neifi N Perez S,COL,17,45,4,7,2,0,0,3,0,8,2,2,.156,.156,.200,.356
Paul P Wagner,PIT,17,25,1,1,0,0,0,2,2,8,0,1,.040,.111,.040,.151
David D Wainhouse,PIT,17,1,0,0,0,0,0,0,0,0,0,0,.000,.000,.000,.000
Tony T Womack,PIT,17,30,11,10,3,1,0,7,6,1,2,0,.333,.459,.500,.960
Rick R Parker,LA,16,14,2,4,1,0,0,1,0,2,1,0,.286,.333,.357,.690
Chris C Peters,PIT,16,19,2,4,1,0,0,1,0,8,0,0,.211,.211,.263,.474
Mark M Small,HOU,16,1,0,0,0,0,0,0,0,1,0,0,.000,.000,.000,.000
Zane Z Smith,PIT,16,26,2,4,0,0,0,3,0,6,0,0,.154,.154,.154,.308
Jamey J Wright,COL,16,26,3,2,2,0,0,0,2,13,0,0,.077,.143,.154,.297
Dmitri D Young,STL,16,29,3,7,0,0,0,2,4,5,0,1,.241,.353,.241,.594
Bobby B Abreu,HOU,15,22,1,5,1,0,0,1,2,3,0,0,.227,.292,.273,.564
Bret B Barberie,CHC,15,29,4,1,0,0,1,2,5,11,0,1,.034,.176,.138,.314
Steve S Bourgeois,SF,15,11,1,3,2,0,0,1,2,2,0,0,.273,.385,.455,.839
Terry T Bradshaw,STL,15,21,4,7,1,0,0,3,3,2,0,1,.333,.417,.381,.798
Elmer E Dessens,PIT,15,5,1,2,0,0,0,2,0,0,0,0,.400,.400,.400,.800
Shawn S Estes,SF,15,19,3,3,0,0,0,1,1,8,0,0,.158,.200,.158,.358
John J Hudek,HOU,15,0,0,0,0,0,0,0,0,0,0,0,.000,.000,.000,.000
Rich R Hunter,PHI,15,18,2,3,1,0,0,0,1,5,0,0,.167,.211,.222,.433
Ricky R Jordan,SEA,15,28,4,7,0,0,1,4,1,6,0,0,.250,.290,.357,.648
Desi D Relaford S,PHI,15,40,2,7,2,0,0,1,3,9,1,0,.175,.233,.225,.458
Fausto F Cruz,DET,14,38,5,9,2,0,0,0,1,11,0,0,.237,.256,.289,.546
Matt M Franco,NYM,14,31,3,6,1,0,1,2,1,5,0,0,.194,.235,.323,.558
Pat P Lennon L,KC,14,30,5,7,3,0,0,1,7,10,0,0,.233,.378,.333,.712
Matt M Mantei,FLA,14,1,0,0,0,0,0,0,0,1,0,0,.000,.000,.000,.000
Izzy I Molina,OAK,14,25,0,5,2,0,0,1,1,3,0,0,.200,.231,.280,.511
Bryan B Rekar,COL,14,15,2,4,1,0,0,0,1,5,0,0,.267,.313,.333,.646
Kelly K Stinnett,MIL,14,26,1,2,0,0,0,0,2,11,0,0,.077,.172,.077,.249
Tim T Unroe,MIL,14,16,5,3,0,0,0,0,4,5,0,1,.188,.350,.188,.538
Joe J Boever,PIT,13,1,0,0,0,0,0,0,0,1,0,0,.000,.000,.000,.000
Mike M Campbell,CHC,13,11,2,4,2,0,0,1,0,5,0,0,.364,.364,.545,.909
Pedro P Castellano,COL,13,17,1,2,0,0,0,2,3,6,0,0,.118,.286,.118,.403
Lee L Hancock,PIT,13,0,0,0,0,0,0,0,0,0,0,0,.000,.000,.000,.000
Carlos C Hernandez,LA,13,14,1,4,0,0,0,0,2,2,0,0,.286,.375,.286,.661
Mark M Hutton,FLA,13,19,2,6,0,0,1,1,0,6,0,0,.316,.316,.474,.790
Danny D Jackson,STL,13,9,1,3,2,0,0,4,0,1,0,0,.333,.333,.556,.889
Pat P Kelly,NYY,13,21,4,3,0,0,0,2,2,9,0,1,.143,.217,.143,.360
Jose J Paniagua,MON,13,11,1,0,0,0,0,0,2,7,0,0,.000,.154,.000,.154
Rudy R Pemberton,BOS,13,41,11,21,8,0,1,10,2,4,3,1,.512,.556,.780,1.336
Dick D Schofield S,CAL,13,16,3,4,0,0,0,0,1,1,1,0,.250,.294,.250,.544
Pete P Schourek,CIN,13,19,1,5,0,0,0,2,1,5,0,0,.263,.300,.263,.563
Jason J Thompson,SD,13,49,4,11,4,0,2,6,1,14,0,0,.224,.235,.429,.664
Craig C Worthington,TEX,13,19,2,3,0,0,1,4,6,3,0,0,.158,.333,.316,.649
Jim J Dougherty,HOU,12,0,0,0,0,0,0,0,0,0,0,0,.000,.000,.000,.000
Mike M Grace,PHI,12,29,1,4,0,0,0,0,2,11,0,0,.138,.219,.138,.357
Terry T Jones,COL,12,10,6,3,0,0,0,1,0,3,0,0,.300,.273,.300,.573
Chuck C Mc Elroy,CIN,12,2,0,0,0,0,0,0,0,0,0,0,.000,.000,.000,.000
Ray R Montgomery L,HOU,12,14,4,3,1,0,1,4,1,5,0,0,.214,.267,.500,.767
Donn D Pall,FLA,12,2,0,0,0,0,0,0,1,0,0,0,.000,.333,.000,.333
Dale D Sveum,PIT,12,34,9,12,5,0,1,5,6,6,0,0,.353,.450,.588,1.038
Tavo T Alvarez,MON,11,4,0,2,0,0,0,0,0,1,0,0,.500,.500,.500,1.000
Rich R Batchelor,STL,11,1,0,0,0,0,0,0,0,1,0,0,.000,.000,.000,.000
Yamil Y Benitez,MON,11,12,0,2,0,0,0,2,0,4,0,0,.167,.167,.167,.333
Jim J Bruske,LA,11,0,0,0,0,0,0,0,0,0,0,0,.000,.000,.000,.000
John J Burke,COL,11,2,0,1,0,0,0,1,0,0,0,0,.500,.500,.500,1.000
Mike M Cameron R,CWS,11,11,1,1,0,0,0,0,1,3,0,1,.091,.167,.091,.258
Felix F Fermin,CHC,11,16,4,2,1,0,0,1,2,0,0,0,.125,.222,.188,.410
Sid S Fernandez,PHI,11,19,0,2,1,0,0,2,3,10,0,0,.105,.217,.158,.375
Mike M Huff C,TOR,11,29,5,5,0,1,0,0,1,5,0,0,.172,.200,.241,.441
Esteban E Loaiza,PIT,11,17,1,2,0,0,0,1,0,2,0,0,.118,.118,.118,.235
Keith K Mitchell,CIN,11,15,2,4,1,0,1,3,1,3,0,0,.267,.313,.533,.846
Greg G Norton S,CWS,11,23,4,5,0,0,2,3,4,6,0,1,.217,.333,.478,.812
Marc M Valdes,FLA,11,14,0,0,0,0,0,0,1,2,0,0,.000,.067,.000,.067
Brent B Brede R,MIN,10,20,2,6,0,1,0,2,1,5,0,0,.300,.333,.400,.733
Cesar C Devarez,BAL,10,18,3,2,0,1,0,0,1,3,0,0,.111,.158,.222,.380
Scott S Hatteberg,BOS,10,11,3,2,1,0,0,0,3,2,0,0,.182,.357,.273,.630
Chris C Hook,SF,10,2,0,1,0,0,0,1,0,1,0,0,.500,.500,.500,1.000
Oreste O Marrero,LA,10,8,2,3,1,0,0,1,1,3,0,0,.375,.444,.500,.944
Al A Osuna,SD,10,1,0,0,0,0,0,0,0,0,0,0,.000,.000,.000,.000
Tim T Pugh,CIN,10,0,0,0,0,0,0,0,0,0,0,0,.000,.000,.000,.000
Harvey H Pulliam,COL,10,15,2,2,0,0,0,0,2,6,0,0,.133,.235,.133,.369
Nigel N Wilson,CLE,10,12,2,3,0,0,2,5,1,6,0,0,.250,.308,.750,1.058
Joel J Adamson,FLA,9,0,0,0,0,0,0,0,0,0,0,0,.000,.000,.000,.000
Miguel M Batista,FLA,9,0,0,0,0,0,0,0,0,0,0,0,.000,.000,.000,.000
Miguel M Cairo,TOR,9,27,5,6,2,0,0,1,2,9,0,0,.222,.300,.296,.596
Alan A Cockrell,COL,9,8,0,2,1,0,0,2,0,4,0,0,.250,.222,.375,.597
Vladimir V Guerrero R,MON,9,27,2,5,0,0,1,1,0,3,0,0,.185,.185,.296,.482
Darren D Hall,LA,9,0,0,0,0,0,0,0,0,0,0,0,.000,.000,.000,.000
Marcus M Jensen,SF,9,19,4,4,1,0,0,4,8,7,0,0,.211,.444,.263,.708
John J Johnstone,HOU,9,0,0,0,0,0,0,0,0,0,0,0,.000,.000,.000,.000
Pedro P Martinez,CIN,9,0,0,0,0,0,0,0,0,0,0,0,.000,.000,.000,.000
Doug D Mirabelli,SF,9,18,2,4,1,0,0,1,3,4,0,0,.222,.333,.278,.611
Gregg G Olson,HOU,9,0,0,0,0,0,0,0,0,0,0,0,.000,.000,.000,.000
Greg G Pirkl,BOS,9,23,2,4,1,0,1,1,0,4,0,0,.174,.174,.348,.522
Scott S Spiezio,OAK,9,29,6,9,2,0,2,8,4,4,0,1,.310,.394,.586,.980
Pedro P Valdes,CHC,9,8,2,1,1,0,0,1,1,5,0,0,.125,.222,.250,.472
Keith K Williams,SF,9,20,0,5,0,0,0,0,0,6,0,0,.250,.250,.250,.500
Matt M Beech,PHI,8,14,1,1,0,0,0,1,0,4,0,0,.071,.071,.071,.143
Jorge J Brito,COL,8,14,1,1,0,0,0,0,1,8,0,0,.071,.235,.071,.307
Jerry J Brooks,FLA,8,5,2,2,0,1,0,3,1,1,0,0,.400,.571,.800,1.371
Giovanni G Carrara,CIN,8,7,1,0,0,0,0,0,0,1,0,0,.000,.000,.000,.000
Rikkert R Faneyte C,TEX,8,5,0,1,0,0,0,1,0,0,0,0,.200,.200,.200,.400
Dave D Hajek,HOU,8,10,3,3,1,0,0,0,2,0,0,0,.300,.417,.400,.817
Ryan R Hawblitzel,COL,8,1,0,0,0,0,0,0,0,0,0,0,.000,.000,.000,.000
Dustin D Hermanson,SD,8,0,0,0,0,0,0,0,0,0,0,0,.000,.000,.000,.000
Julio J Mosquera,TOR,8,22,2,5,2,0,0,2,0,3,0,1,.227,.261,.318,.579
Mike M Oquist,SD,8,0,0,0,0,0,0,0,0,0,0,0,.000,.000,.000,.000
Steve S Parris,PIT,8,6,1,1,0,0,0,0,1,1,0,0,.167,.286,.167,.452
Jorge J Posada,NYY,8,14,1,1,0,0,0,0,1,6,0,0,.071,.133,.071,.205
Greg G Swindell,HOU,8,6,0,2,1,0,0,0,0,1,0,0,.333,.333,.500,.833
Ryan R Thompson C,CLE,8,22,2,7,0,0,1,5,1,6,0,0,.318,.348,.455,.802
Chris C Widger,SEA,8,11,1,2,0,0,0,0,0,5,0,0,.182,.250,.182,.432
Brad B Woodall,ATL,8,5,0,1,0,0,0,0,1,2,0,0,.200,.333,.200,.533
Rich R Aude,PIT,7,16,0,4,0,0,0,1,0,8,0,0,.250,.250,.250,.500
Joe J Ayrault,ATL,7,5,0,1,0,0,0,0,0,1,0,0,.200,.333,.200,.533
Shawn S Barton,SF,7,0,0,0,0,0,0,0,0,0,0,0,.000,.000,.000,.000
Tim T Belk,CIN,7,15,2,3,0,0,0,0,1,2,0,0,.200,.250,.200,.450
Glenn G Dishman,PHI,7,0,0,0,0,0,0,0,0,0,0,0,.000,.000,.000,.000
Angelo A Encarnacion,PIT,7,22,3,7,2,0,0,1,0,5,0,0,.318,.318,.409,.727
Bobby B Estalella,PHI,7,17,5,6,0,0,2,4,1,6,1,0,.353,.389,.706,1.095
Mike M Farmer,COL,7,10,1,4,0,0,0,0,0,0,0,0,.400,.400,.400,.800
Phil P Hiatt,DET,7,21,3,4,0,1,0,1,2,11,0,0,.190,.261,.286,.547
Larry L Mitchell,PHI,7,2,0,0,0,0,0,0,0,1,0,0,.000,.000,.000,.000
Herbert H Perry,CLE,7,12,1,1,1,0,0,0,1,2,1,0,.083,.154,.167,.320
Brian B Raabe,MIN,7,9,0,2,0,0,0,1,0,1,0,0,.222,.200,.222,.422
Shannon S Stewart C,TOR,7,17,2,3,1,0,0,2,1,4,1,0,.176,.222,.235,.458
Scott S Sullivan,CIN,7,1,0,0,0,0,0,1,0,0,0,0,.000,.000,.000,.000
Bill B Swift,COL,7,6,0,2,0,0,0,0,0,1,0,0,.333,.333,.333,.667
Jim J Tatum,SD,7,11,1,1,0,0,0,0,0,3,0,0,.091,.091,.091,.182
David D West,PHI,7,7,0,2,0,0,0,0,2,2,0,0,.286,.444,.286,.730
Garvin G Alston,COL,6,1,0,0,0,0,0,0,0,0,0,0,.000,.000,.000,.000
Gary G Bennett,PHI,6,16,0,4,0,0,0,1,2,6,0,0,.250,.333,.250,.583
Alberto A Castillo,NYM,6,11,1,4,0,0,0,0,0,4,0,0,.364,.364,.364,.727
Wilson W Delgado S,SF,6,22,3,8,0,0,0,2,1,5,1,0,.364,.440,.364,.804
Todd T Dunn R,MIL,6,10,2,3,1,0,0,1,0,3,0,0,.300,.300,.400,.700
Dion D James L,NYY,6,12,1,2,0,0,0,0,1,2,1,0,.167,.231,.167,.397
Kevin K Lomon,ATL,6,0,0,0,0,0,0,0,0,0,0,0,.000,.000,.000,.000
Eric E Ludwick,STL,6,2,0,0,0,0,0,0,0,1,0,0,.000,.000,.000,.000
Russ R Morman,FLA,6,6,0,1,1,0,0,0,1,2,0,0,.167,.286,.333,.619
Bobby B Munoz,PHI,6,7,1,1,1,0,0,0,0,3,0,0,.143,.143,.286,.429
David D Nied,COL,6,1,0,0,0,0,0,0,0,1,0,0,.000,.000,.000,.000
Shannon S Penn D,DET,6,14,0,1,0,0,0,1,0,3,0,0,.071,.071,.071,.143
Mike M Robertson,CWS,6,7,0,1,1,0,0,0,0,1,0,0,.143,.143,.286,.429
Tanyon T Sturtze,CHC,6,1,0,0,0,0,0,0,0,0,0,0,.000,.000,.000,.000
Dave D Swartzbaugh,CHC,6,6,0,0,0,0,0,0,1,3,0,0,.000,.143,.000,.143
Howard H Battle,PHI,5,5,0,0,0,0,0,0,0,2,0,0,.000,.000,.000,.000
Robbie R Beckett,COL,5,0,0,0,0,0,0,0,0,0,0,0,.000,.000,.000,.000
Dan D Carlson,SF,5,1,0,0,0,0,0,0,0,0,0,0,.000,.000,.000,.000
Terry T Clark,HOU,5,0,0,0,0,0,0,0,0,0,0,0,.000,.000,.000,.000
Darren D Daulton L,PHI,5,12,3,2,0,0,0,0,7,5,0,0,.167,.500,.167,.667
Webster W Garrison,OAK,5,9,0,0,0,0,0,0,1,0,0,0,.000,.100,.000,.100
Benji B Gil S,TEX,5,5,0,2,0,0,0,1,1,1,0,1,.400,.500,.400,.900
Wilton W Guerrero,LA,5,2,1,0,0,0,0,0,0,2,0,0,.000,.000,.000,.000
Rick R Helling,FLA,5,9,1,1,0,0,0,0,0,3,0,0,.111,.111,.111,.222
John J Hope,PIT,5,5,0,1,0,0,0,0,0,0,1,0,.200,.200,.200,.400
Damian D Jackson S,CLE,5,10,2,3,2,0,0,1,1,4,0,0,.300,.364,.500,.864
Derek D Lilliquist,CIN,5,0,0,0,0,0,0,0,0,0,0,0,.000,.000,.000,.000
Rich R Loiselle,PIT,5,8,0,2,1,0,0,2,0,3,0,0,.250,.250,.375,.625
Darrell D May,PIT,5,3,1,1,0,0,0,0,0,1,0,0,.333,.333,.333,.667
Alex A Pacheco,MON,5,0,0,0,0,0,0,0,0,0,0,0,.000,.000,.000,.000
Geronimo G Pena,CLE,5,9,1,1,0,0,1,2,1,4,0,0,.111,.200,.444,.644
Chris C Pritchett,CAL,5,13,1,2,0,0,0,1,0,3,0,0,.154,.154,.154,.308
Ricky R Trlicek,NYM,5,0,0,0,0,0,0,0,0,0,0,0,.000,.000,.000,.000
Tom T Urbani,STL,5,6,0,1,0,0,0,0,0,1,0,0,.167,.167,.167,.333
Jack J Voigt L,TEX,5,9,1,1,0,0,0,0,0,2,0,0,.111,.111,.111,.222
Brian B Banks L,MIL,4,7,2,4,2,0,1,2,1,2,0,0,.571,.625,1.286,1.911
Raul R Chavez,MON,4,5,1,1,0,0,0,0,1,1,1,0,.200,.333,.200,.533
John J Cummings,LA,4,0,0,0,0,0,0,0,0,0,0,0,.000,.000,.000,.000
Mike M Di Felice,STL,4,7,0,2,1,0,0,2,0,1,0,0,.286,.286,.429,.714
Einar E Díaz Diaz,CLE,4,1,0,0,0,0,0,0,0,0,0,0,.000,.000,.000,.000
Mike M Fetters,MIL,4,0,0,0,0,0,0,0,0,0,0,0,.000,.000,.000,.000
Brook B Fordyce,CIN,4,7,0,2,1,0,0,1,3,1,0,0,.286,.500,.429,.929
Chris C Holt,HOU,4,1,0,0,0,0,0,0,0,0,0,0,.000,.000,.000,.000
Raul R Ibanez,SEA,4,5,0,0,0,0,0,0,0,1,0,0,.000,.167,.000,.167
Robert R Machado,CWS,4,6,1,4,1,0,0,2,0,0,0,0,.667,.667,.833,1.500
Calvin C Maduro,PHI,4,4,0,0,0,0,0,0,0,2,0,0,.000,.000,.000,.000
Pablo P Martinez,ATL,4,2,1,1,0,0,0,0,0,0,0,1,.500,.500,.500,1.000
Henry H Mercedes,KC,4,4,1,1,0,0,0,0,0,1,0,0,.250,.250,.250,.500
Alejandro A Pena,FLA,4,0,0,0,0,0,0,0,0,0,0,0,.000,.000,.000,.000
Danny D Perez L,MIL,4,4,0,0,0,0,0,0,0,0,0,0,.000,.000,.000,.000
Tom T Quinlan,MIN,4,6,0,0,0,0,0,0,0,3,0,0,.000,.000,.000,.000
Tom T Thobe,ATL,4,1,0,0,0,0,0,0,0,0,0,0,.000,.000,.000,.000
Chris C Turner,CAL,4,3,1,1,0,0,0,1,1,0,0,0,.333,.400,.333,.733
Andres A Berumen,SD,3,0,0,0,0,0,0,0,0,0,0,0,.000,.000,.000,.000
Kevin K Brown,TEX,3,4,1,0,0,0,0,1,2,2,0,0,.000,.375,.000,.375
Phil P Clark,BOS,3,3,0,0,0,0,0,0,0,1,0,0,.000,.000,.000,.000
Steve S Cooke,PIT,3,1,0,0,0,0,0,0,0,0,0,0,.000,.000,.000,.000
Bronson B Heflin,PHI,3,0,0,0,0,0,0,0,0,0,0,0,.000,.000,.000,.000
Gene G Kingsale C,BAL,3,0,0,0,0,0,0,0,0,0,0,0,.000,.000,.000,.000
Curt C Lyons,CIN,3,5,0,0,0,0,0,0,0,2,0,0,.000,.000,.000,.000
Tim T Mc Intosh,NYY,3,3,0,0,0,0,0,0,0,0,0,0,.000,.000,.000,.000
Luis L Ortiz,TEX,3,7,1,2,0,1,1,1,0,1,0,0,.286,.286,1.000,1.286
Carl C Schutz,ATL,3,0,0,0,0,0,0,0,0,0,0,0,.000,.000,.000,.000
Steve S Soderstrom,SF,3,5,0,0,0,0,0,0,0,3,0,0,.000,.000,.000,.000
Derek D Aucoin,MON,2,0,0,0,0,0,0,0,0,0,0,0,.000,.000,.000,.000
Bobby B Ayala,SEA,2,0,0,0,0,0,0,0,0,0,0,0,.000,.000,.000,.000
Josh J Booty,FLA,2,2,1,1,0,0,0,0,0,0,0,0,.500,.500,.500,1.000
Shawn S Boskie,CAL,2,0,0,0,0,0,0,0,0,0,0,0,.000,.000,.000,.000
Mike M Fyhrie,NYM,2,0,0,0,0,0,0,0,0,0,0,0,.000,.000,.000,.000
Steve S Gibralter L,CIN,2,2,0,0,0,0,0,0,0,2,0,0,.000,.000,.000,.000
Charlie C Greene,NYM,2,1,0,0,0,0,0,0,0,0,0,0,.000,.000,.000,.000
Mike M Henneman,TEX,2,0,0,0,0,0,0,0,0,0,0,0,.000,.000,.000,.000
Bill B Hurst,FLA,2,0,0,0,0,0,0,0,0,0,0,0,.000,.000,.000,.000
Doug D Johns,OAK,2,0,1,0,0,0,0,0,0,0,0,0,.000,.000,.000,.000
Rob R Lukachyk,MON,2,2,0,0,0,0,0,0,0,1,0,0,.000,.000,.000,.000
Sean S Mulligan,SD,2,1,0,0,0,0,0,0,0,0,0,0,.000,.000,.000,.000
Trot T Nixon R,BOS,2,4,2,2,1,0,0,0,0,1,1,0,.500,.500,.750,1.250
Steve S Wojciechowski,OAK,2,0,0,0,0,0,0,0,0,0,0,0,.000,.000,.000,.000
Brian B Barber,STL,1,0,0,0,0,0,0,0,0,0,0,0,.000,.000,.000,.000
Tony T Barron,MON,1,1,0,0,0,0,0,0,0,1,0,0,.000,.000,.000,.000
Ricky R Bones,MIL,1,0,0,0,0,0,0,0,0,0,0,0,.000,.000,.000,.000
John J Briscoe,OAK,1,0,0,0,0,0,0,0,0,0,0,0,.000,.000,.000,.000
Mike M Busby,STL,1,2,0,1,0,0,0,0,0,1,0,0,.500,.500,.500,1.000
Norm N Charlton,SEA,1,0,0,0,0,0,0,0,0,0,0,0,.000,.000,.000,.000
Roger R Clemens,BOS,1,1,0,1,0,0,0,0,0,0,0,0,1.000,1.000,1.000,2.000
Carlos C Crawford,PHI,1,1,0,0,0,0,0,0,0,0,0,0,.000,.000,.000,.000
Karim K Garcia,LA,1,1,0,0,0,0,0,0,0,1,0,0,.000,.000,.000,.000
Jerry J Goff,HOU,1,4,1,2,0,0,1,2,0,1,0,0,.500,.500,1.250,1.750
Ryan R Hancock,CAL,1,1,1,1,0,0,0,0,0,0,0,0,1.000,1.000,1.000,2.000
Livan L Hernandez,FLA,1,1,1,1,0,0,0,0,0,0,0,0,1.000,1.000,1.000,2.000
Roberto R Hernandez,CWS,1,0,0,0,0,0,0,0,0,0,0,0,.000,.000,.000,.000
Ken K Hill,TEX,1,0,0,0,0,0,0,0,0,0,0,0,.000,.000,.000,.000
Aaron A Holbert,STL,1,3,0,0,0,0,0,0,0,0,0,0,.000,.000,.000,.000
Mark M Holzemer,CAL,1,0,0,0,0,0,0,0,0,0,0,0,.000,.000,.000,.000
Michael M Jackson,SEA,1,0,0,0,0,0,0,0,0,0,0,0,.000,.000,.000,.000
Brent B Knackert,BOS,1,0,0,0,0,0,0,0,0,0,0,0,.000,.000,.000,.000
Andy A Larkin,FLA,1,2,0,0,0,0,0,0,0,1,0,0,.000,.000,.000,.000
Richie R Lewis,DET,1,1,0,0,0,0,0,0,0,0,0,0,.000,.000,.000,.000
Graeme G Lloyd,MIL,1,0,0,0,0,0,0,0,0,0,0,0,.000,.000,.000,.000
Matt M Luke,NYY,1,0,1,0,0,0,0,0,0,0,0,0,.000,.000,.000,.000
Walt W Mc Keel,BOS,1,0,0,0,0,0,0,0,0,0,0,0,.000,.000,.000,.000
Jose J Mercedes,MIL,1,0,0,0,0,0,0,0,0,0,0,0,.000,.000,.000,.000
Angel A Miranda,MIL,1,0,0,0,0,0,0,0,0,0,0,0,.000,.000,.000,.000
Jeff J Montgomery,KC,1,0,0,0,0,0,0,0,0,0,0,0,.000,.000,.000,.000
Randy R Myers,BAL,1,0,0,0,0,0,0,0,0,0,0,0,.000,.000,.000,.000
Omar O Olivares,DET,1,0,0,0,0,0,0,0,0,0,0,0,.000,.000,.000,.000
Jose J Parra,MIN,1,0,0,0,0,0,0,0,0,0,0,0,.000,.000,.000,.000
Troy T Percival,CAL,1,1,0,0,0,0,0,0,0,1,0,0,.000,.000,.000,.000
Rafael R Quirico,PHI,1,0,0,0,0,0,0,0,0,0,0,0,.000,.000,.000,.000
Al A Reyes,MIL,1,0,0,0,0,0,0,0,0,0,0,0,.000,.000,.000,.000
Arthur A Rhodes,BAL,1,0,0,0,0,0,0,0,0,0,0,0,.000,.000,.000,.000
Rick R Schu,MON,1,4,0,0,0,0,0,0,0,0,0,0,.000,.000,.000,.000
Steve S Sparks,MIL,1,0,0,0,0,0,0,0,0,0,0,0,.000,.000,.000,.000
Jerry J Spradlin,CIN,1,0,0,0,0,0,0,0,0,0,0,0,.000,.000,.000,.000
Mike M Stanton,TEX,1,0,0,0,0,0,0,0,0,0,0,0,.000,.000,.000,.000
Todd T Steverson,SD,1,1,0,0,0,0,0,0,0,1,0,0,.000,.000,.000,.000
Larry L Thomas,CWS,1,0,0,0,0,0,0,0,0,0,0,0,.000,.000,.000,.000
Pete P Walker,SD,1,0,0,0,0,0,0,0,0,0,0,0,.000,.000,.000,.000
John J Wetteland,NYY,1,0,0,0,0,0,0,0,0,0,0,0,.000,.000,.000,.000
Bob B Wickman,MIL,1,0,0,0,0,0,0,0,0,0,0,0,.000,.000,.000,.000
