PLAYER,TEAM,W,L,ERA,GS,CG,SHO,SV,SVO,IP,H,R,ER,HR,HB,BB,SO,WHIP,AVG
Pedro P Feliciano,NYM,3,6,3.30,92,0,0,0,0,1,62.2,66,24,23,1,6,30,56,1.53,.273
Randy R Choate,TB,4,3,4.23,85,0,0,0,0,2,44.2,41,23,21,3,3,17,40,1.30,.252
Peter P Moylan,ATL,6,2,2.97,85,0,0,0,1,4,63.2,53,24,21,5,2,37,52,1.41,.236
Nick N Masset,CIN,4,4,3.40,82,0,0,0,2,5,76.2,64,31,29,7,1,33,85,1.27,.226
Luke L Gregerson,SD,4,7,3.22,80,0,0,0,2,7,78.1,47,30,28,8,1,18,89,0.83,.170
Sean S Marshall,CHC,7,5,2.65,80,0,0,0,1,3,74.2,58,25,22,3,2,25,90,1.11,.210
Brandon B Lyon,HOU,6,6,3.12,79,0,0,0,20,22,78.0,68,28,27,2,3,31,54,1.27,.231
Jonny J Venters,ATL,4,4,1.95,79,0,0,0,1,5,83.0,61,30,18,1,8,39,93,1.20,.204
Tyler T Clippard,WSH,11,8,3.07,78,0,0,0,1,11,91.0,69,33,31,8,2,41,112,1.21,.212
Javier J López Lopez,SF,4,2,2.34,77,0,0,0,0,0,57.2,50,17,15,2,2,20,38,1.21,.238
Carlos C Marmol,CHC,2,3,2.55,77,0,0,0,38,43,77.2,40,23,22,1,8,52,138,1.18,.147
Matt M Belisle,COL,7,5,2.93,76,0,0,0,1,2,92.0,84,34,30,7,2,16,91,1.09,.246
Craig C Breslow,OAK,4,4,3.01,75,0,0,0,5,7,74.2,53,26,25,9,0,29,71,1.10,.194
Francisco F Cordero,CIN,6,5,3.84,75,0,0,0,40,48,72.2,68,32,31,5,2,36,59,1.43,.246
Matt M Capps,MIN,5,3,2.47,74,0,0,0,42,48,73.0,75,27,20,6,0,17,59,1.26,.265
Phil P Coke,DET,7,5,3.76,74,1,0,0,2,4,64.2,67,29,27,2,4,26,53,1.44,.275
Matt M Guerrier,MIN,5,7,3.17,74,0,0,0,1,7,71.0,56,28,25,7,3,22,42,1.10,.219
Daniel D Bard,BOS,1,2,1.93,73,0,0,0,3,10,74.2,45,18,16,6,2,30,76,1.00,.176
Sean S Burnett,WSH,1,7,2.14,73,0,0,0,3,4,63.0,52,17,15,3,1,20,62,1.14,.220
Joba J Chamberlain,NYY,3,4,4.40,73,0,0,0,3,7,71.2,71,37,35,6,1,22,77,1.30,.253
Rafael R Betancourt,COL,5,1,3.61,72,0,0,0,1,5,62.1,52,25,25,9,0,8,89,0.96,.220
Joel J Hanrahan,PIT,4,1,3.62,72,0,0,0,6,10,69.2,58,28,28,6,4,26,100,1.21,.221
Darren D O' Day,TEX,6,2,2.03,72,0,0,0,0,2,62.0,43,15,14,5,5,12,45,0.89,.196
Fernando F Rodney,LAA,4,3,4.24,72,0,0,0,14,21,68.0,70,33,32,4,5,35,53,1.54,.263
Joe J Beimel,COL,1,2,3.40,71,0,0,0,0,1,45.0,46,18,17,5,0,15,21,1.36,.269
Jesse J Crain,MIN,1,1,3.04,71,0,0,0,1,4,68.0,53,27,23,5,1,27,62,1.18,.215
Billy B Wagner,ATL,7,2,1.43,71,0,0,0,37,44,69.1,38,14,11,5,3,22,104,0.87,.159
Mike M Adams,SD,4,1,1.76,70,0,0,0,0,4,66.2,48,14,13,2,0,23,73,1.07,.196
Shawn S Camp,TOR,4,3,2.99,70,0,0,0,2,4,72.1,71,26,24,8,4,18,46,1.23,.259
Neftali N Feliz,TEX,4,3,2.73,70,0,0,0,40,43,69.1,43,21,21,5,5,18,71,0.88,.176
Aaron A Heilman,ARI,5,8,4.50,70,0,0,0,6,14,72.0,73,37,36,9,5,26,55,1.38,.260
Brandon B League,SEA,9,7,3.42,70,0,0,0,6,12,79.0,67,38,30,7,2,27,56,1.19,.229
Evan E Meek,PIT,5,4,2.14,70,0,0,0,4,10,80.0,53,25,19,5,4,31,70,1.05,.185
Rafael R Perez,CLE,6,1,3.25,70,0,0,0,0,4,61.0,72,23,22,3,0,25,36,1.59,.300
Chad C Qualls,TB,3,4,7.32,70,0,0,0,12,19,59.0,85,56,48,7,2,21,49,1.80,.340
Tony T Sipp,CLE,2,2,4.14,70,0,0,0,1,3,63.0,48,30,29,12,2,39,69,1.38,.218
Brian B Wilson,SF,3,3,1.81,70,0,0,0,48,53,74.2,62,16,15,3,1,26,93,1.18,.220
Todd T Coffey,MIL,2,4,4.76,69,0,0,0,0,2,62.1,65,40,33,8,3,23,56,1.41,.270
Jason J Frasor,TOR,3,4,3.68,69,0,0,0,4,8,63.2,61,30,26,4,4,27,65,1.38,.247
Ramon E R Ramirez,SF,1,3,2.99,69,0,0,0,3,3,69.1,52,24,23,7,0,27,46,1.14,.207
Arthur A Rhodes,CIN,4,4,2.29,69,0,0,0,0,2,55.0,38,14,14,4,1,18,50,1.02,.196
Octavio O Dotel,COL,3,4,4.08,68,0,0,0,22,28,64.0,52,32,29,9,3,32,75,1.31,.218
Clay C Hensley,FLA,3,4,2.16,68,0,0,0,7,10,75.0,54,20,18,3,4,29,77,1.11,.200
Kevin K Jepsen,LAA,2,4,3.97,68,0,0,0,0,4,59.0,54,26,26,2,2,29,61,1.41,.250
Wilton W Lopez,HOU,5,2,2.96,68,0,0,0,1,3,67.0,66,23,22,4,0,5,50,1.06,.261
Kyle K Mc Clellan,STL,1,4,2.27,68,0,0,0,2,3,75.1,58,20,19,9,3,23,60,1.08,.210
Will W Ohman,FLA,0,2,3.21,68,0,0,0,0,1,42.0,40,18,15,4,1,23,43,1.50,.256
Juan Carlos J Oviedo,FLA,4,3,3.46,68,0,0,0,30,38,65.0,62,27,25,5,0,21,71,1.28,.250
Sergio S Romo,SF,5,3,2.18,68,0,0,0,0,4,62.0,46,16,15,6,4,14,70,0.97,.204
Heath H Bell,SD,6,1,1.93,67,0,0,0,47,50,70.0,56,17,15,1,1,28,86,1.20,.221
Jose J Contreras,PHI,6,4,3.34,67,0,0,0,4,5,56.2,53,22,21,5,4,16,57,1.22,.255
Scott S Downs,TOR,5,5,2.64,67,0,0,0,0,2,61.1,47,19,18,3,4,14,48,0.99,.211
Joakim J Soria,KC,1,2,1.78,66,0,0,0,43,46,65.2,53,13,13,4,2,16,71,1.05,.216
Jonathan J Papelbon,BOS,5,7,3.90,65,0,0,0,37,45,67.0,57,34,29,7,2,28,76,1.27,.226
George G Sherrill,LAD,2,2,6.69,65,0,0,0,0,4,36.1,46,28,27,4,1,24,25,1.93,.311
Joe J Thatcher,SD,1,0,1.29,65,0,0,0,0,0,35.0,23,5,5,1,1,7,45,0.86,.185
Jonathan J Broxton,LAD,5,6,4.04,64,0,0,0,22,29,62.1,64,30,28,4,2,28,73,1.48,.270
Tim T Byrdak,HOU,2,2,3.49,64,0,0,0,0,0,38.2,40,15,15,4,0,20,29,1.55,.272
Chad C Durbin,PHI,4,1,3.80,64,0,0,0,0,1,68.2,63,29,29,7,5,27,63,1.31,.246
Darren D Oliver,TEX,1,2,2.48,64,0,0,0,1,4,61.2,53,20,17,4,2,15,65,1.10,.242
David D Robertson,NYY,4,5,3.82,64,0,0,0,1,3,61.1,59,26,26,5,3,33,71,1.50,.258
Rafael R Soriano,TB,3,2,1.73,64,0,0,0,45,48,62.1,36,14,12,4,1,14,57,0.80,.163
Dan D Wheeler,TB,2,4,3.35,64,0,0,0,3,6,48.1,36,20,18,7,1,16,46,1.08,.207
Brad B Ziegler,OAK,3,7,3.26,64,0,0,0,0,4,60.2,54,24,22,4,3,28,41,1.35,.241
Joaquin J Benoit,TB,1,2,1.34,63,0,0,0,1,4,60.1,30,10,9,6,0,11,75,0.68,.147
Jerry J Blevins,OAK,2,1,3.70,63,0,0,0,1,2,48.2,54,20,20,7,1,18,46,1.48,.274
D. J. D Carrasco,ARI,3,2,3.68,63,0,0,0,0,1,78.1,68,39,32,5,5,34,65,1.30,.239
Kevin K Gregg,TOR,2,6,3.51,63,0,0,0,37,43,59.0,52,24,23,4,1,30,58,1.39,.237
Chris C Perez,CLE,2,2,1.71,63,0,0,0,23,27,63.0,40,15,12,4,5,28,61,1.08,.182
Chris C Ray,SF,5,0,3.72,63,0,0,0,2,4,55.2,48,23,23,5,0,25,31,1.31,.235
Matt M Albers,BAL,5,3,4.52,62,0,0,0,0,2,75.2,78,41,38,6,2,34,49,1.48,.269
Mitchell M Boggs,STL,2,3,3.61,61,0,0,0,0,0,67.1,60,29,27,5,4,27,52,1.29,.243
Mariano M Rivera,NYY,3,3,1.80,61,0,0,0,33,38,60.0,39,14,12,2,5,11,45,0.83,.183
Brian B Sanches,FLA,2,2,2.26,61,0,0,0,0,1,63.2,43,20,16,7,1,27,54,1.10,.194
Matt M Thornton,CWS,5,4,2.67,61,0,0,0,8,10,60.2,41,18,18,3,2,20,81,1.01,.191
Lance L Cormier,TB,4,3,3.92,60,0,0,0,0,0,62.0,68,28,27,7,0,34,30,1.65,.281
Kyle K Farnsworth,ATL,3,2,3.34,60,0,0,0,0,3,64.2,55,25,24,4,4,19,61,1.14,.230
Logan L Ondrusek,CIN,5,0,3.68,60,0,0,0,0,2,58.2,49,25,24,7,0,20,39,1.18,.225
Ryan R Perry,DET,3,5,3.59,60,0,0,0,2,5,62.2,55,26,25,6,5,23,45,1.24,.243
J. J Putz,CWS,7,5,2.83,60,0,0,0,3,7,54.0,41,18,17,4,1,15,65,1.04,.204
J. C. J Romero,PHI,1,0,3.68,60,0,0,0,3,6,36.2,30,17,15,3,5,29,28,1.61,.222
Jose J Valverde,DET,2,4,3.00,60,0,0,0,26,29,63.0,41,24,21,5,3,32,63,1.16,.184
Ronald R Belisario,LAD,3,1,5.04,59,0,0,0,2,4,55.1,52,31,31,6,3,19,38,1.28,.250
Ryan R Franklin,STL,6,2,3.46,59,0,0,0,27,29,65.0,57,25,25,7,4,10,42,1.03,.230
Edward E Mujica,SD,2,1,3.62,59,0,0,0,0,1,69.2,59,29,28,14,0,6,72,0.93,.226
Jon J Rauch,MIN,3,1,3.12,59,0,0,0,21,25,57.2,61,20,20,3,1,14,46,1.30,.268
Dennys D Reyes,STL,3,1,3.55,59,0,0,0,1,4,38.0,34,15,15,2,2,21,25,1.45,.248
Miguel M Batista,WSH,1,2,3.70,58,1,0,0,2,2,82.2,71,36,34,9,5,39,55,1.33,.234
Randy R Flores,MIN,2,0,3.19,58,0,0,0,0,1,31.0,32,12,11,6,1,15,20,1.52,.271
Juan J Gutierrez,ARI,0,6,5.08,58,0,0,0,15,17,56.2,55,33,32,13,4,23,47,1.38,.252
Matt M Lindstrom,HOU,2,5,4.39,58,0,0,0,23,29,53.1,68,26,26,5,0,20,43,1.65,.306
Grant G Balfour,TB,2,1,2.28,57,0,0,0,0,1,55.1,43,16,14,3,0,17,56,1.08,.216
Manny M Delcarmen,COL,3,4,4.99,57,0,0,0,0,3,52.1,45,30,29,8,1,32,38,1.47,.226
Dusty D Hughes,KC,1,3,3.83,57,0,0,0,0,0,56.1,59,28,24,3,5,24,34,1.47,.273
Trever T Miller,STL,0,1,4.00,57,0,0,0,0,1,36.0,30,17,16,2,2,16,22,1.28,.233
James J Russell,CHC,1,1,4.96,57,0,0,0,0,2,49.0,55,37,27,11,4,11,42,1.35,.279
Esmerling E Vasquez,ARI,1,6,5.20,57,0,0,0,0,2,53.2,46,32,31,6,6,38,55,1.57,.236
Manny M Corpas,COL,3,5,4.62,56,0,0,0,10,14,62.1,66,33,32,7,2,22,47,1.41,.269
Frank F Francisco,TEX,6,4,3.76,56,0,0,0,2,6,52.2,49,23,22,5,1,18,60,1.27,.247
Casey C Janssen,TOR,5,2,3.67,56,0,0,0,0,0,68.2,74,29,28,8,4,21,63,1.38,.272
Hung- Chih H Kuo,LAD,3,2,1.20,56,0,0,0,12,13,60.0,29,8,8,1,1,18,73,0.78,.139
Guillermo G Mota,SF,1,3,4.33,56,0,0,0,1,3,54.0,49,29,26,4,0,22,38,1.31,.243
Jason J Motte,STL,4,2,2.24,56,0,0,0,2,3,52.1,41,13,13,5,0,18,54,1.13,.220
Eric E O' Flaherty,ATL,3,2,2.45,56,0,0,0,0,1,44.0,37,14,12,2,1,18,36,1.25,.230
Hideki H Okajima,BOS,4,4,4.50,56,0,0,0,0,4,46.0,59,24,23,6,0,20,33,1.72,.314
Takashi T Saito,ATL,2,3,2.83,56,0,0,0,1,2,54.0,41,20,17,4,0,17,69,1.07,.203
Sergio S Santos,CWS,2,2,2.96,56,0,0,0,1,3,51.2,53,18,17,2,3,26,56,1.53,.261
Bobby B Jenks,CWS,1,3,4.44,55,0,0,0,27,31,52.2,54,28,26,3,1,18,61,1.37,.260
Ryan R Madson,PHI,6,2,2.55,55,0,0,0,5,10,53.0,42,16,15,4,4,13,64,1.04,.212
Blaine B Boyer,ARI,3,2,4.26,54,0,0,0,0,4,57.0,59,32,27,3,1,29,29,1.54,.273
Drew D Storen,WSH,4,4,3.58,54,0,0,0,5,7,55.1,48,24,22,3,3,22,52,1.27,.241
Robinson R Tejeda,KC,3,5,3.54,54,0,0,0,0,6,61.0,55,28,24,5,0,26,56,1.33,.242
Ryan R Webb,SD,3,1,2.90,54,0,0,0,0,2,59.0,64,21,19,1,1,19,44,1.41,.277
David D Aardsma,SEA,0,6,3.44,53,0,0,0,31,36,49.2,33,19,19,5,2,25,49,1.17,.198
Jeremy J Affeldt,SF,4,3,4.14,53,0,0,0,4,7,50.0,56,25,23,4,3,24,44,1.60,.290
Burke B Badenhop,FLA,2,5,3.99,53,0,0,0,1,3,67.2,62,33,30,5,2,21,47,1.23,.246
Andrew A Cashner,CHC,2,6,4.80,53,0,0,0,0,1,54.1,55,31,29,8,4,30,50,1.56,.267
Elmer E Dessens,NYM,4,2,2.30,53,0,0,0,0,1,47.0,41,14,12,4,3,16,16,1.21,.240
Brian B Duensing,MIN,10,3,2.62,53,13,1,1,0,0,130.2,122,42,38,11,3,35,78,1.20,.247
Kameron K Loe,MIL,3,5,2.78,53,0,0,0,0,2,58.1,54,23,18,6,2,15,46,1.18,.245
Chan Ho C Park,PIT,4,3,4.66,53,0,0,0,0,3,63.2,65,39,33,9,3,19,52,1.32,.257
Francisco F Rodríguez Rodriguez,NYM,4,2,2.20,53,0,0,0,25,30,57.1,45,14,14,3,2,21,67,1.15,.213
Joe J Smith,CLE,2,2,3.83,53,0,0,0,0,1,40.0,30,18,17,4,1,24,32,1.35,.208
Hisanori H Takahashi,NYM,10,6,3.61,53,12,0,0,8,8,122.0,116,51,49,13,0,43,114,1.30,.252
Santiago S Casilla,SF,7,2,1.95,52,0,0,0,2,3,55.1,40,14,12,2,4,26,56,1.19,.208
Mark M Hendrickson,BAL,1,6,5.26,52,1,0,0,0,2,75.1,97,47,44,9,3,20,55,1.55,.313
Scott S Linebrink,CWS,3,2,4.40,52,0,0,0,0,1,57.1,59,31,28,11,3,17,52,1.33,.262
Ramon R Pena,CWS,5,3,5.10,52,3,0,0,0,0,100.2,108,63,57,10,1,45,56,1.52,.278
Ramon R Troncoso,LAD,2,3,4.33,52,0,0,0,0,1,54.0,55,28,26,7,3,18,34,1.35,.262
Danys D Baez,PHI,3,4,5.48,51,0,0,0,0,2,47.2,55,31,29,6,3,23,28,1.64,.301
Jesse J Chavez,KC,5,5,5.89,51,0,0,0,0,1,62.2,69,44,41,11,1,23,45,1.47,.278
Boone B Logan,NYY,2,0,2.93,51,0,0,0,0,0,40.0,34,13,13,3,1,20,38,1.35,.231
Blake B Wood,KC,1,3,5.07,51,0,0,0,0,4,49.2,54,29,28,6,1,22,31,1.53,.286
John J Axford,MIL,8,2,2.48,50,0,0,0,24,27,58.0,42,17,16,1,1,27,76,1.19,.204
Jeff J Fulchino,HOU,2,1,5.51,50,0,0,0,0,1,47.1,53,30,29,7,3,22,46,1.58,.279
Trevor T Hoffman,MIL,2,7,5.89,50,0,0,0,10,15,47.1,49,31,31,8,0,19,30,1.44,.268
Brad B Lidge,PHI,1,1,2.96,50,0,0,0,27,32,45.2,32,16,15,5,1,24,52,1.23,.194
Carlos C Villanueva,MIL,2,0,4.61,50,0,0,0,1,4,52.2,48,27,27,7,4,22,67,1.33,.238
Alfredo A Simon,BAL,4,2,4.93,49,0,0,0,17,21,49.1,54,30,27,10,2,22,37,1.54,.277
Doug D Slaten,WSH,4,1,3.10,49,0,0,0,0,0,40.2,34,18,14,2,4,19,36,1.30,.225
Brad B Thomas,DET,6,2,3.89,49,2,0,0,0,0,69.1,77,31,30,4,4,29,30,1.53,.292
Brian B Fuentes,MIN,4,1,2.81,48,0,0,0,24,28,48.0,31,17,15,5,2,20,47,1.06,.181
Jose J Veras,FLA,3,3,3.75,48,0,0,0,0,2,48.0,32,20,20,5,1,29,54,1.27,.188
Michael M Wuertz,OAK,2,3,4.31,48,0,0,0,6,6,39.2,35,21,19,6,0,21,40,1.41,.240
Andrew A Bailey,OAK,1,3,1.47,47,0,0,0,25,28,49.0,34,8,8,3,0,13,42,0.96,.199
Eddie E Bonine,DET,4,1,4.63,47,1,0,0,0,0,68.0,84,37,35,7,3,22,26,1.56,.305
David D Herndon,PHI,1,3,4.30,47,0,0,0,0,1,52.1,67,27,25,2,2,17,29,1.61,.321
Jose J Mijares,MIN,1,1,3.31,47,0,0,0,0,0,32.2,34,14,12,4,1,9,28,1.32,.268
Kerry K Wood,NYY,3,4,3.13,47,0,0,0,8,12,46.0,35,17,16,4,3,29,49,1.39,.210
Zach Z Braddock,MIL,1,2,2.94,46,0,0,0,0,2,33.2,29,11,11,1,2,19,41,1.43,.228
Sean S Gallagher,PIT,2,1,5.77,46,0,0,0,0,0,57.2,62,40,37,7,3,41,43,1.79,.277
Jamey J Wright,SEA,1,3,4.17,46,0,0,0,0,1,58.1,55,33,27,3,3,25,28,1.37,.256
Blake B Hawksworth,STL,4,8,4.98,45,8,0,0,0,0,90.1,113,56,50,15,2,35,61,1.64,.310
Gustavo G Chacin,HOU,2,2,4.70,44,0,0,0,1,1,38.1,51,22,20,3,0,20,31,1.85,.315
Alexi A Ogando,TEX,4,1,1.30,44,0,0,0,0,2,41.2,31,6,6,2,1,16,39,1.13,.208
Huston H Street,COL,4,4,3.61,44,0,0,0,20,25,47.1,39,21,19,5,2,11,45,1.06,.225
Scott S Atchison,BOS,2,3,4.50,43,1,0,0,0,0,60.0,58,37,30,9,1,19,41,1.28,.252
Francisco F Rodriguez,LAA,1,3,4.37,43,0,0,0,0,1,47.1,46,23,23,5,1,26,36,1.52,.254
Scot S Shields,LAA,0,3,5.28,43,1,0,0,0,1,46.0,45,31,27,6,2,34,39,1.72,.254
Kanekoa K Texeira,KC,1,1,4.84,43,0,0,0,0,0,61.1,73,36,33,3,3,25,33,1.60,.304
Koji K Uehara,BAL,1,2,2.86,43,0,0,0,13,15,44.0,37,15,14,5,0,5,55,0.95,.220
Jeff J Weaver,LAD,5,1,6.09,43,0,0,0,0,1,44.1,48,30,30,5,1,20,26,1.53,.291
Chad C Gaudin,NYY,1,4,5.65,42,0,0,0,0,1,65.1,73,45,41,16,8,25,53,1.50,.285
Manny M Parra,MIL,3,10,5.02,42,16,0,0,0,0,122.0,135,76,68,18,3,63,129,1.62,.281
Manny M Acosta,NYM,3,2,2.95,41,0,0,0,1,3,39.2,30,13,13,4,0,18,42,1.21,.219
Justin J Berg,CHC,0,1,5.18,41,0,0,0,0,0,40.0,45,27,23,3,3,20,14,1.63,.280
Jason J Berken,BAL,3,3,3.03,41,0,0,0,0,4,62.1,64,24,21,5,0,19,45,1.33,.270
Alex A Burnett,MIN,2,2,5.29,41,0,0,0,0,0,47.2,52,28,28,6,2,23,37,1.57,.287
David D Hernandez,BAL,8,8,4.31,41,8,0,0,2,6,79.1,72,40,38,9,4,42,72,1.44,.242
Ron R Mahay,MIN,1,1,3.44,41,0,0,0,0,1,34.0,33,15,13,5,0,8,25,1.21,.252
Bobby B Parnell,NYM,0,1,2.83,41,0,0,0,0,2,35.0,41,13,11,1,0,8,33,1.40,.295
Dan D Runzler,SF,3,0,3.03,41,0,0,0,0,0,32.2,29,12,11,1,1,20,37,1.50,.244
Andy A Sonnanstine,TB,3,1,4.44,41,4,0,0,1,1,81.0,83,40,40,11,7,27,50,1.36,.259
Frank F Herrmann,CLE,0,1,4.03,40,0,0,0,1,2,44.2,48,22,20,6,2,9,24,1.28,.276
Fernando F Nieve,NYM,2,4,6.00,40,1,0,0,0,2,42.0,37,28,28,10,2,22,38,1.40,.234
Joel J Peralta,WSH,1,0,2.02,39,0,0,0,0,2,49.0,30,12,11,5,1,9,49,0.80,.170
Brendan B Donnelly,PIT,3,1,5.58,38,0,0,0,0,0,30.2,26,21,19,6,1,25,26,1.66,.234
Bob B Howry,CHC,1,3,7.71,38,0,0,0,0,1,35.0,47,36,30,8,0,13,14,1.71,.311
Dustin D Nippert,TEX,4,5,4.29,38,2,0,0,0,1,56.2,61,28,27,7,5,34,47,1.68,.277
Raul R Valdes,NYM,3,3,4.91,38,1,0,0,1,3,58.2,59,33,32,7,4,27,56,1.47,.260
Sean S White,SEA,0,1,5.24,38,0,0,0,0,3,34.1,45,20,20,4,0,11,15,1.63,.336
Sam S Demel,ARI,2,1,5.35,37,0,0,0,2,2,37.0,42,27,22,5,1,12,33,1.46,.278
Matt M Harrison,TEX,3,2,4.71,37,6,0,0,2,3,78.1,80,45,41,10,2,39,46,1.52,.262
Jensen J Lewis,CLE,4,2,2.97,37,0,0,0,0,0,36.1,28,12,12,1,0,19,29,1.29,.215
Chris C Narveson,MIL,12,9,4.99,37,28,0,0,0,1,167.2,172,96,93,21,5,59,137,1.38,.266
Jordan J Smith,CIN,3,2,3.86,37,0,0,0,1,2,42.0,45,18,18,7,2,11,26,1.33,.273
Daniel D Herrera,CIN,1,3,3.91,36,0,0,0,0,1,23.0,31,10,10,2,0,6,14,1.61,.323
Carlos C Zambrano,CHC,11,6,3.33,36,20,0,0,0,0,129.2,119,55,48,7,6,69,117,1.45,.246
Bill B Bray,CIN,0,2,4.13,35,0,0,0,0,0,28.1,21,13,13,4,0,10,30,1.09,.198
Chris C Carpenter,STL,16,9,3.22,35,35,1,0,0,0,235.0,214,99,84,21,13,63,179,1.18,.244
Dan D Haren,LAA,12,12,3.91,35,35,2,0,0,0,235.0,245,110,102,31,5,54,216,1.27,.267
Franklin F Morales,COL,0,4,6.28,35,0,0,0,3,6,28.2,28,22,20,5,3,24,27,1.81,.255
Garrett G Olson,SEA,0,3,4.54,35,0,0,0,1,1,37.2,42,20,19,6,0,15,31,1.51,.271
Chris C Sampson,HOU,1,0,5.93,35,0,0,0,0,2,30.1,43,22,20,7,1,8,16,1.68,.336
Craig C Stammen,WSH,4,4,5.13,35,19,0,0,0,0,128.0,151,78,73,13,1,41,85,1.50,.297
Hector H Ambriz,CLE,0,2,5.59,34,0,0,0,0,0,48.1,68,31,30,10,1,17,37,1.76,.338
Ryan R Dempster,CHC,15,12,3.85,34,34,1,0,0,0,215.1,198,110,92,25,10,86,208,1.32,.244
Tommy T Hanson,ATL,10,11,3.33,34,34,1,0,0,0,202.2,182,86,75,14,14,56,173,1.17,.239
Felix F Hernández Hernandez,SEA,13,12,2.27,34,34,6,1,0,0,249.2,194,80,63,17,8,70,232,1.06,.212
Tim T Hudson,ATL,17,9,2.83,34,34,1,0,0,0,228.2,189,74,72,20,9,74,139,1.15,.229
Ryota R Igarashi,NYM,1,1,7.12,34,0,0,0,0,0,30.1,29,24,24,4,0,18,25,1.55,.254
Justin J Masterson,CLE,6,13,4.70,34,29,1,1,0,0,180.0,197,107,94,14,11,73,140,1.50,.278
Mike M Pelfrey,NYM,15,9,3.66,34,33,0,0,1,1,204.0,213,88,83,12,6,68,113,1.38,.275
C Sabathia,NYY,21,7,3.18,34,34,2,0,0,0,237.2,209,92,84,20,7,74,197,1.19,.239
Jonathan J Sánchez Sanchez,SF,13,9,3.07,34,33,0,0,0,0,193.1,142,74,66,21,9,96,205,1.23,.204
James J Shields,TB,13,15,5.18,34,33,0,0,0,0,203.1,246,128,117,34,5,51,187,1.46,.294
Brian B Tallet,TOR,2,6,6.40,34,5,0,0,0,2,77.1,84,60,55,20,4,38,53,1.58,.273
Jered J Weaver,LAA,13,12,3.01,34,34,0,0,0,0,224.1,187,83,75,23,0,54,233,1.07,.222
Randy R Wolf,MIL,13,12,4.17,34,34,1,1,0,0,215.2,213,107,100,29,9,87,142,1.39,.258
Barry B Zito,SF,9,14,4.15,34,33,1,0,0,0,199.1,184,97,92,20,7,84,150,1.34,.250
Bronson B Arroyo,CIN,17,10,3.88,33,33,2,0,0,0,215.2,188,95,93,29,6,59,121,1.15,.234
Mark M Buehrle,CWS,13,13,4.28,33,33,3,0,0,0,210.1,246,105,100,17,1,49,99,1.40,.295
A. J. A Burnett,NYY,10,15,5.26,33,33,1,0,0,0,186.2,204,118,109,25,19,78,145,1.51,.285
Matt M Cain,SF,13,11,3.14,33,33,4,2,0,0,223.1,181,84,78,22,4,61,177,1.08,.221
Bruce B Chen,KC,12,7,4.17,33,23,1,1,1,1,140.1,136,68,65,17,3,57,98,1.38,.254
Ernesto E Frieri,SD,1,1,1.71,33,0,0,0,0,0,31.2,18,7,6,2,0,17,41,1.11,.162
Jon J Garland,SD,14,12,3.47,33,33,0,0,0,0,200.0,176,86,77,20,6,87,136,1.32,.240
Matt M Garza,TB,15,10,3.91,33,32,3,1,1,1,204.2,193,94,89,28,7,63,150,1.25,.248
Gio G Gonzalez,OAK,15,9,3.23,33,33,1,0,0,0,200.2,171,75,72,15,4,92,171,1.31,.229
Zack Z Greinke,KC,10,14,4.17,33,33,3,0,0,0,220.0,219,114,102,18,7,55,181,1.25,.260
Roy R Halladay,PHI,21,10,2.44,33,33,9,4,0,0,250.2,231,74,68,24,6,30,219,1.04,.245
Cole C Hamels,PHI,12,11,3.06,33,33,1,0,0,0,208.2,185,74,71,26,8,61,211,1.18,.237
Livan L Hernandez,WSH,10,12,3.66,33,33,2,1,0,0,211.2,216,93,86,16,4,64,114,1.32,.270
Roberto R Hernandez,CLE,13,14,3.77,33,33,4,1,0,0,210.1,203,98,88,17,9,72,124,1.31,.258
Ubaldo U Jiménez Jimenez,COL,19,8,2.88,33,33,4,2,0,0,221.2,164,73,71,10,9,92,214,1.15,.209
Kyle K Kendrick,PHI,11,10,4.73,33,31,1,0,0,0,180.2,199,103,95,26,3,49,84,1.37,.283
John J Lackey,BOS,14,11,4.40,33,33,0,0,0,0,215.0,233,114,105,18,9,72,156,1.42,.277
Tim T Lincecum,SF,16,10,3.43,33,33,1,1,0,0,212.1,194,84,81,18,5,76,231,1.27,.242
Rodrigo R Lopez,ARI,7,16,5.00,33,33,0,0,0,0,200.0,227,126,111,37,3,56,116,1.42,.286
Derek D Lowe,ATL,16,12,4.00,33,33,0,0,0,0,193.2,204,88,86,18,4,61,136,1.37,.273
Jenrry J Mejia,NYM,0,4,4.62,33,3,0,0,0,1,39.0,46,21,20,3,3,20,22,1.69,.289
Brett B Myers,HOU,14,8,3.14,33,33,2,0,0,0,223.2,212,88,78,20,3,66,180,1.24,.248
Jordan J Norberto,ARI,0,2,5.85,33,0,0,0,0,1,20.0,16,13,13,3,0,22,15,1.90,.225
Roy R Oswalt,PHI,13,13,2.76,33,32,2,2,0,0,211.2,162,70,65,19,5,55,193,1.03,.213
David D Purcey,TOR,1,1,3.71,33,0,0,0,1,1,34.0,26,16,14,3,0,15,32,1.21,.210
Clayton C Richard,SD,14,9,3.75,33,33,1,1,0,0,201.2,206,89,84,16,4,78,153,1.41,.267
Ervin E Santana,LAA,17,10,3.92,33,33,4,1,0,0,222.2,221,104,97,27,12,73,169,1.32,.259
Joe J Saunders,ARI,9,17,4.47,33,33,3,1,0,0,203.1,232,120,101,25,5,64,114,1.46,.291
Justin J Verlander,DET,18,9,3.37,33,33,4,0,0,0,224.1,190,89,84,14,6,71,219,1.16,.228
Adam A Wainwright,STL,20,11,2.42,33,33,5,2,0,0,230.1,186,68,62,15,4,56,213,1.05,.224
Jake J Westbrook,STL,10,11,4.22,33,33,1,0,0,0,202.2,203,99,95,20,8,68,128,1.34,.262
C. J. C Wilson,TEX,15,8,3.35,33,33,3,0,0,0,204.0,161,83,76,10,10,93,170,1.25,.217
Dave D Bush,MIL,8,13,4.54,32,31,0,0,0,0,174.1,198,108,88,28,4,65,107,1.51,.286
John J Danks,CWS,15,11,3.72,32,32,1,1,0,0,213.0,189,93,88,18,4,70,162,1.22,.237
Kyle K Davies,KC,8,12,5.34,32,32,1,0,0,0,183.2,206,114,109,20,2,80,126,1.56,.283
Jeremy J Guthrie,BAL,11,14,3.83,32,32,0,0,0,0,209.1,193,93,89,25,16,50,119,1.16,.243
Edwin E Jackson,CWS,10,12,4.47,32,32,1,1,0,0,209.1,214,111,104,21,6,78,181,1.39,.265
Ian I Kennedy,ARI,9,10,3.80,32,32,0,0,0,0,194.0,163,87,82,26,10,70,168,1.20,.228
Clayton C Kershaw,LAD,13,10,2.91,32,32,1,1,0,0,204.1,160,73,66,13,7,81,212,1.18,.214
Jon J Lester,BOS,19,9,3.25,32,32,2,0,0,0,208.0,167,81,75,14,10,83,225,1.20,.220
Colby C Lewis,TEX,12,13,3.72,32,32,1,0,0,0,201.0,174,90,83,21,6,65,196,1.19,.227
Paul P Maholm,PIT,9,15,5.10,32,32,1,1,0,0,185.1,228,119,105,15,9,62,102,1.56,.303
Brian B Matusz,BAL,10,12,4.30,32,32,0,0,0,0,175.2,173,88,84,19,7,63,143,1.34,.255
Carlos C Monasterios,LAD,3,5,4.38,32,13,0,0,0,0,88.1,99,48,43,15,8,29,52,1.45,.280
Carl C Pavano,MIN,17,11,3.75,32,32,7,2,0,0,221.0,227,95,92,24,6,37,117,1.19,.266
David D Price,TB,19,6,2.72,32,31,2,1,0,0,208.2,170,71,63,15,5,79,188,1.19,.221
Wandy W Rodriguez,HOU,11,12,3.60,32,32,0,0,0,0,195.0,183,95,78,16,9,68,178,1.29,.250
Ricky R Romero,TOR,14,9,3.73,32,32,3,1,0,0,210.0,189,98,87,15,8,82,174,1.29,.242
Anibal A Sánchez Sanchez,FLA,13,12,3.55,32,32,1,1,0,0,195.0,192,89,77,10,7,70,157,1.34,.257
Tim T Stauffer,SD,6,5,1.85,32,7,0,0,0,0,82.2,65,18,17,3,2,24,61,1.08,.219
Tim T Wakefield,BOS,4,10,5.34,32,19,0,0,0,0,140.0,153,92,83,19,5,36,84,1.35,.272
Randy R Wells,CHC,8,14,4.26,32,32,0,0,0,0,194.1,209,97,92,19,6,63,144,1.40,.273
Denny D Bautista,SF,2,0,3.74,31,0,0,0,0,1,33.2,25,14,14,4,3,27,44,1.54,.205
Chad C Billingsley,LAD,12,11,3.57,31,31,1,1,0,0,191.2,176,82,76,8,10,69,171,1.28,.244
Johnny J Cueto,CIN,12,7,3.64,31,31,1,1,0,0,185.2,181,79,75,19,9,56,138,1.28,.257
Nelson N Figueroa,HOU,7,4,3.29,31,11,0,0,1,1,93.0,84,38,34,10,2,34,73,1.27,.243
Gavin G Floyd,CWS,10,13,4.08,31,31,1,0,0,0,187.1,199,92,85,14,6,58,151,1.37,.274
Yovani Y Gallardo,MIL,14,7,3.84,31,31,2,2,0,0,185.0,178,89,79,12,3,75,200,1.37,.251
Phil P Hughes,NYY,18,8,4.19,31,29,0,0,0,0,176.1,162,83,82,25,0,58,146,1.25,.244
Hiroki H Kuroda,LAD,11,13,3.39,31,31,0,0,0,0,196.1,180,87,74,15,5,48,159,1.16,.243
Mat M Latos,SD,14,10,2.92,31,31,1,1,0,0,184.2,150,63,60,16,2,50,189,1.08,.217
Francisco F Liriano,MIN,14,10,3.62,31,31,0,0,0,0,191.2,184,77,77,9,10,58,201,1.26,.252
Shaun S Marcum,TOR,13,8,3.64,31,31,1,0,0,0,195.1,181,84,79,24,6,43,165,1.15,.242
Kris K Medlen,ATL,6,2,3.68,31,14,0,0,0,0,107.2,108,48,44,13,3,21,83,1.20,.267
Kevin K Millwood,BAL,4,16,5.10,31,31,1,0,0,0,190.2,223,116,108,30,6,65,132,1.51,.292
Max M Scherzer,DET,12,11,3.50,31,31,0,0,0,0,195.2,174,84,76,20,7,70,184,1.25,.244
Jason J Vargas,SEA,9,12,3.78,31,31,0,0,0,0,192.2,187,86,81,18,1,54,116,1.25,.251
Javier J Vazquez,NYY,10,10,5.32,31,26,0,0,0,0,157.1,155,96,93,32,7,65,121,1.40,.257
Joel J Zumaya,DET,2,1,2.58,31,0,0,0,1,3,38.1,32,13,11,1,0,11,34,1.12,.229
Brad B Bergesen,BAL,8,12,4.98,30,28,2,0,0,0,170.0,193,104,94,26,7,51,81,1.44,.285
Jeremy J Bonderman,DET,8,10,5.53,30,29,0,0,0,0,171.0,187,113,105,25,10,60,112,1.44,.277
Dallas D Braden,OAK,11,14,3.50,30,30,5,2,0,0,192.2,180,83,75,17,5,43,113,1.16,.249
Trevor T Cahill,OAK,18,8,2.97,30,30,1,1,0,0,196.2,155,73,65,19,6,63,118,1.11,.220
Jason J Hammel,COL,10,9,4.81,30,30,0,0,0,0,177.2,201,97,95,18,6,47,141,1.40,.287
Ted T Lilly,LAD,10,12,3.62,30,30,1,1,0,0,193.2,165,83,78,32,5,44,166,1.08,.229
Damaso D Marte,NYY,0,0,4.08,30,0,0,0,0,2,17.2,10,8,8,2,1,11,12,1.19,.161
Jeff J Niemann,TB,12,8,4.39,30,29,1,1,0,0,174.1,159,86,85,25,7,61,131,1.26,.242
Jonathon J Niese,NYM,9,10,4.20,30,30,2,1,0,0,173.2,192,97,81,20,9,62,148,1.46,.280
Kevin K Slowey,MIN,13,6,4.45,30,28,0,0,0,0,155.2,172,80,77,21,4,29,116,1.29,.280
Jeff J Suppan,STL,3,8,5.06,30,15,0,0,0,0,101.1,130,61,57,13,2,37,51,1.65,.324
Chris C Volstad,FLA,12,9,4.58,30,30,2,1,0,0,175.0,187,94,89,17,8,60,102,1.41,.277
Scott S Baker,MIN,12,9,4.49,29,29,0,0,0,0,170.1,186,87,85,23,6,43,148,1.34,.277
Joe J Blanton,PHI,9,6,4.82,29,28,0,0,0,0,175.2,206,104,94,27,3,43,134,1.42,.291
Wade W Davis,TB,12,10,4.07,29,29,0,0,0,0,168.0,165,77,76,24,5,62,113,1.35,.255
Zach Z Duke,PIT,8,15,5.72,29,29,0,0,0,0,159.0,212,115,101,25,4,51,96,1.65,.321
Scott S Feldman,TEX,7,11,5.48,29,22,0,0,0,0,141.1,181,98,86,18,5,45,75,1.60,.313
Michael M Gonzalez,BAL,1,3,4.01,29,0,0,0,1,3,24.2,18,11,11,1,0,14,31,1.30,.205
Tom T Gorzelanny,CHC,7,9,4.09,29,23,0,0,1,1,136.1,136,70,62,11,2,68,119,1.50,.260
Aaron A Laffey,CLE,2,3,4.53,29,5,0,0,0,0,55.2,62,30,28,1,2,28,28,1.62,.283
Henry Alberto H Rodriguez,OAK,1,0,4.55,29,0,0,0,0,1,27.2,25,16,14,2,1,13,33,1.37,.240
Johan J Santana,NYM,11,9,2.98,29,29,4,2,0,0,199.0,179,67,66,16,2,55,144,1.18,.240
Nick N Blackburn,MIN,10,12,5.42,28,26,1,0,0,0,161.0,194,101,97,25,4,40,68,1.45,.302
Clay C Buchholz,BOS,17,7,2.33,28,28,1,1,0,0,173.2,142,55,45,9,5,67,120,1.20,.226
Brett B Cecil,TOR,15,7,4.22,28,28,0,0,0,0,172.2,175,87,81,18,1,54,117,1.33,.264
Jhoulys J Chacín Chacin,COL,9,11,3.28,28,21,0,0,0,0,137.1,114,64,50,10,9,61,138,1.27,.227
Kevin K Correia,SD,10,10,5.40,28,26,0,0,0,0,145.0,152,89,87,20,5,64,115,1.49,.271
Matt M Daley,COL,0,1,4.24,28,0,0,0,0,0,23.1,27,11,11,2,3,10,18,1.59,.293
Doug D Fister,SEA,6,14,4.11,28,28,0,0,0,0,171.0,187,85,78,13,6,32,93,1.28,.277
Freddy F Garcia,CWS,12,6,4.64,28,28,0,0,0,0,157.0,171,85,81,23,3,45,89,1.38,.279
Jaime J García Garcia,STL,13,8,2.70,28,28,1,1,0,0,163.1,151,64,49,9,3,64,132,1.32,.243
John J Grabow,CHC,1,3,7.36,28,0,0,0,0,1,25.2,35,24,21,5,1,13,20,1.87,.321
Josh J Johnson,FLA,11,6,2.30,28,28,1,0,0,0,183.2,155,51,47,7,5,48,186,1.11,.229
Scott S Kazmir,LAA,9,15,5.94,28,28,0,0,0,0,150.0,158,103,99,25,12,79,93,1.58,.271
Cliff C Lee,TEX,12,9,3.18,28,28,7,1,0,0,212.1,195,84,75,16,1,18,185,1.00,.240
Daniel D Mc Cutchen,PIT,2,5,6.12,28,9,0,0,0,0,67.2,83,48,46,13,2,28,38,1.64,.299
Esmil E Rogers,COL,2,3,6.13,28,8,0,0,0,1,72.0,94,59,49,5,5,26,66,1.67,.318
Mitch M Talbot,CLE,10,13,4.41,28,28,1,0,0,0,159.1,169,88,78,13,8,69,88,1.49,.276
Robbie R Weinhardt,DET,2,2,6.14,28,0,0,0,0,2,29.1,40,23,20,2,3,8,21,1.64,.328
R. A. R Dickey,NYM,11,9,2.84,27,26,2,1,0,0,174.1,165,62,55,13,4,42,104,1.19,.251
Wilfredo W Ledezma,PIT,0,3,6.86,27,0,0,0,0,0,19.2,25,16,15,2,1,6,22,1.58,.294
Sergio S Mitre,NYY,0,3,3.33,27,3,0,0,1,1,54.0,43,23,20,7,2,16,29,1.09,.223
Bud B Norris,HOU,9,10,4.92,27,27,0,0,0,0,153.2,151,94,84,18,6,77,158,1.48,.256
Rick R Porcello,DET,10,12,4.92,27,27,0,0,0,0,162.2,188,96,89,18,7,38,84,1.39,.288
Ryan R Rowland- Smith,SEA,1,10,6.75,27,20,0,0,0,0,109.1,141,94,82,25,7,44,49,1.69,.314
Fernando F Salas,STL,0,0,3.52,27,0,0,0,0,1,30.2,28,13,12,4,0,15,29,1.40,.241
Taylor T Tankersley,FLA,0,0,7.50,27,0,0,0,0,3,12.0,12,11,10,4,1,7,7,1.58,.250
Randy R Williams,CWS,0,1,5.40,27,0,0,0,0,1,25.0,37,17,15,2,3,21,22,2.32,.346
Jim J Johnson,BAL,1,1,3.42,26,0,0,0,1,6,26.1,32,11,10,2,1,5,22,1.41,.296
Jeff J Karstens,PIT,3,10,4.92,26,19,0,0,0,0,122.2,146,72,67,21,1,27,72,1.41,.300
Wade W Le Blanc,SD,8,12,4.25,26,25,0,0,0,0,146.0,157,69,69,24,2,51,110,1.42,.279
Brandon B Morrow,TOR,10,7,4.49,26,26,1,1,0,0,146.1,136,76,73,11,9,66,178,1.38,.248
Ricky R Nolasco,FLA,14,9,4.51,26,26,1,0,0,0,157.2,169,82,79,24,2,33,147,1.28,.273
Dustin D Richardson,BOS,0,0,4.15,26,0,0,0,0,0,13.0,15,6,6,2,1,14,12,2.23,.300
Tyson T Ross,OAK,1,4,5.49,26,2,0,0,1,2,39.1,39,24,24,4,0,20,32,1.50,.271
Tim T Wood,FLA,0,1,5.53,26,0,0,0,1,3,27.2,33,19,17,2,0,15,10,1.73,.306
Antonio A Bastardo,PHI,2,0,4.34,25,0,0,0,0,1,18.2,19,9,9,1,2,9,26,1.50,.253
Trevor T Bell,LAA,2,5,4.72,25,7,0,0,0,0,61.0,77,35,32,2,1,21,45,1.61,.312
Jason J Bulger,LAA,0,0,4.88,25,0,0,0,0,0,24.0,25,14,13,3,2,15,25,1.67,.269
Mike M Dunn,ATL,2,0,1.89,25,0,0,0,0,0,19.0,15,4,4,1,0,17,27,1.68,.211
Armando A Galarraga,DET,4,9,4.49,25,24,2,1,0,0,144.1,143,75,72,21,4,51,74,1.34,.258
Kenley K Jansen,LAD,1,0,0.67,25,0,0,0,4,4,27.0,12,2,2,0,1,15,41,1.00,.130
John J Lannan,WSH,8,8,4.65,25,25,0,0,0,0,143.1,175,82,74,14,4,49,71,1.56,.302
Daisuke D Matsuzaka,BOS,9,6,4.69,25,25,0,0,0,0,153.2,137,84,80,13,8,74,133,1.37,.240
Brian B Bannister,KC,7,12,6.34,24,23,0,0,0,0,127.2,158,92,90,23,3,50,77,1.63,.302
Chris C Capuano,MIL,4,4,3.95,24,9,0,0,0,0,66.0,65,29,29,9,1,21,54,1.30,.259
Michael M Kohn,LAA,2,0,2.11,24,0,0,0,1,1,21.1,17,5,5,0,0,16,20,1.55,.227
Mike M Leake,CIN,8,4,4.23,24,22,0,0,0,0,138.1,158,77,65,19,3,49,91,1.50,.292
Vin V Mazzaro,OAK,6,8,4.27,24,18,0,0,0,0,122.1,127,70,58,19,4,50,79,1.45,.267
Brian B Sweeney,SEA,1,2,3.16,24,0,0,0,0,1,37.0,33,16,13,5,0,6,14,1.05,.239
Tyler T Walker,WSH,1,0,3.57,24,0,0,0,0,1,35.1,35,16,14,5,0,8,30,1.22,.265
Aaron A Cook,COL,6,8,5.08,23,23,2,0,0,0,127.2,147,77,72,11,4,52,62,1.56,.290
Justin J Germano,CLE,0,3,3.31,23,1,0,0,0,1,35.1,27,15,13,6,6,8,29,0.99,.206
Tommy T Hunter,TEX,13,4,3.73,23,22,1,0,0,0,128.0,126,55,53,21,3,33,68,1.24,.255
Chris C Leroux,PIT,0,1,6.75,23,0,0,0,0,2,22.2,28,18,17,1,0,14,22,1.85,.318
Joel J Pineiro,LAA,10,7,3.84,23,23,3,1,0,0,152.1,155,66,65,15,1,34,92,1.24,.261
Chris C Resop,PIT,0,0,3.86,23,0,0,0,0,0,21.0,15,9,9,1,0,13,26,1.33,.200
David D Riske,MIL,0,0,5.01,23,0,0,0,0,0,23.1,25,14,13,2,2,8,16,1.41,.269
Fernando F Abad,HOU,0,1,2.84,22,0,0,0,0,0,19.0,14,6,6,3,0,5,12,1.00,.200
Aaron A Harang,CIN,6,7,5.32,22,20,0,0,0,0,111.2,139,71,66,16,4,38,82,1.59,.305
Shawn S Kelley,SEA,3,1,3.96,22,0,0,0,0,0,25.0,26,11,11,5,1,12,26,1.52,.265
Victor V Marte,KC,3,0,9.76,22,0,0,0,0,0,27.2,38,30,30,8,2,15,19,1.92,.319
Mark M Melancon,HOU,2,0,4.22,22,0,0,0,0,1,21.1,19,13,10,2,1,8,22,1.27,.238
Fu- Te F Ni,DET,0,1,6.65,22,0,0,0,0,0,23.0,27,19,17,2,2,19,22,2.00,.290
Micah M Owings,CIN,3,2,5.40,22,0,0,0,0,0,33.1,28,20,20,3,3,25,35,1.59,.230
Carlos C Rosa,ARI,0,2,4.50,22,0,0,0,0,1,20.0,20,10,10,1,0,12,9,1.60,.286
Jorge J Sosa,FLA,2,3,4.66,22,2,0,0,0,0,36.2,39,22,19,4,0,18,19,1.55,.271
Josh J Beckett,BOS,6,6,5.78,21,21,0,0,0,0,127.2,151,89,82,20,8,45,116,1.54,.292
Craig C Kimbrel,ATL,4,0,0.44,21,0,0,0,1,1,20.2,9,2,1,0,0,16,40,1.21,.125
Marcos M Mateo,CHC,0,1,5.82,21,0,0,0,0,0,21.2,20,15,14,6,1,9,26,1.34,.247
Cla C Meredith,BAL,0,2,5.40,21,0,0,0,1,2,15.0,18,9,9,4,1,4,7,1.47,.300
Ross R Ohlendorf,PIT,1,11,4.07,21,21,0,0,0,0,108.1,106,54,49,12,6,44,79,1.38,.260
Andy A Pettitte,NYY,11,3,3.28,21,21,0,0,0,0,129.0,123,52,47,13,3,41,101,1.27,.257
Matt M Reynolds,COL,1,0,2.00,21,0,0,0,0,0,18.0,10,4,4,2,2,5,17,0.83,.164
Nate N Robertson,PHI,6,8,5.95,21,18,0,0,0,0,101.1,115,76,67,12,6,42,63,1.55,.290
Chris C Sale,CWS,2,1,1.93,21,0,0,0,4,4,23.1,15,5,5,2,0,10,32,1.07,.185
Carlos C Silva,CHC,10,6,4.22,21,21,0,0,0,0,113.0,120,55,53,11,7,24,80,1.27,.273
Brian B Burres,PIT,4,5,4.99,20,13,0,0,0,0,79.1,87,48,44,9,6,34,45,1.53,.275
Jesse J Carlson,TOR,0,0,4.61,20,0,0,0,1,1,13.2,13,7,7,3,1,5,8,1.32,.250
Jorge J De La Rosa,COL,8,7,4.22,20,20,0,0,0,0,121.2,105,62,57,15,5,55,113,1.32,.235
Jeff J Francis,COL,4,6,5.00,20,19,0,0,0,0,104.1,119,61,58,11,2,23,67,1.36,.293
Rich R Harden,TEX,5,5,5.58,20,18,0,0,0,0,92.0,91,61,57,18,9,62,75,1.66,.256
Jair J Jurrjens,ATL,7,6,4.64,20,20,0,0,0,0,116.1,120,63,60,13,2,42,86,1.39,.270
Gil G Meche,KC,0,5,5.69,20,9,1,0,0,0,61.2,65,42,39,9,2,38,41,1.67,.273
Brian B Moehler,HOU,1,4,4.92,20,8,0,0,0,0,56.2,66,32,31,5,1,26,28,1.62,.299
Renyel R Pinto,FLA,0,0,2.70,20,0,0,0,0,0,16.2,16,5,5,1,4,9,16,1.50,.250
Ben B Sheets,OAK,4,9,4.53,20,20,0,0,0,0,119.1,123,65,60,18,0,43,84,1.39,.267
Jack J Taschner,LAD,1,0,6.41,20,0,0,0,0,1,19.2,23,14,14,3,0,11,17,1.73,.277
Brett B Anderson,OAK,7,6,2.80,19,19,0,0,0,0,112.1,112,41,35,6,7,22,75,1.19,.257
Homer H Bailey,CIN,4,3,4.46,19,19,1,1,0,0,109.0,109,55,54,11,3,40,100,1.37,.260
Brian B Bruney,WSH,1,2,7.64,19,0,0,0,0,0,17.2,21,18,15,1,0,20,16,2.32,.309
Mike M Lincoln,CIN,1,0,7.32,19,0,0,0,0,0,19.2,25,16,16,1,2,10,12,1.78,.309
Justin J Miller,LAD,0,0,4.44,19,0,0,0,0,0,24.1,22,12,12,4,3,8,30,1.23,.244
Jamie J Moyer,PHI,9,9,4.84,19,19,2,1,0,0,111.2,103,64,60,20,6,20,63,1.10,.240
Sean S O' Sullivan,KC,4,6,5.49,19,14,0,0,0,0,83.2,90,53,51,15,1,31,43,1.45,.270
David D Pauley,SEA,4,9,4.07,19,15,0,0,0,0,90.2,89,44,41,13,4,30,51,1.31,.254
Felipe F Paulino,HOU,1,9,5.11,19,14,0,0,0,1,91.2,95,63,52,4,3,46,83,1.54,.270
Jake J Arrieta,BAL,6,6,4.66,18,18,0,0,0,0,100.1,106,57,52,9,4,48,52,1.53,.271
Madison M Bumgarner,SF,7,6,3.00,18,18,0,0,0,0,111.0,119,40,37,11,5,26,86,1.31,.272
John J Ely,LAD,4,10,5.49,18,18,0,0,0,0,100.0,105,63,61,12,2,40,76,1.45,.276
Carlos C Fisher,CIN,1,1,5.64,18,0,0,0,0,0,22.1,22,14,14,1,1,13,21,1.57,.256
Enrique E Gonzalez,DET,0,1,3.81,18,0,0,0,0,0,26.0,21,11,11,4,0,17,13,1.46,.236
La Troy L Hawkins,MIL,0,3,8.44,18,0,0,0,0,2,16.0,21,15,15,2,2,6,18,1.69,.323
Luke L Hochevar,KC,6,6,4.81,18,17,1,0,0,0,103.0,110,61,55,9,4,37,76,1.43,.272
Kenshin K Kawakami,ATL,1,10,5.15,18,16,0,0,0,0,87.1,98,57,50,10,1,32,59,1.49,.284
Kyle K Lohse,STL,4,8,6.55,18,18,0,0,0,0,92.0,129,75,67,9,3,35,54,1.78,.336
Cristhian C Martinez,ATL,0,0,4.85,18,0,0,0,0,0,26.0,28,14,14,3,0,6,22,1.31,.272
Daniel D Schlereth,DET,2,0,2.89,18,0,0,0,1,2,18.2,20,7,6,2,1,10,19,1.61,.270
Jeff J Stevens,CHC,0,0,6.11,18,0,0,0,0,1,17.2,21,15,12,4,0,10,15,1.75,.288
Collin C Balester,WSH,0,1,2.57,17,0,0,0,0,0,21.0,15,6,6,2,2,11,28,1.24,.203
Barry B Enright,ARI,6,7,3.91,17,17,0,0,0,0,99.0,97,43,43,20,1,29,49,1.27,.261
Mike M Mac Dougal,STL,1,1,7.23,17,0,0,0,0,1,18.2,23,15,15,1,1,12,14,1.88,.295
Mike M Mc Clendon,MIL,2,0,3.00,17,0,0,0,0,1,21.0,15,7,7,2,0,7,21,1.05,.195
Charlie C Morton,PIT,2,12,7.57,17,17,0,0,0,0,79.2,112,79,67,15,7,26,59,1.73,.332
Scott S Olsen,WSH,4,8,5.56,17,15,0,0,0,0,81.0,93,54,50,10,2,27,53,1.48,.289
Jake J Peavy,CWS,7,6,4.63,17,17,1,1,0,0,107.0,98,55,55,13,5,34,93,1.23,.242
Oliver O Pérez Perez,NYM,0,5,6.80,17,7,0,0,0,0,46.1,54,37,35,9,4,42,37,2.07,.293
Claudio C Vargas,MIL,1,0,7.32,17,0,0,0,0,0,19.2,28,16,16,3,0,10,18,1.93,.337
Travis T Wood,CIN,5,4,3.51,17,17,0,0,0,0,102.2,85,45,40,9,4,26,86,1.08,.222
Luis L Atilano,WSH,6,7,5.15,16,16,0,0,0,0,85.2,96,56,49,11,2,32,40,1.49,.282
Bobby B Cassevah,LAA,1,2,3.15,16,0,0,0,0,0,20.0,23,11,7,0,1,8,8,1.55,.277
Thomas T Diamond,CHC,1,3,6.83,16,3,0,0,0,0,29.0,33,23,22,5,2,18,36,1.76,.295
Luke L French,SEA,5,7,4.83,16,13,0,0,0,0,87.2,88,47,47,13,4,29,37,1.33,.262
J. A. J Happ,HOU,6,4,3.40,16,16,1,1,0,0,87.1,73,37,33,8,1,47,70,1.37,.230
Dustin D Moseley,NYY,4,4,4.96,16,9,0,0,0,0,65.1,66,36,36,13,2,27,33,1.42,.269
Ramon R Ortiz,LAD,1,2,6.30,16,2,0,0,0,0,30.0,33,22,21,5,0,16,21,1.63,.287
Vicente V Padilla,LAD,6,5,4.07,16,16,1,1,0,0,95.0,79,46,43,14,7,24,84,1.08,.226
Josh J Roenicke,TOR,1,0,5.68,16,0,0,0,0,0,19.0,18,15,12,1,2,13,18,1.63,.237
Leo L Rosales,ARI,2,0,7.16,16,0,0,0,0,0,16.1,25,13,13,2,0,9,12,2.08,.362
Brian B Stokes,LAA,0,0,8.10,16,0,0,0,0,0,16.2,26,18,15,4,1,16,16,2.52,.361
Brad B Thompson,KC,0,4,6.41,16,0,0,0,0,1,19.2,25,16,14,4,1,4,10,1.47,.305
Jordan J Walden,LAA,0,1,2.35,16,0,0,0,1,1,15.1,13,4,4,1,0,7,23,1.30,.224
Boof B Bonser,OAK,1,0,6.12,15,0,0,0,0,0,25.0,33,17,17,2,0,8,17,1.64,.327
Aroldis A Chapman,CIN,2,2,2.03,15,0,0,0,0,1,13.1,9,4,3,0,0,5,19,1.05,.196
Mike M Ekstrom,TB,0,1,3.31,15,0,0,0,0,0,16.1,12,6,6,0,2,9,10,1.29,.214
Greg G Holland,KC,0,1,6.75,15,0,0,0,0,0,18.2,23,15,14,3,0,8,23,1.66,.295
David D Huff,CLE,2,11,6.21,15,15,1,0,0,0,79.2,101,61,55,14,3,34,37,1.69,.310
Sam S Le Cure,CIN,2,5,4.50,15,6,0,0,0,0,48.0,50,24,24,6,5,25,37,1.56,.272
Frank F Mata,BAL,0,0,7.79,15,0,0,0,0,0,17.1,24,16,15,2,2,8,9,1.85,.324
James J Mc Donald,PIT,4,6,4.02,15,12,0,0,0,0,71.2,70,32,32,4,0,29,68,1.38,.260
Alex A Sanabia,FLA,5,3,3.73,15,12,0,0,0,0,72.1,74,32,30,6,3,16,47,1.24,.261
Scott S Schoeneweis,BOS,1,0,7.90,15,0,0,0,0,0,13.2,19,12,12,2,0,10,13,2.12,.333
Pedro P Strop,TEX,0,0,10.13,15,0,0,0,0,0,10.2,17,12,12,2,1,11,11,2.63,.362
Dontrelle D Willis,ARI,2,3,5.62,15,13,0,0,0,0,65.2,72,41,41,6,5,56,47,1.95,.290
Michael M Bowden,BOS,0,1,4.70,14,0,0,0,0,0,15.1,20,8,8,2,0,4,13,1.57,.323
Cedrick C Bowers,OAK,0,1,4.50,14,0,0,0,0,0,14.0,12,9,7,4,1,6,18,1.29,.218
Alberto A Castillo,BAL,1,0,10.13,14,0,0,0,0,0,10.2,16,12,12,5,0,6,11,2.06,.356
Derek D Holland,TEX,3,4,4.08,14,10,0,0,0,0,57.1,55,30,26,6,4,24,54,1.38,.247
Daniel D Hudson,ARI,8,2,2.45,14,14,0,0,0,0,95.1,68,26,26,8,4,27,84,1.00,.202
Michael M Kirkman,TEX,0,0,1.65,14,0,0,0,0,1,16.1,9,3,3,0,0,10,16,1.16,.161
Rommie R Lewis,TOR,0,0,6.75,14,0,0,0,0,0,18.2,20,14,14,4,0,8,15,1.50,.270
Mark M Lowe,TEX,1,3,5.40,14,0,0,0,0,0,13.1,18,9,8,2,0,6,12,1.80,.333
Brandon B Medders,SF,0,0,7.20,14,0,0,0,0,0,15.0,26,12,12,3,0,6,8,2.13,.388
Matt M Palmer,LAA,1,2,4.54,14,1,0,0,0,0,33.2,38,20,17,1,1,20,17,1.72,.281
Cesar C Ramos,SD,0,1,11.88,14,0,0,0,0,0,8.1,18,11,11,1,0,4,9,2.64,.419
Marc M Rzepczynski,TOR,4,4,4.95,14,12,0,0,0,0,63.2,72,37,35,8,5,30,57,1.60,.289
Travis T Schlichting,LAD,1,0,3.57,14,0,0,0,0,0,22.2,20,9,9,0,0,10,14,1.32,.233
Chris C Seddon,SEA,1,0,5.64,14,0,0,0,0,0,22.1,21,14,14,4,0,10,16,1.39,.250
Wesley W Wright,HOU,1,2,5.73,14,4,0,0,0,0,33.0,37,27,21,6,3,13,29,1.52,.287
Bryan B Bullington,KC,1,4,6.12,13,5,0,0,0,0,42.2,51,29,29,6,4,17,29,1.59,.297
Casey C Daigle,HOU,1,1,11.32,13,0,0,0,0,0,10.1,25,13,13,3,0,6,6,3.00,.439
Scott S Maine,CHC,0,0,2.08,13,0,0,0,0,0,13.0,9,4,3,1,0,5,11,1.08,.188
Jeff J Manship,MIN,2,1,5.28,13,1,0,0,0,0,29.0,34,20,17,3,0,6,21,1.38,.293
Jason J Marquis,WSH,2,9,6.60,13,13,0,0,0,0,58.2,76,47,43,9,8,24,31,1.70,.315
Doug D Mathis,TEX,1,1,6.04,13,0,0,0,0,0,22.1,30,15,15,7,0,11,10,1.84,.337
Dan D Meyer,FLA,0,1,9.64,13,0,0,0,0,1,9.1,15,10,10,1,1,12,4,2.89,.366
Glen G Perkins,MIN,1,1,5.82,13,1,0,0,0,0,21.2,29,16,14,3,4,5,14,1.57,.337
Clay C Rapada,TEX,0,0,4.00,13,0,0,0,0,1,9.0,6,4,4,2,0,7,5,1.44,.188
Rich R Thompson,LAA,2,0,1.37,13,0,0,0,0,0,19.2,12,4,3,2,0,4,15,0.81,.171
Todd T Wellemeyer,SF,3,5,5.68,13,11,0,0,0,0,58.2,57,37,37,12,3,35,41,1.57,.259
Casey C Coleman,CHC,4,2,4.11,12,8,0,0,0,0,57.0,56,27,26,3,2,25,27,1.42,.260
Jesus J Colome,SEA,0,1,5.29,12,0,0,0,0,0,17.0,15,10,10,1,1,11,16,1.53,.242
Felix F Doubront,BOS,2,2,4.32,12,3,0,0,2,3,25.0,27,16,12,3,1,10,23,1.48,.270
Dana D Eveland,PIT,3,5,6.79,12,10,0,0,0,0,54.1,72,44,41,4,4,32,24,1.91,.324
Pat P Misch,NYM,0,4,3.82,12,6,0,0,0,0,37.2,43,20,16,4,1,4,23,1.25,.283
Adam A Russell,SD,0,0,4.02,12,0,0,0,0,0,15.2,14,8,7,0,0,5,18,1.21,.255
Ian I Snell,SEA,0,5,6.41,12,8,0,0,0,0,46.1,60,36,33,10,1,25,26,1.83,.308
Stephen S Strasburg,WSH,5,3,2.91,12,12,0,0,0,0,68.0,56,25,22,5,0,17,92,1.07,.221
Justin J Thomas,PIT,0,1,6.23,12,0,0,0,0,0,13.0,21,9,9,3,0,5,5,2.00,.375
Josh J Tomlin,CLE,6,4,4.56,12,12,1,0,0,0,73.0,72,38,37,10,3,19,43,1.25,.264
Edinson E Vólquez Volquez,CIN,4,3,4.31,12,12,0,0,0,0,62.2,59,30,30,6,3,35,67,1.50,.253
Enerio E Del Rosario,HOU,1,1,4.50,11,0,0,0,0,2,10.0,17,7,5,0,1,4,4,2.10,.405
Jeanmar J Gómez Gomez,CLE,4,5,4.68,11,11,0,0,0,0,57.2,73,36,30,7,2,22,34,1.65,.307
Sean S Green,NYM,0,0,3.86,11,0,0,0,0,0,9.1,7,6,4,1,4,8,12,1.61,.200
Steven S Jackson,PIT,0,1,8.74,11,0,0,0,0,0,11.1,17,11,11,4,0,6,7,2.03,.362
Brad B Lincoln,PIT,1,4,6.66,11,9,0,0,0,0,52.2,66,42,39,9,5,15,25,1.54,.310
Pat P Neshek,MIN,0,1,5.00,11,0,0,0,0,1,9.0,7,5,5,1,1,8,9,1.67,.206
Josh J Rupe,KC,1,1,5.59,11,0,0,0,0,0,9.2,14,6,6,1,0,7,8,2.17,.341
Erick E Threets,CWS,0,0,0.00,11,0,0,0,0,0,12.1,9,1,0,0,0,3,6,0.97,.220
Chris C Tillman,BAL,2,5,5.87,11,11,0,0,0,0,53.2,51,37,35,9,1,31,31,1.53,.255
Ross R Wolf,OAK,0,0,4.26,11,0,0,0,0,0,12.2,12,6,6,1,1,6,9,1.42,.250
Alfredo A Aceves,NYY,3,0,3.00,10,0,0,0,1,1,12.0,10,5,4,1,1,4,2,1.17,.208
Jonathan J Albaladejo,NYY,0,0,3.97,10,0,0,0,0,0,11.1,9,5,5,1,2,8,8,1.50,.231
Mike M Hampton,ARI,0,0,0.00,10,0,0,0,0,0,4.1,3,0,0,0,0,1,3,0.92,.214
Jeremy J Hellickson,TB,4,0,3.47,10,4,0,0,0,1,36.1,32,14,14,5,2,8,33,1.10,.232
Jeremy J Jeffress,MIL,1,0,2.70,10,0,0,0,0,0,10.0,8,4,3,0,0,6,8,1.40,.229
Robert R Manuel,BOS,1,0,4.26,10,0,0,0,0,0,12.2,10,6,6,5,0,7,5,1.34,.213
Ivan I Nova,NYY,1,2,4.50,10,7,0,0,0,1,42.0,44,22,21,4,1,17,26,1.45,.268
Taylor T Buchholz,TOR,1,0,3.75,9,0,0,0,0,0,12.0,10,5,5,2,0,6,9,1.33,.238
Chad C Cordero,SEA,0,1,6.52,9,0,0,0,0,0,9.2,10,7,7,1,1,5,6,1.55,.313
Charlie C Haeger,LAD,0,4,8.40,9,6,0,0,0,0,30.0,36,32,28,4,1,26,30,2.07,.295
Jon J Link,LAD,0,0,4.15,9,0,0,0,0,0,8.2,12,7,4,0,0,4,4,1.85,.333
Jesse J Litsch,TOR,1,5,5.79,9,9,0,0,0,0,46.2,53,30,30,7,2,15,16,1.46,.286
John J Maine,NYM,1,3,6.13,9,9,0,0,0,0,39.2,47,29,27,8,2,25,39,1.82,.297
J. D. J Martin,WSH,1,5,4.13,9,9,0,0,0,0,48.0,56,30,22,9,1,11,31,1.40,.287
Joe J Martinez,PIT,0,1,4.12,9,1,0,0,0,0,19.2,26,11,9,1,2,9,9,1.78,.317
Andrew A Miller,FLA,1,5,8.54,9,7,0,0,0,0,32.2,51,34,31,6,1,26,28,2.36,.372
Mike M Minor,ATL,3,2,5.98,9,8,0,0,0,0,40.2,53,28,27,6,1,11,43,1.57,.314
John J Parrish,KC,1,1,3.00,9,0,0,0,0,2,6.0,4,2,2,2,0,5,4,1.50,.190
Brad B Penny,STL,3,4,3.23,9,9,0,0,0,0,55.2,63,25,20,4,3,9,35,1.29,.293
Mitch M Stetter,MIL,0,0,14.73,9,0,0,0,0,0,3.2,7,6,6,1,1,3,3,2.73,.389
Cesar C Valdez,ARI,1,2,7.65,9,2,0,0,0,0,20.0,29,19,17,2,1,10,13,1.95,.337
Rick R Van Den Hurk,BAL,0,1,5.09,9,1,0,0,0,0,17.2,16,14,10,2,2,8,18,1.36,.246
Jay J Buente,FLA,0,0,6.55,8,0,0,0,0,0,11.0,16,8,8,0,0,11,9,2.45,.340
Esmailin E Caridad,CHC,0,1,11.25,8,0,0,0,0,2,4.0,4,7,5,1,0,5,4,2.25,.235
Jose J Ceda,FLA,0,0,5.19,8,0,0,0,0,0,8.2,8,5,5,1,1,11,9,2.19,.242
Doug D Davis,MIL,1,4,7.51,8,8,0,0,0,0,38.1,55,36,32,6,3,21,34,1.98,.333
Ross R Detwiler,WSH,1,3,4.25,8,5,0,0,0,0,29.2,34,22,14,5,1,14,17,1.62,.288
Alfredo A Figaro,DET,0,2,6.75,8,1,0,0,0,0,14.2,18,12,11,1,0,8,5,1.77,.310
Lucas L Harrell,CWS,1,0,4.88,8,3,0,0,0,0,24.0,34,18,13,2,0,17,15,2.13,.337
Philip P Humber,KC,2,1,4.15,8,1,0,0,0,0,21.2,22,10,10,1,1,7,16,1.34,.259
Jake J Mc Gee,TB,0,0,1.80,8,0,0,0,0,0,5.0,2,1,1,0,0,3,6,1.00,.118
Joe J Nelson,BOS,0,0,9.72,8,0,0,0,0,0,8.1,14,9,9,2,0,6,9,2.40,.359
Greg G Smith,COL,1,2,6.23,8,8,0,0,0,0,39.0,49,28,27,8,1,24,31,1.87,.322
Henry H Villar,HOU,0,0,4.50,8,0,0,0,0,0,6.0,5,3,3,0,1,3,3,1.33,.227
Mike M Zagurski,PHI,0,0,10.29,8,0,0,0,0,0,7.0,8,8,8,1,2,5,11,1.86,.320
Carlos C Carrasco,CLE,2,2,3.83,7,7,1,0,0,0,44.2,47,20,19,6,1,14,38,1.37,.276
Jesse J English,WSH,0,0,3.86,7,0,0,0,0,0,7.0,10,3,3,0,0,2,4,1.71,.323
Marco M Estrada,MIL,0,0,9.53,7,1,0,0,0,0,11.1,14,13,12,3,1,6,13,1.76,.280
Jeff J Gray,CHC,1,0,6.75,7,0,0,0,0,0,9.1,12,9,7,1,1,5,4,1.82,.316
Brandon B Kintzler,MIL,0,1,7.36,7,0,0,0,0,0,7.1,10,6,6,2,0,4,9,1.91,.357
Matt M Maloney,CIN,2,2,3.05,7,2,0,0,0,0,20.2,20,7,7,2,1,5,13,1.21,.256
Brad B Mills,TOR,1,0,5.64,7,3,0,0,0,0,22.1,20,14,14,2,1,13,18,1.48,.241
Edwar E Ramirez,OAK,1,0,4.91,7,0,0,0,0,0,11.0,9,7,6,1,0,10,10,1.73,.220
Jeff J Samardzija,CHC,2,2,8.38,7,3,0,0,0,0,19.1,21,22,18,4,2,20,9,2.12,.269
Brian B Schlitter,CHC,0,1,12.38,7,0,0,0,0,0,8.0,18,11,11,2,1,5,7,2.88,.429
P. J. P Walters,STL,2,0,6.00,7,3,0,0,0,0,30.0,32,20,20,5,0,10,22,1.40,.276
Jordan J Zimmermann,WSH,1,2,4.94,7,7,0,0,0,0,31.0,31,20,17,8,2,10,27,1.32,.256
Robert R Coello,BOS,0,0,4.76,6,0,0,0,0,0,5.2,4,3,3,0,0,5,5,1.59,.190
Sammy S Gervacio,HOU,0,1,12.27,6,0,0,0,0,0,3.2,4,6,5,1,0,5,3,2.45,.267
Rich R Hill,BOS,1,0,0.00,6,0,0,0,0,0,4.0,5,0,0,0,0,1,3,1.50,.294
Anthony A Lerew,KC,1,4,8.54,6,6,0,0,0,0,26.1,34,25,25,9,2,9,18,1.63,.321
Russ R Ortiz,LAD,0,1,10.29,6,0,0,0,0,0,7.0,10,8,8,0,0,5,6,2.14,.345
Scott S Proctor,ATL,0,0,6.35,6,0,0,0,0,0,5.2,4,4,4,1,0,4,6,1.41,.200
Jeremy J Accardo,TOR,0,1,8.10,5,0,0,0,0,0,6.2,12,6,6,0,1,3,3,2.25,.400
Mitch M Atkins,CHC,0,0,6.30,5,0,0,0,0,0,10.0,12,8,7,2,1,6,10,1.80,.286
Joe J Bisenius,WSH,0,0,9.64,5,0,0,0,0,0,4.2,6,6,5,1,0,6,5,2.57,.300
Roman R Colon,KC,0,0,18.00,5,0,0,0,0,0,2.0,5,4,4,0,1,2,1,3.50,.455
Juan J Cruz,KC,0,0,3.38,5,0,0,0,0,1,5.1,9,2,2,0,0,4,7,2.44,.391
Justin J Duchscherer,OAK,2,1,2.89,5,5,0,0,0,0,28.0,26,11,9,3,1,12,18,1.36,.255
Edgmer E Escalona,COL,0,0,1.50,5,0,0,0,0,0,6.0,4,1,1,0,0,4,2,1.33,.190
Armando A Gabino,BAL,0,0,13.50,5,0,0,0,0,0,4.2,9,7,7,3,0,3,2,2.57,.391
Dillon D Gee,NYM,2,2,2.18,5,5,0,0,0,0,33.0,25,10,8,2,0,15,17,1.21,.212
Gregory G Infante,CWS,0,0,0.00,5,0,0,0,0,0,4.2,2,0,0,0,0,4,5,1.29,.133
Justin J James,OAK,0,0,4.50,5,0,0,0,0,1,4.0,7,2,2,0,1,4,5,2.75,.389
Brad B Kilby,OAK,0,0,2.16,5,0,0,0,0,0,8.1,7,2,2,2,0,0,8,0.84,.219
Yunesky Y Maya,WSH,0,3,5.88,5,5,0,0,0,0,26.0,30,18,17,3,2,11,12,1.58,.294
Adalberto A Mendez,FLA,1,3,5.11,5,5,0,0,0,0,24.2,28,14,14,7,2,12,11,1.62,.295
Andy A Oliver,DET,0,4,7.36,5,5,0,0,0,0,22.0,26,22,18,3,2,13,18,1.77,.310
Adam A Ottavino,STL,0,2,8.46,5,3,0,0,0,0,22.1,37,21,21,5,0,9,12,2.06,.370
Vinnie V Pestano,CLE,0,0,3.60,5,0,0,0,1,1,5.0,4,2,2,0,0,5,8,1.80,.222
Royce R Ring,NYY,0,0,15.43,5,0,0,0,0,0,2.1,3,4,4,0,0,2,2,2.14,.300
Anthony A Slama,MIN,0,1,7.71,5,0,0,0,0,1,4.2,6,4,4,1,0,5,5,2.36,.300
Jess J Todd,CLE,0,0,7.50,5,0,0,0,0,0,6.0,9,5,5,0,0,3,9,2.00,.333
Carlos C Torres,CWS,0,1,8.56,5,1,0,0,0,0,13.2,23,13,13,2,0,9,13,2.34,.377
Vance V Worley,PHI,1,1,1.38,5,2,0,0,0,0,13.0,8,2,2,1,0,4,12,0.92,.178
Brian B Bass,PIT,0,0,12.27,4,0,0,0,0,0,7.1,9,11,10,0,1,10,5,2.59,.310
Jason J Bergmann,WSH,0,1,15.43,4,0,0,0,0,0,2.1,3,4,4,2,0,1,2,1.71,.300
Jared J Burton,CIN,0,0,0.00,4,0,0,0,0,0,3.1,0,0,0,0,0,0,1,0.00,.000
Dan D Cortes,SEA,0,1,3.38,4,0,0,0,0,1,5.1,3,3,2,0,0,3,6,1.13,.158
Bobby B Cramer,OAK,2,1,3.04,4,4,0,0,0,0,23.2,20,8,8,5,0,6,13,1.10,.233
Samuel S Deduno,COL,0,0,3.38,4,0,0,0,0,0,2.2,3,1,1,1,0,1,3,1.50,.273
Matt M Fox,BOS,0,0,4.91,4,1,0,0,0,0,7.1,8,4,4,0,0,2,0,1.36,.296
Shawn S Hill,TOR,1,2,2.61,4,4,0,0,0,0,20.2,24,8,6,1,1,4,14,1.35,.282
Waldis W Joaquin,SF,0,0,9.64,4,0,0,0,0,0,4.2,6,6,5,0,1,7,2,2.79,.333
Cory C Luebke,SD,1,1,4.08,4,3,0,0,0,0,17.2,17,8,8,3,1,6,18,1.30,.246
Jhan J Mariñez Marinez,FLA,1,1,6.75,4,0,0,0,0,2,2.2,3,3,2,1,0,3,3,2.25,.273
Luis L Mendoza,KC,0,1,22.50,4,0,0,0,0,1,4.0,10,10,10,4,0,3,1,3.25,.455
Saul S Rivera,ARI,0,0,22.09,4,0,0,0,0,0,3.2,11,9,9,2,0,3,1,3.82,.550
Mark M Rogers,MIL,0,0,1.80,4,2,0,0,0,0,10.0,2,2,2,0,1,3,11,0.50,.067
Daniel D Stange,ARI,0,0,13.50,4,0,0,0,0,0,4.0,4,6,6,1,0,6,2,2.50,.250
Anthony A Varvaro,SEA,0,1,11.25,4,0,0,0,0,0,4.0,6,5,5,2,0,6,5,3.00,.333
Chris C Young,SD,2,0,0.90,4,4,0,0,0,0,20.0,10,2,2,1,0,11,15,1.05,.143
Brandon B Beachy,ATL,0,2,3.00,3,3,0,0,0,0,15.0,16,9,5,0,0,7,15,1.53,.267
Kris K Benson,ARI,1,1,5.14,3,3,0,0,0,0,14.0,18,9,8,2,1,6,8,1.71,.305
Billy B Buckner,ARI,0,3,11.08,3,3,0,0,0,0,13.0,26,17,16,4,2,5,11,2.38,.406
Steve S Cishek,FLA,0,0,0.00,3,0,0,0,0,0,4.1,1,0,0,0,0,1,3,0.46,.071
Kyle K Drabek,TOR,0,3,4.76,3,3,0,0,0,0,17.0,18,9,9,2,0,5,12,1.35,.295
Hunter H Jones,FLA,0,0,0.00,3,0,0,0,0,0,1.2,0,0,0,0,1,1,3,0.60,.000
Zach Z Kroenke,ARI,1,0,6.75,3,1,0,0,0,0,6.2,9,5,5,2,0,4,2,1.95,.333
Kam K Mickolio,BAL,0,0,7.36,3,0,0,0,0,0,3.2,5,3,3,1,0,3,4,2.18,.313
Hayden H Penn,PIT,0,0,30.86,3,0,0,0,0,0,2.1,8,8,8,0,0,3,0,4.71,.615
Robert R Ray,TOR,0,0,2.45,3,0,0,0,0,0,3.2,2,1,1,0,0,5,3,1.91,.154
Rafael R Rodriguez,ARI,0,0,5.79,3,0,0,0,0,0,4.2,5,3,3,1,2,3,3,1.71,.263
Brett B Sinkbeil,FLA,0,0,13.50,3,0,0,0,0,0,2.0,2,3,3,0,0,5,1,3.50,.250
Chris C Smith,MIL,0,0,5.40,3,0,0,0,0,0,3.1,4,2,2,0,0,1,4,1.50,.308
Scott S Strickland,FLA,0,0,9.00,3,0,0,0,0,0,2.0,5,2,2,0,0,1,0,3.00,.500
Omar O Beltre,TEX,0,1,9.00,2,2,0,0,0,0,7.0,9,7,7,3,2,7,9,2.29,.321
Casey C Fien,DET,0,0,10.13,2,0,0,0,0,0,2.2,4,3,3,2,0,0,0,1.50,.364
Evan E Mac Lane,STL,0,1,9.00,2,0,0,0,0,0,1.0,1,1,1,1,0,1,0,2.00,.333
Gary G Majewski,HOU,0,0,22.50,2,0,0,0,0,0,2.0,5,5,5,1,0,1,1,3.00,.417
Scott S Mathieson,PHI,0,0,10.80,2,0,0,0,0,0,1.2,5,3,2,0,0,2,1,4.20,.556
Aaron A Miles,STL,0,0,0.00,2,0,0,0,0,0,2.0,2,0,0,0,0,0,0,1.00,.250
Kevin K Mulvey,ARI,0,0,6.00,2,0,0,0,0,0,3.0,5,2,2,2,1,2,1,2.33,.357
Juan J Rincon,COL,0,0,4.50,2,0,0,0,0,0,2.0,3,1,1,0,0,2,3,2.50,.333
Sandy S Rosario,FLA,0,0,54.00,2,0,0,0,0,0,1.0,9,6,6,2,0,1,0,10.00,.818
Romulo R Sanchez,NYY,0,0,0.00,2,0,0,0,0,0,4.1,1,0,0,0,0,3,5,0.92,.071
Russ R Springer,CIN,0,0,5.40,2,0,0,0,0,0,1.2,2,1,1,0,0,0,1,1.20,.286
Merkin M Valdez,TOR,0,0,20.25,2,0,0,0,0,0,1.1,2,3,3,0,0,3,0,3.75,.333
Pedro P Viola,BAL,0,0,13.50,2,0,0,0,0,0,1.1,1,2,2,1,0,1,3,1.50,.200
Sean S West,FLA,0,2,7.71,2,2,0,0,0,0,9.1,15,9,8,2,0,4,8,2.04,.375
Josh J Banks,HOU,0,1,13.50,1,1,0,0,0,0,4.0,8,6,6,1,0,4,1,3.00,.400
Fernando F Cabrera,BOS,0,0,20.25,1,0,0,0,0,0,1.1,2,3,3,1,0,2,0,3.00,.400
Drew D Carpenter,PHI,0,1,9.00,1,0,0,0,0,0,3.0,5,3,3,1,0,0,2,1.67,.385
Kevin K Cash,HOU,0,0,9.00,1,0,0,0,0,0,1.0,3,1,1,0,0,0,0,3.00,.500
Matt M Chico,WSH,0,0,3.60,1,1,0,0,0,0,5.0,6,2,2,0,1,0,3,1.20,.286
Rob R Delaney,MIN,0,0,9.00,1,0,0,0,0,0,1.0,2,1,1,1,0,1,0,3.00,.500
Scott S Elbert,LAD,0,0,13.50,1,0,0,0,0,0,0.2,1,1,1,0,0,3,0,6.00,.333
Bill B Hall,BOS,0,0,0.00,1,0,0,0,0,0,1.0,0,0,0,0,0,0,0,0.00,.000
James J Houser,FLA,0,0,20.25,1,0,0,0,0,0,1.1,3,3,3,1,1,1,1,3.00,.500
Joe J Inglett,MIL,0,0,0.00,1,0,0,0,0,0,1.0,0,0,0,0,0,0,0,0.00,.000
Chris C Jakubauskas,PIT,0,1,27.00,1,1,0,0,0,0,0.2,2,2,2,0,0,0,0,3.00,.500
Felipe F Lopez S,STL,0,0,0.00,1,0,0,0,0,0,1.0,1,0,0,0,0,1,0,2.00,.333
Jeff J Marquez,CWS,0,0,18.00,1,0,0,0,0,0,1.0,2,2,2,1,0,0,0,2.00,.400
Andy A Marte,CLE,0,0,0.00,1,0,0,0,0,0,1.0,0,0,0,0,0,0,1,0.00,.000
Joe J Mather C,STL,0,1,9.00,1,0,0,0,0,0,2.0,2,2,2,0,1,3,0,2.50,.400
Garrett G Mock,WSH,0,0,5.40,1,1,0,0,0,0,3.1,4,2,2,2,0,5,3,2.70,.286
Clayton C Mortensen,OAK,0,0,4.50,1,1,0,0,0,0,6.0,6,4,3,1,0,2,7,1.33,.250
Guillermo G Moscoso,TEX,0,0,27.00,1,0,0,0,0,0,0.2,2,2,2,0,1,2,2,6.00,.500
Troy T Patton,BAL,0,0,0.00,1,0,0,0,0,0,0.2,1,0,0,0,0,1,1,3.00,.333
Luis L Perdomo,SD,0,0,9.00,1,0,0,0,0,0,1.0,1,1,1,1,0,0,0,1.00,.250
Jo- Jo J Reyes,ATL,0,0,24.30,1,0,0,0,0,0,3.1,10,9,9,2,0,3,2,3.90,.500
Jay J Sborz,DET,0,0,67.50,1,0,0,0,0,0,0.2,3,5,5,0,2,0,1,4.50,.600
Tobi T Stoner,NYM,0,1,3.86,1,0,0,0,0,0,2.1,3,1,1,0,0,1,0,1.71,.300
Dale D Thayer,TB,0,0,27.00,1,0,0,0,0,0,2.0,7,6,6,1,0,0,2,3.50,.538
Jonathan J Van Every C,BOS,0,0,18.00,1,0,0,0,0,0,1.0,2,2,2,1,0,0,1,2.00,.400
