PLAYER,TEAM,W,L,ERA,GS,CG,SHO,SV,SVO,IP,H,R,ER,HR,HB,BB,SO,WHIP,AVG
Peter P Moylan,KC,0,0,3.49,79,0,0,0,0,1,59.1,40,26,23,4,5,25,46,1.10,.189
Bryan B Shaw,CLE,4,6,3.52,79,0,0,0,3,6,76.2,71,36,30,5,0,22,73,1.21,.247
Dan D Jennings,TB,3,1,3.45,77,0,0,0,0,2,62.2,53,27,24,8,1,31,51,1.34,.227
Addison A Reed,BOS,2,3,2.84,77,0,0,0,19,21,76.0,65,24,24,11,1,15,76,1.05,.226
Corey C Knebel,MIL,1,4,1.78,76,0,0,0,39,45,76.0,48,15,15,6,2,40,126,1.16,.180
Juan J Nicasio,STL,5,5,2.61,76,0,0,0,6,10,72.1,58,22,21,5,2,20,72,1.08,.217
Jerry J Blevins,NYM,6,0,2.94,75,0,0,0,1,8,49.0,43,16,16,4,4,24,69,1.37,.229
Matt M Bowman,STL,3,6,3.99,75,0,0,0,2,5,58.2,52,29,26,4,5,18,46,1.19,.239
Hector H Neris,PHI,4,5,3.01,74,0,0,0,26,29,74.2,68,26,25,9,6,26,86,1.26,.239
Jacob J Barnes,MIL,3,4,4.00,73,0,0,0,2,7,72.0,57,35,32,8,3,33,80,1.25,.215
Brett B Cecil,STL,2,4,3.88,73,0,0,0,1,7,67.1,67,31,29,7,0,16,66,1.23,.262
Carl C Edwards,CHC,5,4,2.98,73,0,0,0,0,4,66.1,29,22,22,6,4,38,94,1.01,.134
Ryan R Tepera,TOR,7,1,3.59,73,0,0,0,2,4,77.2,57,35,31,7,8,31,81,1.13,.205
Felipe F Vázquez Vazquez,PIT,5,3,1.67,73,0,0,0,21,23,75.1,47,19,14,4,4,20,88,0.89,.171
Danny D Coulombe,OAK,2,2,3.48,72,0,0,0,0,1,51.2,46,22,20,4,4,22,39,1.32,.240
Brad B Hand,SD,3,4,2.16,72,0,0,0,21,26,79.1,54,20,19,9,7,20,104,0.93,.191
Brandon B Kintzler,WSH,4,3,3.03,72,0,0,0,29,35,71.1,66,25,24,5,3,16,39,1.15,.248
Blake B Treinen,OAK,3,6,3.93,72,0,0,0,16,21,75.2,80,35,33,6,5,25,74,1.39,.274
Blake B Wood,LAA,3,4,5.45,72,0,0,0,0,1,74.1,84,49,45,8,1,33,84,1.57,.286
Ryan R Buchter,KC,4,3,2.89,71,0,0,0,1,3,65.1,44,25,21,10,4,26,65,1.07,.187
Andrew A Chafin,ARI,1,0,3.51,71,0,0,0,0,0,51.1,48,21,20,5,2,21,61,1.34,.246
Shane S Greene,DET,4,3,2.66,71,0,0,0,9,13,67.2,50,21,20,6,4,34,73,1.24,.205
Daniel D Hudson,PIT,2,7,4.38,71,0,0,0,0,2,61.2,57,34,30,7,5,33,66,1.46,.248
Pat P Neshek,COL,5,3,1.59,71,0,0,0,1,5,62.1,48,13,11,3,0,6,69,0.87,.212
Blake B Parker,LAA,3,3,2.54,71,0,0,0,8,11,67.1,40,20,19,7,1,16,86,0.83,.172
Tony T Watson,LAD,7,4,3.38,71,0,0,0,10,18,66.2,72,26,25,9,5,20,53,1.38,.278
Matt M Barnes,BOS,7,3,3.88,70,0,0,0,1,3,69.2,57,31,30,7,1,28,83,1.22,.224
Alex A Claudio,TEX,4,2,2.50,70,1,0,0,11,15,82.2,71,26,23,5,2,15,56,1.04,.235
Liam L Hendriks,OAK,4,2,4.22,70,0,0,0,1,4,64.0,57,34,30,7,0,23,78,1.25,.229
Michael M Lorenzen,CIN,8,4,4.45,70,0,0,0,2,8,83.0,78,43,41,9,4,34,80,1.35,.244
Aaron A Loup,TOR,2,3,3.75,70,0,0,0,0,0,57.2,59,27,24,4,6,29,64,1.53,.262
Anthony A Swarzak,MIL,6,4,2.33,70,0,0,0,2,5,77.1,58,21,20,6,2,22,91,1.03,.211
Cody C Allen,CLE,3,7,2.94,69,0,0,0,30,34,67.1,57,24,22,9,2,21,92,1.16,.221
Mychal M Givens,BAL,8,1,2.75,69,0,0,0,0,6,78.2,57,24,24,10,5,25,88,1.04,.200
Tommy T Kahnle,NYY,2,4,2.59,69,0,0,0,0,6,62.2,53,20,18,4,2,17,96,1.12,.228
Wandy W Peralta,CIN,3,4,3.76,69,0,0,0,0,2,64.2,53,28,27,8,1,24,57,1.19,.227
Taylor T Rogers,MIN,7,3,3.07,69,0,0,0,0,4,55.2,52,20,19,6,3,21,49,1.31,.246
Pedro P Strop,CHC,5,4,2.83,69,0,0,0,0,4,60.1,45,22,19,4,3,26,65,1.18,.206
Nick N Vincent,SEA,3,3,3.20,69,0,0,0,0,2,64.2,62,23,23,3,0,13,50,1.16,.257
Brian B Duensing,CHC,1,1,2.74,68,0,0,0,0,1,62.1,58,19,19,6,2,18,61,1.22,.246
Mike M Dunn,COL,5,1,4.47,68,0,0,0,0,1,50.1,43,25,25,8,0,28,57,1.41,.228
Jarlin J García Garcia,MIA,1,2,4.73,68,0,0,0,0,1,53.1,47,29,28,6,4,17,42,1.20,.235
Cory C Gearrin,SF,4,3,1.99,68,0,0,0,0,1,68.0,50,16,15,4,7,35,64,1.25,.208
Brandon B Maurer,KC,3,6,6.52,68,0,0,0,22,26,59.1,73,43,43,8,1,19,59,1.55,.298
Jose J Ramírez Ramirez,ATL,2,3,3.19,68,0,0,0,0,5,62.0,45,26,22,9,5,29,56,1.19,.204
Hunter H Strickland,SF,4,3,2.64,68,0,0,0,1,3,61.1,59,20,18,4,2,29,58,1.43,.253
Brad B Brach,BAL,4,5,3.18,67,0,0,0,18,24,68.0,51,27,24,7,0,26,70,1.13,.208
Tyler T Clippard,HOU,2,8,4.77,67,0,0,0,5,11,60.1,47,33,32,10,2,31,72,1.29,.209
Jared J Hughes,MIL,5,3,3.02,67,0,0,0,1,4,59.2,49,21,20,4,6,24,48,1.22,.231
Craig C Kimbrel,BOS,5,0,1.43,67,0,0,0,35,39,69.0,33,11,11,6,4,14,126,0.68,.140
Carlos C Torres,MIL,4,4,4.21,67,0,0,0,1,4,72.2,78,37,34,10,3,33,56,1.53,.279
Pedro P Báez Baez,LAD,3,6,2.95,66,0,0,0,0,3,64.0,56,24,21,9,2,29,64,1.33,.225
Kyle K Barraclough,MIA,6,2,3.00,66,0,0,0,1,5,66.0,53,25,22,5,2,38,76,1.38,.222
Dellin D Betances,NYY,3,6,2.87,66,0,0,0,10,13,59.2,29,20,19,3,11,44,100,1.22,.141
Edwin E Díaz Diaz,SEA,4,6,3.27,66,0,0,0,34,39,66.0,44,28,24,10,3,32,89,1.15,.183
Luis L García Garcia,PHI,2,5,2.65,66,0,0,0,2,7,71.1,61,22,21,3,0,26,60,1.22,.229
Scott S Oberg,COL,0,1,4.94,66,0,0,0,0,1,58.1,70,35,32,4,2,24,55,1.61,.297
Roberto R Osuna,TOR,3,4,3.38,66,0,0,0,39,49,64.0,46,26,24,3,3,9,83,0.86,.197
Alex A Wilson,DET,2,5,4.50,66,0,0,0,2,7,60.0,67,34,30,7,3,15,42,1.37,.279
Alex A Colomé Colome,TB,2,3,3.24,65,0,0,0,47,53,66.2,57,27,24,4,3,23,58,1.20,.232
Jorge J De La Rosa,ARI,3,1,4.21,65,0,0,0,0,1,51.1,46,24,24,7,3,21,45,1.31,.240
Luke L Gregerson,HOU,2,3,4.57,65,0,0,0,1,4,61.0,62,31,31,13,0,20,70,1.34,.257
Kenley K Jansen,LAD,5,0,1.32,65,0,0,0,41,42,68.1,44,11,10,5,2,7,109,0.75,.177
George G Kontos,PIT,1,6,3.39,65,0,0,0,1,7,66.1,61,27,25,9,0,20,70,1.22,.242
Dominic D Leone,TOR,3,0,2.56,65,0,0,0,1,5,70.1,51,22,20,6,0,23,81,1.05,.202
Mike M Minor,KC,6,6,2.55,65,0,0,0,6,9,77.2,57,23,22,5,1,22,88,1.02,.204
Justin J Wilson,CHC,4,4,3.41,65,0,0,0,13,16,58.0,40,23,22,5,1,35,80,1.29,.190
Jose J Álvarez Alvarez,LAA,0,3,3.88,64,0,0,0,1,3,48.2,50,23,21,7,0,12,45,1.27,.263
Oliver O Drake,MIL,3,5,4.66,64,0,0,0,1,4,56.0,63,31,29,6,0,25,62,1.57,.283
David D Hernandez,ARI,3,1,3.11,64,0,0,0,2,4,55.0,48,20,19,4,1,9,52,1.04,.239
Kelvin K Herrera,KC,3,3,4.25,64,0,0,0,26,31,59.1,60,33,28,9,1,20,56,1.35,.255
Keynan K Middleton,LAA,6,1,3.86,64,0,0,0,3,5,58.1,60,25,25,11,0,18,63,1.34,.265
Darren D O' Day,BAL,2,3,3.43,64,0,0,0,2,4,60.1,41,24,23,8,3,24,76,1.08,.193
Marc M Rzepczynski,SEA,2,2,4.02,64,0,0,0,1,3,31.1,29,16,14,2,1,20,25,1.56,.252
Matt M Albers,WSH,7,2,1.62,63,0,0,0,2,6,61.0,35,12,11,6,4,17,63,0.85,.166
Archie A Bradley,ARI,3,3,1.73,63,0,0,0,1,7,73.0,55,14,14,4,1,21,79,1.04,.207
Santiago S Casilla,OAK,4,5,4.27,63,0,0,0,16,23,59.0,58,29,28,8,6,22,57,1.36,.259
Ken K Giles,HOU,1,3,2.30,63,0,0,0,34,38,62.2,44,16,16,4,1,21,83,1.04,.198
Raisel R Iglesias,CIN,3,3,2.49,63,0,0,0,28,30,76.0,57,22,21,5,1,27,92,1.11,.207
Dustin D Mc Gowan,MIA,8,2,4.75,63,0,0,0,0,3,77.2,77,42,41,13,2,27,64,1.34,.262
Adam A Ottavino,COL,2,3,5.06,63,0,0,0,0,2,53.1,48,30,30,8,4,39,63,1.63,.244
Matt M Belisle,MIN,2,2,4.03,62,0,0,0,9,13,60.1,48,31,27,7,2,22,54,1.16,.218
Chris C Devenski,HOU,8,5,2.68,62,0,0,0,4,10,80.2,50,26,24,11,2,26,100,0.94,.174
Heath H Hembree,BOS,2,3,3.63,62,0,0,0,0,3,62.0,72,29,25,10,1,18,70,1.45,.289
Jake J Mc Gee,COL,0,2,3.61,62,0,0,0,3,6,57.1,47,23,23,4,1,16,58,1.10,.224
Seunghwan S Oh,STL,1,6,4.10,62,0,0,0,20,24,59.1,68,31,27,10,3,15,54,1.40,.285
Jose J Torres,SD,7,4,4.21,62,0,0,0,1,2,68.1,63,34,32,13,4,16,63,1.16,.244
Arodys A Vizcaíno Vizcaino,ATL,5,3,2.83,62,0,0,0,14,17,57.1,42,19,18,7,2,21,64,1.10,.199
Kirby K Yates,SD,4,5,3.97,62,0,0,0,1,4,56.2,44,28,25,12,2,19,88,1.11,.211
Luis L Avilán Avilan,LAD,2,3,2.93,61,0,0,0,0,2,46.0,42,16,15,2,1,22,52,1.39,.246
Greg G Holland,COL,3,6,3.61,61,0,0,0,41,45,57.1,40,24,23,7,1,26,70,1.15,.193
Tommy T Hunter,TB,3,5,2.61,61,0,0,0,1,1,58.2,43,18,17,6,1,14,64,0.97,.202
Jeremy J Jeffress,MIL,5,2,4.68,61,1,0,0,0,1,65.1,73,35,34,10,2,34,51,1.64,.284
Jim J Johnson,ATL,6,3,5.56,61,0,0,0,22,31,56.2,59,39,35,8,1,25,61,1.48,.260
A J Ramos,NYM,2,4,3.99,61,0,0,0,27,30,58.2,49,27,26,7,2,34,72,1.41,.223
David D Robertson,NYY,9,2,1.84,61,0,0,0,14,16,68.1,35,14,14,6,3,23,98,0.85,.148
Fernando F Rodney,ARI,5,4,4.23,61,0,0,0,39,45,55.1,40,29,26,3,2,26,65,1.19,.200
Hector H Rondón Rondon,CHC,4,1,4.24,61,0,0,0,0,3,57.1,50,30,27,10,1,20,69,1.22,.233
Fernando F Salas,LAA,2,2,5.22,61,0,0,0,0,1,58.2,67,39,34,7,0,22,56,1.52,.293
Danny D Barnes,TOR,3,6,3.55,60,0,0,0,0,4,66.0,48,26,26,11,1,24,62,1.09,.200
Ryan R Madson,WSH,5,4,1.83,60,0,0,0,2,5,59.0,38,12,12,2,4,9,67,0.80,.187
Bud B Norris,LAA,2,6,4.21,60,3,0,0,19,23,62.0,56,29,29,8,3,27,74,1.34,.236
Yusmeiro Y Petit,LAA,5,2,2.76,60,1,0,0,4,5,91.1,69,32,28,9,1,18,101,0.95,.207
Chris C Rusin,COL,5,1,2.65,60,0,0,0,2,3,85.0,75,31,25,9,3,19,71,1.11,.240
Craig C Stammen,SD,2,3,3.14,60,0,0,0,0,2,80.1,68,29,28,12,2,28,74,1.20,.229
Wade W Davis,CHC,4,2,2.30,59,0,0,0,32,33,58.2,39,16,15,6,3,28,79,1.14,.186
James J Pazos,SEA,4,5,3.86,59,0,0,0,0,3,53.2,51,30,23,7,5,24,65,1.40,.248
Edubray E Ramos,PHI,2,7,4.21,59,0,0,0,0,3,57.2,57,29,27,4,0,28,75,1.47,.253
Joe J Smith,CLE,3,0,3.33,59,0,0,0,1,2,54.0,46,20,20,4,1,10,71,1.04,.229
Joakim J Soria,KC,4,3,3.70,59,0,0,0,1,8,56.0,49,24,23,1,1,20,64,1.23,.233
Scott S Alexander,KC,5,4,2.48,58,0,0,0,4,6,69.0,62,23,19,3,0,28,59,1.30,.246
Sam S Freeman,ATL,2,0,2.55,58,0,0,0,0,3,60.0,48,19,17,3,3,27,59,1.25,.216
Drew D Storen,CIN,4,2,4.45,58,0,0,0,1,3,54.2,57,32,27,7,10,23,48,1.46,.271
Chris C Beck,CWS,2,1,6.40,57,0,0,0,0,1,64.2,73,48,46,16,4,34,42,1.65,.290
Richard R Bleier,BAL,2,1,1.99,57,0,0,0,0,0,63.1,62,23,14,6,4,13,26,1.18,.257
Matt M Bush,TEX,3,4,3.78,57,0,0,0,10,15,52.1,57,30,22,7,4,19,58,1.45,.264
Josh J Fields,LAD,5,0,2.84,57,0,0,0,2,5,57.0,40,19,18,10,1,15,60,0.96,.194
Andrew A Miller,CLE,4,3,1.44,57,0,0,0,2,4,62.2,31,11,10,3,5,21,95,0.83,.144
Ryan R Pressly,MIN,2,3,4.70,57,0,0,0,0,1,61.1,52,34,32,10,3,19,61,1.16,.229
Robby R Scott,BOS,2,1,3.79,57,0,0,0,0,2,35.2,22,16,15,7,3,13,31,0.98,.179
Paul P Sewald,NYM,0,6,4.55,57,0,0,0,0,3,65.1,58,36,33,8,3,21,69,1.21,.237
Tyler T Duffey,MIN,2,3,4.94,56,0,0,0,1,3,71.0,79,41,39,9,1,18,67,1.37,.275
Nick N Goody,CLE,1,2,2.80,56,0,0,0,0,0,54.2,39,20,17,7,3,20,72,1.08,.198
Sam S Dyson,SF,4,10,6.09,55,0,0,0,14,21,54.2,67,41,37,8,3,30,34,1.77,.296
Sergio S Romo,TB,3,1,3.56,55,0,0,0,0,1,55.2,42,23,22,9,1,19,59,1.10,.207
Daniel D Stumpf,DET,0,1,3.82,55,0,0,0,0,2,37.2,37,16,16,5,2,15,33,1.38,.266
Junichi J Tazawa,MIA,3,5,5.69,55,0,0,0,0,3,55.1,55,35,35,8,2,22,38,1.39,.261
Joe J Kelly,BOS,4,1,2.79,54,0,0,0,0,4,58.0,42,19,18,3,1,27,52,1.19,.202
Josh J Osich,SF,3,2,6.23,54,0,0,0,0,1,43.1,48,32,30,7,1,27,43,1.73,.279
David D Phelps,SEA,4,5,3.40,54,0,0,0,0,8,55.2,51,23,21,5,1,26,62,1.38,.246
Josh J Smoker,NYM,1,2,5.11,54,0,0,0,0,0,56.1,64,34,32,10,3,32,68,1.70,.282
Sean S Doolittle,WSH,2,0,2.81,53,0,0,0,24,26,51.1,34,18,16,5,0,10,62,0.86,.185
Enny E Romero,WSH,2,4,3.56,53,0,0,0,2,4,55.2,55,26,22,7,3,23,65,1.40,.253
Brad B Ziegler,MIA,1,4,4.79,53,0,0,0,10,16,47.0,57,29,25,1,6,16,26,1.55,.306
Joaquin J Benoit,PIT,1,6,4.65,52,0,0,0,2,6,50.1,43,28,26,7,1,22,46,1.29,.228
Aroldis A Chapman,NYY,4,3,3.22,52,0,0,0,22,26,50.1,37,20,18,3,3,20,69,1.13,.200
Danny D Farquhar,CWS,4,2,4.20,52,0,0,0,0,2,49.1,39,23,23,3,4,28,45,1.36,.223
J. J Hoover,ARI,3,1,3.92,52,0,0,0,0,2,41.1,47,20,18,7,1,26,54,1.77,.276
Gregory G Infante,CWS,2,1,3.13,52,0,0,0,0,1,54.2,45,20,19,4,3,20,49,1.19,.226
Dan D Otero,CLE,3,0,2.85,52,0,0,0,0,0,60.0,63,23,19,6,0,9,38,1.20,.273
Joe J Blanton,WSH,2,4,5.68,51,0,0,0,0,0,44.1,53,29,28,10,1,13,39,1.49,.296
Donnie D Hart,BAL,2,0,3.71,51,0,0,0,0,2,43.2,48,19,18,5,4,13,29,1.40,.279
Ian I Krol,ATL,2,2,5.33,51,0,0,0,0,0,49.0,50,34,29,8,4,21,44,1.45,.266
Tony T Barnette,TEX,2,1,5.49,50,0,0,0,2,6,57.1,64,36,35,7,2,22,57,1.50,.288
John J Brebbia,STL,0,0,2.44,50,0,0,0,0,1,51.2,37,15,14,8,5,11,51,0.93,.193
Justin J Grimm,CHC,1,2,5.53,50,0,0,0,1,3,55.1,47,34,34,12,1,27,59,1.34,.233
Wade W Le Blanc,PIT,5,2,4.50,50,0,0,0,1,3,68.0,64,35,34,10,1,17,54,1.19,.243
Tyler T Lyons,STL,4,1,2.83,50,0,0,0,3,4,54.0,39,17,17,3,7,20,68,1.09,.206
Zach Z Mc Allister,CLE,2,2,2.61,50,0,0,0,0,0,62.0,53,18,18,8,1,21,66,1.19,.235
Oliver O Pérez Perez,WSH,0,0,4.64,50,0,0,0,1,1,33.0,32,17,17,4,4,12,39,1.33,.254
Trevor T Rosenthal,STL,3,4,3.40,50,0,0,0,11,13,47.2,37,20,18,3,2,20,76,1.20,.210
Steve S Cishek,TB,3,2,2.01,49,0,0,0,1,4,44.2,26,10,10,3,3,14,41,0.90,.167
Ryan R Dull,OAK,2,2,5.14,49,0,0,0,0,2,42.0,37,30,24,7,3,16,45,1.26,.236
Neftali N Feliz,KC,2,5,5.48,49,0,0,0,8,9,46.0,40,33,28,9,1,23,37,1.37,.234
Chris C Hatcher,OAK,1,2,4.22,49,0,0,0,1,5,59.2,58,29,28,10,0,21,63,1.32,.250
Ross R Stripling,LAD,3,5,3.75,49,2,0,0,2,5,74.1,69,31,31,10,0,19,74,1.18,.246
Koji K Uehara,CHC,3,4,3.98,49,0,0,0,2,5,43.0,38,21,19,7,0,12,50,1.16,.232
Fernando F Abad,BOS,2,1,3.30,48,0,0,0,1,3,43.2,40,18,16,4,1,14,37,1.24,.242
Cam C Bedrosian,LAA,6,5,4.43,48,0,0,0,6,11,44.2,41,26,22,5,0,17,53,1.30,.240
Tony T Cingrani,LAD,0,0,4.22,47,0,0,0,0,2,42.2,40,22,20,10,1,12,52,1.22,.247
Jose J Leclerc,TEX,2,3,3.94,47,0,0,0,2,3,45.2,23,21,20,4,3,40,60,1.38,.146
Josh J Edgin,NYM,0,1,3.65,46,0,0,0,1,1,37.0,39,16,15,3,5,18,27,1.54,.273
Michael M Feliz,HOU,4,2,5.63,46,0,0,0,0,2,48.0,53,31,30,8,0,22,70,1.56,.276
Jason J Grilli,TEX,2,5,6.30,46,0,0,0,1,3,40.0,46,30,28,12,1,18,48,1.60,.279
Will W Harris,HOU,3,2,2.98,46,0,0,0,2,4,45.1,37,15,15,7,0,7,52,0.97,.218
Phil P Maton,SD,3,2,4.19,46,0,0,0,1,1,43.0,41,23,20,10,1,14,46,1.28,.248
Jason J Motte,ATL,1,0,3.54,46,0,0,0,0,3,40.2,28,16,16,6,3,20,27,1.18,.199
Hansel H Robles,NYM,7,5,4.92,46,0,0,0,0,2,56.2,47,31,31,10,5,29,60,1.34,.226
Kevin K Siegrist,PHI,1,1,4.81,46,0,0,0,1,1,39.1,39,21,21,5,1,22,43,1.55,.264
Tony T Sipp,HOU,0,1,5.79,46,0,0,0,0,0,37.1,36,25,24,8,1,16,39,1.39,.247
Adam A Warren,NYY,3,2,2.35,46,0,0,0,1,4,57.1,35,19,15,4,1,15,54,0.87,.173
Brandon B Morrow,LAD,6,0,2.06,45,0,0,0,2,3,43.2,31,10,10,0,1,9,50,0.92,.194
Warwick W Saupold,DET,3,2,4.88,45,0,0,0,0,0,62.2,64,36,34,9,6,31,44,1.52,.267
Tony T Zych,SEA,6,3,2.66,45,0,0,0,1,2,40.2,30,12,12,2,5,21,35,1.25,.208
Joe J Biagini,TOR,3,13,5.34,44,18,0,0,1,4,119.2,125,78,71,15,2,42,97,1.40,.265
Mike M Montgomery,CHC,7,8,3.38,44,14,0,0,3,3,130.2,103,52,49,10,8,55,100,1.21,.219
Steven S Okert,SF,1,1,5.67,44,0,0,0,0,0,27.0,24,18,17,3,3,11,22,1.30,.242
Chasen C Shreve,NYY,4,1,3.77,44,0,0,0,0,1,45.1,35,20,19,8,0,25,58,1.32,.205
James J Hoyt,HOU,1,0,4.38,43,0,0,0,0,1,49.1,51,24,24,7,2,14,66,1.32,.262
Luke L Jackson,ATL,2,0,4.62,43,0,0,0,0,0,50.2,55,26,26,4,4,19,33,1.46,.278
Jhan J Mariñez Marinez,TEX,0,3,3.70,43,0,0,0,0,0,58.1,64,26,24,6,7,26,45,1.54,.284
T. J. T Mc Farland,ARI,4,5,5.33,43,1,0,0,0,0,54.0,65,42,32,4,2,17,29,1.52,.300
Brian B Ellington,MIA,1,1,7.25,42,0,0,0,0,1,44.2,48,39,36,7,6,35,48,1.86,.270
Dan D Altavilla,SEA,1,1,4.24,41,0,0,0,0,4,46.2,43,27,22,9,1,20,52,1.35,.242
Derek D Law,SF,4,1,5.06,41,0,0,0,4,6,37.1,45,21,21,5,2,14,35,1.58,.304
Chase C Whitley,TB,2,1,4.08,41,0,0,0,2,3,57.1,48,29,26,4,3,16,43,1.12,.222
Matt M Grace,WSH,1,0,4.32,40,1,0,0,2,2,50.0,50,25,24,3,3,18,31,1.36,.266
Chad C Green,NYY,5,0,1.83,40,1,0,0,0,1,69.0,34,14,14,4,2,17,103,0.74,.147
Juan J Minaya,CWS,3,2,4.53,40,0,0,0,9,10,43.2,38,22,22,7,4,20,51,1.33,.239
Miguel M Castro,BAL,3,3,3.53,39,1,0,0,0,0,66.1,53,29,26,8,2,28,38,1.22,.224
Keone K Kela,TEX,4,1,2.79,39,0,0,0,2,3,38.2,18,12,12,4,1,17,51,0.91,.135
Travis T Wood,SD,4,7,6.80,39,14,0,0,0,1,94.0,118,77,71,19,2,45,65,1.73,.311
Buddy B Boshers,MIN,1,0,4.89,38,0,0,0,0,0,35.0,37,20,19,7,2,10,28,1.34,.268
Zack Z Britton,BAL,2,1,2.89,38,0,0,0,15,17,37.1,39,12,12,1,0,18,29,1.53,.277
Jesse J Chavez,LAA,7,11,5.35,38,21,0,0,0,2,138.0,148,83,82,28,2,45,119,1.40,.276
Francisco F Liriano,HOU,6,7,5.66,38,18,0,0,0,0,97.0,105,66,61,11,4,53,85,1.63,.279
Boone B Logan,CLE,1,0,4.71,38,0,0,0,0,1,21.0,20,13,11,2,1,9,28,1.38,.250
Jordan J Lyles,SD,1,5,7.75,38,5,0,0,0,0,69.2,96,61,60,16,4,22,55,1.69,.325
Joe J Musgrove,HOU,7,8,4.77,38,15,0,0,2,4,109.1,117,59,58,18,4,28,98,1.33,.277
Nick N Wittgren,MIA,3,1,4.68,38,0,0,0,0,0,42.1,46,22,22,5,0,13,43,1.39,.277
Craig C Breslow,CLE,1,1,5.09,37,0,0,0,0,1,35.1,41,21,20,4,2,14,23,1.56,.297
Trevor T Hildenberger,MIN,3,3,3.21,37,0,0,0,1,3,42.0,38,15,15,4,4,6,44,1.05,.241
Jonathan J Holder,NYY,1,1,3.89,37,0,0,0,0,2,39.1,45,17,17,5,3,8,40,1.35,.283
David D Holmberg,CWS,2,4,4.68,37,7,0,0,0,1,57.2,63,37,30,12,6,34,33,1.68,.275
Hoby H Milner,PHI,0,0,2.01,37,0,0,0,0,1,31.1,30,7,7,2,4,16,22,1.47,.259
Adam A Morgan,PHI,3,3,4.12,37,0,0,0,0,1,54.2,51,25,25,10,0,18,63,1.26,.242
Erasmo E Ramírez Ramirez,SEA,5,6,4.39,37,19,0,0,1,2,131.1,123,70,64,22,2,31,109,1.17,.247
Drew D Steckenrider,MIA,1,1,2.34,37,0,0,0,1,1,34.2,30,13,9,4,0,18,54,1.38,.227
Sam S Tuivailala,STL,3,3,2.55,37,0,0,0,0,0,42.1,35,12,12,4,2,11,34,1.09,.223
Antonio A Senzatela,COL,10,5,4.68,36,20,0,0,0,1,134.2,128,72,70,18,4,47,102,1.30,.254
Jose J Alvarado,TB,0,3,3.64,35,0,0,0,0,0,29.2,24,12,12,1,0,9,29,1.11,.216
Carlos C Estévez Estevez,COL,5,0,5.57,35,0,0,0,0,0,32.1,39,21,20,3,1,14,31,1.64,.293
Josh J Hader,MIL,2,3,2.08,35,0,0,0,0,1,47.2,25,11,11,4,4,22,68,0.99,.156
Blaine B Hardy,DET,1,0,5.94,35,0,0,0,0,0,33.1,46,24,22,7,0,13,28,1.77,.331
Chris C Archer,TB,10,12,4.07,34,34,0,0,0,0,201.0,193,101,91,27,5,60,249,1.26,.246
Ty T Blach,SF,8,12,4.78,34,24,1,1,0,0,163.2,179,91,87,17,1,43,73,1.36,.283
Kevin K Gausman,BAL,11,12,4.68,34,34,0,0,0,0,186.2,208,99,97,29,5,71,179,1.49,.283
Rafael R Montero,NYM,5,11,5.52,34,18,0,0,0,0,119.0,141,75,73,12,5,67,114,1.75,.306
Emilio E Pagán Pagan,SEA,2,3,3.22,34,0,0,0,0,1,50.1,39,20,18,7,1,8,56,0.93,.212
Brad B Peacock,HOU,13,2,3.00,34,21,0,0,0,0,132.0,100,46,44,10,3,57,161,1.19,.206
Mike M Pelfrey,CWS,3,12,5.93,34,21,0,0,0,0,120.0,127,87,79,25,10,62,79,1.58,.270
Jose J Ureña Urena,MIA,14,7,3.82,34,28,0,0,0,0,169.2,152,77,72,26,14,64,113,1.27,.238
Tyler T Chatwood,COL,8,15,4.69,33,25,1,1,1,1,147.2,136,79,77,20,4,77,120,1.44,.250
Gerrit G Cole,PIT,12,12,4.26,33,33,0,0,0,0,203.0,199,98,96,31,4,55,196,1.25,.254
Patrick P Corbin,ARI,14,13,4.03,33,32,0,0,0,0,189.2,208,97,85,26,3,61,178,1.42,.276
Zach Z Davies,MIL,17,9,3.90,33,33,0,0,0,0,191.1,204,90,83,20,9,55,124,1.35,.275
Marco M Estrada,TOR,10,9,4.98,33,33,0,0,0,0,186.0,186,104,103,31,2,71,176,1.38,.256
Kyle K Freeland,COL,11,11,4.10,33,28,0,0,0,0,156.0,169,78,71,17,8,63,107,1.49,.284
Erik E Goeddel,NYM,0,1,5.28,33,0,0,0,0,0,29.0,28,17,17,8,0,11,33,1.34,.257
Shawn S Kelley,WSH,3,2,7.27,33,0,0,0,4,6,26.0,29,21,21,12,1,11,25,1.54,.266
Lance L Lynn,STL,11,8,3.43,33,33,0,0,0,0,186.1,151,80,71,27,10,78,153,1.23,.223
Kevin K Mc Carthy,KC,1,0,3.20,33,0,0,0,0,0,45.0,50,23,16,4,0,13,27,1.40,.276
Ricky R Nolasco,LAA,6,15,4.92,33,33,1,1,0,0,181.0,205,102,99,35,3,58,143,1.45,.286
Rick R Porcello,BOS,11,17,4.65,33,33,2,0,0,0,203.1,236,125,105,38,6,48,181,1.40,.286
Ervin E Santana,MIN,16,8,3.28,33,33,5,3,0,0,211.1,177,85,77,31,8,61,167,1.13,.225
Dan D Straily,MIA,10,9,4.26,33,33,0,0,0,0,181.2,176,90,86,31,5,60,170,1.30,.256
Marcus M Stroman,TOR,13,9,3.09,33,33,2,0,0,0,201.0,201,82,69,21,6,62,164,1.31,.264
Justin J Verlander,HOU,15,8,3.36,33,33,0,0,0,0,206.0,170,80,77,27,4,72,219,1.17,.221
Brandon B Workman,BOS,1,1,3.18,33,0,0,0,0,1,39.2,37,17,14,7,1,11,37,1.21,.252
Trevor T Bauer,CLE,17,9,4.19,32,31,0,0,0,0,176.1,181,84,82,25,5,60,196,1.37,.266
Blaine B Boyer,BOS,1,1,4.35,32,0,0,0,0,1,41.1,50,20,20,3,1,14,33,1.55,.311
Carlos C Carrasco,CLE,18,6,3.29,32,32,1,0,0,0,200.0,173,73,73,21,10,46,226,1.10,.235
Jhoulys J Chacín Chacin,SD,13,10,3.89,32,32,0,0,0,0,180.1,157,82,78,19,14,72,153,1.27,.235
Gio G Gonzalez,WSH,15,9,2.96,32,32,0,0,0,0,201.0,158,69,66,21,7,79,188,1.18,.216
Zack Z Greinke,ARI,17,7,3.20,32,32,1,0,0,0,202.1,172,80,72,25,0,45,215,1.07,.230
Jason J Hammel,KC,8,13,5.29,32,32,0,0,0,0,180.1,209,109,106,26,9,48,145,1.43,.284
Jon J Lester,CHC,13,8,4.33,32,32,1,0,0,0,180.2,179,101,87,26,4,60,180,1.32,.259
Francis F Martes,HOU,5,2,5.80,32,4,0,0,0,1,54.1,51,40,35,7,8,31,69,1.51,.245
Carlos C Martínez Martinez,STL,12,11,3.64,32,32,2,2,0,0,205.0,179,93,83,27,8,71,217,1.22,.232
Mark M Melancon,SF,1,2,4.50,32,0,0,0,11,16,30.0,37,16,15,3,1,6,29,1.43,.301
Wade W Miley,BAL,8,15,5.61,32,32,0,0,0,0,157.1,179,104,98,25,4,93,142,1.73,.287
Matt M Moore,SF,6,15,5.52,32,31,0,0,0,0,174.1,200,116,107,27,7,67,148,1.53,.283
Martin M Pérez Perez,TEX,13,12,4.82,32,32,0,0,0,0,185.0,221,108,99,23,6,63,115,1.54,.301
Drew D Pomeranz,BOS,17,6,3.32,32,32,0,0,0,0,173.2,166,69,64,19,4,69,174,1.35,.252
Jose J Quintana,CHC,11,11,4.15,32,32,1,1,0,0,188.2,170,92,87,23,10,61,207,1.22,.238
Clayton C Richard,SD,8,15,4.79,32,32,2,1,0,0,197.1,240,114,105,24,8,59,151,1.52,.308
Tanner T Roark,WSH,13,11,4.67,32,30,0,0,0,0,181.1,178,105,94,23,6,64,166,1.33,.254
Chris C Sale,BOS,17,8,2.90,32,32,1,0,0,0,214.1,165,73,69,24,8,43,308,0.97,.208
Jeff J Samardzija,SF,9,15,4.42,32,32,1,1,0,0,207.2,204,107,102,30,6,32,205,1.14,.255
A. J. A Schugel,PIT,4,0,1.97,32,0,0,0,0,1,32.0,31,8,7,3,0,14,27,1.41,.258
Julio J Teheran,ATL,11,13,4.49,32,32,0,0,0,0,188.1,186,103,94,31,7,72,151,1.37,.257
Jason J Vargas,KC,18,11,4.16,32,32,1,1,0,0,179.2,181,84,83,27,5,58,134,1.33,.264
Yu Y Darvish,LAD,10,12,3.86,31,31,0,0,0,0,186.2,159,83,80,27,6,58,209,1.16,.228
Jumbo J Diaz,TB,1,4,5.70,31,0,0,0,0,3,30.0,32,20,19,4,0,15,28,1.57,.271
Miguel M Diaz,SD,1,1,7.34,31,3,0,0,0,0,41.2,44,35,34,11,3,25,33,1.66,.275
R. A. R Dickey,ATL,10,10,4.26,31,31,0,0,0,0,190.0,193,99,90,26,10,67,136,1.37,.266
Ubaldo U Jiménez Jimenez,BAL,6,11,6.81,31,25,0,0,0,0,142.2,169,109,108,33,5,58,139,1.59,.291
Chad C Kuhl,PIT,8,11,4.35,31,31,0,0,0,0,157.1,159,81,76,17,6,72,142,1.47,.269
John J Lackey,CHC,12,12,4.59,31,30,0,0,0,0,170.2,165,93,87,36,12,53,149,1.28,.252
Mike M Leake,SEA,10,13,3.92,31,31,0,0,0,0,186.0,201,93,81,20,9,37,130,1.28,.278
Ariel A Miranda,SEA,8,7,5.12,31,29,1,0,0,0,160.0,140,93,91,37,5,63,137,1.27,.233
Ivan I Nova,PIT,11,14,4.14,31,31,2,1,0,0,187.0,203,96,86,29,7,36,131,1.28,.277
Max M Scherzer,WSH,16,6,2.51,31,31,2,0,0,0,200.2,126,62,56,22,11,55,268,0.90,.178
Luis L Severino,NYY,14,6,2.98,31,31,0,0,0,0,193.1,150,73,64,21,6,51,230,1.04,.208
Trevor T Williams,PIT,7,9,4.07,31,25,0,0,0,0,150.1,145,73,68,14,9,52,117,1.31,.255
Jacob Jde Gromde Grom,NYM,15,10,3.53,31,31,1,0,0,0,201.1,180,87,79,28,2,59,239,1.19,.237
Tim T Adleman,CIN,5,11,5.52,30,20,0,0,0,0,122.1,124,79,75,29,6,51,108,1.43,.264
Jake J Arrieta,CHC,14,10,3.53,30,30,0,0,0,0,168.1,150,82,66,23,10,55,163,1.22,.235
Brad B Boxberger,TB,4,4,3.38,30,0,0,0,0,2,29.1,23,11,11,4,1,11,40,1.16,.215
Aaron A Bummer,CWS,1,3,4.50,30,0,0,0,0,1,22.0,13,11,11,4,1,15,17,1.27,.178
Kyle K Crick,SF,0,0,3.06,30,0,0,0,0,0,32.1,22,13,11,2,1,17,28,1.21,.191
Jeremy J Hellickson,BAL,8,11,5.43,30,30,0,0,0,0,164.0,160,105,99,35,8,47,96,1.26,.255
Ian I Kennedy,KC,5,13,5.38,30,30,0,0,0,0,154.0,143,99,92,34,5,61,131,1.32,.246
Tyler T Olson,CLE,1,0,0.00,30,0,0,0,1,1,20.0,13,0,0,0,1,6,18,0.95,.188
Austin A Pruitt,TB,7,5,5.31,30,8,0,0,1,2,83.0,103,55,49,11,5,22,66,1.51,.300
Sammy S Solís Solis,WSH,1,0,5.88,30,0,0,0,1,1,26.0,22,17,17,4,0,13,28,1.35,.222
Masahiro M Tanaka,NYY,13,12,4.74,30,30,1,1,0,0,178.1,180,100,94,35,7,41,194,1.24,.257
Michael M Wacha,STL,12,9,4.13,30,30,1,1,0,0,165.2,170,82,76,17,3,55,158,1.36,.267
Alex A Cobb,TB,12,10,3.66,29,29,0,0,0,0,179.1,175,78,73,22,6,44,128,1.22,.254
Grant G Dayton,LAD,1,1,4.94,29,0,0,0,0,1,23.2,19,13,13,5,0,12,20,1.31,.221
Mike M Fiers,HOU,8,10,5.22,29,28,0,0,0,0,153.1,157,95,89,32,13,62,146,1.43,.266
Mike M Foltynewicz,ATL,10,13,4.79,29,28,0,0,0,0,154.0,169,86,82,20,10,59,143,1.48,.277
Kyle K Gibson,MIN,12,10,5.07,29,29,0,0,0,0,158.0,182,93,89,24,6,60,121,1.53,.292
Derek D Holland,CWS,7,14,6.20,29,26,0,0,0,0,135.0,156,106,93,31,8,75,104,1.71,.290
Corey C Kluber,CLE,18,4,2.25,29,29,5,3,0,0,203.2,141,56,51,21,5,36,265,0.87,.193
Kenta K Maeda,LAD,13,6,4.22,29,25,0,0,1,1,134.1,121,68,63,22,5,34,140,1.15,.238
Sean S Manaea,OAK,12,10,4.37,29,29,0,0,0,0,158.2,167,88,77,18,10,55,140,1.40,.268
German G Márquez Marquez,COL,11,7,4.39,29,29,0,0,0,0,162.0,174,82,79,25,8,49,147,1.38,.274
Jordan J Montgomery,NYY,9,7,3.88,29,29,0,0,0,0,155.1,140,72,67,21,1,51,144,1.23,.236
Jimmy J Nelson,MIL,12,6,3.49,29,29,1,0,0,0,175.1,171,75,68,16,9,48,199,1.25,.257
Luis L Perdomo,SD,8,11,4.67,29,29,0,0,0,0,163.2,182,97,85,17,8,65,118,1.51,.285
Neil N Ramírez Ramirez,NYM,0,1,7.18,29,0,0,0,0,1,31.1,35,30,25,6,1,21,44,1.79,.273
Jordan J Zimmermann,DET,8,13,6.08,29,29,0,0,0,0,160.0,204,111,108,29,7,44,103,1.55,.313
Jake J Barrett,ARI,1,1,5.00,28,0,0,0,0,1,27.0,27,18,15,7,0,15,26,1.56,.260
Chad C Bell,DET,0,3,6.93,28,4,0,0,0,0,62.1,81,49,48,12,3,31,57,1.80,.313
Chasen C Bradford,NYM,2,0,3.74,28,0,0,0,0,0,33.2,30,17,14,3,0,13,27,1.28,.233
Dylan D Bundy,BAL,13,9,4.24,28,28,1,1,0,0,169.2,152,82,80,26,7,51,152,1.20,.240
Alan A Busenitz,MIN,1,1,1.99,28,0,0,0,0,1,31.2,22,9,7,4,0,9,23,0.98,.206
Andrew A Cashner,TEX,11,11,3.40,28,28,0,0,0,0,166.2,156,75,63,15,9,64,86,1.32,.250
Bartolo B Colon,MIN,7,14,6.48,28,28,1,0,0,0,143.0,192,112,103,28,1,35,89,1.59,.318
Yovani Y Gallardo,SEA,5,10,5.72,28,22,0,0,1,1,130.2,138,84,83,24,2,60,94,1.52,.271
Jake J Odorizzi,TB,10,8,4.14,28,28,0,0,0,0,143.1,117,80,66,30,2,61,127,1.24,.220
Robbie R Ray,ARI,15,5,2.89,28,28,1,1,0,0,162.0,116,57,52,23,5,71,218,1.15,.199
Francisco F Rodríguez Rodriguez,DET,2,5,7.82,28,0,0,0,7,13,25.1,31,23,22,9,1,11,23,1.66,.292
Anibal A Sánchez Sanchez,DET,3,7,6.41,28,17,0,0,0,0,105.1,139,81,75,26,4,29,104,1.59,.313
Stephen S Strasburg,WSH,15,4,2.52,28,28,1,1,0,0,175.1,131,55,49,13,7,47,204,1.02,.204
Taijuan T Walker,ARI,9,9,3.49,28,28,0,0,0,0,157.1,148,76,61,17,9,61,146,1.33,.247
Rex R Brothers,ATL,4,3,7.23,27,0,0,0,0,0,23.2,23,19,19,3,1,12,33,1.48,.250
Matt M Cain,SF,3,11,5.43,27,23,0,0,0,0,124.1,157,85,75,18,2,49,75,1.66,.310
Mike M Clevinger,CLE,12,6,3.11,27,21,0,0,0,0,121.2,92,46,42,13,3,60,137,1.25,.211
Zach Z Duke,STL,1,1,3.93,27,0,0,0,0,0,18.1,13,8,8,3,2,6,12,1.04,.197
Jaime J García Garcia,NYY,5,10,4.41,27,27,0,0,0,0,157.0,157,86,77,18,1,64,129,1.41,.261
Miguel M González Gonzalez,TEX,8,13,4.62,27,27,0,0,0,0,156.0,167,88,80,22,6,55,100,1.42,.271
Sonny S Gray,NYY,10,12,3.55,27,27,1,0,0,0,162.1,139,79,64,19,3,57,153,1.21,.226
Clayton C Kershaw,LAD,18,4,2.31,27,27,1,0,0,0,175.0,136,49,45,23,0,30,202,0.95,.212
Tom T Koehler,TOR,1,7,6.69,27,13,0,0,0,0,72.2,83,55,54,16,7,35,62,1.62,.288
Casey C Lawrence,SEA,2,3,6.34,27,2,0,0,0,1,55.1,77,41,39,11,1,25,52,1.84,.328
Mark M Leiter,PHI,3,6,4.96,27,11,0,0,0,0,90.2,90,59,50,18,7,31,84,1.33,.254
Aaron A Nola,PHI,12,11,3.54,27,27,0,0,0,0,168.0,154,67,66,18,2,49,184,1.21,.241
Jake J Petricka,CWS,1,1,7.01,27,0,0,0,0,1,25.2,39,21,20,6,1,6,26,1.75,.342
J C Ramírez Ramirez,LAA,11,10,4.15,27,24,0,0,0,1,147.1,149,72,68,21,6,49,105,1.34,.267
C Sabathia,NYY,14,5,3.69,27,27,0,0,0,0,148.2,139,64,61,21,5,50,120,1.27,.246
Tom T Wilhelmsen,ARI,1,1,4.44,27,0,0,0,0,0,26.1,25,13,13,4,1,12,17,1.41,.253
Alex A Wood,LAD,16,3,2.72,27,25,0,0,0,0,152.1,123,50,46,15,6,38,151,1.06,.217
Jose J Berríos Berrios,MIN,14,8,3.89,26,25,0,0,0,0,145.2,131,71,63,15,13,48,139,1.23,.239
Matthew M Boyd,DET,6,11,5.27,26,25,1,1,0,0,135.0,157,84,79,18,3,53,110,1.56,.291
Simon S Castro,OAK,1,3,4.38,26,0,0,0,0,1,37.0,32,20,18,7,2,14,35,1.24,.235
Randall R Delgado,ARI,1,2,3.59,26,5,0,0,1,2,62.2,60,31,25,6,0,14,60,1.18,.251
Jeurys J Familia,NYM,2,2,4.38,26,0,0,0,6,7,24.2,21,14,12,1,1,15,25,1.46,.231
Zack Z Godley,ARI,8,9,3.37,26,25,0,0,0,0,155.0,124,61,58,15,5,53,165,1.14,.221
Nick N Pivetta,PHI,8,10,6.02,26,26,0,0,0,0,133.0,144,91,89,25,4,57,140,1.51,.281
Joely J Rodríguez Rodriguez,PHI,1,2,6.33,26,0,0,0,0,2,27.0,37,26,19,4,4,15,18,1.93,.325
Kevin K Shackelford,CIN,0,0,4.70,26,0,0,0,0,1,30.2,30,16,16,6,3,13,38,1.40,.254
Josh A. J Smith,OAK,2,1,4.89,26,0,0,0,0,0,35.0,35,20,19,3,0,15,25,1.43,.259
Josh J Tomlin,CLE,10,9,4.98,26,26,1,0,0,0,141.0,166,80,78,23,4,14,109,1.28,.294
Chase C Anderson,MIL,12,4,2.74,25,25,0,0,0,0,141.1,113,47,43,14,7,41,133,1.09,.220
Johnny J Cueto,SF,8,8,4.52,25,25,0,0,0,0,147.1,160,77,74,22,8,53,136,1.45,.277
Michael M Fulmer,DET,10,12,3.83,25,25,1,0,0,0,164.2,150,80,70,13,8,40,114,1.15,.243
Robert R Gsellman,NYM,8,7,5.19,25,22,1,0,0,1,119.2,138,85,69,17,8,42,82,1.50,.280
J. A. J Happ,TOR,10,11,3.53,25,25,0,0,0,0,145.1,145,64,57,18,0,46,142,1.31,.252
Rich R Hill,LAD,12,8,3.32,25,25,1,0,0,0,135.2,99,51,50,18,9,49,166,1.09,.203
Charlie C Morton,HOU,14,7,3.62,25,25,0,0,0,0,146.2,125,65,59,14,13,50,163,1.19,.228
Felix F Peña Pena,CHC,1,0,5.24,25,0,0,0,0,0,34.1,35,21,20,8,2,18,37,1.54,.259
Ricardo R Pinto,PHI,1,2,7.89,25,0,0,0,0,2,29.2,39,28,26,7,1,17,25,1.89,.317
Eduardo E Rodriguez,BOS,6,7,4.19,25,24,0,0,0,0,137.1,126,66,64,19,5,50,150,1.28,.241
Hyun Jin H Ryu,LAD,5,9,3.77,25,24,0,0,1,1,126.2,128,58,53,22,4,45,116,1.37,.263
Robert R Stephenson,CIN,5,6,4.68,25,11,0,0,1,1,84.2,81,52,44,12,2,53,86,1.58,.256
Jameson J Taillon,PIT,8,7,4.44,25,25,0,0,0,0,133.2,152,69,66,11,4,46,125,1.48,.290
Asher A Wojciechowski,CIN,4,3,6.50,25,8,0,0,0,0,62.1,71,48,45,14,5,19,64,1.44,.287
Alec A Asher,BAL,2,5,5.25,24,6,0,0,0,0,60.0,61,36,35,10,7,23,47,1.40,.263
Johnny J Barbato,PIT,0,1,4.08,24,0,0,0,0,0,28.2,25,13,13,4,2,18,23,1.50,.227
Austin A Bibens- Dirkx,TEX,5,2,4.67,24,6,0,0,0,0,69.1,74,36,36,14,3,20,38,1.36,.270
Jharel J Cotton,OAK,9,10,5.58,24,24,0,0,0,0,129.0,133,91,80,28,4,53,105,1.44,.267
Danny D Duffy,KC,9,10,3.81,24,24,0,0,0,0,146.1,143,67,62,13,4,41,130,1.26,.257
Jerad J Eickhoff,PHI,4,8,4.71,24,24,0,0,0,0,128.0,142,74,67,16,5,53,118,1.52,.281
Matt M Garza,MIL,6,9,4.94,24,22,0,0,0,0,114.2,121,72,63,17,1,45,79,1.45,.270
Cole C Hamels,TEX,11,6,4.20,24,24,1,0,0,0,148.0,125,74,69,18,11,53,105,1.20,.228
Kyle K Hendricks,CHC,7,5,3.03,24,24,0,0,0,0,139.2,126,49,47,17,2,40,123,1.19,.242
Joe J Jiménez Jimenez,DET,0,2,12.32,24,0,0,0,0,1,19.0,31,28,26,4,2,9,17,2.11,.356
Dovydas D Neverauskas,PIT,1,1,3.91,24,0,0,0,0,1,25.1,24,11,11,4,1,8,17,1.26,.253
James J Paxton,SEA,12,5,2.98,24,24,0,0,0,0,136.0,113,47,45,9,3,37,156,1.10,.223
Blake B Snell,TB,5,7,4.04,24,24,0,0,0,0,129.1,113,65,58,15,0,59,119,1.33,.234
Matt M Strahm,KC,2,5,5.45,24,3,0,0,0,0,34.2,30,22,21,6,3,22,37,1.50,.236
Chris C Tillman,BAL,1,7,7.84,24,19,0,0,0,0,93.0,125,86,81,24,4,51,63,1.89,.324
Drew D Ver Hagen,DET,0,3,5.77,24,2,0,0,0,1,34.1,42,22,22,10,0,9,25,1.49,.311
Adam A Wainwright,STL,12,5,5.11,24,23,0,0,0,0,123.1,140,73,70,14,5,45,96,1.50,.286
Vance V Worley,MIA,2,6,6.91,24,12,0,0,1,1,71.2,99,56,55,9,6,30,50,1.80,.339
Buddy B Baumann,SD,2,1,2.55,23,0,0,0,0,1,17.2,11,5,5,4,3,7,21,1.02,.177
Matt M Dermody,TOR,2,0,4.43,23,0,0,0,0,0,22.1,23,13,11,6,2,5,15,1.25,.264
Koda K Glover,WSH,0,1,5.12,23,0,0,0,8,10,19.1,20,11,11,1,0,4,17,1.24,.267
Jeff J Hoffman,COL,6,5,5.89,23,16,0,0,0,0,99.1,106,66,65,15,4,40,82,1.47,.273
Dallas D Keuchel,HOU,14,5,2.90,23,23,1,0,0,0,145.2,116,50,47,15,2,47,125,1.12,.218
Nick N Martínez Martinez,TEX,3,8,5.66,23,18,0,0,0,0,111.1,124,74,70,26,2,28,67,1.37,.279
Frankie F Montas,OAK,1,1,7.03,23,0,0,0,0,0,32.0,39,25,25,10,3,20,36,1.84,.302
Danny D Salazar,CLE,5,6,4.28,23,19,0,0,0,0,103.0,94,51,49,14,3,44,145,1.34,.242
John J Axford,OAK,0,1,6.43,22,0,0,0,0,1,21.0,27,16,15,3,2,17,21,2.10,.310
Austin A Brice,CIN,0,0,4.96,22,0,0,0,0,0,32.2,33,18,18,6,3,7,26,1.22,.264
Adam A Conley,MIA,8,8,6.14,22,20,0,0,0,0,102.2,114,74,70,19,8,42,72,1.52,.283
Reymin R Guduan,HOU,0,0,7.88,22,0,0,0,0,0,16.0,24,14,14,1,0,12,16,2.25,.338
Lance L Mc Cullers,HOU,7,4,4.25,22,22,0,0,0,0,118.2,114,61,56,8,11,40,132,1.30,.249
Daniel D Norris,DET,5,8,5.31,22,18,0,0,0,0,101.2,120,64,60,12,3,44,86,1.61,.295
Eric E O' Flaherty,ATL,0,0,7.85,22,0,0,0,0,0,18.1,20,16,16,4,0,9,15,1.58,.278
Brent B Suter,MIL,3,2,3.42,22,14,0,0,0,0,81.2,83,33,31,8,2,22,64,1.29,.263
Michael M Ynoa,CWS,1,0,5.90,22,0,0,0,0,0,29.0,28,22,19,4,5,22,23,1.72,.246
Al A Alburquerque,CWS,0,2,2.50,21,0,0,0,0,0,18.0,10,5,5,0,0,8,14,1.00,.159
Shawn S Armstrong,CLE,1,0,4.38,21,0,0,0,0,0,24.2,23,12,12,5,1,10,20,1.34,.237
Silvino S Bracho,ARI,0,0,5.66,21,0,0,0,0,0,20.2,18,14,13,5,0,7,25,1.21,.225
Parker P Bridwell,LAA,10,3,3.64,21,20,0,0,0,0,121.0,115,52,49,19,4,30,73,1.20,.252
Trevor T Cahill,KC,4,3,4.93,21,14,0,0,0,0,84.0,91,50,46,16,3,45,87,1.62,.275
Scott S Feldman,CIN,7,7,4.77,21,21,1,1,0,0,111.1,116,62,59,21,6,35,93,1.36,.274
Junior J Guerra,MIL,1,4,5.12,21,14,0,0,0,0,70.1,61,44,40,18,4,43,67,1.48,.230
Dinelson D Lamet,SD,7,8,4.57,21,21,0,0,0,0,114.1,88,63,58,18,6,54,139,1.24,.210
Adalberto A Mejía Mejia,MIN,4,7,4.50,21,21,0,0,0,0,98.0,110,52,49,13,5,44,85,1.57,.281
Bruce B Rondón Rondon,DET,1,3,10.91,21,0,0,0,1,2,15.2,21,19,19,1,1,10,22,1.98,.328
James J Shields,CWS,5,7,5.23,21,21,0,0,0,0,117.0,116,72,68,27,3,53,103,1.44,.253
Ryne R Stanek,TB,0,0,5.85,21,0,0,0,0,1,20.0,26,13,13,6,0,12,29,1.90,.317
Dario D Alvarez,TEX,2,0,2.76,20,0,0,0,0,0,16.1,19,8,5,1,1,14,17,2.02,.292
Jonathan J Broxton,STL,0,1,6.89,20,0,0,0,0,0,15.2,23,12,12,2,0,11,16,2.17,.371
Ryan R Garton,SEA,0,1,4.91,20,0,0,0,0,1,22.0,18,12,12,4,0,6,16,1.09,.220
Jon J Gray,COL,10,4,3.67,20,20,0,0,0,0,110.1,113,47,45,10,2,30,112,1.30,.266
Jakob J Junis,KC,9,3,4.30,20,16,0,0,0,0,98.1,101,52,47,15,9,25,80,1.28,.264
Bryan B Mitchell,NYY,1,1,5.79,20,1,0,0,1,1,32.2,42,24,21,2,1,13,17,1.68,.302
Bryan B Morris,SF,2,0,6.43,20,0,0,0,0,0,21.0,24,16,15,1,0,11,15,1.67,.304
Justin J Nicolino,MIA,2,3,5.06,20,8,0,0,0,0,48.0,66,33,27,8,1,20,26,1.79,.324
Kevin K Quackenbush,SD,0,2,7.86,20,0,0,0,0,0,26.1,32,23,23,5,1,16,23,1.82,.299
Matt M Wisler,ATL,0,1,8.35,20,1,0,0,0,0,32.1,43,31,30,5,2,13,22,1.73,.323
Jeff J Beliveau,TOR,1,1,7.47,19,0,0,0,0,0,15.2,17,14,13,4,1,6,17,1.47,.283
Kendall K Graveman,OAK,6,4,4.19,19,19,0,0,0,0,105.1,114,50,49,12,4,32,70,1.39,.280
Deolis D Guerra,LAA,2,2,4.68,19,0,0,0,0,1,25.0,20,13,13,4,0,12,22,1.28,.217
Matt M Harvey,NYM,5,7,6.70,19,18,0,0,0,0,92.2,110,70,69,21,6,47,67,1.69,.295
Ariel A Hernández Hernandez,CIN,0,0,5.18,19,0,0,0,0,0,24.1,14,14,14,6,0,22,29,1.48,.165
Tommy T Layne,NYY,0,0,7.62,19,0,0,0,0,0,13.0,16,12,11,1,1,8,9,1.85,.296
Seth S Lugo,NYM,7,5,4.71,19,18,0,0,0,0,101.1,114,57,53,13,2,25,85,1.37,.284
Tim T Mayza,TOR,1,0,6.88,19,0,0,0,0,0,17.0,24,15,13,3,0,4,27,1.65,.320
Brandon B Mc Carthy,LAD,6,4,3.98,19,16,0,0,0,0,92.2,89,43,41,5,3,27,72,1.25,.256
Sean S Newcomb,ATL,4,9,4.32,19,19,0,0,0,0,100.0,100,51,48,10,6,57,108,1.57,.260
Wily W Peralta,MIL,5,4,7.85,19,8,0,0,0,0,57.1,73,51,50,10,1,32,52,1.83,.315
Chad C Qualls,COL,1,1,5.40,19,0,0,0,0,0,16.2,17,11,10,3,0,5,11,1.32,.258
Edgar E Santana,PIT,0,0,3.50,19,0,0,0,0,0,18.0,16,8,7,2,1,12,20,1.56,.239
Matt M Andriese,TB,5,5,4.50,18,17,0,0,1,1,86.0,90,48,43,16,4,28,76,1.37,.264
Homer H Bailey,CIN,6,9,6.43,18,18,0,0,0,0,91.0,112,67,65,11,8,42,67,1.69,.309
Dylan D Covey,CWS,0,7,7.71,18,12,0,0,0,0,70.0,83,60,60,20,1,34,41,1.67,.305
Odrisamer O Despaigne,MIA,2,3,4.01,18,8,0,0,1,1,58.1,57,31,26,3,3,24,31,1.39,.256
Doug D Fister,BOS,5,9,4.88,18,15,1,0,0,0,90.1,87,55,49,9,3,38,83,1.38,.254
Dillon D Gee,MIN,3,2,3.47,18,4,0,0,1,1,49.1,54,24,19,8,4,15,41,1.40,.283
Jeanmar J Gómez Gomez,PHI,3,2,7.25,18,0,0,0,2,3,22.1,31,19,18,7,2,7,21,1.70,.348
Daniel D Gossett,OAK,4,11,6.11,18,18,0,0,0,0,91.1,116,67,62,21,0,31,72,1.61,.306
A. J. A Griffin,TEX,6,6,5.94,18,15,1,1,0,0,77.1,76,52,51,20,6,28,61,1.34,.253
Eduardo E Paredes,LAA,0,1,4.43,18,0,0,0,1,1,22.1,21,11,11,2,3,6,17,1.21,.259
Rob R Scahill,MIL,1,3,4.43,18,0,0,0,0,0,22.1,21,14,11,3,3,10,10,1.39,.256
Albert A Suárez Suarez,SF,0,3,5.12,18,0,0,0,1,3,31.2,28,18,18,4,1,11,34,1.23,.230
Jacob J Turner,WSH,2,3,5.08,18,2,0,0,0,3,39.0,43,23,22,8,1,15,23,1.49,.281
Tyler T Anderson,COL,6,6,4.81,17,15,0,0,0,0,86.0,88,48,46,16,2,26,81,1.33,.269
Madison M Bumgarner,SF,4,9,3.32,17,17,1,0,0,0,111.0,101,41,41,17,3,20,101,1.09,.238
Kyle K Mc Grath,SD,0,0,2.84,17,0,0,0,0,0,19.0,14,6,6,2,0,6,16,1.05,.209
Tommy T Milone,NYM,1,3,7.63,17,8,0,0,1,1,48.1,65,43,41,15,0,14,38,1.63,.317
Michael M Pineda,NYY,8,4,4.39,17,17,0,0,0,0,96.1,103,55,47,20,2,21,92,1.29,.269
Brock B Stewart,LAD,0,0,3.41,17,4,0,0,1,1,34.1,28,18,13,4,1,19,29,1.37,.226
Edinson E Vólquez Volquez,MIA,4,8,4.19,17,17,1,1,0,0,92.1,78,46,43,8,3,53,81,1.42,.236
Zack Z Wheeler,NYM,3,7,5.21,17,17,0,0,0,0,86.1,97,53,50,15,3,40,81,1.59,.284
Michael M Brady,OAK,0,0,5.68,16,0,0,0,0,0,31.2,33,22,20,7,5,6,24,1.23,.270
Jake J Faria,TB,5,4,3.43,16,14,0,0,0,0,86.2,71,35,33,11,5,31,84,1.18,.225
Giovanny G Gallegos,NYY,0,1,4.87,16,0,0,0,0,1,20.1,21,12,11,3,0,5,22,1.28,.263
Amir A Garrett,CIN,3,8,7.39,16,14,0,0,0,0,70.2,74,60,58,23,2,40,63,1.61,.269
Sam S Gaviglio,KC,4,5,4.36,16,13,0,0,0,0,74.1,76,41,36,16,3,26,49,1.37,.270
Javy J Guerra,MIA,1,1,3.00,16,0,0,0,0,1,21.0,23,8,7,2,0,7,12,1.43,.288
Felix F Hernández Hernandez,SEA,6,5,4.36,16,16,0,0,0,0,86.2,86,46,42,17,6,26,78,1.29,.258
J. P. J Howell,TOR,1,1,7.36,16,0,0,0,0,1,11.0,13,9,9,2,0,7,6,1.82,.289
Edwin E Jackson,WSH,5,6,5.21,16,13,0,0,0,0,76.0,86,53,44,20,0,29,60,1.51,.284
A. J. A Minter,ATL,0,1,3.00,16,0,0,0,0,0,15.0,13,5,5,1,0,2,26,1.00,.224
Mike M Morin,KC,0,0,7.20,16,0,0,0,0,0,20.0,29,16,16,3,1,5,16,1.70,.345
David D Price,BOS,6,3,3.38,16,11,0,0,0,0,74.2,65,30,28,8,4,24,76,1.19,.226
Ricardo R Rodríguez Rodriguez,TEX,0,1,6.23,16,0,0,0,1,3,13.0,17,9,9,3,1,4,11,1.62,.315
Sal S Romano,CIN,5,8,4.45,16,16,0,0,0,0,87.0,91,49,43,9,4,37,73,1.47,.275
Tyler T Skaggs,LAA,2,6,4.55,16,16,0,0,0,0,85.0,90,46,43,13,6,28,76,1.39,.274
Michael M Tonkin,MIN,0,1,5.14,16,0,0,0,0,0,21.0,22,15,12,6,1,12,24,1.62,.265
Dan D Winkler,ATL,1,1,2.51,16,0,0,0,0,0,14.1,7,4,4,1,0,6,18,0.91,.152
Luis L Castillo,CIN,3,7,3.12,15,15,0,0,0,0,89.1,64,32,31,11,3,32,98,1.07,.202
Tyler T Glasnow,PIT,2,7,7.69,15,13,0,0,0,0,62.0,81,61,53,13,2,44,56,2.02,.319
Andrew A Kittredge,TB,0,1,1.76,15,0,0,0,0,0,15.1,13,4,3,2,0,6,14,1.24,.220
Ben B Lively,PHI,4,7,4.26,15,15,1,0,0,0,88.2,90,45,42,13,8,24,52,1.29,.269
Hector H Santiago,MIN,4,8,5.63,15,14,0,0,0,0,70.1,70,44,44,15,5,31,51,1.44,.255
Miguel M Socolovich,STL,0,1,8.68,15,0,0,0,1,1,18.2,27,20,18,4,2,4,14,1.66,.338
Jesen J Therrien,PHI,0,0,8.35,15,0,0,0,0,1,18.1,24,17,17,5,1,7,10,1.69,.308
Vince V Velasquez,PHI,2,7,5.13,15,15,0,0,0,0,72.0,74,44,41,15,3,34,68,1.50,.270
Bronson B Arroyo,CIN,3,6,7.35,14,14,0,0,0,0,71.0,94,59,58,23,2,19,45,1.59,.320
Chris C Flexen,NYM,3,6,7.88,14,9,0,0,0,0,48.0,62,44,42,11,2,35,36,2.02,.321
Jesse J Hahn,OAK,3,6,5.30,14,13,0,0,0,0,69.2,78,46,41,4,3,27,55,1.51,.283
Phil P Hughes,MIN,4,3,5.87,14,9,0,0,0,0,53.2,72,38,35,12,1,13,38,1.58,.316
Josh J Ravin,LAD,0,1,6.48,14,0,0,0,1,1,16.2,12,12,12,4,1,9,19,1.26,.197
Matt M Shoemaker,LAA,6,3,4.52,14,14,0,0,0,0,77.2,73,41,39,15,4,28,69,1.30,.251
Lucas L Sims,ATL,3,6,5.62,14,10,0,0,0,0,57.2,64,37,36,9,4,23,44,1.51,.288
Chris C Smith,OAK,0,4,6.79,14,9,0,0,0,0,55.2,60,45,42,16,1,22,31,1.47,.268
Ben B Taylor,BOS,0,1,5.19,14,0,0,0,1,1,17.1,20,10,10,3,0,9,18,1.67,.282
Jose A. J Váldez Valdez,SD,0,0,8.50,14,0,0,0,0,0,18.0,21,18,17,8,2,5,17,1.44,.292
Jimmy J Yacabonis,BAL,2,0,4.35,14,0,0,0,0,0,20.2,18,10,10,2,0,14,8,1.55,.247
Chris C Young,KC,0,0,7.50,14,2,0,0,0,0,30.0,47,27,25,7,1,14,22,2.03,.353
Brett B Anderson,TOR,4,4,6.34,13,13,0,0,0,0,55.1,73,41,39,5,0,21,38,1.70,.322
Christian C Bergman,SEA,4,5,5.00,13,8,0,0,0,0,54.0,61,31,30,12,3,15,33,1.41,.295
Eddie E Butler,CHC,4,3,3.95,13,11,0,0,0,0,54.2,50,24,24,4,2,28,30,1.43,.244
Leonel L Campos,TOR,0,0,2.63,13,0,0,0,0,0,13.2,11,6,4,2,1,8,15,1.39,.216
Austin A Maddox,BOS,0,0,0.52,13,0,0,0,0,0,17.1,13,1,1,1,0,2,14,0.87,.200
Steven S Matz,NYM,2,7,6.08,13,13,0,0,0,0,66.2,83,46,45,12,3,19,48,1.53,.305
Alex A Meyer,LAA,4,5,3.74,13,13,0,0,0,0,67.1,48,30,28,6,4,42,75,1.34,.197
Chris C O' Grady,MIA,2,1,4.36,13,6,0,0,0,0,33.0,33,16,16,4,1,18,30,1.55,.268
Yacksel Y Ríos Rios,PHI,1,0,4.41,13,0,0,0,0,0,16.1,15,8,8,4,0,9,17,1.47,.238
Joe J Ross,WSH,5,3,5.01,13,13,0,0,0,0,73.2,88,44,41,16,1,20,68,1.47,.297
Ryan R Sherriff,STL,2,1,3.14,13,0,0,0,0,0,14.1,13,5,5,2,1,4,15,1.19,.236
Chris C Stratton,SF,4,4,3.68,13,10,0,0,1,2,58.2,59,25,24,5,1,28,51,1.48,.266
Luke L Weaver,STL,7,2,3.88,13,10,0,0,0,0,60.1,59,27,26,7,1,17,72,1.26,.254
Mike M Wright Jr.,BAL,0,0,5.76,13,0,0,0,0,0,25.0,26,16,16,5,3,7,28,1.32,.265
Paolo P Espino,TEX,0,0,6.00,12,2,0,0,0,0,24.0,23,17,16,7,3,10,20,1.38,.242
Nick N Gardewine,TEX,0,0,5.63,12,0,0,0,0,0,8.0,10,8,5,1,0,7,3,2.13,.303
Adam A Kolarek,TB,1,0,6.48,12,0,0,0,0,0,8.1,9,6,6,2,4,4,4,1.56,.290
Collin C Mc Hugh,HOU,5,2,3.55,12,12,0,0,0,0,63.1,62,27,25,7,5,20,62,1.29,.253
Vidal V Nuño Nuno,BAL,0,1,10.43,12,0,0,0,0,0,14.2,23,17,17,7,0,10,13,2.25,.343
Carlos C Ramirez,TOR,0,0,2.70,12,0,0,0,0,0,16.2,6,5,5,3,1,3,14,0.54,.111
Noe N Ramirez,LAA,0,0,2.77,12,0,0,0,0,0,13.0,6,5,4,2,0,5,14,0.85,.136
Cody C Reed,CIN,1,1,5.09,12,1,0,0,1,1,17.2,11,11,10,3,0,19,17,1.70,.183
Carlos C Rodón Rodon,CWS,2,5,4.15,12,12,0,0,0,0,69.1,64,35,32,12,3,31,76,1.37,.246
Chaz C Roe,TB,0,0,2.53,12,0,0,0,0,0,10.2,7,5,3,1,1,5,13,1.13,.184
Tyson T Ross,TEX,3,3,7.71,12,10,0,0,0,0,49.0,53,46,42,7,6,37,36,1.84,.275
Andrew A Triggs,OAK,5,6,4.27,12,12,0,0,0,0,65.1,68,42,31,9,4,19,50,1.33,.266
Mike M Bolsinger,TOR,0,3,6.31,11,5,0,0,0,0,41.1,48,32,29,9,3,27,39,1.81,.298
Steven S Brault,PIT,1,0,4.67,11,4,0,0,1,1,34.2,41,21,18,3,2,14,23,1.59,.287
Carter C Capps,SD,0,0,6.57,11,0,0,0,0,0,12.1,12,9,9,2,0,2,7,1.14,.261
A. J. A Cole,WSH,3,5,3.81,11,8,0,0,0,0,52.0,51,23,22,8,3,27,44,1.50,.262
Josh J Collmenter,ATL,0,2,9.00,11,0,0,0,0,0,17.0,29,19,17,7,0,6,18,2.06,.372
Jake J Diekman,TEX,0,0,2.53,11,0,0,0,1,1,10.2,4,3,3,1,0,10,13,1.31,.121
Zach Z Eflin,PHI,1,5,6.16,11,11,0,0,0,0,64.1,79,45,44,16,5,12,35,1.41,.309
Buck B Farmer,DET,5,5,6.75,11,11,0,0,0,0,48.0,55,38,36,9,4,20,49,1.56,.285
Jeff J Ferrell,DET,0,0,6.75,11,0,0,0,0,0,9.1,17,7,7,2,0,5,6,2.36,.395
Jace J Fry,CWS,0,0,10.80,11,0,0,0,0,0,6.2,12,8,8,1,0,5,3,2.55,.387
Brad B Goldberg,CWS,0,0,8.25,11,0,0,0,0,0,12.0,14,11,11,2,2,14,3,2.33,.304
Marco M Gonzales,SEA,1,1,6.08,11,8,0,0,0,0,40.0,59,27,27,8,1,11,32,1.75,.343
Nate N Jones,CWS,1,0,2.31,11,0,0,0,0,0,11.2,9,3,3,1,1,6,15,1.29,.220
Sam S Moll,OAK,0,0,10.80,11,0,0,0,0,0,6.2,13,8,8,2,0,3,7,2.40,.406
Andrew A Moore,SEA,1,5,5.34,11,9,0,0,0,1,59.0,60,36,35,14,1,8,31,1.15,.261
Brooks B Pounders,LAA,1,0,10.45,11,0,0,0,0,0,10.1,17,12,12,4,1,5,12,2.13,.362
James J Sherfy,ARI,2,0,0.00,11,0,0,0,1,1,10.2,5,0,0,0,0,2,9,0.66,.143
Jake J Thompson,PHI,3,2,3.88,11,8,0,0,0,0,46.1,50,27,20,9,5,22,35,1.55,.276
Cesar C Valdez,TOR,1,1,7.63,11,4,0,0,0,0,30.2,41,29,26,7,1,11,21,1.70,.320
Victor V Arano,PHI,1,0,1.69,10,0,0,0,0,0,10.2,6,2,2,0,0,4,13,0.94,.158
Paul P Blackburn,OAK,3,1,3.22,10,10,0,0,0,0,58.2,58,22,21,5,1,16,22,1.26,.262
Lisalverto L Bonilla,CIN,1,3,8.10,10,4,1,0,0,0,36.2,42,33,33,8,2,22,28,1.75,.292
Luis L Cessa,NYY,0,3,4.75,10,5,0,0,0,0,36.0,36,21,19,7,3,17,30,1.47,.257
Dayan D Díaz Diaz,HOU,1,1,9.00,10,1,0,0,0,0,13.0,17,14,13,3,0,4,20,1.62,.315
Luke L Farrell,CIN,0,0,5.54,10,1,0,0,0,0,13.0,12,8,8,2,0,10,9,1.69,.235
Casey C Fien,PHI,0,1,12.75,10,0,0,0,0,0,12.0,23,17,17,5,0,6,10,2.42,.418
Justin J Haley,MIN,0,0,6.00,10,0,0,0,1,1,18.0,22,12,12,3,1,6,14,1.56,.301
Dillon D Overton,SD,0,1,6.65,10,2,0,0,0,0,23.0,30,19,17,6,1,4,11,1.48,.313
Edward E Paredes,LAD,1,0,3.24,10,0,0,0,0,0,8.1,8,3,3,1,0,0,11,0.96,.258
Zac Z Reininger,DET,0,0,7.45,10,0,0,0,0,0,9.2,16,8,8,3,0,3,5,1.97,.372
Zac Z Rosscup,COL,0,0,4.70,10,0,0,0,0,0,7.2,9,4,4,2,0,0,10,1.17,.290
Luis L Santos,TOR,0,1,2.70,10,0,0,0,1,1,16.2,15,5,5,4,0,4,16,1.14,.234
Troy T Scribner,LAA,2,1,4.18,10,4,0,0,0,0,23.2,17,14,11,7,2,10,18,1.14,.195
Braden B Shipley,ARI,0,1,5.76,10,3,0,0,0,0,25.0,31,18,16,5,1,15,18,1.84,.301
Nik N Turley,MIN,0,2,11.21,10,3,0,0,0,0,17.2,30,22,22,5,2,8,13,2.15,.395
Andrew A Albers,SEA,5,1,3.51,9,6,0,0,1,1,41.0,43,22,16,6,2,10,37,1.29,.262
Antonio A Bastardo,PIT,0,1,15.00,9,0,0,0,0,0,9.0,16,15,15,5,0,9,8,2.78,.372
Chad C Bettis,COL,2,4,5.05,9,9,0,0,0,0,46.1,52,27,26,8,1,11,30,1.36,.286
Jamie J Callahan,NYM,0,0,4.05,9,0,0,0,0,1,6.2,7,4,3,0,0,1,5,1.20,.250
Xavier X Cedeño Cedeno,TB,1,1,12.00,9,0,0,0,0,3,3.0,7,5,4,3,0,4,0,3.67,.438
Wei- Yin W Chen,MIA,2,1,3.82,9,5,0,0,0,0,33.0,25,14,14,3,1,9,25,1.03,.207
John J Curtiss,MIN,0,0,8.31,9,0,0,0,0,0,8.2,9,8,8,2,1,2,10,1.27,.257
Rubby R De La Rosa,ARI,0,1,4.70,9,0,0,0,0,1,7.2,7,4,4,2,0,4,12,1.43,.233
Max M Fried,ATL,1,1,3.81,9,4,0,0,0,0,26.0,30,15,11,3,4,12,22,1.62,.286
Ben B Heller,NYY,1,0,0.82,9,0,0,0,0,0,11.0,5,1,1,0,0,6,9,1.00,.139
Jason J Hursh,ATL,1,0,5.06,9,0,0,0,0,0,10.2,13,6,6,1,1,4,7,1.59,.317
Nate N Karns,KC,2,2,4.17,9,8,0,0,0,0,45.1,41,21,21,9,2,13,51,1.19,.237
Jacob J Rhame,NYM,1,1,9.00,9,0,0,0,0,0,9.0,12,9,9,2,0,7,7,2.11,.333
Shae S Simmons,SEA,0,2,7.04,9,0,0,0,0,0,7.2,4,6,6,1,0,4,8,1.04,.167
Caleb C Smith,NYY,0,1,7.71,9,2,0,0,0,0,18.2,21,16,16,4,0,10,18,1.66,.280
Jered J Weaver,SD,0,5,7.44,9,9,0,0,0,0,42.1,51,41,35,16,4,12,23,1.49,.295
Tyler T Webb,MIL,0,0,5.63,9,0,0,0,0,1,8.0,9,5,5,2,0,5,8,1.75,.290
Tyler T Wilson,BAL,2,2,7.04,9,1,0,0,0,0,15.1,22,14,12,3,1,4,9,1.70,.344
Gabriel G Ynoa,BAL,2,3,4.15,9,4,0,0,0,0,34.2,39,17,16,5,1,8,26,1.36,.289
Raul R Alcántara Alcantara,OAK,1,2,7.13,8,4,0,0,0,0,24.0,22,21,19,5,3,12,12,1.42,.239
Sandy S Alcantara,STL,0,0,4.32,8,0,0,0,0,0,8.1,9,6,4,2,0,6,10,1.80,.273
Anthony A Banda,ARI,2,3,5.96,8,4,0,0,0,1,25.2,26,17,17,1,3,10,25,1.40,.255
Walker W Buehler,LAD,1,0,7.71,8,0,0,0,0,0,9.1,11,8,8,2,0,8,12,2.04,.306
Stefan S Crichton,BAL,0,0,8.03,8,0,0,0,0,0,12.1,26,11,11,2,0,4,8,2.43,.456
Reynaldo R López Lopez,CWS,3,3,4.72,8,8,0,0,0,0,47.2,49,29,25,7,1,14,30,1.32,.258
Seth S Maness,KC,1,0,3.72,8,0,0,0,0,1,9.2,16,5,4,3,0,2,4,1.86,.381
Kevin K Mc Gowan,NYM,0,0,5.19,8,0,0,0,0,0,8.2,8,5,5,2,0,6,8,1.62,.235
Akeel A Morris,ATL,0,0,1.23,8,0,0,0,0,0,7.1,6,1,1,0,0,4,9,1.36,.214
Glen G Perkins,MIN,0,0,9.53,8,0,0,0,0,0,5.2,8,6,6,0,3,5,2,2.29,.320
Robbie R Ross,BOS,0,0,7.00,8,0,0,0,0,0,9.0,12,7,7,0,3,5,9,1.89,.324
Dan D Runzler,PIT,0,0,4.50,8,0,0,0,0,0,4.0,7,4,2,2,0,2,4,2.25,.389
Kyle K Ryan,DET,0,0,7.94,8,0,0,0,0,1,5.2,9,5,5,0,0,7,1,2.82,.429
Aaron A Sanchez,TOR,1,3,4.25,8,8,0,0,0,0,36.0,42,24,17,6,1,20,24,1.72,.288
Angel A Sánchez Sanchez,PIT,1,0,8.76,8,0,0,0,0,0,12.1,16,12,12,5,0,1,10,1.38,.308
Evan E Scribner,SEA,0,2,11.05,8,0,0,0,0,0,7.1,13,9,9,3,0,0,6,1.77,.394
Carson C Smith,BOS,0,0,1.35,8,0,0,0,1,1,6.2,7,1,1,0,0,2,7,1.35,.280
Hector H Velázquez Velazquez,BOS,3,1,2.92,8,3,0,0,0,0,24.2,21,8,8,4,0,7,19,1.14,.236
Wei- Chung W Wang,MIL,0,0,13.50,8,0,0,0,0,0,1.1,5,2,2,1,0,0,2,3.75,.556
Brandon B Woodruff,MIL,2,3,4.81,8,8,0,0,0,0,43.0,43,23,23,5,3,14,32,1.33,.259
Jarred J Cosart,SD,0,2,4.88,7,6,0,0,0,0,24.0,26,15,13,0,2,19,15,1.88,.283
Rookie R Davis,CIN,1,3,8.63,7,6,0,0,0,0,24.0,38,25,23,7,1,14,20,2.17,.365
Chase C De Jong,SEA,0,3,6.35,7,4,0,0,0,1,28.1,31,20,20,5,0,13,13,1.55,.282
Carson C Fulmer,CWS,3,1,3.86,7,5,0,0,0,0,23.1,16,10,10,4,2,13,19,1.24,.188
John J Gant,STL,0,1,4.67,7,2,0,0,0,0,17.1,17,9,9,4,1,10,11,1.56,.266
Domingo D Germán German,NYY,0,1,3.14,7,0,0,0,0,0,14.1,11,6,5,1,0,9,18,1.40,.216
Lucas L Giolito,CWS,3,3,2.38,7,7,0,0,0,0,45.1,31,14,12,8,3,12,34,0.95,.190
Jack J Leathersich,PIT,0,0,3.60,7,0,0,0,0,0,5.0,4,2,2,0,0,6,7,2.00,.235
Jeff J Locke,MIA,0,5,8.16,7,7,0,0,0,0,32.0,42,30,29,4,0,15,26,1.78,.311
Yohander Y Méndez Mendez,TEX,0,1,5.11,7,0,0,0,0,0,12.1,13,9,7,3,1,3,7,1.30,.271
Daniel D Mengden,OAK,3,2,3.14,7,7,1,1,0,0,43.0,36,16,15,6,0,9,29,1.05,.229
Reyes R Moronta,SF,0,0,2.70,7,0,0,0,0,1,6.2,6,2,2,1,0,3,11,1.35,.231
Gabriel G Moya,MIN,0,0,4.26,7,0,0,0,1,1,6.1,5,3,3,2,0,2,5,1.11,.208
Tyler T Pill,NYM,0,3,5.32,7,3,0,0,0,0,22.0,22,16,13,3,2,10,16,1.45,.268
Zach Z Putnam,CWS,0,0,1.04,7,0,0,0,0,0,8.2,2,1,1,0,0,1,9,0.35,.074
Eric E Skoglund,KC,1,2,9.50,7,5,0,0,0,0,18.0,30,20,19,2,0,12,14,2.33,.375
Jackson J Stephens,CIN,2,1,4.68,7,4,0,0,0,0,25.0,19,13,13,6,1,9,21,1.12,.209
Noah N Syndergaard,NYM,1,2,2.97,7,7,0,0,0,0,30.1,29,14,10,0,1,3,34,1.05,.246
Bobby B Wahl,OAK,0,0,4.70,7,0,0,0,0,0,7.2,8,4,4,0,1,4,8,1.57,.258
Austin A Adams,WSH,0,0,3.60,6,0,0,0,0,0,5.0,4,4,2,0,1,8,10,2.40,.211
Victor V Alcántara Alcantara,DET,0,0,8.59,6,0,0,0,0,0,7.1,12,7,7,1,2,4,5,2.18,.375
Barrett B Astin,CIN,0,0,6.75,6,0,0,0,0,0,8.0,9,6,6,2,2,7,2,2.00,.290
Alejandro A Chacin,CIN,0,0,10.50,6,0,0,0,0,0,6.0,11,7,7,2,0,4,6,2.50,.393
Zac Z Curtis,PHI,0,0,1.08,6,0,0,0,0,0,8.1,6,4,1,1,2,3,6,1.08,.200
Jack J Flaherty,STL,0,2,6.33,6,5,0,0,0,0,21.1,23,15,15,4,1,10,20,1.55,.284
Ernesto E Frieri,TEX,0,1,5.14,6,0,0,0,0,0,7.0,6,4,4,0,0,6,5,1.71,.250
Chris C Gimenez,MIN,0,0,7.20,6,0,0,0,0,0,5.0,7,4,4,1,0,0,0,1.40,.318
Jandel J Gustave,HOU,0,0,5.40,6,0,0,0,0,0,5.0,5,4,3,0,0,7,2,2.40,.278
Chih- Wei C Hu,TB,1,1,2.70,6,0,0,0,0,0,10.0,5,4,3,2,0,4,9,0.90,.143
Hisashi H Iwakuma,SEA,0,2,4.35,6,6,0,0,0,0,31.0,27,16,15,7,2,12,16,1.26,.237
Jairo J Labourt,DET,0,0,4.50,6,0,0,0,0,0,6.0,4,3,3,0,0,7,4,1.83,.200
Arcenio A Leon,DET,0,0,12.15,6,0,0,0,0,0,6.2,7,9,9,0,0,6,2,1.95,.292
Dillon D Maples,CHC,0,0,10.13,6,0,0,0,0,0,5.1,6,6,6,0,0,6,11,2.25,.286
Evan E Marshall,SEA,0,0,9.39,6,0,0,0,0,0,7.2,12,8,8,1,0,5,4,2.22,.364
Cory C Mazzoni,SD,0,0,13.50,6,0,0,0,0,0,8.0,17,16,12,5,1,4,4,2.63,.415
Deck D Mc Guire,CIN,1,1,2.63,6,2,0,0,0,0,13.2,10,6,4,1,1,2,11,0.88,.189
Zach Z Neal,OAK,0,0,7.98,6,0,0,0,0,0,14.2,19,13,13,5,0,1,10,1.36,.302
David D Paulino,HOU,2,0,6.52,6,6,0,0,0,0,29.0,36,21,21,8,0,7,34,1.48,.300
Dillon D Peters,MIA,1,2,5.17,6,6,0,0,0,0,31.1,32,18,18,3,2,19,27,1.63,.271
Garrett G Richards,LAA,0,2,2.28,6,6,0,0,0,0,27.2,18,8,7,1,0,7,27,0.90,.180
Chris C Rowley,TOR,1,2,6.75,6,3,0,0,0,0,18.2,24,14,14,4,0,10,11,1.82,.304
Chris C Volstad,CWS,1,2,4.66,6,2,0,0,0,0,19.1,16,11,10,4,1,5,10,1.09,.232
Alex A Wimmers,MIN,0,0,4.91,6,0,0,0,0,0,7.1,8,4,4,2,0,8,7,2.18,.267
Michael M Blazek,MIL,0,1,8.31,5,1,0,0,0,0,8.2,12,9,8,6,0,1,7,1.50,.343
Jake J Buchanan,CIN,0,0,8.16,5,0,0,0,0,0,14.1,24,13,13,1,3,7,4,2.16,.375
Hunter H Cervenka,MIA,0,0,15.43,5,0,0,0,0,0,4.2,1,8,8,0,2,8,6,1.93,.083
Luiz L Gohara,ATL,1,3,4.91,5,5,0,0,0,0,29.1,32,17,16,2,0,8,31,1.36,.283
Andrew A Heaney,LAA,1,2,7.06,5,5,0,0,0,0,21.2,27,17,17,12,0,9,27,1.66,.300
Myles M Jaye,DET,1,2,12.08,5,2,0,0,0,0,12.2,18,18,17,2,3,10,4,2.21,.321
Brian B Johnson,BOS,2,0,4.33,5,5,1,1,0,0,27.0,32,13,13,5,0,8,21,1.48,.283
Josh J Lucas,STL,0,0,3.68,5,0,0,0,0,0,7.1,7,3,3,2,1,4,7,1.50,.259
Jean J Machi,SEA,1,0,1.17,5,0,0,0,0,0,7.2,7,2,1,1,0,4,4,1.43,.269
Ryan R Merritt,CLE,2,0,1.74,5,4,0,0,0,0,20.2,26,6,4,0,0,4,7,1.45,.310
Diego D Moreno,TB,0,1,4.76,5,0,0,0,0,0,5.2,6,4,3,1,1,2,6,1.41,.261
Edward E Mujica,DET,0,0,9.95,5,0,0,0,0,0,6.1,11,7,7,4,0,0,7,1.74,.393
Richard R Rodríguez Rodriguez,BAL,0,0,14.29,5,0,0,0,0,0,5.2,12,9,9,4,1,3,3,2.65,.444
Tanner T Scheppers,TEX,0,1,6.75,5,0,0,0,0,0,4.0,5,3,3,0,1,3,5,2.00,.294
Julio J Urías Urias,LAD,0,2,5.40,5,5,0,0,0,0,23.1,23,15,14,1,1,14,11,1.59,.271
Taylor T Williams,MIL,0,0,1.93,5,0,0,0,0,0,4.2,4,1,1,0,0,2,4,1.29,.222
Daniel D Wright,LAA,0,1,4.58,5,2,0,0,0,0,19.2,21,12,10,1,2,8,11,1.47,.284
Steven S Wright,BOS,1,3,8.25,5,5,0,0,0,0,24.0,40,24,22,9,2,5,13,1.88,.377
Jayson J Aquino,BAL,1,2,7.43,4,2,0,0,0,0,13.1,15,12,11,4,0,6,13,1.58,.268
Andrew A Bailey,LAA,2,0,0.00,4,0,0,0,0,0,4.0,1,0,0,0,0,0,2,0.25,.077
Christian C Bethancourt,SD,0,0,14.73,4,0,0,0,0,0,3.2,6,9,6,1,0,8,2,3.82,.353
Kyle K Crockett,CLE,0,0,10.80,4,0,0,0,0,0,1.2,4,2,2,0,1,1,2,3.00,.444
Jairo J Díaz Diaz,COL,0,0,9.00,4,0,0,0,0,0,5.0,12,6,5,0,1,5,2,3.40,.500
Brandon B Finnegan,CIN,1,1,4.15,4,4,0,0,0,0,13.0,9,6,6,1,0,13,16,1.69,.196
Roberto R Gómez Gomez,SF,0,0,8.44,4,0,0,0,0,0,5.1,9,5,5,0,0,1,6,1.88,.360
Trevor T Gott,WSH,1,0,30.00,4,0,0,0,0,0,3.0,11,10,10,1,0,3,3,4.67,.550
Lucas L Harrell,TOR,0,0,7.11,4,0,0,0,0,0,6.1,10,5,5,1,0,4,6,2.21,.345
Mike M Hauschild,TEX,0,0,11.25,4,0,0,0,0,0,8.0,14,10,10,5,1,2,7,2.00,.389
Artie A Lewicki,DET,0,1,6.10,4,1,0,0,0,0,10.1,19,8,7,1,0,4,6,2.23,.396
Adam A Liberatore,LAD,0,0,2.70,4,0,0,0,0,0,3.1,3,1,1,0,0,2,5,1.50,.231
Josh J Lindblom,PIT,0,0,7.84,4,0,0,0,0,0,10.1,18,9,9,0,0,3,10,2.03,.375
Tyler T Mahle,CIN,1,2,2.70,4,4,0,0,0,0,20.0,19,6,6,0,4,11,14,1.50,.253
Shelby S Miller,ARI,2,2,4.09,4,4,0,0,0,0,22.0,20,10,10,1,0,12,20,1.45,.230
Aaron A Slegers,MIN,0,1,6.46,4,3,0,0,0,0,15.1,12,12,11,3,0,6,9,1.17,.211
Chris C Smith,TOR,0,0,5.40,4,0,0,0,0,0,5.0,7,3,3,1,0,1,1,1.60,.318
Huston H Street,LAA,0,0,0.00,4,0,0,0,0,0,4.0,2,0,0,0,0,1,3,0.75,.143
Nick N Tepesch,TOR,1,2,5.17,4,4,0,0,0,0,15.2,22,15,9,6,3,9,9,1.98,.328
Logan L Verrett,BAL,2,0,4.22,4,0,0,0,0,0,10.2,11,6,5,3,2,3,9,1.31,.275
Adam A Wilk,MIN,0,2,9.00,4,2,0,0,0,0,14.0,24,15,14,6,0,9,8,2.36,.381
Rob R Zastryzny,CHC,0,0,8.31,4,0,0,0,0,0,13.0,19,13,12,2,1,7,11,2.00,.352
Henderson H Alvarez,PHI,0,1,4.30,3,3,0,0,0,0,14.2,14,7,7,2,0,11,6,1.70,.250
Shane S Carle,COL,0,0,6.75,3,0,0,0,0,0,4.0,6,3,3,1,0,0,4,1.50,.316
Erick E Fedde,WSH,0,1,9.39,3,3,0,0,0,0,15.1,25,16,16,5,1,8,15,2.15,.385
Dylan D Floro,CHC,0,0,6.52,3,0,0,0,0,0,9.2,15,7,7,2,1,2,6,1.76,.357
Wilmer W Font,LAD,0,0,17.18,3,0,0,0,0,0,3.2,7,7,7,2,0,4,3,3.00,.389
Jason J Gurka,LAA,0,0,0.00,3,0,0,0,0,0,0.2,2,0,0,0,0,1,0,4.50,.500
Chris C Heston,MIN,0,1,16.50,3,1,0,0,0,0,6.0,15,12,11,3,0,5,3,3.33,.455
Jordan J Jankowski,HOU,1,0,12.46,3,0,0,0,0,0,4.1,7,6,6,3,0,2,5,2.08,.350
Mat M Latos,TOR,0,1,6.60,3,3,0,0,0,0,15.0,19,11,11,5,1,8,10,1.80,.311
Zach Z Lee,SD,1,0,5.63,3,1,0,0,0,0,8.0,8,5,5,1,0,8,6,2.00,.250
Mike M Mayers,STL,0,0,11.57,3,0,0,0,0,0,4.2,8,8,6,2,0,4,3,2.57,.421
Tim T Melville,SD,0,1,11.12,3,1,0,0,0,0,5.2,7,8,7,1,1,6,7,2.29,.304
Max M Povse,SEA,0,0,7.36,3,0,0,0,0,0,3.2,9,5,3,1,0,1,2,2.73,.450
Ashur A Tolliver,HOU,0,0,3.60,3,0,0,0,0,0,5.0,4,2,2,0,1,4,5,1.60,.235
Aaron A Wilkerson,MIL,1,0,3.48,3,2,0,0,0,0,10.1,6,4,4,1,0,1,7,0.68,.167
Miguel M Almonte,KC,0,0,13.50,2,0,0,0,0,0,2.0,5,3,3,0,0,2,0,3.50,.556
Drew D Anderson,PHI,0,0,23.14,2,0,0,0,0,0,2.1,6,7,6,0,0,1,2,3.00,.500
Erick E Aybar S,SD,0,0,0.00,2,0,0,0,0,0,1.1,0,0,0,0,0,1,0,0.75,.000
Anthony A Bass,TEX,0,0,14.29,2,0,0,0,0,0,5.2,14,9,9,1,0,0,1,2.47,.467
Clay C Buchholz,PHI,0,1,12.27,2,2,0,0,0,0,7.1,16,10,10,1,0,3,5,2.59,.457
Fabio F Castillo,LAD,0,0,13.50,2,0,0,0,0,0,1.1,3,2,2,0,0,1,2,3.00,.429
J. D. J Davis,HOU,0,0,0.00,2,0,0,0,0,0,1.2,1,0,0,0,0,1,3,1.20,.167
Daniel D Descalso,ARI,0,0,0.00,2,0,0,0,0,0,2.0,0,0,0,0,0,0,0,0.00,.000
Dietrich D Enns,MIN,0,0,6.75,2,1,0,0,0,0,4.0,7,4,3,2,0,1,2,2.00,.350
Onelki O Garcia,KC,0,1,13.50,2,1,0,0,0,0,6.0,12,9,9,2,0,5,2,2.83,.444
Sean S Gilmartin,NYM,0,0,13.50,2,0,0,0,0,0,3.1,8,5,5,2,0,1,4,2.70,.500
Ronald R Herrera,NYY,0,1,6.00,2,0,0,0,0,0,3.0,3,2,2,1,1,1,3,1.33,.250
T J House,TOR,0,0,4.50,2,0,0,0,0,0,2.0,3,1,1,0,0,1,1,2.00,.333
Felix F Jorge,MIN,1,0,10.57,2,2,0,0,0,0,7.2,14,9,9,4,0,2,4,2.09,.412
Kyle K Kendrick,BOS,0,2,12.96,2,2,0,0,0,0,8.1,18,12,12,1,0,3,3,2.52,.429
Andres A Machado,KC,0,0,22.09,2,0,0,0,0,0,3.2,10,9,9,2,0,3,1,3.55,.476
Kyle K Martin,BOS,0,0,3.86,2,0,0,0,0,0,2.1,2,1,1,1,0,2,1,1.71,.222
Keury K Mella,CIN,0,0,6.75,2,0,0,0,0,0,4.0,5,3,3,1,0,2,1,1.75,.294
Kevin K Plawecki,NYM,0,0,12.00,2,0,0,0,0,0,3.0,5,4,4,3,0,0,0,1.67,.357
Andrew An Romine,DET,0,0,0.00,2,0,0,0,0,0,1.0,1,0,0,0,1,1,0,2.00,.333
Randy R Rosario,MIN,0,0,30.86,2,0,0,0,0,0,2.1,7,8,8,1,1,0,2,3.00,.500
Drew D Rucinski,MIN,0,0,10.38,2,0,0,0,0,0,4.1,10,5,5,2,0,2,5,2.77,.476
Tanner Tan Scott,BAL,0,0,10.80,2,0,0,0,0,0,1.2,2,2,2,0,0,2,2,2.40,.286
Glenn G Sparkman,TOR,0,0,63.00,2,0,0,0,0,0,1.0,9,7,7,0,0,1,1,10.00,.818
Jen- Ho J Tseng,CHC,1,0,7.50,2,1,0,0,0,0,6.0,5,5,5,2,1,2,8,1.17,.227
Rob R Whalen,SEA,0,1,6.14,2,1,0,0,0,0,7.1,7,5,5,1,2,2,2,1.23,.259
Jason J Wheeler,MIN,0,0,9.00,2,0,0,0,0,0,3.0,6,5,3,1,0,4,0,3.33,.429
Norichika N Aoki R,HOU,0,0,27.00,1,0,0,0,0,0,1.0,1,3,3,0,0,2,0,3.00,.333
Pedro P Beato,PHI,0,0,0.00,1,0,0,0,0,0,0.2,0,0,0,0,0,0,1,0.00,.000
Aaron A Blair,ATL,0,1,15.00,1,1,0,0,0,0,3.0,5,5,5,1,0,5,3,3.33,.417
Andres A Blanco,PHI,0,0,27.00,1,0,0,0,0,0,0.1,1,1,1,1,0,0,0,3.00,.500
Rob R Brantly,CWS,0,0,9.00,1,0,0,0,0,0,1.0,1,1,1,1,0,0,0,1.00,.250
Preston P Claiborne,TEX,0,0,13.50,1,0,0,0,0,0,2.0,5,3,3,0,0,0,2,2.50,.500
Tyler T Cloyd,SEA,1,0,0.00,1,0,0,0,0,0,1.0,2,0,0,0,0,0,1,2.00,.500
Taylor T Cole,TOR,0,0,36.00,1,0,0,0,0,0,1.0,6,4,4,0,1,1,1,7.00,.750
William W Cuevas,DET,0,0,108.00,1,0,0,0,0,0,0.1,3,4,4,0,1,0,1,9.00,.750
Tyler T Danish,CWS,1,0,0.00,1,1,0,0,0,0,5.0,3,0,0,0,0,6,6,1.80,.176
Jose J De León Leon,TB,1,0,10.13,1,0,0,0,0,0,2.2,4,3,3,1,0,3,2,2.63,.333
Roenis R Elías Elias,BOS,0,0,0.00,1,0,0,0,0,0,0.1,0,0,0,0,0,1,1,3.00,.000
Jake J Esch,SD,0,0,-.--,1,0,0,0,0,0,0.0,0,0,0,0,0,2,0,-.--,.000
Brian B Flynn,KC,0,0,3.86,1,0,0,0,0,0,2.1,3,1,1,0,0,0,0,1.29,.375
Seth S Frankoff,CHC,0,1,9.00,1,0,0,0,0,0,2.0,4,2,2,1,0,0,2,2.00,.444
Mike M Freeman,SEA,0,0,9.00,1,0,0,0,0,0,1.0,3,1,1,0,0,0,0,3.00,.600
Scooter S Gennett,CIN,0,0,18.00,1,0,0,0,0,0,1.0,2,2,2,1,1,1,0,3.00,.400
David D Goforth,MIL,0,0,0.00,1,0,0,0,0,0,1.0,0,0,0,0,0,1,0,1.00,.000
Jeremy J Guthrie,WSH,0,1,135.00,1,1,0,0,0,0,0.2,6,10,10,0,0,4,0,15.00,1.000
Jon J Jay O,CHC,0,0,0.00,1,0,0,0,0,0,1.0,1,0,0,0,0,0,0,1.00,.250
Pierce P Johnson,CHC,0,0,0.00,1,0,0,0,0,0,1.0,2,2,0,0,0,1,2,3.00,.333
Taylor T Jungmann,MIL,0,0,13.50,1,0,0,0,0,0,0.2,2,1,1,0,1,1,1,4.50,.500
Matt M Koch,ARI,0,0,-.--,1,0,0,0,0,0,0.0,2,3,3,0,0,1,0,-.--,1.000
Kyle K Lloyd,SD,0,0,9.00,1,1,0,0,0,0,4.0,6,4,4,1,0,2,2,2.00,.333
Jorge J López Lopez,MIL,0,0,4.50,1,0,0,0,0,0,2.0,4,1,1,0,0,1,0,2.50,.444
Damien D Magnifico,LAA,0,0,0.00,1,0,0,0,0,0,0.1,0,0,0,0,0,2,1,6.00,.000
Justin J Marks,TB,0,0,6.75,1,0,0,0,0,0,1.1,2,1,1,1,0,1,1,2.25,.333
Cody C Martin,SEA,0,0,13.50,1,0,0,0,0,0,2.0,5,4,3,0,0,2,0,3.50,.455
Leonys L Martin C,CHC,0,0,27.00,1,0,0,0,0,0,0.2,3,2,2,1,0,0,0,4.50,.600
Michael M Martinez,CLE,0,0,0.00,1,0,0,0,0,0,1.0,1,0,0,0,0,0,0,1.00,.250
Miguel M Montero,CHC,0,0,0.00,1,0,0,0,0,0,1.0,0,0,0,0,0,2,0,2.00,.000
Mitch M Moreland,BOS,0,0,0.00,1,0,0,0,0,0,1.0,2,0,0,0,0,0,1,2.00,.400
Brett B Nicholas,TEX,0,0,36.00,1,0,0,0,0,0,1.0,5,4,4,0,0,0,0,5.00,.714
Hernan H Pérez,MIL,0,0,0.00,1,0,0,0,0,0,1.0,1,0,0,0,0,1,0,2.00,.250
Carlos C Ruiz,SEA,0,0,9.00,1,0,0,0,0,0,1.0,2,1,1,1,0,2,1,4.00,.400
Jose J Ruiz,SD,0,0,0.00,1,0,0,0,0,0,1.0,0,0,0,0,0,1,1,1.00,.000
Luis L Sardinas S,SD,0,0,0.00,1,0,0,0,0,0,1.0,1,0,0,0,0,0,0,1.00,.250
Dan D Slania,SF,0,0,0.00,1,0,0,0,0,0,1.0,0,0,0,0,0,0,0,0.00,.000
Jesus J Sucre,TB,0,0,27.00,1,0,0,0,0,0,1.0,2,3,3,0,0,2,0,4.00,.500
Thyago T Vieira,SEA,0,0,0.00,1,0,0,0,0,0,1.0,0,0,0,0,0,0,1,0.00,.000
Ryan R Weber,SEA,0,0,2.45,1,1,0,0,0,0,3.2,3,1,1,0,0,0,0,0.82,.214
Tyler T White,HOU,0,0,18.00,1,0,0,0,0,0,1.0,2,2,2,1,0,0,0,2.00,.400
Hunter H Wood,TB,0,0,0.00,1,0,0,0,0,0,0.1,0,0,0,0,0,0,0,0.00,.000
