PLAYER,TEAM,W,L,ERA,GS,CG,SHO,SV,SVO,IP,H,R,ER,HR,HB,BB,SO,WHIP,AVG
Steve S Kline,MON,7,4,3.75,82,0,0,0,0,0,69.2,56,32,29,8,3,33,69,1.28,.218
Turk T Wendell,NYM,5,4,3.05,80,0,0,0,3,3,85.2,80,31,29,9,2,37,77,1.37,.245
Scott S Sullivan,CIN,5,4,3.01,79,0,0,0,3,3,113.2,88,41,38,10,8,47,78,1.19,.217
Anthony A Telford,MON,5,4,3.94,79,0,0,0,2,2,96.0,112,52,42,3,3,38,69,1.56,.295
Armando A Benitez,NYM,4,3,1.85,77,0,0,0,22,22,78.0,40,17,16,4,0,41,128,1.04,.148
Buddy B Groom,OAK,3,2,5.09,76,0,0,0,0,0,46.0,48,29,26,1,1,18,32,1.43,.274
Bob B Wells,MIN,8,3,3.81,76,0,0,0,1,1,87.1,79,41,37,8,5,28,44,1.23,.245
Danny D Graves,CIN,8,7,3.08,75,0,0,0,27,27,111.0,90,42,38,10,2,49,69,1.25,.227
Mike M Trombley,MIN,2,8,4.33,75,0,0,0,24,24,87.1,93,42,42,15,2,28,82,1.39,.272
Graeme G Lloyd,TOR,5,3,3.63,74,0,0,0,3,3,72.0,68,36,29,11,4,23,47,1.26,.250
Derek D Lowe,BOS,6,3,2.63,74,0,0,0,15,15,109.1,84,35,32,7,4,25,80,1.00,.208
John J Rocker,ATL,4,5,2.49,74,0,0,0,38,38,72.1,47,24,20,5,1,37,104,1.16,.180
Antonio A Alfonseca,FLA,4,5,3.24,73,0,0,0,21,21,77.2,79,28,28,4,4,29,46,1.39,.274
Wayne W Gomes,PHI,5,5,4.26,73,0,0,0,19,19,74.0,70,38,35,5,2,56,58,1.70,.255
Mike M Remlinger,ATL,10,1,2.37,73,0,0,0,1,1,83.2,66,24,22,9,1,35,81,1.21,.215
Mike M Stanton,NYY,2,2,4.33,73,1,0,0,0,0,62.1,71,30,30,5,1,18,59,1.43,.289
Dave D Veres,COL,4,8,5.14,73,0,0,0,31,31,77.0,88,46,44,14,2,37,71,1.62,.290
Roberto R Hernandez,TB,2,3,3.07,72,0,0,0,43,43,73.1,68,27,25,1,4,33,69,1.38,.245
Michael M Jackson,CLE,3,4,4.06,72,0,0,0,39,39,68.2,60,32,31,11,2,26,55,1.25,.232
Braden B Looper,FLA,3,3,3.80,72,0,0,0,0,0,83.0,96,43,35,7,1,31,50,1.53,.293
Robb R Nen,SF,3,8,3.98,72,0,0,0,37,37,72.1,79,36,32,8,0,27,77,1.47,.275
Paul P Shuey,CLE,8,5,3.53,72,0,0,0,6,6,81.2,68,37,32,8,1,40,103,1.32,.223
Dennis D Cook,NYM,10,5,3.86,71,0,0,0,3,3,63.0,50,27,27,11,1,27,68,1.22,.216
Mike M Myers,MIL,2,1,5.23,71,0,0,0,0,0,41.1,46,24,24,7,3,13,35,1.43,.291
Ugueth U Urbina,MON,6,6,3.69,71,0,0,0,41,41,75.2,59,35,31,6,0,36,100,1.26,.208
Bob B Wickman,MIL,3,8,3.39,71,0,0,0,37,37,74.1,75,31,28,6,2,38,60,1.52,.262
Pedro P Borbon,LA,4,3,4.09,70,0,0,0,1,1,50.2,39,23,23,5,1,29,33,1.34,.209
Doug D Brocail,DET,4,4,2.52,70,0,0,0,2,2,82.0,60,23,23,7,4,25,78,1.04,.206
Doug D Jones,OAK,5,5,3.55,70,0,0,0,10,10,104.0,106,43,41,10,3,24,63,1.25,.267
Bill B Simas,CWS,6,3,3.75,70,0,0,0,2,2,72.0,73,36,30,6,6,32,41,1.46,.263
Felix F Heredia,CHC,3,1,4.85,69,0,0,0,1,1,52.0,56,35,28,7,1,25,50,1.56,.272
Bob B Howry,CWS,5,3,3.59,69,0,0,0,28,28,67.2,58,34,27,8,3,38,80,1.42,.229
Ricky R Bottalico,STL,3,7,4.91,68,0,0,0,20,20,73.1,83,45,40,8,3,49,66,1.80,.284
Tim T Crabtree,TEX,5,1,3.46,68,0,0,0,0,0,65.0,71,26,25,4,1,18,54,1.37,.280
Brian B Edmondson,FLA,5,8,5.84,68,0,0,0,1,1,94.0,106,65,61,11,6,44,58,1.60,.290
Alan A Embree,SF,3,2,3.38,68,0,0,0,0,0,58.2,42,22,22,6,3,26,53,1.16,.200
Jose J Mesa,SEA,3,6,4.98,68,0,0,0,33,33,68.2,84,42,38,11,4,40,42,1.81,.305
Alan A Mills,LA,3,4,3.73,68,0,0,0,0,0,72.1,70,33,30,10,4,43,49,1.56,.261
C. J. C Nitkowski,DET,4,5,4.30,68,7,0,0,0,0,81.2,63,44,39,11,3,45,66,1.32,.213
Eric E Plunk,MIL,4,4,5.02,68,0,0,0,0,0,75.1,71,44,42,15,5,43,63,1.51,.251
Scott S Service,KC,5,5,6.09,68,0,0,0,8,8,75.1,87,51,51,13,3,42,68,1.71,.294
Keith K Foulke,CWS,3,3,2.22,67,0,0,0,9,9,105.1,72,28,26,11,3,21,123,0.88,.188
Jay J Powell,HOU,5,4,4.32,67,0,0,0,4,4,75.0,82,38,36,3,3,40,77,1.63,.282
Matt M Whisenant,SD,4,5,5.63,67,0,0,0,1,1,54.1,50,34,34,4,7,36,37,1.58,.250
Scott S Aldred,PHI,4,3,4.45,66,0,0,0,1,1,56.2,59,30,28,2,2,29,41,1.55,.276
Bobby B Ayala,CHC,1,7,3.51,66,0,0,0,0,0,82.0,71,43,32,10,6,39,79,1.34,.228
Dan D Miceli,SD,4,5,4.46,66,0,0,0,2,2,68.2,67,39,34,7,2,36,59,1.50,.266
Mariano M Rivera,NYY,4,3,1.83,66,0,0,0,45,45,69.0,43,15,14,2,3,18,52,0.88,.176
Scott S Sanders,CHC,4,7,5.52,66,6,0,0,2,2,104.1,112,69,64,19,0,53,89,1.58,.277
Billy B Wagner,HOU,4,1,1.57,66,0,0,0,39,39,74.2,35,14,13,5,1,23,124,0.78,.135
Manny M Aybar,STL,4,5,5.47,65,1,0,0,3,3,97.0,104,67,59,13,4,36,74,1.44,.272
Todd T Jones,DET,4,4,3.80,65,0,0,0,30,30,66.1,64,30,28,7,1,35,64,1.49,.259
Matt M Mantei,ARI,1,3,2.76,65,0,0,0,32,32,65.1,44,21,20,5,5,44,99,1.35,.189
Jesse J Orosco,BAL,0,2,5.34,65,0,0,0,1,1,32.0,28,21,19,5,2,20,35,1.50,.239
Carlos C Reyes,SD,2,4,3.72,65,0,0,0,1,1,77.1,76,38,32,11,0,24,57,1.29,.254
Dennys D Reyes,CIN,2,2,3.79,65,1,0,0,2,2,61.2,53,30,26,5,3,39,72,1.49,.232
Scott S Sauerbeck,PIT,4,1,2.00,65,0,0,0,2,2,67.2,53,19,15,6,4,38,55,1.34,.220
Mike M Venafro,TEX,3,2,3.29,65,0,0,0,0,0,68.1,63,29,25,4,3,22,37,1.24,.251
Jeff J Zimmerman,TEX,9,3,2.36,65,0,0,0,3,3,87.2,50,24,23,9,2,23,67,0.83,.166
Shigetoshi S Hasegawa,ANA,4,6,4.91,64,1,0,0,2,2,77.0,80,45,42,14,2,34,44,1.48,.276
Sean S Lowe,CWS,4,1,3.67,64,0,0,0,0,0,95.2,90,39,39,10,4,46,62,1.42,.262
Kevin K Mc Glinchy,ATL,7,3,2.82,64,0,0,0,0,0,70.1,66,25,22,6,1,30,67,1.36,.255
Mark M Petkovsek,ANA,10,4,3.47,64,0,0,0,1,1,83.0,85,37,32,6,2,21,43,1.28,.269
Dan D Plesac,ARI,2,4,5.89,64,0,0,0,1,1,44.1,50,30,29,7,0,17,53,1.51,.284
Jeff J Shaw,LA,2,4,2.78,64,0,0,0,34,34,68.0,64,25,21,6,1,15,43,1.16,.242
Jerry J Dipoto,COL,4,5,4.26,63,0,0,0,1,1,86.2,91,44,41,10,3,44,69,1.56,.279
Eddie E Guardado,MIN,2,5,4.50,63,0,0,0,2,2,48.0,37,24,24,6,2,25,50,1.29,.222
Trevor T Hoffman,SD,2,3,2.14,63,0,0,0,40,40,67.1,48,23,16,5,0,15,73,0.94,.197
Curt C Leskanic,COL,6,2,5.08,63,0,0,0,0,0,85.0,87,54,48,7,5,49,77,1.60,.272
Steve S Reed,CLE,3,2,4.23,63,0,0,0,0,0,61.2,69,33,29,10,3,20,44,1.44,.285
Jerry J Spradlin,SF,3,1,4.87,63,0,0,0,0,0,61.0,65,37,33,5,10,32,54,1.59,.267
Greg G Swindell,ARI,4,0,2.51,63,0,0,0,1,1,64.2,54,19,18,8,1,21,51,1.16,.230
David D Weathers,MIL,7,4,4.65,63,0,0,0,2,2,93.0,102,49,48,14,2,38,74,1.51,.279
Rick R White,TB,5,3,4.08,63,1,0,0,0,0,108.0,132,56,49,8,1,38,81,1.57,.304
John J Johnstone,SF,4,6,2.60,62,0,0,0,3,3,65.2,48,24,19,8,1,20,56,1.04,.203
Rich R Rodriguez,SF,3,0,5.24,62,0,0,0,0,0,56.2,60,33,33,8,1,28,44,1.55,.274
Mike M Timlin,BAL,3,9,3.57,62,0,0,0,27,27,63.0,51,30,25,9,5,23,50,1.17,.221
John J Wetteland,TEX,4,4,3.68,62,0,0,0,43,43,66.0,67,30,27,9,0,19,60,1.30,.262
Scott S Williamson,CIN,12,7,2.41,62,0,0,0,19,19,93.1,54,29,25,8,1,43,107,1.04,.171
Rick R Aguilera,CHC,9,4,2.93,61,0,0,0,14,14,67.2,54,25,22,8,2,12,45,0.98,.219
Gregg G Olson,ARI,9,4,3.71,61,0,0,0,14,14,60.2,54,28,25,9,2,25,45,1.30,.238
Billy B Taylor,NYM,1,6,4.95,61,0,0,0,26,26,56.1,68,35,31,5,2,23,52,1.62,.302
Rheal R Cormier,BOS,2,0,3.69,60,0,0,0,0,0,63.1,61,34,26,4,5,18,39,1.25,.246
Troy T Percival,ANA,4,6,3.79,60,0,0,0,31,31,57.0,38,24,24,9,3,22,58,1.05,.186
Rick R Croushore,STL,3,7,4.14,59,0,0,0,3,3,71.2,68,42,33,9,3,43,88,1.55,.247
John J Frascatore,TOR,8,5,3.73,59,0,0,0,1,1,70.0,73,32,29,11,2,21,37,1.34,.275
Jose J Paniagua,SEA,6,11,4.06,59,0,0,0,3,3,77.2,75,37,35,5,7,52,74,1.64,.264
Ricardo R Rincon,CLE,2,3,4.43,59,0,0,0,0,0,44.2,41,22,22,6,1,24,30,1.46,.248
Jesus J Sanchez,FLA,5,7,6.01,59,10,0,0,0,0,76.1,84,53,51,16,4,60,62,1.89,.291
Mike M Williams,PIT,3,4,5.09,58,0,0,0,23,23,58.1,63,36,33,9,1,37,76,1.71,.276
Mark M Guthrie,CHC,1,3,5.37,57,0,0,0,2,2,58.2,57,38,35,10,2,24,45,1.38,.256
Brad B Clontz,PIT,1,3,2.74,56,0,0,0,2,2,49.1,49,21,15,6,3,24,40,1.48,.254
Vic V Darensbourg,FLA,0,1,8.83,56,0,0,0,0,0,34.2,50,36,34,3,5,21,16,2.05,.340
Mike M De Jean,COL,2,4,8.41,56,0,0,0,0,0,61.0,83,61,57,13,2,32,31,1.89,.335
Billy B Koch,TOR,0,5,3.39,56,0,0,0,31,31,63.2,55,26,24,5,3,30,57,1.34,.235
Chuck C Mc Elroy,NYM,3,1,5.50,56,0,0,0,0,0,54.0,60,34,33,9,1,36,44,1.78,.286
Mike M Munoz,TEX,2,1,3.93,56,0,0,0,1,1,52.2,52,24,23,5,1,18,27,1.33,.263
Lance L Painter,STL,4,5,4.83,56,4,0,0,1,1,63.1,63,37,34,6,2,25,56,1.39,.265
Rudy R Seanez,ATL,6,1,3.35,56,0,0,0,3,3,53.2,47,21,20,3,1,21,41,1.27,.234
Paul P Assenmacher,CLE,2,1,8.18,55,0,0,0,0,0,33.0,50,32,30,6,1,17,29,2.03,.347
Jason J Grimsley,NYY,7,2,3.60,55,0,0,0,1,1,75.0,66,39,30,7,4,40,49,1.41,.231
Donne D Wall,SD,7,4,3.07,55,0,0,0,0,0,70.1,58,31,24,11,0,23,53,1.15,.219
Onan O Masaoka,LA,2,4,4.32,54,0,0,0,1,1,66.2,55,33,32,8,2,47,61,1.53,.222
Jim J Poole,CLE,2,1,4.71,54,0,0,0,1,1,36.1,50,22,19,3,3,18,22,1.87,.333
Mike M Maddux,LA,1,1,3.77,53,0,0,0,0,0,59.2,63,26,25,6,5,22,45,1.42,.275
Mike M Magnante,ANA,5,2,3.38,53,0,0,0,0,0,69.1,68,30,26,2,3,29,44,1.40,.262
Ramiro R Mendoza,NYY,9,9,4.29,53,6,0,0,3,3,123.2,141,68,59,13,3,27,80,1.36,.284
Steve S Montgomery,PHI,1,5,3.34,53,0,0,0,3,3,64.2,54,25,24,10,0,31,55,1.31,.229
Danny D Patterson,TEX,2,0,5.67,53,0,0,0,0,0,60.1,77,38,38,5,1,19,43,1.59,.304
Al A Reyes,BAL,4,3,4.52,53,0,0,0,0,0,65.2,50,33,33,9,6,41,67,1.39,.215
Tim T Worrell,OAK,2,2,4.15,53,0,0,0,0,0,69.1,69,38,32,6,3,34,62,1.49,.256
Terry T Adams,CHC,6,3,4.02,52,0,0,0,13,13,65.0,60,33,29,9,0,28,57,1.35,.245
Travis T Miller,MIN,2,2,2.72,52,0,0,0,0,0,49.2,55,19,15,3,0,16,40,1.43,.284
Albie A Lopez,TB,3,2,4.64,51,0,0,0,1,1,64.0,66,40,33,8,1,24,37,1.41,.263
Guillermo G Mota,MON,2,4,2.93,51,0,0,0,0,0,55.1,54,24,18,5,2,25,27,1.43,.257
Juan J Acevedo,STL,6,8,5.89,50,12,0,0,4,4,102.1,115,71,67,17,4,48,52,1.59,.291
Steve S Karsay,CLE,10,2,2.97,50,3,0,0,1,1,78.2,71,29,26,6,2,30,68,1.28,.247
Al A Levine,ANA,1,1,3.39,50,1,0,0,0,0,85.0,76,40,32,13,3,29,37,1.24,.247
T. J. T Mathews,OAK,9,5,3.81,50,0,0,0,3,3,59.0,46,28,25,9,2,20,42,1.12,.215
Heathcliff H Slocumb,STL,3,2,3.77,50,0,0,0,2,2,62.0,64,28,26,5,3,39,60,1.66,.267
Gabe G White,CIN,1,2,4.43,50,0,0,0,0,0,61.0,68,31,30,13,2,14,61,1.34,.281
Brian B Williams,HOU,2,1,4.41,50,0,0,0,0,0,67.1,69,35,33,4,5,35,53,1.54,.272
Esteban E Yan,TB,3,4,5.90,50,1,0,0,0,0,61.0,77,41,40,8,9,32,46,1.79,.326
Masao M Kida,DET,1,0,6.26,49,0,0,0,1,1,64.2,73,48,45,6,4,30,50,1.59,.289
Joe J Mays,MIN,6,11,4.37,49,20,2,1,0,0,171.0,179,92,83,24,2,67,115,1.44,.270
Jeff J Montgomery,KC,1,4,6.84,49,0,0,0,12,12,51.1,72,40,39,7,2,21,27,1.81,.343
Alvin A Morman,KC,2,4,4.05,49,0,0,0,1,1,53.1,66,27,24,6,4,23,31,1.67,.307
Brad B Rigby,KC,4,6,5.06,49,0,0,0,0,0,83.2,102,51,47,11,7,31,36,1.59,.303
Russ R Springer,ATL,2,1,3.42,49,0,0,0,1,1,47.1,31,20,18,5,2,22,49,1.12,.185
Amaury A Telemaco,PHI,4,0,5.77,49,0,0,0,0,0,53.0,52,34,34,10,2,26,43,1.47,.259
Tim T Wakefield,BOS,6,11,5.08,49,17,0,0,15,15,140.0,146,93,79,19,5,72,104,1.56,.266
Mike M Mohler,STL,1,1,4.38,48,0,0,0,1,1,49.1,47,26,24,3,1,23,31,1.42,.255
Trever T Miller,HOU,3,2,5.07,47,0,0,0,1,1,49.2,58,29,28,6,5,29,37,1.75,.299
Felix F Rodriguez,SF,2,3,3.80,47,0,0,0,0,0,66.1,67,32,28,6,2,29,55,1.45,.262
Julian J Tavarez,SF,2,0,5.93,47,0,0,0,0,0,54.2,65,38,36,7,8,25,33,1.65,.295
John J Franco,NYM,0,2,2.88,46,0,0,0,19,19,40.2,40,14,13,1,2,19,41,1.45,.255
Rodney R Myers,CHC,3,1,4.38,46,0,0,0,0,0,63.2,71,34,31,10,1,25,41,1.51,.289
Marc M Wilkins,PIT,2,3,4.24,46,0,0,0,0,0,51.0,49,28,24,3,4,26,44,1.47,.257
Tom T Davey,SEA,2,1,4.71,45,0,0,0,1,1,65.0,62,41,34,5,7,40,59,1.57,.250
John J Wasdin,BOS,8,3,4.12,45,0,0,0,2,2,74.1,66,38,34,14,0,18,57,1.13,.236
Darren D Holmes,ARI,4,3,3.70,44,0,0,0,0,0,48.2,50,21,20,3,1,25,35,1.54,.262
Vladimir V Nunez,FLA,7,10,4.06,44,12,0,0,1,1,108.2,95,63,49,11,4,54,86,1.37,.242
Rod R Beck,BOS,2,5,5.93,43,0,0,0,10,10,44.0,50,29,29,5,1,18,25,1.55,.289
Scott S Kamieniecki,BAL,2,4,4.95,43,3,0,0,2,2,56.1,52,32,31,4,4,29,39,1.44,.250
Scott S Radinsky,STL,2,1,4.88,43,0,0,0,3,3,27.2,27,16,15,2,1,18,17,1.63,.270
Arthur A Rhodes,BAL,3,4,5.43,43,0,0,0,3,3,53.0,43,37,32,9,0,45,59,1.66,.221
Rafael R Roque,MIL,1,6,5.34,43,9,0,0,1,1,84.1,96,52,50,16,4,42,66,1.64,.286
Norm N Charlton,TB,2,3,4.44,42,0,0,0,0,0,50.2,49,29,25,4,1,36,45,1.68,.257
Scott S Elarton,HOU,9,5,3.48,42,15,0,0,1,1,124.0,111,55,48,8,4,43,121,1.24,.238
Terry T Mulholland,ATL,10,8,4.39,42,24,0,0,1,1,170.1,201,95,83,21,1,45,83,1.44,.297
Robert R Person,PHI,10,7,4.68,42,22,0,0,2,2,148.0,139,84,77,24,6,85,139,1.51,.250
Dan D Serafini,CHC,3,2,6.93,42,4,0,0,1,1,62.1,86,51,48,9,1,32,17,1.89,.333
Paul P Spoljaric,TOR,2,5,6.26,42,5,0,0,0,0,73.1,85,65,51,10,3,39,73,1.69,.289
Bryce B Florie,BOS,4,1,4.65,41,5,0,0,0,0,81.1,94,50,42,8,2,35,65,1.59,.288
Paul P Quantrill,TOR,3,2,3.33,41,0,0,0,0,0,48.2,53,19,18,5,4,17,28,1.44,.282
Jeff J Wallace,PIT,1,0,3.69,41,0,0,0,0,0,39.0,26,17,16,2,0,38,41,1.64,.195
Rocky R Coppinger,MIL,5,4,5.40,40,2,0,0,0,0,58.1,60,37,35,13,0,42,56,1.75,.267
Mike M Duvall,TB,1,1,4.05,40,0,0,0,0,0,40.0,46,21,18,5,2,27,18,1.83,.293
Bryan B Ward,CWS,0,1,7.55,40,0,0,0,0,0,39.1,63,36,33,10,0,11,35,1.88,.368
Miguel M Batista,MON,8,7,4.88,39,17,2,1,1,1,134.2,146,88,73,10,7,58,95,1.51,.280
Willie W Blair,DET,3,11,6.85,39,16,0,0,0,0,134.0,169,107,102,29,4,44,82,1.59,.308
Hector H Carrasco,MIN,2,3,4.96,39,0,0,0,1,1,49.0,48,29,27,3,1,18,35,1.35,.261
Jason J Christiansen,PIT,2,3,4.06,39,0,0,0,3,3,37.2,26,17,17,2,2,22,35,1.27,.198
Pat P Mahomes,NYM,8,0,3.68,39,0,0,0,0,0,63.2,44,26,26,7,2,37,51,1.27,.198
Jeff J Nelson,NYY,2,1,4.15,39,0,0,0,1,1,30.1,27,14,14,2,3,22,35,1.62,.245
John J Halama,SEA,11,10,4.22,38,24,1,1,0,0,179.0,193,88,84,20,7,56,105,1.39,.282
Dennis D Springer,FLA,6,16,4.86,38,29,3,2,1,1,196.1,231,121,106,23,7,64,83,1.50,.303
Mac M Suzuki,KC,2,5,6.79,38,13,0,0,0,0,110.0,124,92,83,16,7,64,68,1.71,.286
Allen A Watson,NYY,6,3,3.51,38,4,0,0,1,1,77.0,72,35,30,13,1,35,64,1.39,.253
Matt M Anderson,DET,2,1,5.68,37,0,0,0,0,0,38.0,33,27,24,8,1,35,32,1.79,.232
Jeff J Fassero,TEX,5,14,7.20,37,27,0,0,0,0,156.1,208,135,125,35,4,83,114,1.86,.318
Pat P Rapp,BOS,6,7,4.12,37,26,0,0,0,0,146.1,147,78,67,13,7,69,90,1.48,.263
Jamie J Arnold,LA,2,4,5.48,36,3,0,0,1,1,69.0,81,50,42,6,6,34,26,1.67,.300
Jim J Corsi,BAL,1,3,4.34,36,0,0,0,0,0,37.1,40,19,18,6,2,20,22,1.61,.288
Roy R Halladay,TOR,8,7,3.92,36,18,1,1,1,1,149.1,156,76,65,19,4,79,82,1.57,.270
David D Lee,COL,3,2,3.67,36,0,0,0,0,0,49.0,43,21,20,4,4,29,38,1.47,.247
Greg G Mc Michael,OAK,1,1,5.08,36,0,0,0,0,0,33.2,35,19,19,6,2,20,21,1.63,.276
Chad C Ogea,PHI,6,12,5.63,36,28,0,0,0,0,168.0,192,110,105,36,4,61,77,1.51,.288
James J Baldwin,CWS,12,13,5.10,35,33,1,0,0,0,199.1,219,119,113,34,7,81,123,1.51,.278
Kevin K Brown,LA,18,9,3.00,35,35,5,1,0,0,252.1,210,99,84,19,7,59,221,1.07,.222
Tom T Glavine,ATL,14,11,4.12,35,35,2,0,0,0,234.0,259,115,107,18,4,83,138,1.46,.287
Rick R Helling,TEX,13,11,4.84,35,35,3,0,0,0,219.1,228,127,118,41,6,85,131,1.43,.272
Doug D Henry,HOU,2,3,4.65,35,0,0,0,2,2,40.2,45,24,21,8,3,24,36,1.70,.281
Randy R Johnson,ARI,17,9,2.48,35,35,12,2,0,0,271.2,207,86,75,30,9,70,364,1.02,.208
Jose J Lima,HOU,21,10,3.58,35,35,3,0,0,0,246.1,256,108,98,30,2,44,187,1.22,.265
Yorkis Y Perez,PHI,3,1,3.94,35,0,0,0,0,0,32.0,29,15,14,4,0,15,26,1.38,.244
Shane S Reynolds,HOU,16,14,3.85,35,35,4,2,0,0,231.2,250,108,99,23,1,37,197,1.24,.275
Kevin K Appier,OAK,16,14,5.17,34,34,1,0,0,0,209.0,230,131,120,27,7,84,131,1.50,.279
Pedro P Astacio,COL,17,11,5.04,34,34,7,0,0,0,232.0,258,140,130,38,11,75,210,1.44,.285
Dave D Burba,CLE,15,9,4.25,34,34,1,0,0,0,220.0,211,113,104,30,8,96,174,1.40,.254
Scott S Erickson,BAL,15,12,4.81,34,34,6,3,0,0,230.1,244,127,123,27,11,99,106,1.49,.280
Mike M Hampton,HOU,22,4,2.90,34,34,3,2,0,0,239.0,206,86,77,12,5,101,177,1.28,.241
Pat P Hentgen,TOR,11,12,4.79,34,34,1,0,0,0,199.0,225,115,106,32,3,65,118,1.46,.286
Dustin D Hermanson,MON,9,14,4.20,34,34,0,0,0,0,216.1,225,110,101,20,7,69,145,1.36,.271
Eric E Milton,MIN,7,11,4.49,34,34,5,2,0,0,206.1,190,111,103,28,3,63,163,1.23,.243
Mike M Morgan,TEX,13,10,6.24,34,25,1,0,0,0,140.0,184,108,97,25,7,48,61,1.66,.323
Jose J Santiago,KC,3,4,3.42,34,0,0,0,2,2,47.1,46,23,18,7,2,14,15,1.27,.251
Jose J Silva,PIT,2,8,5.73,34,12,0,0,4,4,97.1,108,70,62,10,3,39,77,1.51,.281
Steve S Trachsel,CHC,8,18,5.56,34,34,4,0,0,0,205.2,226,133,127,32,3,64,149,1.41,.280
David D Wells,TOR,17,10,4.82,34,34,7,1,0,0,231.2,246,132,124,32,6,62,169,1.33,.271
Rigo R Beltran,COL,1,1,4.50,33,0,0,0,0,0,42.0,50,24,21,7,1,19,50,1.64,.291
Andy A Benes,ARI,13,12,4.81,33,32,0,0,0,0,198.1,216,117,106,34,4,82,141,1.50,.273
Brian B Boehringer,SD,6,5,3.24,33,11,0,0,0,0,94.1,97,38,34,10,1,35,64,1.40,.267
Brian B Bohanon,COL,12,12,6.20,33,33,3,1,0,0,197.1,236,146,136,30,14,92,120,1.66,.305
Tim T Byrdak,KC,0,3,7.66,33,0,0,0,1,1,24.2,32,24,21,5,1,20,17,2.11,.308
Kelvim K Escobar,TOR,14,11,5.69,33,30,1,0,0,0,174.0,203,118,110,19,10,81,129,1.63,.293
Chuck C Finley,ANA,12,11,4.43,33,33,1,0,0,0,213.1,197,117,105,23,8,94,200,1.36,.246
Freddy F Garcia,SEA,17,8,4.07,33,33,2,1,0,0,201.1,205,96,91,18,10,90,170,1.47,.263
Juan J Guzman,CIN,11,12,3.74,33,33,2,1,0,0,200.0,194,96,83,28,4,86,155,1.40,.255
Greg G Hansell,PIT,1,3,3.89,33,0,0,0,0,0,39.1,42,20,17,5,3,11,34,1.35,.280
Pete P Harnisch,CIN,16,10,3.68,33,33,2,2,0,0,198.1,190,86,81,25,5,57,120,1.25,.252
La Troy L Hawkins,MIN,10,14,6.66,33,33,1,0,0,0,174.1,238,136,129,29,1,60,103,1.71,.323
Gil G Heredia,OAK,13,8,4.81,33,33,1,0,0,0,200.1,228,119,107,22,8,34,117,1.31,.283
Orlando O Hernandez,NYY,17,9,4.12,33,33,2,1,0,0,214.1,187,108,98,24,8,87,157,1.28,.233
Sterling S Hitchcock,SD,12,14,4.11,33,33,1,0,0,0,205.2,202,99,94,29,5,76,194,1.35,.254
Jason J Isringhausen,OAK,1,4,4.73,33,5,0,0,9,9,64.2,64,35,34,9,3,34,51,1.52,.258
Scott S Karl,MIL,11,11,4.78,33,33,0,0,0,0,197.2,246,121,105,21,8,69,74,1.59,.312
Greg G Maddux,ATL,19,9,3.57,33,33,4,0,0,0,219.1,258,103,87,16,4,37,136,1.34,.294
Kevin K Millwood,ATL,18,7,2.68,33,33,2,0,0,0,228.0,168,80,68,24,4,59,205,1.00,.202
Dave D Mlicki,DET,14,13,4.61,33,31,2,0,0,0,199.0,219,112,102,25,12,72,120,1.46,.278
Charles C Nagy,CLE,17,11,4.95,33,32,1,0,0,0,202.0,238,120,111,26,6,59,126,1.47,.293
Dan D Naulty,NYY,1,0,4.38,33,0,0,0,0,0,49.1,40,24,24,8,4,22,25,1.26,.225
Russ R Ortiz,SF,18,9,3.81,33,33,3,0,0,0,207.2,189,109,88,24,6,125,164,1.51,.244
Chan Ho C Park,LA,13,11,5.23,33,33,0,0,0,0,194.1,208,120,113,31,14,100,174,1.58,.276
Brad B Radke,MIN,12,14,3.75,33,33,4,0,0,0,218.2,239,97,91,28,1,44,121,1.29,.280
Jose J Rosado,KC,10,14,3.85,33,33,5,0,0,0,208.0,197,103,89,24,5,72,141,1.29,.248
Kirk K Rueter,SF,15,10,5.41,33,33,1,0,0,0,184.2,219,118,111,28,2,55,94,1.48,.297
Jason J Schmidt,PIT,13,11,4.19,33,33,2,0,0,0,212.2,219,110,99,24,3,85,148,1.43,.262
Aaron A Sele,TEX,18,9,4.79,33,33,2,2,0,0,205.0,244,115,109,21,12,70,186,1.53,.293
Brett B Tomko,CIN,5,7,4.92,33,26,1,0,0,0,172.0,175,103,94,31,4,60,132,1.37,.263
Woody W Williams,SD,12,12,4.41,33,33,0,0,0,0,208.1,213,106,102,33,2,73,137,1.37,.268
Paul P Byrd,PHI,15,11,4.60,32,32,1,0,0,0,199.2,205,119,102,34,17,70,106,1.38,.265
Bobby B Chouinard,ARI,5,2,2.68,32,0,0,0,1,1,40.1,31,16,12,3,0,12,23,1.07,.220
Bartolo B Colon,CLE,18,5,3.95,32,32,1,1,0,0,205.0,185,97,90,24,7,76,161,1.27,.242
Omar O Daal,ARI,16,9,3.65,32,32,2,1,0,0,214.2,188,92,87,21,7,79,148,1.24,.236
Shawn S Estes,SF,11,11,4.92,32,32,1,1,0,0,203.0,209,121,111,21,5,112,159,1.58,.268
Orel O Hershiser,NYM,13,12,4.58,32,32,0,0,0,0,179.0,175,92,91,14,11,77,89,1.41,.260
Chris C Holt,HOU,5,13,4.66,32,26,0,0,1,1,164.0,193,92,85,12,8,57,115,1.52,.303
Hideki H Irabu,NYY,11,7,4.84,32,27,2,1,0,0,169.1,180,98,91,26,6,46,133,1.33,.267
Doug D Johns,BAL,6,4,4.47,32,5,0,0,0,0,86.2,81,45,43,9,8,25,50,1.22,.248
Darryl D Kile,COL,8,13,6.61,32,32,1,0,0,0,190.2,225,150,140,33,6,109,116,1.75,.298
Al A Leiter,NYM,13,12,4.23,32,32,1,1,0,0,213.0,209,107,100,19,9,93,162,1.42,.262
Brian B Moehler,DET,10,16,5.04,32,32,2,2,0,0,196.1,229,116,110,22,7,59,106,1.47,.294
Jamie J Moyer,SEA,14,8,3.87,32,32,4,0,0,0,228.0,235,108,98,23,9,48,137,1.24,.267
Jaime J Navarro,CWS,8,13,6.09,32,27,0,0,0,0,159.2,206,126,108,29,11,71,74,1.73,.313
Omar O Olivares,OAK,15,11,4.16,32,32,4,0,0,0,205.2,217,105,95,19,9,81,85,1.45,.276
Sidney S Ponson,BAL,12,12,4.71,32,32,6,0,0,0,210.0,227,118,110,35,1,80,112,1.46,.282
Roberto R Ramirez,COL,1,5,8.26,32,4,0,0,1,1,40.1,68,42,37,8,0,22,32,2.23,.368
Steve S Schrenk,PHI,1,3,4.29,32,2,0,0,1,1,50.1,41,24,24,6,7,14,36,1.09,.223
Mike M Sirotka,CWS,11,13,4.00,32,32,3,1,0,0,209.0,236,108,93,24,3,57,125,1.40,.283
Jeff J Suppan,KC,10,12,4.53,32,32,4,1,0,0,208.2,222,113,105,28,3,62,103,1.36,.274
Ismael I Valdez,LA,9,14,3.98,32,32,2,1,0,0,203.1,213,97,90,32,6,58,143,1.33,.270
Jay J Witasick,KC,9,12,5.57,32,28,1,1,0,0,158.1,191,108,98,23,8,83,102,1.73,.304
Bobby B Witt,TB,7,15,5.84,32,32,3,2,0,0,180.1,213,130,117,23,3,96,123,1.71,.304
Brian B Anderson,ARI,8,2,4.57,31,19,2,1,1,1,130.0,144,69,66,18,1,28,75,1.32,.279
Andy A Ashby,SD,14,10,3.80,31,31,4,3,0,0,206.0,204,95,87,26,7,54,132,1.25,.258
Kris K Benson,PIT,11,14,4.07,31,31,2,0,0,0,196.2,184,105,89,16,6,83,139,1.36,.249
Kent K Bottenfield,STL,18,7,3.97,31,31,0,0,0,0,190.1,197,91,84,21,5,89,124,1.50,.270
Matt M Clement,SD,10,12,4.48,31,31,0,0,0,0,180.2,190,106,90,18,9,86,135,1.53,.273
Ken K Cloude,SEA,4,4,7.96,31,6,0,0,1,1,72.1,106,67,64,10,5,46,35,2.10,.346
David D Cone,NYY,12,9,3.44,31,31,1,1,0,0,193.1,164,84,74,21,11,90,177,1.31,.229
Jon J Lieber,CHC,10,11,4.07,31,31,3,1,0,0,203.1,226,107,92,28,1,46,186,1.34,.279
Pedro P Martinez,BOS,23,4,2.07,31,29,5,1,0,0,213.1,160,56,49,9,9,37,313,0.92,.205
Brian B Meadows,FLA,11,15,5.60,31,31,0,0,0,0,178.1,214,117,111,31,5,57,72,1.52,.302
Pete P Munro,TOR,0,2,6.02,31,2,0,0,0,0,55.1,70,38,37,6,2,23,38,1.68,.318
Mike M Mussina,BAL,18,7,3.50,31,31,4,0,0,0,203.1,207,88,79,16,1,52,172,1.27,.268
Jim J Parque,CWS,9,15,5.13,31,30,1,0,0,0,173.2,210,111,99,23,10,79,111,1.66,.299
Andy A Pettitte,NYY,14,11,4.70,31,31,0,0,0,0,191.2,216,105,100,20,3,89,121,1.59,.289
Mark M Portugal,BOS,7,12,5.51,31,27,1,0,0,0,150.1,179,100,92,28,4,41,79,1.46,.292
Armando A Reynoso,ARI,10,6,4.37,31,27,0,0,0,0,167.0,178,90,81,20,6,67,79,1.47,.276
Kenny K Rogers,NYM,10,4,4.19,31,31,5,1,0,0,195.1,206,101,91,16,13,69,126,1.41,.275
Scott S Schoeneweis,ANA,1,1,5.49,31,0,0,0,0,0,39.1,47,27,24,4,0,14,22,1.55,.294
Steve S Woodard,MIL,11,8,4.52,31,29,2,0,0,0,185.0,219,101,93,23,6,36,119,1.38,.294
Masato M Yoshii,NYM,12,8,4.40,31,29,1,0,0,0,174.0,168,86,85,25,6,58,105,1.30,.260
Ricky R Bones,BAL,0,3,5.98,30,2,0,0,0,0,43.2,59,29,29,7,2,19,26,1.79,.322
John J Burkett,TEX,9,8,5.62,30,25,0,0,0,0,147.1,184,95,92,18,3,46,96,1.56,.307
Roger R Clemens,NYY,14,10,4.60,30,30,1,1,0,0,187.2,185,101,96,20,9,90,163,1.47,.261
Darren D Dreifort,LA,13,13,4.79,30,29,1,1,0,0,178.2,177,105,95,20,7,76,140,1.42,.260
Rich R Garces,BOS,5,1,1.55,30,0,0,0,2,2,40.2,25,9,7,1,0,18,33,1.06,.171
Jimmy J Haynes,OAK,7,12,6.34,30,25,0,0,0,0,142.0,158,112,100,21,2,80,93,1.68,.282
Livan L Hernandez,SF,8,12,4.64,30,30,2,0,0,0,199.2,227,110,103,23,2,76,144,1.52,.286
Bobby B Jones,COL,6,10,6.33,30,20,0,0,0,0,112.1,132,91,79,24,6,77,74,1.86,.292
Esteban E Loaiza,TEX,9,5,4.56,30,15,0,0,0,0,120.1,128,65,61,10,0,40,77,1.40,.275
Kent K Mercker,BOS,8,5,4.80,30,23,0,0,0,0,129.1,148,85,69,16,3,64,81,1.64,.290
Darren D Oliver,STL,9,9,4.26,30,30,2,1,0,0,196.1,197,96,93,16,11,74,119,1.38,.265
Benj B Sampson,MIN,3,2,8.11,30,4,0,0,0,0,71.0,107,65,64,17,0,34,56,1.99,.351
Pete P Schourek,PIT,4,7,5.34,30,17,0,0,0,0,113.0,128,75,67,20,5,49,94,1.57,.287
Jeff J Weaver,DET,9,12,5.55,30,29,0,0,0,0,163.2,176,104,101,27,17,56,114,1.42,.278
Stan S Belinda,CIN,3,1,5.27,29,0,0,0,2,2,42.2,42,26,25,11,1,18,40,1.41,.258
Nelson N Cruz,DET,2,5,5.67,29,6,0,0,0,0,66.2,74,44,42,11,3,23,46,1.46,.281
Mark M Gardner,SF,5,11,6.47,29,21,1,0,0,0,139.0,142,103,100,27,8,57,86,1.43,.267
Jose J Jimenez,STL,5,14,5.85,29,28,2,2,0,0,163.0,173,114,106,16,11,71,113,1.50,.275
Dan D Perkins,MIN,1,7,6.54,29,12,0,0,0,0,86.2,117,69,63,14,5,43,44,1.85,.326
J. D. J Smart,MON,0,1,5.02,29,0,0,0,0,0,52.0,56,30,29,4,0,17,21,1.40,.276
John J Smoltz,ATL,11,8,3.19,29,29,1,1,0,0,186.1,168,70,66,14,4,40,156,1.12,.245
Mike M Thurman,MON,7,11,4.05,29,27,0,0,0,0,146.2,140,84,66,17,7,52,85,1.31,.251
Ron R Villone,CIN,9,7,4.23,29,22,0,0,2,2,142.2,114,70,67,8,5,73,97,1.31,.219
Carlos C Almanzar,SD,0,0,7.47,28,0,0,0,0,0,37.1,48,32,31,6,3,15,30,1.69,.316
Wilson W Alvarez,TB,9,9,4.22,28,28,1,0,0,0,160.0,159,92,75,22,6,79,128,1.49,.260
Mike M Holtz,ANA,2,3,8.06,28,0,0,0,0,0,22.1,26,20,20,3,2,15,17,1.84,.295
Hideo H Nomo,MIL,12,8,4.54,28,28,0,0,0,0,176.1,173,96,89,27,3,78,161,1.42,.256
Mike M Oquist,OAK,9,10,5.37,28,24,0,0,0,0,140.2,158,86,84,18,2,64,89,1.58,.283
Todd T Ritchie,PIT,15,9,3.49,28,26,2,0,0,0,172.2,169,79,67,17,4,54,107,1.29,.259
Frankie F Rodriguez,SEA,2,4,5.65,28,5,0,0,3,3,73.1,94,47,46,11,4,30,47,1.69,.314
Steve S Sparks,ANA,5,11,5.42,28,26,0,0,0,0,147.2,165,101,89,21,9,82,73,1.67,.281
Francisco F Cordova,PIT,8,10,4.43,27,27,2,0,0,0,160.2,166,83,79,16,4,59,98,1.40,.273
Kyle K Farnsworth,CHC,5,9,5.05,27,21,1,1,0,0,130.0,140,80,73,28,3,52,70,1.48,.271
Mike M Fetters,BAL,1,0,5.81,27,0,0,0,0,0,31.0,35,23,20,5,2,22,22,1.84,.278
Mike M Grace,PHI,1,4,7.69,27,5,0,0,0,0,55.0,80,48,47,5,6,30,28,2.00,.346
Bryan B Rekar,TB,6,6,5.80,27,12,0,0,0,0,94.2,121,68,61,14,5,41,55,1.71,.313
Jose J Cabrera,HOU,4,0,2.15,26,0,0,0,0,0,29.1,21,7,7,3,0,9,28,1.02,.196
Dwight D Gooden,CLE,3,4,6.26,26,22,0,0,0,0,115.0,127,90,80,18,9,67,88,1.69,.282
Ken K Hill,ANA,4,11,4.77,26,22,0,0,0,0,128.1,129,72,68,14,4,76,76,1.60,.270
Jesus J Pena,CWS,0,0,5.31,26,0,0,0,0,0,20.1,21,15,12,3,1,23,20,2.16,.259
Rick R Reed,NYM,11,5,4.58,26,26,1,1,0,0,149.1,163,77,76,23,1,47,104,1.41,.281
Javier J Vazquez,MON,9,8,5.00,26,26,3,1,0,0,154.2,154,98,86,20,4,52,113,1.33,.255
Jaret J Wright,CLE,8,10,6.06,26,26,0,0,0,0,133.2,144,99,90,18,7,77,91,1.65,.277
Paul P Abbott,SEA,6,2,3.10,25,7,0,0,0,0,72.2,50,31,25,9,0,32,68,1.13,.193
Sean S Bergman,ATL,5,6,5.21,25,16,2,1,0,0,105.1,135,62,61,9,3,29,44,1.56,.325
Billy B Brewer,PHI,1,1,7.01,25,0,0,0,2,2,25.2,30,20,20,4,0,14,28,1.71,.294
Ryan R Dempster,FLA,7,8,4.71,25,25,0,0,0,0,147.0,146,77,77,21,6,93,126,1.63,.262
Byung- Hyun B Kim,ARI,1,2,4.61,25,0,0,0,1,1,27.1,20,15,14,2,5,20,31,1.46,.211
Mark M Langston,CLE,1,2,5.25,25,5,0,0,0,0,61.2,69,40,36,9,0,29,43,1.59,.288
John J Snyder,CWS,9,12,6.68,25,25,1,0,0,0,129.1,167,103,96,27,6,49,67,1.67,.311
Rolando R Arrojo,TB,7,12,5.18,24,24,2,0,0,0,140.2,162,84,81,23,14,60,107,1.58,.296
Tim T Belcher,ANA,6,8,6.73,24,24,0,0,0,0,132.1,168,104,99,27,5,46,52,1.62,.315
Chris C Carpenter,TOR,9,8,4.38,24,24,4,1,0,0,150.0,177,81,73,16,3,48,106,1.50,.294
Will W Cunnane,SD,2,1,5.23,24,0,0,0,0,0,31.0,34,19,18,8,0,12,22,1.48,.293
Alex A Fernandez,FLA,7,8,3.38,24,24,1,0,0,0,141.0,135,60,53,10,4,41,91,1.25,.252
Terry T Mathews,KC,2,1,4.38,24,1,0,0,1,1,39.0,44,21,19,4,2,17,19,1.56,.289
Ryan R Rupe,TB,8,9,4.55,24,24,0,0,0,0,142.1,136,81,72,17,12,57,97,1.36,.253
Curt C Schilling,PHI,15,6,3.54,24,24,8,1,0,0,180.1,159,74,71,25,5,44,152,1.13,.237
Justin J Thompson,DET,9,11,5.11,24,24,0,0,0,0,142.2,152,85,81,24,4,59,83,1.48,.274
Kevin K Tapani,CHC,6,12,4.83,23,23,1,0,0,0,136.0,151,81,73,12,4,33,73,1.35,.280
Joey J Hamilton,TOR,7,8,6.52,22,18,0,0,0,0,98.0,118,73,71,13,3,39,56,1.60,.298
Jason J Johnson,BAL,8,7,5.46,22,21,0,0,0,0,115.1,120,74,70,16,3,55,71,1.52,.267
Heath H Murray,SD,0,4,5.76,22,8,0,0,0,0,50.0,60,33,32,7,1,26,25,1.72,.297
Steve S Parris,CIN,11,4,3.50,22,21,2,1,0,0,128.2,124,59,50,16,6,52,86,1.37,.260
Brian B Rose,BOS,7,6,4.87,22,18,0,0,0,0,98.0,112,59,53,19,2,29,51,1.44,.280
Bret B Saberhagen,BOS,10,6,2.95,22,22,0,0,0,0,119.0,122,43,39,11,2,11,81,1.12,.265
Julio J Santana,TB,1,4,7.32,22,5,0,0,0,0,55.1,66,49,45,10,7,32,34,1.77,.300
Randy R Wolf,PHI,6,9,5.55,22,21,0,0,0,0,121.2,126,78,75,20,5,67,116,1.59,.266
Dave D Eiland,TB,4,8,5.60,21,15,0,0,0,0,80.1,98,59,50,8,3,27,53,1.56,.294
Scott S Eyre,CWS,1,1,7.56,21,0,0,0,0,0,25.0,38,22,21,6,1,15,17,2.12,.339
Tom T Gordon,BOS,0,2,5.60,21,0,0,0,11,11,17.2,17,11,11,2,1,12,24,1.64,.246
Tim T Hudson,OAK,11,2,3.23,21,21,1,0,0,0,136.1,121,56,49,8,4,62,132,1.34,.237
Steve S Sinclair,SEA,0,1,6.52,21,0,0,0,0,0,19.1,22,16,14,5,2,14,18,1.86,.278
Jim J Abbott,MIL,2,8,6.91,20,15,0,0,0,0,82.0,110,71,63,14,2,42,37,1.85,.317
Francisco F Cordero,DET,2,2,3.32,20,0,0,0,0,0,19.0,19,7,7,2,0,18,19,1.95,.284
Cal C Eldred,MIL,2,8,7.79,20,15,0,0,0,0,82.0,101,75,71,19,1,46,60,1.79,.297
John J Hudek,TOR,0,2,8.44,20,0,0,0,0,0,21.1,33,22,20,3,1,15,20,2.25,.351
Carlton C Loewer,PHI,2,6,5.12,20,13,2,1,0,0,89.2,100,54,51,9,0,26,48,1.41,.287
Rafael R Medina,FLA,1,1,5.79,20,0,0,0,0,0,23.1,20,15,15,3,1,20,16,1.71,.227
Gabe G Molina,BAL,1,2,6.65,20,0,0,0,0,0,23.0,22,19,17,4,0,16,14,1.65,.256
Denny D Neagle,CIN,9,5,4.27,20,19,0,0,0,0,111.2,95,54,53,23,4,40,76,1.21,.229
Jim J Pittsley,MIL,1,3,6.00,20,5,0,0,0,0,42.0,53,34,28,5,2,25,20,1.86,.310
Lou L Pote,ANA,1,1,2.15,20,0,0,0,3,3,29.1,23,9,7,1,0,12,20,1.19,.219
Dan D Smith,MON,4,9,6.02,20,17,0,0,0,0,89.2,104,64,60,12,4,39,72,1.59,.293
Steve S Avery,CIN,6,7,5.16,19,19,0,0,0,0,96.0,75,62,55,11,1,78,51,1.59,.222
Chris C Brock,SF,6,8,5.48,19,19,0,0,0,0,106.2,124,69,65,18,4,41,76,1.55,.291
Octavio O Dotel,NYM,8,3,5.38,19,14,0,0,0,0,85.1,69,52,51,12,6,49,85,1.38,.226
Joe J Nathan,SF,7,4,4.18,19,14,0,0,1,1,90.1,84,45,42,17,1,46,54,1.44,.243
Carl C Pavano,MON,6,8,5.63,19,18,1,1,0,0,104.0,117,66,65,8,4,35,70,1.46,.285
Chris C Peters,PIT,5,4,6.59,19,11,0,0,0,0,71.0,98,59,52,17,4,27,46,1.76,.322
Bill B Pulsipher,MIL,5,6,5.98,19,16,0,0,0,0,87.1,100,65,58,19,2,36,42,1.56,.287
Justin J Speier,ATL,0,0,5.65,19,0,0,0,0,0,28.2,28,18,18,8,0,13,22,1.43,.248
Ed E Vosberg,ARI,0,1,8.18,19,0,0,0,0,0,11.0,22,12,10,1,2,3,8,2.27,.431
David D Wainhouse,COL,0,0,6.91,19,0,0,0,0,0,28.2,37,22,22,6,0,16,18,1.85,.330
Tom T Candiotti,CLE,4,6,7.32,18,13,0,0,0,0,71.1,86,64,58,14,3,30,41,1.63,.300
Carlos C Castillo,CWS,2,2,5.71,18,2,0,0,0,0,41.0,45,26,26,10,0,14,23,1.44,.274
Mike M Lincoln,MIN,3,10,6.84,18,15,0,0,0,0,76.1,102,59,58,11,1,26,27,1.68,.321
Alan A Newman,TB,2,2,6.89,18,0,0,0,0,0,15.2,22,12,12,2,1,9,20,1.98,.333
Odalis O Perez,ATL,4,6,6.00,18,17,0,0,0,0,93.0,100,65,62,12,1,53,82,1.65,.275
Garrett G Stephenson,STL,6,3,4.22,18,12,0,0,0,0,85.1,90,43,40,11,5,29,59,1.39,.275
Jason J Bere,MIL,5,0,6.08,17,14,0,0,0,0,66.2,79,52,45,9,2,50,47,1.94,.302
Dave D Borkowski,DET,2,6,6.10,17,12,0,0,0,0,76.2,86,58,52,10,4,40,50,1.64,.283
Will W Brunson,DET,1,0,6.00,17,0,0,0,0,0,12.0,18,9,8,3,0,6,9,2.00,.367
Archie A Corbin,FLA,0,1,7.29,17,0,0,0,0,0,21.0,25,20,17,2,1,15,30,1.90,.291
Chris C Fussell,KC,0,5,7.39,17,8,0,0,2,2,56.0,72,51,46,9,5,36,37,1.93,.329
Matt M Herges,LA,0,2,4.07,17,0,0,0,0,0,24.1,24,13,11,5,1,8,18,1.32,.255
David D Lundquist,CWS,1,1,8.59,17,0,0,0,0,0,22.0,28,21,21,3,1,12,18,1.82,.315
Jim J Mecir,TB,0,1,2.61,17,0,0,0,0,0,20.2,15,7,6,0,1,14,15,1.40,.205
Carlos C Perez,LA,2,10,7.43,17,16,0,0,0,0,89.2,116,77,74,23,6,39,40,1.73,.317
Kyle K Peterson,MIL,4,7,4.56,17,12,0,0,0,0,77.0,87,46,39,3,4,25,34,1.45,.285
Jeremy J Powell,MON,4,8,4.73,17,17,0,0,0,0,97.0,113,60,51,14,8,44,44,1.62,.302
Todd T Stottlemyre,ARI,6,3,4.09,17,17,0,0,0,0,101.1,106,51,46,12,6,40,74,1.44,.268
Scott S Strickland,MON,0,1,4.50,17,0,0,0,0,0,18.0,15,10,9,3,0,11,23,1.44,.231
Bruce B Chen,ATL,2,2,5.47,16,7,0,0,0,0,51.0,38,32,31,11,2,27,45,1.27,.208
Mike M Fyhrie,ANA,0,4,5.05,16,7,0,0,0,0,51.2,61,32,29,8,0,21,26,1.59,.286
Matt M Karchner,CHC,1,0,2.50,16,0,0,0,0,0,18.0,16,5,5,3,2,9,9,1.39,.235
Dan D Kolb,TEX,2,1,4.65,16,0,0,0,0,0,31.0,33,18,16,2,1,15,15,1.55,.268
Gil G Meche,SEA,8,4,4.73,16,15,0,0,0,0,85.2,73,48,45,9,2,57,47,1.52,.237
Mike M Porzio,COL,0,0,8.59,16,0,0,0,0,0,14.2,21,14,14,5,0,10,10,2.11,.328
Steve S Rain,CHC,0,1,9.20,16,0,0,0,0,0,14.2,28,17,15,1,1,7,12,2.39,.418
Jarrod J Washburn,ANA,4,5,5.25,16,10,0,0,0,0,61.2,61,36,36,6,1,26,39,1.41,.261
Jamey J Wright,COL,4,3,4.87,16,16,0,0,0,0,94.1,110,52,51,10,4,54,49,1.74,.308
Hector H Almonte,FLA,0,2,4.20,15,0,0,0,0,0,15.0,20,7,7,1,0,6,8,1.73,.339
Mike M Busby,STL,0,1,7.13,15,0,0,0,0,0,17.2,21,15,14,2,2,14,7,1.98,.304
Mark M Clark,TEX,3,7,8.60,15,15,0,0,0,0,74.1,103,73,71,17,1,34,44,1.84,.329
Chad C Harville,OAK,0,2,6.91,15,0,0,0,0,0,14.1,18,11,11,2,0,10,15,1.95,.310
Hector H Ramirez,MIL,1,2,3.43,15,0,0,0,0,0,21.0,19,8,8,1,0,11,9,1.43,.247
Ken K Ryan,PHI,1,2,6.32,15,0,0,0,0,0,15.2,16,11,11,2,0,11,9,1.72,.267
Armando A Almanza,FLA,0,1,1.72,14,0,0,0,0,0,15.2,8,4,3,1,1,9,20,1.09,.154
Micah M Bowie,CHC,2,7,10.24,14,11,0,0,0,0,51.0,81,60,58,9,2,34,41,2.25,.363
Miguel M Del Toro,SF,0,0,4.18,14,0,0,0,0,0,23.2,24,11,11,5,0,11,20,1.48,.264
Tim T Kubinski,OAK,0,0,5.84,14,0,0,0,0,0,12.1,14,8,8,3,1,5,7,1.54,.280
Doug D Linton,BAL,1,4,5.95,14,8,0,0,0,0,59.0,69,41,39,14,2,25,31,1.59,.296
B. J. B Ryan,BAL,1,0,3.10,14,0,0,0,0,0,20.1,13,7,7,0,0,13,29,1.28,.191
John J Thomson,COL,1,10,8.04,14,13,0,0,0,0,62.2,85,62,56,11,1,36,34,1.93,.324
Jimmy J Anderson,PIT,2,1,3.99,13,4,0,0,0,0,29.1,25,15,13,2,1,16,13,1.40,.234
Ryan R Glynn,TEX,2,4,7.24,13,10,0,0,0,0,54.2,71,46,44,10,1,35,39,1.94,.316
Joe J Grahe,PHI,1,4,3.86,13,5,0,0,0,0,32.2,40,16,14,1,3,17,16,1.74,.308
Chris C Haney,CLE,0,2,4.69,13,4,0,0,0,0,40.1,43,22,21,3,3,16,22,1.46,.270
Rich R Loiselle,PIT,3,2,5.28,13,0,0,0,0,0,15.1,16,9,9,2,2,9,14,1.63,.281
Cliff C Politte,PHI,1,0,7.13,13,0,0,0,0,0,17.2,19,14,14,2,0,15,15,1.92,.275
Ken K Ray,KC,1,0,8.74,13,0,0,0,0,0,11.1,23,12,11,2,1,6,0,2.56,.460
Mel M Rojas,MON,0,0,18.00,13,0,0,0,0,0,14.0,22,28,28,6,5,9,10,2.21,.349
Blake B Stein,KC,1,2,4.56,13,12,0,0,0,0,73.0,65,38,37,11,7,47,47,1.53,.241
Todd T Williams,SEA,0,0,4.66,13,0,0,0,0,0,9.2,11,5,5,1,1,7,7,1.86,.289
Doug D Bochtler,LA,0,0,5.54,12,0,0,0,0,0,13.0,11,8,8,3,1,6,7,1.31,.224
Bobby B Jones,NYM,3,3,5.61,12,9,0,0,0,0,59.1,69,37,37,3,2,11,31,1.35,.295
Josias J Manzanillo,NYM,0,0,5.79,12,0,0,0,0,0,18.2,19,12,12,5,2,4,25,1.23,.264
David D Riske,CLE,1,1,8.36,12,0,0,0,0,0,14.0,20,15,13,2,0,6,16,1.86,.333
Roberto R Rivera,SD,1,2,3.86,12,0,0,0,0,0,7.0,6,4,3,1,0,3,3,1.29,.240
Sean S Runyan,DET,0,1,3.38,12,0,0,0,0,0,10.2,9,4,4,2,1,3,6,1.13,.237
Jordan J Zimmerman,SEA,0,0,7.88,12,0,0,0,0,0,8.0,14,8,7,0,1,4,3,2.25,.389
Sean S De Paula,CLE,0,0,4.63,11,0,0,0,0,0,11.2,8,6,6,0,0,3,18,0.94,.200
Kip K Gross,BOS,0,2,7.82,11,1,0,0,0,0,12.2,15,11,11,3,3,8,9,1.82,.300
Eric E Gunderson,TEX,0,0,7.20,11,0,0,0,0,0,10.0,20,8,8,1,0,2,6,2.20,.417
Brett B Hinchliffe,SEA,0,4,8.80,11,4,0,0,0,0,30.2,41,31,30,10,4,21,14,2.02,.323
Andrew A Lorraine,CHC,2,5,5.55,11,11,2,1,0,0,61.2,71,42,38,9,0,22,40,1.51,.293
Don D Wengert,KC,0,1,9.25,11,1,0,0,0,0,24.1,41,26,25,6,0,5,10,1.89,.376
Jeff J Brantley,PHI,1,2,5.19,10,0,0,0,5,5,8.2,5,6,5,0,0,8,11,1.50,.161
Steve S Falteisek,MIL,0,0,7.50,10,0,0,0,0,0,12.0,18,10,10,3,0,3,5,1.75,.375
Ray R King,CHC,0,0,5.91,10,0,0,0,0,0,10.2,11,8,7,2,1,10,5,1.97,.289
Jeff J Tam,NYM,0,0,5.40,10,0,0,0,0,0,11.2,8,7,7,3,0,4,8,1.03,.190
Matt M Whiteside,SD,1,0,13.91,10,0,0,0,0,0,11.0,19,17,17,1,0,5,9,2.18,.396
Rick R Ankiel C,STL,0,1,3.27,9,5,0,0,1,1,33.0,26,12,12,2,1,14,39,1.21,.215
Jim J Brower,CLE,3,1,4.56,9,2,0,0,0,0,25.2,27,13,13,8,1,10,18,1.44,.270
Rafael R Carmona,SEA,1,0,7.94,9,0,0,0,0,0,11.1,18,11,10,3,0,9,0,2.38,.409
Robinson R Checo,LA,2,2,10.34,9,2,0,0,0,0,15.2,24,20,18,5,0,13,11,2.36,.333
Jin Ho J Cho,BOS,2,3,5.72,9,7,0,0,0,0,39.1,45,26,25,7,2,8,16,1.35,.287
Ted T Lilly,MON,0,1,7.61,9,3,0,0,0,0,23.2,30,20,20,7,3,9,28,1.65,.309
Ramon R Ortiz,ANA,2,3,6.52,9,9,0,0,0,0,48.1,50,35,35,7,2,25,44,1.55,.265
Tony T Saunders,TB,3,3,6.43,9,9,0,0,0,0,42.0,53,39,30,6,4,29,30,1.95,.315
Stan S Spencer,SD,0,7,9.16,9,8,0,0,0,0,38.1,56,44,39,11,1,11,36,1.75,.335
Juan J Alvarez,ANA,0,1,3.00,8,0,0,0,0,0,3.0,1,1,1,0,0,4,4,1.67,.111
Brian B Barber,KC,1,3,9.64,8,3,0,0,1,1,18.2,31,20,20,6,2,10,7,2.20,.383
Brent B Billingsley,FLA,0,0,16.43,8,0,0,0,0,0,7.2,11,14,14,3,2,10,3,2.74,.379
Eddie E Gaillard,TB,1,0,2.08,8,0,0,0,0,0,8.2,12,9,2,1,1,4,7,1.85,.324
Reggie R Harris,MIL,0,0,3.00,8,0,0,0,0,0,12.0,8,4,4,1,2,7,11,1.25,.186
Larry L Luebbers,STL,3,3,5.12,8,8,1,0,0,0,45.2,46,27,26,8,3,16,16,1.36,.261
Tomo T Ohka,BOS,1,2,6.23,8,2,0,0,0,0,13.0,21,12,9,2,0,6,8,2.08,.362
Kirt K Ojala,FLA,0,1,14.34,8,1,0,0,0,0,10.2,21,17,17,1,0,6,5,2.53,.438
Marc M Pisciotta,KC,0,2,8.64,8,0,0,0,0,0,8.1,9,8,8,1,0,10,3,2.28,.281
Dan D Reichert,KC,2,2,9.08,8,8,0,0,0,0,36.2,48,38,37,2,2,32,20,2.18,.327
Jason J Ryan,MIN,1,4,4.87,8,8,1,0,0,0,40.2,46,23,22,9,3,17,15,1.55,.286
Anthony A Shumaker,PHI,0,3,5.96,8,4,0,0,0,0,22.2,23,17,15,3,1,14,17,1.63,.261
Jeff J Sparks,TB,0,0,5.40,8,0,0,0,1,1,10.0,6,6,6,1,1,12,17,1.80,.171
Derek D Wallace,KC,0,1,3.24,8,0,0,0,0,0,8.1,7,4,3,2,0,5,5,1.44,.259
Eric E Weaver,SEA,0,1,10.61,8,0,0,0,0,0,9.1,14,12,11,2,0,8,14,2.36,.318
Mark M Brownson,COL,0,2,7.89,7,7,0,0,0,0,29.2,42,26,26,8,1,8,21,1.69,.333
A. J. A Burnett,FLA,4,2,3.48,7,7,0,0,0,0,41.1,37,23,16,3,0,25,33,1.50,.242
Buddy B Carlyle,SD,1,3,5.97,7,7,0,0,0,0,37.2,36,28,25,7,2,17,29,1.41,.257
Valerio V De Los Santos,MIL,0,1,6.48,7,0,0,0,0,0,8.1,12,6,6,1,1,7,5,2.28,.343
Mike M Garcia,PIT,1,0,1.29,7,0,0,0,0,0,7.0,2,1,1,1,0,3,9,0.71,.091
Domingo D Guzman,SD,0,1,21.60,7,0,0,0,0,0,5.0,13,12,12,1,0,3,4,3.20,.464
Tim T Harikkala,BOS,1,1,6.23,7,0,0,0,0,0,13.0,15,9,9,0,1,6,7,1.62,.306
Butch B Henry,SEA,2,0,5.04,7,4,0,0,0,0,25.0,30,15,14,1,2,10,15,1.60,.303
Mike M Judd,LA,3,1,5.46,7,4,0,0,0,0,28.0,30,17,17,4,1,12,22,1.50,.280
Orber O Moreno,KC,0,0,5.63,7,0,0,0,0,0,8.0,4,5,5,1,0,6,7,1.25,.143
Rob R Radlosky,MIN,0,1,12.46,7,0,0,0,0,0,8.2,15,12,12,7,1,4,3,2.19,.375
Erik E Sabel,ARI,0,0,6.52,7,0,0,0,0,0,9.2,12,7,7,1,2,6,6,1.86,.300
Kip K Wells,CWS,4,1,4.04,7,7,0,0,0,0,35.2,33,17,16,2,3,15,29,1.35,.248
Lance L Carter,KC,0,1,5.06,6,0,0,0,0,0,5.1,3,3,3,2,0,3,3,1.13,.167
Rich R De Lucia,CLE,0,1,6.75,6,0,0,0,0,0,9.1,13,7,7,4,0,9,7,2.36,.317
Chad C Fox,MIL,0,0,10.80,6,0,0,0,0,0,6.2,11,8,8,1,1,4,12,2.25,.355
Ryan R Franklin,SEA,0,0,4.76,6,0,0,0,0,0,11.1,10,6,6,2,1,8,6,1.59,.238
Erik E Hiljus,DET,0,0,5.19,6,0,0,0,0,0,8.2,7,5,5,2,0,5,1,1.38,.241
Jeff J Kubenka,LA,0,1,11.74,6,0,0,0,0,0,7.2,13,12,10,1,0,4,2,2.22,.371
Ron R Mahay,OAK,2,0,1.86,6,1,0,0,1,1,19.1,8,4,4,2,0,3,15,0.57,.123
Tom T Martin,CLE,0,1,8.68,6,0,0,0,0,0,9.1,13,9,9,2,0,3,8,1.71,.325
Donovan D Osborne,STL,1,3,5.52,6,6,0,0,0,0,29.1,34,18,18,4,2,10,21,1.50,.298
Bronswell B Patrick,SF,1,0,10.13,6,0,0,0,1,1,5.1,9,7,6,1,0,3,6,2.25,.375
Jason J Phillips,PIT,0,0,11.57,6,0,0,0,0,0,7.0,11,9,9,2,0,6,7,2.43,.393
Robert R Ramsay,SEA,0,2,6.38,6,3,0,0,0,0,18.1,23,13,13,3,0,9,11,1.75,.324
Jay J Tessmer,NYY,0,0,14.85,6,0,0,0,0,0,6.2,16,11,11,1,1,4,3,3.00,.444
Dan D Wheeler,TB,0,4,5.87,6,6,0,0,0,0,30.2,35,20,20,7,0,13,32,1.57,.287
Brad B Woodall,CHC,0,1,5.63,6,3,0,0,0,0,16.0,17,12,10,5,1,6,7,1.44,.270
Richard R Barker,CHC,0,0,7.20,5,0,0,0,0,0,5.0,6,4,4,0,0,4,3,2.00,.300
Joel J Bennett,PHI,2,1,9.00,5,3,0,0,0,0,17.0,26,17,17,10,0,7,13,1.94,.351
Shayne S Bennett,MON,0,1,14.29,5,1,0,0,0,0,11.1,24,18,18,4,1,3,4,2.38,.444
Melvin M Bunch,SEA,0,0,11.70,5,1,0,0,0,0,10.0,20,13,13,3,0,7,4,2.70,.426
Mickey M Callaway,TB,1,2,7.45,5,4,0,0,0,0,19.1,30,20,16,2,0,14,11,2.28,.357
Brian B Cooper,ANA,1,1,4.88,5,5,0,0,0,0,27.2,23,15,15,3,4,18,15,1.48,.228
Reid R Cornelius,FLA,1,0,3.26,5,2,0,0,0,0,19.1,16,7,7,0,0,5,12,1.09,.229
Derrin D Ebert,ATL,0,1,5.63,5,0,0,0,1,1,8.0,9,5,5,2,0,5,4,1.75,.300
Tony T Fossas,NYY,0,0,36.00,5,0,0,0,0,0,1.0,6,4,4,1,0,1,0,7.00,.667
Eric E Gagne,LA,1,1,2.10,5,5,0,0,0,0,30.0,18,8,7,3,0,15,30,1.10,.175
Luther L Hackman,COL,1,2,10.69,5,3,0,0,0,0,16.0,26,19,19,5,0,12,10,2.38,.371
Cory C Lidle,TB,1,0,7.20,5,1,0,0,0,0,5.0,8,4,4,0,0,2,4,2.00,.364
Damaso D Marte,SEA,0,1,9.35,5,0,0,0,0,0,8.2,16,9,9,3,0,6,3,2.54,.390
Jeff J Mc Curry,HOU,0,1,15.75,5,0,0,0,0,0,4.0,11,8,7,1,0,2,3,3.25,.478
Wade W Miller,HOU,0,1,9.58,5,1,0,0,0,0,10.1,17,11,11,4,0,5,8,2.13,.362
Jim J Morris,TB,0,0,5.79,5,0,0,0,0,0,4.2,3,3,3,1,1,2,3,1.07,.167
Dan D Murray,KC,0,0,7.84,5,0,0,0,0,0,10.1,13,11,9,4,1,6,9,1.84,.302
Antonio A Osuna,LA,0,0,7.71,5,0,0,0,0,0,4.2,4,5,4,0,1,3,5,1.50,.222
Vicente V Padilla,ARI,0,1,16.88,5,0,0,0,0,0,2.2,7,5,5,1,0,3,0,3.75,.467
Gary G Rath,MIN,0,1,11.57,5,1,0,0,0,0,4.2,6,6,6,1,0,5,1,2.36,.300
Mark M Redman,MIN,1,0,8.53,5,1,0,0,0,0,12.2,17,13,12,3,1,7,11,1.89,.298
J. C. J Romero,MIN,0,0,3.72,5,0,0,0,0,0,9.2,13,4,4,0,0,0,4,1.34,.333
Denny D Stark,SEA,0,0,9.95,5,0,0,0,0,0,6.1,10,8,7,0,0,4,4,2.21,.370
Dave D Stevens,CLE,0,0,10.00,5,0,0,0,0,0,9.0,10,10,10,1,0,8,6,2.00,.286
Mark M Thompson,STL,1,3,2.76,5,5,0,0,0,0,29.1,26,12,9,1,2,17,22,1.47,.241
Jeff J Williams,LA,2,0,4.08,5,3,0,0,0,0,17.2,12,10,8,2,0,9,7,1.19,.190
Ed E Yarnall,NYY,1,0,3.71,5,2,0,0,0,0,17.0,17,8,7,1,0,10,13,1.59,.254
Jason J Boyd,PIT,0,0,3.38,4,0,0,0,0,0,5.1,5,2,2,0,1,2,4,1.31,.250
Kirk K Bullinger,BOS,0,0,4.50,4,0,0,0,0,0,2.0,2,1,1,0,0,2,0,2.00,.286
Mike M Cather,ATL,1,0,10.13,4,0,0,0,0,0,2.2,5,3,3,2,0,1,0,2.25,.417
David D Cortes,ATL,0,0,4.91,4,0,0,0,0,0,3.2,3,3,2,0,0,4,2,1.91,.214
Carl C Dale,MIL,0,1,20.25,4,0,0,0,0,0,4.0,8,9,9,2,1,6,4,3.50,.400
Todd T Erdos,NYY,0,0,3.86,4,0,0,0,0,0,7.0,5,4,3,2,0,4,4,1.29,.192
Horacio H Estrada,MIL,0,0,7.36,4,0,0,0,0,0,7.1,10,6,6,4,0,4,5,1.91,.313
Kevin K Jarvis,OAK,0,1,11.57,4,1,0,0,0,0,14.0,28,19,18,6,1,6,11,2.43,.418
Ramon R Martinez,BOS,2,1,3.05,4,4,0,0,0,0,20.2,14,8,7,2,2,8,15,1.06,.192
Jack J Mc Dowell,ANA,0,4,8.05,4,4,0,0,0,0,19.0,31,17,17,4,2,5,12,1.89,.369
Brian B Mc Nichol,CHC,0,2,6.75,4,2,0,0,0,0,10.2,15,8,8,4,1,7,12,2.06,.333
Kurt K Miller,CHC,0,0,18.00,4,0,0,0,0,0,3.0,6,6,6,1,0,3,1,3.00,.462
Aaron A Myette,CWS,0,2,6.32,4,3,0,0,0,0,15.2,17,11,11,2,2,14,11,1.98,.266
Matt M Perisho,TEX,0,0,2.61,4,1,0,0,0,0,10.1,8,3,3,0,0,2,17,0.97,.211
Glendon G Rusch,NYM,0,1,12.60,4,0,0,0,0,0,5.0,8,7,7,1,1,3,4,2.20,.364
Aaron A Scheffer,SEA,0,0,1.93,4,0,0,0,0,0,4.2,6,5,1,0,1,3,4,1.93,.353
Bob B Wolcott,BOS,0,0,8.10,4,0,0,0,0,0,6.2,8,6,6,1,1,3,2,1.65,.333
Chad C Bradford,CWS,0,0,19.64,3,0,0,0,0,0,3.2,9,8,8,1,0,5,0,3.82,.474
Doug D Creek,CHC,0,0,10.50,3,0,0,0,0,0,6.0,6,7,7,1,0,8,6,2.33,.261
Pat P Daneker,CWS,0,0,4.20,3,2,0,0,0,0,15.0,14,8,7,1,0,6,5,1.33,.255
Joe J Davenport,CWS,0,0,0.00,3,0,0,0,0,0,1.2,1,0,0,0,0,2,0,1.80,.200
Rick R De Hart,MON,0,0,21.60,3,0,0,0,0,0,1.2,6,4,4,2,0,3,1,5.40,.545
Rick R Heiserman,STL,0,0,8.31,3,0,0,0,0,0,4.1,8,4,4,2,0,4,4,2.77,.400
Mike M Johnson,MON,0,0,8.64,3,1,0,0,0,0,8.1,12,8,8,2,0,7,6,2.28,.324
Brett B Laxton,OAK,0,1,7.45,3,2,0,0,0,0,9.2,12,12,8,1,2,7,9,1.97,.316
Steve S Mintz,ANA,0,0,3.60,3,0,0,0,0,0,5.0,8,2,2,1,0,2,2,2.00,.381
Matt M Riley,BAL,0,0,7.36,3,3,0,0,0,0,11.0,17,9,9,4,0,13,6,2.73,.378
Todd T Rizzo,CWS,0,2,6.75,3,0,0,0,0,0,1.1,4,2,1,0,0,3,2,5.25,.500
Mike M Romano,TOR,0,0,11.81,3,0,0,0,0,0,5.1,8,8,7,1,0,5,3,2.44,.364
Marino M Santana,BOS,0,0,15.75,3,0,0,0,0,0,4.0,8,7,7,3,0,3,4,2.75,.444
Joe J Slusarski,HOU,0,0,0.00,3,0,0,0,0,0,3.2,1,0,0,0,0,3,3,1.09,.083
Clint C Sodowsky,STL,0,1,15.63,3,1,0,0,0,0,6.1,15,11,11,1,0,6,2,3.32,.455
Michael M Tejera,FLA,0,0,11.37,3,1,0,0,0,0,6.1,10,8,8,1,0,5,7,2.37,.385
Paul P Wagner,CLE,1,0,4.15,3,0,0,0,0,0,4.1,5,4,2,0,2,3,0,1.85,.263
Alan A Benes,STL,0,0,0.00,2,0,0,0,0,0,2.0,2,0,0,0,0,0,2,1.00,.286
Mike M Buddie,NYY,0,0,4.50,2,0,0,0,0,0,2.0,3,1,1,1,0,0,1,1.50,.333
Dan D Carlson,ARI,0,0,9.00,2,0,0,0,0,0,4.0,5,4,4,0,0,0,3,1.25,.278
Doug D Davis,TEX,0,0,33.75,2,0,0,0,0,0,2.2,12,10,10,3,0,0,3,4.50,.600
Jim J Dougherty,PIT,0,0,9.00,2,0,0,0,0,0,2.0,3,3,2,0,0,3,1,3.00,.333
Brian B Falkenborg,BAL,0,0,0.00,2,0,0,0,0,0,3.0,2,0,0,0,0,2,1,1.33,.200
Matt M Franco,NYM,0,0,13.50,2,0,0,0,0,0,1.1,3,2,2,1,0,3,2,4.50,.429
Jeff J Juden,NYY,0,1,1.59,2,1,0,0,0,0,5.2,5,9,1,1,1,3,9,1.41,.200
Curtis C King,STL,0,0,18.00,2,0,0,0,0,0,1.0,3,2,2,0,0,0,1,3.00,.500
Mark M Leiter,SEA,0,0,6.75,2,0,0,0,0,0,1.1,2,1,1,0,0,0,1,1.50,.333
Felipe F Lira,DET,0,0,10.80,2,0,0,0,0,0,3.1,7,5,4,2,0,2,3,2.70,.389
Juan J Pena,BOS,2,0,0.69,2,2,0,0,0,0,13.0,9,1,1,0,0,3,15,0.92,.196
Nerio N Rodriguez,TOR,0,1,13.50,2,0,0,0,0,0,2.0,2,3,3,2,0,2,2,2.00,.250
Sean S Spencer,SEA,0,0,21.60,2,0,0,0,0,0,1.2,5,4,4,0,0,3,2,4.80,.556
Mark M Wohlers,ATL,0,0,27.00,2,0,0,0,0,0,0.2,1,2,2,0,0,6,0,10.50,.333
Tony T Armas,MON,0,1,1.50,1,1,0,0,0,0,6.0,8,4,1,0,0,2,2,1.67,.320
John J Bale,TOR,0,0,13.50,1,0,0,0,0,0,2.0,2,3,3,1,0,2,4,2.00,.250
Wade W Boggs,TB,0,0,6.75,1,0,0,0,0,0,1.1,3,1,1,0,0,0,1,2.25,.429
Jeff J D' Amico,MIL,0,0,0.00,1,0,0,0,0,0,1.0,1,0,0,0,0,0,1,1.00,.250
Chad C Durbin,KC,0,0,0.00,1,0,0,0,0,0,2.1,1,0,0,0,0,1,3,0.86,.125
Gary G Gaetti,CHC,0,0,18.00,1,0,0,0,0,0,1.0,2,2,2,1,0,1,1,3.00,.400
Ed E Giovanola,SD,0,0,0.00,1,0,0,0,0,0,1.1,1,0,0,0,0,2,0,2.25,.200
Gary G Glover,TOR,0,0,0.00,1,0,0,0,0,0,1.0,0,0,0,0,0,1,0,1.00,.000
Beiker B Graterol,DET,0,1,15.75,1,1,0,0,0,0,4.0,4,7,7,3,0,4,2,2.00,.250
Rick R Greene,CIN,0,0,4.76,1,0,0,0,0,0,5.2,7,4,3,2,0,1,3,1.41,.292
Jonathan J Johnson,TEX,0,0,15.00,1,0,0,0,0,0,3.0,9,5,5,0,1,2,3,3.67,.529
Corey C Lee,TEX,0,1,27.00,1,0,0,0,0,0,1.0,2,3,3,1,0,1,0,3.00,.400
Eric E Ludwick,TOR,0,0,27.00,1,0,0,0,0,0,1.0,3,3,3,0,0,2,0,5.00,.500
Keith K Osik,PIT,0,0,36.00,1,0,0,0,0,0,1.0,2,4,4,0,1,2,1,4.00,.400
Jason J Rakers,CLE,0,0,4.50,1,0,0,0,0,0,2.0,2,1,1,1,0,1,0,1.50,.250
Willis W Roberts,DET,0,0,13.50,1,0,0,0,0,0,1.1,3,4,2,0,1,0,0,2.25,.500
Everett E Stull,ATL,0,0,13.50,1,0,0,0,0,0,0.2,2,3,1,0,0,2,0,6.00,.500
Tanyon T Sturtze,CWS,0,0,0.00,1,1,0,0,0,0,6.0,4,0,0,0,0,2,2,1.00,.200
Luis L Vizcaino,OAK,0,0,5.40,1,0,0,0,0,0,3.1,3,2,2,1,0,3,2,1.80,.231
Joe J Winkelsas,ATL,0,0,54.00,1,0,0,0,0,0,0.1,4,2,2,0,0,1,0,15.00,1.000
