PLAYER,TEAM,W,L,ERA,GS,CG,SHO,SV,SVO,IP,H,R,ER,HR,HB,BB,SO,WHIP,AVG
Paul P Quantrill,LA,2,5,1.75,89,0,0,0,1,1,77.1,61,18,15,2,3,15,44,0.98,.227
Oscar O Villarreal,ARI,10,7,2.57,86,1,0,0,0,0,98.0,80,40,28,6,3,46,80,1.29,.222
Ray R King,ATL,3,4,3.51,80,0,0,0,0,0,59.0,46,30,23,3,1,27,43,1.24,.213
Tom T Martin,LA,1,2,3.53,80,0,0,0,0,0,51.0,36,21,20,6,2,24,51,1.18,.198
Trever T Miller,TOR,2,2,4.61,79,0,0,0,3,3,52.2,46,30,27,7,5,28,44,1.41,.231
Scott S Sauerbeck,BOS,3,5,4.76,79,0,0,0,0,0,56.2,47,34,30,6,5,43,50,1.59,.225
Steve S Kline,STL,5,5,3.82,78,0,0,0,3,3,63.2,56,29,27,5,3,30,31,1.35,.237
Brad B Lidge,HOU,6,3,3.60,78,0,0,0,1,1,85.0,60,36,34,6,5,42,97,1.20,.202
Joe J Nathan,SF,12,4,2.96,78,0,0,0,0,0,79.0,51,26,26,7,3,33,83,1.06,.186
Billy B Wagner,HOU,1,4,1.78,78,0,0,0,44,44,86.0,52,18,17,8,3,23,105,0.87,.169
Jamie J Walker,DET,4,3,3.32,78,0,0,0,3,3,65.0,61,30,24,9,2,17,45,1.20,.247
Kyle K Farnsworth,CHC,3,2,3.30,77,0,0,0,0,0,76.1,53,31,28,6,0,36,92,1.17,.196
Eric E Gagne,LA,2,3,1.20,77,0,0,0,55,55,82.1,37,12,11,2,3,20,137,0.69,.133
Mike M Matthews,SD,6,4,4.45,77,0,0,0,0,0,64.2,65,34,32,4,4,29,44,1.45,.271
David D Weathers,NYM,1,6,3.08,77,0,0,0,7,7,87.2,87,33,30,6,6,40,75,1.45,.264
Mike M De Jean,STL,5,8,4.68,76,0,0,0,19,19,82.2,86,46,43,13,2,39,71,1.51,.269
Octavio O Dotel,HOU,6,4,2.48,76,0,0,0,4,4,87.0,53,25,24,9,3,31,97,0.97,.172
Jason J Grimsley,KC,2,6,5.16,76,0,0,0,0,0,75.0,88,47,43,6,5,36,58,1.65,.299
Guillermo G Mota,LA,6,3,1.97,76,0,0,0,1,1,105.0,78,23,23,7,1,26,99,0.99,.206
B. J. B Ryan,BAL,4,1,3.40,76,0,0,0,0,0,50.1,42,19,19,1,3,27,63,1.37,.227
Tim T Worrell,SF,4,4,2.87,76,0,0,0,38,38,78.1,74,35,25,5,0,28,65,1.30,.246
Brian B Fuentes,COL,3,3,2.75,75,0,0,0,4,4,75.1,64,24,23,7,6,34,82,1.30,.231
Javier J López Lopez,COL,4,1,3.70,75,0,0,0,1,1,58.1,58,25,24,5,4,12,40,1.20,.258
Luis L Vizcaino,MIL,4,3,6.39,75,0,0,0,0,0,62.0,64,45,44,16,1,25,61,1.44,.263
Scott S Eyre,SF,2,1,3.32,74,0,0,0,1,1,57.0,60,23,21,4,1,26,35,1.51,.268
La Troy L Hawkins,MIN,9,3,1.86,74,0,0,0,2,2,77.1,69,20,16,4,1,15,75,1.09,.239
Braden B Looper,FLA,6,4,3.68,74,0,0,0,28,28,80.2,82,34,33,4,1,29,56,1.38,.264
Danys D Baez,CLE,2,9,3.81,73,0,0,0,25,25,75.2,65,36,32,9,4,23,66,1.16,.229
Rocky R Biddle,MON,5,8,4.65,73,0,0,0,34,34,71.2,71,43,37,10,6,40,54,1.55,.254
Francisco F Cordero,TEX,5,8,2.94,73,0,0,0,15,15,82.2,70,33,27,4,2,38,90,1.31,.230
Mike M Remlinger,CHC,6,5,3.65,73,0,0,0,0,0,69.0,54,30,28,11,2,39,83,1.35,.211
J. C. J Romero,MIN,2,0,5.00,73,0,0,0,0,0,63.0,66,37,35,7,6,42,50,1.71,.272
Chad C Bradford,OAK,7,4,3.04,72,0,0,0,2,2,77.0,67,28,26,7,7,30,62,1.26,.236
Keith K Foulke,OAK,9,1,2.08,72,0,0,0,43,43,86.2,57,21,20,10,7,20,88,0.89,.184
Aquilino A Lopez,TOR,1,3,3.42,72,0,0,0,14,14,73.2,58,31,28,5,5,34,64,1.25,.212
Justin J Speier,COL,3,1,4.05,72,0,0,0,9,9,73.1,73,37,33,11,7,23,66,1.31,.257
Mike M Timlin,BOS,6,4,3.55,72,0,0,0,2,2,83.2,77,37,33,11,4,9,65,1.03,.239
Ugueth U Urbina,FLA,3,4,2.81,72,0,0,0,32,32,77.0,56,25,24,8,0,31,78,1.13,.204
Damaso D Marte,CWS,4,2,1.58,71,0,0,0,11,11,79.2,50,16,14,3,3,34,87,1.05,.185
Joey J Eischen,MON,2,2,3.06,70,0,0,0,1,1,53.0,57,27,18,7,3,13,40,1.32,.282
Jeff J Nelson,NYY,4,2,3.74,70,0,0,0,8,8,55.1,51,25,23,4,4,24,68,1.36,.248
Joe J Beimel,PIT,1,3,5.05,69,0,0,0,0,0,62.1,69,35,35,7,4,33,42,1.64,.299
Armando A Benitez,SEA,4,4,2.96,69,0,0,0,21,21,73.0,59,27,24,6,0,41,75,1.37,.218
Felix F Heredia,NYY,5,3,2.69,69,0,0,0,1,1,87.0,74,32,26,10,2,33,45,1.23,.228
Joe J Borowski,CHC,2,2,2.63,68,0,0,0,33,33,68.1,53,23,20,5,1,19,66,1.05,.207
Kerry K Ligtenberg,BAL,4,2,3.34,68,0,0,0,1,1,59.1,60,23,22,9,2,14,47,1.25,.263
Mike M Mac Dougal,KC,3,5,4.08,68,0,0,0,27,27,64.0,64,36,29,4,8,32,57,1.50,.267
David D Riske,CLE,2,2,2.29,68,0,0,0,8,8,74.2,52,21,19,9,3,20,82,0.96,.196
Felix F Rodriguez,SF,8,2,3.10,68,0,0,0,2,2,61.0,59,21,21,5,4,29,46,1.44,.259
Mike M Williams,PHI,1,7,6.14,68,0,0,0,28,28,63.0,66,44,43,5,4,41,39,1.70,.268
Matt M Herges,SF,3,2,2.62,67,0,0,0,3,3,79.0,68,27,23,3,3,29,68,1.23,.233
Kent K Mercker,ATL,0,2,1.95,67,0,0,0,1,1,55.1,46,16,12,6,0,32,48,1.41,.227
Steve S Reed,COL,5,3,3.27,67,0,0,0,0,0,63.1,59,24,23,9,8,26,39,1.34,.254
Arthur A Rhodes,SEA,3,3,4.17,67,0,0,0,3,3,54.0,53,25,25,4,1,18,48,1.31,.256
Terry T Adams,PHI,1,4,2.65,66,0,0,0,0,0,68.0,68,22,20,1,2,23,51,1.34,.268
Tom T Gordon,CWS,7,6,3.16,66,0,0,0,12,12,74.0,57,29,26,4,4,31,91,1.19,.213
Eddie E Guardado,MIN,3,5,2.89,66,0,0,0,41,41,65.1,50,22,21,7,0,14,60,0.98,.207
Roberto R Hernandez,ATL,5,3,4.35,66,0,0,0,0,0,60.0,61,36,29,10,3,43,45,1.73,.263
Chris C Spurling,DET,1,3,4.68,66,0,0,0,3,3,77.0,78,42,40,9,3,22,38,1.30,.266
Scott S Williamson,BOS,5,4,4.16,66,0,0,0,21,21,62.2,54,30,29,7,1,34,74,1.40,.227
Luis L Ayala,MON,10,3,2.92,65,0,0,0,5,5,71.0,65,27,23,8,5,13,46,1.10,.244
Rheal R Cormier,PHI,8,0,1.70,65,0,0,0,1,1,84.2,54,18,16,4,1,25,67,0.93,.182
Alan A Embree,BOS,4,1,4.25,65,0,0,0,1,1,55.0,49,26,26,5,0,16,45,1.18,.241
Mark M Guthrie,CHC,2,3,2.74,65,0,0,0,0,0,42.2,40,14,13,6,3,22,24,1.45,.260
Luther L Hackman,SD,2,2,5.17,65,0,0,0,0,0,76.2,78,51,44,7,8,36,48,1.49,.261
Jesse J Orosco,MIN,2,2,7.68,65,0,0,0,2,2,34.0,41,31,29,4,3,21,29,1.82,.299
Ricky R Stone,HOU,6,4,3.69,65,0,0,0,1,1,83.0,76,36,34,11,6,31,47,1.29,.247
Scott S Sullivan,CWS,6,0,3.66,65,0,0,0,0,0,64.0,48,28,26,6,6,32,56,1.25,.205
Aaron A Fultz,TEX,1,3,5.21,64,0,0,0,0,0,67.1,75,43,39,9,2,27,53,1.51,.287
Kevin K Gryboski,ATL,6,4,3.86,64,0,0,0,0,0,44.1,44,22,19,3,2,23,32,1.51,.272
Jorge J Julio,BAL,0,7,4.38,64,0,0,0,36,36,61.2,60,36,30,10,2,34,52,1.52,.256
Mike M Myers,ARI,0,1,5.70,64,0,0,0,0,0,36.1,38,23,23,4,5,21,21,1.62,.262
Ricardo R Rincon,OAK,8,4,3.25,64,0,0,0,0,0,55.1,45,21,20,4,3,32,40,1.39,.230
Mariano M Rivera,NYY,5,2,1.66,64,0,0,0,40,40,70.2,61,15,13,3,4,10,63,1.00,.235
Julian J Tavarez,PIT,3,3,3.66,64,0,0,0,11,11,83.2,75,37,34,1,5,27,39,1.22,.244
Brendan B Donnelly,ANA,2,2,1.58,63,0,0,0,3,3,74.0,55,14,13,2,4,24,79,1.07,.200
Shigetoshi S Hasegawa,SEA,2,4,1.48,63,0,0,0,16,16,73.0,62,12,12,5,0,18,32,1.10,.235
Jose J Jimenez,COL,2,10,5.22,63,7,0,0,20,20,101.2,137,62,59,7,6,32,45,1.66,.322
Brian B Boehringer,PIT,5,4,5.49,62,0,0,0,0,0,62.1,64,39,38,11,3,30,47,1.51,.267
Lance L Carter,TB,7,5,4.33,62,0,0,0,26,26,79.0,72,39,38,12,4,19,47,1.15,.242
Cal C Eldred,STL,7,4,3.74,62,0,0,0,8,8,67.1,62,32,28,9,4,31,67,1.38,.248
Jeff J Fassero,STL,1,7,5.68,62,6,0,0,3,3,77.2,93,51,49,17,2,34,55,1.64,.296
Chris C Hammond,NYY,3,2,2.86,62,0,0,0,1,1,63.0,65,23,20,5,2,11,45,1.21,.270
Brian B Shouse,TEX,0,1,3.10,62,0,0,0,1,1,61.0,62,24,21,1,4,14,40,1.25,.267
Paul P Shuey,LA,6,4,3.00,62,0,0,0,0,0,69.0,50,24,23,6,4,33,60,1.20,.207
Carlos C Silva,PHI,3,1,4.43,62,1,0,0,1,1,87.1,92,43,43,7,8,37,48,1.48,.280
John J Smoltz,ATL,0,2,1.12,62,0,0,0,45,45,64.1,48,9,8,2,0,8,73,0.87,.204
Ben B Weber,ANA,5,1,2.69,62,0,0,0,0,0,80.1,84,26,24,7,0,22,46,1.32,.275
Travis T Harper,TB,4,8,3.77,61,0,0,0,1,1,93.0,86,45,39,9,6,31,64,1.26,.252
Jose J Mesa,PHI,5,7,6.52,61,0,0,0,24,24,58.0,71,44,42,7,1,31,45,1.76,.296
Antonio A Alfonseca,CHC,3,1,5.83,60,0,0,0,0,0,66.1,76,43,43,7,2,27,51,1.55,.290
Buddy B Groom,BAL,1,3,5.36,60,0,0,0,1,1,45.1,58,27,27,7,3,14,34,1.59,.309
Todd T Jones,BOS,3,5,7.08,59,1,0,0,0,0,68.2,93,58,54,10,1,31,59,1.81,.323
Francisco F Rodríguez Rodriguez,ANA,8,3,3.03,59,0,0,0,2,2,86.0,50,30,29,12,2,35,95,0.99,.172
Scott S Schoeneweis,CWS,3,2,4.18,59,0,0,0,0,0,64.2,63,35,30,3,4,19,56,1.27,.252
Leo L Estrella,MIL,7,3,4.36,58,0,0,0,3,3,66.0,75,32,32,10,3,21,25,1.45,.290
Dan D Plesac,PHI,2,1,2.70,58,0,0,0,2,2,33.1,29,12,10,3,1,11,37,1.20,.228
Juan J Rincon,MIN,5,6,3.68,58,0,0,0,0,0,85.2,74,38,35,5,4,38,63,1.31,.231
Dan D Miceli,HOU,2,4,3.20,57,0,0,0,1,1,70.1,59,27,25,13,2,25,58,1.19,.223
Chris C Reitsma,CIN,9,5,4.29,57,3,0,0,12,12,84.0,92,41,40,14,0,19,53,1.32,.281
Byung- Hyun B Kim,BOS,9,10,3.31,56,12,0,0,16,16,122.1,104,55,45,12,12,33,102,1.12,.224
Turk T Wendell,PHI,3,3,3.38,56,0,0,0,1,1,64.0,54,24,24,6,6,28,27,1.28,.235
Billy B Koch,CWS,5,5,5.77,55,0,0,0,11,11,53.0,59,36,34,10,1,28,42,1.64,.281
John J Riedling,CIN,2,3,4.90,55,8,0,0,1,1,101.0,107,61,55,7,3,47,65,1.52,.270
Jesus J Colome,TB,3,7,4.50,54,0,0,0,2,2,74.0,69,37,37,9,3,46,69,1.55,.247
Al A Levine,KC,3,6,2.79,54,0,0,0,1,1,71.0,67,29,22,9,3,29,30,1.35,.251
Cliff C Politte,TOR,1,5,5.66,54,0,0,0,12,12,49.1,52,32,31,11,1,17,40,1.40,.269
Jose J Valverde,ARI,2,1,2.15,54,0,0,0,10,10,50.1,24,16,12,4,2,26,71,0.99,.137
Esteban E Yan,STL,2,1,6.35,54,0,0,0,1,1,66.2,84,48,47,13,7,23,53,1.61,.308
Curt C Leskanic,KC,5,0,2.22,53,0,0,0,2,2,52.2,38,15,13,2,1,29,50,1.27,.204
Trey T Hodges,ATL,3,3,4.66,52,1,0,0,0,0,65.2,69,38,34,11,3,31,66,1.52,.268
Scott S Linebrink,SD,3,2,3.31,52,6,0,0,0,0,92.1,93,37,34,9,6,36,68,1.40,.270
Graeme G Lloyd,KC,1,4,5.29,52,0,0,0,0,0,47.2,68,34,28,2,1,14,25,1.72,.335
Troy T Percival,ANA,0,5,3.47,52,0,0,0,33,33,49.1,33,22,19,7,3,23,48,1.14,.184
Armando A Almanza,FLA,4,5,6.08,51,0,0,0,0,0,50.1,59,37,34,10,2,25,49,1.67,.296
Jim J Brower,SF,8,5,3.96,51,5,0,0,2,2,100.0,90,48,44,8,1,39,65,1.29,.249
Valerio V De Los Santos,PHI,4,3,4.50,51,0,0,0,1,1,52.0,45,31,26,8,5,25,39,1.35,.241
Jay J Powell,TEX,3,0,7.82,51,0,0,0,0,0,58.2,75,58,51,7,2,34,40,1.86,.319
Steve S Sparks,OAK,0,6,4.88,51,0,0,0,2,2,107.0,114,68,58,13,3,37,54,1.41,.277
Scott S Stewart,MON,3,1,3.98,51,0,0,0,0,0,43.0,52,22,19,5,1,13,29,1.51,.306
D. J. D Carrasco,KC,6,5,4.82,50,2,0,0,2,2,80.1,82,44,43,8,7,40,57,1.52,.271
Matt M Mantei,ARI,5,4,2.62,50,0,0,0,29,29,55.0,37,17,16,6,2,18,68,1.00,.191
Julio J Mateo,SEA,4,0,3.15,50,0,0,0,1,1,85.2,69,32,30,14,5,13,71,0.96,.220
Stephen S Randolph,ARI,8,1,4.05,50,0,0,0,0,0,60.0,50,28,27,7,2,43,50,1.55,.226
Mike M Stanton,NYM,2,7,4.57,50,0,0,0,5,5,45.1,37,25,23,6,2,19,34,1.24,.219
Michael M Tejera,FLA,3,4,4.67,50,6,0,0,2,2,81.0,82,44,42,6,1,36,58,1.46,.267
Jaret J Wright,ATL,2,5,7.35,50,0,0,0,2,2,56.1,76,46,46,9,3,31,50,1.90,.332
Adam A Bernero,COL,1,14,5.87,49,17,0,0,0,0,133.1,137,90,87,19,8,54,80,1.43,.267
Brandon B Lyon,BOS,4,6,4.12,49,0,0,0,9,9,59.0,73,33,27,6,2,19,50,1.56,.296
Rick R White,HOU,1,2,5.78,49,0,0,0,1,1,67.0,74,48,43,13,4,21,54,1.42,.280
Darren D Holmes,ATL,1,2,4.29,48,0,0,0,0,0,42.0,47,22,20,5,0,11,46,1.38,.280
Antonio A Osuna,NYY,2,5,3.73,48,0,0,0,0,0,50.2,58,22,21,3,2,20,47,1.54,.282
Eddie E Oropesa,ARI,3,3,5.82,47,0,0,0,0,0,38.2,38,27,25,3,2,27,39,1.68,.257
Rosman R Garcia,TEX,1,2,6.02,46,0,0,0,0,0,46.1,63,33,31,4,2,23,25,1.86,.320
Jason J Simontacchi,STL,9,5,5.56,46,16,1,0,1,1,126.1,153,82,78,21,5,41,74,1.54,.299
Gabe G White,NYY,5,1,4.05,46,0,0,0,0,0,46.2,44,22,21,7,2,8,29,1.11,.251
Jay J Witasick,SD,3,7,4.53,46,0,0,0,2,2,45.2,42,24,23,6,1,25,42,1.47,.244
Franklyn F German,DET,2,4,6.04,45,0,0,0,5,5,44.2,47,32,30,5,2,45,41,2.06,.273
Terry T Mulholland,CLE,3,4,4.91,45,3,0,0,0,0,99.0,117,60,54,17,6,37,42,1.56,.295
Matt M Roney,DET,1,9,5.45,45,11,0,0,0,0,100.2,102,67,61,17,4,48,47,1.49,.262
Johan J Santana,MIN,12,3,3.07,45,18,0,0,0,0,158.1,127,56,54,17,3,47,169,1.10,.216
T. J. T Tucker,MON,2,3,4.73,45,7,0,0,0,0,80.0,90,49,42,8,4,20,47,1.38,.278
Jung Keun J Bong,ATL,6,2,5.05,44,0,0,0,1,1,57.0,56,32,32,8,2,31,47,1.53,.267
Jason J Boyd,CLE,3,1,4.30,44,0,0,0,0,0,52.1,38,25,25,4,3,26,31,1.22,.200
Scot S Shields,ANA,5,6,2.85,44,13,0,0,1,1,148.1,138,56,47,12,5,38,111,1.19,.247
Jeff J Tam,TOR,0,4,5.64,44,0,0,0,1,1,44.2,58,30,28,5,1,25,26,1.86,.314
Aaron A Cook,COL,4,6,6.02,43,16,1,0,0,0,124.0,160,89,83,8,8,57,43,1.75,.317
Kelly K Wunsch,CWS,0,0,2.75,43,0,0,0,0,0,36.0,17,13,11,1,7,25,33,1.17,.139
Gary G Glover,ANA,2,0,4.74,42,0,0,0,0,0,62.2,77,33,33,6,3,22,37,1.58,.309
Brooks B Kieschnick,MIL,1,1,5.26,42,0,0,0,0,0,53.0,66,32,31,5,6,13,39,1.49,.299
Brian B Reith,CIN,2,3,4.11,42,1,0,0,1,1,61.1,61,32,28,8,1,36,39,1.58,.263
Kelvim K Escobar,TOR,13,9,4.29,41,26,1,1,4,4,180.1,189,94,86,15,9,78,159,1.48,.270
Jim J Mecir,OAK,2,3,5.59,41,0,0,0,1,1,37.0,40,25,23,4,1,16,25,1.51,.280
Salomon S Torres,PIT,7,5,4.76,41,16,0,0,2,2,121.0,128,65,64,19,7,42,84,1.40,.276
Hector H Carrasco,BAL,2,6,4.93,40,0,0,0,1,1,38.1,40,22,21,5,2,20,27,1.57,.270
Jason J Christiansen,SF,0,0,5.19,40,0,0,0,0,0,26.0,25,15,15,3,1,11,22,1.38,.243
Jason J Isringhausen,STL,0,1,2.36,40,0,0,0,22,22,42.0,31,14,11,2,0,18,41,1.17,.200
Jason J Kershner,TOR,3,3,3.17,40,0,0,0,0,0,54.0,43,21,19,5,2,15,32,1.07,.217
Pete P Munro,HOU,3,4,4.67,40,2,0,0,0,0,54.0,63,30,28,7,5,26,27,1.65,.294
Rafael R Soriano,SEA,3,0,1.53,40,0,0,0,1,1,53.0,30,9,9,2,3,12,68,0.79,.162
Tanyon T Sturtze,TOR,7,6,5.94,40,8,0,0,0,0,89.1,107,67,59,14,7,43,54,1.68,.296
Juan J Acevedo,TOR,1,5,6.57,39,0,0,0,6,6,38.1,52,32,28,6,2,18,28,1.83,.319
R. A. R Dickey,TEX,9,8,5.09,38,13,1,1,1,1,116.2,135,68,66,16,5,38,94,1.48,.292
Chad C Fox,FLA,3,3,3.12,38,0,0,0,3,3,43.1,35,16,15,3,1,31,46,1.52,.224
John J Franco,NYM,0,3,2.62,38,0,0,0,2,2,34.1,35,11,10,5,1,13,16,1.40,.265
Dan D Kolb,MIL,1,2,1.96,37,0,0,0,21,21,41.1,34,10,9,2,1,19,39,1.28,.221
Ramiro R Mendoza,BOS,3,5,6.75,37,5,0,0,0,0,66.2,98,51,50,10,5,20,36,1.77,.349
Jeremy J Affeldt,KC,7,6,3.93,36,18,0,0,4,4,126.0,126,58,55,12,5,38,98,1.30,.261
Miguel M Batista,ARI,10,9,3.54,36,29,2,1,0,0,193.1,197,85,76,13,8,60,142,1.33,.267
Rod R Beck,SD,3,2,1.78,36,0,0,0,20,20,35.1,25,7,7,4,1,11,32,1.02,.197
Wayne W Franklin,MIL,10,13,5.50,36,34,1,1,0,0,194.2,201,129,119,36,10,94,116,1.52,.268
Roy R Halladay,TOR,22,7,3.25,36,36,9,2,0,0,266.0,253,111,96,26,9,32,204,1.07,.247
Mike M Lincoln,PIT,3,4,5.20,36,0,0,0,5,5,36.1,38,22,21,5,1,13,28,1.40,.277
Greg G Maddux,ATL,16,11,3.96,36,36,1,0,0,0,218.1,225,112,96,24,8,33,124,1.18,.268
Kirk K Saarloos,HOU,2,1,4.93,36,4,0,0,0,0,49.1,55,31,27,4,3,17,43,1.46,.281
Hector H Almonte,MON,1,2,7.12,35,0,0,0,0,0,36.2,43,29,29,5,2,24,32,1.83,.295
Rick R Bauer,BAL,0,0,4.55,35,0,0,0,0,0,61.1,58,36,31,5,4,24,43,1.34,.256
Mark M Buehrle,CWS,14,14,4.14,35,35,2,0,0,0,230.1,250,124,106,22,5,61,119,1.35,.278
John J Halama,OAK,3,5,4.22,35,13,0,0,0,0,108.2,117,68,51,18,2,36,51,1.41,.268
Rick R Helling,FLA,8,8,5.17,35,24,0,0,0,0,155.0,167,91,89,31,12,45,98,1.37,.277
Sterling S Hitchcock,STL,6,4,4.72,35,7,0,0,0,0,87.2,91,50,46,14,1,32,68,1.40,.265
Ron R Mahay,TEX,3,3,3.18,35,0,0,0,0,0,45.1,33,19,16,3,0,20,38,1.17,.195
Darrell D May,KC,10,8,3.77,35,32,2,1,0,0,210.0,197,98,88,31,2,53,115,1.19,.246
Kevin K Millwood,PHI,14,12,4.01,35,35,5,3,0,0,222.0,210,103,99,19,4,68,169,1.25,.250
Kazuhiro K Sasaki,SEA,1,2,4.05,35,0,0,0,10,10,33.1,31,17,15,2,1,15,29,1.38,.238
John J Thomson,TEX,13,14,4.85,35,35,3,1,0,0,217.0,234,125,117,27,4,49,136,1.30,.276
Tim T Wakefield,BOS,11,7,4.09,35,33,0,0,1,1,202.1,193,106,92,23,12,71,169,1.30,.246
Dan D Wheeler,NYM,1,3,3.71,35,0,0,0,2,2,51.0,49,23,21,6,1,17,35,1.29,.253
Barry B Zito,OAK,14,12,3.30,35,35,4,1,0,0,231.2,186,98,85,19,6,88,146,1.18,.219
Bartolo B Colon,CWS,15,13,3.87,34,34,9,0,0,0,242.0,223,107,104,30,5,67,173,1.20,.248
Elmer E Dessens,ARI,8,8,5.07,34,30,0,0,0,0,175.2,212,107,99,22,4,57,113,1.53,.299
Tim T Hudson,OAK,16,7,2.70,34,34,3,2,0,0,240.0,197,84,72,15,10,61,162,1.08,.223
Wilfredo W Ledezma,DET,3,7,5.79,34,8,0,0,0,0,84.0,99,55,54,12,3,35,49,1.60,.297
Esteban E Loaiza,CWS,21,9,2.90,34,34,1,0,0,0,226.1,196,75,73,17,10,56,207,1.11,.233
Brian B Meadows,PIT,2,1,4.72,34,7,0,0,1,1,76.1,91,45,40,8,1,11,38,1.34,.290
Tomo T Ohka,MON,10,12,4.16,34,34,2,0,0,0,199.0,233,106,92,24,9,45,118,1.40,.292
Russ R Ortiz,ATL,21,7,3.81,34,34,1,1,0,0,212.1,177,101,90,17,4,102,149,1.31,.223
Erasmo E Ramirez,TEX,3,1,3.86,34,0,0,0,0,0,49.0,46,21,21,4,4,9,28,1.12,.251
Ben B Sheets,MIL,11,13,4.45,34,34,1,0,0,0,220.2,232,122,109,29,6,43,157,1.25,.268
Javier J Vazquez,MON,13,12,3.24,34,34,4,1,0,0,230.2,198,93,83,28,4,57,241,1.11,.229
Jake J Westbrook,CLE,7,10,4.33,34,22,1,0,0,0,133.0,142,70,64,9,12,56,58,1.49,.281
Woody W Williams,STL,18,9,3.87,34,33,0,0,0,0,220.2,220,101,95,20,11,55,153,1.25,.256
Victor V Zambrano,TB,12,10,4.21,34,28,1,0,0,0,188.1,165,97,88,21,20,106,132,1.44,.237
Rafael R Betancourt,CLE,2,2,2.13,33,0,0,0,1,1,38.0,27,11,9,5,1,13,36,1.05,.196
Jeremy J Bonderman,DET,6,19,5.56,33,28,0,0,0,0,162.0,193,118,100,23,4,58,108,1.55,.294
Roger R Clemens,NYY,17,9,3.91,33,33,1,1,0,0,211.2,199,99,92,24,5,58,190,1.21,.247
Jack J Cressend,CLE,2,1,2.51,33,0,0,0,0,0,43.0,40,12,12,1,2,9,28,1.14,.252
Freddy F Garcia,SEA,12,14,4.51,33,33,1,0,0,0,201.1,196,109,101,31,11,71,144,1.33,.255
Livan L Hernandez,MON,15,10,3.20,33,33,8,0,0,0,233.1,225,92,83,27,10,57,178,1.21,.253
Matt M Kinney,MIL,10,13,5.19,33,31,1,0,0,0,190.2,201,121,110,27,6,80,152,1.47,.272
John J Lackey,ANA,10,16,4.63,33,33,2,2,0,0,204.0,223,117,105,31,10,66,151,1.42,.278
Brian B Lawrence,SD,10,15,4.19,33,33,1,0,0,0,210.2,206,106,98,27,11,57,116,1.25,.258
Kyle K Lohse,MIN,14,11,4.61,33,33,2,1,0,0,201.0,211,107,103,28,5,45,130,1.27,.268
Derek D Lowe,BOS,17,7,4.47,33,33,1,0,0,0,203.1,216,113,101,17,11,72,110,1.42,.272
Mike M Maroth,DET,9,21,5.73,33,33,1,0,0,0,193.1,231,131,123,34,8,50,87,1.45,.299
Wade W Miller,HOU,14,13,4.13,33,33,1,0,0,0,187.1,168,96,86,17,10,77,161,1.31,.242
Jamie J Moyer,SEA,21,7,3.27,33,33,1,0,0,0,215.0,199,83,78,19,8,66,129,1.23,.246
Hideo H Nomo,LA,16,13,3.09,33,33,2,2,0,0,218.1,175,82,75,24,1,98,177,1.25,.223
Darren D Oliver,COL,13,11,5.04,33,32,1,0,0,0,180.1,201,108,101,21,8,61,88,1.45,.284
Carl C Pavano,FLA,12,13,4.30,33,32,2,0,0,0,201.0,204,99,96,19,7,49,133,1.26,.265
Andy A Pettitte,NYY,21,8,4.02,33,33,1,0,0,0,208.1,227,109,93,21,1,50,180,1.33,.272
Brad B Radke,MIN,14,10,4.49,33,33,3,1,0,0,212.1,242,111,106,32,5,28,120,1.27,.288
Tim T Redding,HOU,10,14,3.68,33,32,0,0,0,0,176.0,179,85,72,16,7,65,116,1.39,.261
Kenny K Rogers,MIN,13,8,4.57,33,31,0,0,0,0,195.0,227,108,99,22,11,50,116,1.42,.292
Scott S Service,TOR,0,2,4.72,33,0,0,0,1,1,34.1,38,18,18,4,0,8,35,1.34,.281
Tim T Spooneybarger,FLA,1,2,4.07,33,0,0,0,0,0,42.0,27,21,19,1,1,11,32,0.90,.190
Brett B Tomko,STL,13,9,5.28,33,32,2,0,0,0,202.2,252,126,119,35,5,57,114,1.52,.305
Billy B Traber,CLE,6,9,5.24,33,18,1,1,0,0,111.2,132,67,65,15,5,40,88,1.54,.293
Steve S Trachsel,NYM,16,10,3.78,33,33,2,2,0,0,204.2,204,90,86,26,3,65,111,1.31,.264
Randy R Wolf,PHI,16,10,4.23,33,33,2,2,0,0,200.0,176,101,94,27,6,78,177,1.27,.233
Chad C Zerbe,SF,1,1,4.71,33,1,0,0,0,0,49.2,60,26,26,3,1,14,17,1.49,.311
Brian B Anderson,KC,14,11,3.78,32,31,2,1,0,0,197.2,212,110,83,27,4,43,87,1.29,.279
Kevin K Brown,LA,14,9,2.39,32,32,0,0,0,0,211.0,184,67,56,11,5,56,185,1.14,.236
Nate N Bump,FLA,4,0,4.71,32,0,0,0,0,0,36.1,34,21,19,3,7,20,17,1.49,.248
John J Burkett,BOS,12,9,5.15,32,30,1,0,0,0,181.2,202,108,104,20,9,47,107,1.37,.281
Matt M Clement,CHC,14,12,4.11,32,32,2,1,0,0,201.2,169,100,92,22,14,79,171,1.23,.227
Nate N Cornejo,DET,6,17,4.67,32,32,2,0,0,0,194.2,236,111,101,18,3,58,46,1.51,.307
Ryan R Franklin,SEA,11,13,3.57,32,32,2,1,0,0,212.0,199,93,84,34,9,61,99,1.23,.251
Mike M Gallo,HOU,1,0,3.00,32,0,0,0,0,0,30.0,28,10,10,3,1,10,16,1.27,.267
Jon J Garland,CWS,12,13,4.51,32,32,0,0,0,0,191.2,188,103,96,28,4,74,108,1.37,.260
Tom T Glavine,NYM,9,14,4.52,32,32,0,0,0,0,183.1,205,94,92,21,2,66,82,1.48,.288
Dustin D Hermanson,SF,3,3,4.06,32,6,0,0,1,1,68.2,70,32,31,9,3,24,39,1.37,.271
Jason J Jennings,COL,12,13,5.11,32,32,1,0,0,0,181.1,212,115,103,20,5,88,119,1.65,.299
Jason J Johnson,BAL,10,10,4.18,32,32,0,0,0,0,189.2,216,100,88,22,10,80,118,1.56,.283
Joe J Kennedy,TB,3,12,6.13,32,22,1,1,1,1,133.2,167,101,91,19,11,47,77,1.60,.303
Ted T Lilly,OAK,12,10,4.34,32,31,0,0,0,0,178.1,179,92,86,24,5,58,147,1.33,.255
Gil G Meche,SEA,15,13,4.59,32,32,1,0,0,0,186.1,187,97,95,30,3,63,130,1.34,.263
Brett B Myers,PHI,14,9,4.43,32,32,1,1,0,0,193.0,205,99,95,20,9,76,143,1.46,.272
Mike M Neu,OAK,0,0,3.64,32,0,0,0,1,1,42.0,43,18,17,2,2,26,20,1.64,.261
Ramon R Ortiz,ANA,16,13,5.20,32,32,1,0,0,0,180.0,209,121,104,28,12,63,94,1.51,.287
Vicente V Padilla,PHI,14,12,3.62,32,32,1,1,0,0,208.2,196,94,84,22,16,62,133,1.24,.251
Jake J Peavy,SD,12,11,4.11,32,32,0,0,0,0,194.2,173,94,89,33,6,82,156,1.31,.238
Brad B Penny,FLA,14,10,4.13,32,32,0,0,0,0,196.1,195,96,90,21,3,56,138,1.28,.264
Joel J Pineiro,SEA,16,11,3.78,32,32,3,2,0,0,211.2,192,94,89,19,6,76,151,1.27,.241
Jeriome J Robertson,HOU,15,9,5.10,32,31,0,0,0,0,160.2,180,98,91,23,6,64,99,1.52,.287
Glendon G Rusch,MIL,1,12,6.42,32,19,1,0,1,1,123.1,171,93,88,11,4,45,93,1.75,.331
Jae Weong J Seo,NYM,9,12,3.82,32,31,0,0,0,0,188.1,193,94,80,18,6,46,110,1.27,.260
Dan D Smith,MON,2,2,5.26,32,0,0,0,0,0,37.2,42,23,22,11,2,18,35,1.59,.280
Garrett G Stephenson,STL,7,13,4.59,32,27,1,0,0,0,174.1,167,94,89,30,13,60,91,1.30,.255
Jeff J Suppan,BOS,13,11,4.19,32,31,3,2,0,0,204.0,217,98,95,23,8,51,110,1.31,.272
Jarrod J Washburn,ANA,10,15,4.43,32,32,2,0,0,0,207.1,205,106,102,34,11,54,118,1.25,.256
Jeff J Weaver,NYY,7,9,5.99,32,24,0,0,0,0,159.1,211,113,106,16,11,47,93,1.62,.320
Kerry K Wood,CHC,14,11,3.20,32,32,4,2,0,0,211.0,152,77,75,24,21,100,266,1.19,.203
Carlos C Zambrano,CHC,13,11,3.11,32,32,3,1,0,0,214.0,188,88,74,9,10,94,168,1.32,.239
Adam A Eaton,SD,9,12,4.08,31,31,1,0,0,0,183.0,173,91,83,20,7,68,146,1.32,.246
Mike M Hampton,ATL,14,8,3.84,31,31,1,0,0,0,190.0,186,91,81,14,1,78,110,1.39,.255
Mike M Koplove,ARI,3,0,2.15,31,0,0,0,0,0,37.2,31,11,9,3,5,10,27,1.09,.225
Cory C Lidle,TOR,12,15,5.75,31,31,2,0,0,0,192.2,216,133,123,24,5,60,112,1.43,.282
Joe J Mays,MIN,8,8,6.30,31,21,0,0,0,0,130.0,159,92,91,21,4,39,50,1.52,.302
Damian D Moss,BAL,10,12,5.16,31,29,0,0,0,0,165.2,184,102,95,24,11,92,79,1.67,.284
Mike M Mussina,NYY,17,8,3.40,31,31,2,1,0,0,214.2,192,86,81,21,3,40,195,1.08,.238
Sidney S Ponson,SF,17,12,3.75,31,31,4,0,0,0,216.0,211,94,90,16,5,61,134,1.26,.257
Dave D Veres,CHC,2,1,4.68,31,0,0,0,1,1,32.2,36,17,17,4,1,5,26,1.26,.290
Brandon B Villafuerte,SD,0,2,4.20,31,0,0,0,2,2,40.2,39,20,19,7,3,26,34,1.60,.252
David D Wells,NYY,15,7,4.14,31,30,4,1,0,0,213.0,242,101,98,24,8,20,101,1.23,.286
Kip K Wells,PIT,10,9,3.28,31,31,1,0,0,0,197.1,171,77,72,24,7,76,147,1.25,.233
Danny D Graves,CIN,4,15,5.33,30,26,2,1,2,2,169.0,204,108,100,30,7,41,60,1.45,.298
Mark M Hendrickson,TOR,9,9,5.51,30,30,0,0,0,0,158.1,207,111,97,24,0,40,76,1.56,.317
Al A Leiter,NYM,15,9,3.99,30,30,1,1,0,0,180.2,176,83,80,15,9,94,139,1.49,.260
Odalis O Perez,LA,12,12,4.52,30,30,0,0,0,0,185.1,191,98,93,28,3,46,141,1.28,.267
Mark M Prior,CHC,18,6,2.43,30,30,3,1,0,0,211.1,183,67,57,15,9,50,245,1.10,.231
Shane S Reynolds,ATL,11,9,5.43,30,29,0,0,0,0,167.1,191,104,101,20,8,59,94,1.49,.293
C Sabathia,CLE,13,9,3.60,30,30,2,1,0,0,197.2,190,85,79,19,6,66,141,1.30,.255
Jeff J D' Amico,PIT,9,16,4.77,29,29,2,1,0,0,175.1,204,104,93,23,7,42,100,1.40,.291
Shawn S Estes,CHC,8,11,5.73,29,28,1,1,0,0,152.1,182,113,97,20,1,83,103,1.74,.305
Pedro P Martinez,BOS,14,4,2.22,29,29,3,0,0,0,186.2,147,52,46,7,9,47,206,1.04,.215
Chris C Mears,DET,1,3,5.44,29,3,0,0,5,5,41.1,50,28,25,5,3,11,21,1.48,.307
Horacio H Ramirez,ATL,12,4,4.00,29,29,1,0,0,0,182.1,181,91,81,21,6,72,100,1.39,.263
Mark M Redman,FLA,14,9,3.59,29,29,3,0,0,0,190.2,172,82,76,16,5,61,151,1.22,.239
Jason J Schmidt,SF,17,5,2.34,29,29,5,3,0,0,207.2,152,56,54,14,5,46,208,0.95,.200
Jorge J Sosa,TB,5,12,4.62,29,19,1,1,0,0,128.2,137,71,66,14,4,60,72,1.53,.278
Brandon B Webb,ARI,10,9,2.84,29,28,1,1,0,0,180.2,140,65,57,12,13,68,172,1.15,.212
Kris K Wilson,KC,6,3,5.33,29,4,0,0,0,0,72.2,92,49,43,13,6,16,42,1.49,.305
Jason J Anderson,NYM,1,0,4.88,28,0,0,0,0,0,31.1,33,19,17,5,3,19,16,1.66,.273
Brandon B Backe,TB,1,1,5.44,28,0,0,0,0,0,44.2,40,28,27,6,2,25,36,1.46,.247
Pat P Hentgen,BAL,7,8,4.09,28,22,1,0,1,1,160.2,150,74,73,25,5,58,100,1.29,.247
Sean S Lowe,KC,1,1,6.25,28,0,0,0,0,0,44.2,55,32,31,7,2,21,28,1.70,.301
Joe J Roa,SD,1,3,6.14,28,4,0,0,0,0,51.1,69,36,35,10,2,10,38,1.54,.319
Paul P Wilson,CIN,8,10,4.64,28,28,0,0,0,0,166.2,190,97,86,24,7,50,93,1.44,.285
Jaime J Cerda,NYM,1,1,5.85,27,0,0,0,0,0,32.1,32,21,21,4,0,20,19,1.61,.267
Jason J Davis,CLE,8,11,4.68,27,27,1,0,0,0,165.1,172,101,86,25,8,47,85,1.32,.273
Kaz K Ishii,LA,9,7,3.86,27,27,0,0,0,0,147.0,129,72,63,16,6,101,140,1.56,.238
Matt M Morris,STL,11,8,3.76,27,27,5,3,0,0,172.1,164,76,72,20,4,39,120,1.18,.252
Tommy T Phelps,FLA,3,2,4.00,27,7,0,0,0,0,63.0,70,32,28,3,2,23,43,1.48,.282
Rick R Reed,MIN,6,12,5.07,27,21,2,1,0,0,135.0,155,80,76,21,5,29,71,1.36,.285
Fernando F Rodney,DET,1,3,6.07,27,0,0,0,3,3,29.2,35,20,20,2,1,17,33,1.75,.294
Kirk K Rueter,SF,10,5,4.53,27,27,0,0,0,0,147.0,170,77,74,14,1,47,41,1.48,.297
Dontrelle D Willis,FLA,14,6,3.30,27,27,2,2,0,0,160.2,148,61,59,13,3,58,142,1.28,.245
Kiko K Calero,STL,1,1,2.82,26,1,0,0,1,1,38.1,29,12,12,5,1,20,51,1.28,.212
Josh J Fogg,PIT,10,9,5.26,26,26,1,0,0,0,142.0,166,90,83,22,9,40,71,1.45,.293
Colby C Lewis,TEX,10,9,7.30,26,26,0,0,0,0,127.0,163,104,103,23,5,70,88,1.83,.317
Rodrigo R Lopez,BAL,7,10,5.82,26,26,3,1,0,0,147.0,188,101,95,24,10,43,103,1.57,.313
Mark M Mulder,OAK,15,9,3.13,26,26,9,2,0,0,186.2,180,66,65,15,2,40,128,1.18,.259
Shane S Nance,MIL,0,2,4.81,26,0,0,0,0,0,24.1,34,16,13,5,1,10,25,1.81,.327
Willis W Roberts,BAL,3,1,5.72,26,0,0,0,0,0,39.1,41,26,25,7,7,16,26,1.45,.273
Joaquin J Benoit,TEX,8,5,5.49,25,17,0,0,0,0,105.0,99,67,64,23,3,51,87,1.43,.246
Juan J Cruz,CHC,2,7,6.05,25,6,0,0,0,0,61.0,66,44,41,7,7,28,65,1.54,.275
Matt M Ford,MIL,0,3,4.33,25,4,0,0,0,0,43.2,46,23,21,5,1,21,26,1.53,.264
Geremi G Gonzalez,TB,6,11,3.91,25,25,2,0,0,0,156.1,131,71,68,18,12,69,97,1.28,.228
Jose J Santiago,CLE,1,3,2.84,25,0,0,0,0,0,31.2,37,11,10,2,0,14,15,1.61,.298
Aaron A Sele,ANA,7,11,5.77,25,25,0,0,0,0,121.2,135,82,78,17,12,58,53,1.59,.284
Josh J Beckett,FLA,9,8,3.04,24,23,0,0,0,0,142.0,132,54,48,9,2,56,152,1.32,.246
Brandon B Duckworth,PHI,4,7,4.94,24,18,0,0,0,0,93.0,98,58,51,12,10,44,68,1.53,.272
Oliver O Pérez Perez,PIT,4,10,5.47,24,24,0,0,0,0,126.2,129,80,77,22,4,77,141,1.63,.263
Curt C Schilling,ARI,8,9,2.95,24,24,3,2,0,0,168.0,144,58,55,17,3,32,194,1.05,.230
Mike M Venafro,TB,1,0,4.74,24,0,0,0,0,0,19.0,24,10,10,1,3,3,9,1.42,.308
Matt M Anderson,DET,0,1,5.40,23,0,0,0,3,3,23.1,25,17,14,5,1,9,13,1.46,.272
Kevin K Appier,KC,8,9,5.40,23,23,0,0,0,0,111.2,120,69,67,21,8,43,55,1.46,.269
Mickey M Callaway,TEX,1,7,6.68,23,7,0,0,0,0,60.2,84,50,45,7,2,24,41,1.78,.335
Giovanni G Carrara,SEA,2,0,6.83,23,0,0,0,0,0,29.0,40,22,22,6,2,14,13,1.86,.333
Shawn S Chacon,COL,11,8,4.60,23,23,0,0,0,0,137.0,124,73,70,12,12,58,93,1.33,.243
Zach Z Day,MON,9,8,4.18,23,23,1,1,0,0,131.1,132,64,61,8,10,59,61,1.45,.262
Pedro P Feliciano,NYM,0,0,3.35,23,0,0,0,0,0,48.1,52,21,18,5,3,21,43,1.51,.269
Jesse J Foppert,SF,8,9,5.03,23,21,0,0,0,0,111.0,103,69,62,16,3,69,101,1.55,.249
John J Foster,MIL,2,0,4.71,23,0,0,0,0,0,21.0,30,11,11,5,1,8,16,1.81,.341
Julio J Manon,MON,1,2,4.13,23,0,0,0,1,1,28.1,26,13,13,3,1,17,15,1.52,.252
Claudio C Vargas,MON,6,8,4.34,23,20,0,0,0,0,114.0,111,59,55,16,7,41,62,1.33,.255
Pete P Walker,TOR,2,2,4.88,23,7,0,0,0,0,55.1,59,31,30,11,2,24,29,1.50,.277
Nate N Bland,HOU,1,2,5.75,22,0,0,0,0,0,20.1,22,13,13,3,2,12,18,1.67,.286
Mark M Corey,PIT,1,2,5.34,22,0,0,0,0,0,30.1,29,19,18,2,1,11,27,1.32,.252
Mike M Crudale,MIL,0,1,2.61,22,0,0,0,0,0,20.2,12,8,6,1,1,18,13,1.45,.167
Ryan R Dempster,CIN,3,7,6.54,22,20,0,0,0,0,115.2,134,89,84,14,5,70,84,1.76,.293
Mark M Malaska,TB,2,1,2.81,22,0,0,0,0,0,16.0,13,7,5,0,1,12,17,1.56,.232
Lance L Painter,STL,0,1,5.50,22,0,0,0,0,0,18.0,17,12,11,3,0,7,11,1.33,.246
Ismael I Valdez,TEX,8,8,6.10,22,22,0,0,0,0,115.0,148,83,78,23,5,29,47,1.54,.318
Wilson W Alvarez,LA,6,2,2.37,21,12,1,1,1,1,95.0,80,27,25,5,5,23,82,1.08,.231
Andy A Ashby,LA,3,10,5.18,21,12,0,0,0,0,73.0,90,42,42,8,3,17,41,1.47,.311
Doug D Creek,TOR,0,0,3.29,21,0,0,0,0,0,13.2,14,6,5,2,2,12,11,1.90,.264
Doug D Davis,MIL,7,8,4.03,21,20,1,0,0,0,109.1,123,55,49,16,1,51,62,1.59,.285
Tony T Fiore,MIN,1,1,5.50,21,0,0,0,0,0,36.0,32,25,22,5,3,21,23,1.47,.242
Chad C Harville,OAK,1,0,5.82,21,0,0,0,1,1,21.2,25,15,14,3,1,17,18,1.94,.294
Jason J Marquis,ATL,0,0,5.53,21,2,0,0,1,1,40.2,43,27,25,3,2,18,19,1.50,.270
Phil P Norton,CIN,0,0,3.00,21,0,0,0,0,0,18.0,9,6,6,0,0,9,7,1.00,.155
Roy R Oswalt,HOU,10,5,2.97,21,21,0,0,0,0,127.1,116,48,42,15,5,29,108,1.14,.246
Jerome J Williams,SF,7,5,3.30,21,21,2,1,0,0,131.0,116,54,48,10,7,49,88,1.26,.242
Nelson N Cruz,COL,3,5,7.21,20,7,0,0,0,0,53.2,65,43,43,15,3,11,38,1.42,.301
Will W Cunnane,ATL,2,2,2.70,20,0,0,0,3,3,20.0,14,6,6,2,0,6,20,1.00,.189
Travis T Driskill,BAL,3,5,6.00,20,0,0,0,1,1,48.0,62,35,32,8,1,9,33,1.48,.310
Eric E Eckenstahler,DET,0,0,2.87,20,0,0,0,0,0,15.2,9,6,5,0,2,15,12,1.53,.167
Gary G Knotts,DET,3,8,6.04,20,18,0,0,0,0,95.1,111,70,64,14,4,47,51,1.66,.288
David D Sanders,CWS,0,0,6.14,20,0,0,0,0,0,22.0,25,16,15,5,1,11,14,1.64,.281
Dan D Wright,CWS,1,7,6.15,20,15,0,0,1,1,86.1,91,63,59,16,3,46,47,1.59,.277
Steve S Avery,DET,2,0,5.63,19,0,0,0,0,0,16.0,19,11,10,5,0,7,6,1.63,.302
Rob R Bell,TB,5,4,5.52,19,18,0,0,0,0,101.0,103,64,62,15,5,39,44,1.41,.263
Omar O Daal,BAL,4,11,6.34,19,17,0,0,0,0,93.2,134,69,66,11,2,30,53,1.75,.343
Nate N Field,KC,1,1,4.15,19,0,0,0,0,0,21.2,19,10,10,3,1,14,19,1.52,.235
Casey C Fossum,BOS,6,5,5.47,19,14,0,0,1,1,79.0,82,55,48,9,4,34,63,1.47,.270
Allen A Levrault,FLA,1,0,3.86,19,0,0,0,0,0,28.0,38,12,12,3,1,15,21,1.89,.333
Danny D Patterson,DET,0,0,4.08,19,0,0,0,3,3,17.2,15,8,8,1,1,4,19,1.08,.227
Scott S Strickland,NYM,0,2,2.25,19,0,0,0,0,0,20.0,16,6,5,1,1,10,16,1.30,.219
Ron R Villone,HOU,6,6,4.13,19,19,0,0,0,0,106.2,91,51,49,16,5,48,91,1.30,.233
Kris K Benson,PIT,5,9,4.97,18,18,0,0,0,0,105.0,127,67,58,14,1,36,68,1.55,.295
Nick N Bierbrodt,CLE,0,2,9.14,18,5,0,0,0,0,43.1,64,47,44,9,5,27,29,2.10,.348
Jose J Contreras,NYY,7,2,3.30,18,9,0,0,0,0,71.0,52,27,26,4,5,30,72,1.15,.202
Chris C George,KC,9,6,7.11,18,18,0,0,0,0,93.2,120,75,74,22,3,44,39,1.75,.309
Jimmy J Haynes,CIN,2,12,6.30,18,18,1,0,0,0,94.1,118,74,66,14,3,57,49,1.86,.311
Randy R Johnson,ARI,6,8,4.26,18,18,1,1,0,0,114.0,125,61,54,16,8,27,125,1.33,.280
Greg G Jones,ANA,0,0,4.88,18,0,0,0,0,0,27.2,29,15,15,3,2,14,28,1.55,.261
Blaine B Neal,FLA,0,0,8.14,18,0,0,0,0,0,21.0,38,20,19,2,1,9,10,2.24,.413
Grant G Roberts,NYM,0,3,3.79,18,0,0,0,1,1,19.0,19,9,8,0,1,3,10,1.16,.257
Carl C Sadler,CLE,0,0,1.86,18,0,0,0,0,0,9.2,11,2,2,0,2,5,10,1.66,.306
Grant G Balfour,MIN,1,0,4.15,17,1,0,0,0,0,26.0,23,12,12,4,0,14,30,1.42,.235
Dave D Burba,MIL,1,1,3.53,17,2,0,0,0,0,43.1,42,19,17,5,4,19,35,1.41,.250
Eric E Du Bose,BAL,3,6,3.79,17,10,1,0,0,0,73.2,60,33,31,6,5,25,44,1.15,.222
Reynaldo R Garcia,TEX,0,0,9.00,17,0,0,0,0,0,18.0,19,18,18,6,2,14,15,1.83,.275
Jason J Shiell,BOS,2,0,4.63,17,0,0,0,1,1,23.1,23,13,12,4,2,17,23,1.71,.253
Russ R Springer,STL,1,1,8.31,17,0,0,0,0,0,17.1,19,16,16,8,1,6,11,1.44,.271
Denny D Stark,COL,3,3,5.83,17,13,0,0,0,0,78.2,98,57,51,12,3,33,30,1.67,.305
Ryan R Wagner,CIN,2,0,1.66,17,0,0,0,0,0,21.2,13,4,4,2,0,12,25,1.15,.173
Bruce B Chen,BOS,0,1,5.55,16,2,0,0,0,0,24.1,26,16,15,6,2,10,20,1.48,.283
Michael M Gonzalez,PIT,0,1,7.56,16,0,0,0,0,0,8.1,7,7,7,4,0,6,6,1.56,.233
Andrew A Good,ARI,4,2,5.29,16,10,0,0,0,0,66.1,74,42,39,15,3,16,42,1.36,.281
Aaron A Harang,CIN,5,6,5.31,16,15,0,0,0,0,76.1,89,47,45,11,1,19,42,1.41,.296
Runelvys R Hernandez,KC,7,5,4.61,16,16,0,0,0,0,91.2,87,51,47,9,6,37,48,1.35,.249
Kevin K Jarvis,SD,4,8,5.87,16,16,0,0,0,0,92.0,113,65,60,15,2,32,49,1.58,.304
John J Patterson,ARI,1,4,6.05,16,8,0,0,1,1,55.0,61,39,37,7,2,30,43,1.65,.281
Todd T Van Poppel,CIN,3,1,5.59,16,5,0,0,0,0,48.1,51,32,30,8,1,15,34,1.37,.263
Chad C Gaudin,TB,2,0,3.60,15,3,0,0,0,0,40.0,37,18,16,4,1,16,23,1.33,.240
Rich R Harden,OAK,5,4,4.46,15,13,0,0,0,0,74.2,72,38,37,5,1,40,67,1.50,.259
Albie A Lopez,KC,4,2,12.71,15,0,0,0,0,0,22.2,41,32,32,7,0,17,15,2.56,.383
Scott S Randall,CIN,2,5,6.51,15,2,0,0,0,0,27.2,34,20,20,1,2,11,25,1.63,.304
Dan D Reichert,TOR,0,0,6.06,15,0,0,0,0,0,16.1,28,12,11,2,2,8,13,2.20,.389
Dennys D Reyes,ARI,0,0,10.66,15,0,0,0,0,0,12.2,15,16,15,2,0,10,16,1.97,.300
Ricardo R Rodriguez,CLE,3,9,5.73,15,15,0,0,0,0,81.2,89,57,52,16,3,28,41,1.43,.275
Kyle K Snyder,KC,1,6,5.17,15,15,0,0,0,0,85.1,94,52,49,11,2,21,39,1.35,.283
Todd T Wellemeyer,CHC,1,1,6.51,15,0,0,0,1,1,27.2,25,22,20,5,0,19,30,1.59,.245
Kurt K Ainsworth,BAL,5,5,4.08,14,11,0,0,0,0,68.1,72,34,31,8,1,27,52,1.45,.271
Jeremy J Fikac,OAK,0,1,4.50,14,0,0,0,0,0,16.0,14,8,8,4,3,11,9,1.56,.246
Dan D Haren,STL,3,7,5.08,14,14,0,0,0,0,72.2,84,44,41,9,5,22,43,1.46,.293
Aaron A Heilman,NYM,2,7,6.75,14,13,0,0,0,0,65.1,79,53,49,13,3,41,51,1.84,.300
Jose J Lima,KC,8,3,4.91,14,14,0,0,0,0,73.1,80,40,40,7,5,26,32,1.45,.280
Vladimir V Nunez,FLA,0,3,16.03,14,0,0,0,0,0,10.2,21,21,19,7,0,7,10,2.63,.396
John J Parrish,BAL,0,1,1.90,14,0,0,0,0,0,23.2,17,7,5,2,1,8,15,1.06,.205
Josh J Towers,TOR,8,1,4.48,14,8,1,0,1,1,64.1,67,34,32,15,4,7,42,1.15,.266
Mike M Bynum,SD,1,4,8.75,13,5,0,0,0,0,36.0,44,35,35,14,1,15,35,1.64,.297
Steve S Colyer,LA,0,0,2.75,13,0,0,0,0,0,19.2,22,6,6,0,0,9,16,1.58,.297
Jason J Gilfillan,KC,2,0,7.71,13,0,0,0,0,0,16.1,22,14,14,3,1,10,12,1.96,.310
Eric E Knott,MON,1,2,5.12,13,1,0,0,0,0,19.1,23,12,11,2,0,6,17,1.50,.295
Hector H Mercado,PHI,0,0,5.79,13,0,0,0,1,1,18.2,18,12,12,5,1,12,15,1.61,.254
Brandon B Puffer,HOU,0,0,5.14,13,0,0,0,0,0,21.0,24,13,12,2,1,16,10,1.90,.300
Al A Reyes,NYY,0,0,3.18,13,0,0,0,0,0,17.0,13,7,6,1,0,9,9,1.29,.203
Jason J Stanford,CLE,1,3,3.60,13,8,0,0,0,0,50.0,48,20,20,5,1,16,30,1.28,.246
Edwin E Almonte,NYM,0,0,11.12,12,0,0,0,0,0,11.1,21,15,14,3,0,5,7,2.29,.412
Troy T Brohawn,LA,2,0,3.86,12,0,0,0,0,0,11.2,10,6,5,2,0,4,13,1.20,.227
Chad C Cordero,MON,1,0,1.64,12,0,0,0,1,1,11.0,4,2,2,1,0,3,12,0.64,.111
Jared J Fernandez,HOU,3,3,3.99,12,6,0,0,0,0,38.1,37,17,17,2,2,12,19,1.28,.259
Nelson N Figueroa,PIT,2,1,3.31,12,3,0,0,0,0,35.1,28,13,13,8,2,13,23,1.16,.220
Seth S Mc Clung,TB,4,1,5.35,12,5,0,0,0,0,38.2,33,23,23,6,3,25,25,1.50,.241
Micheal M Nakamura,MIN,0,0,7.82,12,0,0,0,1,1,12.2,20,11,11,4,1,2,14,1.74,.339
Wes W Obermueller,MIL,2,5,5.07,12,11,0,0,0,0,65.2,81,40,37,10,6,25,34,1.61,.301
Bobby B Seay,TB,0,0,3.00,12,0,0,0,0,0,9.0,7,3,3,0,0,6,5,1.44,.226
Juan J Cerros,CIN,0,0,4.85,11,0,0,0,0,0,13.0,11,7,7,1,2,5,9,1.23,.224
Ryan R Drese,TEX,2,4,6.85,11,8,0,0,0,0,46.0,61,42,35,8,5,24,26,1.85,.314
Scott S Elarton,COL,4,4,6.27,11,10,0,0,0,0,51.2,73,46,36,13,4,20,20,1.80,.329
Shane S Loux,DET,1,1,7.12,11,4,0,0,0,0,30.1,37,24,24,4,4,12,8,1.62,.303
Tony T Mounce,TEX,1,5,7.11,11,11,0,0,0,0,50.2,65,42,40,9,5,25,30,1.78,.317
Brian B Schmack,DET,1,0,3.46,11,0,0,0,0,0,13.0,14,6,5,1,1,4,4,1.38,.292
Derrick D Turnbow,ANA,2,0,0.59,11,0,0,0,0,0,15.1,7,1,1,0,0,3,15,0.65,.140
Brad B Voyles,KC,0,2,7.18,11,3,0,0,0,0,31.1,47,29,25,6,1,18,24,2.07,.348
Kevin K Walker,SD,0,0,5.40,11,0,0,0,0,0,6.2,5,4,4,1,0,5,5,1.50,.200
Paul P Abbott,KC,1,2,5.29,10,8,0,0,0,0,47.2,47,29,28,8,2,26,32,1.53,.257
James J Baldwin,MIN,0,1,5.40,10,0,0,0,1,1,15.0,21,10,9,6,0,4,7,1.67,.333
John J Bale,CIN,1,2,4.47,10,9,0,0,0,0,46.1,50,24,23,7,2,12,37,1.34,.281
Dewon D Brazelton,TB,1,6,6.89,10,10,0,0,0,0,48.1,57,49,37,9,3,23,24,1.66,.292
Kevin K Correia,SF,3,1,3.66,10,7,0,0,0,0,39.1,41,16,16,6,4,18,28,1.50,.275
Darren D Dreifort,LA,4,4,4.03,10,10,0,0,0,0,60.1,58,29,27,6,0,25,67,1.38,.250
Alex A Herrera,CLE,0,0,9.00,10,0,0,0,0,0,7.0,7,7,7,3,0,8,6,2.14,.250
Steve S Parris,TB,0,3,6.18,10,7,0,0,0,0,43.2,60,32,30,12,0,13,14,1.67,.328
Brady B Raggio,ARI,0,0,6.48,10,0,0,0,1,1,8.1,9,6,6,1,0,6,8,1.80,.290
Carlos C Reyes,TB,0,3,5.22,10,3,0,0,0,0,39.2,40,23,23,10,2,5,13,1.13,.265
Dan D Serafini,CIN,1,3,5.40,10,4,0,0,0,0,30.0,41,23,18,5,0,14,13,1.83,.336
Aaron A Taylor,SEA,0,0,8.53,10,0,0,0,0,0,12.2,17,12,12,0,1,6,9,1.82,.315
Juan J Alvarez,FLA,0,0,3.09,9,0,0,0,0,0,11.2,8,4,4,2,1,8,6,1.37,.216
Ryan R Bukvich,KC,1,0,9.58,9,0,0,0,0,0,10.1,12,11,11,2,0,9,8,2.03,.293
Chris C Capuano,ARI,2,4,4.64,9,5,0,0,0,0,33.0,27,19,17,3,6,11,23,1.15,.233
Clay C Condrey,SD,1,2,8.47,9,6,0,0,0,0,34.0,43,32,32,7,3,21,25,1.88,.305
Vic V Darensbourg,MON,0,0,8.00,9,0,0,0,0,0,9.0,17,9,8,2,0,1,4,2.00,.386
Jimmy J Gobble,KC,4,5,4.61,9,9,0,0,0,0,52.2,56,32,27,8,4,15,31,1.35,.271
Edgar E Gonzalez,ARI,2,1,4.91,9,2,0,0,0,0,18.1,28,10,10,3,0,7,14,1.91,.368
Jeremy J Griffiths,NYM,1,4,7.02,9,6,0,0,0,0,41.0,57,34,32,5,2,19,25,1.85,.328
Trevor T Hoffman,SD,0,0,2.00,9,0,0,0,0,0,9.0,7,2,2,1,0,3,11,1.11,.212
Cliff C Lee,CLE,3,3,3.61,9,9,0,0,0,0,52.1,41,28,21,7,2,20,44,1.17,.220
Pat P Mahomes,PIT,0,1,4.84,9,1,0,0,0,0,22.1,19,13,12,2,0,12,13,1.39,.241
Josias J Manzanillo,CIN,0,2,12.66,9,0,0,0,0,0,10.2,21,20,15,7,0,4,12,2.34,.389
Ruben R Quevedo,MIL,1,4,6.75,9,8,0,0,0,0,42.2,53,32,32,12,0,23,19,1.78,.314
Jesus J Sanchez,COL,0,0,9.00,9,0,0,0,0,0,8.0,11,8,8,1,0,4,2,1.88,.324
Rudy R Seanez,BOS,0,1,6.23,9,0,0,0,0,0,8.2,11,7,6,2,0,6,9,1.96,.297
Chin-hui C Tsao,COL,3,3,6.02,9,8,0,0,0,0,43.1,48,30,29,11,4,20,29,1.57,.284
Cory C Vance,COL,1,3,5.60,9,3,0,0,0,0,27.1,31,19,17,6,1,10,12,1.50,.287
Jimmy J Anderson,CIN,1,5,8.84,8,7,0,0,0,0,38.2,60,39,38,8,0,14,13,1.91,.359
Miguel M Asencio,KC,2,1,5.21,8,8,1,0,0,0,48.1,54,29,28,4,3,21,27,1.55,.295
David D Lee,CLE,1,0,4.70,8,0,0,0,0,0,7.2,4,4,4,1,0,6,7,1.30,.143
Nate N Robertson,DET,1,2,5.44,8,8,0,0,0,0,44.2,55,27,27,6,0,23,33,1.75,.306
Victor V Santos,TEX,0,2,7.01,8,4,0,0,0,0,25.2,29,21,20,5,1,16,15,1.75,.299
Jason J Standridge,TB,0,5,6.37,8,7,1,0,0,0,35.1,38,25,25,7,1,16,20,1.53,.275
Amaury A Telemaco,PHI,1,4,3.97,8,8,0,0,0,0,45.1,41,22,20,5,7,11,29,1.15,.238
Jason J Young,COL,0,2,8.44,8,3,0,0,0,0,21.1,34,22,20,8,1,9,18,2.02,.354
Pedro P Astacio,NYM,3,2,7.36,7,7,0,0,0,0,36.2,47,30,30,8,3,18,20,1.77,.311
Jeff J Austin,CIN,2,3,8.58,7,7,0,0,0,0,28.1,28,27,27,9,0,21,22,1.73,.255
Alan A Benes,TEX,0,3,8.10,7,4,0,0,1,1,23.1,37,22,21,2,0,14,20,2.19,.370
Pedro P Borbon,STL,0,1,20.25,7,0,0,0,0,0,4.0,14,9,9,2,1,2,0,4.00,.560
Toby T Borland,FLA,0,0,1.86,7,0,0,0,0,0,9.2,3,3,2,0,0,8,4,1.14,.097
Kirk K Bullinger,HOU,0,0,6.75,7,0,0,0,0,0,8.0,7,6,6,2,0,1,5,1.00,.219
Seth S Etherton,CIN,2,4,6.90,7,7,0,0,0,0,30.0,39,23,23,4,3,15,17,1.80,.322
Jimmy J Journell,STL,0,0,6.00,7,0,0,0,0,0,9.0,10,7,6,0,0,11,8,2.33,.278
Doug D Linton,TOR,0,0,3.00,7,0,0,0,0,0,9.0,7,3,3,2,0,4,7,1.22,.226
Orber O Moreno,NYM,0,0,7.88,7,0,0,0,0,0,8.0,10,7,7,1,0,3,5,1.63,.313
Denny D Neagle,COL,2,4,7.90,7,7,0,0,0,0,35.1,47,31,31,12,1,12,21,1.67,.320
Kevin K Olsen,FLA,0,0,12.75,7,0,0,0,0,0,12.0,25,18,17,2,0,4,12,2.42,.431
Chan Ho C Park,TEX,1,3,7.58,7,7,0,0,0,0,29.2,34,26,25,5,6,25,16,1.99,.306
Josh J Pearce,STL,0,0,3.00,7,0,0,0,0,0,9.0,11,3,3,0,1,2,4,1.44,.306
Robert R Person,BOS,0,0,7.71,7,0,0,0,1,1,11.2,11,10,10,0,1,8,10,1.63,.250
Carlos C Pulido,MIN,0,1,4.02,7,1,0,0,0,0,15.2,15,9,7,0,0,3,6,1.15,.254
Les L Walrond,KC,0,2,10.13,7,0,0,0,0,0,8.0,11,9,9,2,0,7,6,2.25,.324
Mike M Wood,OAK,2,1,10.54,7,1,0,0,0,0,13.2,24,17,16,1,2,7,15,2.27,.387
Steve S Woodard,BOS,1,0,5.09,7,0,0,0,0,0,17.2,23,10,10,3,1,5,12,1.58,.311
Bronson B Arroyo,BOS,0,0,2.08,6,0,0,0,1,1,17.1,10,5,4,0,1,4,14,0.81,.164
Matt M Belisle,CIN,1,1,5.19,6,0,0,0,0,0,8.2,10,5,5,1,1,2,6,1.38,.303
Micah M Bowie,OAK,0,1,7.56,6,0,0,0,0,0,8.1,13,7,7,1,0,2,4,1.80,.361
Juan J Dominguez,TEX,0,2,7.16,6,3,0,0,0,0,16.1,16,14,13,5,0,12,13,1.71,.271
Tim T Drew,MON,0,2,12.46,6,1,0,0,0,0,8.2,12,12,12,3,0,8,3,2.31,.343
Jayson J Durocher,MIL,2,0,11.05,6,0,0,0,0,0,7.1,9,9,9,4,1,2,7,1.50,.300
Josh J Hall,CIN,0,2,6.57,6,5,0,0,0,0,24.2,33,22,18,4,0,15,18,1.95,.314
Ben B Howard,SD,1,3,3.63,6,6,0,0,0,0,34.2,31,17,14,10,0,15,24,1.33,.235
Ryan R Jensen,SF,0,0,10.80,6,2,0,0,0,0,13.1,21,16,16,6,1,5,3,1.95,.404
Eric E Junge,PHI,0,0,3.52,6,0,0,0,0,0,7.2,5,3,3,1,0,1,5,0.78,.185
Aaron A Looper,SEA,0,0,5.14,6,0,0,0,0,0,7.0,7,4,4,1,1,2,6,1.29,.269
C. J. C Nitkowski,TEX,0,0,7.45,6,0,0,0,0,0,9.2,17,8,8,0,0,8,5,2.59,.415
Chad C Paronto,CLE,0,2,9.45,6,0,0,0,0,0,6.2,7,8,7,1,0,3,6,1.50,.292
Duaner D Sanchez,PIT,1,0,16.50,6,0,0,0,0,0,6.0,15,11,11,2,2,1,3,2.67,.500
Pat P Strange,NYM,0,0,11.00,6,0,0,0,0,0,9.0,13,11,11,4,0,11,5,2.67,.351
Corey C Thurman,TOR,1,1,6.46,6,3,0,0,0,0,15.1,21,11,11,3,0,9,11,1.96,.313
Kevin K Tolar,BOS,0,0,9.00,6,0,0,0,0,0,4.0,5,5,4,1,0,2,3,1.75,.313
Ryan R Vogelsong,PIT,2,2,6.55,6,5,0,0,0,0,22.0,30,19,16,1,2,9,15,1.77,.323
Doug D Waechter,TB,3,2,3.31,6,5,1,1,0,0,35.1,29,13,13,4,1,15,29,1.25,.225
Matt M White,SEA,0,1,22.24,6,0,0,0,0,0,5.2,13,14,14,3,0,5,0,3.18,.481
Jose J Acevedo,CIN,2,0,2.67,5,4,1,0,0,0,27.0,17,8,8,3,1,6,23,0.85,.183
Victor V Alvarez,LA,0,1,12.71,5,0,0,0,0,0,5.2,9,8,8,1,1,6,3,2.65,.391
Tony T Armas,MON,2,1,2.61,5,5,0,0,0,0,31.0,25,9,9,4,1,8,23,1.06,.225
Mike M Bacsik,NYM,1,2,10.19,5,3,0,0,0,0,17.2,28,21,20,5,0,8,12,2.04,.368
Brian B Bowles,TOR,0,0,2.57,5,0,0,0,0,0,7.0,8,4,2,1,2,2,2,1.43,.267
Randy R Choate,NYY,0,0,7.36,5,0,0,0,0,0,3.2,7,3,3,0,0,1,0,2.18,.467
David D Cone,NYM,1,3,6.50,5,4,0,0,0,0,18.0,20,13,13,4,0,13,13,1.83,.282
Roy R Corcoran,MON,0,0,1.23,5,0,0,0,0,0,7.1,7,2,1,0,0,3,2,1.36,.250
Joe J Dawley,ATL,0,0,18.00,5,0,0,0,0,0,7.0,15,14,14,3,1,3,8,2.57,.405
Mike M Fetters,MIN,0,0,0.00,5,0,0,0,0,0,6.0,2,0,0,0,1,1,1,0.50,.100
Geoff G Geary,PHI,0,0,4.50,5,0,0,0,0,0,6.0,8,3,3,0,0,3,3,1.83,.333
John J Grabow,PIT,0,0,3.60,5,0,0,0,0,0,5.0,6,3,2,0,0,0,9,1.20,.273
Kevin K Gregg,ANA,2,0,3.28,5,3,0,0,0,0,24.2,18,9,9,3,1,8,14,1.05,.205
Carlton C Loewer,SD,1,2,6.65,5,5,0,0,0,0,21.2,35,17,16,3,1,8,11,1.98,.368
Jose J Mercedes,MON,0,0,0.00,5,0,0,0,0,0,7.1,6,3,0,0,0,5,3,1.50,.231
Jason J Middlebrook,NYM,0,0,10.29,5,0,0,0,0,0,7.0,13,8,8,0,0,4,3,2.43,.433
Charles C Nagy,SD,0,2,4.38,5,0,0,0,0,0,12.1,15,7,6,0,0,3,7,1.46,.313
Jim J Parque,TB,1,1,11.94,5,5,0,0,0,0,17.1,27,23,23,2,1,16,8,2.48,.351
Todd T Ritchie,MIL,1,2,5.08,5,5,0,0,0,0,28.1,36,17,16,4,4,10,15,1.62,.319
Josh J Stewart,CWS,1,2,5.96,5,5,0,0,0,0,25.2,28,18,17,4,0,16,13,1.71,.272
Brian B Sweeney,SEA,0,0,1.93,5,0,0,0,0,0,9.1,7,2,2,0,1,1,7,0.86,.212
Jon J Switzer,TB,0,0,7.45,5,0,0,0,0,0,9.2,13,8,8,2,4,3,7,1.66,.342
Brian B Tallet,CLE,0,2,4.74,5,3,0,0,0,0,19.0,23,14,10,2,1,8,9,1.63,.303
Jon J Adkins,CWS,0,0,4.82,4,0,0,0,0,0,9.1,8,5,5,1,1,7,3,1.61,.250
Chris C Bootcheck,ANA,0,1,9.58,4,1,0,0,0,0,10.1,16,13,11,5,0,6,7,2.13,.340
A. J. A Burnett,FLA,0,2,4.70,4,4,0,0,0,0,23.0,18,13,12,2,2,18,21,1.57,.217
Neal N Cotts,CWS,1,1,8.10,4,4,0,0,0,0,13.1,15,12,12,1,0,17,10,2.40,.294
Jorge J De Paula,NYY,0,0,0.79,4,1,0,0,0,0,11.1,3,1,1,1,1,1,7,0.35,.083
Rick R De Hart,KC,0,2,13.50,4,0,0,0,0,0,4.0,8,6,6,1,0,2,1,2.50,.421
Justin J Duchscherer,OAK,1,1,3.31,4,3,0,0,0,0,16.1,17,7,6,1,2,3,15,1.22,.262
Dave D Elder,CLE,1,1,19.29,4,0,0,0,0,0,2.1,5,5,5,2,0,4,3,3.86,.417
Robert R Ellis,TEX,1,1,8.35,4,4,0,0,0,0,18.1,26,17,17,7,1,10,8,1.96,.342
Anthony A Ferrari,MON,0,0,6.75,4,0,0,0,0,0,4.0,4,3,3,1,1,5,1,2.25,.267
Bob B Howry,BOS,0,0,12.46,4,0,0,0,0,0,4.1,11,6,6,1,0,3,4,3.23,.478
Edwin E Jackson,LA,2,1,2.45,4,3,0,0,0,0,22.0,17,6,6,2,1,11,19,1.27,.221
Jonathan J Johnson,HOU,0,1,5.87,4,3,0,0,0,0,15.1,20,11,10,2,0,15,7,2.28,.323
Sun- Woo S Kim,MON,0,1,8.36,4,3,0,0,0,0,14.0,24,13,13,6,4,8,5,2.29,.407
Noah N Lowry,SF,0,0,0.00,4,0,0,0,0,0,6.1,1,0,0,0,1,2,5,0.47,.048
Luis L Martinez,MIL,0,3,9.92,4,4,0,0,0,0,16.1,25,18,18,3,0,15,10,2.45,.373
Matt M Miller,COL,0,0,2.08,4,0,0,0,0,0,4.1,5,1,1,0,0,2,5,1.62,.313
Rodney R Myers,LA,0,0,6.00,4,0,0,0,0,0,9.0,10,7,6,1,1,4,5,1.56,.270
Ryan R Rupe,BOS,1,1,6.30,4,1,0,0,0,0,10.0,13,9,7,4,0,1,7,1.40,.302
Jamey J Wright,KC,1,2,4.26,4,4,2,1,0,0,25.1,23,14,12,1,1,11,19,1.34,.245
Manny M Aybar,SF,0,0,6.00,3,0,0,0,0,0,3.0,4,2,2,1,0,3,2,2.33,.333
Vinnie V Chulk,TOR,0,0,5.06,3,0,0,0,0,0,5.1,6,3,3,0,0,3,2,1.69,.273
Sean S Douglass,BAL,0,0,13.50,3,0,0,0,0,0,8.0,14,12,12,2,1,6,3,2.50,.378
Chad C Durbin,CLE,0,1,7.27,3,1,0,0,0,0,8.2,18,12,7,2,0,3,8,2.42,.429
Matt M Ginter,CWS,0,0,13.50,3,0,0,0,0,0,3.1,2,5,5,1,2,1,0,0.90,.182
Joey J Hamilton,CIN,0,0,12.66,3,0,0,0,0,0,10.2,21,15,15,3,0,5,7,2.44,.404
Masao M Kida,LA,0,1,3.00,3,2,0,0,0,0,12.0,15,5,4,0,0,3,8,1.50,.300
Eric E Milton,MIN,1,0,2.65,3,3,0,0,0,0,17.0,15,5,5,2,0,1,7,0.94,.234
Sergio S Mitre,CHC,0,1,8.31,3,2,0,0,0,0,8.2,15,8,8,1,0,4,3,2.19,.395
Brian B Moehler,HOU,0,0,7.90,3,3,0,0,0,0,13.2,22,12,12,4,0,6,5,2.05,.379
Gabe G Molina,STL,0,0,13.50,3,0,0,0,0,0,2.2,5,4,4,1,0,1,1,2.25,.385
Scott S Mullen,LA,0,0,13.50,3,1,0,0,0,0,7.1,13,11,11,2,1,10,4,3.14,.382
Jason J Phillips,CLE,0,1,9.00,3,0,0,0,0,0,5.0,9,5,5,1,0,2,2,2.20,.409
Mike M Porzio,CWS,1,1,6.43,3,3,0,0,0,0,14.0,18,10,10,2,2,1,9,1.36,.321
Bret B Prinz,NYY,0,0,12.00,3,0,0,0,0,0,3.0,7,4,4,1,0,4,3,3.67,.438
J. J Putz,SEA,0,0,4.91,3,0,0,0,0,0,3.2,4,2,2,0,0,3,3,1.91,.267
Mario M Ramos,TEX,1,1,6.23,3,3,0,0,0,0,13.0,11,9,9,3,2,13,8,1.85,.224
Rich R Rodriguez,ANA,0,0,2.45,3,0,0,0,0,0,3.2,4,1,1,0,0,1,3,1.36,.308
Felix F Sanchez,CHC,0,0,10.80,3,0,0,0,0,0,1.2,2,2,2,1,0,3,2,3.00,.333
Brad B Thomas,MIN,0,1,7.71,3,0,0,0,0,0,4.2,6,4,4,1,0,3,2,1.93,.316
Brian B Tollberg,SD,0,2,6.97,3,3,0,0,0,0,10.1,9,11,8,1,0,4,2,1.26,.231
John J Wasdin,TOR,0,1,23.40,3,2,0,0,0,0,5.0,16,13,13,2,0,4,5,4.00,.533
Jason J Bere,CLE,0,0,4.05,2,2,0,0,0,0,6.2,5,3,3,0,0,2,1,1.05,.208
Ricky R Bottalico,ARI,1,0,5.40,2,0,0,0,0,0,1.2,3,1,1,0,0,2,2,3.00,.375
David D Cortes,CLE,0,0,12.00,2,0,0,0,0,0,3.0,8,5,4,1,0,0,1,2.67,.471
Roger R Deago,SD,0,1,7.84,2,2,0,0,0,0,10.1,11,9,9,0,0,8,10,1.84,.282
Josh J Hancock,PHI,0,0,3.00,2,0,0,0,0,0,3.0,2,1,1,0,0,0,4,0.67,.182
Bryan B Hebson,MON,0,0,13.50,2,0,0,0,0,0,2.0,4,3,3,1,1,1,1,2.50,.444
Adam A Johnson,MIN,0,1,47.25,2,0,0,0,0,0,1.1,8,8,7,1,0,1,0,6.75,.667
Randy R Keisler,SD,0,1,12.00,2,2,0,0,0,0,6.0,7,9,8,3,1,7,5,2.33,.292
Jim J Mann,PIT,0,0,10.80,2,0,0,0,0,0,1.2,5,4,2,1,0,1,1,3.60,.455
David D Manning,MIL,0,2,16.20,2,2,0,0,0,0,6.2,11,13,12,1,0,8,2,2.85,.393
Aaron A Myette,CLE,0,0,23.63,2,0,0,0,0,0,2.2,7,7,7,1,1,2,1,3.38,.467
Kevin K Ohme,STL,0,0,0.00,2,0,0,0,0,0,4.1,3,0,0,0,0,1,2,0.92,.200
Jason J Pearson,STL,0,0,63.00,2,0,0,0,0,0,1.0,4,7,7,1,0,3,1,7.00,.571
Britt B Reames,MON,0,0,27.00,2,0,0,0,0,0,1.1,4,4,4,0,0,2,1,4.50,.500
Jerrod J Riggan,CLE,0,0,9.00,2,0,0,0,0,0,4.0,7,4,4,0,0,1,2,2.00,.412
Matt M Riley,BAL,1,0,1.80,2,2,0,0,0,0,10.0,7,2,2,1,0,5,8,1.20,.194
Jason J Roach,NYM,0,2,12.00,2,2,0,0,0,0,9.0,14,12,12,3,1,4,2,2.00,.350
John J Rocker,TB,0,0,9.00,2,0,0,0,0,0,1.0,2,1,1,0,1,3,0,5.00,.500
Rodrigo R Rosario,HOU,1,0,1.13,2,2,0,0,0,0,8.0,5,2,1,0,1,3,6,1.00,.172
Joe J Valentine,CIN,0,0,18.00,2,0,0,0,0,0,2.0,5,4,4,1,0,1,1,3.00,.455
Mark M Watson,CIN,0,0,4.50,2,0,0,0,0,0,2.0,2,1,1,0,0,1,2,1.50,.250
Justin J Wayne,FLA,0,2,11.81,2,2,0,0,0,0,5.1,9,7,7,1,1,5,1,2.63,.375
Brandon B Claussen,NYY,1,0,1.42,1,1,0,0,0,0,6.1,8,2,1,1,0,1,5,1.42,.296
Scott S Downs,MON,0,1,15.00,1,1,0,0,0,0,3.0,5,5,5,2,0,3,4,2.67,.357
Wiki W Gonzalez,SD,0,0,0.00,1,0,0,0,0,0,1.0,0,0,0,0,0,1,0,1.00,.000
Jeremy J Hill,KC,0,0,0.00,1,0,0,0,0,0,1.0,1,0,0,0,0,0,0,1.00,.250
Ryan R Madson,PHI,0,0,0.00,1,0,0,0,0,0,2.0,0,0,0,0,0,0,0,0.00,.000
J. B. J Miadich,ANA,0,0,18.00,1,0,0,0,0,0,2.0,5,4,4,0,1,1,3,3.00,.500
Jose J Paniagua,CWS,0,0,108.00,1,0,0,0,0,0,0.1,3,4,4,0,0,1,0,12.00,.750
Brian B Powell,SF,0,1,13.50,1,1,0,0,0,0,4.2,8,7,7,3,0,1,3,1.93,.381
Dennis D Tankersley,SD,0,1,-.--,1,1,0,0,0,0,0.0,3,7,7,0,0,4,0,-.--,1.000
