PLAYER,TEAM,W,L,ERA,GS,CG,SHO,SV,SVO,IP,H,R,ER,HR,HB,BB,SO,WHIP,AVG
Matt M Belisle,COL,3,8,3.71,80,0,0,0,3,10,80.0,91,36,33,5,3,18,69,1.36,.282
Shawn S Camp,CHC,3,6,3.59,80,0,0,0,2,6,77.2,79,32,31,7,0,21,54,1.29,.261
Randy R Choate,LAD,0,0,3.03,80,0,0,0,1,1,38.2,29,18,13,1,5,18,38,1.22,.206
Boone B Logan,NYY,7,2,3.74,80,0,0,0,1,4,55.1,48,23,23,6,2,28,68,1.37,.234
Mitchell M Boggs,STL,4,1,2.21,78,0,0,0,0,3,73.1,56,20,18,5,4,21,58,1.05,.211
Jose J Mijares,SF,3,2,2.56,78,0,0,0,0,1,56.1,50,18,16,3,4,21,57,1.26,.238
Francisco F Rodríguez Rodriguez,MIL,2,7,4.38,78,0,0,0,3,10,72.0,65,37,35,8,0,31,72,1.33,.241
Luke L Gregerson,SD,2,0,2.39,77,0,0,0,9,13,71.2,57,19,19,7,3,21,72,1.09,.215
James J Russell,CHC,7,1,3.25,77,0,0,0,2,5,69.1,67,28,25,5,1,23,55,1.30,.255
Wesley W Wright,HOU,2,2,3.27,77,0,0,0,1,2,52.1,45,20,19,4,6,17,54,1.18,.226
Brad B Ziegler,ARI,6,1,2.49,77,0,0,0,0,2,68.2,54,21,19,2,1,21,42,1.09,.228
Chad C Durbin,ATL,4,1,3.10,76,0,0,0,1,3,61.0,52,25,21,9,0,28,49,1.31,.231
Kelvin K Herrera,KC,4,3,2.35,76,0,0,0,3,4,84.1,79,24,22,4,2,21,77,1.19,.250
Joel J Peralta,TB,2,6,3.63,76,0,0,0,2,5,67.0,49,28,27,9,1,17,84,0.99,.200
Fernando F Rodney,TB,2,2,0.60,76,0,0,0,48,50,74.2,43,9,5,2,3,15,76,0.78,.167
John J Axford,MIL,5,8,4.67,75,0,0,0,35,44,69.1,61,42,36,10,2,39,93,1.44,.229
Grant G Balfour,OAK,3,2,2.53,75,0,0,0,24,26,74.2,41,21,21,4,1,28,72,0.92,.160
Rex R Brothers,COL,8,2,3.86,75,0,0,0,0,5,67.2,63,33,29,5,1,37,83,1.48,.251
Tyler T Clippard,WSH,2,6,3.72,74,0,0,0,32,37,72.2,55,32,30,7,2,29,84,1.16,.204
Brandon B League,LAD,2,6,3.13,74,0,0,0,15,21,72.0,65,27,25,1,1,33,54,1.36,.246
Josh J Lindblom,PHI,3,5,3.55,74,0,0,0,1,4,71.0,61,31,28,13,4,35,70,1.35,.232
Bobby B Parnell,NYM,5,4,2.49,74,0,0,0,7,12,68.2,65,24,19,4,1,20,61,1.24,.249
Matt M Thornton,CWS,4,10,3.46,74,0,0,0,3,7,65.0,63,27,25,4,3,17,53,1.23,.257
Heath H Bell,MIA,4,5,5.09,73,0,0,0,19,27,63.2,70,38,36,5,2,29,59,1.55,.282
Joaquin J Benoit,DET,5,3,3.68,73,0,0,0,2,6,71.0,59,31,29,14,1,22,84,1.14,.228
Santiago S Casilla,SF,7,6,2.84,73,0,0,0,25,31,63.1,55,24,20,8,2,22,55,1.22,.224
Aaron A Crow,KC,3,1,3.48,73,0,0,0,2,8,64.2,54,27,25,4,1,22,65,1.18,.231
Sean S Marshall,CIN,5,5,2.51,73,0,0,0,9,13,61.0,55,18,17,3,3,16,74,1.16,.232
Jon J Rauch,NYM,3,7,3.59,73,0,0,0,4,8,57.2,45,28,23,7,1,12,42,0.99,.209
Tom T Wilhelmsen,SEA,4,3,2.50,73,0,0,0,29,34,79.1,59,24,22,5,2,29,87,1.11,.202
Tim T Collins,KC,5,4,3.36,72,0,0,0,0,4,69.2,55,29,26,8,2,34,93,1.28,.216
David D Hernandez,ARI,2,3,2.50,72,0,0,0,4,10,68.1,48,21,19,4,3,22,98,1.02,.190
Joe J Smith,CLE,7,4,2.96,72,0,0,0,0,3,67.0,53,27,22,4,2,25,53,1.16,.213
Jose J Veras,MIL,5,4,3.63,72,0,0,0,1,2,67.0,61,29,27,5,2,40,79,1.51,.239
Ryan R Cook,OAK,6,2,2.09,71,0,0,0,14,21,73.1,42,18,17,4,4,27,80,0.94,.166
Jim J Johnson,BAL,2,1,2.49,71,0,0,0,51,54,68.2,55,21,19,3,3,15,41,1.02,.220
Matt M Reynolds,COL,3,1,4.40,71,0,0,0,0,0,57.1,65,31,28,11,0,17,51,1.43,.291
Fernando F Rodriguez Jr.,HOU,2,10,5.37,71,0,0,0,0,4,70.1,68,45,42,10,1,34,78,1.45,.252
Jose J Valverde,DET,3,4,3.78,71,0,0,0,35,40,69.0,59,34,29,3,4,27,48,1.25,.229
Sean S Burnett,WSH,1,2,2.38,70,0,0,0,2,5,56.2,58,16,15,4,3,12,57,1.24,.262
Kameron K Loe,MIL,6,5,4.61,70,0,0,0,2,7,68.1,78,41,35,9,3,20,55,1.43,.284
Javier J López Lopez,SF,3,0,2.50,70,0,0,0,7,9,36.0,37,13,10,1,0,14,28,1.42,.270
Edward E Mujica,STL,0,3,3.03,70,0,0,0,2,8,65.1,56,24,22,7,1,12,47,1.04,.230
Brett B Myers,CWS,3,8,3.31,70,0,0,0,19,21,65.1,65,30,24,8,3,15,41,1.22,.261
Jonathan J Papelbon,PHI,5,6,2.44,70,0,0,0,38,42,70.0,56,22,19,8,4,18,92,1.06,.216
Glen G Perkins,MIN,3,1,2.56,70,0,0,0,16,20,70.1,57,25,20,8,3,16,78,1.04,.222
Vinnie V Pestano,CLE,3,3,2.57,70,0,0,0,2,5,70.0,53,20,20,7,4,24,76,1.10,.207
Clay C Rapada,NYY,3,0,2.82,70,0,0,0,0,0,38.1,29,14,12,2,1,17,38,1.20,.215
Marc M Rzepczynski,STL,1,3,4.24,70,0,0,0,0,5,46.2,46,22,22,7,0,17,33,1.35,.257
Pedro P Strop,BAL,5,2,2.44,70,0,0,0,3,10,66.1,52,18,18,2,4,37,58,1.34,.217
Alfredo A Aceves,BOS,2,10,5.36,69,0,0,0,25,33,84.0,80,51,50,11,6,31,75,1.32,.254
Jake J Mc Gee,TB,5,2,1.95,69,0,0,0,0,2,55.1,33,13,12,3,1,11,73,0.80,.168
Darren D O' Day,BAL,7,1,2.28,69,0,0,0,0,2,67.0,49,17,17,6,3,14,69,0.94,.202
Sergio S Romo,SF,4,2,1.79,69,0,0,0,14,15,55.1,37,11,11,5,3,10,63,0.85,.185
Rafael R Soriano,NYY,2,1,2.26,69,0,0,0,42,46,67.2,55,17,17,6,1,24,69,1.17,.217
Ronald R Belisario,LAD,8,1,2.54,68,0,0,0,1,5,71.0,47,22,20,3,4,29,69,1.07,.187
Aroldis A Chapman,CIN,5,5,1.51,68,0,0,0,38,43,71.2,35,13,12,4,4,23,122,0.81,.141
Steve S Cishek,MIA,5,2,2.69,68,0,0,0,15,19,63.2,54,26,19,3,6,29,68,1.30,.230
Tony T Watson,PIT,5,2,3.38,68,0,0,0,0,2,53.1,37,21,20,5,1,23,53,1.13,.198
Jeremy J Affeldt,SF,1,2,2.70,67,0,0,0,3,4,63.1,57,23,19,1,3,23,57,1.26,.241
Brad B Brach,SD,2,4,3.78,67,0,0,0,0,1,66.2,50,28,28,11,2,33,75,1.25,.207
Alex A Burnett,MIN,4,4,3.52,67,0,0,0,0,1,71.2,71,33,28,4,3,26,36,1.35,.257
Ernesto E Frieri,LAA,5,2,2.32,67,0,0,0,23,26,66.0,35,20,17,9,7,30,98,0.98,.152
Greg G Holland,KC,7,4,2.96,67,0,0,0,16,20,67.0,58,22,22,2,0,34,91,1.37,.234
Brandon B Lyon,TOR,4,2,3.10,67,0,0,0,1,3,61.0,56,21,21,5,3,20,63,1.25,.240
Jason J Motte,STL,4,5,2.75,67,0,0,0,42,49,72.0,49,23,22,9,2,17,86,0.92,.191
Esmil E Rogers,CLE,3,3,4.69,67,0,0,0,0,2,78.2,83,42,41,7,5,30,83,1.44,.269
Jose J Arredondo,CIN,6,2,2.95,66,0,0,0,1,2,61.0,50,26,20,7,1,34,62,1.38,.225
Luis L Ayala,BAL,5,5,2.64,66,0,0,0,1,3,75.0,81,27,22,7,4,14,51,1.27,.272
Burke B Badenhop,TB,3,2,3.03,66,0,0,0,0,0,62.1,63,24,21,6,1,12,42,1.20,.259
Phil P Coke,DET,2,3,4.00,66,0,0,0,1,3,54.0,71,28,24,5,1,18,51,1.65,.324
Jared J Hughes,PIT,2,2,2.85,66,0,0,0,2,4,75.2,65,30,24,7,5,22,50,1.15,.226
Ryan R Mattheus,WSH,5,3,2.85,66,0,0,0,0,0,66.1,57,22,21,8,3,19,41,1.15,.241
Joe J Nathan,TEX,3,5,2.80,66,0,0,0,37,40,64.1,55,23,20,7,2,13,78,1.06,.231
Jonny J Venters,ATL,5,4,3.22,66,0,0,0,0,3,58.2,61,23,21,6,5,28,69,1.52,.270
Jamey J Wright,LAD,5,3,3.72,66,0,0,0,0,0,67.2,72,35,28,2,4,30,54,1.51,.270
Antonio A Bastardo,PHI,2,5,4.33,65,0,0,0,1,5,52.0,40,26,25,7,2,26,81,1.27,.207
Kenley K Jansen,LAD,5,3,2.35,65,0,0,0,25,32,65.0,33,18,17,6,3,22,99,0.85,.146
Nate N Jones,CWS,8,0,2.39,65,0,0,0,0,3,71.2,67,19,19,4,1,32,65,1.38,.256
David D Robertson,NYY,2,7,2.67,65,0,0,0,2,5,60.2,52,19,18,5,1,19,81,1.17,.229
Fernando F Salas,STL,1,4,4.30,65,0,0,0,0,3,58.2,56,28,28,5,1,27,60,1.41,.251
Ryan R Webb,MIA,4,3,4.03,65,0,0,0,0,0,60.1,72,30,27,2,4,20,44,1.52,.295
Jared J Burton,MIN,3,2,2.18,64,0,0,0,5,9,62.0,41,21,15,5,5,16,55,0.92,.186
Jason J Grilli,PIT,1,6,2.91,64,0,0,0,2,5,58.2,45,20,19,7,2,22,90,1.14,.207
Wilton W Lopez,HOU,6,3,2.17,64,0,0,0,10,13,66.1,61,18,16,4,2,8,54,1.04,.250
Eric E O' Flaherty,ATL,3,0,1.73,64,0,0,0,0,3,57.1,47,14,11,3,2,19,46,1.15,.229
Bryan B Shaw,ARI,1,6,3.49,64,0,0,0,2,4,59.1,60,29,23,4,2,24,41,1.42,.273
Dale D Thayer,SD,2,2,3.43,64,0,0,0,7,10,57.2,53,24,22,4,1,12,47,1.13,.248
Matt M Albers,ARI,3,1,2.39,63,0,0,0,0,6,60.1,46,21,16,9,2,22,44,1.13,.215
Jerry J Blevins,OAK,5,1,2.48,63,0,0,0,1,1,65.1,45,20,18,7,5,25,54,1.07,.201
Craig C Breslow,BOS,3,0,2.70,63,0,0,0,0,1,63.1,52,22,19,5,2,22,61,1.17,.225
Joel J Hanrahan,PIT,5,2,2.72,63,0,0,0,36,40,59.2,40,18,18,8,1,36,67,1.27,.187
Craig C Kimbrel,ATL,3,1,1.01,63,0,0,0,42,45,62.2,27,7,7,3,2,14,116,0.65,.126
Lucas L Luetge,SEA,2,2,3.98,63,0,0,0,2,3,40.2,37,20,18,3,1,24,38,1.50,.248
Logan L Ondrusek,CIN,5,2,3.46,63,0,0,0,2,4,54.2,51,23,21,8,3,31,39,1.50,.246
Josh J Roenicke,COL,4,2,3.25,63,0,0,0,1,3,88.2,85,40,32,9,2,43,54,1.44,.259
Tony T Sipp,CLE,1,2,4.42,63,0,0,0,1,2,55.0,47,29,27,9,1,23,51,1.27,.228
Casey C Janssen,TOR,1,1,2.54,62,0,0,0,22,25,63.2,44,18,18,7,3,11,67,0.86,.195
Darren D Oliver,TOR,3,4,2.06,62,0,0,0,2,4,56.2,43,13,13,3,4,15,52,1.02,.214
Manny M Parra,MIL,2,3,5.06,62,0,0,0,0,2,58.2,62,39,33,3,3,35,61,1.65,.265
Addison A Reed,CWS,3,2,4.75,62,0,0,0,29,33,55.0,57,30,29,6,2,18,54,1.36,.266
Mike M Adams,TEX,5,3,3.27,61,0,0,0,1,2,52.1,56,21,19,4,3,17,45,1.39,.269
Steve S Delabar,TOR,4,3,3.82,61,0,0,0,0,2,66.0,46,29,28,12,5,26,92,1.09,.193
Carlos C Marmol,CHC,3,3,3.42,61,0,0,0,20,23,55.1,40,24,21,4,2,45,72,1.54,.200
Chris C Perez,CLE,0,4,3.59,61,0,0,0,39,43,57.2,49,25,23,6,2,16,59,1.13,.222
Chris C Resop,PIT,1,4,3.91,61,0,0,0,1,2,73.2,81,35,32,6,2,24,46,1.43,.276
Rafael R Betancourt,COL,1,4,2.81,60,0,0,0,31,38,57.2,53,19,18,6,0,12,57,1.13,.241
Jonathan J Broxton,CIN,4,5,2.48,60,0,0,0,27,33,58.0,56,18,16,2,3,17,45,1.26,.260
Mike M Dunn,MIA,0,3,4.91,60,0,0,0,1,6,44.0,49,31,24,3,0,29,47,1.77,.283
Clay C Hensley,SF,4,5,4.62,60,0,0,0,3,4,50.2,50,30,26,5,3,30,42,1.58,.258
Chad C Qualls,PIT,2,1,5.33,60,0,0,0,0,5,52.1,63,34,31,7,0,14,27,1.47,.297
Cody C Eppley,NYY,1,2,3.33,59,0,0,0,0,0,46.0,46,19,17,3,0,17,32,1.37,.266
Craig C Stammen,WSH,6,1,2.34,59,0,0,0,1,2,88.1,70,27,23,7,2,36,87,1.20,.215
Alexi A Ogando,TEX,2,0,3.27,58,1,0,0,3,6,66.0,49,26,24,9,2,17,66,1.00,.203
Ramon E R Ramirez,NYM,3,4,4.24,58,0,0,0,1,3,63.2,58,33,30,4,0,35,52,1.46,.247
Robbie R Ross,TEX,6,0,2.22,58,0,0,0,0,0,65.0,55,21,16,3,2,23,47,1.20,.232
Octavio O Dotel,DET,5,3,3.57,57,0,0,0,1,4,58.0,50,23,23,3,1,12,62,1.07,.230
Scott S Downs,LAA,1,1,3.15,57,0,0,0,9,12,45.2,43,17,16,3,0,17,32,1.31,.246
J. J Putz,ARI,1,5,2.82,57,0,0,0,32,37,54.1,45,18,17,4,2,11,65,1.03,.223
Tim T Byrdak,NYM,2,2,4.40,56,0,0,0,0,2,30.2,18,16,15,2,1,18,34,1.17,.180
Vicente V Padilla,BOS,4,1,4.50,56,0,0,0,1,5,50.0,59,26,25,7,3,15,51,1.48,.298
Brian B Duensing,MIN,4,12,5.12,55,11,0,0,0,1,109.0,126,71,62,10,2,27,69,1.40,.288
J. P. J Howell,TB,1,0,3.04,55,0,0,0,0,0,50.1,39,17,17,7,4,22,42,1.21,.223
Joe J Thatcher,SD,1,4,3.41,55,0,0,0,1,1,31.2,30,13,12,2,3,14,39,1.39,.250
Wade W Davis,TB,3,0,2.43,54,0,0,0,0,1,70.1,48,20,19,5,0,29,87,1.09,.189
Cristhian C Martinez,ATL,5,4,3.91,54,0,0,0,1,1,73.2,80,33,32,6,0,19,65,1.34,.277
Troy T Patton,BAL,1,0,2.43,54,0,0,0,0,1,55.2,45,15,15,5,2,12,49,1.02,.215
Andrew A Miller,BOS,3,2,3.35,53,0,0,0,0,0,40.1,28,15,15,3,2,20,51,1.19,.194
Adam A Ottavino,COL,5,1,4.56,53,0,0,0,0,2,79.0,76,42,40,9,1,34,81,1.39,.253
Rhiner R Cruz,HOU,1,1,6.05,52,0,0,0,0,1,55.0,65,38,37,8,2,29,46,1.71,.297
Brad B Lincoln,TOR,5,2,3.68,52,5,0,0,1,2,88.0,80,37,36,14,1,24,88,1.18,.241
Jesse J Crain,CWS,2,3,2.44,51,0,0,0,0,4,48.0,29,14,13,5,1,23,60,1.08,.171
Hisanori H Takahashi,PIT,0,3,5.54,51,0,0,0,0,1,50.1,49,32,31,8,0,14,52,1.25,.251
Jason J Frasor,TOR,1,1,4.12,50,0,0,0,0,3,43.2,42,20,20,6,2,22,53,1.47,.256
Jason J Isringhausen,LAA,3,2,4.14,50,0,0,0,0,5,45.2,44,22,21,7,0,19,31,1.38,.251
Kris K Medlen,ATL,10,1,1.57,50,12,2,1,1,2,138.0,103,26,24,6,0,23,120,0.91,.208
Brayan B Villarreal,DET,3,5,2.63,50,0,0,0,0,0,54.2,38,20,16,3,1,28,66,1.21,.201
Jeff J Gray,MIN,6,1,5.71,49,0,0,0,0,0,52.0,58,34,33,9,4,22,26,1.54,.278
Kevin K Jepsen,LAA,3,2,3.02,49,0,0,0,2,4,44.2,39,17,15,3,2,12,38,1.14,.244
Manny M Corpas,CHC,0,2,5.01,48,0,0,0,0,3,46.2,50,27,26,7,5,16,28,1.41,.273
Frank F Francisco,NYM,1,3,5.53,48,0,0,0,23,26,42.1,47,27,26,5,0,21,47,1.61,.269
Charlie C Furbush,SEA,5,2,2.72,48,0,0,0,0,0,46.1,28,15,14,3,2,16,53,0.95,.174
La Troy L Hawkins,LAA,2,3,3.64,48,0,0,0,1,4,42.0,45,20,17,5,0,13,23,1.38,.280
Sam S Le Cure,CIN,3,3,3.14,48,0,0,0,0,1,57.1,46,22,20,3,1,23,61,1.20,.221
Victor V Marte,STL,3,2,4.91,48,0,0,0,0,2,40.1,51,22,22,6,2,14,36,1.61,.305
Francisco F Cordero,HOU,3,8,7.55,47,0,0,0,2,8,39.1,61,35,33,9,2,18,31,2.01,.363
Michael M Gonzalez,WSH,0,0,3.03,47,0,0,0,0,2,35.2,31,14,12,2,0,16,39,1.32,.237
Shawn S Kelley,SEA,2,4,3.25,47,0,0,0,0,2,44.1,43,20,16,5,0,15,45,1.31,.256
Chad C Gaudin,MIA,4,2,4.54,46,0,0,0,0,0,69.1,72,39,35,6,3,26,57,1.41,.274
Matt M Lindstrom,ARI,1,0,2.68,46,0,0,0,0,1,47.0,45,17,14,2,5,14,40,1.26,.250
Manny M Acosta,NYM,1,3,6.46,45,0,0,0,1,2,47.1,48,38,34,7,3,25,46,1.54,.259
Tom T Gorzelanny,WSH,4,2,2.88,45,1,0,0,1,1,72.0,65,27,23,7,2,30,62,1.32,.242
Javy J Guerra,LAD,2,3,2.60,45,0,0,0,8,13,45.0,44,13,13,1,1,23,37,1.49,.265
Jordan J Walden,LAA,3,2,3.46,45,0,0,0,1,2,39.0,35,15,15,3,0,18,48,1.36,.229
Mike M Zagurski,ARI,0,0,5.54,45,0,0,0,0,1,37.1,37,24,23,5,1,19,34,1.50,.272
Xavier X Cedeño Cedeno,HOU,0,1,3.77,44,0,0,0,1,3,31.0,30,15,13,3,1,14,36,1.42,.254
Sean S Doolittle,OAK,2,1,3.04,44,0,0,0,1,2,47.1,40,18,16,3,0,11,60,1.08,.227
Livan L Hernandez,MIL,4,1,6.42,44,0,0,0,1,2,67.1,84,48,48,15,1,16,48,1.49,.317
George G Kontos,SF,2,1,2.47,44,0,0,0,0,1,43.2,34,15,12,3,0,12,44,1.05,.209
Anthony A Swarzak,MIN,3,6,5.03,44,5,0,0,0,1,96.2,106,57,54,15,0,31,62,1.42,.284
Juan J Cruz,PIT,1,1,2.78,43,0,0,0,3,4,35.2,39,12,11,3,3,19,33,1.63,.289
Scott S Elbert,LAD,1,1,2.20,43,0,0,0,0,0,32.2,27,8,8,3,1,13,29,1.22,.231
Scott S Atchison,BOS,2,1,1.58,42,0,0,0,0,1,51.1,42,10,9,2,0,9,36,0.99,.223
Louis L Coleman,KC,0,0,3.71,42,0,0,0,0,0,51.0,41,23,21,10,1,26,65,1.31,.219
Hector H Santiago,CWS,4,1,3.33,42,4,0,0,4,6,70.1,54,26,26,10,7,40,79,1.34,.211
Mark M Melancon,BOS,0,2,6.20,41,0,0,0,1,2,45.0,45,31,31,8,3,12,41,1.27,.256
Kevin K Gregg,BAL,3,2,4.95,40,0,0,0,0,0,43.2,50,26,24,6,3,24,37,1.69,.291
Tyler T Robertson,MIN,2,2,5.40,40,0,0,0,0,1,25.0,21,16,15,4,1,14,26,1.40,.223
Huston H Street,SD,2,1,1.85,40,0,0,0,23,24,39.0,17,8,8,2,0,11,47,0.72,.130
Shawn S Tolleson,LAD,3,1,4.30,40,0,0,0,0,0,37.2,30,19,18,4,1,20,39,1.33,.221
Jordan J Norberto,OAK,4,1,2.77,39,0,0,0,1,3,52.0,37,17,16,5,1,22,46,1.13,.200
Tanner T Scheppers,TEX,1,1,4.45,39,0,0,0,1,1,32.1,47,18,16,6,2,9,30,1.73,.343
Cory C Wade,NYY,1,1,6.46,39,0,0,0,0,2,39.0,46,29,28,8,1,8,38,1.38,.286
Derek D Lowe,NYY,9,11,5.11,38,21,1,1,1,1,142.2,180,88,81,10,3,51,55,1.62,.311
Carlos C Villanueva,TOR,7,7,4.16,38,16,0,0,0,0,125.1,113,59,58,23,3,46,122,1.27,.242
Fernando F Abad,HOU,0,6,5.09,37,6,0,0,0,0,46.0,57,27,26,6,3,19,38,1.65,.311
Kyle K Kendrick,PHI,11,12,3.90,37,25,1,1,0,1,159.1,154,76,69,20,7,49,116,1.27,.254
Franklin F Morales,BOS,3,4,3.77,37,9,0,0,1,1,76.1,64,38,32,11,6,30,76,1.23,.224
Drew D Storen,WSH,3,1,2.37,37,0,0,0,4,5,30.1,22,8,8,0,1,8,24,0.99,.210
Junichi J Tazawa,BOS,1,1,1.43,37,0,0,0,1,1,44.0,37,7,7,1,2,5,45,0.95,.227
Koji K Uehara,TEX,0,0,1.75,37,0,0,0,1,1,36.0,20,7,7,4,0,3,43,0.64,.160
Jim J Henderson,MIL,1,3,3.52,36,0,0,0,3,7,30.2,26,12,12,1,1,13,45,1.27,.230
Mark M Lowe,TEX,0,2,3.43,36,0,0,0,0,0,39.1,35,15,15,5,0,13,28,1.22,.240
Alfredo A Simon,CIN,3,2,2.66,36,0,0,0,1,1,61.0,65,22,18,2,6,22,52,1.43,.275
Miguel M Batista,ATL,1,3,4.61,35,5,0,0,0,0,52.2,58,30,27,6,1,33,36,1.73,.283
Casey C Fien,MIN,2,1,2.06,35,0,0,0,0,0,35.0,25,9,8,3,1,9,32,0.97,.195
Josh J Kinney,SEA,0,3,3.94,35,0,0,0,1,2,32.0,24,14,14,3,3,15,36,1.22,.209
Lance L Lynn,STL,18,7,3.78,35,29,0,0,0,0,176.0,168,76,74,16,10,64,180,1.32,.253
Luis L Perez,TOR,2,2,3.43,35,0,0,0,0,0,42.0,38,16,16,3,3,16,39,1.29,.244
Henry Alberto H Rodriguez,WSH,1,3,5.83,35,0,0,0,9,12,29.1,19,20,19,4,1,22,31,1.40,.181
Michael M Schwimer,PHI,2,1,4.46,35,0,0,0,0,1,34.1,30,18,17,3,2,16,36,1.34,.244
Carlos C Zambrano,MIA,7,10,4.49,35,20,1,1,0,0,132.1,123,75,66,9,10,75,95,1.50,.251
Bruce B Chen,KC,11,14,5.07,34,34,0,0,0,0,191.2,215,114,108,33,8,47,140,1.37,.281
R. A. R Dickey,NYM,20,6,2.73,34,33,5,3,0,0,233.2,192,78,71,24,9,54,230,1.05,.226
Tim T Dillard,MIL,0,2,4.38,34,0,0,0,0,0,37.0,45,21,18,3,1,14,29,1.59,.302
Rafael R Dolis,CHC,2,4,6.39,34,0,0,0,4,6,38.0,40,29,27,5,3,23,24,1.66,.278
Josh J Edgin,NYM,1,2,4.56,34,0,0,0,0,2,25.2,19,14,13,5,2,10,30,1.13,.204
Kyle K Farnsworth,TB,1,6,4.00,34,0,0,0,0,0,27.0,22,13,12,1,1,14,25,1.33,.216
Zack Z Greinke,LAA,15,5,3.48,34,34,0,0,0,0,212.1,200,84,82,18,2,54,200,1.20,.249
Francisco F Liriano,CWS,6,12,5.34,34,28,0,0,0,0,156.2,143,97,93,19,7,87,167,1.47,.244
Justin J Masterson,CLE,11,15,4.93,34,34,1,0,0,0,206.1,212,122,113,18,13,88,159,1.45,.269
Brian B Matusz,BAL,6,10,4.87,34,16,0,0,0,0,98.0,112,61,53,15,0,41,81,1.56,.284
Wandy W Rodriguez,PIT,12,13,3.76,34,33,0,0,0,0,205.2,205,99,86,21,3,56,139,1.27,.255
C. J. C Wilson,LAA,13,10,3.83,34,34,0,0,0,0,202.1,181,102,86,19,6,91,173,1.34,.239
Homer H Bailey,CIN,13,10,3.68,33,33,2,1,0,0,208.0,206,97,85,26,8,52,168,1.24,.256
Chris C Capuano,LAD,12,12,3.72,33,33,0,0,0,0,198.1,188,91,82,25,2,54,162,1.22,.254
David D Carpenter,TOR,0,2,8.07,33,0,0,0,0,1,32.1,51,31,29,5,2,16,31,2.07,.357
Andrew A Cashner,SD,3,4,4.27,33,5,0,0,0,4,46.1,42,23,22,5,1,19,52,1.32,.244
Johnny J Cueto,CIN,19,9,2.78,33,33,2,0,0,0,217.0,205,73,67,15,12,49,170,1.17,.252
Ross R Detwiler,WSH,10,8,3.40,33,27,0,0,0,0,164.1,149,75,62,15,5,52,105,1.22,.241
Yovani Y Gallardo,MIL,16,9,3.66,33,33,0,0,0,0,204.0,185,86,83,26,0,81,204,1.30,.243
Jeremy J Guthrie,KC,8,12,4.76,33,29,0,0,0,1,181.2,206,109,96,30,9,50,101,1.41,.288
Felix F Hernández Hernandez,SEA,13,9,3.06,33,33,5,5,0,0,232.0,209,84,79,14,12,56,223,1.14,.241
Alex A Hinshaw,CHC,1,1,6.04,33,0,0,0,0,1,28.1,27,19,19,8,2,21,36,1.69,.243
Tommy T Hunter,BAL,7,8,5.45,33,20,0,0,0,1,133.2,161,85,81,32,4,27,77,1.41,.302
Ian I Kennedy,ARI,15,12,4.02,33,33,1,0,0,0,208.1,216,101,93,28,14,55,187,1.30,.266
Clayton C Kershaw,LAD,14,9,2.53,33,33,2,2,0,0,227.2,170,70,64,16,5,63,229,1.02,.210
Hiroki H Kuroda,NYY,16,11,3.32,33,33,3,2,0,0,219.2,205,86,81,25,8,51,167,1.17,.249
Mat M Latos,CIN,14,4,3.48,33,33,2,0,0,0,209.1,179,87,81,25,4,64,185,1.16,.230
Jon J Lester,BOS,9,14,4.82,33,33,3,0,0,0,205.1,216,117,110,25,4,68,166,1.38,.273
Tim T Lincecum,SF,10,15,5.18,33,33,0,0,0,0,186.0,183,111,107,23,4,90,190,1.47,.257
Kyle K Lohse,STL,16,3,2.86,33,33,0,0,0,0,211.0,192,74,67,19,4,38,143,1.09,.239
Aaron A Loup,TOR,0,2,2.64,33,0,0,0,0,1,30.2,26,10,9,0,0,2,21,0.91,.232
Jim J Miller,OAK,2,1,2.59,33,0,0,0,0,0,48.2,39,15,14,6,3,27,44,1.36,.217
Oliver O Pérez Perez,SEA,1,3,2.12,33,0,0,0,0,2,29.2,27,7,7,1,0,10,24,1.25,.243
David D Phelps,NYY,4,4,3.34,33,11,0,0,0,0,99.2,81,38,37,14,6,38,96,1.19,.223
Clayton C Richard,SD,14,14,3.99,33,33,1,1,0,0,218.2,228,110,97,31,6,42,107,1.23,.267
James J Shields,TB,15,10,3.52,33,33,3,2,0,0,227.2,208,103,89,25,11,58,223,1.17,.239
Jason J Vargas,SEA,14,11,3.85,33,33,2,0,0,0,217.1,201,94,93,35,3,55,141,1.18,.245
Justin J Verlander,DET,17,8,2.64,33,33,6,1,0,0,238.1,192,81,70,19,5,60,239,1.06,.217
Bronson B Arroyo,CIN,12,10,3.74,32,32,1,1,0,0,202.0,209,86,84,26,5,35,129,1.21,.267
Michael M Bowden,CHC,0,0,2.95,32,0,0,0,0,1,39.2,32,13,13,5,1,17,32,1.24,.225
Madison M Bumgarner,SF,16,11,3.37,32,32,2,1,0,0,208.1,183,87,78,23,7,49,191,1.11,.234
Trevor T Cahill,ARI,13,12,3.78,32,32,2,1,0,0,200.0,184,93,84,16,11,74,156,1.29,.250
Matt M Cain,SF,16,5,2.79,32,32,2,2,0,0,219.1,177,73,68,21,9,51,193,1.04,.222
Wei- Yin W Chen,BAL,12,11,4.02,32,32,0,0,0,0,192.2,186,97,86,29,5,57,154,1.26,.250
Kevin K Correia,PIT,12,11,4.21,32,28,0,0,0,0,171.0,176,89,80,20,3,46,89,1.30,.267
Jake J Diekman,PHI,1,1,3.95,32,0,0,0,0,1,27.1,25,17,12,1,3,20,35,1.65,.234
Brian B Fuentes,STL,2,2,7.20,32,0,0,0,5,8,30.0,36,24,24,6,1,15,24,1.70,.293
Gio G Gonzalez,WSH,21,8,2.89,32,32,2,1,0,0,199.1,149,69,64,9,5,76,207,1.13,.206
Lucas L Harrell,HOU,11,11,3.76,32,32,1,1,0,0,193.2,185,90,81,13,1,78,140,1.36,.253
Matt M Harrison,TEX,18,11,3.29,32,32,4,2,0,0,213.1,210,82,78,22,1,59,133,1.26,.258
Luke L Hochevar,KC,8,16,5.73,32,32,2,1,0,0,185.1,202,127,118,27,13,61,144,1.42,.281
Jeremy J Horst,PHI,2,0,1.15,32,0,0,0,0,0,31.1,21,8,4,1,1,14,40,1.12,.193
Phil P Hughes,NYY,16,13,4.19,32,32,1,0,0,0,191.1,196,101,89,35,6,46,165,1.26,.259
Paul P Maholm,ATL,13,11,3.67,32,31,1,1,0,0,189.0,178,80,77,20,11,53,140,1.22,.250
Wade W Miley,ARI,16,11,3.33,32,29,0,0,0,0,194.2,193,79,72,14,2,37,144,1.18,.255
Will W Ohman,CWS,0,2,6.41,32,0,0,0,0,2,26.2,23,19,19,6,6,5,13,1.05,.228
Jake J Peavy,CWS,11,12,3.37,32,32,4,1,0,0,219.0,191,88,82,27,10,49,194,1.10,.234
Ricky R Romero,TOR,9,14,5.77,32,32,0,0,0,0,181.0,198,122,116,21,10,105,124,1.67,.282
Max M Scherzer,DET,16,7,3.74,32,32,0,0,0,0,187.2,179,82,78,23,5,60,231,1.27,.250
Edinson E Vólquez Volquez,SD,11,11,4.14,32,32,1,1,0,0,182.2,160,88,84,14,9,105,174,1.45,.236
Adam A Wainwright,STL,14,13,3.94,32,32,3,2,0,0,198.2,196,96,87,15,6,52,184,1.25,.259
Jerome J Williams,LAA,6,8,4.58,32,15,1,1,1,1,137.2,139,73,70,17,5,35,98,1.26,.263
Jordan J Zimmermann,WSH,12,8,2.94,32,32,0,0,0,0,195.2,186,69,64,18,8,43,153,1.17,.251
Barry B Zito,SF,15,8,4.15,32,32,1,1,0,0,184.1,186,91,85,20,5,70,114,1.39,.263
Henderson H Alvarez,TOR,9,14,4.85,31,31,1,1,0,0,187.1,216,110,101,29,3,54,79,1.44,.290
Luis L Avilán Avilan,ATL,1,0,2.00,31,0,0,0,0,0,36.0,27,9,8,1,1,10,33,1.03,.211
Joe J Blanton,LAD,10,13,4.71,31,30,2,1,0,0,191.0,207,106,100,29,3,34,166,1.26,.273
Mark M Buehrle,MIA,13,13,3.74,31,31,1,0,0,0,202.1,197,88,84,26,4,40,125,1.17,.258
A. J. A Burnett,PIT,16,10,3.51,31,31,1,1,0,0,202.1,189,86,79,18,9,62,180,1.24,.246
Cole C Hamels,PHI,17,6,3.05,31,31,2,2,0,0,215.1,190,80,73,24,3,52,216,1.12,.237
Tommy T Hanson,ATL,13,10,4.48,31,31,0,0,0,0,174.2,183,95,87,27,5,71,161,1.45,.271
Aaron A Harang,LAD,10,10,3.61,31,31,0,0,0,0,179.2,167,85,72,14,4,85,131,1.40,.246
Jeremy J Hellickson,TB,10,11,3.10,31,31,0,0,0,0,177.0,163,68,61,25,4,59,124,1.25,.244
Edwin E Jackson,WSH,10,11,4.03,31,31,1,0,0,0,189.2,173,90,85,23,2,58,168,1.22,.243
Ubaldo U Jiménez Jimenez,CLE,9,17,5.40,31,31,0,0,0,0,176.2,190,116,106,25,8,95,143,1.61,.273
Josh J Johnson,MIA,8,14,3.81,31,31,0,0,0,0,191.1,180,84,81,14,4,65,165,1.28,.252
Tommy T Milone,OAK,13,10,3.74,31,31,1,0,0,0,190.0,207,90,79,24,4,36,137,1.28,.278
Matt M Moore,TB,11,11,3.81,31,31,0,0,0,0,177.1,158,85,75,18,7,81,175,1.35,.238
Ricky R Nolasco,MIA,12,13,4.48,31,31,3,2,0,0,191.0,214,100,95,18,8,47,125,1.37,.285
Rick R Porcello,DET,10,12,4.59,31,31,0,0,0,0,176.1,226,101,90,16,6,44,107,1.53,.310
David D Price,TB,20,5,2.56,31,31,2,1,0,0,211.0,173,63,60,16,5,59,205,1.10,.226
Anibal A Sánchez Sanchez,DET,9,13,3.86,31,31,1,1,0,0,195.2,200,95,84,20,5,48,167,1.27,.265
Carlos C Torres,COL,5,3,5.26,31,0,0,0,0,0,53.0,49,31,31,2,4,26,42,1.42,.257
Ryan R Vogelsong,SF,14,9,3.37,31,31,0,0,0,0,189.2,171,76,71,17,8,62,158,1.23,.242
Jairo J Asencio,CHC,1,1,4.91,30,0,0,0,0,0,40.1,39,23,22,5,1,19,29,1.44,.252
Matt M Capps,MIN,1,4,3.68,30,0,0,0,14,15,29.1,28,13,12,5,0,4,18,1.09,.241
Freddy F Garcia,NYY,7,6,5.20,30,17,0,0,0,0,107.1,112,64,62,18,3,35,89,1.37,.270
Dan D Haren,LAA,12,13,4.33,30,30,1,1,0,0,176.2,190,95,85,28,3,38,142,1.29,.275
Hisashi H Iwakuma,SEA,9,5,3.16,30,16,0,0,2,2,125.1,117,49,44,17,3,43,101,1.28,.248
Mike M Leake,CIN,8,9,4.58,30,30,2,0,0,0,179.0,201,97,91,26,3,41,116,1.35,.287
Cliff C Lee,PHI,6,9,3.16,30,30,0,0,0,0,211.0,207,79,74,26,0,28,207,1.11,.255
Scott S Maine,CLE,2,3,6.08,30,0,0,0,0,1,26.2,30,18,18,3,5,15,32,1.69,.294
James J Mc Donald,PIT,12,8,4.21,30,29,1,0,0,0,171.0,147,85,80,21,4,69,151,1.26,.233
Luis L Mendoza,KC,8,10,4.23,30,25,0,0,0,0,166.0,176,84,78,15,11,59,104,1.42,.278
Mike M Minor,ATL,11,10,4.12,30,30,0,0,0,0,179.1,151,88,82,26,5,56,145,1.15,.232
Jonathon J Niese,NYM,13,9,3.40,30,30,0,0,0,0,190.1,174,77,72,22,4,49,155,1.17,.241
Garrett G Richards,LAA,4,3,4.69,30,9,0,0,1,3,71.0,77,46,37,7,3,34,47,1.56,.280
Chris C Sale,CWS,17,8,3.05,30,29,1,0,0,1,192.0,167,66,65,19,6,51,192,1.14,.235
Ervin E Santana,LAA,9,13,5.16,30,30,1,1,0,0,178.0,165,109,102,39,9,61,133,1.27,.239
Evan E Scribner,OAK,2,0,2.55,30,0,0,0,1,1,35.1,30,11,10,2,0,12,30,1.19,.221
Jered J Weaver,LAA,20,5,2.81,30,30,3,2,0,0,188.2,147,63,59,20,4,45,142,1.02,.214
Randy R Wolf,BAL,5,10,5.65,30,26,0,0,0,0,157.2,196,103,99,23,7,52,104,1.57,.313
Clay C Buchholz,BOS,11,8,4.56,29,29,2,1,0,0,189.1,187,104,96,25,12,64,129,1.33,.263
Yu Y Darvish,TEX,16,9,3.90,29,29,0,0,0,0,191.1,156,89,83,14,10,89,221,1.28,.220
Felix F Doubront,BOS,11,10,4.86,29,29,0,0,0,0,161.0,162,95,87,24,5,71,167,1.45,.259
Marco M Estrada,MIL,5,7,3.64,29,23,0,0,0,0,138.1,129,62,56,18,0,29,143,1.14,.247
Scott S Feldman,TEX,6,11,5.09,29,21,0,0,0,0,123.2,139,79,70,14,1,32,96,1.38,.279
Gavin G Floyd,CWS,12,11,4.29,29,29,0,0,0,0,168.0,166,84,80,22,14,63,144,1.36,.259
Derek D Holland,TEX,12,7,4.67,29,27,0,0,0,0,175.1,162,100,91,32,3,52,145,1.22,.243
Bud B Norris,HOU,7,13,4.65,29,29,0,0,0,0,168.1,165,90,87,23,8,66,165,1.37,.254
Jarrod J Parker,OAK,13,8,3.47,29,29,0,0,0,0,181.1,166,71,70,11,3,63,140,1.26,.248
Josh J Beckett,LAD,7,14,4.65,28,28,0,0,0,0,170.1,174,91,88,21,5,52,132,1.33,.264
Travis T Blackley,OAK,6,4,4.10,28,15,0,0,0,0,107.2,98,53,49,10,3,32,71,1.21,.243
David D Carpenter,LAA,1,2,4.76,28,0,0,0,0,0,39.2,42,21,21,6,0,17,28,1.49,.276
Josh J Collmenter,ARI,5,3,3.69,28,11,0,0,0,0,90.1,92,39,37,13,0,22,80,1.26,.264
Ryan R Dempster,TEX,12,8,3.38,28,28,0,0,0,0,173.0,155,71,65,19,2,52,153,1.20,.237
J. A. J Happ,TOR,10,11,4.79,28,24,0,0,0,0,144.2,147,79,77,19,2,56,144,1.40,.264
J. J Hoover,CIN,1,0,2.05,28,0,0,0,1,2,30.2,17,7,7,2,0,13,31,0.98,.160
Tim T Hudson,ATL,16,7,3.62,28,28,1,1,0,0,179.0,168,77,72,12,9,48,102,1.21,.248
Michael M Kirkman,TEX,1,2,3.82,28,0,0,0,0,2,35.1,24,16,15,5,1,17,38,1.16,.182
Kevin K Millwood,SEA,6,12,4.25,28,28,1,1,0,0,161.0,168,86,76,13,3,56,107,1.39,.271
Ivan I Nova,NYY,12,8,5.02,28,28,0,0,0,0,170.1,194,100,95,28,10,56,153,1.47,.288
C Sabathia,NYY,15,6,3.38,28,28,2,0,0,0,200.0,184,89,75,22,8,44,197,1.14,.238
Jeff J Samardzija,CHC,9,13,3.81,28,28,1,0,0,0,174.2,157,79,74,20,4,56,180,1.22,.240
Joe J Saunders,BAL,9,13,4.07,28,28,1,1,0,0,174.2,195,88,79,21,2,39,112,1.34,.281
Stephen S Strasburg,WSH,15,6,3.16,28,28,0,0,0,0,159.1,136,62,56,15,4,48,197,1.15,.230
Jake J Westbrook,STL,13,11,3.97,28,28,1,0,0,0,174.2,191,85,77,12,8,52,106,1.39,.282
Jeremy J Accardo,OAK,0,0,4.82,27,0,0,0,0,0,37.1,42,21,20,3,0,16,29,1.55,.298
Cody C Allen,CLE,0,1,3.72,27,0,0,0,0,1,29.0,29,12,12,2,0,15,27,1.52,.266
Duane D Below,DET,2,1,3.88,27,1,0,0,0,0,46.1,49,25,20,6,1,8,29,1.23,.280
Scott S Diamond,MIN,12,9,3.54,27,27,1,1,0,0,173.0,184,76,68,17,4,31,90,1.24,.274
Nick N Hagadone,CLE,1,0,6.39,27,0,0,0,1,2,25.1,26,18,18,4,0,15,26,1.62,.263
Josh J Outman,COL,1,3,8.19,27,7,0,0,0,0,40.2,47,37,37,7,0,20,40,1.65,.290
Raul R Valdes,PHI,3,2,2.90,27,1,0,0,0,1,31.0,18,10,10,3,0,5,35,0.74,.168
Nick N Vincent,SD,2,0,1.71,27,0,0,0,0,1,26.1,19,5,5,2,1,7,28,0.99,.198
Blake B Beavan,SEA,11,11,4.43,26,26,0,0,0,0,152.1,168,76,75,23,10,24,67,1.26,.281
Doug D Fister,DET,10,10,3.45,26,26,2,1,0,0,161.2,156,73,62,15,7,37,137,1.19,.249
Jeremy J Hefner,NYM,4,7,5.09,26,13,0,0,0,0,93.2,110,55,53,9,2,18,62,1.37,.287
Philip P Humber,CWS,5,5,6.44,26,16,1,1,0,0,102.0,113,74,73,23,4,44,85,1.54,.276
Tommy T Layne,SD,2,0,3.24,26,0,0,0,2,3,16.2,9,6,6,0,3,3,25,0.72,.148
Clayton C Mortensen,BOS,1,1,3.21,26,0,0,0,0,0,42.0,32,15,15,7,1,19,41,1.21,.212
Guillermo G Mota,SF,0,1,5.23,26,0,0,0,0,2,20.2,24,13,12,3,2,8,24,1.55,.300
Stephen S Pryor,SEA,3,1,3.91,26,0,0,0,0,0,23.0,22,13,10,5,0,13,27,1.52,.253
Mickey M Storey,HOU,0,1,3.86,26,0,0,0,0,0,30.1,27,14,13,2,1,10,34,1.22,.237
Travis T Wood,CHC,6,13,4.27,26,26,0,0,0,0,156.0,133,80,74,25,8,54,119,1.20,.232
Chad C Billingsley,LAD,10,9,3.55,25,25,0,0,0,0,149.2,148,66,59,11,5,45,128,1.29,.257
Alberto A Cabrera,CHC,1,1,5.40,25,0,0,0,0,0,21.2,16,15,13,1,1,18,27,1.57,.205
Roy R Halladay,PHI,11,8,4.49,25,25,0,0,0,0,156.1,155,78,78,18,5,36,132,1.22,.261
Rich R Hill,BOS,1,0,1.83,25,0,0,0,0,0,19.2,17,4,4,0,0,11,21,1.42,.236
Wade W Le Blanc,MIA,2,5,3.67,25,9,0,0,0,0,68.2,71,30,28,7,1,19,43,1.31,.275
Jordan J Lyles,HOU,5,12,5.09,25,25,1,1,0,0,141.1,159,97,80,20,5,42,99,1.42,.279
Miles M Mikolas,SD,2,1,3.62,25,0,0,0,0,1,32.1,32,15,13,4,2,15,23,1.45,.256
Jose J Quintana,CWS,6,6,3.76,25,22,0,0,0,0,136.1,142,62,57,14,3,42,81,1.35,.275
Jake J Arrieta,BAL,3,9,6.20,24,18,0,0,0,0,114.2,122,82,79,16,5,35,109,1.37,.272
Anthony A Bass,SD,2,8,4.73,24,15,1,0,1,1,97.0,89,59,51,10,1,39,80,1.32,.243
Erik E Bedard,PIT,7,14,5.01,24,24,0,0,0,0,125.2,129,76,70,14,3,56,118,1.47,.263
Brad B Boxberger,SD,0,0,2.60,24,0,0,0,0,0,27.2,22,12,8,3,2,18,33,1.45,.222
Bartolo B Colon,OAK,10,9,3.43,24,24,0,0,0,0,152.1,161,62,58,17,1,23,91,1.21,.266
Jeff J Francis,COL,6,7,5.58,24,24,0,0,0,0,113.0,145,71,70,15,8,22,76,1.48,.316
Sam S Freeman,STL,0,2,5.40,24,0,0,0,0,0,20.0,17,13,12,2,1,10,18,1.35,.230
Joe J Kelly,STL,5,7,3.53,24,16,0,0,0,0,107.0,112,50,42,10,3,36,75,1.38,.271
Pat P Neshek,OAK,2,1,1.37,24,0,0,0,0,2,19.2,10,3,3,3,1,6,16,0.81,.147
Donnie D Veal,CWS,0,0,1.38,24,0,0,0,1,1,13.0,5,2,2,0,0,4,19,0.69,.111
Alex A Cobb,TB,11,9,4.03,23,23,2,1,0,0,136.1,130,67,61,11,9,40,106,1.25,.254
Todd T Coffey,LAD,1,0,4.66,23,0,0,0,0,0,19.1,17,11,10,1,2,9,18,1.34,.239
Mike M Fiers,MIL,9,10,3.74,23,22,0,0,0,0,127.2,125,56,53,12,2,36,135,1.26,.254
Guillermo G Moscoso,COL,3,2,6.12,23,3,0,0,0,1,50.0,67,34,34,8,1,19,47,1.72,.321
Drew D Smyly,DET,4,3,3.99,23,18,0,0,0,0,99.1,93,49,44,12,2,33,94,1.27,.247
Alex A White,COL,2,9,5.51,23,20,0,0,0,0,98.0,114,66,60,13,5,51,64,1.68,.288
Vance V Worley,PHI,6,9,4.20,23,23,0,0,0,0,133.0,154,69,62,12,6,47,107,1.51,.296
Jeff J Beliveau,CHC,1,0,4.58,22,0,0,0,0,0,17.2,21,9,9,5,1,12,17,1.87,.292
Barret B Browning,STL,1,3,5.12,22,0,0,0,0,0,19.1,18,11,11,2,0,7,11,1.29,.247
Joba J Chamberlain,NYY,1,0,4.35,22,0,0,0,0,0,20.2,26,11,10,3,2,6,22,1.55,.302
Patrick P Corbin,ARI,6,8,4.54,22,17,0,0,1,1,107.0,117,56,54,14,4,25,86,1.33,.280
Nathan N Eovaldi,MIA,4,13,4.30,22,22,0,0,0,0,119.1,133,59,57,10,3,47,78,1.51,.284
Edgmer E Escalona,COL,0,1,6.04,22,0,0,0,0,0,22.1,23,16,15,5,1,7,21,1.34,.264
Cory C Gearrin,ATL,0,1,1.80,22,0,0,0,0,1,20.0,17,4,4,1,2,5,20,1.10,.233
Dan D Jennings,MIA,1,0,1.89,22,0,0,0,0,0,19.0,18,5,4,2,2,11,8,1.53,.247
Aaron A Laffey,TOR,4,6,4.56,22,16,0,0,0,0,100.2,100,56,51,17,5,37,48,1.36,.260
Jason J Marquis,SD,8,11,5.22,22,22,1,1,0,0,127.2,146,86,74,23,4,42,91,1.47,.289
Zach Z Mc Allister,CLE,6,8,4.24,22,22,0,0,0,0,125.1,133,78,59,19,1,38,110,1.36,.268
Hector H Noesí Noesi,SEA,2,12,5.82,22,18,0,0,0,0,106.2,107,71,69,21,2,39,68,1.37,.266
Brad B Penny,SF,0,1,6.11,22,0,0,0,0,0,28.0,42,22,19,4,1,9,10,1.82,.344
Drew D Pomeranz,COL,2,9,4.93,22,22,0,0,0,0,96.2,97,57,53,14,4,46,83,1.48,.261
B. J. B Rosenberg,PHI,1,2,6.12,22,1,0,0,0,0,25.0,18,17,17,4,2,14,24,1.28,.205
Brett B Cecil,TOR,2,4,5.72,21,9,0,0,0,0,61.1,70,40,39,11,3,23,51,1.52,.294
Shaun S Marcum,MIL,7,4,3.70,21,21,0,0,0,0,124.0,116,57,51,16,4,41,109,1.27,.245
Brandon B Morrow,TOR,10,7,2.96,21,21,3,3,0,0,124.2,98,45,41,12,2,41,108,1.11,.214
Johan J Santana,NYM,6,9,4.85,21,21,2,2,0,0,117.0,117,65,63,17,0,39,111,1.33,.258
Leyson L Septimo,CWS,0,2,5.02,21,0,0,0,0,0,14.1,8,8,8,3,1,6,14,0.98,.157
Josh J Tomlin,CLE,5,8,6.36,21,16,0,0,0,0,103.1,126,74,73,18,3,25,56,1.46,.301
Chris C Volstad,CHC,3,12,6.31,21,21,0,0,0,0,111.1,137,81,78,16,3,43,61,1.62,.306
C. J. C Fick,HOU,0,1,4.38,20,0,0,0,0,0,24.2,27,14,12,4,2,18,17,1.82,.297
Jaime J García Garcia,STL,7,7,3.92,20,20,0,0,0,0,121.2,136,58,53,7,0,30,98,1.36,.289
Jeanmar J Gómez Gomez,CLE,5,8,5.96,20,17,0,0,0,0,90.2,95,66,60,15,4,34,47,1.42,.273
Jason J Hammel,BAL,8,6,3.43,20,20,1,1,0,0,118.0,104,48,45,9,2,42,113,1.24,.234
Will W Harris,COL,1,1,8.15,20,0,0,0,0,0,17.2,27,18,16,3,1,6,19,1.87,.342
Elvin E Ramirez,NYM,0,1,5.48,20,0,0,0,0,0,21.1,24,13,13,1,0,20,22,2.06,.296
Zach Z Stewart,BOS,1,4,8.58,20,3,0,0,0,0,35.2,58,40,34,14,1,4,19,1.74,.360
Eric E Stults,SD,8,3,2.91,20,15,0,0,0,0,99.0,92,38,32,7,2,27,55,1.20,.249
Chris C Young,NYM,4,9,4.15,20,20,0,0,0,0,115.0,119,58,53,16,2,36,80,1.35,.269
Andrew A Bailey,BOS,1,1,7.04,19,0,0,0,6,9,15.1,21,12,12,2,0,8,14,1.89,.318
Brad B Bergesen,ARI,2,1,3.64,19,0,0,0,0,1,29.2,29,14,12,2,1,7,18,1.21,.266
Nick N Blackburn,MIN,4,9,7.39,19,19,0,0,0,0,98.2,143,81,81,23,1,26,42,1.71,.340
Tyler T Chatwood,COL,5,6,5.43,19,12,0,0,1,1,64.2,74,43,39,9,0,33,41,1.65,.290
Enerio E Del Rosario,HOU,0,0,9.00,19,0,0,0,0,0,19.0,34,21,19,1,2,7,11,2.16,.395
Pedro P Figueroa,OAK,0,0,3.32,19,0,0,0,0,0,21.2,16,9,8,2,0,15,14,1.43,.216
Jeff J Karstens,PIT,5,4,3.97,19,15,0,0,0,0,90.2,89,41,40,8,1,15,66,1.15,.256
Shane S Loux,SF,1,0,4.97,19,0,0,0,0,0,25.1,32,15,14,3,0,9,9,1.62,.314
Trevor T Rosenthal,STL,0,2,2.78,19,0,0,0,0,0,22.2,14,7,7,2,1,7,25,0.93,.175
Joe J Savery,PHI,1,2,5.40,19,0,0,0,0,0,25.0,26,17,15,4,1,8,16,1.36,.274
Hector H Ambriz,HOU,1,1,4.19,18,0,0,0,0,0,19.1,14,9,9,0,2,11,22,1.29,.206
Phillippe P Aumont,PHI,0,1,3.68,18,0,0,0,2,3,14.2,10,6,6,0,1,9,14,1.30,.189
Francisley F Bueno,KC,1,1,1.56,18,0,0,0,0,0,17.1,16,4,3,0,1,2,7,1.04,.246
Carter C Capps,SEA,0,0,3.96,18,0,0,0,0,0,25.0,25,11,11,0,0,11,28,1.44,.260
Aaron A Cook,BOS,4,11,5.65,18,18,1,1,0,0,94.0,117,68,59,15,1,21,20,1.47,.304
Randall R Delgado,ATL,4,9,4.37,18,17,0,0,0,0,92.2,89,48,45,8,4,42,76,1.41,.256
Darin D Downs,DET,2,1,3.48,18,0,0,0,0,0,20.2,18,8,8,1,1,9,20,1.31,.237
Matt M Garza,CHC,5,7,3.91,18,18,0,0,0,0,103.2,90,48,45,15,4,32,96,1.18,.236
Miguel M González Gonzalez,BAL,9,4,3.25,18,15,0,0,0,0,105.1,92,38,38,13,5,35,77,1.21,.235
Vin V Mazzaro,KC,4,3,5.73,18,6,0,0,0,0,44.0,55,29,28,3,3,19,26,1.68,.318
Brandon B Mc Carthy,OAK,8,6,3.24,18,18,0,0,0,0,111.0,115,44,40,10,6,24,73,1.25,.267
Tyson T Ross,OAK,2,11,6.50,18,13,0,0,0,0,73.1,96,56,53,7,5,37,46,1.81,.327
Everett E Teaford,KC,1,4,4.99,18,5,0,0,0,0,61.1,68,34,34,11,2,21,35,1.45,.285
Daniel D Bard,BOS,5,6,6.22,17,10,0,0,0,0,59.1,60,42,41,9,8,43,38,1.74,.271
Cory C Burns,SD,0,1,5.50,17,0,0,0,0,0,18.0,26,11,11,1,1,10,18,2.00,.321
Robert R Carson,NYM,0,0,4.73,17,0,0,0,0,0,13.1,13,7,7,2,2,4,5,1.28,.260
Casey C Coleman,CHC,0,2,7.40,17,1,0,0,0,1,24.1,37,20,20,5,0,12,16,2.01,.349
Jose J Contreras,PHI,1,0,5.27,17,0,0,0,0,0,13.2,13,10,8,1,1,3,15,1.17,.255
Cole C De Vries,MIN,5,5,4.11,17,16,0,0,0,0,87.2,88,48,40,16,4,18,58,1.21,.252
Dillon D Gee,NYM,6,7,4.10,17,17,0,0,0,0,109.2,108,56,50,12,6,29,97,1.25,.256
Brian B Omogrosso,CWS,0,0,2.57,17,0,0,0,0,0,21.0,20,6,6,3,0,9,18,1.38,.247
Roy R Oswalt,TEX,4,3,5.80,17,9,0,0,0,0,59.0,79,41,38,11,3,11,59,1.53,.320
Cesar C Ramos,TB,1,0,2.10,17,1,0,0,0,0,30.0,19,7,7,2,2,10,29,0.97,.176
Eduardo E Sanchez,STL,0,1,6.60,17,0,0,0,0,0,15.0,11,11,11,2,1,13,13,1.60,.204
Chris C Seddon,CLE,1,1,3.67,17,2,0,0,0,0,34.1,35,15,14,2,0,13,18,1.40,.265
Kyle K Waldrop,MIN,0,1,2.53,17,0,0,0,0,1,21.1,27,6,6,2,3,6,7,1.55,.318
Scott S Barnes,CLE,0,0,4.26,16,0,0,0,0,0,19.0,17,9,9,1,3,7,16,1.26,.236
Christian C Friedrich,COL,5,8,6.17,16,16,0,0,0,0,84.2,102,61,58,14,2,30,74,1.56,.303
Matt M Guerrier,LAD,0,2,3.86,16,0,0,0,0,1,14.0,8,6,6,3,1,7,9,1.07,.174
Liam L Hendriks,MIN,1,8,5.59,16,16,1,0,0,0,85.1,106,61,53,17,4,26,50,1.55,.305
Dallas D Keuchel,HOU,3,8,5.27,16,16,1,0,0,0,85.1,93,56,50,14,1,39,38,1.55,.286
Colby C Lewis,TEX,6,6,3.43,16,16,2,0,0,0,105.0,99,48,40,16,6,14,93,1.08,.245
Kyle K Mc Clellan,STL,0,1,5.30,16,0,0,0,0,0,18.2,16,11,11,2,2,9,11,1.34,.222
Erasmo E Ramírez Ramirez,SEA,1,3,3.36,16,8,0,0,0,0,59.0,47,26,22,6,3,12,48,1.00,.217
J. C. J Romero,BAL,0,0,9.00,16,0,0,0,0,0,12.0,21,13,12,4,1,3,6,2.00,.368
Takashi T Saito,ARI,0,0,6.75,16,0,0,0,0,1,12.0,17,14,9,4,1,5,11,1.83,.321
Will W Smith,KC,6,9,5.32,16,16,0,0,0,0,89.2,111,54,53,12,1,33,59,1.61,.313
Samuel S Deduno,MIN,6,5,4.44,15,15,0,0,0,0,79.0,69,40,39,10,5,53,57,1.54,.241
Mike M Ekstrom,COL,0,0,6.32,15,0,0,0,0,0,15.2,21,11,11,1,0,2,9,1.47,.328
Brandon B Gomes,TB,2,2,5.09,15,0,0,0,0,0,17.2,16,12,10,2,2,12,15,1.58,.235
A. J. A Griffin,OAK,7,1,3.06,15,15,0,0,0,0,82.1,74,29,28,10,1,19,64,1.13,.236
Frank F Herrmann,CLE,0,0,2.33,15,0,0,0,0,0,19.1,12,5,5,1,0,4,14,0.83,.179
Luis L Perdomo,MIN,0,0,3.18,15,0,0,0,0,0,17.0,15,8,6,0,2,12,8,1.59,.238
Jonathan J Sánchez Sanchez,COL,1,9,8.07,15,15,0,0,0,0,64.2,82,60,58,11,5,53,45,2.09,.314
Chris C Tillman,BAL,9,3,2.93,15,15,0,0,0,0,86.0,66,38,28,12,1,24,66,1.05,.207
Dylan D Axelrod,CWS,2,2,5.47,14,7,0,0,0,0,51.0,56,32,31,8,4,21,40,1.51,.275
Chad C Beck,TOR,0,0,6.32,14,0,0,0,0,0,15.2,21,12,11,2,0,5,9,1.66,.318
Bill B Bray,CIN,0,0,5.19,14,0,0,0,0,2,8.2,6,5,5,2,0,14,7,2.31,.222
Jhoulys J Chacín Chacin,COL,3,5,4.43,14,14,0,0,0,0,69.0,80,35,34,10,2,32,45,1.62,.288
Jaye J Chapman,CHC,0,1,3.75,14,0,0,0,0,0,12.0,8,5,5,0,0,10,12,1.50,.200
Steve S Edlefsen,SF,0,1,4.70,14,0,0,0,0,0,15.1,20,8,8,1,0,6,9,1.70,.317
Dana D Eveland,BAL,0,1,4.73,14,2,0,0,0,0,32.1,32,18,17,3,5,13,18,1.39,.256
Justin J Germano,CHC,2,10,6.20,14,12,0,0,0,0,69.2,86,52,48,7,7,21,52,1.54,.303
Brandon B Kintzler,MIL,3,0,3.78,14,0,0,0,0,0,16.2,18,7,7,1,0,7,14,1.50,.277
Yoshinori Y Tateyama,TEX,1,0,9.00,14,0,0,0,0,0,17.0,18,19,17,4,0,6,18,1.41,.257
Brandon B Beachy,ATL,5,5,2.00,13,13,1,1,0,0,81.0,49,24,18,6,1,29,68,0.96,.171
Lendy L Castillo,CHC,0,1,7.88,13,0,0,0,0,0,16.0,24,16,14,2,3,12,13,2.25,.343
Jesse J Chavez,OAK,1,1,9.85,13,2,0,0,0,0,24.2,34,29,27,7,3,11,30,1.82,.315
Justin J De Fratus,PHI,0,0,3.38,13,0,0,0,0,0,10.2,7,5,4,0,0,5,8,1.13,.179
Kyle K Drabek,TOR,4,7,4.67,13,13,0,0,0,0,71.1,67,41,37,10,1,47,47,1.60,.250
Christian C Garcia,WSH,0,0,2.13,13,0,0,0,0,0,12.2,8,3,3,2,2,2,15,0.79,.186
Justin J Hampson,NYM,0,0,1.80,13,0,0,0,0,0,10.0,6,4,2,0,0,5,4,1.10,.194
Jeremy J Jeffress,KC,0,0,6.75,13,0,0,0,0,0,13.1,19,14,10,0,0,13,13,2.40,.317
Chad C Jenkins,TOR,1,3,4.50,13,3,0,0,0,0,32.0,32,16,16,5,1,11,16,1.34,.260
Luis L Marte,DET,1,0,2.82,13,0,0,0,0,0,22.1,19,7,7,4,1,9,19,1.25,.229
Ross R Ohlendorf,SD,4,4,7.77,13,9,0,0,0,0,48.2,62,44,42,7,1,24,39,1.77,.304
Nate N Adcock,KC,0,3,2.34,12,2,0,0,0,0,34.2,37,13,9,4,1,13,22,1.44,.282
Zack Z Britton,BAL,5,3,5.07,12,11,0,0,0,0,60.1,61,37,34,6,2,32,53,1.54,.260
Steve S Johnson,BAL,4,0,2.11,12,4,0,0,0,0,38.1,23,9,9,4,0,18,46,1.07,.174
Corey C Kluber,CLE,2,5,5.14,12,12,0,0,0,0,63.0,76,44,36,9,4,18,54,1.49,.295
Jeff J Manship,MIN,0,0,7.89,12,0,0,0,0,0,21.2,29,19,19,4,1,7,12,1.66,.326
Nick N Maronde,LAA,0,0,1.50,12,0,0,0,0,0,6.0,6,1,1,0,0,3,7,1.50,.261
Evan E Meek,PIT,0,0,6.75,12,0,0,0,0,0,12.0,14,9,9,1,1,6,8,1.67,.286
Dan D Otero,SF,0,0,5.84,12,0,0,0,0,0,12.1,19,11,8,0,2,2,8,1.70,.358
Martin M Pérez Perez,TEX,1,4,5.45,12,6,0,0,0,0,38.0,47,26,23,3,2,15,25,1.63,.297
Andy A Pettitte,NYY,5,4,2.87,12,12,0,0,0,0,75.1,65,26,24,8,0,21,69,1.14,.232
Luke L Putkonen,DET,0,2,3.94,12,0,0,0,1,2,16.0,19,7,7,0,0,8,10,1.69,.302
Miguel M Socolovich,CHC,0,0,6.06,12,0,0,0,0,1,16.1,15,11,11,3,0,9,12,1.47,.238
Jose G. J Valdez,HOU,0,0,2.25,12,0,0,0,0,0,12.0,12,4,3,1,0,8,10,1.67,.261
Anthony A Varvaro,ATL,1,1,5.40,12,0,0,0,0,0,16.2,16,11,10,2,2,9,21,1.50,.250
P. J. P Walters,MIN,2,5,5.69,12,12,1,0,0,0,61.2,71,41,39,12,3,22,42,1.51,.291
Randy R Wells,CHC,1,2,5.34,12,4,0,0,0,1,28.2,35,18,17,1,2,24,14,2.06,.313
Dan D Wheeler,CLE,0,0,8.76,12,0,0,0,0,0,12.1,17,12,12,3,0,7,2,1.95,.327
Collin C Balester,DET,2,0,6.50,11,0,0,0,0,0,18.0,14,14,13,5,3,11,12,1.39,.209
Pedro P Beato,BOS,1,0,6.75,11,0,0,0,0,0,12.0,11,9,9,1,1,5,12,1.33,.244
Andrew A Carignan,OAK,1,1,4.66,11,0,0,0,0,0,9.2,8,5,5,0,0,10,8,1.86,.242
Joel J Carreno,TOR,0,2,6.14,11,2,0,0,0,0,22.0,22,15,15,7,0,14,16,1.64,.265
Chris C Hatcher,MIA,0,0,4.30,11,0,0,0,0,0,14.2,17,9,7,3,1,6,10,1.57,.288
Drew D Hutchison,TOR,5,3,4.60,11,11,0,0,0,0,58.2,59,31,30,8,5,20,49,1.35,.257
Jair J Jurrjens,ATL,3,4,6.89,11,10,0,0,0,0,48.1,72,40,37,8,1,18,19,1.86,.350
Brad B Lidge,WSH,0,1,9.64,11,0,0,0,2,4,9.1,12,10,10,1,0,11,10,2.46,.308
Daisuke D Matsuzaka,BOS,1,7,8.28,11,11,0,0,0,0,45.2,58,43,42,11,3,20,41,1.71,.307
Juan J Nicasio,COL,2,3,5.28,11,11,0,0,0,0,58.0,72,37,34,7,1,22,54,1.62,.313
Carl C Pavano,MIN,2,5,6.00,11,11,0,0,0,0,63.0,80,46,42,9,2,8,33,1.40,.313
A J Ramos,MIA,0,0,3.86,11,0,0,0,0,1,9.1,8,4,4,2,1,4,13,1.29,.229
Paco P Rodríguez Rodriguez,LAD,0,1,1.35,11,0,0,0,0,0,6.2,3,1,1,0,0,4,6,1.05,.136
Josh J Spence,SD,0,1,4.35,11,0,0,0,0,0,10.1,13,5,5,1,0,5,10,1.74,.302
Justin J Thomas,NYY,0,0,8.22,11,0,0,0,0,0,7.2,12,7,7,1,1,3,7,1.96,.375
Evan E Crawford,TOR,0,0,6.75,10,0,0,0,0,0,8.0,10,6,6,3,1,4,5,1.75,.333
Matt M Harvey,NYM,3,5,2.73,10,10,0,0,0,0,59.1,42,19,18,5,3,26,70,1.15,.200
Chris C Leroux,PIT,0,0,5.56,10,0,0,0,0,0,11.1,11,9,7,1,1,2,12,1.15,.250
Kyle K Mc Pherson,PIT,0,2,2.73,10,3,0,0,0,0,26.1,24,8,8,3,2,7,21,1.18,.247
Jamie J Moyer,COL,2,5,5.70,10,10,0,0,0,0,53.2,75,40,34,11,2,18,36,1.73,.328
David D Pauley,TOR,0,1,6.48,10,0,0,0,0,0,16.2,27,13,12,2,2,5,6,1.92,.370
Juan Pablo J Perez,MIL,0,1,5.14,10,0,0,0,0,0,7.0,6,4,4,2,1,8,10,2.00,.231
Doug D Slaten,PIT,0,0,2.77,10,0,0,0,0,0,13.0,9,4,4,1,0,8,6,1.31,.196
Jacob J Turner,MIA,2,5,4.42,10,10,0,0,0,0,55.0,50,32,27,9,0,16,36,1.20,.236
Chien- Ming C Wang,WSH,2,3,6.68,10,5,0,0,0,0,32.1,50,24,24,5,3,15,15,2.01,.376
Kerry K Wood,CHC,0,2,8.31,10,0,0,0,0,2,8.2,8,8,8,1,0,11,6,2.19,.267
Maikel M Cleto,STL,0,0,7.00,9,0,0,0,0,0,9.0,13,7,7,4,1,2,15,1.67,.342
John J Danks,CWS,3,4,5.70,9,9,0,0,0,0,53.2,57,35,34,7,1,23,30,1.49,.273
Tommy T Hottovy,KC,0,0,2.89,9,0,0,0,0,0,9.1,11,3,3,2,1,5,6,1.71,.306
Daniel D Hudson,ARI,3,2,7.35,9,9,0,0,0,0,45.1,62,37,37,9,0,12,37,1.63,.332
Matt M Maloney,MIN,1,0,8.18,9,0,0,0,0,0,11.0,17,10,10,2,1,1,5,1.64,.347
Mike M Mc Clendon,MIL,0,0,6.43,9,0,0,0,0,0,14.0,20,11,10,1,3,5,4,1.79,.345
Charlie C Morton,PIT,2,6,4.65,9,9,0,0,0,0,50.1,62,30,26,5,2,11,25,1.45,.305
Mariano M Rivera,NYY,1,1,2.16,9,0,0,0,5,6,8.1,6,2,2,0,0,2,8,0.96,.200
Ben B Sheets,ATL,4,4,3.47,9,9,0,0,0,0,49.1,52,21,19,6,1,13,35,1.32,.275
Al A Alburquerque,DET,0,0,0.68,8,0,0,0,0,0,13.1,6,1,1,0,0,8,18,1.05,.133
Chris C Carpenter,BOS,1,0,9.00,8,0,0,0,0,0,6.0,7,6,6,1,0,10,2,2.83,.318
Zach Z Duke,WSH,1,0,1.32,8,0,0,0,0,0,13.2,11,2,2,0,0,4,10,1.10,.212
Jeurys J Familia,NYM,0,0,5.84,8,1,0,0,0,0,12.1,10,8,8,0,0,9,10,1.54,.233
Neftali N Feliz,TEX,3,1,3.16,8,7,1,0,0,0,42.2,28,15,15,5,2,23,37,1.20,.187
Tom T Koehler,MIA,0,1,5.40,8,1,0,0,0,0,13.1,15,8,8,4,0,2,13,1.28,.278
Ted T Lilly,LAD,5,1,3.14,8,8,0,0,0,0,48.2,36,23,17,3,2,19,31,1.13,.203
Jeff J Locke,PIT,1,3,5.50,8,6,0,0,0,0,34.1,36,21,21,6,1,11,34,1.37,.267
Jean J Machi,SF,0,0,6.75,8,0,0,0,0,0,6.2,7,5,5,2,0,1,4,1.20,.259
Collin C Mc Hugh,NYM,0,4,7.59,8,4,0,0,0,0,21.1,27,21,18,5,2,8,17,1.64,.314
Peter P Moylan,ATL,1,0,1.80,8,0,0,0,1,1,5.0,3,3,1,1,0,2,2,1.00,.167
Jeff J Niemann,TB,2,3,3.08,8,8,0,0,0,0,38.0,30,17,13,2,2,12,34,1.11,.213
Rafael R Perez,CLE,1,0,3.52,8,0,0,0,0,0,7.2,5,3,3,1,0,4,4,1.17,.185
Tyler T Thornburg,MIL,0,0,4.50,8,3,0,0,0,0,22.0,24,11,11,8,1,7,20,1.41,.279
Andrew A Werner,SD,2,3,5.58,8,8,0,0,0,0,40.1,45,26,25,5,1,14,35,1.46,.285
Justin J Wilson,PIT,0,0,1.93,8,0,0,0,0,0,4.2,10,1,1,0,0,3,7,2.79,.455
Vinnie V Chulk,MIL,1,0,10.00,7,0,0,0,0,0,9.0,17,10,10,0,0,4,10,2.33,.386
Mike M Mac Dougal,LAD,0,0,7.94,7,0,0,0,0,0,5.2,9,5,5,0,0,6,4,2.65,.346
Blake B Parker,CHC,0,0,6.00,7,0,0,0,0,0,6.0,10,7,4,3,0,5,6,2.50,.370
Felipe F Paulino,KC,3,1,1.67,7,7,0,0,0,0,37.2,31,8,7,3,0,15,39,1.22,.223
Ryan R Perry,WSH,1,0,10.13,7,0,0,0,0,0,8.0,12,9,9,2,0,2,3,1.75,.364
Mark M Rogers,MIL,3,1,3.92,7,7,0,0,0,0,39.0,36,17,17,5,1,14,41,1.28,.243
Chris C Rusin,CHC,2,3,6.37,7,7,0,0,0,0,29.2,38,22,21,4,3,11,21,1.65,.314
Dan D Straily,OAK,2,1,3.89,7,7,0,0,0,0,39.1,36,19,17,11,2,16,32,1.32,.237
Josh J Wall,LAD,1,0,4.76,7,0,0,0,0,0,5.2,3,3,3,1,1,1,4,0.71,.158
Kip K Wells,SD,2,4,4.58,7,7,0,0,0,0,37.1,41,23,19,6,1,20,19,1.63,.283
Brett B Anderson,OAK,4,2,2.57,6,6,0,0,0,0,35.0,29,11,10,1,1,7,25,1.03,.225
Chris C Archer,TB,1,3,4.60,6,4,0,0,0,0,29.1,23,17,15,3,1,13,36,1.23,.215
Drew D Carpenter,TOR,0,0,5.00,6,0,0,0,0,0,9.0,7,5,5,4,0,6,9,1.44,.206
Tyler T Cloyd,PHI,2,2,4.91,6,6,0,0,0,0,33.0,33,18,18,8,2,7,30,1.21,.260
Robert R Coello,TOR,0,1,12.79,6,0,0,0,0,0,6.1,10,9,9,2,1,4,11,2.21,.357
Fautino F De Los Santos,OAK,0,0,3.00,6,0,0,0,0,0,3.0,7,2,1,0,0,3,3,3.33,.412
Danny D Duffy,KC,2,2,3.90,6,6,0,0,0,0,27.2,26,13,12,2,0,18,28,1.59,.252
Edgar E Gonzalez,HOU,3,1,5.04,6,6,0,0,0,0,25.0,23,14,14,3,0,8,18,1.24,.240
David D Huff,CLE,3,1,3.38,6,4,0,0,0,0,26.2,30,14,10,5,1,5,19,1.31,.280
Casey C Kelly,SD,2,3,6.21,6,6,0,0,0,0,29.0,39,23,20,5,2,10,26,1.69,.322
John J Lannan,WSH,4,1,4.13,6,6,0,0,0,0,32.2,33,15,15,0,4,14,17,1.44,.270
Shelby S Miller,STL,1,0,1.32,6,1,0,0,0,0,13.2,9,2,2,0,1,4,16,0.95,.184
Micah M Owings,SD,0,2,2.79,6,0,0,0,0,0,9.2,8,4,3,1,1,5,7,1.34,.229
Joe J Paterson,ARI,0,0,37.13,6,0,0,0,0,0,2.2,15,11,11,2,0,3,0,6.75,.652
Wily W Peralta,MIL,2,1,2.48,6,5,0,0,0,0,29.0,24,8,8,0,0,11,23,1.21,.242
Zach Z Phillips,BAL,0,0,6.00,6,0,0,0,0,0,6.0,7,4,4,2,0,3,5,1.67,.280
Dan D Runzler,SF,0,0,0.00,6,0,0,0,0,0,3.2,1,0,0,0,1,3,5,1.09,.100
Brian B Sanches,PHI,0,1,9.95,6,0,0,0,0,0,6.1,12,7,7,4,0,3,5,2.37,.387
Sergio S Santos,TOR,0,1,9.00,6,0,0,0,2,4,5.0,6,5,5,1,0,4,4,2.00,.316
Rob R Scahill,COL,0,0,1.04,6,0,0,0,0,0,8.2,7,1,1,0,0,3,4,1.15,.233
Daniel D Schlereth,DET,0,0,10.29,6,0,0,0,0,0,7.0,14,10,8,3,0,5,6,2.71,.412
Tyler T Skaggs,ARI,1,3,5.83,6,6,0,0,0,0,29.1,30,20,19,6,2,13,21,1.47,.256
Josh J Stinson,MIL,0,0,0.96,6,1,0,0,0,0,9.1,7,1,1,1,0,5,3,1.29,.212
Michael M Stutes,PHI,0,0,6.35,6,0,0,0,0,0,5.2,7,6,4,0,0,4,5,1.94,.280
Jeff J Suppan,SD,2,3,5.28,6,6,0,0,0,0,30.2,34,19,18,4,0,13,7,1.53,.281
Esmerling E Vasquez,MIN,0,2,5.68,6,6,0,0,0,0,31.2,32,20,20,2,1,19,14,1.61,.274
Jason J Berken,CHC,0,3,5.49,5,4,0,0,0,0,19.2,29,21,12,5,1,7,11,1.83,.341
Dane D De La Rosa,TB,0,0,12.60,5,0,0,0,0,0,5.0,7,7,7,2,0,2,5,1.80,.350
Stephen S Fife,LAD,0,2,2.70,5,5,0,0,0,0,26.2,25,8,8,2,2,12,20,1.39,.255
Armando A Galarraga,HOU,0,4,6.75,5,5,0,0,0,0,24.0,28,20,18,6,2,18,17,1.92,.286
Graham G Godfrey,OAK,0,4,6.43,5,4,0,0,0,0,21.0,26,18,15,4,3,10,10,1.71,.317
Justin J Grimm,TEX,1,1,9.00,5,2,0,0,0,0,14.0,22,14,14,1,0,3,13,1.79,.367
David D Herndon,PHI,0,1,4.70,5,0,0,0,0,0,7.2,10,4,4,1,0,1,8,1.43,.333
Cory C Luebke,SD,3,1,2.61,5,5,0,0,0,0,31.0,28,10,9,1,0,8,23,1.16,.233
Jenrry J Mejia,NYM,1,2,5.63,5,3,0,0,0,0,16.0,20,10,10,2,0,9,8,1.81,.313
Bryan B Morris,PIT,0,0,1.80,5,0,0,0,0,0,5.0,2,2,1,0,1,2,6,0.80,.125
Brooks B Raley,CHC,1,2,8.14,5,5,0,0,0,0,24.1,33,23,22,7,0,11,16,1.81,.317
Joe J Wieland,SD,0,4,4.55,5,5,0,0,0,0,27.2,26,16,14,5,1,9,24,1.27,.245
Trevor T Bauer,ARI,1,2,6.06,4,4,0,0,0,0,16.1,14,13,11,2,1,13,17,1.65,.230
D. J. D Carrasco,NYM,0,0,7.36,4,0,0,0,0,0,3.2,6,3,3,2,1,0,3,1.64,.353
Bobby B Cassevah,LAA,1,0,7.20,4,0,0,0,0,2,5.0,5,4,4,2,1,6,2,2.20,.263
Brandon B Dickson,STL,0,0,7.11,4,0,0,0,0,0,6.1,10,7,5,2,0,2,6,1.89,.333
Eric E Hacker,SF,0,1,5.59,4,1,0,0,0,0,9.2,14,6,6,2,1,2,8,1.66,.333
Ryota R Igarashi,NYY,0,0,18.00,4,0,0,0,0,0,4.0,9,8,8,0,0,5,5,3.50,.429
Rodrigo R Lopez,CHC,0,1,5.68,4,0,0,0,0,0,6.1,8,6,4,0,1,5,2,2.05,.320
D. J. D Mitchell,NYY,0,0,3.86,4,0,0,0,0,0,4.2,7,2,2,1,0,3,2,2.14,.333
Sandy S Rosario,MIA,0,0,18.00,4,0,0,0,0,0,3.0,8,6,6,0,0,0,2,2.67,.471
Rick R Van Den Hurk,PIT,0,1,13.50,4,0,0,0,0,0,2.2,5,4,4,0,1,1,3,2.25,.357
Jonathan J Albaladejo,ARI,0,0,9.00,3,0,0,0,0,0,3.0,5,3,3,1,1,0,2,1.67,.385
Chris C Carpenter,STL,0,2,3.71,3,3,0,0,0,0,17.0,16,7,7,2,2,3,12,1.12,.242
Tony T Cingrani,CIN,0,0,1.80,3,0,0,0,0,0,5.0,4,1,1,1,0,2,9,1.20,.200
Roman R Colon,KC,0,0,6.75,3,0,0,0,0,0,8.0,12,6,6,0,0,3,3,1.88,.353
Casey C Crosby,DET,1,1,9.49,3,3,0,0,0,0,12.1,15,13,13,2,0,11,9,2.11,.313
Jorge J De La Rosa,COL,0,2,9.28,3,3,0,0,0,0,10.2,17,14,11,5,0,2,6,1.78,.340
Barry B Enright,LAA,0,0,14.73,3,0,0,0,0,0,3.2,7,6,6,1,0,1,0,2.18,.368
Wilmer W Font,TEX,0,0,9.00,3,0,0,0,0,0,2.0,0,2,2,0,0,4,1,2.00,.000
Deunte D Heath,CWS,0,0,4.50,3,0,0,0,0,0,2.0,1,1,1,1,0,1,1,1.00,.167
Roberto R Hernandez,CLE,0,3,7.53,3,3,0,0,0,0,14.1,17,15,12,4,1,3,2,1.40,.304
Josh J Lueke,TB,0,0,18.90,3,0,0,0,0,0,3.1,9,7,7,0,0,3,2,3.60,.563
Matt M Palmer,SD,0,0,9.00,3,0,0,0,0,0,2.0,2,2,2,1,0,2,2,2.00,.286
Mike M Pelfrey,NYM,0,0,2.29,3,3,0,0,0,0,19.2,24,5,5,0,0,4,13,1.42,.300
Stu S Pomeranz,BAL,0,0,3.00,3,0,0,0,0,0,6.0,7,2,2,1,0,1,3,1.33,.280
Scott S Richmond,TOR,0,0,6.00,3,0,0,0,0,1,3.0,5,2,2,1,0,0,2,1.67,.357
Chris C Schwinden,NYM,0,1,12.46,3,2,0,0,0,0,8.2,15,13,12,4,0,3,1,2.08,.357
Andrew A Taylor,LAA,0,0,11.57,3,0,0,0,0,0,2.1,3,3,3,0,0,4,0,3.00,.300
Rich R Thompson,OAK,0,1,12.00,3,0,0,0,0,0,3.0,6,4,4,1,0,1,3,2.33,.400
Kyle K Weiland,HOU,0,3,6.62,3,3,0,0,0,0,17.2,24,13,13,5,0,7,13,1.75,.333
Adam A Wilk,DET,0,3,8.18,3,3,0,0,0,0,11.0,21,11,10,4,0,3,7,2.18,.412
Dylan D Bundy,BAL,0,0,0.00,2,0,0,0,0,0,1.2,1,0,0,0,0,1,0,1.20,.200
Edwar E Cabrera,COL,0,2,11.12,2,2,0,0,0,0,5.2,9,9,7,3,0,7,5,2.82,.346
Sam S Dyson,TOR,0,0,40.50,2,0,0,0,0,0,0.2,4,3,3,0,0,2,1,9.00,.667
John J Ely,LAD,0,2,20.25,2,0,0,0,0,0,2.2,6,6,6,0,1,4,3,3.75,.462
Steve S Geltz,LAA,0,0,4.50,2,0,0,0,0,0,2.0,2,1,1,0,0,3,1,2.50,.286
Jhan J Mariñez Marinez,CWS,0,0,0.00,2,0,0,0,0,0,2.2,2,0,0,0,0,2,1,1.50,.250
Jeff J Mathis,TOR,0,0,9.00,2,0,0,0,0,0,2.0,4,2,2,0,0,1,0,2.50,.400
Chris C Narveson,MIL,1,1,7.00,2,2,0,0,0,0,9.0,10,8,7,2,0,4,5,1.56,.294
Jake J Odorizzi,KC,0,1,4.91,2,2,0,0,0,0,7.1,8,4,4,1,0,4,4,1.64,.267
Jose J Ortega,DET,0,0,3.38,2,0,0,0,0,1,2.2,3,1,1,1,0,1,4,1.50,.250
Zach Z Putnam,COL,0,0,0.00,2,0,0,0,0,0,2.0,3,0,0,0,0,1,0,2.00,.429
George G Sherrill,SEA,0,0,27.00,2,0,0,0,0,0,1.1,6,4,4,2,0,1,0,5.25,.667
Julio J Teheran,ATL,0,0,5.68,2,1,0,0,0,0,6.1,5,4,4,0,0,1,5,0.95,.217
Thad T Weber,DET,0,1,9.00,2,0,0,0,0,0,4.0,10,4,4,0,0,2,1,3.00,.455
Brian B Wilson,SF,0,0,9.00,2,0,0,0,1,1,2.0,4,2,2,0,0,2,2,3.00,.400
Dewayne D Wise C,CWS,0,0,0.00,2,0,0,0,0,0,1.2,1,0,0,0,0,1,0,1.20,.200
David D Aardsma,NYY,0,0,9.00,1,0,0,0,0,0,1.0,1,1,1,1,0,1,1,2.00,.250
Brian B Bogusevic R,HOU,0,0,18.00,1,0,0,0,0,0,1.0,3,2,2,1,0,0,0,3.00,.429
Tyson T Brummett,PHI,0,0,0.00,1,0,0,0,0,0,0.2,2,0,0,0,0,0,2,3.00,.500
Brian B Bruney,CWS,1,0,0.00,1,0,0,0,0,0,1.0,0,0,0,0,0,2,2,2.00,.000
Drew D Butera,MIN,0,0,0.00,1,0,0,0,0,0,1.0,0,0,0,0,0,1,1,1.00,.000
Chris C Davis,BAL,1,0,0.00,1,0,0,0,0,0,2.0,2,0,0,0,0,1,2,1.50,.286
Rubby R De La Rosa,LAD,0,0,27.00,1,0,0,0,0,0,0.2,0,2,2,0,0,2,0,3.00,.000
Sam S Demel,ARI,0,1,9.00,1,0,0,0,0,0,1.0,2,1,1,0,0,1,0,3.00,.500
Jack J Egbert,NYM,0,0,0.00,1,0,0,0,0,0,0.2,0,0,0,0,0,0,0,0.00,.000
Craig C Gentry R,TEX,0,0,18.00,1,0,0,0,0,0,1.0,3,2,2,0,0,1,0,4.00,.500
Brad B Hand,MIA,0,1,17.18,1,1,0,0,0,0,3.2,6,7,7,1,0,6,3,3.27,.353
Pedro P Hernandez,CWS,0,1,18.00,1,1,0,0,0,0,4.0,12,8,8,3,0,1,2,3.25,.500
Shawn S Hill,TOR,1,0,0.00,1,0,0,0,0,0,3.0,0,0,0,0,0,2,0,0.67,.000
Rob R Johnson,NYM,0,0,0.00,1,0,0,0,0,0,1.0,0,0,0,0,0,0,1,0.00,.000
Bobby B Korecky,TOR,0,0,18.00,1,0,0,0,0,0,1.0,1,2,2,1,0,1,0,2.00,.250
Mitch M Maier C,KC,0,0,0.00,1,0,0,0,0,0,1.0,1,0,0,0,0,0,0,1.00,.333
Joe J Martinez,ARI,0,0,9.00,1,0,0,0,0,0,1.0,2,1,1,0,0,0,1,2.00,.400
Joe J Mather C,CHC,0,0,0.00,1,0,0,0,0,0,0.1,1,0,0,0,0,0,0,3.00,.500
Daniel D Mc Cutchen,PIT,0,1,-.--,1,0,0,0,0,0,0.0,1,2,2,1,0,1,0,-.--,1.000
Darnell D Mc Donald R,BOS,0,1,27.00,1,0,0,0,0,0,1.0,2,3,3,1,0,2,0,4.00,.500
Brad B Mills,LAA,1,0,0.00,1,1,0,0,0,0,5.0,3,0,0,0,0,0,6,0.60,.167
Dustin D Moseley,SD,0,0,9.00,1,1,0,0,0,0,5.0,5,5,5,1,0,2,4,1.40,.263
Lester L Oliveros,MIN,0,0,5.40,1,0,0,0,0,0,1.2,1,1,1,0,0,1,1,1.20,.167
Garrett G Olson,NYM,0,0,108.00,1,0,0,0,0,0,0.1,3,4,4,0,0,1,0,12.00,.750
Yusmeiro Y Petit,SF,0,0,3.86,1,1,0,0,0,0,4.2,7,2,2,0,0,4,1,2.36,.412
Todd T Redmond,CIN,0,1,10.80,1,1,0,0,0,0,3.1,7,4,4,1,0,5,2,3.60,.412
Aneury A Rodriguez,HOU,0,0,3.00,1,1,0,0,0,0,6.0,2,2,2,2,0,2,6,0.67,.105
Tim T Stauffer,SD,0,0,5.40,1,1,0,0,0,0,5.0,7,4,3,1,0,3,5,2.00,.333
Ryan R Verdugo,KC,0,1,32.40,1,1,0,0,0,0,1.2,8,6,6,1,0,2,2,6.00,.615
Pedro P Villarreal,CIN,0,0,0.00,1,0,0,0,0,0,1.0,0,0,0,0,0,0,1,0.00,.000
Adam A Warren,NYY,0,0,23.14,1,1,0,0,0,0,2.1,8,6,6,2,0,2,1,4.29,.533
