PLAYER,TEAM,W,L,ERA,GS,CG,SHO,SV,SVO,IP,H,R,ER,HR,HB,BB,SO,WHIP,AVG
Duane D Ward,TOR,7,6,2.77,81,0,0,0,23,23,107.1,80,36,33,3,2,33,132,1.05,.207
Barry B Jones,MON,4,9,3.35,77,0,0,0,13,13,88.2,76,35,33,8,1,33,46,1.23,.246
Paul P Assenmacher,CHC,7,8,3.24,75,0,0,0,15,15,102.2,85,41,37,10,3,31,117,1.13,.223
Mike M Stanton,ATL,5,5,2.88,74,0,0,0,7,7,78.0,62,27,25,6,1,21,54,1.06,.217
Juan J Agosto,STL,5,3,4.81,72,0,0,0,2,2,86.0,92,52,46,4,8,39,34,1.52,.291
Tim T Burke,NYM,6,7,3.36,72,0,0,0,6,6,101.2,96,46,38,8,4,26,59,1.20,.249
Michael M Jackson,SEA,7,7,3.25,72,0,0,0,14,14,88.2,64,35,32,5,6,34,74,1.11,.201
Gregg G Olson,BAL,4,6,3.18,72,0,0,0,31,31,73.2,74,28,26,1,1,29,72,1.40,.262
Roger R Mc Dowell,LA,9,9,2.93,71,0,0,0,10,10,101.1,100,40,33,4,2,48,50,1.46,.262
Chuck C Mc Elroy,CHC,6,2,1.95,71,0,0,0,3,3,101.1,73,33,22,7,0,57,92,1.28,.210
Al A Osuna,HOU,7,6,3.42,71,0,0,0,12,12,81.2,59,39,31,5,3,46,68,1.29,.201
Bill B Swift,SEA,1,2,1.99,71,0,0,0,17,17,90.1,74,22,20,3,1,26,48,1.11,.224
Mark M Eichhorn,CAL,3,3,1.98,70,0,0,0,1,1,81.2,63,21,18,2,2,13,49,0.93,.219
Mike M Jeffcoat,TEX,5,3,4.63,70,0,0,0,1,1,79.2,104,46,41,8,4,25,43,1.62,.321
Jeff J Innis,NYM,0,2,2.66,69,0,0,0,0,0,84.2,66,30,25,2,0,23,47,1.05,.219
Mitch M Williams,PHI,12,5,2.34,69,0,0,0,30,30,88.1,56,24,23,4,8,62,84,1.34,.182
Joe J Boever,PHI,3,5,3.84,68,0,0,0,0,0,98.1,90,45,42,10,0,54,89,1.46,.245
Greg G Cadaret,NYY,8,6,3.62,68,5,0,0,3,3,121.2,110,52,49,8,2,59,105,1.39,.246
Paul P Gibson,DET,5,7,4.59,68,0,0,0,8,8,96.0,112,51,49,10,3,48,52,1.67,.297
Ted T Power,CIN,5,3,3.62,68,0,0,0,3,3,87.0,87,37,35,6,2,31,51,1.36,.265
Jeff J Russell,TEX,6,4,3.29,68,0,0,0,30,30,79.1,71,36,29,11,1,26,52,1.22,.236
Jeff J Brantley,SF,5,2,2.45,67,0,0,0,15,15,95.1,78,27,26,8,5,52,81,1.36,.225
Rob R Dibble,CIN,3,5,3.17,67,0,0,0,31,31,82.1,67,32,29,5,0,25,124,1.12,.223
Dennis D Eckersley,OAK,5,4,2.96,67,0,0,0,43,43,76.0,60,26,25,11,1,9,87,0.91,.208
Bryan B Harvey,CAL,2,4,1.60,67,0,0,0,46,46,78.2,51,20,14,6,1,17,101,0.86,.178
Jeff J Montgomery,KC,4,4,2.90,67,0,0,0,33,33,90.0,83,32,29,6,2,28,77,1.23,.246
Scott S Radinsky,CWS,5,5,2.02,67,0,0,0,8,8,71.1,53,18,16,4,1,23,49,1.07,.206
Lee L Smith,STL,6,3,2.34,67,0,0,0,47,47,73.0,70,19,19,5,0,13,67,1.14,.249
Bobby B Thigpen,CWS,7,5,3.49,67,0,0,0,30,30,69.2,63,32,27,10,4,38,47,1.45,.245
Chuck C Crim,MIL,8,5,4.63,66,0,0,0,3,3,91.1,115,52,47,9,2,25,39,1.53,.305
John J Habyan,NYY,4,2,2.30,66,0,0,0,2,2,90.0,73,28,23,2,2,20,70,1.03,.225
Scott S Terry,STL,4,4,2.80,65,0,0,0,1,1,80.1,76,31,25,1,0,32,52,1.34,.249
Mark M Williamson,BAL,5,5,4.48,65,0,0,0,4,4,80.1,87,42,40,9,0,35,53,1.52,.275
Mike M Flanagan,BAL,2,7,2.38,64,1,0,0,3,3,98.1,84,27,26,6,3,25,55,1.11,.236
Tony T Fossas,BOS,3,2,3.47,64,0,0,0,1,1,57.0,49,27,22,3,3,28,29,1.35,.236
Lee L Guetterman,NYY,3,4,3.68,64,0,0,0,6,6,88.0,91,42,36,6,3,25,35,1.32,.268
Les L Lancaster,CHC,9,7,3.52,64,11,1,0,3,3,156.0,150,68,61,13,4,49,102,1.28,.256
Mike M Maddux,SD,7,2,2.46,64,1,0,0,5,5,98.2,78,30,27,4,1,27,57,1.06,.221
Rich R Rodriguez,SD,3,1,3.26,64,1,0,0,0,0,80.0,66,31,29,8,0,44,40,1.38,.234
Scott S Ruskin,MON,4,4,4.24,64,0,0,0,6,6,63.2,57,31,30,4,3,30,46,1.37,.241
Rick R Aguilera,MIN,4,5,2.35,63,0,0,0,42,42,69.0,44,20,18,3,1,30,61,1.07,.183
Kenny K Rogers,TEX,10,10,5.42,63,9,0,0,5,5,109.2,121,80,66,14,6,61,73,1.66,.281
Russ R Swan,SEA,6,2,3.43,63,0,0,0,2,2,78.2,81,35,30,8,0,28,33,1.39,.269
Mike M Timlin,TOR,11,6,3.16,63,3,0,0,3,3,108.1,94,43,38,6,1,50,85,1.33,.233
Joe J Klink,OAK,10,3,4.35,62,0,0,0,2,2,62.0,60,30,30,4,5,21,34,1.31,.260
Mark M Lee,MIL,2,5,3.86,62,0,0,0,1,1,67.2,72,33,29,10,1,31,43,1.52,.283
Bill B Landrum,PIT,4,4,3.18,61,0,0,0,17,17,76.1,76,32,27,4,0,19,45,1.24,.252
Dave D Righetti,SF,2,7,3.39,61,0,0,0,24,24,71.2,64,29,27,4,3,28,51,1.28,.240
Stan S Belinda,PIT,7,5,3.45,60,0,0,0,16,16,78.1,50,30,30,10,4,35,71,1.09,.184
Tim T Crews,LA,2,3,3.43,60,0,0,0,6,6,76.0,75,30,29,7,0,19,53,1.24,.256
Steve S Farr,NYY,5,5,2.19,60,0,0,0,23,23,70.0,57,19,17,4,5,20,60,1.10,.219
Mike M Henneman,DET,10,2,2.88,60,0,0,0,21,21,84.1,81,29,27,2,0,34,61,1.36,.258
John J Candelaria,LA,1,1,3.74,59,0,0,0,2,2,33.2,31,16,14,3,0,11,38,1.25,.252
Cris C Carpenter,STL,10,4,4.23,59,0,0,0,0,0,66.0,53,31,31,6,0,20,47,1.11,.220
Alejandro A Pena,ATL,8,1,2.40,59,0,0,0,15,15,82.1,74,23,22,6,0,22,62,1.17,.245
Mike M Hartley,PHI,4,1,4.21,58,0,0,0,2,2,83.1,74,40,39,11,6,47,63,1.45,.237
Randy R Myers,CIN,6,13,3.55,58,12,1,0,6,6,132.0,116,61,52,8,1,80,108,1.48,.242
Rob R Murphy,SEA,0,1,3.00,57,0,0,0,4,4,48.0,47,17,16,4,1,19,34,1.38,.250
Jeff J Reardon,BOS,1,4,3.03,57,0,0,0,40,40,59.1,54,21,20,9,1,16,44,1.18,.236
Steve S Bedrosian,MIN,5,3,4.42,56,0,0,0,6,6,77.1,70,42,38,11,3,35,44,1.36,.243
Steve S Chitren,OAK,1,4,4.33,56,0,0,0,4,4,60.1,59,31,29,8,4,32,47,1.51,.258
Curt C Schilling,HOU,3,5,3.81,56,0,0,0,8,8,75.2,79,35,32,2,0,39,71,1.56,.271
Jim J Gott,LA,4,3,2.96,55,0,0,0,2,2,76.0,63,28,25,5,1,32,73,1.25,.223
Francisco F Oliveras,SF,6,6,3.86,55,1,0,0,3,3,79.1,69,36,34,12,1,22,48,1.15,.242
Jim J Acker,TOR,3,5,5.20,54,4,0,0,1,1,88.1,77,53,51,16,2,36,44,1.28,.238
Jim J Clancy,ATL,3,5,3.91,54,0,0,0,8,8,89.2,73,42,39,8,1,34,50,1.19,.223
Craig C Lefferts,SD,1,6,3.91,54,0,0,0,23,23,69.0,74,35,30,5,1,14,48,1.28,.285
Julio J Machado,MIL,3,3,3.45,54,0,0,0,3,3,88.2,65,36,34,12,3,55,98,1.35,.211
Bob B Patterson,PIT,4,3,4.11,54,1,0,0,2,2,65.2,67,32,30,7,0,15,57,1.25,.267
Greg G Harris,BOS,11,12,3.85,53,21,1,0,2,2,173.0,157,79,74,13,5,69,127,1.31,.243
John J Franco,NYM,5,9,2.93,52,0,0,0,30,30,55.1,61,27,18,2,1,18,45,1.43,.271
Dwayne D Henry,HOU,3,2,3.19,52,0,0,0,2,2,67.2,51,25,24,7,2,39,51,1.33,.219
Bob B Kipper,PIT,2,2,4.65,52,0,0,0,4,4,60.0,66,34,31,7,0,22,38,1.47,.276
Heathcliff H Slocumb,CHC,2,1,3.45,52,0,0,0,1,1,62.2,53,29,24,3,3,30,34,1.32,.231
Storm S Davis,KC,3,9,4.96,51,9,1,1,2,2,114.1,140,69,63,11,1,46,53,1.63,.306
Jeff J Fassero,MON,2,5,2.44,51,0,0,0,8,8,55.1,39,17,15,1,1,17,42,1.01,.196
Todd T Frohwirth,BAL,7,3,1.87,51,0,0,0,3,3,96.1,64,24,20,2,1,29,77,0.97,.190
Shawn S Hillegas,CLE,3,4,4.34,51,3,0,0,7,7,83.0,67,42,40,7,2,46,66,1.36,.223
Dennis D Lamp,BOS,6,3,4.70,51,0,0,0,0,0,92.0,100,54,48,8,3,31,57,1.42,.275
Donn D Pall,CWS,7,2,2.41,51,0,0,0,0,0,71.0,59,22,19,7,3,20,40,1.11,.231
Jeff J Gray,BOS,2,3,2.34,50,0,0,0,1,1,61.2,39,17,16,7,1,10,41,0.79,.181
Terry T Leach,MIN,1,2,3.61,50,0,0,0,0,0,67.1,82,28,27,3,0,14,32,1.43,.299
Kent K Mercker,ATL,5,3,2.58,50,4,0,0,6,6,73.1,56,23,21,5,1,35,62,1.24,.211
Juan J Berenguer,ATL,0,3,2.24,49,0,0,0,17,17,64.1,43,18,16,5,3,20,53,0.98,.189
Tom T Henke,TOR,0,2,2.32,49,0,0,0,32,32,50.1,33,13,13,4,0,11,53,0.87,.184
Melido M Perez,CWS,8,7,3.12,49,8,0,0,1,1,135.2,111,49,47,15,1,52,128,1.20,.224
Willie W Fraser,STL,3,5,5.35,48,1,0,0,0,0,75.2,77,48,45,13,6,32,37,1.44,.265
Steve S Olin,CLE,3,6,3.36,48,0,0,0,17,17,56.1,61,26,21,2,1,23,38,1.49,.274
Jim J Corsi,HOU,0,5,3.71,47,0,0,0,0,0,77.2,76,37,32,6,0,23,53,1.27,.259
Jerry Don J Gleaton,DET,3,2,4.06,47,0,0,0,2,2,75.1,74,37,34,7,0,39,47,1.50,.269
Jesse J Orosco,CLE,2,0,3.74,47,0,0,0,0,0,45.2,52,20,19,4,1,15,36,1.47,.286
Kevin K Gross,LA,10,11,3.58,46,10,0,0,3,3,115.2,123,55,46,10,2,50,95,1.50,.275
Kelly K Downs,SF,10,4,4.19,45,11,0,0,0,0,111.2,99,59,52,12,3,53,62,1.36,.239
Tom T Gordon,KC,9,14,3.87,45,14,1,0,1,1,158.0,129,76,68,16,4,87,167,1.37,.221
Bob B Mac Donald,TOR,3,3,2.85,45,0,0,0,0,0,53.2,51,19,17,5,0,25,24,1.42,.252
Bob B Mc Clure,STL,1,1,4.96,45,0,0,0,0,0,32.2,37,19,18,4,2,13,20,1.53,.294
Dan D Plesac,MIL,2,7,4.29,45,10,0,0,8,8,92.1,92,49,44,12,3,39,61,1.42,.263
Rich R Gossage,TEX,4,2,3.57,44,0,0,0,1,1,40.1,33,16,16,4,3,16,28,1.21,.228
Jay J Howell,LA,6,5,3.18,44,0,0,0,16,16,51.0,39,19,18,3,1,11,40,0.98,.213
Gene G Nelson,OAK,1,5,6.84,44,0,0,0,0,0,48.2,60,38,37,12,3,23,23,1.71,.306
Trevor T Wilson,SF,13,11,3.56,44,29,2,1,0,0,202.0,173,87,80,13,5,77,139,1.24,.234
Rick R Honeycutt,OAK,2,4,3.58,43,0,0,0,0,0,37.2,37,16,15,3,2,20,26,1.51,.261
Ken K Patterson,CWS,3,0,2.83,43,0,0,0,1,1,63.2,48,22,20,5,1,35,32,1.30,.214
Eric E Plunk,NYY,2,5,4.76,43,8,0,0,0,0,111.2,128,69,59,18,1,62,103,1.70,.286
Bill B Sampen,MON,9,5,4.00,43,8,0,0,0,0,92.1,96,49,41,13,3,46,52,1.54,.273
Scott S Bailes,CAL,1,2,4.18,42,0,0,0,0,0,51.2,41,26,24,5,4,22,41,1.22,.218
Neal N Heaton,PIT,3,3,4.33,42,1,0,0,0,0,68.2,72,37,33,6,4,21,34,1.35,.275
Doug D Simons,NYM,2,3,5.19,42,1,0,0,1,1,60.2,55,40,35,5,2,19,38,1.22,.246
Mike M Bielecki,ATL,13,11,4.46,41,25,0,0,0,0,173.2,171,91,86,18,2,56,75,1.31,.262
Mark M Guthrie,MIN,7,5,4.32,41,12,0,0,2,2,98.0,116,52,47,11,1,41,72,1.60,.303
Curt C Young,OAK,4,2,5.00,41,1,0,0,0,0,68.1,74,38,38,8,2,34,27,1.58,.278
Darren D Holmes,MIL,1,4,4.72,40,0,0,0,3,3,76.1,90,43,40,6,1,27,59,1.53,.295
Dan D Petry,BOS,2,3,4.97,40,6,0,0,1,1,101.1,116,69,56,14,2,45,39,1.59,.289
Bob B Scanlan,CHC,7,8,3.89,40,13,0,0,1,1,111.0,114,60,48,5,3,40,44,1.39,.269
David D Wells,TOR,15,10,3.72,40,28,2,0,1,1,198.1,188,88,82,24,2,49,106,1.19,.252
Carl C Willis,MIN,8,3,2.63,40,0,0,0,2,2,89.0,76,31,26,4,1,19,53,1.07,.232
Norm N Charlton,CIN,3,5,2.91,39,11,0,0,1,1,108.1,92,37,35,6,6,34,77,1.16,.236
Joe J Hesketh,BOS,12,4,3.29,39,17,0,0,0,0,153.1,142,59,56,19,0,53,104,1.27,.250
Wally W Ritchie,PHI,1,2,2.50,39,0,0,0,0,0,50.1,44,17,14,4,2,17,26,1.21,.234
Jeff J Robinson,CAL,0,3,5.37,39,0,0,0,3,3,57.0,56,34,34,9,2,29,57,1.49,.259
Larry L Andersen,SD,3,4,2.30,38,0,0,0,13,13,47.0,39,13,12,0,0,13,40,1.11,.232
Luis L Aquino,KC,8,4,3.44,38,18,1,1,3,3,157.0,152,67,60,10,4,47,80,1.27,.253
John J Cerutti,DET,3,6,4.57,38,8,1,0,2,2,88.2,94,49,45,9,2,37,29,1.48,.276
Paul P Kilgus,BAL,0,2,5.08,38,0,0,0,1,1,62.0,60,38,35,8,3,24,32,1.35,.256
Mark M Leiter,DET,9,7,4.21,38,15,1,0,1,1,134.2,125,66,63,16,6,50,103,1.30,.245
Mike M Magnante,KC,0,1,2.45,38,0,0,0,0,0,55.0,55,19,15,3,0,23,42,1.42,.262
Steve S Howe,NYY,3,1,1.68,37,0,0,0,3,3,48.1,39,12,9,1,3,7,34,0.95,.222
Darryl D Kile,HOU,7,11,3.69,37,22,0,0,0,0,153.2,144,81,63,16,6,84,100,1.48,.246
Greg G Maddux,CHC,15,11,3.35,37,37,7,2,0,0,263.0,232,113,98,18,6,66,198,1.13,.237
Mel M Rojas,MON,3,3,3.75,37,0,0,0,6,6,48.0,42,21,20,4,1,13,37,1.15,.228
Tom T Browning,CIN,14,14,4.18,36,36,1,0,0,0,230.1,241,124,107,32,4,56,115,1.29,.266
John J Burkett,SF,12,11,4.18,36,34,3,1,0,0,206.2,223,103,96,19,10,60,131,1.37,.277
Tommy T Greene,PHI,13,7,3.38,36,27,3,2,0,0,207.2,177,85,78,19,3,66,154,1.17,.230
Doug D Jones,CLE,4,8,5.54,36,4,0,0,7,7,63.1,87,42,39,7,0,17,48,1.64,.320
Charlie C Leibrandt,ATL,15,13,3.49,36,36,1,1,0,0,229.2,212,105,89,18,4,56,128,1.17,.245
Vicente V Palacios,PIT,6,3,3.75,36,7,1,1,3,3,81.2,69,34,34,12,1,38,64,1.31,.228
Wayne W Rosenthal,TEX,1,4,5.25,36,0,0,0,1,1,70.1,72,43,41,9,1,36,61,1.54,.257
John J Smoltz,ATL,14,13,3.80,36,36,5,0,0,0,229.2,206,101,97,16,3,77,148,1.23,.243
Wally W Whitehurst,NYM,7,12,4.19,36,20,0,0,1,1,133.1,142,67,62,12,4,25,87,1.25,.274
Steve S Avery,ATL,18,8,3.38,35,35,3,1,0,0,210.1,189,89,79,21,3,65,137,1.21,.240
Roger R Clemens,BOS,18,10,2.62,35,35,13,4,0,0,271.1,219,93,79,15,5,65,241,1.05,.221
Doug D Drabek,PIT,15,14,3.07,35,35,5,2,0,0,234.2,245,92,80,16,3,62,142,1.31,.274
Bill B Gullickson,DET,20,9,3.90,35,35,4,0,0,0,226.1,256,109,98,22,4,44,91,1.33,.288
Bill B Krueger,SEA,11,8,3.60,35,25,1,0,0,0,175.0,194,82,70,15,4,60,91,1.45,.289
Jack J Mc Dowell,CWS,17,10,3.41,35,35,15,3,0,0,253.2,212,97,96,19,4,82,191,1.16,.228
Jack J Morris,MIN,18,12,3.43,35,35,10,2,0,0,246.2,226,107,94,18,5,92,163,1.29,.245
Pete P Schourek,NYM,5,4,4.27,35,8,1,1,2,2,86.1,82,49,41,7,2,43,67,1.45,.248
Dave D Smith,CHC,0,6,6.00,35,0,0,0,17,17,33.0,39,22,22,6,1,19,16,1.76,.302
Zane Z Smith,PIT,16,10,3.20,35,35,6,3,0,0,228.0,234,95,81,15,2,29,120,1.15,.268
Dave D Stewart,OAK,11,11,5.18,35,35,2,1,0,0,226.0,245,135,130,24,9,105,144,1.55,.278
Walt W Terrell,DET,12,14,4.24,35,33,8,2,0,0,218.2,257,115,103,16,2,79,80,1.54,.301
Frank F Viola,NYM,13,15,3.97,35,35,3,0,0,0,231.1,259,112,102,25,1,54,132,1.35,.286
Bob B Welch,OAK,12,13,4.58,35,35,7,1,0,0,220.0,220,124,112,25,11,91,101,1.41,.263
Jim J Abbott,CAL,18,11,2.89,34,34,5,1,0,0,243.0,222,85,78,14,5,73,158,1.21,.244
Kevin K Appier,KC,13,10,3.42,34,31,6,3,0,0,207.2,205,97,79,13,2,61,158,1.28,.255
Bud B Black,SF,12,16,3.99,34,34,3,3,0,0,214.1,201,104,95,25,4,71,104,1.27,.251
Tom T Candiotti,TOR,13,13,2.65,34,34,6,0,0,0,238.0,202,82,70,12,6,73,167,1.16,.228
David D Cone,NYM,14,14,3.29,34,34,5,2,0,0,232.2,204,95,85,13,5,73,241,1.19,.235
Alex A Fernandez,CWS,9,13,4.51,34,32,2,0,0,0,191.2,186,100,96,16,2,88,145,1.43,.259
Chuck C Finley,CAL,18,9,3.80,34,34,4,2,0,0,227.1,205,102,96,23,8,101,171,1.35,.244
Marvin M Freeman,ATL,1,0,3.00,34,0,0,0,1,1,48.0,37,19,16,2,2,13,34,1.04,.214
Tom T Glavine,ATL,20,11,2.55,34,34,9,1,0,0,246.2,201,83,70,17,2,69,192,1.09,.222
Mark M Langston,CAL,19,8,3.00,34,34,7,0,0,0,246.1,190,89,82,30,2,96,183,1.16,.215
Terry T Mathews,TEX,4,0,3.61,34,2,0,0,1,1,57.1,54,24,23,5,1,18,51,1.26,.251
Mike M Morgan,LA,14,10,2.78,34,33,5,1,1,1,236.1,197,85,73,12,3,61,140,1.09,.226
Terry T Mulholland,PHI,16,13,3.61,34,34,8,3,0,0,232.0,231,100,93,15,3,49,142,1.21,.260
Jaime J Navarro,MIL,15,12,3.92,34,34,10,2,0,0,234.0,237,117,102,18,6,73,114,1.32,.261
Don D Robinson,SF,5,9,4.38,34,16,0,0,1,1,121.1,123,64,59,12,1,50,78,1.43,.265
Scott S Sanderson,NYY,16,10,3.81,34,34,2,2,0,0,208.0,200,95,88,22,3,29,130,1.10,.252
Mike M Schooler,SEA,3,3,3.67,34,0,0,0,7,7,34.1,25,14,14,2,0,10,31,1.02,.198
Steve S Searcy,PHI,3,3,6.59,34,5,0,0,0,0,71.0,81,56,52,10,0,44,53,1.76,.288
Todd T Stottlemyre,TOR,15,8,3.78,34,34,1,0,0,0,219.0,194,97,92,21,12,75,116,1.23,.235
Kevin K Tapani,MIN,16,9,2.99,34,34,4,1,0,0,244.0,225,84,81,23,2,40,135,1.09,.245
Tim T Belcher,LA,10,9,2.62,33,33,2,1,0,0,209.1,189,76,61,10,2,75,156,1.26,.240
Andy A Benes,SD,15,11,3.03,33,33,4,1,0,0,223.0,194,76,75,23,4,59,167,1.13,.232
Kevin K Brown,TEX,9,12,4.40,33,33,0,0,0,0,210.2,233,116,103,17,13,90,96,1.53,.284
Steve S Crawford,KC,3,2,5.98,33,0,0,0,1,1,46.2,60,31,31,3,1,18,38,1.67,.311
Pete P Harnisch,HOU,12,9,2.70,33,33,4,2,0,0,216.2,169,71,65,14,5,83,172,1.16,.212
Randy R Johnson,SEA,13,10,3.98,33,33,2,1,0,0,201.1,151,96,89,15,12,152,228,1.50,.213
Jimmy J Key,TOR,16,12,3.05,33,33,2,2,0,0,209.1,207,84,71,12,3,44,125,1.20,.254
Ramon R Martinez,LA,17,13,3.27,33,33,6,4,0,0,220.1,190,89,80,18,7,69,150,1.18,.229
Mike M Moore,OAK,17,8,2.96,33,33,3,1,0,0,210.0,176,75,69,11,5,105,153,1.34,.229
Charles C Nagy,CLE,10,15,4.13,33,33,6,1,0,0,211.1,228,103,97,15,6,66,109,1.39,.275
John J Smiley,PIT,20,8,3.08,33,32,2,1,0,0,207.2,194,78,71,17,3,44,129,1.15,.251
Greg G Swindell,CLE,9,16,3.48,33,33,7,0,0,0,238.0,241,112,92,21,3,31,169,1.14,.263
Frank F Tanana,DET,13,12,3.69,33,33,3,2,0,0,217.1,217,98,89,26,2,78,107,1.36,.265
Chris C Bosio,MIL,14,10,3.25,32,32,5,1,0,0,204.2,187,80,74,15,8,58,117,1.20,.244
Ron R Darling,OAK,8,15,4.26,32,32,0,0,0,0,194.1,185,100,92,22,9,71,129,1.32,.254
Rich R De Lucia,SEA,12,13,5.09,32,31,0,0,0,0,182.0,176,107,103,31,4,78,98,1.40,.260
Scott S Erickson,MIN,20,8,3.18,32,32,5,3,0,0,204.0,189,80,72,13,6,71,108,1.27,.248
Doug D Henry,MIL,2,1,1.00,32,0,0,0,15,15,36.0,16,4,4,1,0,14,28,0.83,.133
Xavier X Hernandez,HOU,2,7,4.71,32,6,0,0,3,3,63.0,66,34,33,6,0,32,55,1.56,.263
Greg G Hibbard,CWS,11,11,4.31,32,29,5,0,0,0,194.0,196,107,93,23,2,57,71,1.30,.266
Mark M Portugal,HOU,10,12,4.49,32,27,1,0,1,1,168.1,163,91,84,19,2,59,120,1.32,.256
Rod R Beck,SF,1,1,3.78,31,0,0,0,1,1,52.1,53,22,22,4,1,13,38,1.26,.273
Oil Can O Boyd,TEX,8,15,4.59,31,31,1,1,0,0,182.1,196,96,93,21,0,57,115,1.39,.277
Jose J De Jesus,PHI,10,9,3.42,31,29,3,0,1,1,181.2,147,74,69,7,4,128,118,1.51,.224
Steve S Frey,MON,0,1,4.99,31,0,0,0,1,1,39.2,43,31,22,3,1,23,21,1.66,.281
Dan D Gakeler,DET,1,4,5.74,31,7,0,0,2,2,73.2,73,52,47,5,1,39,43,1.52,.256
Charlie C Hough,CWS,9,10,4.02,31,29,4,1,0,0,199.1,167,98,89,21,11,94,107,1.31,.229
Bruce B Hurst,SD,15,8,3.29,31,31,4,0,0,0,221.2,201,89,81,17,3,59,141,1.17,.241
Dennis D Martinez,MON,14,11,2.39,31,31,9,5,0,0,222.0,187,70,59,9,4,62,123,1.12,.226
Jose J Melendez,SD,8,5,3.27,31,9,0,0,3,3,93.2,77,35,34,11,1,24,60,1.08,.221
Bob B Milacki,BAL,10,9,4.01,31,26,3,1,0,0,184.0,175,86,82,17,1,53,108,1.24,.253
Rod R Nichols,CLE,2,11,3.54,31,16,3,1,1,1,137.1,145,63,54,6,6,30,76,1.27,.273
Bob B Ojeda,LA,12,9,3.18,31,31,2,1,0,0,189.1,181,78,67,15,3,70,120,1.33,.257
Bruce B Ruffin,PHI,4,7,3.78,31,15,1,1,0,0,119.0,125,52,50,6,1,38,85,1.37,.272
Bryn B Smith,STL,12,9,3.85,31,31,3,0,0,0,198.2,188,95,85,16,7,45,94,1.17,.251
Randy R Tomlin,PIT,8,7,2.98,31,27,4,2,0,0,175.0,170,75,58,9,6,54,104,1.28,.254
Darrel D Akerfelds,PHI,2,1,5.26,30,0,0,0,0,0,49.2,49,30,29,5,3,27,31,1.53,.257
Gerald G Alexander,TEX,5,3,5.24,30,9,0,0,0,0,89.1,93,56,52,11,3,48,50,1.58,.272
Mike M Boddicker,KC,12,12,4.08,30,29,1,0,0,0,180.2,188,89,82,13,13,59,79,1.37,.272
Ken K Hill,STL,11,10,3.57,30,30,0,0,0,0,181.1,147,76,72,15,6,67,121,1.18,.224
Brian B Holman,SEA,13,14,3.69,30,30,5,3,0,0,195.1,199,86,80,16,10,77,108,1.41,.268
Kirk K Mc Caskill,CAL,10,19,4.26,30,30,1,0,0,0,177.2,193,93,84,19,3,66,71,1.46,.283
Jose J Rijo,CIN,15,6,2.51,30,30,3,1,0,0,204.1,165,69,57,8,3,55,172,1.08,.219
Bob B Tewksbury,STL,11,12,3.25,30,30,3,0,0,0,191.0,206,86,69,13,5,38,75,1.28,.281
Allan A Anderson,MIN,5,11,4.96,29,22,2,0,0,0,134.1,148,82,74,24,5,42,51,1.41,.281
Mark M Davis,KC,6,3,4.45,29,5,0,0,1,1,62.2,55,36,31,6,1,39,47,1.50,.240
Kip K Gross,CIN,6,4,3.47,29,9,1,0,0,0,85.2,93,43,33,8,0,40,40,1.55,.279
Jim J Poole,BAL,3,2,2.36,29,0,0,0,1,1,42.0,29,14,11,3,0,12,38,0.98,.196
Jeff J Shaw,CLE,0,5,3.36,29,1,0,0,1,1,72.1,72,34,27,6,4,27,31,1.37,.262
Don D August,MIL,9,8,5.47,28,23,1,1,0,0,138.1,166,87,84,18,3,47,62,1.54,.301
John J Barfield,TEX,4,4,4.54,28,9,0,0,1,1,83.1,96,51,42,11,0,22,27,1.42,.289
Brian B Barnes,MON,5,8,4.22,28,27,1,0,0,0,160.0,135,82,75,16,6,84,117,1.37,.233
Shawn S Boskie,CHC,4,9,5.23,28,20,0,0,0,0,129.0,150,78,75,14,5,52,62,1.57,.294
Don D Carman,CIN,0,2,5.25,28,0,0,0,1,1,36.0,40,23,21,8,1,19,15,1.64,.286
Jose J De Leon,STL,5,9,2.71,28,28,1,0,0,0,162.2,144,57,49,15,6,61,118,1.26,.239
Jim J Deshaies,HOU,5,12,4.98,28,28,1,0,0,0,161.0,156,90,89,19,1,72,98,1.42,.259
Brian B Drahman,CWS,3,2,3.23,28,0,0,0,0,0,30.2,21,12,11,4,0,13,18,1.11,.193
Tim T Leary,NYY,4,10,6.49,28,18,1,0,0,0,120.2,150,89,87,20,4,57,83,1.72,.312
Omar O Olivares,STL,11,7,3.71,28,24,0,0,1,1,167.1,148,72,69,13,5,61,91,1.25,.243
Bret B Saberhagen,KC,13,8,3.07,28,28,7,2,0,0,196.1,165,76,67,12,9,45,136,1.07,.228
Bill B Wegman,MIL,15,7,2.84,28,28,7,2,0,0,193.1,176,76,61,16,7,40,89,1.12,.242
Jack J Armstrong,CIN,7,13,5.48,27,24,1,0,0,0,139.2,158,90,85,25,2,54,93,1.52,.293
John J Costello,SD,1,0,3.09,27,0,0,0,0,0,35.0,37,15,12,2,0,17,24,1.54,.276
Mark M Gardner,MON,9,11,3.85,27,27,0,0,0,0,168.1,139,78,72,17,4,75,107,1.27,.230
Dwight D Gooden,NYM,13,7,3.60,27,27,3,1,0,0,190.0,185,80,76,12,3,56,150,1.27,.257
Erik E Hanson,SEA,8,8,3.81,27,27,2,1,0,0,174.2,182,82,74,16,2,56,143,1.36,.269
Calvin C Jones,SEA,2,2,2.53,27,0,0,0,2,2,46.1,33,14,13,0,1,29,42,1.34,.209
Nolan N Ryan,TEX,12,6,2.91,27,27,2,2,0,0,173.0,102,58,56,12,5,72,203,1.01,.172
Scott S Scudder,CIN,6,9,4.35,27,14,0,0,1,1,101.1,91,52,49,6,6,56,51,1.45,.246
Jeff J Ballard,BAL,6,12,5.60,26,22,0,0,0,0,123.2,153,91,77,16,2,28,37,1.46,.302
Mark M Gubicza,KC,9,12,5.68,26,26,0,0,0,0,133.0,168,90,84,10,6,42,89,1.58,.308
Jimmy J Jones,HOU,6,8,4.39,26,22,1,1,0,0,135.1,143,73,66,9,3,51,88,1.43,.270
Rich R Monteleone,NYY,3,1,3.64,26,0,0,0,0,0,47.0,42,27,19,5,0,19,34,1.30,.236
Tom T Bolton,BOS,8,9,5.24,25,19,0,0,0,0,110.0,136,72,64,16,1,51,64,1.70,.308
Mike M Capel,HOU,1,3,3.03,25,0,0,0,3,3,32.2,33,14,11,3,0,15,23,1.47,.266
Jose J Guzman,TEX,13,7,3.08,25,25,5,1,0,0,169.2,152,67,58,10,4,84,125,1.39,.239
Eric E King,CLE,6,11,4.60,25,24,2,1,0,0,150.2,166,83,77,7,3,44,59,1.39,.279
Bob B Walk,PIT,9,2,3.60,25,20,0,0,0,0,115.0,104,53,46,10,5,35,67,1.21,.240
Rob R Mallicoat,HOU,0,2,3.86,24,0,0,0,1,1,23.1,22,10,10,2,2,13,18,1.50,.259
Roger R Mason,PIT,3,2,3.03,24,0,0,0,3,3,29.2,21,11,10,2,1,6,21,0.91,.200
Chris C Nabholz,MON,8,7,3.63,24,24,1,0,0,0,153.2,134,66,62,5,2,57,99,1.24,.237
Dennis D Rasmussen,SD,6,13,3.74,24,24,1,1,0,0,146.2,155,74,61,12,2,49,75,1.39,.271
Danny D Cox,PHI,4,6,4.57,23,17,0,0,0,0,102.1,98,57,52,14,1,39,46,1.34,.258
Juan J Guzman,TOR,10,3,2.99,23,23,1,0,0,0,138.2,98,53,46,6,4,66,123,1.18,.197
Jeff J Johnson,NYY,6,11,5.95,23,23,0,0,0,0,127.0,156,89,84,15,6,33,62,1.49,.305
Rick R Mahler,ATL,2,4,4.50,23,8,0,0,0,0,66.0,70,37,33,4,2,28,27,1.48,.275
Jose J Mesa,BAL,6,11,5.97,23,23,2,1,0,0,123.2,151,86,82,11,3,62,64,1.72,.307
Ed E Nunez,MIL,2,1,6.04,23,0,0,0,8,8,25.1,28,20,17,6,0,13,24,1.62,.277
Eric E Show,OAK,1,2,5.92,23,5,0,0,0,0,51.2,62,36,34,5,0,17,20,1.53,.300
Wade W Taylor,NYY,7,12,6.27,23,22,0,0,0,0,116.1,144,85,81,13,7,53,72,1.69,.314
Chris C Beasley,CAL,0,1,3.38,22,0,0,0,0,0,26.2,26,14,10,2,1,10,14,1.35,.257
Dave D Burba,SEA,2,2,3.68,22,2,0,0,1,1,36.2,34,16,15,6,0,14,16,1.31,.245
Mike M Gardiner,BOS,9,10,4.85,22,22,0,0,0,0,130.0,140,79,70,18,0,47,91,1.44,.274
Milt M Hill,CIN,1,1,3.78,22,0,0,0,0,0,33.1,36,14,14,1,0,8,20,1.32,.295
Dave D Johnson,BAL,4,8,7.07,22,14,0,0,0,0,84.0,127,68,66,18,4,24,38,1.80,.349
Tim T Layana,CIN,0,2,6.97,22,0,0,0,0,0,20.2,23,18,16,1,0,11,14,1.65,.277
Orel O Hershiser,LA,7,2,3.46,21,21,0,0,0,0,112.0,112,43,43,3,5,32,73,1.29,.259
Ben B Mc Donald,BAL,6,8,4.84,21,21,1,0,0,0,126.1,126,71,68,16,1,43,85,1.34,.261
Doug D Piatt,MON,0,0,2.60,21,0,0,0,0,0,34.2,29,11,10,3,0,17,29,1.33,.230
Jeff J Robinson,BAL,4,9,5.18,21,19,0,0,0,0,104.1,119,62,60,12,6,51,65,1.63,.289
Dennis D Cook,LA,1,0,0.51,20,1,0,0,0,0,17.2,12,3,1,0,0,7,8,1.08,.203
Chris C Hammond,CIN,7,7,4.06,20,18,0,0,0,0,99.2,92,51,45,4,2,48,50,1.40,.250
Greg G Harris,SD,9,5,2.23,20,20,3,2,0,0,133.0,116,42,33,16,1,27,95,1.08,.233
Joe J Slusarski,OAK,5,7,5.27,20,19,1,0,0,0,109.1,121,69,64,14,4,52,60,1.58,.283
Mike M Fetters,CAL,2,5,4.84,19,4,0,0,0,0,44.2,53,29,24,4,3,28,24,1.81,.305
Andy A Hawkins,OAK,4,6,5.52,19,17,1,0,0,0,89.2,91,56,55,10,5,42,45,1.48,.262
Kevin K Hickey,BAL,1,0,9.00,19,0,0,0,0,0,14.0,15,14,14,3,0,6,10,1.50,.278
Randy R St. Claire,ATL,0,0,4.08,19,0,0,0,0,0,28.2,31,17,13,4,0,9,30,1.40,.282
Rick R Sutcliffe,CHC,6,5,4.10,19,18,0,0,0,0,96.2,96,52,44,4,0,45,52,1.46,.264
Steve S Wilson,LA,0,0,2.61,19,0,0,0,2,2,20.2,14,7,6,1,0,9,14,1.11,.197
Matt M Young,BOS,3,7,5.18,19,16,0,0,0,0,88.2,92,55,51,4,2,53,69,1.64,.266
Frank F Castillo,CHC,6,7,4.35,18,18,4,0,0,0,111.2,107,56,54,5,0,33,73,1.25,.252
Dave D Eiland,NYY,2,5,5.33,18,13,0,0,0,0,72.2,87,51,43,10,3,23,18,1.51,.302
Joe J Grahe,CAL,3,7,4.81,18,10,1,0,0,0,73.0,84,43,39,2,3,33,40,1.60,.288
Dana D Kiecker,BOS,2,3,7.36,18,5,0,0,0,0,40.1,56,34,33,6,2,23,21,1.96,.344
Michael M La Coss,SF,1,5,7.23,18,5,0,0,0,0,47.1,61,39,38,4,2,24,30,1.80,.314
Dave D Otto,CLE,2,8,4.23,18,14,1,0,0,0,100.0,108,52,47,7,4,27,47,1.35,.283
Jeff J Parrett,ATL,1,2,6.33,18,0,0,0,1,1,21.1,31,18,15,2,0,12,14,2.02,.326
Rosario R Rodriguez,PIT,1,1,4.11,18,0,0,0,6,6,15.1,14,7,7,1,1,8,10,1.43,.246
Scott S Bankhead,SEA,3,6,4.90,17,9,0,0,0,0,60.2,73,35,33,8,2,21,28,1.55,.297
Tony T Castillo,NYM,2,1,3.34,17,3,0,0,0,0,32.1,40,16,12,4,0,11,18,1.58,.301
Wes W Gardner,KC,0,1,5.88,17,0,0,0,1,1,26.0,32,20,17,1,0,14,12,1.77,.291
Bryan B Hickerson,SF,2,2,3.60,17,6,0,0,0,0,50.0,53,20,20,3,0,17,43,1.40,.275
Danny D Jackson,CHC,1,5,6.75,17,14,0,0,0,0,70.2,89,59,53,8,1,48,31,1.94,.309
Roy R Smith,BAL,5,4,5.60,17,14,0,0,0,0,80.1,99,52,50,9,1,24,25,1.53,.311
Bobby B Witt,TEX,3,7,6.09,17,16,1,1,0,0,88.2,84,66,60,4,1,74,82,1.78,.254
Mark M Wohlers,ATL,3,1,3.20,17,0,0,0,2,2,19.2,17,7,7,1,2,13,13,1.53,.239
Floyd F Bannister,CAL,0,0,3.96,16,0,0,0,0,0,25.0,25,12,11,5,0,10,16,1.40,.266
Ramon R Garcia,CWS,4,4,5.40,16,15,0,0,0,0,78.1,79,50,47,13,2,31,40,1.40,.269
Chris C Haney,MON,3,7,4.04,16,16,0,0,0,0,84.2,94,49,38,6,1,43,51,1.62,.280
Scott S Lewis,CAL,3,5,6.27,16,11,0,0,0,0,60.1,81,43,42,9,2,21,37,1.69,.316
Gino G Minutelli,CIN,0,2,6.04,16,3,0,0,0,0,25.1,30,17,17,5,0,18,21,1.89,.288
Kevin K Morton,BOS,6,5,4.59,16,15,1,0,0,0,86.1,93,49,44,9,1,40,45,1.54,.284
Paul P Abbott,MIN,3,1,4.75,15,3,0,0,0,0,47.1,38,27,25,5,0,36,43,1.56,.232
Kevin K Brown,MIL,2,4,5.51,15,10,0,0,0,0,63.2,66,39,39,6,1,34,30,1.57,.270
Larry L Casian,MIN,0,0,7.36,15,0,0,0,0,0,18.1,28,16,15,4,1,7,6,1.91,.354
David D Weathers,TOR,1,0,4.91,15,0,0,0,0,0,14.2,15,9,8,1,2,17,13,2.18,.263
David D West,MIN,4,4,4.54,15,12,0,0,0,0,71.1,66,37,36,13,1,28,52,1.32,.244
Ryan R Bowen,HOU,6,4,5.15,14,13,0,0,0,0,71.2,73,43,41,4,3,36,49,1.52,.268
Kevin K Campbell,OAK,1,0,2.74,14,0,0,0,0,0,23.0,13,7,7,4,1,14,16,1.17,.167
Pat P Combs,PHI,2,6,4.90,14,13,1,0,0,0,64.1,64,41,35,7,2,43,41,1.66,.254
Mike M Perez,STL,0,2,5.82,14,0,0,0,0,0,17.0,19,11,11,1,1,7,7,1.53,.288
Pascual P Perez,NYY,2,4,3.18,14,14,0,0,0,0,73.2,68,26,26,7,0,24,41,1.25,.250
Doug D Sisk,ATL,2,1,5.02,14,0,0,0,0,0,14.1,21,14,8,1,0,8,5,2.02,.333
Pete P Smith,ATL,1,3,5.06,14,10,0,0,0,0,48.0,48,33,27,5,0,22,29,1.46,.262
Mike M York,CLE,1,4,6.75,14,4,0,0,0,0,34.2,45,29,26,2,2,19,19,1.85,.333
Wayne W Edwards,CWS,0,2,3.86,13,0,0,0,0,0,23.1,22,14,10,2,0,17,12,1.67,.259
Joel J Johnston,KC,1,0,0.40,13,0,0,0,0,0,22.1,9,1,1,0,0,9,21,0.81,.120
Paul P Mc Clellan,SF,3,6,4.56,13,12,1,0,0,0,71.0,68,41,36,12,1,25,44,1.31,.252
Adam A Peterson,SD,3,4,4.45,13,11,0,0,0,0,54.2,50,33,27,10,0,28,37,1.43,.242
Ed E Whitson,SD,4,6,5.03,13,12,2,0,0,0,78.2,93,47,44,13,0,17,40,1.40,.299
Denis D Boucher,CLE,1,7,6.05,12,12,0,0,0,0,58.0,74,41,39,12,2,24,29,1.69,.308
Pat P Clements,SD,1,0,3.77,12,0,0,0,0,0,14.1,13,8,6,0,0,9,8,1.53,.255
Danny D Darwin,BOS,3,6,5.16,12,12,0,0,0,0,68.0,71,39,39,15,4,15,42,1.26,.263
Jason J Grimsley,PHI,1,7,4.87,12,12,0,0,0,0,61.0,54,34,33,4,3,41,42,1.56,.242
Mark M Knudson,MIL,1,3,7.97,12,7,0,0,0,0,35.0,54,33,31,8,1,15,23,1.97,.355
Jim J Lewis,SD,0,0,4.15,12,0,0,0,0,0,13.0,14,7,6,2,0,11,10,1.92,.275
Mike M Mussina,BAL,4,5,2.87,12,12,2,0,0,0,87.2,77,31,28,7,1,21,52,1.12,.239
Bruce B Walton,OAK,1,0,6.23,12,0,0,0,0,0,13.0,11,9,9,3,1,6,10,1.31,.229
Scott S Aldred,DET,2,4,5.18,11,11,1,0,0,0,57.1,58,37,33,9,0,30,35,1.53,.266
Dana D Allison,OAK,1,1,7.36,11,0,0,0,0,0,11.0,16,9,9,0,0,5,4,1.91,.381
Willie W Blair,CLE,2,3,6.75,11,5,0,0,0,0,36.0,58,27,27,7,1,10,13,1.89,.377
Brian B Bohanon,TEX,4,3,4.84,11,11,1,0,0,0,61.1,66,35,33,4,2,23,34,1.45,.274
Ricky R Bones,SD,4,6,4.83,11,11,0,0,0,0,54.0,57,33,29,3,0,18,31,1.39,.269
John J Briscoe,OAK,0,0,7.07,11,0,0,0,0,0,14.0,12,11,11,3,0,10,9,1.57,.235
Keith K Brown,CIN,0,0,2.25,11,0,0,0,0,0,12.0,15,4,3,0,0,6,4,1.75,.306
Rheal R Cormier,STL,4,5,4.12,11,10,2,0,0,0,67.2,74,35,31,5,2,8,38,1.21,.277
Steve S Foster,CIN,0,0,1.93,11,0,0,0,0,0,14.0,7,5,3,1,0,4,11,0.79,.143
Dave D Haas,DET,1,0,6.75,11,0,0,0,0,0,10.2,8,8,8,1,1,12,6,1.88,.242
Kevin K Ritz,DET,0,3,11.74,11,5,0,0,0,0,15.1,17,22,20,1,2,22,9,2.54,.288
Jose J Segura,SF,0,1,4.41,11,0,0,0,0,0,16.1,20,11,8,1,0,5,10,1.53,.303
Cliff C Young,CAL,1,0,4.26,11,0,0,0,0,0,12.2,12,6,6,3,0,3,6,1.18,.261
Wilson W Alvarez,CWS,3,2,3.51,10,9,2,1,0,0,56.1,47,26,22,9,0,29,32,1.35,.230
Eric E Bell,CLE,4,0,0.50,10,0,0,0,0,0,18.0,5,2,1,0,1,5,7,0.56,.091
Chuck C Cary,NYY,1,6,5.91,10,9,0,0,0,0,53.1,61,35,35,6,0,32,34,1.74,.285
Jeff J Kaiser,DET,0,1,9.00,10,0,0,0,2,2,5.0,6,5,5,1,0,5,4,2.20,.286
Rusty R Meacham,DET,2,1,5.20,10,4,0,0,0,0,27.2,35,17,16,4,0,11,14,1.66,.315
Steve S Rosenberg,SD,1,1,6.94,10,0,0,0,0,0,11.2,11,9,9,3,0,5,6,1.37,.250
Tim T Sherrill,STL,0,0,8.16,10,0,0,0,0,0,14.1,20,13,13,2,2,3,4,1.60,.339
Anthony A Young,NYM,2,5,3.10,10,8,0,0,0,0,49.1,48,20,17,4,1,12,20,1.22,.257
Brad B Arnsberg,TEX,0,1,8.38,9,0,0,0,0,0,9.2,10,9,9,5,0,5,8,1.55,.256
Joe J Bitker,TEX,1,0,6.75,9,0,0,0,0,0,14.2,17,11,11,4,0,8,16,1.70,.274
Todd T Burns,OAK,1,0,3.38,9,0,0,0,0,0,13.1,10,5,5,2,0,8,3,1.35,.217
Dave D Fleming,SEA,1,0,6.62,9,3,0,0,0,0,17.2,19,13,13,3,3,3,11,1.25,.284
Jeremy J Hernandez,SD,0,0,0.00,9,0,0,0,2,2,14.1,8,1,0,0,0,5,9,0.91,.157
Roberto R Hernandez,CWS,1,0,7.80,9,3,0,0,0,0,15.0,18,15,13,1,0,7,6,1.67,.290
Daryl D Irvine,BOS,0,0,6.00,9,0,0,0,0,0,18.0,25,13,12,2,2,9,8,1.89,.321
Scott S Kamieniecki,NYY,4,4,3.90,9,9,0,0,0,0,55.1,54,24,24,8,3,22,34,1.37,.256
Eric E Nolte,TEX,3,2,10.22,9,6,0,0,0,0,24.2,40,28,28,6,0,13,16,2.15,.367
Dave D Stieb,TOR,4,3,3.17,9,9,1,0,0,0,59.2,52,22,21,4,2,23,29,1.26,.243
Anthony A Telford,BAL,0,0,4.05,9,1,0,0,0,0,26.2,27,12,12,3,0,6,24,1.24,.265
Andy A Ashby,PHI,1,5,6.00,8,8,0,0,0,0,42.0,41,28,28,5,3,19,26,1.43,.256
Terry T Bross,NYM,0,0,1.80,8,0,0,0,0,0,10.0,7,2,2,1,0,3,5,1.00,.200
Ken K Dayley,TOR,0,0,6.23,8,0,0,0,0,0,4.1,7,3,3,0,1,5,3,2.77,.368
Tom T Edens,MIN,2,2,4.09,8,6,0,0,0,0,33.0,34,15,15,2,0,10,19,1.33,.256
Sid S Fernandez,NYM,1,3,2.86,8,8,0,0,0,0,44.0,36,18,14,4,0,9,31,1.02,.222
Scott S Garrelts,SF,1,1,6.41,8,3,0,0,0,0,19.2,25,14,14,5,0,9,8,1.73,.313
Gene G Harris,SEA,0,0,4.05,8,0,0,0,1,1,13.1,15,8,6,1,0,10,6,1.88,.273
Jim J Hunter,MIL,0,5,7.26,8,6,0,0,0,0,31.0,45,26,25,3,4,17,14,2.00,.349
Barry B Manuel,TEX,1,0,1.13,8,0,0,0,0,0,16.0,7,2,2,0,0,6,5,0.81,.143
Jamie J Moyer,STL,0,5,5.74,8,7,0,0,0,0,31.1,38,21,20,5,1,16,20,1.72,.319
Mike M Remlinger,SF,2,1,4.37,8,6,1,1,0,0,35.0,36,17,17,5,0,20,19,1.60,.271
Arthur A Rhodes,BAL,0,3,8.00,8,8,0,0,0,0,36.0,47,35,32,4,0,23,23,1.94,.320
Dan D Schatzeder,KC,0,0,9.45,8,0,0,0,0,0,6.2,11,9,7,0,0,7,4,2.70,.367
Gary G Wayne,MIN,1,0,5.11,8,0,0,0,1,1,12.1,11,7,7,1,1,4,7,1.22,.244
Mark M Clark,STL,1,1,4.03,7,2,0,0,0,0,22.1,17,10,10,3,0,11,13,1.25,.215
Kirk K Dressendorfer,OAK,3,3,5.45,7,7,0,0,0,0,34.2,33,28,21,5,0,21,17,1.56,.244
Gil G Heredia,SF,0,2,3.82,7,4,0,0,0,0,33.0,27,14,14,4,0,7,13,1.03,.233
Teddy T Higuera,MIL,3,2,4.46,7,6,0,0,0,0,36.1,37,18,18,2,1,10,33,1.29,.262
John J Kiely,DET,0,1,14.85,7,0,0,0,0,0,6.2,13,11,11,0,1,9,1,3.30,.448
Garland G Kiser,CLE,0,0,9.64,7,0,0,0,0,0,4.2,7,5,5,0,1,4,3,2.36,.368
Denny D Neagle,MIN,0,1,4.05,7,3,0,0,0,0,20.0,28,9,9,3,0,7,14,1.75,.329
Pat P Rice,SEA,1,1,3.00,7,2,0,0,0,0,21.0,18,10,7,3,1,10,12,1.33,.234
Efrain E Valdez,CLE,0,0,1.50,7,0,0,0,0,0,6.0,5,1,1,0,1,3,1,1.33,.238
Dean D Wilkins,HOU,2,1,11.25,7,0,0,0,1,1,8.0,16,14,10,0,0,10,4,3.25,.410
Cliff C Brantley,PHI,2,2,3.41,6,5,0,0,0,0,31.2,26,12,12,0,2,19,25,1.42,.228
Bruce B Egloff,CLE,0,0,4.76,6,0,0,0,0,0,5.2,8,3,3,0,0,4,8,2.12,.333
Hector H Fajardo,TEX,0,2,6.75,6,5,0,0,0,0,25.1,35,20,19,2,1,11,23,1.82,.337
Derek D Lilliquist,SD,0,2,8.79,6,2,0,0,0,0,14.1,25,14,14,3,0,4,7,2.02,.379
Alan A Mills,NYY,1,1,4.41,6,2,0,0,0,0,16.1,16,9,8,1,0,8,11,1.47,.254
Mike M Munoz,DET,0,0,9.64,6,0,0,0,0,0,9.1,14,10,10,0,0,5,3,2.04,.350
Armando A Reynoso,ATL,2,1,6.17,6,5,0,0,0,0,23.1,26,18,16,4,3,10,10,1.54,.299
Rich R Sauveur,NYM,0,0,10.80,6,0,0,0,0,0,3.1,7,4,4,1,0,2,4,2.70,.467
Sergio S Valdez,CLE,1,0,5.51,6,0,0,0,0,0,16.1,15,11,10,3,0,5,11,1.22,.238
Steve S Wapnick,CWS,0,1,1.80,6,0,0,0,0,0,5.0,2,1,1,0,0,4,1,1.20,.111
John J Wetteland,LA,1,0,0.00,6,0,0,0,0,0,9.0,5,2,0,0,1,3,9,0.89,.161
Kyle K Abbott,CAL,1,2,4.58,5,3,0,0,0,0,19.2,22,11,10,2,1,13,12,1.78,.301
Jim J Austin,MIL,0,0,8.31,5,0,0,0,0,0,8.2,8,8,8,1,3,11,3,2.19,.276
Willie W Banks,MIN,1,1,5.71,5,3,0,0,0,0,17.1,21,15,11,1,0,12,16,1.90,.288
Jose J Bautista,BAL,0,1,16.88,5,0,0,0,0,0,5.1,13,10,10,1,1,5,3,3.38,.464
Blaine B Beatty,NYM,0,0,2.79,5,0,0,0,0,0,9.2,9,3,3,0,0,4,7,1.34,.250
Jeff J Carter,CWS,0,1,5.25,5,2,0,0,0,0,12.0,8,8,7,1,0,5,2,1.08,.182
Scott S Chiamparino,TEX,1,0,4.03,5,5,0,0,0,0,22.1,26,11,10,1,0,12,8,1.70,.295
Chris C Gardner,HOU,1,2,4.01,5,4,0,0,0,0,24.2,19,12,11,5,0,14,12,1.34,.218
Johnny J Guzman,OAK,1,0,9.00,5,0,0,0,0,0,5.0,11,5,5,0,0,2,3,2.60,.500
Mark M Huismann,PIT,0,0,7.20,5,0,0,0,0,0,5.0,7,6,4,0,0,2,5,1.80,.304
Carlos C Maldonado,KC,0,0,8.22,5,0,0,0,0,0,7.2,11,9,7,0,0,9,1,2.61,.333
Mo M Sanford,CIN,1,2,3.86,5,5,0,0,0,0,28.0,19,14,12,3,1,15,31,1.21,.186
Rudy R Seanez,CLE,0,0,16.20,5,0,0,0,0,0,5.0,10,12,9,2,0,7,7,3.40,.385
Mike M Walker,CLE,0,1,2.08,5,0,0,0,0,0,4.1,6,1,1,0,1,2,2,1.85,.316
Mike M Dalton,DET,0,0,3.38,4,0,0,0,0,0,8.0,12,3,3,2,0,2,4,1.75,.333
Tom T Drees,CWS,0,0,12.27,4,0,0,0,0,0,7.1,10,10,10,4,0,6,2,2.18,.345
Mike M Harkey,CHC,0,2,5.30,4,4,0,0,0,0,18.2,21,11,11,3,0,6,15,1.45,.273
Vince V Horsman,TOR,0,0,0.00,4,0,0,0,0,0,4.0,2,0,0,0,0,3,2,1.25,.167
Mike M Ignasiak,MIL,2,1,5.68,4,1,0,0,0,0,12.2,7,8,8,2,0,8,10,1.18,.163
Stacy S Jones,BAL,0,0,4.09,4,1,0,0,0,0,11.0,11,6,5,1,0,5,10,1.45,.256
Jeff J Juden,HOU,0,2,6.00,4,3,0,0,0,0,18.0,19,14,12,3,0,7,11,1.44,.275
Tom T Kramer,CLE,0,0,17.36,4,0,0,0,0,0,4.2,10,9,9,1,0,6,4,3.43,.476
Andy A Mc Gaffigan,KC,0,0,4.50,4,0,0,0,0,0,8.0,14,5,4,0,0,2,3,2.00,.389
Mark M Petkovsek,TEX,0,1,14.46,4,1,0,0,0,0,9.1,21,16,15,4,0,4,6,2.68,.438
Jeff J Plympton,BOS,0,0,0.00,4,0,0,0,0,0,5.1,5,0,0,0,0,4,2,1.69,.263
Laddie L Renfroe,CHC,0,1,13.50,4,0,0,0,0,0,4.2,11,7,7,1,0,2,4,2.79,.440
Rick R Reuschel,SF,0,2,4.22,4,1,0,0,0,0,10.2,17,5,5,0,0,7,4,2.25,.370
Dave D Schmidt,MON,0,1,10.38,4,0,0,0,0,0,4.1,9,5,5,2,0,2,3,2.54,.429
Frank F Wills,TOR,0,1,16.62,4,0,0,0,0,0,4.1,8,8,8,2,1,5,2,3.00,.421
Amalio A Carreno,PHI,0,0,16.20,3,0,0,0,0,0,3.1,5,6,6,1,2,3,2,2.40,.333
Darrin D Chapin,NYY,0,1,5.06,3,0,0,0,0,0,5.1,3,3,3,0,0,6,5,1.69,.158
Mike M Christopher,LA,0,0,0.00,3,0,0,0,0,0,4.0,2,0,0,0,0,3,2,1.25,.167
Doug D Dascenzo C,CHC,0,0,0.00,3,0,0,0,0,0,4.0,2,0,0,0,0,2,2,1.00,.154
Cal C Eldred,MIL,2,0,4.50,3,3,0,0,0,0,16.0,20,9,8,2,0,6,10,1.63,.299
Mark M Grater,STL,0,0,0.00,3,0,0,0,0,0,3.0,5,0,0,0,0,2,0,2.33,.385
Pat P Hentgen,TOR,0,0,2.45,3,1,0,0,0,0,7.1,5,2,2,1,2,3,3,1.09,.208
Al A Leiter,TOR,0,0,27.00,3,0,0,0,0,0,1.2,3,5,5,0,0,5,1,4.80,.429
Bill B Long,MON,0,0,10.80,3,0,0,0,0,0,1.2,4,2,2,0,0,4,0,4.80,.500
Tim T Mauser,PHI,0,0,7.59,3,0,0,0,0,0,10.2,18,10,9,3,0,3,6,1.97,.367
Jeff J Mutis,CLE,0,3,11.68,3,3,0,0,0,0,12.1,23,16,16,1,0,7,6,2.43,.397
Yorkis Y Perez,CHC,1,0,2.08,3,0,0,0,0,0,4.1,2,1,1,0,0,2,3,0.92,.167
Calvin C Schiraldi,TEX,0,1,11.57,3,0,0,0,0,0,4.2,5,6,6,3,0,5,1,2.14,.263
Archie A Corbin,KC,0,0,3.86,2,0,0,0,0,0,2.1,3,1,1,0,0,2,1,2.14,.300
Rick R Dempsey,MIL,0,0,4.50,2,0,0,0,0,0,2.0,3,1,1,0,0,1,0,2.00,.333
Chris C George,MIL,0,0,3.00,2,1,0,0,0,0,6.0,8,2,2,0,0,0,2,1.33,.333
Mauro M Gozzo,CLE,0,0,19.29,2,2,0,0,0,0,4.2,9,10,10,0,0,7,3,3.43,.450
Eric E Gunderson,SF,0,0,5.40,2,0,0,0,1,1,3.1,6,4,2,0,0,1,2,2.10,.353
Reggie R Harris,OAK,0,0,12.00,2,0,0,0,0,0,3.0,5,4,4,0,0,3,2,2.67,.455
Dave D La Point,PHI,0,1,16.20,2,2,0,0,0,0,5.0,10,10,9,0,1,6,3,3.20,.435
Scott S May,CHC,0,0,18.00,2,0,0,0,0,0,2.0,6,4,4,0,0,1,1,3.50,.545
Mike M Scott,HOU,0,2,12.86,2,2,0,0,0,0,7.0,11,10,10,2,1,4,3,2.14,.367
Tim T Scott,SD,0,0,9.00,2,0,0,0,0,0,1.0,2,2,1,0,0,0,1,2.00,.400
Fernando F Valenzuela,CAL,0,2,12.15,2,2,0,0,0,0,6.2,14,10,9,3,0,3,5,2.55,.452
Julio J Valera,NYM,0,0,0.00,2,0,0,0,0,0,2.0,1,0,0,0,0,4,3,2.50,.143
Hector H Wagner,KC,1,1,7.20,2,2,0,0,0,0,10.0,16,10,8,2,0,3,5,1.90,.348
David D Wainhouse,MON,0,1,6.75,2,0,0,0,0,0,2.2,2,2,2,0,0,4,1,2.25,.222
Mickey M Weston,TOR,0,0,0.00,2,0,0,0,0,0,2.0,1,0,0,0,0,1,1,1.00,.143
Brian B Williams,HOU,0,1,3.75,2,2,0,0,0,0,12.0,11,5,5,2,1,4,4,1.25,.250
Mike M Witt,NYY,0,1,10.13,2,2,0,0,0,0,5.1,8,7,6,1,0,1,0,1.69,.320
Francisco Fdela Rosadela Rosa,BAL,0,0,4.50,2,0,0,0,0,0,4.0,6,3,2,0,0,2,1,2.00,.353
Keith K Comstock,SEA,0,0,54.00,1,0,0,0,0,0,0.1,2,2,2,0,0,1,0,9.00,.667
John J Dopson,BOS,0,0,18.00,1,0,0,0,0,0,1.0,2,2,2,0,0,1,0,3.00,.500
Alvaro A Espinoza S,NYY,0,0,0.00,1,0,0,0,0,0,0.2,0,0,0,0,0,0,0,0.00,.000
Atlee A Hammaker,SD,0,1,5.79,1,1,0,0,0,0,4.2,8,7,3,0,0,3,1,2.36,.364
Darrin D Jackson C,SD,0,0,9.00,1,0,0,0,0,0,2.0,3,2,2,0,0,2,0,2.50,.375
Vance V Law,OAK,0,0,0.00,1,0,0,0,0,0,0.2,1,0,0,0,0,1,0,3.00,.333
Greg G Litton,SF,0,0,9.00,1,0,0,0,0,0,1.0,1,1,1,0,0,3,0,4.00,.250
Steve S Lyons C,BOS,0,0,0.00,1,0,0,0,0,0,1.0,2,0,0,0,0,0,1,2.00,.400
Josias J Manzanillo,BOS,0,0,18.00,1,0,0,0,0,0,1.0,2,2,2,0,0,3,1,5.00,.400
Paul P Miller,PIT,0,0,5.40,1,1,0,0,0,0,5.0,4,3,3,0,0,3,2,1.40,.222
Jose J Oquendo,STL,0,0,27.00,1,0,0,0,0,0,1.0,2,3,3,0,0,2,1,4.00,.400
Dave D Pavlas,CHC,0,0,18.00,1,0,0,0,0,0,1.0,3,2,2,1,0,0,0,3.00,.750
Bill B Pecota,KC,0,0,4.50,1,0,0,0,0,0,2.0,4,1,1,0,0,0,0,2.00,.444
Rick R Reed,PIT,0,0,10.38,1,1,0,0,0,0,4.1,8,6,5,1,0,1,2,2.08,.400
Ron R Robinson,MIL,0,1,6.23,1,1,0,0,0,0,4.1,6,3,3,0,1,3,0,2.08,.353
Todd T Van Poppel,OAK,0,0,9.64,1,1,0,0,0,0,4.2,7,5,5,1,0,2,6,1.93,.368
