PLAYER,TEAM,AB,R,H,2B,3B,HR,RBI,BB,SO,SB,CS,AVG,OBP,SLG,OPS
Matt M Kemp C,LAD,162,602,82,150,25,6,28,89,53,170,19,15,.249,.310,.450,.760
Ichiro I Suzuki R,SEA,162,680,74,214,30,3,6,43,45,86,42,9,.315,.359,.394,.754
Jose J Bautista R,TOR,161,569,109,148,35,3,54,124,100,116,9,2,.260,.378,.617,.995
Prince P Fielder,MIL,161,578,94,151,25,0,32,83,114,138,1,0,.261,.401,.471,.871
Chone C Figgins,SEA,161,602,62,156,21,2,1,35,74,114,42,15,.259,.340,.306,.646
Chase C Headley,SD,161,610,77,161,29,3,11,58,56,139,17,5,.264,.327,.375,.702
James J Loney,LAD,161,588,67,157,41,2,10,88,52,95,10,5,.267,.329,.395,.723
Robinson R Canó,NYY,160,626,103,200,41,3,29,109,57,77,3,2,.319,.381,.534,.914
Adrian A González,SD,160,591,87,176,33,0,31,101,93,114,0,0,.298,.393,.511,.904
Nick N Markakis R,BAL,160,629,79,187,45,3,12,60,73,93,7,2,.297,.370,.436,.805
Juan J Pierre L,CWS,160,651,96,179,18,3,1,47,45,47,68,18,.275,.341,.316,.657
Rickie R Weeks Jr.,MIL,160,651,112,175,32,4,29,83,76,184,11,4,.269,.366,.464,.830
Daric D Barton,OAK,159,556,79,152,33,5,10,57,110,102,7,3,.273,.393,.405,.798
Albert A Pujols,STL,159,587,115,183,39,1,42,118,103,76,14,4,.312,.414,.596,1.011
Dan D Uggla,FLA,159,589,100,169,31,0,33,105,78,149,4,1,.287,.369,.508,.877
Billy B Butler,KC,158,595,77,189,45,0,15,78,69,78,0,0,.318,.388,.469,.857
Adam A Dunn,WSH,158,558,85,145,36,2,38,103,77,199,0,1,.260,.356,.536,.892
Matt M Holliday L,STL,158,596,95,186,45,1,28,103,69,93,9,5,.312,.390,.532,.922
Garrett G Jones,PIT,158,592,64,146,34,1,21,86,53,123,7,3,.247,.306,.414,.720
Howie H Kendrick,LAA,158,616,67,172,41,4,10,75,28,94,14,4,.279,.313,.407,.721
Mark M Teixeira,NYY,158,601,113,154,36,0,33,108,93,122,0,1,.256,.365,.481,.846
Ryan R Braun L,MIL,157,619,101,188,45,1,25,103,56,105,14,3,.304,.365,.501,.866
Michael M Cuddyer,MIN,157,609,93,165,37,5,14,81,58,93,7,3,.271,.336,.417,.753
Alex A Gonzalez S,ATL,157,595,74,149,42,3,23,88,31,118,1,2,.250,.294,.447,.741
Aubrey A Huff,SF,157,569,100,165,35,5,26,86,83,91,7,0,.290,.385,.506,.891
Derek D Jeter S,NYY,157,663,111,179,30,3,10,67,63,106,18,5,.270,.340,.370,.710
Carlos C Lee L,HOU,157,605,67,149,29,1,24,89,37,59,3,3,.246,.291,.417,.708
Casey C Mc Gehee,MIL,157,610,70,174,38,1,23,104,50,102,1,1,.285,.337,.464,.801
Vernon V Wells C,TOR,157,590,79,161,44,3,31,88,50,84,6,4,.273,.331,.515,.846
David D Wright,NYM,157,587,87,166,36,3,29,103,69,161,19,11,.283,.354,.503,.856
Michael M Young,TEX,157,656,99,186,36,3,21,91,50,115,4,2,.284,.330,.444,.774
Hunter H Pence R,HOU,156,614,93,173,29,3,25,91,41,105,18,9,.282,.325,.461,.786
Cliff C Pennington S,OAK,156,508,64,127,26,8,6,46,50,96,29,5,.250,.319,.368,.687
Alexei A Ramirez S,CWS,156,585,83,165,29,2,18,70,27,82,13,8,.282,.313,.431,.744
Miguel M Tejada S,SD,156,636,71,171,26,0,15,71,30,67,2,0,.269,.312,.381,.692
Jayson J Werth R,PHI,156,554,106,164,46,2,27,85,82,147,13,3,.296,.388,.532,.920
Chris C Young,ARI,156,584,94,150,33,0,27,91,74,145,28,7,.257,.341,.452,.793
Raul R Ibanez L,PHI,155,561,75,154,37,5,16,83,68,108,4,3,.275,.349,.444,.793
Brandon B Phillips,CIN,155,626,100,172,33,5,18,59,46,83,16,12,.275,.332,.430,.762
Bobby B Abreu R,LAA,154,573,88,146,41,1,20,78,87,132,24,10,.255,.352,.435,.787
Adrian A Beltré,BOS,154,589,84,189,49,2,28,102,40,82,2,1,.321,.365,.553,.918
Carl C Crawford L,TB,154,600,110,184,30,13,19,90,46,104,47,10,.307,.356,.495,.851
Ian I Desmond S,WSH,154,525,59,141,27,4,10,65,28,109,17,5,.269,.308,.392,.700
Kelly K Johnson,ARI,154,585,93,166,36,5,26,71,79,148,13,7,.284,.370,.496,.866
Andrew A Mc Cutchen C,PIT,154,570,94,163,35,5,16,56,70,89,33,10,.286,.365,.449,.814
Lyle L Overbay,TOR,154,534,75,130,37,2,20,67,67,131,1,0,.243,.329,.433,.762
B. J. B Upton C,TB,154,536,89,127,38,4,18,62,67,164,42,9,.237,.322,.424,.745
Ty T Wigginton,BAL,154,581,63,144,29,1,22,76,50,116,0,1,.248,.312,.415,.726
Cody C Ross L,SF,153,525,71,141,28,3,14,65,37,121,9,2,.269,.322,.413,.735
Denard D Span C,MIN,153,629,85,166,24,10,3,58,60,74,26,4,.264,.331,.348,.679
Delmon D Young L,MIN,153,570,77,170,46,1,21,112,28,81,5,4,.298,.333,.493,.826
Marlon M Byrd C,CHC,152,580,84,170,39,2,12,66,31,98,5,1,.293,.346,.429,.775
Vladimir V Guerrero D,TEX,152,593,83,178,27,1,29,115,35,60,4,5,.300,.345,.496,.841
Franklin F Gutierrez C,SEA,152,568,61,139,25,3,12,64,50,137,25,3,.245,.303,.363,.666
Torii T Hunter C,LAA,152,573,76,161,36,0,23,90,61,106,9,12,.281,.354,.464,.819
Pablo P Sandoval,SF,152,563,61,151,34,3,13,63,47,81,3,2,.268,.323,.409,.732
Yuniesky Y Betancourt S,KC,151,556,60,144,29,2,16,78,23,64,2,3,.259,.288,.405,.692
Stephen S Drew,ARI,151,565,83,157,33,12,15,61,62,108,10,5,.278,.352,.458,.810
Austin A Jackson C,DET,151,618,103,181,34,10,4,41,47,170,27,6,.293,.345,.400,.745
Adam A La Roche,ARI,151,560,75,146,37,2,25,100,48,172,0,1,.261,.320,.468,.788
Evan E Longoria,TB,151,574,96,169,46,5,22,104,72,124,15,5,.294,.372,.507,.879
Angel A Pagán Pagan C,NYM,151,579,80,168,31,7,11,69,44,97,37,9,.290,.340,.425,.765
Gaby G Sanchez,FLA,151,572,72,156,37,3,19,85,57,101,5,0,.273,.341,.448,.788
Ben B Zobrist R,TB,151,541,77,129,28,2,10,75,92,107,24,3,.238,.346,.353,.699
Miguel M Cabrera,DET,150,548,111,180,45,1,38,126,89,95,3,3,.328,.420,.622,1.042
Brett B Gardner L,NYY,150,477,97,132,20,7,5,47,79,101,47,9,.277,.383,.379,.762
Cesar C Izturis S,BAL,150,473,42,109,13,1,1,28,25,53,11,5,.230,.277,.268,.545
Adam A Lind D,TOR,150,569,57,135,32,3,23,72,38,144,0,0,.237,.287,.425,.712
Jose J Lopez,SEA,150,593,49,142,29,0,10,58,23,66,3,2,.239,.270,.339,.609
Marco M Scutaro S,BOS,150,632,92,174,38,0,11,56,53,71,5,4,.275,.333,.388,.720
Drew D Stubbs C,CIN,150,514,91,131,19,6,22,77,55,168,30,6,.255,.329,.444,.773
Nick N Swisher R,NYY,150,566,91,163,33,3,29,89,58,139,1,2,.288,.359,.511,.870
Ryan R Theriot,LAD,150,586,72,158,15,2,2,29,41,74,20,9,.270,.321,.312,.633
Joey J Votto,CIN,150,547,106,177,36,2,37,113,91,125,16,5,.324,.424,.600,1.024
Adam A Jones C,BAL,149,581,76,165,25,5,19,69,23,119,7,7,.284,.325,.442,.767
Paul P Konerko,CWS,149,548,89,171,30,1,39,111,72,110,0,1,.312,.393,.584,.977
Elvis E Andrus S,TEX,148,588,88,156,15,3,0,35,64,96,32,15,.265,.342,.301,.644
Jay J Bruce R,CIN,148,509,80,143,23,5,25,70,58,136,5,4,.281,.353,.493,.846
Jonny J Gomes L,CIN,148,511,77,136,24,3,18,86,39,123,5,3,.266,.327,.431,.758
Jose J Guillen R,SF,148,524,55,135,22,2,19,77,32,113,1,0,.258,.314,.416,.730
Derrek D Lee,ATL,148,547,80,142,35,0,19,80,73,134,1,3,.260,.347,.428,.774
Jhonny J Peralta S,DET,148,551,60,137,30,2,15,81,53,103,1,0,.249,.311,.392,.703
Juan J Uribe S,SF,148,521,64,129,24,2,24,85,45,92,1,2,.248,.310,.440,.749
Melky M Cabrera L,ATL,147,458,50,117,27,3,4,42,42,64,7,1,.255,.317,.354,.671
Ike I Davis,NYM,147,523,73,138,33,1,19,71,72,138,3,2,.264,.351,.440,.791
Alex A Rios C,CWS,147,567,89,161,29,3,21,88,38,93,34,14,.284,.334,.457,.791
Alfonso A Soriano L,CHC,147,496,67,128,40,3,24,79,45,123,5,1,.258,.322,.496,.818
Shane S Victorino C,PHI,147,587,84,152,26,10,18,69,53,79,34,6,.259,.327,.429,.756
Casey C Blake,LAD,146,509,56,126,28,1,17,64,48,138,0,4,.248,.320,.407,.727
Alberto A Callaspo,LAA,146,562,61,149,27,2,10,56,31,42,5,3,.265,.302,.374,.675
Johnny J Damon D,DET,145,539,81,146,36,5,8,51,69,90,11,1,.271,.355,.401,.756
Alcides A Escobar S,MIL,145,506,57,119,14,10,4,41,36,70,10,4,.235,.288,.326,.614
Carlos C González Gonzalez L,COL,145,587,111,197,34,9,34,117,40,135,26,8,.336,.376,.598,.974
Corey C Hart R,MIL,145,558,91,158,34,4,31,102,45,140,7,6,.283,.340,.525,.866
Hideki H Matsui D,LAA,145,482,55,132,24,1,21,84,67,98,0,1,.274,.361,.459,.820
David D Ortiz,BOS,145,518,86,140,36,1,32,102,82,145,0,1,.270,.370,.529,.899
Mark M Reynolds,ARI,145,499,79,99,17,2,32,85,83,211,7,4,.198,.320,.433,.753
Shin- Soo S Choo R,CLE,144,550,81,165,31,2,22,90,83,118,22,7,.300,.401,.484,.885
Brandon B Inge,DET,144,514,47,127,28,5,13,70,54,134,4,3,.247,.321,.397,.718
Carlos C Pena,TB,144,484,64,95,18,0,28,84,87,158,5,1,.196,.325,.407,.732
Colby C Rasmus,STL,144,464,85,128,28,3,23,66,63,148,12,8,.276,.361,.498,.859
Rajai R Davis C,OAK,143,525,66,149,28,3,5,52,26,78,50,11,.284,.320,.377,.697
Ryan R Howard,PHI,143,550,87,152,23,5,31,108,59,157,1,1,.276,.353,.505,.859
Kevin K Kouzmanoff,OAK,143,551,59,136,32,1,16,71,24,96,2,1,.247,.283,.396,.679
Jason J Kubel R,MIN,143,518,68,129,23,3,21,92,56,116,0,1,.249,.323,.427,.750
Brian B Mc Cann,ATL,143,479,63,129,25,0,21,77,74,98,5,2,.269,.375,.453,.828
Jason J Heyward R,ATL,142,520,83,144,29,5,18,72,91,128,11,6,.277,.393,.456,.849
Hanley H Ramirez S,FLA,142,543,92,163,28,2,21,76,64,93,32,10,.300,.378,.475,.853
Ryan R Zimmerman,WSH,142,525,85,161,32,0,25,85,69,98,4,1,.307,.388,.510,.898
Michael M Bourn C,HOU,141,535,84,142,25,6,2,38,59,109,52,12,.265,.341,.346,.686
Mike M Napoli,LAA,140,453,60,108,24,1,26,68,42,137,4,2,.238,.316,.468,.784
Martin M Prado,ATL,140,599,100,184,40,3,15,66,40,86,5,3,.307,.350,.459,.809
Ronny R Cedeno S,PIT,139,468,42,120,29,3,8,38,23,106,12,3,.256,.293,.382,.675
J. D. J Drew R,BOS,139,478,69,122,24,2,22,68,60,105,3,1,.255,.341,.452,.792
Andre A Ethier R,LAD,139,517,71,151,33,1,23,82,59,102,2,1,.292,.364,.493,.857
Jeff J Francoeur R,TEX,139,454,52,113,18,2,13,65,30,81,8,3,.249,.300,.383,.684
Brendan B Ryan S,STL,139,439,50,98,19,3,2,36,33,60,11,4,.223,.279,.294,.573
Andres A Torres C,SF,139,507,84,136,43,8,16,63,56,128,26,7,.268,.343,.479,.823
Erick E Aybar S,LAA,138,534,69,135,18,4,5,29,35,81,22,8,.253,.306,.330,.636
Aaron A Hill,TOR,138,528,70,108,22,0,26,68,41,85,2,2,.205,.271,.394,.665
David D Murphy L,TEX,138,419,54,122,26,2,12,65,45,71,14,2,.291,.358,.449,.806
Julio J Borbon C,TEX,137,438,60,121,11,4,3,42,19,59,15,7,.276,.309,.340,.649
Pedro P Feliz,STL,137,409,36,89,12,2,5,40,13,41,1,1,.218,.240,.293,.534
Jeff J Keppinger,HOU,137,514,62,148,34,1,6,59,51,36,4,1,.288,.351,.393,.744
Joe J Mauer,MIN,137,510,88,167,43,1,9,75,65,53,1,4,.327,.402,.469,.871
Alex A Rodriguez,NYY,137,522,74,141,29,2,30,125,59,98,4,3,.270,.341,.506,.847
Nate N Schierholtz R,SF,137,227,34,55,13,3,3,17,20,38,4,5,.242,.311,.366,.676
Skip S Schumaker,STL,137,476,66,126,18,1,5,42,43,64,5,3,.265,.328,.338,.666
Curtis C Granderson,NYY,136,466,76,115,17,7,24,67,53,116,12,2,.247,.324,.468,.792
Ryan R Ludwick,SD,136,490,63,123,27,2,17,69,48,121,0,4,.251,.325,.418,.743
Yadier Y Molina,STL,136,465,34,122,19,0,6,62,42,51,8,4,.262,.329,.342,.671
Nyjer N Morgan C,WSH,136,509,60,129,17,7,0,24,40,88,34,17,.253,.319,.314,.633
Jason J Bartlett S,TB,135,468,71,119,27,3,4,47,45,83,11,6,.254,.324,.350,.675
Tyler T Colvin R,CHC,135,358,60,91,18,5,20,56,30,100,6,1,.254,.316,.500,.816
Blake B De Witt,CHC,135,440,47,115,24,5,5,52,47,86,3,2,.261,.336,.373,.709
Yunel Y Escobar S,TOR,135,497,60,127,19,0,4,35,56,57,6,2,.256,.337,.318,.655
Adam A Kennedy,WSH,135,342,43,85,16,1,3,31,37,44,14,2,.249,.327,.327,.655
Roger R Bernadina,WSH,134,414,52,102,18,3,11,47,35,93,16,2,.246,.307,.384,.691
Omar O Infante,ATL,134,471,65,151,15,3,8,47,29,62,7,6,.321,.359,.416,.775
Scott S Podsednik L,LAD,134,539,63,160,14,7,6,51,40,83,35,15,.297,.342,.382,.724
Ryan R Spilborghs,COL,134,341,41,95,20,2,10,39,39,83,4,5,.279,.360,.437,.797
Clint C Barmes,COL,133,387,43,91,21,0,8,50,35,66,3,2,.235,.305,.351,.656
Brennan B Boesch R,DET,133,464,49,119,26,3,14,67,40,99,7,1,.256,.320,.416,.736
Jamey J Carroll S,LAD,133,351,48,102,15,1,0,23,51,64,12,4,.291,.379,.339,.718
Josh J Hamilton L,TEX,133,518,95,186,40,3,32,100,43,95,8,1,.359,.411,.633,1.044
Gerardo G Parra L,ARI,133,364,31,95,19,6,3,30,23,76,1,0,.261,.308,.371,.679
Jose J Reyes S,NYM,133,563,83,159,29,10,11,54,31,63,30,10,.282,.321,.428,.749
Scott S Rolen,CIN,133,471,66,134,34,3,20,83,50,82,1,2,.285,.358,.497,.854
Seth S Smith L,COL,133,358,55,88,19,5,17,52,35,67,2,1,.246,.314,.469,.783
Justin J Upton R,ARI,133,495,73,135,27,3,17,69,64,152,18,8,.273,.356,.442,.799
Dexter D Fowler C,COL,132,439,73,114,20,14,6,36,57,104,13,8,.260,.347,.410,.757
Willie W Harris,WSH,132,224,25,41,6,2,10,32,33,60,5,2,.183,.291,.362,.653
Placido P Polanco,PHI,132,554,76,165,27,2,6,52,32,47,5,0,.298,.339,.386,.726
Gordon G Beckham,CWS,131,444,58,112,25,2,9,49,37,92,4,6,.252,.317,.378,.696
Eric E Hinske,ATL,131,281,38,72,21,1,11,51,33,75,0,0,.256,.338,.456,.793
Carlos C Quentin R,CWS,131,453,73,110,25,2,26,87,50,83,2,2,.243,.342,.479,.821
Luke L Scott D,BAL,131,447,70,127,29,1,27,72,59,98,2,0,.284,.368,.535,.902
Kurt K Suzuki,OAK,131,495,55,120,18,2,13,71,33,49,3,2,.242,.303,.366,.669
Will W Venable R,SD,131,392,60,96,11,7,13,51,45,128,29,7,.245,.324,.408,.732
Kosuke K Fukudome R,CHC,130,358,45,94,20,2,13,44,64,67,7,8,.263,.371,.439,.809
Matt M Wieters,BAL,130,446,37,111,22,1,11,55,47,94,0,1,.249,.319,.377,.695
Troy T Glaus,ATL,128,412,52,99,18,0,16,71,63,100,0,0,.240,.344,.400,.744
A. J. A Pierzynski,CWS,128,474,43,128,29,0,9,56,15,39,3,4,.270,.300,.388,.688
Jorge J Cantu,TEX,127,472,50,121,29,1,11,56,29,95,0,0,.256,.304,.392,.696
Wes W Helms,FLA,127,254,25,56,12,4,4,39,26,76,0,2,.220,.300,.346,.646
Victor V Martinez,BOS,127,493,64,149,32,1,20,79,40,52,1,0,.302,.351,.493,.844
Orlando O Hudson,MIN,126,497,80,133,24,5,6,37,50,87,10,3,.268,.338,.372,.710
Starlin S Castro,CHC,125,463,53,139,31,5,3,41,29,71,10,8,.300,.347,.408,.755
Casey C Kotchman,SEA,125,414,37,90,20,1,9,51,35,57,0,0,.217,.280,.336,.616
Ryan R Doumit,PIT,124,406,42,102,22,1,13,45,41,87,1,0,.251,.331,.406,.738
Mark M Ellis,OAK,124,436,45,127,24,0,5,49,40,56,7,6,.291,.358,.381,.739
Aramis A Ramirez,CHC,124,465,61,112,21,1,25,83,34,90,0,0,.241,.294,.452,.746
Juan J Rivera L,LAA,124,416,53,105,20,0,15,52,33,58,2,2,.252,.312,.409,.721
Orlando O Cabrera S,CIN,123,494,64,130,33,0,4,42,28,53,11,4,.263,.303,.354,.657
Lance L Berkman D,NYY,122,404,48,100,23,1,14,58,77,85,3,2,.248,.368,.413,.781
Trevor T Crowe C,CLE,122,442,48,111,24,3,2,36,29,73,20,7,.251,.302,.333,.634
Troy T Tulowitzki S,COL,122,470,89,148,32,3,27,95,48,78,11,2,.315,.381,.568,.949
Carlos C Ruiz,PHI,121,371,43,112,28,1,8,53,55,54,0,1,.302,.400,.447,.847
Ian I Stewart,COL,121,386,54,99,14,2,18,61,45,110,5,2,.256,.338,.443,.781
Pat P Burrell L,SF,120,373,50,94,21,0,20,64,57,105,0,2,.252,.348,.469,.817
Austin A Kearns L,NYY,120,403,55,106,21,1,10,49,46,116,4,1,.263,.351,.395,.746
Jorge J Posada,NYY,120,383,49,95,23,1,18,57,59,99,3,1,.248,.357,.454,.811
Jerry J Hairston S,SD,119,430,53,105,13,2,10,50,31,54,9,6,.244,.299,.353,.652
Bill B Hall L,BOS,119,344,44,85,16,1,18,46,34,104,9,1,.247,.316,.456,.772
Don D Kelly L,DET,119,238,30,58,4,0,9,27,8,42,3,0,.244,.272,.374,.646
Xavier X Nady,CHC,119,317,33,81,13,0,6,33,17,85,0,0,.256,.306,.353,.660
John J Buck,TOR,118,409,53,115,25,0,20,66,16,111,0,0,.281,.314,.489,.802
Travis T Hafner D,CLE,118,396,46,110,29,0,13,50,51,94,2,1,.278,.374,.449,.824
Todd T Helton,COL,118,398,48,102,18,1,8,37,67,90,0,0,.256,.362,.367,.728
Jason J Kendall,KC,118,434,39,111,18,0,0,37,37,45,12,7,.256,.318,.297,.615
Bengie B Molina,TEX,118,377,27,94,12,1,5,36,24,34,0,0,.249,.297,.326,.623
Sean S Rodríguez,TB,118,343,53,86,19,2,9,40,21,97,13,3,.251,.308,.397,.705
Tony A Gwynn Jr. C,SD,117,289,30,59,9,3,3,20,41,50,17,4,.204,.304,.287,.591
Mitch M Maier C,KC,117,373,41,98,15,6,5,39,41,68,3,2,.263,.333,.375,.709
Darnell D Mc Donald C,BOS,117,319,40,86,18,3,9,34,30,85,9,1,.270,.336,.429,.766
David D Eckstein,SD,116,442,49,118,23,0,1,29,27,35,8,1,.267,.321,.326,.647
Travis T Ishikawa,SF,116,158,18,42,11,0,3,22,13,29,0,0,.266,.320,.392,.712
Randy R Winn,STL,116,205,23,49,8,2,4,25,21,37,6,0,.239,.307,.356,.664
Chase C Utley,PHI,115,425,75,117,20,2,16,65,63,63,13,2,.275,.387,.445,.832
Alberto A Gonzalez,WSH,114,186,19,46,8,1,0,5,7,30,0,0,.247,.277,.301,.578
Josh J Willingham L,WSH,114,370,54,99,19,2,16,56,67,85,8,0,.268,.389,.459,.848
Reid R Brignac,TB,113,301,39,77,13,1,8,45,20,77,3,3,.256,.307,.385,.692
Felipe F Lopez,BOS,113,391,52,91,18,1,8,37,44,81,8,2,.233,.311,.345,.656
Lastings L Milledge,PIT,113,379,38,105,21,3,4,34,28,62,5,3,.277,.332,.380,.712
Melvin M Mora,COL,113,316,39,90,12,5,7,45,31,53,2,1,.285,.358,.421,.779
Ryan R Raburn L,DET,113,371,54,104,25,1,15,62,27,92,2,2,.280,.340,.474,.814
Jack J Cust D,OAK,112,349,50,95,19,0,13,52,68,127,2,2,.272,.395,.438,.834
Miguel M Olivo,COL,112,394,55,106,17,6,14,58,27,117,7,4,.269,.315,.449,.764
Ramon R Santiago S,DET,112,320,38,84,9,1,3,22,30,56,2,2,.263,.337,.325,.662
Ivan I Rodriguez,WSH,111,398,32,106,18,1,4,49,16,66,2,3,.266,.294,.347,.640
Freddy F Sanchez,SF,111,431,55,126,22,1,7,47,32,68,3,1,.292,.342,.397,.739
Wilson W Valdez S,PHI,111,333,37,86,16,3,4,35,21,43,7,0,.258,.306,.360,.666
Mike M Aviles,KC,110,424,63,129,16,3,8,32,20,49,14,5,.304,.335,.413,.748
Matt M La Porta,CLE,110,376,41,83,15,1,12,41,46,82,0,0,.221,.306,.362,.668
Fred F Lewis L,TOR,110,428,70,112,31,5,8,36,38,104,17,6,.262,.332,.414,.746
Neil N Walker,PIT,110,426,57,126,29,3,12,66,34,83,2,3,.296,.349,.462,.812
Delwyn D Young,PIT,110,191,22,45,11,1,7,28,13,52,1,0,.236,.286,.414,.700
Russell R Branyan D,SEA,109,376,47,89,19,0,25,57,46,131,1,0,.237,.323,.487,.810
John J Jaso,TB,109,339,57,89,18,3,5,44,59,39,4,0,.263,.372,.378,.750
Nelson N Cruz R,TEX,108,399,60,127,31,3,22,78,38,81,17,4,.318,.374,.576,.950
Buster B Posey,SF,108,406,58,124,23,2,18,67,30,55,0,2,.305,.357,.505,.862
Jim J Thome D,MIN,108,276,48,78,16,2,25,59,60,82,0,0,.283,.412,.627,1.039
Omar O Vizquel,CWS,108,344,36,95,11,1,2,30,34,45,11,7,.276,.341,.331,.672
Josh J Wilson S,SEA,108,361,22,82,14,2,2,25,14,74,5,0,.227,.278,.294,.572
Andruw A Jones R,CWS,107,278,41,64,12,1,19,48,45,73,9,2,.230,.341,.486,.827
Mark M Kotsay D,CWS,107,327,30,78,17,2,8,31,32,36,1,3,.239,.306,.376,.683
Ryan R Church,ARI,106,219,25,44,16,1,5,25,16,65,1,0,.201,.265,.352,.616
Jason J Michaels,HOU,106,186,23,47,14,1,8,26,12,29,0,0,.253,.310,.468,.778
Gabe G Gross R,OAK,105,222,27,53,11,1,1,25,17,39,5,1,.239,.290,.311,.601
Jon J Jay R,STL,105,287,47,86,19,2,4,27,24,50,2,4,.300,.359,.422,.780
Aaron A Rowand C,SF,105,331,42,76,12,2,11,34,16,74,5,3,.230,.281,.378,.658
Chris C Snyder,PIT,105,319,34,66,9,0,15,48,52,94,0,0,.207,.320,.376,.696
Geovany G Soto,CHC,105,322,47,90,19,0,17,53,62,83,0,1,.280,.393,.497,.890
Alex A Avila,DET,104,294,28,67,12,0,7,31,36,71,2,2,.228,.316,.340,.656
Cristian C Guzman,TEX,104,365,48,97,12,4,2,26,20,63,4,2,.266,.311,.337,.648
Scott S Hairston L,SD,104,295,34,62,10,0,10,36,31,69,6,1,.210,.295,.346,.640
Rusty R Ryal,ARI,104,207,19,54,7,1,3,11,8,67,0,3,.261,.308,.348,.656
Brooks B Conrad,ATL,103,156,31,39,11,1,8,33,16,45,5,1,.250,.324,.487,.811
Mike M Fontenot,SF,103,240,24,68,13,3,1,25,15,41,1,4,.283,.331,.375,.706
Brad B Hawpe D,TB,103,298,31,73,21,2,9,44,42,85,2,1,.245,.338,.419,.758
Ian I Kinsler,TEX,103,391,73,112,20,1,9,45,56,57,15,5,.286,.382,.412,.794
Craig C Counsell,MIL,102,204,16,51,8,0,2,21,21,29,1,1,.250,.322,.319,.640
Joe J Inglett,MIL,102,142,15,36,8,5,1,8,15,34,1,0,.254,.331,.401,.733
Reed R Johnson L,LAD,102,202,24,53,11,2,2,15,5,50,2,2,.262,.291,.366,.657
Andy A La Roche,PIT,102,247,26,51,8,0,4,16,19,43,1,1,.206,.268,.287,.555
Jayson J Nix,CLE,102,331,32,74,15,0,14,34,20,87,1,2,.224,.281,.396,.676
Jose J Tabata L,PIT,102,405,61,121,21,4,4,35,28,57,19,7,.299,.346,.400,.746
Kevin K Youkilis,BOS,102,362,77,111,26,5,19,62,58,67,4,1,.307,.411,.564,.975
J. J Hardy S,MIN,101,340,44,91,19,3,6,38,28,54,1,1,.268,.320,.394,.714
Willy W Aybar D,TB,100,270,22,62,13,0,6,43,30,61,0,0,.230,.309,.344,.654
Chris C Carter,NYM,100,167,15,44,9,0,4,24,12,17,1,2,.263,.317,.389,.706
Michael M Saunders L,SEA,100,289,29,61,11,2,10,33,35,84,6,3,.211,.295,.367,.662
Justin J Smoak,SEA,100,348,40,76,14,0,13,48,46,91,1,0,.218,.307,.371,.678
Giancarlo G Stanton R,FLA,100,359,45,93,21,1,22,59,34,123,5,2,.259,.326,.507,.833
Rod R Barajas,LAD,99,313,39,75,14,0,17,47,13,54,0,0,.240,.284,.447,.731
Chris C Denorfia,SD,99,284,41,77,15,2,9,36,27,51,8,4,.271,.335,.433,.768
Michael M Morse R,WSH,98,266,36,77,12,2,15,41,22,64,0,1,.289,.352,.519,.870
Asdrubal A Cabrera S,CLE,97,381,39,105,16,1,3,29,25,60,6,4,.276,.326,.346,.672
Rafael R Furcal S,LAD,97,383,66,115,23,7,8,43,40,60,22,4,.300,.366,.460,.826
Carlos C Gómez Gomez,MIL,97,291,38,72,11,3,5,24,17,72,18,3,.247,.298,.357,.656
Chris C Heisey L,CIN,97,201,33,51,10,1,8,21,16,57,1,2,.254,.324,.433,.757
Ramon R Hernandez,CIN,97,313,30,93,18,1,7,48,29,49,0,0,.297,.364,.428,.792
Russell R Martin,LAD,97,331,45,82,13,0,5,26,48,61,6,2,.248,.347,.332,.680
Laynce L Nix,CIN,97,165,16,48,11,2,4,18,15,39,0,1,.291,.350,.455,.804
Reggie R Willits L,LAA,97,159,23,41,7,0,0,8,19,26,2,4,.258,.341,.302,.643
Edwin E Encarnación,TOR,96,332,47,81,16,0,21,51,29,60,1,0,.244,.305,.482,.787
Pedro P Álvarez,PIT,95,347,42,89,21,1,16,64,37,119,0,0,.256,.326,.461,.788
Jason J Bay L,NYM,95,348,48,90,20,6,6,47,44,91,10,0,.259,.347,.402,.749
Chipper C Jones,ATL,95,317,47,84,21,0,10,46,61,47,5,0,.265,.381,.426,.806
Yorvit Y Torrealba,SD,95,325,31,88,14,0,7,37,33,67,7,5,.271,.343,.378,.721
Ross R Gload,PHI,94,128,16,36,8,0,6,22,8,15,1,0,.281,.328,.484,.813
Chris C Johnson,HOU,94,341,40,105,22,2,11,52,15,91,3,0,.308,.337,.481,.818
Geoff G Blum,HOU,93,202,22,54,10,1,2,22,15,33,0,0,.267,.321,.356,.678
Francisco F Cervelli,NYY,93,266,27,72,11,3,0,38,33,42,1,1,.271,.359,.335,.694
Julio J Lugo,BAL,93,241,26,60,4,2,0,20,15,50,5,7,.249,.298,.282,.581
Miguel M Cairo,CIN,91,200,30,58,12,0,4,28,17,30,4,0,.290,.353,.410,.763
Chris C Coghlan L,FLA,91,358,60,96,20,3,5,28,33,84,10,3,.268,.335,.383,.718
David D De Jesus R,KC,91,352,46,112,23,3,5,37,34,47,3,3,.318,.384,.443,.827
Ronny R Paulino,FLA,91,316,31,82,18,0,4,37,25,51,1,0,.259,.311,.354,.666
Luis L Valbuena,CLE,91,275,22,53,12,0,2,24,28,61,1,2,.193,.273,.258,.531
Corey C Patterson L,BAL,90,308,43,83,16,1,8,32,20,75,21,4,.269,.315,.406,.721
Eric E Patterson L,BOS,90,187,26,40,8,5,6,16,14,62,11,1,.214,.272,.406,.679
Manny M Ramirez D,CWS,90,265,38,79,16,0,9,42,46,61,1,1,.298,.409,.460,.870
Gerald G Laird,DET,89,270,22,56,11,0,5,25,18,57,3,1,.207,.263,.304,.566
Greg G Dobbs,PHI,88,163,13,32,7,0,5,15,12,39,1,1,.196,.251,.331,.583
Jason J Donald S,CLE,88,296,39,75,19,3,4,24,22,70,5,1,.253,.312,.378,.690
Ben B Francisco,PHI,88,179,24,48,13,0,6,28,14,35,8,0,.268,.327,.441,.768
Nick N Punto,MIN,88,252,24,60,11,1,1,20,28,50,6,2,.238,.313,.302,.615
Humberto H Quintero,HOU,88,265,13,62,10,0,4,20,8,59,0,0,.234,.262,.317,.579
Jimmy J Rollins S,PHI,88,350,48,85,16,3,8,41,40,32,17,1,.243,.320,.374,.694
Pedro P Feliciano,NYM,87,0,0,0,0,0,0,0,0,0,0,0,.000,.000,.000,.000
Jason J Giambi,COL,87,176,17,43,9,0,6,35,35,47,2,0,.244,.378,.398,.776
Lou L Marson,CLE,87,262,29,51,15,0,3,22,26,55,8,1,.195,.274,.286,.560
Luis L Castillo,NYM,86,247,28,58,4,2,0,17,39,25,8,3,.235,.337,.267,.604
Jim J Edmonds,CIN,86,246,44,68,23,0,11,23,24,60,2,0,.276,.342,.504,.846
Gregor G Blanco C,KC,85,237,31,67,9,4,1,14,29,50,11,4,.283,.360,.367,.727
Shelley S Duncan L,CLE,85,229,29,53,10,0,11,36,26,76,1,0,.231,.317,.419,.736
Nick N Hundley,SD,85,273,33,68,18,2,8,43,25,66,0,5,.249,.308,.418,.726
Nate N Mc Louth C,ATL,85,242,30,46,12,1,6,24,33,57,7,2,.190,.298,.322,.620
Miguel M Montero,ARI,85,297,36,79,20,2,9,43,29,71,0,1,.266,.332,.438,.770
Ramiro R Pena,NYY,85,154,18,35,1,1,0,18,6,27,7,1,.227,.258,.247,.504
Oscar O Salazar,SD,85,131,19,31,4,0,3,19,16,23,1,2,.237,.318,.336,.653
Danny D Valencia,MIN,85,299,30,93,18,1,7,40,20,46,2,0,.311,.351,.448,.799
Wilson W Betemit,KC,84,276,36,82,20,0,13,43,36,74,0,0,.297,.378,.511,.889
Matt M Diaz L,ATL,84,224,27,56,17,2,7,31,13,44,3,1,.250,.302,.438,.739
Peter P Moylan,ATL,84,0,0,0,0,0,0,0,0,0,0,0,.000,.000,.000,.000
Magglio M Ordonez R,DET,84,323,56,98,17,1,12,59,40,38,1,0,.303,.378,.474,.852
Willie W Bloomquist R,CIN,83,187,31,50,10,1,3,17,9,28,8,5,.267,.299,.380,.679
Tommy T Manzella S,HOU,83,258,17,58,7,0,1,21,13,71,0,1,.225,.267,.264,.531
Ronnie R Belliard,LAD,82,162,24,35,10,1,2,19,18,35,2,2,.216,.295,.327,.622
Paul P Janish S,CIN,82,200,23,52,10,0,5,25,22,30,1,3,.260,.338,.385,.723
Cameron C Maybin,FLA,82,291,46,68,7,3,8,28,24,92,9,2,.234,.302,.361,.663
Felix F Pie L,BAL,82,288,39,79,15,5,5,31,13,52,5,2,.274,.305,.413,.718
Travis T Snider L,TOR,82,298,36,76,20,0,14,32,21,79,6,3,.255,.304,.463,.767
Ryan R Sweeney,OAK,82,303,41,89,20,2,1,36,24,41,1,1,.294,.342,.383,.725
Marcus M Thames D,NYY,82,212,22,61,7,0,12,33,19,61,0,0,.288,.350,.491,.841
Matt M Treanor,TEX,82,237,22,50,6,1,5,27,22,43,1,2,.211,.287,.308,.595
Tony T Abreu,ARI,81,193,16,45,11,1,1,13,4,47,2,1,.233,.244,.316,.560
Justin J Morneau,MIN,81,296,53,102,25,1,18,56,50,62,0,0,.345,.437,.618,1.055
Brandon B Wood,LAA,81,226,20,33,2,0,4,14,6,71,1,0,.146,.174,.208,.382
Garret G Anderson,LAD,80,155,8,28,6,1,2,12,5,34,1,0,.181,.204,.271,.475
Andy A Marte,CLE,80,170,18,39,7,2,5,19,17,35,0,3,.229,.298,.382,.680
Adam A Rosales,OAK,80,255,31,69,8,2,7,31,19,65,2,2,.271,.321,.400,.721
Jeff J Baker,CHC,79,206,29,56,13,2,4,21,16,50,1,0,.272,.326,.413,.738
Aaron A Miles,STL,79,139,14,39,5,0,0,9,6,14,0,1,.281,.311,.317,.627
Nick N Stavinoha,STL,79,121,11,31,4,0,2,9,4,28,0,0,.256,.286,.339,.625
Luke L Gregerson,SD,78,0,0,0,0,0,0,0,0,0,0,0,.000,.000,.000,.000
Brandon B Lyon,HOU,78,0,0,0,0,0,0,0,0,0,0,0,.000,.000,.000,.000
Nick N Masset,CIN,78,0,0,0,0,0,0,0,0,0,0,0,.000,.000,.000,.000
Matt M Stairs,SD,78,99,14,23,6,0,6,16,11,32,2,0,.232,.306,.475,.781
Ruben R Tejada,NYM,78,216,28,46,12,0,1,15,22,38,2,2,.213,.305,.282,.588
Jake J Fox,BAL,77,198,21,43,10,1,7,22,8,49,0,0,.217,.261,.384,.644
Koyie K Hill,CHC,77,215,18,46,13,1,1,17,12,61,1,0,.214,.254,.298,.552
Matt M Joyce R,TB,77,216,30,52,15,3,10,40,40,55,2,2,.241,.360,.477,.837
Mark M Teahen,CWS,77,233,31,60,13,2,4,25,25,61,3,5,.258,.327,.382,.709
Jonny J Venters,ATL,77,1,0,0,0,0,0,0,0,1,0,0,.000,.000,.000,.000
Everth E Cabrera S,SD,76,212,22,44,6,3,1,22,19,54,10,6,.208,.279,.278,.557
Jonathan J Herrera,COL,76,222,34,63,6,2,1,21,25,36,2,2,.284,.352,.342,.694
Coco C Crisp,OAK,75,290,51,81,14,4,8,38,30,49,32,3,.279,.342,.438,.780
Jonathan J Lucroy,MIL,75,277,24,70,9,0,4,26,18,44,4,2,.253,.300,.329,.628
Dustin D Pedroia,BOS,75,302,53,87,24,1,12,41,37,38,9,1,.288,.367,.493,.860
Rick R Ankiel C,ATL,74,211,31,49,13,1,6,24,26,71,3,1,.232,.321,.389,.710
Tyler T Clippard,WSH,74,2,0,1,0,0,0,0,0,1,0,0,.500,.500,.500,1.000
Alex A Gordon L,KC,74,242,34,52,10,0,8,20,34,62,1,5,.215,.315,.355,.671
Carlos C Marmol,CHC,74,0,0,0,0,0,0,0,0,0,0,0,.000,.000,.000,.000
Sean S Marshall,CHC,74,4,0,0,0,0,0,0,0,4,0,0,.000,.000,.000,.000
Matt M Belisle,COL,73,4,0,1,1,0,0,2,0,2,0,0,.250,.400,.500,.900
Emilio E Bonifácio Bonifacio,FLA,73,180,30,47,6,3,0,10,17,42,12,0,.261,.320,.328,.648
Milton M Bradley L,SEA,73,244,28,50,9,1,8,29,28,75,8,2,.205,.292,.348,.641
Jeremy J Hermida R,OAK,73,222,19,48,12,0,6,29,16,58,1,0,.216,.268,.351,.619
Mike M Lowell,BOS,73,218,23,52,13,0,5,26,23,34,0,0,.239,.307,.367,.674
Josh J Thole,NYM,73,202,17,56,7,1,3,17,24,25,1,0,.277,.357,.366,.723
Joaquin J Arias,NYM,72,128,23,33,6,1,0,13,4,23,1,0,.258,.280,.320,.601
Michael M Brantley C,CLE,72,297,38,73,9,3,3,22,22,38,10,2,.246,.296,.327,.622
Chris C Getz,KC,72,224,23,53,9,0,0,18,19,28,15,2,.237,.302,.277,.579
Javier J López Lopez,SF,72,1,0,0,0,0,0,0,0,0,0,0,.000,.000,.000,.000
Edgar E Renteria S,SF,72,243,26,67,11,2,3,22,21,43,3,0,.276,.332,.374,.707
Francisco F Cordero,CIN,70,1,0,0,0,0,0,0,0,0,0,0,.000,.000,.000,.000
Bobby B Crosby,ARI,70,168,9,37,10,0,1,13,17,38,0,3,.220,.294,.298,.592
David D Freese,STL,70,240,28,71,12,1,4,36,21,59,1,1,.296,.361,.404,.765
Ryan R Hanigan,CIN,70,203,25,61,11,0,5,40,33,21,0,0,.300,.405,.429,.834
Billy B Wagner,ATL,70,0,0,0,0,0,0,0,0,0,0,0,.000,.000,.000,.000
Joe J Beimel,COL,69,1,0,0,0,0,0,0,0,1,0,0,.000,.000,.000,.000
Jason J Bourgeois L,HOU,69,123,16,27,4,1,0,3,13,16,12,4,.220,.294,.268,.562
Sean S Burnett,WSH,69,0,0,0,0,0,0,0,0,0,0,0,.000,.000,.000,.000
Alexi A Casilla S,MIN,69,152,26,42,7,4,1,20,13,17,6,1,.276,.331,.395,.726
Joel J Hanrahan,PIT,69,0,0,0,0,0,0,0,0,0,0,0,.000,.000,.000,.000
Chad C Tracy,FLA,69,146,11,36,8,0,1,15,11,36,0,0,.247,.306,.322,.628
Brian B Wilson,SF,69,5,0,0,0,0,0,0,0,1,0,0,.000,.000,.000,.000
Rafael R Betancourt,COL,68,0,0,0,0,0,0,0,0,0,0,0,.000,.000,.000,.000
Andres A Blanco,TEX,68,166,17,46,10,1,0,13,11,24,0,2,.277,.330,.349,.679
Carlos C Guillen,DET,68,253,26,69,17,1,6,34,21,41,1,2,.273,.327,.419,.746
Jeff J Mathis,LAA,68,205,19,40,6,1,3,18,6,59,3,0,.195,.219,.278,.497
Mike M Adams,SD,67,0,0,0,0,0,0,0,0,0,0,0,.000,.000,.000,.000
John J Bowker R,PIT,67,151,16,33,8,0,5,21,14,33,0,1,.219,.281,.371,.652
Jason J Castro,HOU,67,195,26,40,8,1,2,8,22,41,0,0,.205,.286,.287,.573
Todd T Coffey,MIL,67,1,0,0,0,0,0,0,0,0,0,0,.000,.000,.000,.000
Aaron A Heilman,ARI,67,1,0,0,0,0,0,0,0,1,0,0,.000,.000,.000,.000
George G Kottaras,MIL,67,212,24,43,12,1,9,26,33,44,2,0,.203,.305,.396,.701
Justin J Maxwell R,WSH,67,104,16,15,6,0,3,12,25,43,5,1,.144,.305,.288,.594
Kyle K Mc Clellan,STL,67,2,0,1,0,0,0,0,0,0,0,0,.500,.500,.500,1.000
Sergio S Romo,SF,67,2,0,0,0,0,0,0,0,2,0,0,.000,.000,.000,.000
Alex A Cora,TEX,66,176,14,37,6,3,0,20,10,16,4,1,.210,.266,.278,.544
Octavio O Dotel,COL,66,1,0,0,0,0,0,0,0,1,0,0,.000,.000,.000,.000
Clay C Hensley,FLA,66,2,0,0,0,0,0,0,0,1,0,0,.000,.000,.000,.000
Evan E Meek,PIT,66,1,0,1,0,0,0,0,0,0,0,0,1.000,1.000,1.000,2.000
Arthur A Rhodes,CIN,66,0,0,0,0,0,0,0,0,0,0,0,.000,.000,.000,.000
Angel A Sanchez S,HOU,66,253,30,70,9,4,0,25,11,45,0,1,.277,.312,.344,.656
Heath H Bell,SD,64,1,0,0,0,0,0,0,0,0,0,0,.000,.000,.000,.000
Carlos C Beltrán Beltran,NYM,64,220,21,56,11,3,7,27,30,39,3,1,.255,.341,.427,.768
Akinori A Iwamura,OAK,64,196,21,34,7,1,2,13,31,41,3,1,.173,.285,.250,.535
Brent B Lillibridge,CWS,64,98,19,22,5,2,2,16,3,36,5,3,.224,.248,.378,.625
Wilton W Lopez,HOU,64,0,0,0,0,0,0,0,0,0,0,0,.000,.000,.000,.000
Juan Carlos J Oviedo,FLA,64,0,0,0,0,0,0,0,0,0,0,0,.000,.000,.000,.000
Jose J Contreras,PHI,63,0,0,0,0,0,0,0,0,0,0,0,.000,.000,.000,.000
Chad C Durbin,PHI,63,2,0,0,0,0,0,0,0,2,0,0,.000,.000,.000,.000
John J Mc Donald,TOR,63,152,27,38,9,2,6,23,6,26,2,1,.250,.273,.454,.727
Kelly K Shoppach,TB,63,158,17,31,8,0,5,17,20,71,0,0,.196,.308,.342,.650
Logan L Morrison,FLA,62,244,43,69,20,7,2,18,41,51,0,1,.283,.390,.447,.837
George G Sherrill,LAD,62,0,0,0,0,0,0,0,1,0,0,0,.000,1.000,.000,1.000
Joe J Thatcher,SD,62,0,0,0,0,0,0,0,0,0,0,0,.000,.000,.000,.000
Jonathan J Broxton,LAD,61,0,0,0,0,0,0,0,0,0,0,0,.000,.000,.000,.000
Chris C Iannetta,COL,61,188,20,37,6,1,9,27,30,48,1,0,.197,.318,.383,.701
Maicer M Izturis,LAA,61,212,27,53,13,1,3,27,21,27,7,3,.250,.321,.363,.684
Rob R Johnson,SEA,61,178,24,34,10,0,2,13,25,46,1,1,.191,.293,.281,.574
Jack J Wilson S,SEA,61,193,17,48,11,1,0,14,7,35,1,2,.249,.282,.316,.598
Conor C Jackson L,OAK,60,208,25,49,13,0,2,16,31,27,6,1,.236,.336,.327,.663
Ryan R Langerhans L,SEA,60,107,16,21,2,1,3,4,24,51,4,1,.196,.344,.318,.661
Adam A Moore,SEA,60,205,12,40,6,0,4,15,8,63,0,1,.195,.230,.283,.513
Daniel D Nava L,BOS,60,161,23,39,14,1,1,26,19,46,1,1,.242,.351,.360,.711
Brayan B Peña Pena,KC,60,158,11,40,10,0,1,19,12,27,2,0,.253,.306,.335,.642
Tim T Byrdak,HOU,59,2,0,0,0,0,0,0,0,1,0,0,.000,.000,.000,.000
D. J. D Carrasco,ARI,59,6,0,0,0,0,0,0,0,3,0,0,.000,.000,.000,.000
Gabe G Kapler R,TB,59,124,19,26,4,0,2,14,11,24,1,1,.210,.288,.290,.578
Wil W Nieves,WSH,59,158,10,32,8,0,3,16,8,29,0,0,.203,.244,.310,.554
Augie A Ojeda,ARI,59,79,6,15,3,0,0,5,8,8,0,1,.190,.258,.228,.486
Logan L Ondrusek,CIN,59,4,0,0,0,0,0,0,0,4,0,0,.000,.000,.000,.000
Brian B Roberts,BAL,59,230,28,64,14,0,4,15,26,40,12,2,.278,.354,.391,.745
David D Ross,ATL,59,121,15,35,13,2,2,28,20,28,0,1,.289,.392,.479,.871
Mitchell M Boggs,STL,58,3,0,0,0,0,0,0,0,1,0,0,.000,.000,.000,.000
Edward E Mujica,SD,58,0,0,0,0,0,0,0,0,0,0,0,.000,.000,.000,.000
Jason J Repko R,MIN,58,127,19,29,6,0,3,9,13,38,3,2,.228,.324,.346,.671
Ryan R Franklin,STL,57,3,0,0,0,0,0,0,0,3,0,0,.000,.000,.000,.000
Jose J Molina,TOR,57,167,13,41,4,0,6,12,9,36,1,0,.246,.304,.377,.681
J. C. J Romero,PHI,57,0,0,0,0,0,0,0,0,0,0,0,.000,.000,.000,.000
James J Russell,CHC,57,4,0,0,0,0,0,0,0,2,0,0,.000,.000,.000,.000
Brian B Sanches,FLA,57,1,0,0,0,0,0,0,0,0,0,0,.000,.000,.000,.000
Cory C Sullivan,HOU,57,64,6,12,1,1,0,4,6,18,0,0,.188,.257,.234,.492
Ronald R Belisario,LAD,56,0,0,0,0,0,0,0,0,0,0,0,.000,.000,.000,.000
Matt M Lindstrom,HOU,56,0,0,0,0,0,0,0,0,0,0,0,.000,.000,.000,.000
Trever T Miller,STL,56,0,0,0,0,0,0,0,0,0,0,0,.000,.000,.000,.000
Dennys D Reyes,STL,56,2,0,0,0,0,0,0,0,0,0,0,.000,.000,.000,.000
Mike M Sweeney,PHI,56,151,21,38,5,0,8,26,14,21,3,0,.252,.321,.444,.765
Eli E Whiteside,SF,56,126,19,30,6,1,4,10,8,35,1,2,.238,.299,.397,.696
Juan J Castro S,LAD,55,129,7,25,5,0,0,13,8,25,0,1,.194,.237,.233,.470
Juan J Gutierrez,ARI,55,0,0,0,0,0,0,0,0,0,0,0,.000,.000,.000,.000
Jed J Lowrie,BOS,55,171,31,49,14,0,9,24,25,25,1,1,.287,.381,.526,.907
Ryan R Madson,PHI,55,1,0,0,0,0,0,0,0,1,0,0,.000,.000,.000,.000
Guillermo G Mota,SF,55,1,0,0,0,0,0,0,0,1,0,0,.000,.000,.000,.000
Jason J Motte,STL,55,2,0,0,0,0,0,0,0,2,0,0,.000,.000,.000,.000
Eric E O' Flaherty,ATL,55,0,0,0,0,0,0,0,0,0,0,0,.000,.000,.000,.000
Esmerling E Vasquez,ARI,55,2,0,0,0,0,0,0,0,1,0,0,.000,.000,.000,.000
Miguel M Batista,WSH,54,8,0,1,0,0,0,0,0,5,0,0,.125,.125,.125,.250
Jeff J Clement,PIT,54,144,11,29,3,0,7,12,6,37,0,0,.201,.237,.368,.605
Jesus J Feliciano,NYM,54,108,12,25,4,1,0,3,6,12,1,0,.231,.276,.287,.563
Kevin K Frandsen,LAA,54,160,24,40,11,0,0,14,9,10,2,0,.250,.294,.319,.613
Anderson A Hernandez,HOU,54,109,13,24,5,0,0,3,10,19,3,0,.220,.286,.266,.552
Hung- Chih H Kuo,LAD,54,1,0,0,0,0,0,0,1,1,0,0,.000,.500,.000,.500
Will W Rhymes,DET,54,191,30,58,12,3,1,19,14,16,0,3,.304,.350,.414,.763
Takashi T Saito,ATL,54,1,0,0,0,0,0,0,0,1,0,0,.000,.000,.000,.000
Burke B Badenhop,FLA,53,1,0,0,0,0,0,0,0,0,0,0,.000,.000,.000,.000
Josh J Bell,BAL,53,159,15,34,5,0,3,12,2,53,0,1,.214,.224,.302,.526
Aaron A Cunningham L,SD,53,132,17,38,12,1,1,15,7,28,1,3,.288,.331,.417,.748
Ryan R Kalish C,BOS,53,163,26,41,11,1,4,24,12,38,10,1,.252,.305,.405,.710
Kila K Ka'aihue,KC,52,180,22,39,6,1,8,25,24,39,0,1,.217,.307,.394,.702
Kameron K Loe,MIL,52,2,0,0,0,0,0,0,0,2,0,0,.000,.000,.000,.000
Dewayne D Wise,TOR,52,112,20,28,3,2,3,14,4,29,4,0,.250,.282,.393,.675
Jeremy J Affeldt,SF,51,1,0,0,0,0,0,0,0,1,0,0,.000,.000,.000,.000
Peter P Bourjos C,LAA,51,181,19,37,6,4,6,15,6,40,10,3,.204,.237,.381,.618
Blaine B Boyer,ARI,51,2,0,0,0,0,0,0,0,1,0,0,.000,.000,.000,.000
Andrew A Cashner,CHC,51,2,0,0,0,0,0,0,0,2,0,0,.000,.000,.000,.000
Manny M Corpas,COL,51,5,0,0,0,0,0,0,2,3,0,0,.000,.286,.000,.286
Kendrys K Morales,LAA,51,193,29,56,5,0,11,39,12,31,0,1,.290,.346,.487,.833
Hisanori H Takahashi,NYM,51,16,0,1,0,0,0,0,0,3,0,0,.063,.063,.063,.125
Brett B Wallace,HOU,51,144,14,32,6,1,2,13,8,50,0,0,.222,.296,.319,.615
Ryan R Webb,SD,51,1,0,0,0,0,0,0,0,1,0,0,.000,.000,.000,.000
Eric E Young Jr.,COL,51,172,26,42,5,1,0,8,17,32,17,6,.244,.312,.285,.597
Henry H Blanco,NYM,50,130,10,28,5,0,2,8,11,26,1,0,.215,.271,.300,.571
Elmer E Dessens,NYM,50,0,0,0,0,0,0,0,0,0,0,0,.000,.000,.000,.000
Drew D Storen,WSH,50,2,0,1,0,0,0,0,0,1,0,0,.500,.500,.500,1.000
Matt M Tuiasosopo L,SEA,50,127,12,22,5,0,4,11,9,49,0,0,.173,.234,.307,.541
Drew D Butera,MIN,49,142,12,28,6,1,2,13,4,25,0,0,.197,.237,.296,.533
Kevin K Cash,BOS,49,114,4,19,2,0,2,5,11,29,0,0,.167,.246,.237,.483
Santiago S Casilla,SF,49,0,0,0,0,0,0,0,0,0,0,0,.000,.000,.000,.000
Ramon R Troncoso,LAD,49,2,0,0,0,0,0,1,1,1,0,0,.000,.333,.000,.333
Danys D Baez,PHI,48,0,0,0,0,0,0,0,0,0,0,0,.000,.000,.000,.000
Mike M Cameron C,BOS,48,162,24,42,11,0,4,15,14,44,0,1,.259,.328,.401,.729
Trevor T Hoffman,MIL,48,1,0,0,0,0,0,0,0,1,0,0,.000,.000,.000,.000
Brad B Lidge,PHI,48,0,0,0,0,0,0,0,0,0,0,0,.000,.000,.000,.000
Dioner D Navarro,TB,48,124,11,24,5,0,1,7,12,20,0,1,.194,.270,.258,.528
Francisco F Rodríguez Rodriguez,NYM,48,0,0,0,0,0,0,0,0,0,0,0,.000,.000,.000,.000
Scott S Sizemore,DET,48,143,19,32,7,0,3,14,15,40,0,0,.224,.296,.336,.631
Matt M Tolbert,MIN,48,87,8,20,4,3,1,18,9,18,1,1,.230,.293,.379,.672
Jose J Veras,FLA,48,0,0,0,0,0,0,0,0,0,0,0,.000,.000,.000,.000
John J Axford,MIL,47,0,0,0,0,0,0,0,0,0,0,0,.000,.000,.000,.000
Mitch M Moreland,TEX,47,145,20,37,4,0,9,25,25,36,3,1,.255,.364,.469,.833
Brian B Schneider,PHI,47,125,17,30,4,1,4,15,19,25,0,0,.240,.345,.384,.729
Carlos C Villanueva,MIL,47,4,0,0,0,0,0,0,0,2,0,0,.000,.000,.000,.000
Matt M Capps,MIN,46,1,0,0,0,0,0,0,0,1,0,0,.000,.000,.000,.000
Jeff J Fulchino,HOU,46,1,0,0,0,0,0,0,0,1,0,0,.000,.000,.000,.000
Sean S Gallagher,PIT,46,7,1,0,0,0,0,0,1,5,0,0,.000,.125,.000,.125
Mike M Mc Coy,TOR,46,82,9,16,4,0,0,3,8,20,5,1,.195,.267,.244,.511
Carlos C Santana,CLE,46,150,23,39,13,0,6,22,37,29,3,0,.260,.401,.467,.868
Chris C Davis,TEX,45,120,7,23,9,0,1,4,15,40,3,0,.192,.279,.292,.571
Chris C Dickerson,MIL,45,97,11,20,2,2,0,5,6,34,4,0,.206,.250,.268,.518
Cole C Gillespie L,ARI,45,104,11,24,8,0,2,12,7,29,1,1,.231,.283,.365,.649
Doug D Slaten,WSH,45,0,0,0,0,0,0,0,0,0,0,0,.000,.000,.000,.000
Garrett G Atkins,BAL,44,140,5,30,7,0,1,9,12,30,0,0,.214,.276,.286,.562
Zach Z Braddock,MIL,44,0,0,0,0,0,0,0,0,0,0,0,.000,.000,.000,.000
Allen A Craig R,STL,44,114,12,28,7,0,4,18,9,26,0,1,.246,.298,.412,.711
A. J. A Ellis,LAD,44,108,6,30,5,0,0,16,14,18,0,0,.278,.363,.324,.687
Randy R Flores,MIN,44,0,0,0,0,0,0,0,0,0,0,0,.000,.000,.000,.000
Tyler T Greene S,STL,44,104,14,23,3,1,2,10,13,24,2,0,.221,.328,.327,.655
Blake B Hawksworth,STL,44,16,0,0,0,0,0,0,0,9,0,0,.000,.000,.000,.000
Xavier X Paul L,LAD,44,121,16,28,8,1,0,11,8,24,3,1,.231,.277,.314,.591
Huston H Street,COL,44,1,0,0,0,0,0,0,0,1,0,0,.000,.000,.000,.000
Lorenzo L Cain C,MIL,43,147,17,45,11,1,1,13,9,28,7,1,.306,.348,.415,.763
Brendan B Harris,MIN,43,108,11,17,3,0,1,4,9,23,0,0,.157,.233,.213,.446
David D Herndon,PHI,43,2,0,0,0,0,0,0,0,2,0,0,.000,.000,.000,.000
Craig C Tatum,BAL,43,114,11,32,4,0,0,9,12,21,1,0,.281,.349,.316,.665
Jeff J Weaver,LAD,42,5,0,1,0,0,0,0,0,3,0,0,.200,.200,.200,.400
Manny M Acosta,NYM,41,0,0,0,0,0,0,0,0,0,0,0,.000,.000,.000,.000
Justin J Berg,CHC,41,0,0,0,0,0,0,0,0,0,0,0,.000,.000,.000,.000
Scott S Moore,BAL,41,86,8,18,2,0,3,10,8,19,3,0,.209,.274,.337,.611
Bobby B Parnell,NYM,41,1,0,0,0,0,0,0,0,0,0,0,.000,.000,.000,.000
Landon L Powell,OAK,41,112,13,24,4,0,2,11,15,29,1,0,.214,.305,.304,.608
Chad C Qualls,ARI,41,0,0,0,0,0,0,0,0,0,0,0,.000,.000,.000,.000
Fernando F Tatis,NYM,41,65,6,12,4,0,2,6,6,19,0,0,.185,.254,.338,.592
Gustavo G Chacin,HOU,40,1,1,1,0,0,1,1,0,0,0,0,1.000,1.000,4.000,5.000
Matt M Downs,HOU,40,97,8,21,7,0,1,7,9,20,0,0,.216,.294,.320,.613
Dan D Johnson,TB,40,111,15,22,3,0,7,23,25,27,1,0,.198,.343,.414,.757
Manny M Parra,MIL,40,34,2,6,2,0,0,1,3,14,0,0,.176,.263,.235,.498
Dan D Runzler,SF,40,1,0,0,0,0,0,0,0,1,0,0,.000,.000,.000,.000
Bobby B Wilson,LAA,40,96,12,22,6,0,4,15,8,23,0,0,.229,.288,.417,.705
Carlos C Zambrano,CHC,40,52,5,12,0,0,1,6,2,15,0,0,.231,.255,.288,.543
Josh J Bard,SEA,39,112,9,24,7,0,3,10,10,27,0,0,.214,.276,.357,.634
Mike M Lamb,FLA,39,38,2,7,1,1,0,4,2,6,0,0,.184,.225,.263,.488
Fernando F Nieve,NYM,39,2,0,0,0,0,0,0,0,0,0,0,.000,.000,.000,.000
Nolan N Reimold L,BAL,39,116,9,24,5,0,3,14,12,26,0,0,.207,.282,.328,.610
Jason J Varitek,BOS,39,112,18,26,6,0,7,16,10,35,0,0,.232,.293,.473,.766
Danny D Worth S,DET,39,106,10,27,5,0,2,8,6,13,1,2,.255,.295,.358,.653
Dave D Bush,MIL,38,53,6,7,1,0,0,2,4,23,0,0,.132,.193,.151,.344
John J Hester,ARI,38,95,9,20,7,0,2,7,11,32,1,0,.211,.292,.347,.640
Joel J Peralta,WSH,38,3,0,0,0,0,0,0,0,2,0,0,.000,.000,.000,.000
Dayan D Viciedo,CWS,38,104,17,32,7,0,5,13,2,25,1,0,.308,.321,.519,.840
Ramon R Castro,CWS,37,115,18,32,2,0,8,21,9,26,1,0,.278,.328,.504,.832
Jay J Gibbons,LAD,37,75,11,21,2,0,5,17,4,14,0,1,.280,.313,.507,.819
Matt M Carson R,OAK,36,79,7,14,2,0,4,9,2,23,4,0,.177,.193,.354,.547
Juan J Francisco,CIN,36,55,3,15,3,0,1,7,4,20,0,1,.273,.322,.382,.704
Bob B Howry,CHC,36,0,0,0,0,0,0,0,0,0,0,0,.000,.000,.000,.000
Joe J Mather C,STL,36,60,7,13,4,0,0,3,2,11,1,1,.217,.242,.283,.525
Gary G Matthews,NYM,36,58,9,11,3,0,0,1,6,24,1,0,.190,.266,.241,.507
Chris C Narveson,MIL,36,49,3,16,1,0,0,7,2,15,0,0,.327,.365,.347,.712
Ryan R Roberts,ARI,36,66,8,13,4,0,2,9,3,17,0,0,.197,.229,.348,.577
Craig C Stammen,WSH,36,38,2,9,3,0,0,6,1,15,0,0,.237,.250,.316,.566
Raul R Valdes,NYM,36,10,1,4,1,0,0,1,0,3,0,0,.400,.400,.500,.900
Adam A Wainwright,STL,36,84,4,14,5,0,0,6,7,23,0,0,.167,.231,.226,.457
Casper C Wells R,DET,36,93,14,30,6,1,4,17,6,19,0,1,.323,.364,.538,.901
Brian B Barden,FLA,35,28,2,5,0,0,0,3,3,12,0,2,.179,.281,.179,.460
Bill B Bray,CIN,35,0,0,0,0,0,0,0,0,0,0,0,.000,.000,.000,.000
Domonic D Brown,PHI,35,62,8,13,3,0,2,13,5,24,2,1,.210,.257,.355,.612
Sam S Demel,ARI,35,0,0,0,0,0,0,0,0,0,0,0,.000,.000,.000,.000
Jordan J Smith,CIN,35,3,0,0,0,0,0,0,0,1,0,0,.000,.000,.000,.000
Randy R Wolf,MIL,35,77,11,19,4,0,0,5,1,24,1,0,.247,.253,.299,.552
Chris C Carpenter,STL,34,72,2,8,0,0,1,4,1,25,0,0,.111,.135,.153,.288
Brendan B Donnelly,PIT,34,0,0,0,0,0,0,0,0,0,0,0,.000,.000,.000,.000
Jon J Garland,SD,34,56,6,12,1,0,0,2,6,18,0,0,.214,.286,.232,.518
Chris C Ray,SF,34,0,0,0,0,0,0,0,0,0,0,0,.000,.000,.000,.000
Kyle K Blanks L,SD,33,102,14,16,6,1,3,15,15,46,1,0,.157,.283,.324,.607
Matt M Cain,SF,33,66,3,7,1,0,0,1,1,33,0,0,.106,.119,.121,.241
Eric E Chavez D,OAK,33,111,10,26,8,0,1,10,8,31,0,0,.234,.276,.333,.610
Brad B Davis,FLA,33,109,8,23,7,1,3,16,9,37,2,0,.211,.270,.376,.647
Ryan R Dempster,CHC,33,59,3,8,1,0,0,2,0,19,0,0,.136,.136,.153,.288
Ernesto E Frieri,SD,33,1,0,0,0,0,0,0,0,1,0,0,.000,.000,.000,.000
Ken K Griffey D,SEA,33,98,6,18,2,0,0,7,9,17,0,0,.184,.250,.204,.454
Tommy T Hanson,ATL,33,62,3,6,0,0,0,4,2,27,0,0,.097,.123,.097,.220
Livan L Hernandez,WSH,33,61,2,9,1,0,1,3,1,13,0,0,.148,.161,.213,.374
Tim T Hudson,ATL,33,77,4,15,4,0,0,4,0,21,0,0,.195,.195,.247,.442
Jason J Jaramillo,PIT,33,87,2,13,2,0,1,6,8,14,0,0,.149,.227,.207,.434
Tim T Lincecum,SF,33,67,2,7,0,0,0,5,3,29,0,0,.104,.143,.104,.247
Juan J Miranda D,NYY,33,64,7,14,2,1,3,10,7,12,0,0,.219,.296,.422,.718
Franklin F Morales,COL,33,0,0,0,0,0,0,0,0,0,0,0,.000,.000,.000,.000
Jordan J Norberto,ARI,33,0,0,0,0,0,0,0,0,0,0,0,.000,.000,.000,.000
Roy R Oswalt,PHI,33,57,2,8,0,0,0,1,2,15,0,0,.140,.169,.140,.310
Wandy W Rodriguez,HOU,33,63,4,12,2,0,0,4,1,23,0,0,.190,.200,.222,.422
Chris C Sampson,HOU,33,0,0,0,0,0,0,0,0,0,0,0,.000,.000,.000,.000
Grady G Sizemore C,CLE,33,128,15,27,6,2,0,13,9,35,4,2,.211,.271,.289,.560
Bronson B Arroyo,CIN,32,68,5,10,0,0,1,8,2,31,0,0,.147,.169,.191,.360
Brett B Carroll R,FLA,32,76,13,15,4,0,2,7,6,29,2,1,.197,.311,.329,.640
Zach Z Duke,PIT,32,48,5,3,2,0,0,0,2,17,0,0,.063,.100,.104,.204
Yovani Y Gallardo,MIL,32,63,7,16,4,0,4,10,5,17,0,0,.254,.329,.508,.836
Jody J Gerut,MIL,32,71,7,14,4,1,2,8,3,17,0,1,.197,.230,.366,.596
Cole C Hamels,PHI,32,67,4,10,2,0,0,2,0,20,0,0,.149,.149,.179,.328
Daniel D Herrera,CIN,32,1,0,0,0,0,0,0,0,1,0,0,.000,.000,.000,.000
Mike M Hessman,NYM,32,55,6,7,2,1,1,6,8,23,0,0,.127,.262,.255,.516
Ryota R Igarashi,NYM,32,0,0,0,0,0,0,0,0,0,0,0,.000,.000,.000,.000
Ubaldo U Jiménez Jimenez,COL,32,77,5,8,0,0,0,4,2,18,0,0,.104,.127,.104,.230
Derek D Lowe,ATL,32,53,6,8,4,0,0,3,5,14,0,0,.151,.224,.226,.451
Corky C Miller,CIN,32,74,5,18,5,0,2,9,2,16,0,0,.243,.282,.392,.674
Mike M Pelfrey,NYM,32,62,2,7,0,0,0,3,2,13,0,0,.113,.141,.113,.254
Clayton C Richard,SD,32,61,5,9,2,0,0,5,1,21,0,0,.148,.172,.180,.352
Jonathan J Sánchez Sanchez,SF,32,58,2,8,0,1,0,3,0,26,0,0,.138,.153,.172,.325
Tim T Stauffer,SD,32,17,2,3,2,0,0,2,2,12,0,0,.176,.263,.294,.557
Barry B Zito,SF,32,51,1,6,0,0,0,2,1,17,0,0,.118,.135,.118,.252
Chad C Billingsley,LAD,31,62,1,9,1,0,0,3,4,27,0,0,.145,.197,.161,.358
Colin C Curtis R,NYY,31,59,7,11,3,0,1,8,4,15,0,0,.186,.250,.288,.538
Adam A Everett S,DET,31,81,6,15,5,0,0,4,4,18,2,1,.185,.221,.247,.468
Roy R Halladay,PHI,31,92,6,13,0,0,0,5,1,42,0,0,.141,.151,.141,.292
Kyle K Kendrick,PHI,31,51,2,5,2,0,0,0,2,16,0,0,.098,.132,.137,.269
Clayton C Kershaw,LAD,31,55,4,3,0,0,0,1,1,17,0,0,.055,.071,.055,.126
Rodrigo R Lopez,ARI,31,64,2,5,0,0,0,1,1,35,0,0,.078,.104,.078,.183
Kris K Medlen,ATL,31,27,2,5,1,0,0,2,3,14,0,0,.185,.290,.222,.512
Carlos C Monasterios,LAD,31,14,1,1,0,0,0,0,0,7,0,0,.071,.071,.071,.143
Brett B Myers,HOU,31,62,2,11,1,0,0,2,2,25,0,0,.177,.200,.194,.394
Chan Ho C Park,PIT,31,1,0,0,0,0,0,0,0,0,0,0,.000,.000,.000,.000
Esmil E Rogers,COL,31,18,2,3,2,0,0,1,0,7,0,0,.167,.167,.278,.444
Kevin K Russo,NYY,31,49,5,9,2,0,0,4,3,9,1,0,.184,.245,.224,.470
Anibal A Sánchez Sanchez,FLA,31,59,3,6,0,0,0,1,4,28,0,0,.102,.159,.102,.260
Darwin D Barney S,CHC,30,79,12,19,4,0,0,2,6,12,0,0,.241,.294,.291,.585
Nelson N Figueroa,HOU,30,17,1,4,1,0,0,0,0,3,0,0,.235,.235,.294,.529
Mark M Grudzielanek,CLE,30,110,10,30,0,0,0,11,8,10,2,0,.273,.328,.273,.600
Ian I Kennedy,ARI,30,54,7,11,1,0,0,2,7,24,0,0,.204,.290,.222,.512
Hiroki H Kuroda,LAD,30,55,2,2,0,0,0,0,2,21,0,0,.036,.070,.036,.106
Paul P Maholm,PIT,30,56,1,5,0,0,0,0,2,31,0,0,.089,.121,.089,.210
Jenrry J Mejia,NYM,30,3,1,1,0,0,0,0,0,1,0,0,.333,.333,.333,.667
Jonathon J Niese,NYM,30,53,3,10,2,0,0,4,8,27,0,0,.189,.295,.226,.522
Eduardo E Núñez Nunez,NYY,30,50,12,14,1,0,1,7,3,2,5,0,.280,.321,.360,.681
Ramon E R Ramirez,SF,30,0,0,0,0,0,0,0,0,0,0,0,.000,.000,.000,.000
Randy R Wells,CHC,30,52,1,9,2,0,0,3,2,15,0,0,.173,.204,.212,.415
Denny D Bautista,SF,29,1,0,1,0,0,0,1,0,0,0,0,1.000,1.000,1.000,2.000
Lucas L Duda,NYM,29,84,11,17,6,0,4,13,6,22,0,0,.202,.261,.417,.678
Jaime J García Garcia,STL,29,54,8,10,1,0,0,2,2,13,0,0,.185,.214,.204,.418
Jason J Hammel,COL,29,57,3,6,1,0,0,2,1,29,0,0,.105,.121,.123,.244
Jason J La Rue,STL,29,56,3,11,1,0,2,5,5,7,0,0,.196,.274,.321,.596
Mat M Latos,SD,29,54,3,6,2,0,1,3,0,29,0,0,.111,.111,.204,.315
Donnie D Murphy,FLA,29,44,9,14,6,1,3,16,2,19,0,0,.318,.348,.705,1.052
Josh J Reddick R,BOS,29,62,5,12,3,1,1,5,1,15,1,0,.194,.206,.323,.529
Eugenio E Velez L,SF,29,55,7,9,2,0,2,8,6,9,0,0,.164,.246,.309,.555
Joe J Blanton,PHI,28,59,8,7,0,0,0,1,1,24,0,0,.119,.161,.119,.280
Johnny J Cueto,CIN,28,54,2,6,0,0,0,2,1,22,0,0,.111,.127,.111,.238
Matt M Daley,COL,28,0,0,0,0,0,0,0,0,0,0,0,.000,.000,.000,.000
Luis L Durango,SD,28,48,8,12,0,0,0,4,4,7,5,0,.250,.308,.250,.558
Danny D Espinosa,WSH,28,103,16,22,4,1,6,15,9,30,0,2,.214,.277,.447,.723
Chris C Gimenez,CLE,28,58,6,11,5,0,1,8,8,22,0,0,.190,.288,.328,.616
Tom T Gorzelanny,CHC,28,40,1,5,0,0,0,2,0,18,0,0,.125,.125,.125,.250
Ted T Lilly,LAD,28,54,1,2,0,0,0,1,3,26,0,0,.037,.103,.037,.140
Max M Ramirez,TEX,28,69,8,15,3,0,2,8,12,22,0,0,.217,.341,.348,.689
Jeff J Suppan,STL,28,26,1,5,1,0,0,1,1,6,0,0,.192,.222,.231,.453
Taylor T Teagarden,TEX,28,71,10,11,1,0,4,6,8,34,0,0,.155,.259,.338,.597
Chris C Volstad,FLA,28,54,1,5,1,0,0,2,0,28,0,0,.093,.093,.111,.204
Gregg G Zaun,MIL,28,102,11,27,7,0,2,14,11,12,0,0,.265,.350,.392,.743
Jesse J Chavez,ATL,27,1,0,0,0,0,0,0,0,1,0,0,.000,.000,.000,.000
Kevin K Correia,SD,27,44,4,6,1,0,0,5,2,20,0,0,.136,.174,.159,.333
Scott S Cousins,FLA,27,37,2,11,2,2,0,2,1,13,0,0,.297,.316,.459,.775
Josh J Johnson,FLA,27,59,0,5,0,0,0,4,1,24,0,0,.085,.100,.085,.185
Jeff J Larish,OAK,27,67,5,12,3,0,2,9,7,24,1,0,.179,.267,.313,.580
Mike M Leake,CIN,27,48,5,16,1,0,0,3,5,15,0,0,.333,.407,.354,.762
Wilfredo W Ledezma,PIT,27,0,0,0,0,0,0,0,0,0,0,0,.000,.000,.000,.000
Hector H Luna,FLA,27,29,2,4,1,0,2,4,0,13,0,1,.138,.133,.379,.513
Kazuo K Matsui,HOU,27,71,4,10,1,0,0,1,4,10,1,1,.141,.197,.155,.352
Daniel D Mc Cutchen,PIT,27,14,1,1,0,0,0,0,0,5,1,0,.071,.133,.071,.205
Kevin K Mench,WSH,27,27,2,3,0,0,0,1,2,6,0,0,.111,.172,.111,.284
Bud B Norris,HOU,27,44,2,7,2,0,0,2,2,13,0,0,.159,.196,.205,.400
Johan J Santana,NYM,27,62,2,11,3,0,1,1,0,22,0,0,.177,.177,.274,.452
Willy W Taveras R,WSH,27,35,7,7,0,1,0,4,2,6,1,2,.200,.243,.257,.500
Hank H Blalock D,TB,26,63,8,16,3,0,1,7,6,15,1,1,.254,.319,.349,.668
Jordan J Brown D,CLE,26,87,9,20,7,0,0,2,4,10,0,0,.230,.272,.310,.582
Jhoulys J Chacín Chacin,COL,26,40,0,3,0,0,0,1,1,9,0,0,.075,.098,.075,.173
Mark M De Rosa L,SF,26,93,9,18,3,0,1,10,9,16,0,2,.194,.279,.258,.537
John J Grabow,CHC,26,0,0,0,0,0,0,0,0,0,0,0,.000,.000,.000,.000
Brett B Hayes,FLA,26,77,6,16,6,1,2,6,6,26,0,0,.208,.265,.390,.655
Kenley K Jansen,LAD,26,1,1,1,0,0,0,0,1,0,0,0,1.000,1.000,1.000,2.000
Luis L Montanez,BAL,26,57,2,8,0,0,0,3,1,9,1,0,.140,.155,.140,.296
Fernando F Salas,STL,26,0,0,0,0,0,0,0,0,0,0,0,.000,.000,.000,.000
Frank F Catalanotto,NYM,25,25,2,4,1,0,0,1,1,5,0,0,.160,.192,.200,.392
Aaron A Cook,COL,25,40,5,6,2,0,0,1,0,17,0,0,.150,.150,.200,.350
R. A. R Dickey,NYM,25,51,7,13,2,0,0,5,3,8,0,0,.255,.296,.294,.590
Mike M Dunn,ATL,25,2,1,0,0,0,0,0,0,1,0,0,.000,.000,.000,.000
Kyle K Farnsworth,ATL,25,0,0,0,0,0,0,0,0,0,0,0,.000,.000,.000,.000
Wade W Le Blanc,SD,25,44,2,13,0,0,0,1,1,12,0,0,.295,.311,.295,.607
Micah M Owings,CIN,25,14,2,3,0,0,1,3,0,6,0,0,.214,.214,.429,.643
Steve S Tolleson,OAK,25,49,5,14,3,0,1,4,4,9,0,0,.286,.340,.408,.748
Chris C Capuano,MIL,24,18,0,1,0,0,0,0,0,9,0,0,.056,.056,.056,.111
Chris C Carter L,OAK,24,70,8,13,1,0,3,7,7,21,1,0,.186,.256,.329,.585
Greg G Golson R,NYY,24,23,3,6,2,0,0,2,0,3,0,2,.261,.261,.348,.609
Micah M Hoffpauir,CHC,24,52,5,9,3,0,0,5,5,15,0,0,.173,.246,.231,.476
Nick N Johnson D,NYY,24,72,12,12,4,0,2,8,24,23,0,1,.167,.388,.306,.693
Jeff J Karstens,PIT,24,33,0,2,0,0,0,0,1,16,0,0,.061,.088,.061,.149
John J Lannan,WSH,24,44,1,4,2,0,0,4,4,22,0,0,.091,.167,.136,.303
Tim T Wood,FLA,24,0,0,0,0,0,0,0,0,0,0,0,.000,.000,.000,.000
John J Baker,FLA,23,78,7,17,3,1,0,6,9,18,0,0,.218,.307,.282,.589
Antonio A Bastardo,PHI,23,0,0,0,0,0,0,0,0,0,0,0,.000,.000,.000,.000
Chris C Leroux,PIT,23,0,0,0,0,0,0,0,0,0,0,0,.000,.000,.000,.000
Ricky R Nolasco,FLA,23,47,3,8,3,0,0,3,2,16,0,0,.170,.204,.234,.438
Will W Ohman,FLA,23,0,0,0,0,0,0,0,0,0,0,0,.000,.000,.000,.000
Bryan B Petersen,FLA,23,24,1,2,0,0,0,2,1,6,0,0,.083,.120,.083,.203
Robb R Quinlan,LAA,23,33,4,4,2,0,0,2,2,6,2,0,.121,.171,.182,.353
Chris C Resop,PIT,23,0,0,0,0,0,0,0,0,0,0,0,.000,.000,.000,.000
Taylor T Tankersley,FLA,23,0,0,0,0,0,0,0,0,0,0,0,.000,.000,.000,.000
Fernando F Abad,HOU,22,1,0,0,0,0,0,0,0,1,0,0,.000,.000,.000,.000
Brandon B Allen L,ARI,22,45,5,12,3,0,1,6,10,20,0,0,.267,.393,.400,.793
Yonder Y Alonso,CIN,22,29,2,6,2,0,0,3,0,10,0,0,.207,.207,.276,.483
Argenis A Diaz S,PIT,22,33,0,8,1,0,0,2,3,10,0,1,.242,.306,.273,.578
Dan D Haren,ARI,22,55,8,20,6,0,1,7,1,9,0,0,.364,.375,.527,.902
Trevor T Plouffe,MIN,22,41,7,6,1,0,2,6,0,14,0,0,.146,.143,.317,.460
Wilson W Ramos,WSH,22,79,5,22,7,0,1,5,2,12,0,0,.278,.305,.405,.710
Cody C Ransom,PHI,22,42,6,8,0,0,2,5,3,11,1,0,.190,.244,.333,.578
Mike M Redmond,CLE,22,63,7,13,4,0,0,5,2,10,0,0,.206,.242,.270,.512
David D Riske,MIL,22,0,0,0,0,0,0,0,0,0,0,0,.000,.000,.000,.000
Carlos C Rosa,ARI,22,0,0,0,0,0,0,0,0,0,0,0,.000,.000,.000,.000
Michael M Ryan L,LAA,22,39,3,8,4,0,0,2,1,5,0,0,.205,.220,.308,.527
Jorge J Sosa,FLA,22,2,0,1,0,0,0,0,0,1,0,0,.500,.500,.500,1.000
Tyler T Walker,WSH,22,2,0,0,0,0,0,0,0,1,0,0,.000,.000,.000,.000
Brad B Ausmus,LAD,21,63,4,14,2,0,0,2,7,15,0,0,.222,.310,.254,.564
Aaron A Harang,CIN,21,37,1,5,1,0,0,2,0,13,0,0,.135,.135,.162,.297
Craig C Kimbrel,ATL,21,0,0,0,0,0,0,0,0,0,0,0,.000,.000,.000,.000
Kyle K Lohse,STL,21,35,2,6,2,0,0,3,0,8,0,0,.171,.171,.229,.400
Marcos M Mateo,CHC,21,2,0,0,0,0,0,0,0,1,0,0,.000,.000,.000,.000
Brent B Morel,CWS,21,65,9,15,3,0,3,7,4,17,2,0,.231,.271,.415,.687
Matt M Reynolds,COL,21,0,1,0,0,0,0,0,1,0,0,0,.000,1.000,.000,1.000
Jonathan J Van Every C,BOS,21,19,6,4,1,0,1,1,2,9,0,0,.211,.286,.421,.707
Madison M Bumgarner,SF,20,39,2,7,1,0,0,3,2,11,0,0,.179,.220,.205,.425
Brian B Burres,PIT,20,25,0,3,0,1,0,3,0,14,0,0,.120,.120,.200,.320
Jorge J De La Rosa,COL,20,41,3,7,2,0,0,4,0,15,0,0,.171,.171,.220,.390
Nick N Evans,NYM,20,36,5,11,3,0,1,5,1,10,0,0,.306,.324,.472,.796
Freddie F Freeman,ATL,20,24,3,4,1,0,1,1,0,8,0,0,.167,.167,.333,.500
Craig C Gentry,TEX,20,33,4,7,0,0,0,3,1,11,1,0,.212,.229,.212,.441
Diory D Hernandez,ATL,20,9,5,1,0,0,1,1,0,4,0,0,.111,.111,.444,.556
Edwin E Jackson,ARI,20,38,5,6,0,0,1,3,2,22,0,0,.158,.200,.237,.437
Jair J Jurrjens,ATL,20,39,2,5,1,0,0,2,2,14,0,0,.128,.190,.154,.344
Mark M Melancon,HOU,20,0,0,0,0,0,0,0,0,0,0,0,.000,.000,.000,.000
Jai J Miller R,KC,20,55,5,13,3,0,1,4,4,23,1,0,.236,.300,.345,.646
Yamaico Y Navarro S,BOS,20,42,4,6,0,0,0,5,2,17,0,0,.143,.174,.143,.317
Jay J Payton,COL,20,35,3,12,4,1,0,1,1,4,1,0,.343,.361,.514,.875
Jack J Taschner,LAD,20,0,0,0,0,0,0,0,1,0,0,0,.000,1.000,.000,1.000
Lance L Zawadzki,SD,20,35,4,7,2,0,0,1,5,7,1,0,.200,.300,.257,.557
Brian B Bogusevic,HOU,19,28,5,5,3,0,0,3,3,12,1,1,.179,.258,.286,.544
Brian B Bruney,WSH,19,0,0,0,0,0,0,0,0,0,0,0,.000,.000,.000,.000
Alejandro A De Aza,CWS,19,30,7,9,3,0,0,2,1,4,2,1,.300,.323,.400,.723
Sam S Fuld L,CHC,19,28,3,4,1,0,0,3,3,5,0,0,.143,.226,.179,.404
Mike M Lincoln,CIN,19,1,0,0,0,0,0,0,0,0,0,0,.000,.000,.000,.000
Jose J Morales,MIN,19,36,4,7,2,0,0,7,6,14,0,0,.194,.295,.250,.546
Renyel R Pinto,FLA,19,0,0,0,0,0,0,0,0,0,0,0,.000,.000,.000,.000
Alex A Presley R,PIT,19,23,2,6,1,0,0,0,1,8,1,1,.261,.292,.304,.596
Nate N Robertson,PHI,19,26,2,5,1,0,0,1,2,6,0,0,.192,.250,.231,.481
Carlos C Silva,CHC,19,31,0,2,1,0,0,2,3,12,0,0,.065,.147,.097,.244
Chris C Valaika,CIN,19,38,3,10,1,0,1,2,1,9,0,0,.263,.282,.368,.650
Lars L Anderson,BOS,18,35,4,7,1,0,0,4,7,8,0,0,.200,.326,.229,.554
Homer H Bailey,CIN,18,33,1,7,0,0,0,2,2,15,0,0,.212,.257,.212,.469
Jarrod J Dyson C,KC,18,57,11,12,4,2,1,5,6,16,9,1,.211,.286,.404,.689
Jacoby J Ellsbury C,BOS,18,78,10,15,4,0,0,5,4,9,7,1,.192,.241,.244,.485
Barry B Enright,ARI,18,33,1,8,1,0,0,6,0,9,0,0,.242,.235,.273,.508
Jeff J Francis,COL,18,22,2,2,0,0,0,1,4,6,0,0,.091,.222,.091,.313
La Troy L Hawkins,MIL,18,0,0,0,0,0,0,0,0,0,0,0,.000,.000,.000,.000
Kenshin K Kawakami,ATL,18,24,2,3,1,0,0,1,3,9,0,0,.125,.222,.167,.389
Cristhian C Martinez,ATL,18,4,0,0,0,0,0,0,0,3,0,0,.000,.000,.000,.000
Brian B Moehler,HOU,18,10,0,1,0,0,0,0,0,3,0,0,.100,.100,.100,.200
Ross R Ohlendorf,PIT,18,26,0,2,0,0,0,0,2,16,0,0,.077,.143,.077,.220
Felipe F Paulino,HOU,18,24,1,7,1,0,0,0,1,8,0,0,.292,.346,.333,.680
Collin C Balester,WSH,17,0,0,0,0,0,0,0,0,0,0,0,.000,.000,.000,.000
John J Ely,LAD,17,27,1,2,0,0,0,1,1,13,0,0,.074,.107,.074,.181
Carlos C Fisher,CIN,17,4,0,0,0,0,0,0,0,4,0,0,.000,.000,.000,.000
Luis L Hernandez,NYM,17,44,4,11,1,0,2,6,2,7,1,0,.250,.298,.409,.707
Desmond D Jennings,TB,17,21,5,4,1,1,0,2,2,4,2,2,.190,.292,.333,.625
Mike M Mac Dougal,STL,17,0,0,0,0,0,0,0,0,0,0,0,.000,.000,.000,.000
Jason J Marquis,WSH,17,22,1,3,1,0,0,2,0,2,0,0,.136,.136,.182,.318
Mike M Mc Clendon,MIL,17,2,0,1,0,0,0,0,0,0,0,0,.500,.500,.500,1.000
Justin J Miller,LAD,17,0,0,0,0,0,0,0,0,0,0,0,.000,.000,.000,.000
Charlie C Morton,PIT,17,26,0,1,0,0,0,0,0,18,0,0,.038,.038,.038,.077
Brandon B Moss,PIT,17,26,2,4,1,0,0,2,1,6,0,0,.154,.185,.192,.378
Chris C Nelson,COL,17,25,7,7,1,0,0,0,1,4,1,0,.280,.308,.320,.628
Scott S Olsen,WSH,17,24,0,2,0,0,0,0,0,12,0,0,.083,.083,.083,.167
Oliver O Pérez Perez,NYM,17,9,0,1,0,0,0,1,1,4,0,0,.111,.200,.111,.311
J. R. J Towles,HOU,17,47,3,9,3,0,1,8,2,12,0,0,.191,.235,.319,.554
Travis T Wood,CIN,17,37,1,7,2,1,1,3,0,15,0,0,.189,.189,.378,.568
Robert R Andino,BAL,16,61,6,18,4,0,2,6,3,13,1,1,.295,.333,.459,.792
Thomas T Diamond,CHC,16,7,1,0,0,0,0,0,1,6,0,0,.000,.125,.000,.125
J. A. J Happ,HOU,16,26,0,0,0,0,0,0,1,9,0,0,.000,.037,.000,.037
Brandon B Hicks,ATL,16,5,7,0,0,0,0,0,1,2,0,0,.000,.167,.000,.167
Jamie J Moyer,PHI,16,26,1,2,0,0,0,1,3,13,0,0,.077,.172,.077,.249
Ramon R Ortiz,LAD,16,5,0,0,0,0,0,0,0,2,0,0,.000,.000,.000,.000
Leo L Rosales,ARI,16,2,0,0,0,0,0,0,0,0,0,0,.000,.000,.000,.000
Jeff J Stevens,CHC,16,0,0,0,0,0,0,0,0,0,0,0,.000,.000,.000,.000
Claudio C Vargas,MIL,16,3,0,0,0,0,0,0,0,3,0,0,.000,.000,.000,.000
Bryan B Anderson,STL,15,32,1,9,2,0,0,4,1,7,0,0,.281,.314,.344,.658
Eric E Byrnes,SEA,15,32,1,3,2,0,0,0,6,9,1,0,.094,.237,.156,.393
Aroldis A Chapman,CIN,15,0,0,0,0,0,0,0,0,0,0,0,.000,.000,.000,.000
Ryan R Garko,TEX,15,33,0,3,0,0,0,3,3,4,0,0,.091,.167,.091,.258
James J Mc Donald,PIT,15,21,2,1,1,0,0,0,1,12,0,0,.048,.091,.095,.186
Russell R Mitchell,LAD,15,42,3,6,0,0,2,4,0,8,0,0,.143,.140,.286,.425
Vicente V Padilla,LAD,15,26,5,4,1,0,0,2,2,12,0,0,.154,.241,.192,.434
Matt M Pagnozzi,STL,15,39,4,14,2,0,1,10,2,8,0,0,.359,.405,.487,.892
Steve S Pearce,PIT,15,29,4,8,2,1,0,5,7,6,0,0,.276,.395,.414,.808
Travis T Buck L,OAK,14,42,6,7,2,0,1,2,4,14,1,0,.167,.255,.286,.541
Mike M Carp,SEA,14,37,1,7,2,0,0,0,4,8,0,0,.189,.268,.243,.512
Josh J Donaldson,OAK,14,32,1,5,1,0,1,4,2,12,0,0,.156,.206,.281,.487
Nick N Green,TOR,14,21,2,3,0,0,0,2,1,5,0,0,.143,.217,.143,.360
Chin- Lung C Hu S,LAD,14,23,2,3,1,0,0,1,0,5,1,0,.130,.160,.174,.334
Rhyne R Hughes,BAL,14,47,3,10,2,0,0,4,4,19,0,0,.213,.275,.255,.530
Sam S Le Cure,CIN,14,11,2,1,1,0,0,0,0,2,0,0,.091,.091,.182,.273
Ozzie O Martínez Martinez S,FLA,14,43,8,14,4,1,0,2,4,6,1,0,.326,.383,.465,.848
Brandon B Medders,SF,14,0,0,0,0,0,0,0,0,0,0,0,.000,.000,.000,.000
Oswaldo O Navarro S,HOU,14,20,2,1,0,0,0,0,5,4,0,0,.050,.240,.050,.290
Trent T Oeltjen,LAD,14,23,5,5,1,1,0,1,4,8,0,0,.217,.357,.348,.705
Jeremy J Reed L,TOR,14,21,1,3,0,0,1,3,2,8,1,0,.143,.217,.286,.503
Alex A Sanabia,FLA,14,22,0,1,0,0,0,0,0,11,0,0,.045,.087,.045,.132
Joe J Saunders,ARI,14,24,0,2,0,0,0,1,1,8,1,0,.083,.120,.083,.203
Eliezer E Alfonzo,SEA,13,41,4,9,1,0,1,4,0,10,0,0,.220,.220,.317,.537
Luis L Atilano,WSH,13,25,0,1,0,0,0,0,0,10,0,0,.040,.040,.040,.080
Hank H Conger,LAA,13,29,2,5,1,1,0,5,5,9,0,0,.172,.294,.276,.570
Manny M Delcarmen,COL,13,1,0,0,0,0,0,0,0,1,0,0,.000,.000,.000,.000
Josh J Fields,KC,13,49,5,15,0,0,3,6,1,9,0,0,.306,.320,.490,.810
Esteban E German,TEX,13,13,5,3,0,0,0,1,3,2,4,1,.231,.375,.231,.606
Jarrett J Hoffpauir,TOR,13,34,1,7,1,0,0,0,2,5,0,0,.206,.250,.235,.485
Scott S Maine,CHC,13,0,0,0,0,0,0,0,0,0,0,0,.000,.000,.000,.000
Cesar C Ramos,SD,13,0,0,0,0,0,0,0,0,0,0,0,.000,.000,.000,.000
Ben B Revere C,MIN,13,28,1,5,0,0,0,2,2,5,0,1,.179,.233,.179,.412
Randy R Ruiz D,TOR,13,40,3,6,2,0,1,1,0,11,1,0,.150,.150,.275,.425
Dane D Sardinha,PHI,13,39,5,8,2,0,3,8,1,13,0,0,.205,.225,.487,.712
Travis T Schlichting,LAD,13,1,0,0,0,0,0,0,0,0,0,0,.000,.000,.000,.000
Drew D Sutton S,CLE,13,39,5,10,1,0,2,8,3,13,0,0,.256,.310,.436,.745
Todd T Wellemeyer,SF,13,20,2,2,0,0,0,0,0,11,0,0,.100,.100,.100,.200
Jake J Westbrook,STL,13,27,1,3,1,0,0,1,1,12,0,0,.111,.143,.148,.291
Casey C Coleman,CHC,12,20,2,2,1,0,0,2,1,11,0,0,.100,.143,.150,.293
Mat M Gamel,MIL,12,15,1,3,1,0,0,1,1,8,0,0,.200,.294,.267,.561
Lucas L May,KC,12,37,3,7,1,0,0,6,0,10,0,1,.189,.205,.216,.421
Pat P Misch,NYM,12,8,0,1,0,0,0,0,0,4,0,0,.125,.125,.125,.250
Paul P Phillips,COL,12,23,4,5,0,0,0,1,2,7,0,0,.217,.280,.217,.497
Ryan R Rohlinger,SF,12,15,1,3,0,0,0,1,2,5,0,0,.200,.294,.200,.494
Jarrod J Saltalamacchia,BOS,12,24,2,4,3,0,0,2,6,5,0,0,.167,.333,.292,.625
Brad B Snyder R,CHC,12,27,1,5,1,0,0,5,1,12,0,0,.185,.214,.222,.436
Edinson E Vólquez Volquez,CIN,12,17,1,2,0,0,0,0,1,7,0,0,.118,.167,.118,.284
Matt M Watson L,OAK,12,30,2,6,2,0,1,4,3,5,0,0,.200,.273,.367,.639
J. P. J Arencibia,TOR,11,35,3,5,1,0,2,4,2,11,0,0,.143,.189,.343,.532
Casey C Daigle,HOU,11,0,0,0,0,0,0,0,0,0,0,0,.000,.000,.000,.000
Enerio E Del Rosario,HOU,11,0,0,0,0,0,0,0,0,0,0,0,.000,.000,.000,.000
Daniel D Descalso,STL,11,34,6,9,2,0,0,4,2,6,1,0,.265,.324,.324,.648
Brad B Eldred,COL,11,24,4,6,1,0,1,3,2,10,0,0,.250,.333,.417,.750
Sean S Green,NYM,11,0,0,0,0,0,0,0,0,0,0,0,.000,.000,.000,.000
Daniel D Hudson,ARI,11,27,1,4,2,0,0,6,0,7,0,0,.148,.179,.222,.401
John J Lindsey,LAD,11,12,0,1,0,0,0,0,0,3,0,0,.083,.154,.083,.237
Matt M Mangini,SEA,11,38,2,8,0,0,0,1,2,13,0,0,.211,.250,.211,.460
John J Mayberry,PHI,11,12,4,4,0,0,2,6,1,4,0,1,.333,.385,.833,1.218
Dan D Meyer,FLA,11,0,0,0,0,0,0,0,0,0,0,0,.000,.000,.000,.000
John J Raynor,PIT,11,10,1,2,0,0,0,0,1,3,0,0,.200,.273,.200,.473
Adam A Russell,SD,11,0,0,0,0,0,0,0,0,0,0,0,.000,.000,.000,.000
Stephen S Strasburg,WSH,11,20,0,1,0,0,0,1,0,7,0,0,.050,.050,.050,.100
Wesley W Wright,HOU,11,8,0,0,0,0,0,0,0,3,0,0,.000,.000,.000,.000
Rocco R Baldelli D,TB,10,24,3,5,1,0,1,5,1,5,1,0,.208,.240,.375,.615
Mike M Hampton,ARI,10,0,0,0,0,0,0,0,0,0,0,0,.000,.000,.000,.000
Steven S Jackson,PIT,10,0,0,0,0,0,0,0,0,0,0,0,.000,.000,.000,.000
Jeremy J Jeffress,MIL,10,0,0,0,0,0,0,0,0,0,0,0,.000,.000,.000,.000
Brad B Lincoln,PIT,10,15,0,6,0,0,0,3,0,3,0,0,.400,.400,.400,.800
John J Maine,NYM,10,10,0,0,0,0,0,0,0,6,0,0,.000,.000,.000,.000
Bobby B Scales,CHC,10,13,4,4,0,0,0,2,7,5,1,0,.308,.550,.308,.858
Greg G Smith,COL,10,13,2,4,2,0,0,2,0,1,0,0,.308,.308,.462,.769
Brandon B Snyder,BAL,10,20,1,6,2,0,0,3,0,3,0,1,.300,.300,.400,.700
Justin J Thomas,PIT,10,1,0,0,0,0,0,0,0,1,0,0,.000,.000,.000,.000
Mike M Baxter,SD,9,8,0,1,0,0,0,1,0,2,0,0,.125,.111,.125,.236
Jeff J Frazier L,DET,9,23,3,5,1,0,0,1,1,6,0,0,.217,.250,.261,.511
Greg G Halman L,SEA,9,29,1,4,1,0,0,3,1,11,1,0,.138,.167,.172,.339
Mark M Hamilton,STL,9,14,0,2,0,0,0,0,1,5,0,0,.143,.200,.143,.343
Paul P Hoover,PHI,9,22,6,5,2,0,0,2,3,5,0,0,.227,.320,.318,.638
Chad C Huffman L,NYY,9,18,1,3,0,0,0,2,2,5,0,0,.167,.286,.167,.452
Erik E Kratz,PIT,9,34,2,4,0,0,0,1,2,9,0,0,.118,.167,.118,.284
Jon J Link,LAD,9,0,0,0,0,0,0,0,0,0,0,0,.000,.000,.000,.000
Joe J Martinez,PIT,9,3,0,0,0,0,0,0,0,1,0,0,.000,.000,.000,.000
Paul P Mc Anulty,LAA,9,22,2,3,0,0,1,2,2,11,0,0,.136,.208,.273,.481
Andrew A Miller,FLA,9,9,0,0,0,0,0,0,0,3,0,0,.000,.000,.000,.000
Mike M Minor,ATL,9,10,0,0,0,0,0,0,1,7,0,0,.000,.091,.000,.091
Chad C Moeller,NYY,9,14,2,3,3,0,0,0,1,4,0,0,.214,.267,.429,.695
Brad B Penny,STL,9,19,1,3,0,0,1,4,0,6,0,0,.158,.158,.316,.474
Justin J Turner,NYM,9,17,1,1,1,0,0,0,1,3,0,0,.059,.111,.118,.229
Cesar C Valdez,ARI,9,4,0,0,0,0,0,0,0,3,0,0,.000,.000,.000,.000
Grant G Balfour,TB,8,0,0,0,0,0,0,0,0,0,0,0,.000,.000,.000,.000
Joaquin J Benoit,TB,8,0,0,0,0,0,0,0,0,0,0,0,.000,.000,.000,.000
Jay J Buente,FLA,8,0,0,0,0,0,0,0,0,0,0,0,.000,.000,.000,.000
Esmailin E Caridad,CHC,8,0,0,0,0,0,0,0,0,0,0,0,.000,.000,.000,.000
Jose J Ceda,FLA,8,2,0,0,0,0,0,0,0,2,0,0,.000,.000,.000,.000
Pedro P Ciriaco,PIT,8,6,3,3,1,1,0,1,0,3,0,0,.500,.500,1.000,1.500
Doug D Davis,MIL,8,13,0,0,0,0,0,1,0,5,0,0,.000,.000,.000,.000
Ross R Detwiler,WSH,8,7,0,0,0,0,0,0,0,3,0,0,.000,.000,.000,.000
Tyler T Flowers,CWS,8,11,2,1,0,0,0,0,4,5,0,0,.091,.333,.091,.424
Charlie C Haeger,LAD,8,6,0,0,0,0,0,1,1,5,0,0,.000,.125,.000,.125
J. D. J Martin,WSH,8,12,0,2,1,0,0,0,0,4,0,0,.167,.167,.250,.417
Mark M Trumbo,LAA,8,15,2,1,0,0,0,2,1,8,0,0,.067,.125,.067,.192
Henry H Villar,HOU,8,0,0,0,0,0,0,0,0,0,0,0,.000,.000,.000,.000
Chris C Woodward S,SEA,8,19,0,3,1,0,0,0,3,9,0,0,.158,.273,.211,.483
Dusty D Brown,BOS,7,12,0,3,1,0,0,2,0,2,0,0,.250,.250,.333,.583
Taylor T Buchholz,COL,7,1,0,1,0,0,0,0,0,0,0,0,1.000,1.000,1.000,2.000
Emmanuel E Burriss,SF,7,5,3,2,0,0,0,0,0,1,0,0,.400,.400,.400,.800
Welington W Castillo,CHC,7,20,3,6,4,0,1,5,1,7,0,0,.300,.333,.650,.983
Luis Alfonso L Cruz S,MIL,7,17,2,4,0,1,0,1,0,2,0,0,.235,.235,.353,.588
Jesse J English,WSH,7,0,0,0,0,0,0,0,0,0,0,0,.000,.000,.000,.000
Darren D Ford,SF,7,0,1,0,0,0,0,0,0,0,2,1,.000,.000,.000,.000
Jeff J Gray,CHC,7,0,0,0,0,0,0,0,0,0,0,0,.000,.000,.000,.000
Mike M Jacobs,NYM,7,24,1,5,1,0,1,2,3,7,0,0,.208,.296,.375,.671
Brandon B Kintzler,MIL,7,0,0,0,0,0,0,0,0,0,0,0,.000,.000,.000,.000
Donny D Lucy,CWS,7,15,2,5,3,0,1,2,2,3,1,0,.333,.444,.733,1.178
Matt M Maloney,CIN,7,3,0,1,0,0,0,0,0,1,0,0,.333,.333,.333,.667
Fernando F Martinez L,NYM,7,18,1,3,0,0,0,2,1,5,0,1,.167,.273,.167,.439
Mike M Rivera,FLA,7,14,0,0,0,0,0,0,2,3,0,0,.000,.176,.000,.176
Jeff J Samardzija,CHC,7,4,0,1,0,0,0,1,2,2,0,0,.250,.500,.250,.750
Brian B Schlitter,CHC,7,0,0,0,0,0,0,0,0,0,0,0,.000,.000,.000,.000
Rafael R Soriano,TB,7,0,0,0,0,0,0,0,0,0,0,0,.000,.000,.000,.000
Mitch M Stetter,MIL,7,0,0,0,0,0,0,0,0,0,0,0,.000,.000,.000,.000
P. J. P Walters,STL,7,7,0,0,0,0,0,0,1,5,0,0,.000,.125,.000,.125
Dan D Wheeler,TB,7,0,0,0,0,0,0,0,0,0,0,0,.000,.000,.000,.000
Dontrelle D Willis,ARI,7,6,1,1,0,0,0,0,1,1,0,0,.167,.286,.167,.452
Mike M Zagurski,PHI,7,0,0,0,0,0,0,0,0,0,0,0,.000,.000,.000,.000
Jordan J Zimmermann,WSH,7,10,0,2,0,0,0,0,0,2,0,0,.200,.200,.200,.400
Matt M Albers,BAL,6,0,0,0,0,0,0,0,0,0,0,0,.000,.000,.000,.000
Brian B Bocock S,PHI,6,5,2,0,0,0,0,0,0,3,0,0,.000,.000,.000,.000
Ryan R Budde,LAA,6,10,2,4,1,0,1,3,1,5,0,0,.400,.455,.800,1.255
Luke L Carlin,CLE,6,14,4,5,0,0,2,3,2,5,0,0,.357,.438,.786,1.223
Lance L Cormier,TB,6,0,0,0,0,0,0,0,0,0,0,0,.000,.000,.000,.000
Neftali N Feliz,TEX,6,0,0,0,0,0,0,0,0,0,0,0,.000,.000,.000,.000
Frank F Francisco,TEX,6,0,0,0,0,0,0,0,0,0,0,0,.000,.000,.000,.000
Sammy S Gervacio,HOU,6,0,0,0,0,0,0,0,0,0,0,0,.000,.000,.000,.000
Michael M Mc Kenry,COL,6,8,0,0,0,0,0,0,1,5,0,0,.000,.111,.000,.111
Russ R Ortiz,LAD,6,0,0,0,0,0,0,0,0,0,0,0,.000,.000,.000,.000
Scott S Proctor,ATL,6,0,0,0,0,0,0,0,0,0,0,0,.000,.000,.000,.000
Max M St. Pierre,DET,6,9,1,2,1,0,0,0,0,2,0,0,.222,.222,.333,.556
Adam A Stern,MIL,6,8,0,0,0,0,0,1,0,2,0,0,.000,.000,.000,.000
Brad B Ziegler,OAK,6,0,0,0,0,0,0,0,0,0,0,0,.000,.000,.000,.000
Cory C Aldridge R,LAA,5,13,0,1,0,1,0,1,0,5,0,0,.077,.077,.231,.308
Mitch M Atkins,CHC,5,2,0,0,0,0,0,0,0,1,0,0,.000,.000,.000,.000
Joe J Bisenius,WSH,5,0,0,0,0,0,0,0,0,0,0,0,.000,.000,.000,.000
Craig C Breslow,OAK,5,0,0,0,0,0,0,0,0,0,0,0,.000,.000,.000,.000
Joba J Chamberlain,NYY,5,0,0,0,0,0,0,0,0,0,0,0,.000,.000,.000,.000
Jesse J Crain,MIN,5,1,0,0,0,0,0,0,0,1,0,0,.000,.000,.000,.000
Brian B Duensing,MIN,5,1,0,0,0,0,0,0,0,1,0,0,.000,.000,.000,.000
Edgmer E Escalona,COL,5,0,0,0,0,0,0,0,0,0,0,0,.000,.000,.000,.000
Marco M Estrada,MIL,5,1,0,0,0,0,0,0,0,0,0,0,.000,.000,.000,.000
Dillon D Gee,NYM,5,12,0,2,1,0,0,1,0,8,0,0,.167,.167,.250,.417
Chris C Hatcher,FLA,5,6,0,0,0,0,0,0,2,5,0,0,.000,.250,.000,.250
Frank F Herrmann,CLE,5,0,0,0,0,0,0,0,0,0,0,0,.000,.000,.000,.000
Casey C Janssen,TOR,5,1,0,0,0,0,0,0,0,1,0,0,.000,.000,.000,.000
Bobby B Jenks,CWS,5,0,0,0,0,0,0,0,0,0,0,0,.000,.000,.000,.000
Brandon B League,SEA,5,0,0,0,0,0,0,0,0,0,0,0,.000,.000,.000,.000
Ron R Mahay,MIN,5,0,0,0,0,0,0,0,0,0,0,0,.000,.000,.000,.000
Yunesky Y Maya,WSH,5,7,0,1,0,0,0,0,0,4,0,0,.143,.143,.143,.286
Adalberto A Mendez,FLA,5,7,0,2,0,0,0,0,0,1,0,0,.286,.286,.286,.571
Mike M Nickeas,NYM,5,10,0,2,0,0,0,0,0,5,0,0,.200,.200,.200,.400
Adam A Ottavino,STL,5,6,0,0,0,0,0,0,1,5,0,0,.000,.143,.000,.143
Rafael R Perez,CLE,5,0,0,0,0,0,0,0,0,0,0,0,.000,.000,.000,.000
David D Robertson,NYY,5,0,0,0,0,0,0,0,0,0,0,0,.000,.000,.000,.000
Fernando F Rodney,LAA,5,0,0,0,0,0,0,0,0,0,0,0,.000,.000,.000,.000
Andrew An Romine S,LAA,5,11,0,1,0,0,0,0,0,4,0,0,.091,.091,.091,.182
Ryan R Shealy,BOS,5,7,0,0,0,0,0,0,0,2,0,0,.000,.000,.000,.000
Alfredo A Simon,BAL,5,0,0,0,0,0,0,0,0,0,0,0,.000,.000,.000,.000
Andy A Sonnanstine,TB,5,1,0,0,0,0,0,0,0,1,0,0,.000,.000,.000,.000
Robinson R Tejeda,KC,5,0,0,0,0,0,0,0,0,0,0,0,.000,.000,.000,.000
Vance V Worley,PHI,5,3,0,0,0,0,0,0,0,3,0,0,.000,.000,.000,.000
David D Aardsma,SEA,4,0,0,0,0,0,0,0,0,0,0,0,.000,.000,.000,.000
Andrew A Bailey,OAK,4,0,0,0,0,0,0,0,0,0,0,0,.000,.000,.000,.000
Daniel D Bard,BOS,4,0,0,0,0,0,0,0,0,0,0,0,.000,.000,.000,.000
Brian B Bass,PIT,4,1,0,0,0,0,0,0,0,0,0,0,.000,.000,.000,.000
Jason J Bergmann,WSH,4,0,0,0,0,0,0,0,0,0,0,0,.000,.000,.000,.000
Jason J Berken,BAL,4,0,0,0,0,0,0,0,0,0,0,0,.000,.000,.000,.000
Jerry J Blevins,OAK,4,0,0,0,0,0,0,0,0,0,0,0,.000,.000,.000,.000
Brandon B Boggs R,TEX,4,7,0,0,0,0,0,0,1,4,0,0,.000,.125,.000,.125
Alex A Burnett,MIN,4,0,0,0,0,0,0,0,0,0,0,0,.000,.000,.000,.000
Jared J Burton,CIN,4,0,0,0,0,0,0,0,0,0,0,0,.000,.000,.000,.000
Shawn S Camp,TOR,4,1,0,1,0,0,0,0,0,0,0,0,1.000,1.000,1.000,2.000
Brent B Clevlen,ATL,4,4,2,1,1,0,0,0,0,1,0,0,.250,.250,.500,.750
Phil P Coke,DET,4,0,0,0,0,0,0,0,0,0,0,0,.000,.000,.000,.000
Samuel S Deduno,COL,4,0,0,0,0,0,0,0,0,0,0,0,.000,.000,.000,.000
Scott S Downs,TOR,4,0,0,0,0,0,0,0,0,0,0,0,.000,.000,.000,.000
Matt M Guerrier,MIN,4,0,0,0,0,0,0,0,0,0,0,0,.000,.000,.000,.000
David D Hernandez,BAL,4,3,0,0,0,0,0,0,0,1,0,0,.000,.000,.000,.000
Dusty D Hughes,KC,4,0,0,0,0,0,0,0,0,0,0,0,.000,.000,.000,.000
Kevin K Jepsen,LAA,4,0,0,0,0,0,0,0,0,0,0,0,.000,.000,.000,.000
Waldis W Joaquin,SF,4,0,0,0,0,0,0,0,0,0,0,0,.000,.000,.000,.000
Cory C Luebke,SD,4,5,0,0,0,0,0,0,0,5,0,0,.000,.000,.000,.000
Carlos C Maldonado,WSH,4,11,1,3,0,0,1,3,1,2,0,0,.273,.333,.545,.879
Jhan J Mariñez Marinez,FLA,4,0,0,0,0,0,0,0,0,0,0,0,.000,.000,.000,.000
Damaso D Marte,NYY,4,0,0,0,0,0,0,0,0,0,0,0,.000,.000,.000,.000
Gustavo G Molina,BOS,4,7,1,1,0,0,0,0,0,2,0,0,.143,.143,.143,.286
Darren D Oliver,TEX,4,0,0,0,0,0,0,0,0,0,0,0,.000,.000,.000,.000
Chris C Perez,CLE,4,0,0,0,0,0,0,0,0,0,0,0,.000,.000,.000,.000
David D Price,TB,4,7,0,1,0,0,0,0,0,5,0,0,.143,.143,.143,.286
J. J Putz,CWS,4,0,0,0,0,0,0,0,0,0,0,0,.000,.000,.000,.000
Mariano M Rivera,NYY,4,1,0,0,0,0,0,0,0,0,0,0,.000,.000,.000,.000
Saul S Rivera,ARI,4,0,0,0,0,0,0,0,0,0,0,0,.000,.000,.000,.000
Mark M Rogers,MIL,4,2,1,1,0,0,0,0,0,1,0,0,.500,.500,.500,1.000
Tyson T Ross,OAK,4,1,0,0,0,0,0,0,0,1,0,0,.000,.000,.000,.000
Konrad K Schmidt,ARI,4,8,0,1,0,0,0,0,1,0,0,0,.125,.222,.125,.347
Tony T Sipp,CLE,4,0,0,0,0,0,0,0,0,0,0,0,.000,.000,.000,.000
Eric E Sogard,OAK,4,7,0,3,0,0,0,0,2,1,0,1,.429,.556,.429,.984
Daniel D Stange,ARI,4,0,0,0,0,0,0,0,0,0,0,0,.000,.000,.000,.000
Kanekoa K Texeira,KC,4,1,0,0,0,0,0,0,0,1,0,0,.000,.000,.000,.000
Matt M Thornton,CWS,4,0,0,0,0,0,0,0,0,0,0,0,.000,.000,.000,.000
Javier J Vazquez,NYY,4,1,0,0,0,0,0,0,2,0,0,0,.000,.667,.000,.667
Kerry K Wood,CLE,4,0,0,0,0,0,0,0,0,0,0,0,.000,.000,.000,.000
Michael M Wuertz,OAK,4,0,0,0,0,0,0,0,0,0,0,0,.000,.000,.000,.000
Chris C Young,SD,4,5,0,0,0,0,0,0,1,4,0,0,.000,.167,.000,.167
Joel J Zumaya,DET,4,0,0,0,0,0,0,0,0,0,0,0,.000,.000,.000,.000
Brian B Bannister,KC,3,5,1,1,1,0,0,1,0,3,0,0,.200,.200,.400,.600
Brandon B Beachy,ATL,3,5,1,1,0,0,0,0,1,4,0,0,.200,.333,.200,.533
Trevor T Bell,LAA,3,1,0,0,0,0,0,0,0,1,0,0,.000,.000,.000,.000
Kris K Benson,ARI,3,5,0,1,0,0,0,0,0,1,0,0,.200,.200,.200,.400
Eddie E Bonine,DET,3,0,0,0,0,0,0,0,0,0,0,0,.000,.000,.000,.000
Cedrick C Bowers,OAK,3,0,0,0,0,0,0,0,0,0,0,0,.000,.000,.000,.000
Billy B Buckner,ARI,3,4,0,1,0,0,0,0,1,0,0,0,.250,.400,.250,.650
Randy R Choate,TB,3,0,0,0,0,0,0,0,0,0,0,0,.000,.000,.000,.000
Steve S Cishek,FLA,3,0,0,0,0,0,0,0,0,0,0,0,.000,.000,.000,.000
Jason J Frasor,TOR,3,0,0,0,0,0,0,0,0,0,0,0,.000,.000,.000,.000
Brian B Fuentes,LAA,3,0,0,0,0,0,0,0,0,0,0,0,.000,.000,.000,.000
Enrique E Gonzalez,DET,3,0,0,0,0,0,0,0,0,0,0,0,.000,.000,.000,.000
Mark M Hendrickson,BAL,3,0,0,0,0,0,0,0,0,0,0,0,.000,.000,.000,.000
Hunter H Jones,FLA,3,0,0,0,0,0,0,0,0,0,0,0,.000,.000,.000,.000
Scott S Kazmir,LAA,3,6,0,0,0,0,0,0,0,3,0,0,.000,.000,.000,.000
Zach Z Kroenke,ARI,3,2,0,0,0,0,0,0,0,1,0,0,.000,.000,.000,.000
John J Lackey,BOS,3,5,1,2,1,0,0,0,0,1,0,0,.400,.400,.600,1.000
Jensen J Lewis,CLE,3,0,0,0,0,0,0,0,0,0,0,0,.000,.000,.000,.000
Boone B Logan,NYY,3,0,0,0,0,0,0,0,0,0,0,0,.000,.000,.000,.000
Victor V Marte,KC,3,0,0,0,0,0,0,0,0,0,0,0,.000,.000,.000,.000
Fu- Te F Ni,DET,3,0,0,0,0,0,0,0,0,0,0,0,.000,.000,.000,.000
Jeff J Niemann,TB,3,5,0,0,0,0,0,0,0,3,0,0,.000,.000,.000,.000
Darren D O' Day,TEX,3,0,0,0,0,0,0,0,0,0,0,0,.000,.000,.000,.000
Hideki H Okajima,BOS,3,0,0,0,0,0,0,0,0,0,0,0,.000,.000,.000,.000
Jonathan J Papelbon,BOS,3,0,0,0,0,0,0,0,0,0,0,0,.000,.000,.000,.000
Hayden H Penn,PIT,3,0,0,0,0,0,0,0,0,0,0,0,.000,.000,.000,.000
Francisco F Rodriguez,LAA,3,0,0,0,0,0,0,0,0,0,0,0,.000,.000,.000,.000
Sergio S Santos,CWS,3,0,0,0,0,0,0,0,0,0,0,0,.000,.000,.000,.000
Scot S Shields,LAA,3,1,0,0,0,0,0,0,0,1,0,0,.000,.000,.000,.000
Brett B Sinkbeil,FLA,3,0,0,0,0,0,0,0,0,0,0,0,.000,.000,.000,.000
Kevin K Slowey,MIN,3,2,0,0,0,0,0,0,0,1,0,0,.000,.000,.000,.000
Joe J Smith,CLE,3,0,0,0,0,0,0,0,0,0,0,0,.000,.000,.000,.000
Brad B Thomas,DET,3,0,0,0,0,0,0,0,0,0,0,0,.000,.000,.000,.000
Jose J Valverde,DET,3,0,0,0,0,0,0,0,0,0,0,0,.000,.000,.000,.000
Jason J Vargas,SEA,3,6,0,0,0,0,0,0,0,3,0,0,.000,.000,.000,.000
Jered J Weaver,LAA,3,10,1,2,0,0,0,0,0,3,0,0,.200,.200,.200,.400
Sean S White,SEA,3,0,0,0,0,0,0,0,0,0,0,0,.000,.000,.000,.000
C. J. C Wilson,TEX,3,4,0,0,0,0,0,0,0,1,0,0,.000,.000,.000,.000
Blake B Wood,KC,3,0,0,0,0,0,0,0,0,0,0,0,.000,.000,.000,.000
Jake J Arrieta,BAL,2,3,0,0,0,0,0,0,1,1,0,0,.000,.250,.000,.250
Scott S Atchison,BOS,2,0,0,0,0,0,0,0,0,0,0,0,.000,.000,.000,.000
Scott S Baker,MIN,2,3,0,0,0,0,0,0,0,2,0,0,.000,.000,.000,.000
Nick N Blackburn,MIN,2,1,0,0,0,0,0,0,0,0,0,0,.000,.000,.000,.000
Mark M Buehrle,CWS,2,5,0,0,0,0,0,0,0,3,0,0,.000,.000,.000,.000
Jason J Bulger,LAA,2,0,0,0,0,0,0,0,0,0,0,0,.000,.000,.000,.000
A. J. A Burnett,NYY,2,1,0,0,0,0,0,0,0,1,0,0,.000,.000,.000,.000
Trevor T Cahill,OAK,2,3,0,0,0,0,0,0,0,1,0,0,.000,.000,.000,.000
Chad C Cordero,SEA,2,0,0,0,0,0,0,0,0,0,0,0,.000,.000,.000,.000
Kyle K Davies,KC,2,1,0,0,0,0,0,0,0,0,0,0,.000,.000,.000,.000
Mike M Ekstrom,TB,2,0,0,0,0,0,0,0,0,0,0,0,.000,.000,.000,.000
Brian B Esposito,HOU,2,3,0,0,0,0,0,0,0,1,0,0,.000,.000,.000,.000
Dana D Eveland,PIT,2,1,0,0,0,0,0,0,0,0,0,0,.000,.000,.000,.000
Scott S Feldman,TEX,2,6,1,1,1,0,0,0,0,3,0,0,.167,.167,.333,.500
Gavin G Floyd,CWS,2,4,0,1,0,0,0,0,1,2,0,0,.250,.400,.250,.650
Armando A Galarraga,DET,2,5,0,0,0,0,0,0,0,4,0,0,.000,.000,.000,.000
Freddy F Garcia,CWS,2,5,0,0,0,0,0,0,0,1,0,0,.000,.000,.000,.000
Matt M Garza,TB,2,3,0,0,0,0,0,0,0,3,0,0,.000,.000,.000,.000
Chad C Gaudin,NYY,2,0,0,0,0,0,0,0,0,0,0,0,.000,.000,.000,.000
Gio G Gonzalez,OAK,2,4,0,0,0,0,0,0,0,3,0,0,.000,.000,.000,.000
Kevin K Gregg,TOR,2,0,0,0,0,0,0,0,0,0,0,0,.000,.000,.000,.000
Zack Z Greinke,KC,2,6,0,0,0,0,0,0,0,1,0,0,.000,.000,.000,.000
Roberto R Hernandez,CLE,2,4,0,0,0,0,0,0,0,2,0,0,.000,.000,.000,.000
Luke L Hughes,MIN,2,7,1,2,0,0,1,1,0,3,0,1,.286,.286,.714,1.000
Shawn S Kelley,SEA,2,0,0,0,0,0,0,0,0,0,0,0,.000,.000,.000,.000
Jon J Lester,BOS,2,3,0,0,0,0,0,1,1,2,0,0,.000,.200,.000,.200
Colby C Lewis,TEX,2,7,1,2,0,0,0,2,0,2,0,0,.286,.286,.286,.571
Rommie R Lewis,TOR,2,1,0,0,0,0,0,0,0,1,0,0,.000,.000,.000,.000
Evan E Mac Lane,STL,2,0,0,0,0,0,0,0,0,0,0,0,.000,.000,.000,.000
Gary G Majewski,HOU,2,0,0,0,0,0,0,0,0,0,0,0,.000,.000,.000,.000
Jeff J Manship,MIN,2,1,0,0,0,0,0,0,0,1,0,0,.000,.000,.000,.000
Shaun S Marcum,TOR,2,4,1,1,1,0,0,1,1,2,0,0,.250,.400,.500,.900
Justin J Masterson,CLE,2,4,0,1,0,0,0,0,0,1,0,0,.250,.250,.250,.500
Frank F Mata,BAL,2,0,0,0,0,0,0,0,0,0,0,0,.000,.000,.000,.000
Scott S Mathieson,PHI,2,0,0,0,0,0,0,0,0,0,0,0,.000,.000,.000,.000
Daisuke D Matsuzaka,BOS,2,4,0,2,0,0,0,1,0,0,0,0,.500,.500,.500,1.000
Vin V Mazzaro,OAK,2,4,0,0,0,0,0,0,0,2,0,0,.000,.000,.000,.000
Cla C Meredith,BAL,2,0,0,0,0,0,0,0,0,0,0,0,.000,.000,.000,.000
Kevin K Millwood,BAL,2,5,0,0,0,0,0,0,0,4,0,0,.000,.000,.000,.000
Sergio S Mitre,NYY,2,0,0,0,0,0,0,0,0,0,0,0,.000,.000,.000,.000
Brandon B Morrow,TOR,2,3,0,0,0,0,0,0,0,1,0,0,.000,.000,.000,.000
Kevin K Mulvey,ARI,2,0,0,0,0,0,0,0,0,0,0,0,.000,.000,.000,.000
Dustin D Nippert,TEX,2,1,0,0,0,0,0,0,0,0,0,0,.000,.000,.000,.000
Alexi A Ogando,TEX,2,1,1,1,0,0,0,0,0,0,0,0,1.000,1.000,1.000,2.000
Garrett G Olson,SEA,2,0,0,0,0,0,0,0,0,0,0,0,.000,.000,.000,.000
Carl C Pavano,MIN,2,6,0,3,0,0,0,0,0,2,0,0,.500,.500,.500,1.000
Jake J Peavy,CWS,2,7,0,1,0,0,0,0,0,3,0,0,.143,.143,.143,.286
Ramon R Pena,CWS,2,0,0,0,0,0,0,0,0,0,0,0,.000,.000,.000,.000
Andy A Pettitte,NYY,2,4,0,1,0,0,0,0,0,3,0,0,.250,.250,.250,.500
Joel J Pineiro,LAA,2,3,3,0,0,0,0,0,2,2,0,0,.000,.400,.000,.400
David D Purcey,TOR,2,0,0,0,0,0,0,0,0,0,0,0,.000,.000,.000,.000
Guillermo G Quiroz,SEA,2,7,1,2,1,0,0,0,0,1,0,0,.286,.286,.429,.714
Jon J Rauch,MIN,2,0,0,0,0,0,0,0,0,0,0,0,.000,.000,.000,.000
Juan J Rincon,COL,2,1,0,0,0,0,0,0,0,0,0,0,.000,.000,.000,.000
Rafael R Rodriguez,ARI,2,0,0,0,0,0,0,0,0,0,0,0,.000,.000,.000,.000
Niuman N Romero,BOS,2,4,1,0,0,0,0,0,0,0,0,0,.000,.000,.000,.000
Ricky R Romero,TOR,2,4,0,0,0,0,0,0,0,3,0,0,.000,.000,.000,.000
Sandy S Rosario,FLA,2,0,0,0,0,0,0,0,0,0,0,0,.000,.000,.000,.000
Ryan R Rowland- Smith,SEA,2,4,0,0,0,0,0,0,0,3,0,0,.000,.000,.000,.000
C Sabathia,NYY,2,5,0,1,0,0,0,0,0,3,0,0,.200,.200,.200,.400
Ben B Sheets,OAK,2,3,0,1,0,0,0,0,0,2,0,0,.333,.333,.333,.667
James J Shields,TB,2,2,0,1,0,0,0,0,0,0,0,0,.500,.500,.500,1.000
Chris C Smith,MIL,2,0,0,0,0,0,0,0,0,0,0,0,.000,.000,.000,.000
Joakim J Soria,KC,2,0,0,0,0,0,0,0,0,0,0,0,.000,.000,.000,.000
Russ R Springer,CIN,2,0,0,0,0,0,0,0,0,0,0,0,.000,.000,.000,.000
Chris C Stewart,SD,2,0,0,0,0,0,0,0,0,0,0,0,.000,.000,.000,.000
Scott S Strickland,FLA,2,0,0,0,0,0,0,0,0,0,0,0,.000,.000,.000,.000
Mitch M Talbot,CLE,2,5,0,0,0,0,0,0,0,4,0,0,.000,.000,.000,.000
Brian B Tallet,TOR,2,1,0,0,0,0,0,0,0,0,0,0,.000,.000,.000,.000
Justin J Verlander,DET,2,4,0,0,0,0,0,0,0,3,0,0,.000,.000,.000,.000
Tim T Wakefield,BOS,2,4,0,0,0,0,0,0,1,2,0,0,.000,.200,.000,.200
Sean S West,FLA,2,3,0,0,0,0,0,0,0,2,0,0,.000,.000,.000,.000
Alfredo A Aceves,NYY,1,0,0,0,0,0,0,0,0,0,0,0,.000,.000,.000,.000
Hector H Ambriz,CLE,1,0,0,0,0,0,0,0,0,0,0,0,.000,.000,.000,.000
Brad B Bergesen,BAL,1,3,0,1,0,0,0,0,0,0,0,0,.333,.333,.333,.667
Jeremy J Bonderman,DET,1,2,0,0,0,0,0,0,0,1,0,0,.000,.000,.000,.000
J. C. J Boscan,ATL,1,0,1,0,0,0,0,0,1,0,0,0,.000,1.000,.000,1.000
Dallas D Braden,OAK,1,1,0,0,0,0,0,0,0,0,0,0,.000,.000,.000,.000
Clay C Buchholz,BOS,1,1,0,1,0,0,0,0,0,0,0,0,1.000,1.000,1.000,2.000
Jamie J Burke,WSH,1,0,0,0,0,0,0,0,0,0,0,0,.000,.000,.000,.000
Drew D Carpenter,PHI,1,1,0,0,0,0,0,0,0,0,0,0,.000,.000,.000,.000
Bobby B Cassevah,LAA,1,0,0,0,0,0,0,0,0,0,0,0,.000,.000,.000,.000
Brett B Cecil,TOR,1,2,0,0,0,0,0,0,0,2,0,0,.000,.000,.000,.000
Bruce B Chen,KC,1,1,0,1,0,0,0,0,0,0,0,0,1.000,1.000,1.000,2.000
Matt M Chico,WSH,1,2,0,0,0,0,0,0,0,0,0,0,.000,.000,.000,.000
John J Danks,CWS,1,3,0,0,0,0,0,0,0,1,0,0,.000,.000,.000,.000
Wade W Davis,TB,1,1,0,0,0,0,0,0,0,0,0,0,.000,.000,.000,.000
Scott S Elbert,LAD,1,0,0,0,0,0,0,0,0,0,0,0,.000,.000,.000,.000
Terry T Evans C,LAA,1,1,0,0,0,0,0,0,0,1,0,0,.000,.000,.000,.000
Doug D Fister,SEA,1,2,0,0,0,0,0,0,0,2,0,0,.000,.000,.000,.000
Luke L French,SEA,1,1,0,0,0,0,0,0,0,1,0,0,.000,.000,.000,.000
Jeremy J Guthrie,BAL,1,3,0,0,0,0,0,0,0,2,0,0,.000,.000,.000,.000
Rich R Harden,TEX,1,1,0,0,0,0,0,0,0,0,0,0,.000,.000,.000,.000
Matt M Harrison,TEX,1,1,0,0,0,0,0,0,0,1,0,0,.000,.000,.000,.000
Jeremy J Hellickson,TB,1,0,0,0,0,0,0,0,0,0,0,0,.000,.000,.000,.000
Felix F Hernández Hernandez,SEA,1,2,0,0,0,0,0,0,0,1,0,0,.000,.000,.000,.000
Steven S Hill,STL,1,3,1,1,0,0,1,1,0,1,0,0,.333,.333,1.333,1.667
Luke L Hochevar,KC,1,1,0,0,0,0,0,0,0,1,0,0,.000,.000,.000,.000
David D Huff,CLE,1,2,0,0,0,0,0,0,0,1,0,0,.000,.000,.000,.000
Phil P Hughes,NYY,1,1,0,0,0,0,0,0,0,0,0,0,.000,.000,.000,.000
Tommy T Hunter,TEX,1,1,0,0,0,0,0,0,0,1,0,0,.000,.000,.000,.000
Chris C Jakubauskas,PIT,1,0,0,0,0,0,0,0,0,0,0,0,.000,.000,.000,.000
Aaron A Laffey,CLE,1,1,0,0,0,0,0,0,0,0,0,0,.000,.000,.000,.000
Cliff C Lee,SEA,1,3,0,0,0,0,0,0,0,2,0,0,.000,.000,.000,.000
Anthony A Lerew,KC,1,1,0,0,0,0,0,0,0,1,0,0,.000,.000,.000,.000
Scott S Linebrink,CWS,1,0,0,0,0,0,0,0,0,0,0,0,.000,.000,.000,.000
Francisco F Liriano,MIN,1,2,0,0,0,0,0,0,0,1,0,0,.000,.000,.000,.000
Jesse J Litsch,TOR,1,1,0,0,0,0,0,0,0,0,0,0,.000,.000,.000,.000
Brian B Matusz,BAL,1,2,0,0,0,0,0,0,0,0,0,0,.000,.000,.000,.000
Jose J Mijares,MIN,1,0,0,0,0,0,0,0,0,0,0,0,.000,.000,.000,.000
Garrett G Mock,WSH,1,2,0,0,0,0,0,0,0,1,0,0,.000,.000,.000,.000
Joe J Nelson,BOS,1,0,0,0,0,0,0,0,0,0,0,0,.000,.000,.000,.000
Ivan I Nova,NYY,1,0,0,0,0,0,0,0,0,0,0,0,.000,.000,.000,.000
Sean S O' Sullivan,LAA,1,1,0,0,0,0,0,0,0,0,0,0,.000,.000,.000,.000
Andy A Oliver,DET,1,2,0,0,0,0,0,0,0,1,0,0,.000,.000,.000,.000
David D Pauley,SEA,1,0,0,0,0,0,0,0,0,0,0,0,.000,.000,.000,.000
Luis L Perdomo,SD,1,0,0,0,0,0,0,0,0,0,0,0,.000,.000,.000,.000
Ryan R Perry,DET,1,0,0,0,0,0,0,0,0,0,0,0,.000,.000,.000,.000
Rick R Porcello,DET,1,1,0,0,0,0,0,0,0,1,0,0,.000,.000,.000,.000
Jo- Jo J Reyes,ATL,1,1,0,0,0,0,0,0,1,0,0,0,.000,.500,.000,.500
Dustin D Richardson,BOS,1,0,0,0,0,0,0,0,0,0,0,0,.000,.000,.000,.000
Josh J Roenicke,TOR,1,0,0,0,0,0,0,0,0,0,0,0,.000,.000,.000,.000
Jay J Sborz,DET,1,0,0,0,0,0,0,0,0,0,0,0,.000,.000,.000,.000
Max M Scherzer,DET,1,2,0,0,0,0,0,0,0,0,0,0,.000,.000,.000,.000
Ian I Snell,SEA,1,0,0,0,0,0,0,0,0,0,0,0,.000,.000,.000,.000
Tobi T Stoner,NYM,1,0,0,0,0,0,0,0,0,0,0,0,.000,.000,.000,.000
Brian B Sweeney,SEA,1,0,0,0,0,0,0,0,0,0,0,0,.000,.000,.000,.000
Chris C Tillman,BAL,1,1,0,0,0,0,0,0,0,0,0,0,.000,.000,.000,.000
Rick R Van Den Hurk,FLA,1,0,0,0,0,0,0,0,0,0,0,0,.000,.000,.000,.000
Randy R Williams,CWS,1,0,0,0,0,0,0,0,0,0,0,0,.000,.000,.000,.000
