PLAYER,TEAM,AB,R,H,2B,3B,HR,RBI,BB,SO,SB,CS,AVG,OBP,SLG,OPS
Albert A Belle L,CWS,163,609,113,200,48,2,49,152,81,84,6,4,.328,.399,.655,1.055
Vinny V Castilla,COL,162,645,108,206,28,4,46,144,40,89,5,9,.319,.362,.589,.951
Rafael R Palmeiro,BAL,162,619,98,183,36,1,43,121,79,91,11,7,.296,.379,.565,.945
Neifi N Perez S,COL,162,647,80,177,25,9,9,59,38,70,5,6,.274,.313,.382,.695
B. J. B Surhoff L,BAL,162,573,79,160,34,1,22,92,49,81,9,7,.279,.332,.457,.789
Dante D Bichette L,COL,161,662,97,219,48,2,22,122,28,76,14,4,.331,.357,.509,.866
Jeromy J Burnitz R,MIL,161,609,92,160,28,1,38,125,70,158,7,4,.263,.339,.499,.838
Johnny J Damon C,KC,161,642,104,178,30,10,18,66,58,84,26,12,.277,.339,.439,.779
Ken K Griffey C,SEA,161,633,120,180,33,3,56,146,76,121,20,5,.284,.365,.611,.977
Cal C Ripken,BAL,161,601,65,163,27,1,14,61,51,68,0,2,.271,.331,.389,.721
Alex A Rodriguez S,SEA,161,686,123,213,35,5,42,124,45,121,46,13,.310,.360,.560,.920
Robin R Ventura,CWS,161,590,84,155,31,4,21,91,79,111,1,1,.263,.349,.436,.785
Craig C Biggio,HOU,160,646,123,210,51,2,20,88,64,113,50,8,.325,.403,.503,.906
Chipper C Jones,ATL,160,601,123,188,29,5,34,107,96,93,16,6,.313,.404,.547,.951
John J Olerud,NYM,160,557,91,197,36,4,22,93,96,73,2,2,.354,.447,.551,.998
Scott S Rolen,PHI,160,601,120,174,45,4,31,110,93,141,14,7,.290,.391,.532,.923
Frank F Thomas D,CWS,160,585,109,155,35,2,29,109,110,93,7,0,.265,.381,.480,.861
Moises M Alou L,HOU,159,584,104,182,34,5,38,124,84,87,11,3,.312,.399,.582,.981
Steve S Finley C,SD,159,619,92,154,40,6,14,67,45,103,12,3,.249,.301,.401,.702
Vladimir V Guerrero R,MON,159,623,108,202,37,7,38,109,42,95,11,9,.324,.371,.589,.960
Andruw A Jones C,ATL,159,582,89,158,33,8,31,90,40,129,27,4,.271,.321,.515,.836
Brian B Mc Rae C,NYM,159,552,79,146,36,5,21,79,80,90,20,11,.264,.360,.462,.822
Sammy S Sosa R,CHC,159,643,134,198,20,0,66,158,73,171,18,9,.308,.377,.647,1.024
Fernando F Vina,MIL,159,637,101,198,39,7,7,45,54,46,22,16,.311,.386,.427,.813
Tony T Womack,PIT,159,655,85,185,26,7,3,45,38,94,58,8,.282,.319,.357,.677
Kevin K Young,PIT,159,592,88,160,40,2,27,108,44,127,15,7,.270,.328,.481,.809
Ray R Durham,CWS,158,635,126,181,35,8,19,67,73,105,36,9,.285,.363,.455,.818
Doug D Glanville C,PHI,158,678,106,189,28,7,8,49,42,89,23,6,.279,.325,.376,.701
Alex A Gonzalez S,TOR,158,568,70,136,28,1,13,51,28,121,21,6,.239,.281,.361,.642
Mark M Grace,CHC,158,595,92,184,39,3,17,89,93,56,4,7,.309,.401,.471,.872
Shawn S Green R,TOR,158,630,106,175,33,4,35,100,50,142,35,12,.278,.334,.510,.844
Jose J Offerman,KC,158,607,102,191,28,13,7,66,89,96,45,12,.315,.403,.438,.841
Greg G Vaughn L,SD,158,573,112,156,28,4,50,119,79,121,11,4,.272,.363,.597,.960
Todd T Zeile,TEX,158,572,85,155,32,3,19,94,69,90,4,4,.271,.350,.437,.787
Bret B Boone,CIN,157,583,76,155,38,1,24,95,48,104,6,4,.266,.324,.458,.782
Tony T Clark,DET,157,602,84,175,37,0,34,103,63,128,3,3,.291,.358,.522,.880
Gary G Disarcina S,ANA,157,551,73,158,39,3,3,56,21,51,11,7,.287,.321,.385,.706
Bobby B Higginson R,DET,157,612,92,174,37,4,25,85,63,101,3,3,.284,.355,.480,.835
Garret G Anderson R,ANA,156,622,62,183,41,7,15,79,29,80,8,3,.294,.325,.455,.780
Derek D Bell R,HOU,156,630,111,198,41,2,22,108,51,126,13,3,.314,.364,.490,.854
Barry B Bonds L,SF,156,552,120,167,44,7,37,122,130,92,28,12,.303,.438,.609,1.047
Jeff J Cirillo,MIL,156,604,97,194,31,1,14,68,79,88,10,4,.321,.402,.445,.847
Mark M Grudzielanek S,LA,156,589,62,160,21,1,10,62,26,73,18,5,.272,.311,.362,.673
Troy T O' Leary L,BOS,156,611,95,165,36,8,23,83,36,108,2,2,.270,.314,.468,.782
Jay J Bell S,ARI,155,549,79,138,29,5,20,67,81,129,3,5,.251,.353,.432,.785
Joey J Cora,CLE,155,602,111,166,27,6,6,32,73,59,15,6,.276,.357,.370,.728
Rusty R Greer L,TEX,155,598,107,183,31,5,16,108,80,93,2,4,.306,.386,.455,.841
Ben B Grieve R,OAK,155,583,94,168,41,2,18,89,85,123,2,2,.288,.386,.458,.844
Darren D Lewis C,BOS,155,585,95,157,25,3,8,63,70,94,29,12,.268,.352,.362,.714
Quinton Q Mc Cracken C,TB,155,614,77,179,38,7,7,59,41,107,19,10,.292,.335,.410,.745
Mark M Mc Gwire,STL,155,509,130,152,21,0,70,147,162,155,1,0,.299,.470,.752,1.222
Jim J Edmonds C,ANA,154,599,115,184,42,1,25,91,57,114,7,5,.307,.368,.506,.874
Juan J Gonzalez R,TEX,154,606,110,193,50,2,45,157,46,126,2,1,.318,.366,.630,.997
Luis L Gonzalez,DET,154,547,84,146,35,5,23,71,57,62,12,7,.267,.340,.475,.816
Tom T Goodwin C,TEX,154,520,102,151,13,3,2,33,73,90,38,20,.290,.378,.338,.716
Mark M Kotsay R,FLA,154,578,72,161,25,7,11,68,34,61,10,5,.279,.318,.403,.721
Ray R Lankford C,STL,154,533,94,156,37,1,31,105,86,151,26,5,.293,.391,.540,.932
Kenny K Lofton C,CLE,154,600,101,169,31,6,12,64,87,80,54,10,.282,.371,.413,.785
Edgar E Martinez D,SEA,154,556,86,179,46,1,29,102,106,96,1,1,.322,.429,.565,.993
Mickey M Morandini,CHC,154,582,93,172,20,4,8,53,72,84,13,1,.296,.380,.385,.765
Mo M Vaughn,BOS,154,609,107,205,31,2,40,115,61,144,0,0,.337,.402,.591,.994
Rico R Brogna,PHI,153,565,77,150,36,3,20,104,49,125,7,7,.265,.319,.446,.765
Damion D Easley,DET,153,594,84,161,38,2,27,100,39,112,15,5,.271,.332,.478,.810
Cliff C Floyd L,FLA,153,588,85,166,45,3,22,90,47,112,27,14,.282,.337,.481,.818
Andres A Galarraga,ATL,153,555,103,169,27,1,44,121,63,146,7,6,.305,.397,.595,.991
Jason J Giambi,OAK,153,562,92,166,28,0,27,110,81,102,2,2,.295,.384,.489,.873
Jose J Guillen R,PIT,153,573,60,153,38,2,14,84,21,100,3,5,.267,.298,.414,.712
Mike M Lansing,COL,153,584,73,161,39,2,12,66,39,88,10,3,.276,.325,.411,.736
Rey R Ordonez S,NYM,153,505,46,124,20,2,1,42,23,60,3,6,.246,.278,.299,.577
John J Valentin,BOS,153,588,113,145,44,1,23,73,77,82,4,5,.247,.340,.442,.782
Scott S Brosius,NYY,152,530,86,159,34,0,19,98,52,97,11,8,.300,.371,.472,.843
Todd T Helton,COL,152,530,78,167,37,1,25,97,53,54,3,3,.315,.380,.530,.911
Rickey R Henderson L,OAK,152,542,101,128,16,1,14,57,118,114,66,13,.236,.376,.347,.723
Matt M Lawton R,MIN,152,557,91,155,36,6,21,77,86,64,16,8,.278,.387,.478,.864
Paul P O' Neill R,NYY,152,602,95,191,40,2,24,116,57,103,15,1,.317,.372,.510,.882
Dean D Palmer,KC,152,572,84,159,27,2,34,119,48,134,8,2,.278,.333,.510,.844
Bobby B Abreu R,PHI,151,497,68,155,29,6,17,74,84,133,19,10,.312,.409,.497,.906
Mike M Bordick S,BAL,151,465,59,121,29,1,13,51,39,65,6,7,.260,.328,.411,.739
Jose J Canseco D,TOR,151,583,98,138,26,0,46,107,65,159,29,17,.237,.318,.518,.836
Chad C Curtis L,NYY,151,456,79,111,21,1,10,56,75,80,21,5,.243,.355,.360,.714
Fred F Mc Griff,TB,151,564,73,160,33,0,19,81,79,118,7,2,.284,.371,.443,.815
Mike M Piazza,NYM,151,561,88,184,38,1,32,111,58,80,1,0,.328,.390,.570,.960
Jose J Valentin S,MIL,151,428,65,96,24,0,16,49,63,105,10,7,.224,.323,.393,.716
Omar O Vizquel S,CLE,151,576,86,166,30,6,2,50,62,64,37,12,.288,.358,.372,.730
Shane S Andrews,MON,150,492,48,117,30,1,25,69,58,137,1,6,.238,.314,.455,.770
Miguel M Cairo,TB,150,515,49,138,26,5,5,46,24,44,19,8,.268,.307,.367,.674
Brian B Jordan R,STL,150,564,100,178,34,7,25,91,40,66,17,5,.316,.368,.534,.902
Chuck C Knoblauch,NYY,150,603,117,160,25,4,17,64,76,70,31,12,.265,.361,.405,.765
Manny M Ramirez R,CLE,150,571,108,168,35,2,45,145,76,121,5,3,.294,.377,.599,.976
Fernando F Tatis,STL,150,532,69,147,33,4,11,58,36,123,13,5,.276,.329,.415,.744
Will W Clark,TEX,149,554,98,169,41,1,23,102,72,97,1,0,.305,.384,.507,.891
Jose J Hernandez,CHC,149,488,76,124,23,7,23,75,40,140,4,6,.254,.311,.471,.782
Derek D Jeter S,NYY,149,626,127,203,25,8,19,84,57,119,30,6,.324,.384,.481,.864
Jason J Kendall,PIT,149,535,95,175,36,3,12,75,51,51,26,5,.327,.411,.473,.884
Pat P Meares S,MIN,149,543,56,141,26,3,9,70,24,86,7,4,.260,.296,.368,.664
Matt M Stairs D,OAK,149,523,88,154,33,1,26,106,59,93,8,3,.294,.370,.511,.880
Darryl D Hamilton C,COL,148,561,95,173,28,3,6,51,82,73,13,9,.308,.398,.401,.799
Raul R Mondesi C,LA,148,580,85,162,26,5,30,90,30,112,16,10,.279,.316,.497,.813
Roberto R Alomar,BAL,147,588,86,166,36,1,14,56,59,70,18,5,.282,.347,.418,.766
Carlos C Baerga,NYM,147,511,46,136,27,1,7,53,24,55,0,1,.266,.303,.364,.667
Jeff J Bagwell,HOU,147,540,124,164,33,1,34,111,109,90,19,7,.304,.424,.557,.981
Travis T Fryman,CLE,146,557,74,160,33,2,28,96,44,125,10,8,.287,.340,.504,.845
David D Justice,CLE,146,540,94,151,39,2,21,88,76,98,9,3,.280,.363,.476,.839
Travis T Lee,ARI,146,562,71,151,20,2,22,72,67,123,8,1,.269,.346,.429,.775
Devon D White C,ARI,146,563,84,157,32,1,22,85,42,102,22,8,.279,.335,.456,.792
Chris C Gomez S,SD,145,449,55,120,32,3,4,39,51,87,1,3,.267,.346,.379,.725
Barry B Larkin S,CIN,145,538,93,166,34,10,17,72,79,69,26,3,.309,.397,.504,.901
Bill B Mueller,SF,145,534,93,157,27,0,9,59,79,83,3,3,.294,.383,.395,.778
Magglio M Ordonez R,CWS,145,535,70,151,25,2,14,65,28,53,9,7,.282,.326,.415,.741
Ivan I Rodriguez,TEX,145,579,88,186,40,4,21,91,32,88,9,0,.321,.358,.513,.871
Mike M Stanley D,BOS,145,497,74,127,25,0,29,79,82,129,3,1,.256,.364,.481,.845
Edgardo E Alfonzo,NYM,144,557,94,155,28,2,17,78,65,77,8,3,.278,.355,.427,.782
Gregg G Jefferies L,ANA,144,555,72,167,28,3,9,58,29,32,12,3,.301,.333,.411,.744
Shannon S Stewart L,TOR,144,516,90,144,29,3,12,55,67,77,51,18,.279,.377,.417,.794
Dmitri D Young L,CIN,144,536,81,166,48,1,14,83,47,94,2,4,.310,.364,.481,.846
Nomar N Garciaparra S,BOS,143,604,111,195,37,8,35,122,33,62,12,6,.323,.362,.584,.946
David D Segui,SEA,143,522,79,159,36,1,19,84,49,80,3,1,.305,.359,.487,.845
Todd T Walker,MIN,143,528,85,167,41,3,12,62,47,65,19,7,.316,.372,.473,.845
Ellis E Burks C,SF,142,504,76,147,28,6,21,76,58,111,11,8,.292,.365,.496,.861
Royce R Clayton S,TEX,142,541,89,136,31,2,9,53,53,83,24,11,.251,.319,.366,.685
Carlos C Delgado,TOR,142,530,94,155,43,1,38,115,73,139,3,0,.292,.385,.592,.978
Marquis M Grissom C,MIL,142,542,57,147,28,1,10,60,24,78,13,8,.271,.304,.382,.685
Brian L. B Hunter C,DET,142,595,67,151,29,3,4,36,36,94,42,12,.254,.298,.333,.631
Mark M Lewis,PHI,142,518,52,129,21,2,9,54,48,111,3,3,.249,.312,.349,.661
John J Mabry L,STL,142,377,41,94,22,0,9,46,30,76,0,2,.249,.305,.379,.684
Tino T Martinez,NYY,142,531,92,149,33,1,28,123,61,83,2,1,.281,.355,.505,.860
Desi D Relaford S,PHI,142,494,45,121,25,3,5,41,33,87,9,5,.245,.293,.338,.631
Mike M Cameron C,CWS,141,396,53,83,16,5,8,43,37,101,27,11,.210,.285,.336,.621
Russ R Davis,SEA,141,502,68,130,30,1,20,82,34,134,4,3,.259,.305,.442,.747
Ricky R Gutierrez S,HOU,141,491,55,128,24,3,2,46,54,84,13,7,.261,.337,.334,.671
Derrek D Lee,FLA,141,454,62,106,29,1,17,74,47,120,5,2,.233,.318,.414,.732
Brad B Fullmer,MON,140,505,58,138,44,2,13,73,39,70,6,6,.273,.327,.446,.773
Mark M Loretta,MIL,140,434,55,137,29,0,6,54,42,47,9,6,.316,.382,.424,.806
Andy A Fox,ARI,139,502,67,139,21,6,9,44,43,97,14,7,.277,.355,.396,.751
Eric E Karros,LA,139,507,59,150,20,1,23,87,47,93,7,2,.296,.355,.475,.830
Tony T Fernandez,TOR,138,486,71,156,36,2,9,72,45,53,13,8,.321,.387,.459,.846
Joe J Randa,DET,138,460,56,117,21,2,9,50,41,70,8,7,.254,.323,.367,.690
J. T. J Snow,SF,138,435,65,108,29,1,15,79,58,84,1,2,.248,.332,.423,.755
Quilvio Q Veras,SD,138,517,79,138,24,2,6,45,84,78,24,9,.267,.373,.356,.729
Ron R Coomer,MIN,137,529,54,146,22,1,15,72,18,72,2,2,.276,.295,.406,.702
Jeff J Kent,SF,137,526,94,156,37,3,31,128,48,110,9,4,.297,.359,.555,.914
Paul P Sorrento D,TB,137,435,40,98,27,0,17,57,54,133,2,3,.225,.313,.405,.718
Tim T Salmon D,ANA,136,463,84,139,28,1,26,88,90,100,0,1,.300,.410,.533,.943
Deivi D Cruz S,DET,135,454,52,118,22,3,5,45,13,55,3,4,.260,.284,.355,.638
Willie W Greene R,BAL,135,396,65,102,19,1,15,54,69,90,7,3,.258,.370,.424,.794
Stan S Javier R,SF,135,417,63,121,13,5,4,49,65,63,21,5,.290,.385,.374,.759
Reggie R Sanders C,CIN,135,481,83,129,18,6,14,59,51,137,20,9,.268,.346,.418,.764
Matt M Williams,ARI,135,510,72,136,26,1,20,71,43,102,5,1,.267,.327,.439,.766
Jermaine J Allensworth R,NYM,133,360,54,98,20,3,5,31,28,76,15,6,.272,.344,.386,.730
Brady B Anderson C,BAL,133,479,84,113,28,3,18,51,75,78,21,7,.236,.356,.420,.776
Mike M Caruso S,CWS,133,523,81,160,17,6,5,55,14,38,22,6,.306,.331,.390,.721
Darin D Erstad L,ANA,133,537,84,159,39,3,19,82,43,77,20,6,.296,.353,.486,.839
Carl C Everett,HOU,133,467,72,138,34,4,15,76,44,102,14,12,.296,.359,.482,.840
Charles C Johnson,LA,133,459,44,100,18,0,19,58,45,129,0,2,.218,.289,.381,.670
Javy J Lopez,ATL,133,489,73,139,21,1,34,106,30,85,5,3,.284,.328,.540,.868
Edgar E Renteria S,FLA,133,517,79,146,18,2,3,31,48,78,41,22,.282,.347,.342,.689
David D Bell,SEA,132,429,48,117,30,2,10,49,27,65,0,4,.273,.315,.422,.737
Lenny L Harris R,NYM,132,290,30,75,15,0,6,27,17,21,6,5,.259,.300,.372,.673
Ed E Sprague,OAK,132,469,57,104,25,0,20,58,26,90,1,2,.222,.280,.403,.683
Ken K Caminiti,SD,131,452,87,114,29,0,29,82,71,108,6,2,.252,.353,.509,.862
Eric E Davis R,BAL,131,452,81,148,29,1,28,89,44,108,7,6,.327,.388,.582,.970
Wally W Joyner,SD,131,439,58,131,30,1,12,80,51,44,1,2,.298,.370,.453,.824
Jeff J King,KC,131,486,83,128,17,1,24,93,42,73,10,2,.263,.319,.451,.769
Ryan R Mc Guire,MON,130,210,17,39,9,0,1,10,32,55,0,0,.186,.292,.243,.535
Gary G Sheffield R,LA,130,437,73,132,27,2,22,85,95,46,22,7,.302,.428,.524,.952
Eddie E Taubensee,CIN,130,431,61,120,27,0,11,72,52,93,1,0,.278,.352,.418,.769
Michael M Tucker R,ATL,130,414,54,101,27,3,13,46,49,112,8,3,.244,.327,.418,.745
Larry L Walker R,COL,130,454,113,165,46,3,23,67,64,61,14,4,.363,.445,.630,1.075
Mike M Blowers,OAK,129,409,56,97,24,2,11,71,39,116,1,0,.237,.302,.386,.689
Darren D Bragg R,BOS,129,409,51,114,29,3,8,57,42,99,5,3,.279,.351,.423,.774
Carlos C Hernandez,SD,129,390,34,102,15,0,9,52,16,54,2,2,.262,.305,.369,.674
Ryan R Klesko L,ATL,129,427,69,117,29,1,18,70,56,66,5,3,.274,.359,.473,.832
Gerald G Williams R,ATL,129,266,46,81,19,2,10,44,17,48,11,5,.305,.352,.504,.856
Brad B Ausmus,HOU,128,412,62,111,10,4,6,45,53,60,10,3,.269,.356,.357,.713
Rich R Becker,BAL,128,213,37,42,5,2,6,21,43,76,5,1,.197,.337,.324,.661
Gary G Gaetti,CHC,128,434,60,122,34,1,19,70,43,62,1,1,.281,.356,.495,.852
Henry H Rodriguez L,CHC,128,415,56,104,21,1,31,85,54,113,1,3,.251,.334,.530,.864
Bernie B Williams C,NYY,128,499,101,169,30,5,26,97,74,81,15,9,.339,.422,.575,.997
Tony T Gwynn R,SD,127,461,65,148,35,0,16,69,35,18,3,1,.321,.364,.501,.865
Hal H Morris,KC,127,472,50,146,27,2,1,40,32,52,1,0,.309,.350,.381,.731
Joe J Carter,SF,126,388,51,101,22,1,18,63,24,61,4,1,.260,.304,.461,.765
Mark M Mc Lemore,TEX,126,461,79,114,15,1,5,53,89,64,12,4,.247,.369,.317,.686
Paul P Molitor D,MIN,126,502,75,141,29,5,4,69,45,41,9,2,.281,.335,.382,.718
Al A Martin L,PIT,125,440,57,105,15,2,12,47,32,91,20,3,.239,.296,.364,.660
Chris C Widger,MON,125,417,36,97,18,1,15,53,29,85,6,1,.233,.281,.388,.670
Mike M Benjamin,BOS,124,349,46,95,23,0,4,39,15,73,3,0,.272,.312,.372,.684
Brant B Brown C,CHC,124,347,56,101,17,7,14,48,30,95,4,5,.291,.348,.501,.850
David D Dellucci L,ARI,124,416,43,108,19,12,5,51,33,103,3,5,.260,.318,.399,.717
Darrin D Fletcher,TOR,124,407,37,115,23,1,9,52,25,39,0,0,.283,.328,.410,.738
Terry T Steinbach,MIN,124,422,45,102,25,2,14,54,38,89,0,1,.242,.310,.410,.720
Wade W Boggs,TB,123,435,51,122,23,4,7,52,46,54,3,2,.280,.348,.400,.748
Bill B Spiers,HOU,123,384,66,105,27,4,4,43,45,62,11,2,.273,.356,.396,.751
Chris C Stynes L,CIN,123,347,52,88,10,1,6,27,32,36,15,1,.254,.323,.340,.663
Jim J Thome,CLE,123,440,89,129,34,2,30,85,89,141,1,0,.293,.413,.584,.998
Turner T Ward C,PIT,123,282,33,74,13,3,9,46,27,40,5,4,.262,.328,.426,.754
Rich R Aurilia S,SF,122,413,54,110,27,2,9,49,31,62,3,3,.266,.319,.407,.726
Glenallen G Hill L,CHC,122,390,63,121,25,2,20,56,28,79,1,1,.310,.360,.538,.899
F. P. F Santangelo L,MON,122,383,53,82,18,0,4,23,44,72,7,3,.214,.330,.292,.623
Mark M Sweeney,SD,122,192,17,45,8,3,2,15,26,37,1,2,.234,.324,.339,.663
Marvin M Benard R,SF,121,286,41,92,21,1,3,36,34,39,11,4,.322,.396,.434,.830
Ron R Gant L,STL,121,383,60,92,17,1,26,67,51,92,8,0,.240,.331,.493,.824
A. J. A Hinch,OAK,120,337,34,78,10,0,9,35,30,89,3,0,.231,.296,.341,.638
Willie W Mc Gee L,STL,120,269,27,68,10,1,3,34,14,49,7,2,.253,.287,.331,.618
Lee L Stevens D,TEX,120,344,52,91,17,4,20,59,31,93,0,2,.265,.324,.512,.836
Jeff J Blauser S,CHC,119,361,49,79,11,3,4,26,60,93,2,2,.219,.340,.299,.639
Marty M Cordova L,MIN,119,438,52,111,20,2,10,69,50,103,3,6,.253,.333,.377,.709
Curtis C Goodwin,COL,119,159,27,39,7,0,1,6,16,40,5,1,.245,.313,.308,.621
Sandy S Alomar,CLE,117,409,45,96,26,2,6,44,18,45,0,3,.235,.270,.352,.622
Ryan R Christenson C,OAK,117,370,56,95,22,2,5,40,36,106,5,6,.257,.321,.368,.689
Delino D De Shields,STL,117,420,74,122,21,8,7,44,56,61,26,10,.290,.371,.429,.799
Cecil C Fielder D,CLE,117,416,49,97,17,1,17,68,53,111,0,1,.233,.324,.401,.725
Luis L Lopez,NYM,117,266,37,67,13,2,2,22,20,60,2,2,.252,.312,.338,.650
Bobby B Smith,TB,117,370,44,102,15,3,11,55,34,110,5,3,.276,.343,.422,.765
Eric E Young Sr.,LA,117,452,78,129,24,1,8,43,45,32,42,13,.285,.355,.396,.751
Todd T Dunwoody C,FLA,116,434,53,109,27,7,5,28,21,113,5,1,.251,.292,.380,.672
Wilton W Guerrero,MON,116,402,50,114,14,9,2,27,14,63,8,2,.284,.307,.378,.685
Darrin D Jackson L,MIL,114,204,20,49,13,1,4,20,9,37,1,1,.240,.276,.373,.648
Jim J Leyritz,SD,114,272,34,75,16,0,12,42,42,74,0,0,.276,.384,.467,.851
Scott S Spiezio,OAK,114,406,54,105,19,1,9,50,44,56,1,3,.259,.333,.377,.709
Karim K Garcia R,ARI,113,333,39,74,10,8,9,43,18,78,5,4,.222,.260,.381,.641
Butch B Huskey R,NYM,113,369,43,93,18,0,13,59,26,66,7,6,.252,.300,.407,.706
Jeff J Reed,COL,113,259,43,75,17,1,9,39,37,57,0,0,.290,.377,.467,.844
Scott S Servais,CHC,113,325,35,72,15,1,7,36,26,51,1,0,.222,.289,.338,.627
Brian B Giles L,CLE,112,350,56,94,19,0,16,66,73,75,10,5,.269,.396,.460,.856
Scott S Hatteberg,BOS,112,359,46,99,23,1,12,43,43,58,0,0,.276,.359,.446,.804
Kevin K Jordan,PHI,112,250,23,69,13,0,2,27,8,30,0,0,.276,.303,.352,.655
Kevin K Orie,FLA,112,379,47,83,22,1,8,38,32,59,2,1,.219,.291,.346,.636
Kevin K Stocker S,TB,112,336,37,70,11,3,6,25,27,80,5,3,.208,.282,.313,.594
Bernard B Gilkey L,ARI,111,365,41,85,15,0,5,33,43,80,9,3,.233,.320,.315,.635
Charlie C Hayes,SF,111,329,39,94,8,0,12,62,34,61,2,1,.286,.351,.419,.770
Ryan R Jackson,FLA,111,260,26,65,15,1,5,31,20,73,1,1,.250,.305,.373,.678
Jorge J Posada,NYY,111,358,56,96,23,0,17,63,47,92,0,1,.268,.350,.475,.824
Larry L Sutton R,KC,111,310,29,76,14,2,5,42,29,46,3,3,.245,.311,.352,.663
Lou L Collier S,PIT,110,334,30,82,13,6,2,34,31,70,2,2,.246,.316,.338,.655
Denny D Hocking,MIN,110,198,32,40,6,1,3,15,16,44,2,1,.202,.259,.288,.547
Kirt K Manwaring,COL,110,291,30,72,12,3,2,26,38,49,1,5,.247,.339,.330,.669
Otis O Nixon C,MIN,110,448,71,133,6,6,1,20,44,56,37,7,.297,.361,.344,.705
Bob B Hamelin,MIL,109,146,15,32,6,0,7,22,16,30,0,1,.219,.295,.404,.699
Keith K Lockhart,ATL,109,366,50,94,21,0,9,37,29,37,2,2,.257,.311,.388,.699
Tim T Raines L,NYY,109,321,53,93,13,1,5,47,55,49,8,3,.290,.395,.383,.778
Rey R Sanchez S,SF,109,316,44,90,14,2,2,30,16,47,0,0,.285,.325,.361,.686
John J Vander Wal,SD,109,129,21,36,13,1,5,20,22,34,0,0,.279,.382,.512,.893
Randy R Winn C,TB,109,338,51,94,9,9,1,17,29,69,26,12,.278,.337,.367,.704
Manny M Alexander S,CHC,108,264,34,60,10,1,5,25,18,66,4,1,.227,.278,.330,.608
Mike M Matheny,MIL,108,320,24,76,13,0,6,27,11,63,1,0,.238,.278,.334,.612
Matt M Walbeck,ANA,108,338,41,87,15,2,6,46,30,68,1,1,.257,.317,.367,.684
Lenny L Webster,BAL,108,309,37,88,16,0,10,46,15,38,0,0,.285,.317,.434,.751
Craig C Counsell,FLA,107,335,43,84,19,5,4,40,51,47,3,0,.251,.355,.373,.729
Brent B Gates,MIN,107,333,31,83,15,0,3,42,36,46,3,3,.249,.324,.321,.645
Tony T Batista,ARI,106,293,46,80,16,1,18,41,18,52,1,1,.273,.318,.519,.836
Mike M Kelly R,TB,106,279,39,67,11,2,10,33,22,80,13,6,.240,.295,.401,.696
Gregg G Zaun,FLA,106,298,19,56,12,2,5,29,35,52,5,2,.188,.274,.292,.566
Roger R Cedeno L,LA,105,240,33,58,11,1,2,17,27,57,8,2,.242,.317,.321,.638
Jose J Cruz C,TOR,105,352,55,89,14,3,11,42,57,99,11,4,.253,.354,.403,.757
Jim J Eisenreich,LA,105,191,21,41,3,2,1,13,16,36,6,0,.215,.275,.267,.542
Tony T Graffanino,ATL,105,289,32,61,14,1,5,22,24,68,1,4,.211,.275,.318,.594
Greg G Norton,CWS,105,299,38,71,17,2,9,36,26,77,3,3,.237,.301,.398,.699
Miguel M Tejada S,OAK,105,365,53,85,20,1,11,45,28,86,5,6,.233,.298,.384,.681
Harold H Baines D,BAL,104,293,40,88,17,0,9,57,32,40,0,0,.300,.369,.451,.819
John J Cangelosi,FLA,104,171,19,43,8,0,1,10,30,23,2,3,.251,.365,.316,.680
Matt M Luke L,LA,104,239,34,56,12,1,12,34,17,60,2,1,.234,.287,.444,.730
Kevin K Sefcik,PHI,104,169,27,53,7,2,3,20,25,32,4,2,.314,.421,.432,.853
Matt M Franco,NYM,103,161,20,44,7,2,1,13,23,26,0,1,.273,.366,.360,.726
Sean S Berry,HOU,102,299,48,94,17,1,13,52,31,50,3,1,.314,.387,.508,.896
Craig C Grebeck,TOR,102,301,33,77,17,2,2,27,29,42,2,2,.256,.327,.346,.673
Dave D Nilsson,MIL,102,309,39,83,14,1,12,56,33,48,2,2,.269,.339,.437,.776
Luis L Alicea,TEX,101,259,51,71,15,3,6,33,37,40,4,3,.274,.372,.425,.796
Dave D Hollins,ANA,101,363,60,88,16,2,11,39,44,69,11,3,.242,.334,.388,.723
Darryl D Strawberry,NYY,101,295,44,73,11,2,24,57,46,90,8,7,.247,.354,.542,.896
Bobby B Bonilla,LA,100,333,39,83,11,1,11,45,41,59,1,2,.249,.326,.387,.714
Brian B Johnson,SF,99,308,34,73,8,1,13,34,28,67,0,2,.237,.310,.396,.706
Brent B Brede R,ARI,98,212,23,48,9,3,2,17,24,43,1,0,.226,.311,.325,.636
Shawon S Dunston,SF,98,207,36,46,13,3,6,20,6,28,9,4,.222,.255,.401,.656
Rob R Ducey,SEA,97,217,30,52,18,2,5,23,23,61,4,3,.240,.336,.410,.746
Chris C Hoiles,BAL,97,267,36,70,12,0,15,56,38,50,0,1,.262,.358,.476,.834
Rondell R White C,MON,97,357,54,107,21,2,17,58,30,57,16,7,.300,.363,.513,.875
Paul P Bako,DET,96,305,23,83,12,1,3,30,23,82,1,1,.272,.319,.348,.667
Sean S Casey,CIN,96,302,44,82,21,1,7,52,43,45,1,1,.272,.365,.417,.782
Wil W Cordero,CWS,96,341,58,91,18,2,13,49,22,66,2,1,.267,.314,.446,.759
Chad C Kreuter,ANA,96,252,27,63,10,1,2,33,33,49,1,0,.250,.343,.321,.664
Walt W Weiss S,ATL,96,347,64,97,18,2,0,27,59,53,7,1,.280,.386,.343,.729
Dan D Wilson,SEA,96,325,39,82,17,1,9,44,24,56,2,1,.252,.308,.394,.702
Ozzie O Guillen S,ATL,95,280,37,74,15,1,1,22,25,27,1,5,.264,.325,.336,.660
Tyler T Houston,CHC,95,255,26,65,7,1,9,33,13,53,2,2,.255,.290,.396,.686
Aaron A Ledesma S,TB,95,299,30,97,16,3,0,29,9,51,9,7,.324,.344,.398,.742
Ruben R Rivera,SD,95,172,31,36,7,2,6,29,28,52,5,1,.209,.325,.378,.703
Bip B Roberts,OAK,95,295,45,79,17,0,1,24,31,38,16,4,.268,.344,.336,.680
Trenidad T Hubbard C,LA,94,208,29,62,9,1,7,18,18,46,9,5,.298,.358,.452,.810
Brent B Mayne,SF,94,275,26,75,15,0,3,32,37,47,2,1,.273,.359,.360,.719
Alex A Ochoa R,MIN,94,249,35,64,14,2,2,25,10,35,6,3,.257,.288,.353,.642
Dave D Clark,HOU,93,131,12,27,7,0,0,4,14,45,1,1,.206,.288,.260,.547
Jeff J Conine L,KC,93,309,30,79,26,0,8,43,26,68,3,0,.256,.312,.417,.729
Tom T Lampkin,STL,93,216,25,50,12,1,6,28,24,32,3,2,.231,.328,.380,.708
Marc M Newfield L,MIL,93,186,15,44,7,0,3,25,19,29,0,1,.237,.306,.323,.629
Ruben R Amaro,PHI,92,107,7,20,5,0,1,10,6,15,0,0,.187,.224,.262,.486
Ed E Giovanola,SD,92,139,19,32,3,3,1,9,22,22,1,2,.230,.335,.317,.652
Kelly K Stinnett,ARI,92,274,35,71,14,1,11,34,35,74,0,1,.259,.353,.438,.791
Mike M Sweeney,KC,92,282,32,73,18,0,8,35,24,38,2,3,.259,.320,.408,.728
Yamil Y Benitez L,ARI,91,206,17,41,7,1,9,30,14,46,2,2,.199,.262,.374,.636
John J Flaherty,TB,91,304,21,63,11,0,3,24,22,46,0,5,.207,.261,.273,.534
Greg G Colbrunn,ATL,90,166,18,51,11,2,3,23,10,34,4,3,.307,.361,.452,.813
Dave D Martinez R,TB,90,309,31,79,11,0,3,20,35,52,8,7,.256,.334,.320,.655
Doug D Strange,PIT,90,185,9,32,8,0,0,14,10,39,1,0,.173,.217,.216,.433
Jeff J Abbott C,CWS,89,244,33,68,14,1,12,41,9,28,3,3,.279,.298,.492,.790
Juan J Castro S,LA,89,220,25,43,7,0,2,14,15,37,0,0,.195,.245,.255,.499
Frank F Catalanotto,DET,89,213,23,60,13,2,6,25,12,39,3,2,.282,.325,.446,.771
Jeffrey J Hammonds C,CIN,89,257,50,72,16,2,6,39,39,56,8,3,.280,.376,.428,.804
Andy A Sheets S,SD,88,194,31,47,5,3,7,29,21,62,7,2,.242,.318,.407,.725
Mark M Whiten L,CLE,87,226,31,64,14,0,6,29,29,60,2,1,.283,.372,.425,.797
Damon D Buford C,BOS,86,216,37,61,14,4,10,42,22,43,5,5,.282,.349,.523,.872
Shane S Halter,KC,86,204,17,45,12,0,2,13,12,38,2,5,.221,.265,.309,.574
Mike M Lieberthal,PHI,86,313,39,80,15,3,8,45,17,44,2,1,.256,.304,.399,.704
David D Ortiz,MIN,86,278,47,77,20,0,9,46,39,72,1,0,.277,.371,.446,.817
Mike M Simms R,TEX,86,186,36,55,11,0,16,46,24,47,0,1,.296,.381,.613,.994
Jason J Varitek,BOS,86,221,31,56,13,0,7,33,17,45,2,2,.253,.309,.407,.716
Rafael R Bournigal,OAK,85,209,23,47,11,0,1,19,10,11,6,1,.225,.265,.292,.556
Bobby B Hughes,MIL,85,218,28,50,7,2,9,29,16,54,1,2,.229,.284,.404,.688
Lance L Johnson C,CHC,85,304,51,85,8,4,2,21,26,22,10,6,.280,.335,.352,.687
Derrick D May L,MON,85,180,13,43,8,0,5,15,11,24,0,0,.239,.281,.367,.648
Mike M Di Felice,TB,84,248,17,57,12,3,3,23,15,56,0,0,.230,.274,.339,.613
Kevin K Elster S,TEX,84,297,33,69,10,1,8,37,33,66,0,2,.232,.311,.354,.665
Geoff G Jenkins L,MIL,84,262,33,60,12,1,9,28,20,61,1,3,.229,.288,.385,.673
Orlando O Merced,CHC,84,223,24,62,12,0,6,40,20,34,1,4,.278,.336,.413,.749
Eduardo E Perez,CIN,84,172,20,41,4,0,4,30,21,45,0,1,.238,.325,.331,.656
Eli E Marrero,STL,83,254,28,62,18,1,4,20,28,42,6,2,.244,.318,.370,.688
Melvin M Nieves,CIN,83,119,8,30,4,0,2,17,26,42,0,0,.252,.381,.336,.717
Jose J Vidro,MON,83,205,24,45,12,0,0,18,27,33,2,2,.220,.318,.278,.596
Pat P Watkins C,CIN,83,147,11,39,8,1,2,15,8,26,1,3,.265,.300,.374,.674
Danny D Bautista L,ATL,82,144,17,36,11,0,3,17,7,21,1,0,.250,.281,.389,.670
Dave D Berg,FLA,81,182,18,57,11,0,2,21,26,46,3,0,.313,.393,.407,.800
Mike M Macfarlane,OAK,81,218,29,53,12,0,7,34,12,36,1,0,.243,.291,.394,.686
Kevin K Polcovich S,PIT,81,212,18,40,12,0,0,14,15,33,4,3,.189,.255,.245,.501
Tim T Bogar S,HOU,79,156,12,24,4,1,1,8,9,36,2,1,.154,.208,.212,.420
Orlando O Cabrera S,MON,79,261,44,73,16,5,3,22,18,27,6,2,.280,.325,.414,.739
Norberto N Martin,ANA,79,195,20,42,2,0,1,13,6,29,3,1,.215,.236,.241,.478
Joe J Oliver,SEA,79,240,20,54,11,0,6,32,17,48,1,1,.225,.272,.346,.618
Terry T Pendleton D,KC,79,237,17,61,10,0,3,29,15,49,1,0,.257,.299,.338,.637
Jeff J Reboulet,BAL,79,126,20,31,6,0,1,8,19,34,0,1,.246,.351,.317,.669
Joe J Girardi,NYY,78,254,31,70,11,4,3,31,14,38,2,4,.276,.317,.386,.703
Kurt K Abbott,COL,77,194,26,51,13,1,5,24,12,53,2,1,.263,.308,.418,.726
Rod R Beck,CHC,77,1,0,0,0,0,0,0,0,0,0,0,.000,.000,.000,.000
Adrian A Beltré,LA,77,195,18,42,9,0,7,22,14,37,3,1,.215,.278,.369,.648
Matt M Mieske L,CHC,77,97,16,29,7,0,1,12,11,17,0,0,.299,.373,.402,.775
Craig C Shipley,ANA,77,147,18,38,7,1,2,17,5,22,0,4,.259,.304,.361,.664
Andy A Stankiewicz,ARI,77,145,9,30,5,0,0,8,7,33,1,0,.207,.252,.241,.493
Scott S Livingstone,MON,76,110,1,23,6,0,0,12,5,15,1,1,.209,.237,.264,.501
Roberto R Kelly C,TEX,75,257,48,83,7,3,16,46,8,46,0,2,.323,.349,.560,.910
Paul P Konerko,CIN,75,217,21,47,4,0,7,29,16,40,0,1,.217,.276,.332,.608
Chuck C Mc Elroy,COL,75,5,0,1,0,0,0,0,0,3,0,0,.200,.200,.200,.400
Robb R Nen,SF,75,3,0,0,0,0,0,0,0,2,0,0,.000,.000,.000,.000
Phil P Nevin,ANA,75,237,27,54,8,1,8,27,17,67,0,0,.228,.291,.371,.662
Orlando O Palmeiro L,ANA,75,165,28,53,7,2,0,21,20,11,5,4,.321,.395,.388,.782
Sal S Fasano,KC,74,216,21,49,10,0,8,31,10,56,1,0,.227,.307,.384,.692
Richard R Hidalgo C,HOU,74,211,31,64,15,0,7,35,17,37,3,3,.303,.355,.474,.829
Mendy M Lopez S,KC,74,206,18,50,10,2,1,15,12,40,5,2,.243,.286,.325,.612
Jon J Nunnally R,CIN,74,174,29,36,9,0,7,20,34,38,3,4,.207,.335,.379,.714
Rich R Amaral L,SEA,73,134,25,37,6,0,1,4,13,24,11,1,.276,.342,.343,.686
John J Jaha,MIL,73,216,29,45,6,1,7,38,49,66,1,3,.208,.366,.343,.709
Steve S Kline,MON,73,4,0,0,0,0,0,0,0,1,0,0,.000,.000,.000,.000
Manny M Martinez C,PIT,73,180,21,45,11,2,6,24,9,44,0,3,.250,.290,.433,.724
Mike M Mordecai S,MON,73,119,12,24,4,2,3,10,9,20,1,0,.202,.258,.345,.602
Geronimo G Berroa D,DET,72,191,23,43,7,2,1,13,24,44,1,1,.225,.318,.298,.616
Jay J Buhner R,SEA,72,244,33,59,7,1,15,45,38,71,0,0,.242,.344,.463,.807
Rich R Butler L,TB,72,217,25,49,3,3,7,20,15,37,4,2,.226,.278,.364,.642
Aramis A Ramirez,PIT,72,251,23,59,9,1,6,24,18,72,0,1,.235,.296,.351,.646
Anthony A Telford,MON,72,4,0,1,0,0,0,1,0,0,0,0,.250,.250,.250,.500
Kerry K Ligtenberg,ATL,71,0,0,0,0,0,0,0,0,0,0,0,.000,.000,.000,.000
Dennis D Cook,NYM,70,3,0,0,0,0,0,0,0,0,0,0,.000,.000,.000,.000
Jorge J Fabregas,NYM,70,183,11,36,4,0,2,20,14,32,0,0,.197,.255,.251,.506
Jason J Mc Donald C,OAK,70,175,25,44,9,0,1,16,27,33,10,4,.251,.359,.320,.679
Curtis C Pride,ATL,70,107,19,27,6,1,3,9,9,29,4,0,.252,.325,.411,.736
Shane S Mack L,KC,69,209,31,58,15,1,6,29,15,36,8,2,.278,.342,.445,.787
Greg G Myers,SD,69,171,19,42,10,0,4,20,17,36,0,1,.246,.312,.374,.686
Robert R Perez L,MON,69,141,12,31,2,0,3,14,2,28,0,0,.220,.234,.298,.532
Bob B Wickman,MIL,69,1,0,0,0,0,0,0,0,0,0,0,.000,.000,.000,.000
Wayne W Gomes,PHI,68,2,0,0,0,0,0,0,0,2,0,0,.000,.000,.000,.000
John J Johnstone,SF,68,2,0,0,0,0,0,0,0,0,0,0,.000,.000,.000,.000
Jeff J Shaw,LA,68,2,0,0,0,0,0,0,0,2,0,0,.000,.000,.000,.000
Gabe G White,CIN,68,6,0,1,0,0,0,0,0,3,0,0,.167,.167,.167,.333
Midre M Cummings,BOS,67,120,20,34,8,0,5,15,17,19,3,3,.283,.381,.475,.856
Felix F Heredia,CHC,67,3,0,0,0,0,0,0,0,1,0,0,.000,.000,.000,.000
Terry T Mulholland,CHC,67,17,3,5,2,0,0,3,2,10,0,0,.294,.368,.412,.780
Jose J Vizcaino S,LA,67,237,30,62,9,0,3,29,17,35,7,3,.262,.311,.338,.649
Felipe F Crespo R,TOR,66,130,11,34,8,1,1,15,15,27,4,3,.262,.342,.362,.704
Jerry J Dipoto,COL,66,1,0,0,0,0,0,0,1,0,0,0,.000,.500,.000,.500
Tony T Eusebio,HOU,66,182,13,46,6,1,1,36,18,31,1,0,.253,.320,.313,.633
Mark M Leiter,PHI,66,2,0,0,0,0,0,0,0,2,0,0,.000,.000,.000,.000
Mike M Myers,MIL,66,0,0,0,0,0,0,0,0,0,0,0,.000,.000,.000,.000
John J Frascatore,STL,65,6,0,1,0,0,0,0,0,3,0,0,.167,.167,.167,.333
Tony T Phillips L,NYM,65,236,34,59,16,0,4,21,47,50,1,1,.250,.375,.369,.744
Jerry J Spradlin,PHI,65,1,0,1,1,0,0,0,0,0,0,0,1.000,1.000,2.000,3.000
Scott S Sullivan,CIN,65,11,0,1,0,0,0,0,0,6,0,0,.091,.091,.091,.182
Curt C Leskanic,COL,64,2,1,0,0,0,0,0,0,1,0,0,.000,.000,.000,.000
Rich R Rodriguez,SF,64,6,0,1,0,0,0,0,0,4,0,0,.167,.167,.167,.333
Justin J Baughman,ANA,63,196,24,50,9,1,1,20,6,36,10,4,.255,.277,.327,.603
Jeff J Branson,CLE,63,100,6,20,4,1,1,9,3,21,0,0,.200,.221,.290,.511
Trevor T Hoffman,SD,63,3,0,0,0,0,0,0,0,2,0,0,.000,.000,.000,.000
Chris C Jones R,SF,63,121,17,23,3,1,2,13,11,37,2,1,.190,.254,.281,.535
Dan D Miceli,SD,63,1,0,1,0,0,0,0,0,0,0,0,1.000,1.000,1.000,2.000
Ugueth U Urbina,MON,63,6,0,0,0,0,0,0,0,3,0,0,.000,.000,.000,.000
Brian R. B Hunter,STL,62,112,11,23,9,1,4,13,7,23,1,1,.205,.258,.411,.669
Reggie R Jefferson D,BOS,62,196,24,60,16,1,8,31,21,40,0,0,.306,.374,.520,.895
Greg G Mc Michael,NYM,62,1,0,0,0,0,0,0,0,0,0,0,.000,.000,.000,.000
Shane S Monahan L,SEA,62,211,17,51,8,1,4,28,8,53,1,2,.242,.269,.346,.615
Charlie C O' Brien,ANA,62,175,13,45,9,0,4,18,10,33,0,0,.257,.300,.377,.677
Gregg G Olson,ARI,62,2,1,1,0,0,1,2,0,1,0,0,.500,.500,2.000,2.500
Lance L Painter,STL,62,1,0,1,0,0,0,0,0,0,0,0,1.000,1.000,1.000,2.000
Da Rond D Stovall L,MON,62,78,11,16,2,1,2,6,6,29,1,0,.205,.262,.333,.595
Turk T Wendell,NYM,62,4,0,0,0,0,0,0,0,2,0,0,.000,.000,.000,.000
Terry T Adams,CHC,61,1,0,0,0,0,0,0,0,1,0,0,.000,.000,.000,.000
Domingo D Cedeno S,TEX,61,141,19,37,9,1,2,21,10,32,2,1,.262,.309,.383,.692
Eddie E Pérez Perez,ATL,61,149,18,50,12,0,6,32,15,28,1,1,.336,.404,.537,.940
Chris C Snopek,BOS,61,137,19,28,2,0,1,6,16,29,3,0,.204,.290,.241,.531
Dave D Veres,COL,61,3,0,1,0,0,0,0,0,1,0,0,.333,.333,.333,.667
Jermaine J Dye R,KC,60,214,24,50,5,1,5,23,11,46,2,2,.234,.270,.336,.606
Terry T Jones C,MON,60,212,30,46,7,2,1,15,21,46,16,4,.217,.288,.283,.571
Danny D Graves,CIN,59,4,0,0,0,0,0,0,0,3,0,0,.000,.000,.000,.000
Jay J Powell,HOU,59,1,0,0,0,0,0,0,0,1,0,0,.000,.000,.000,.000
Pokey P Reese,CIN,59,133,20,34,2,2,1,16,14,28,3,2,.256,.322,.323,.646
Mark M Smith,PIT,59,128,18,25,6,0,2,13,10,26,7,0,.195,.264,.289,.553
Bubba B Trammell L,TB,59,199,28,57,18,1,12,35,16,45,0,2,.286,.338,.568,.906
Gabe G Alvarez,DET,58,199,16,46,11,0,5,29,18,65,1,3,.231,.299,.362,.660
Shayne S Bennett,MON,58,6,0,0,0,0,0,0,1,1,0,0,.000,.143,.000,.143
Aaron A Boone,CIN,58,181,24,51,13,2,2,28,15,36,6,1,.282,.350,.409,.759
John J Franco,NYM,58,2,0,0,0,0,0,0,0,1,0,0,.000,.000,.000,.000
Scott S Radinsky,LA,58,0,0,0,0,0,0,0,0,0,0,0,.000,.000,.000,.000
Ricardo R Rincon,PIT,58,2,0,0,0,0,0,0,0,0,0,0,.000,.000,.000,.000
Donnie D Sadler,BOS,58,124,21,28,4,4,3,15,6,28,4,0,.226,.276,.395,.671
Julian J Tavarez,SF,58,9,0,1,0,0,0,0,0,4,0,0,.111,.111,.111,.222
Kimera K Bartee,DET,57,98,20,19,5,1,3,15,6,35,9,5,.194,.238,.357,.595
Jason J Christiansen,PIT,57,4,0,1,0,0,0,1,0,1,0,0,.250,.250,.250,.500
Vic V Darensbourg,FLA,57,8,0,0,0,0,0,0,1,3,0,0,.000,.111,.000,.111
Brook B Fordyce,CIN,57,146,8,37,9,0,3,14,11,28,0,1,.253,.306,.377,.682
Doug D Henry,HOU,57,4,0,0,0,0,0,0,0,2,0,0,.000,.000,.000,.000
Damian D Miller,ARI,57,168,17,48,14,2,3,14,11,43,1,0,.286,.337,.446,.783
Luis L Ordaz S,STL,57,153,9,31,5,0,0,8,12,18,2,0,.203,.261,.235,.496
Jack J Voigt,OAK,57,72,7,10,4,0,1,10,6,19,5,1,.139,.205,.236,.441
Antonio A Alfonseca,FLA,56,4,0,0,0,0,0,0,0,2,0,0,.000,.000,.000,.000
Alex A Arias S,PHI,56,133,17,39,8,0,1,16,13,18,2,0,.293,.358,.376,.734
Mike M De Jean,COL,56,5,0,0,0,0,0,0,0,4,0,0,.000,.000,.000,.000
Freddy F Garcia,PIT,56,172,27,44,11,1,9,26,18,45,0,2,.256,.332,.488,.820
Todd T Hollandsworth L,LA,55,175,23,47,6,4,3,20,9,42,4,3,.269,.308,.400,.708
James J Mouton,SD,55,63,8,12,2,1,0,7,7,11,4,3,.190,.268,.254,.522
Javier J Valentin,MIN,55,162,11,32,7,1,3,18,11,30,0,0,.198,.247,.309,.556
Billy B Wagner,HOU,55,3,0,1,0,0,0,0,0,2,0,0,.333,.333,.333,.667
Pat P Borders,CLE,54,160,12,38,6,0,0,6,10,40,0,2,.238,.289,.275,.564
Alan A Embree,ARI,54,1,0,0,0,0,0,0,1,1,0,0,.000,.500,.000,.500
Yorkis Y Perez,PHI,54,2,0,0,0,0,0,0,0,1,0,0,.000,.000,.000,.000
Luis L Sojo S,NYY,54,147,16,34,3,1,0,14,4,15,1,0,.231,.250,.265,.515
Jason J Bates,COL,53,74,10,14,3,0,0,3,8,21,0,0,.189,.268,.230,.498
Brian B Boehringer,SD,53,7,0,0,0,0,0,0,1,4,0,0,.000,.125,.000,.125
John J Hudek,CIN,53,3,0,0,0,0,0,0,0,3,0,0,.000,.000,.000,.000
Todd T Hundley L,NYM,53,124,8,20,4,0,3,12,16,55,1,1,.161,.261,.266,.527
Pat P Kelly,STL,53,153,18,33,5,0,4,14,13,48,5,1,.216,.284,.327,.611
John J Wehner,FLA,53,88,10,20,2,0,0,5,7,12,1,0,.227,.281,.250,.531
Kevin K Brown,TOR,52,110,17,29,7,1,2,15,9,31,0,0,.264,.320,.400,.720
Rich R Loiselle,PIT,52,0,0,0,0,0,0,0,0,0,0,0,.000,.000,.000,.000
Miguel M Batista,MON,51,32,0,0,0,0,0,0,0,21,0,0,.000,.000,.000,.000
Dennis D Martinez,ATL,51,11,0,1,1,0,0,3,1,7,0,0,.091,.167,.182,.348
Kevin K Mitchell,OAK,51,127,14,29,7,1,2,21,9,26,0,0,.228,.279,.346,.626
Tom T Pagnozzi,STL,51,160,7,35,9,0,1,10,14,37,0,0,.219,.280,.294,.574
Randy R Velarde,ANA,51,188,29,49,13,1,4,26,34,42,7,2,.261,.375,.404,.779
Mark M Guthrie,LA,50,1,0,0,0,0,0,0,0,0,0,0,.000,.000,.000,.000
Mike M Maddux,MON,50,2,0,0,0,0,0,0,0,1,0,0,.000,.000,.000,.000
John J Marzano,SEA,50,133,13,31,7,1,4,12,9,24,0,0,.233,.325,.391,.716
Antonio A Osuna,LA,50,2,0,0,0,0,0,0,0,0,0,0,.000,.000,.000,.000
Brian B Edmondson,FLA,49,12,0,0,0,0,0,0,0,5,0,0,.000,.000,.000,.000
Chad C Fox,MIL,49,3,0,0,0,0,0,0,0,2,0,0,.000,.000,.000,.000
Mel M Rojas,NYM,49,0,0,0,0,0,0,0,0,0,0,0,.000,.000,.000,.000
Richie R Sexson,CLE,49,174,28,54,14,1,11,35,6,42,1,1,.310,.344,.592,.936
Juan J Acevedo,STL,48,17,2,3,1,0,0,0,1,5,0,0,.176,.222,.235,.458
Troy T Glaus,ANA,48,165,19,36,9,0,1,23,15,51,1,0,.218,.280,.291,.571
Steve S Reed,SF,48,3,0,1,0,0,0,0,0,0,0,0,.333,.333,.333,.667
Bobby B Estalella,PHI,47,165,16,31,6,1,8,20,13,49,0,0,.188,.247,.382,.629
Thomas T Howard,LA,47,76,9,14,4,0,2,4,3,15,1,0,.184,.215,.316,.531
Al A Reyes,MIL,47,5,1,1,0,0,0,0,0,4,0,0,.200,.200,.200,.400
Jeff J Brantley,STL,46,0,0,0,0,0,0,0,0,0,0,0,.000,.000,.000,.000
David D Howard,STL,46,102,15,25,1,1,2,12,12,22,0,0,.245,.322,.333,.655
Mike M Magnante,HOU,46,2,0,2,0,0,0,1,0,0,0,0,1.000,1.000,1.000,2.000
Mark M Petkovsek,STL,46,22,5,7,1,0,0,1,1,2,0,0,.318,.348,.364,.712
Homer H Bush,NYY,45,71,17,27,3,0,1,5,5,19,6,3,.380,.421,.465,.886
Sandy S Martinez,CHC,45,87,7,23,9,1,0,7,13,21,1,0,.264,.363,.391,.754
Placido P Polanco S,STL,45,114,10,29,3,2,1,11,5,9,2,0,.254,.292,.342,.634
John J Rocker,ATL,45,0,0,0,0,0,0,0,0,0,0,0,.000,.000,.000,.000
Clint C Sodowsky,ARI,45,10,2,3,1,0,0,0,0,2,0,0,.300,.300,.400,.700
Luis L Castillo,FLA,44,153,21,31,3,2,1,10,22,33,3,0,.203,.307,.268,.575
Charles C Gipson R,SEA,44,51,11,12,1,0,0,2,5,9,2,1,.235,.316,.255,.571
Russ R Springer,ATL,44,1,0,0,0,0,0,0,0,1,0,0,.000,.000,.000,.000
David D Weathers,MIL,44,23,2,2,0,0,1,1,2,14,0,0,.087,.160,.217,.377
Damon D Mashore R,ANA,43,98,13,23,6,0,2,11,9,22,1,0,.235,.318,.357,.675
Juan J Samuel,TOR,43,50,14,9,2,0,1,2,7,13,13,8,.180,.293,.280,.573
Kent K Bottenfield,STL,42,34,3,3,0,0,0,2,0,9,0,0,.088,.088,.088,.176
Elmer E Dessens,PIT,42,8,0,0,0,0,0,1,1,4,0,0,.000,.111,.000,.111
Ricky R Ledee L,NYY,42,79,13,19,5,2,1,12,7,29,3,1,.241,.299,.392,.691
Luis L Rivera S,KC,42,89,14,22,4,0,0,7,7,17,1,1,.247,.302,.292,.594
Felix F Rodriguez,ARI,42,0,0,0,0,0,0,0,0,0,0,0,.000,.000,.000,.000
Donne D Wall,SD,42,7,0,2,0,0,0,0,0,3,0,0,.286,.286,.286,.571
Adrian A Brown C,PIT,41,152,20,43,4,1,0,5,9,18,4,0,.283,.323,.322,.645
Bob B Henley,MON,41,115,16,35,8,1,3,18,11,26,3,0,.304,.377,.470,.846
Doug D Jones,MIL,41,2,0,0,0,0,0,0,0,2,0,0,.000,.000,.000,.000
C. J. C Nitkowski,HOU,41,4,0,0,0,0,0,0,0,3,0,0,.000,.000,.000,.000
Todd T Pratt,NYM,41,69,9,19,9,1,2,18,2,20,0,0,.275,.296,.522,.818
Stan S Belinda,CIN,40,1,0,0,0,0,0,0,0,1,0,0,.000,.000,.000,.000
Archi A Cianfrocco,SD,40,72,4,9,3,0,1,5,5,22,1,0,.125,.192,.208,.401
Juan J Encarnacion R,DET,40,164,30,54,9,4,7,21,7,31,7,4,.329,.354,.561,.915
Bill B Haselman,TEX,40,105,11,33,6,0,6,17,3,17,0,0,.314,.327,.543,.870
Marc M Pisciotta,CHC,40,3,0,1,0,0,0,0,0,1,0,0,.333,.333,.333,.667
Amaury A Telemaco,ARI,40,35,2,3,1,1,0,2,1,16,0,0,.086,.108,.171,.280
Rick R Croushore,STL,39,0,0,0,0,0,0,0,0,0,0,0,.000,.000,.000,.000
Lou L Merloni,BOS,39,96,10,27,6,0,1,15,7,20,1,0,.281,.343,.375,.718
Kirt K Ojala,FLA,39,26,2,4,1,0,0,3,3,10,0,0,.154,.241,.192,.434
Keith K Osik,PIT,39,98,8,21,4,0,0,7,13,16,1,2,.214,.316,.255,.571
Ricky R Bottalico,PHI,38,0,0,0,0,0,0,0,0,0,0,0,.000,.000,.000,.000
Alberto A Castillo,NYM,38,83,13,17,4,0,2,7,9,17,0,2,.205,.290,.325,.616
Matt M Mantei,FLA,38,3,0,1,0,0,0,0,0,0,0,0,.333,.333,.333,.667
Mike M Munoz,COL,38,2,1,0,0,0,0,0,0,2,0,0,.000,.000,.000,.000
Rob R Stanifer,FLA,38,5,0,0,0,0,0,0,0,3,0,0,.000,.000,.000,.000
Jon J Zuber,PHI,38,45,6,11,3,1,2,6,6,9,0,0,.244,.346,.489,.835
Brian B Bohanon,LA,37,43,1,12,2,1,0,5,2,13,0,0,.279,.311,.372,.683
Raul R Ibanez,SEA,37,98,12,25,7,1,2,12,5,22,0,0,.255,.291,.408,.699
Darryl D Kile,COL,37,71,5,18,5,0,0,5,4,22,0,0,.254,.293,.324,.617
Chris C Peters,PIT,37,39,2,9,0,0,0,2,1,9,1,0,.231,.250,.231,.481
Tom T Prince,LA,37,81,7,15,5,1,0,5,7,24,0,0,.185,.267,.272,.538
Mike M Redmond,FLA,37,118,10,39,9,0,2,12,5,16,0,0,.331,.368,.458,.826
Rico R Rossy,SEA,37,81,12,16,6,0,1,4,6,13,0,0,.198,.253,.309,.562
Jeff J Tabaka,PIT,37,1,0,0,0,0,0,0,0,1,0,0,.000,.000,.000,.000
Mike M Williams,PIT,37,3,0,0,0,0,0,0,0,2,0,0,.000,.000,.000,.000
Jim J Bruske,SD,36,3,0,0,0,0,0,0,0,1,0,0,.000,.000,.000,.000
Mike M Cather,ATL,36,0,0,0,0,0,0,0,0,0,0,0,.000,.000,.000,.000
Sterling S Hitchcock,SD,36,50,5,7,0,0,0,2,1,21,0,0,.140,.157,.140,.297
J. R. J Phillips,HOU,36,58,4,11,0,0,2,9,7,22,0,0,.190,.277,.293,.570
Chili C Davis D,NYY,35,103,11,30,7,0,3,9,14,18,0,1,.291,.373,.447,.820
Dave D Magadan,OAK,35,109,12,35,8,0,1,13,13,12,0,1,.321,.390,.422,.812
Trever T Miller,HOU,35,3,1,1,1,0,0,0,0,0,0,0,.333,.333,.667,1.000
Jesus J Sanchez,FLA,35,52,2,7,0,1,0,1,1,15,0,0,.135,.151,.173,.324
Jim J Tatum,NYM,35,50,4,9,1,2,2,13,3,19,0,0,.180,.211,.400,.610
Brett B Tomko,CIN,35,65,4,7,1,0,0,3,4,29,0,0,.108,.157,.123,.280
Brad B Woodall,MIL,35,38,7,9,1,0,1,2,4,10,0,0,.237,.310,.342,.652
Pedro P Astacio,COL,34,62,4,8,2,0,0,3,0,21,0,0,.129,.156,.161,.318
Willie W Blair,NYM,34,52,3,5,0,0,0,0,3,27,0,0,.096,.145,.096,.242
Kevin K Brown,SD,34,82,4,17,3,0,0,10,4,29,0,0,.207,.244,.244,.488
Alex A Diaz C,SF,34,62,5,8,2,0,0,5,0,15,1,1,.129,.129,.161,.290
Joey J Hamilton,SD,34,71,1,10,0,1,1,6,1,31,0,0,.141,.153,.211,.364
Livan L Hernandez,FLA,34,82,3,16,3,0,0,6,0,20,0,0,.195,.205,.232,.436
Orel O Hershiser,SF,34,66,7,10,2,0,0,1,3,16,1,0,.152,.200,.182,.382
Bobby B Jones,COL,34,45,3,8,1,0,0,4,0,14,0,0,.178,.178,.200,.378
Chris C Latham,MIN,34,94,14,15,1,0,1,5,13,36,4,2,.160,.262,.202,.464
Robert R Machado,CWS,34,111,14,23,6,0,3,15,7,22,0,0,.207,.254,.342,.597
Felix F Martinez S,KC,34,85,7,11,1,1,0,5,5,21,3,1,.129,.187,.165,.352
Javier J Martinez,PIT,34,1,0,0,0,0,0,0,0,1,0,0,.000,.000,.000,.000
Eric E Owens L,MIL,34,40,5,5,2,0,1,4,2,6,0,0,.125,.167,.250,.417
Mark M Parent,PHI,34,113,7,25,4,0,1,13,10,30,1,1,.221,.278,.283,.561
Roberto R Petagine,CIN,34,62,14,16,2,1,3,7,16,11,1,0,.258,.405,.468,.873
Mike M Remlinger,CIN,34,47,1,5,1,0,0,1,2,7,0,1,.106,.143,.128,.270
Shane S Reynolds,HOU,34,82,10,13,4,0,0,9,2,39,0,0,.159,.188,.207,.396
Rudy R Seanez,ATL,34,1,0,0,0,0,0,0,0,1,0,0,.000,.000,.000,.000
Kevin K Tapani,CHC,34,75,7,10,2,0,1,11,7,30,0,0,.133,.205,.200,.405
Brian B Anderson,ARI,33,66,6,7,0,0,0,0,3,19,1,0,.106,.145,.106,.251
Andy A Benes,ARI,33,65,8,11,3,0,1,3,6,28,0,0,.169,.250,.262,.512
Francisco F Cordova,PIT,33,75,3,9,1,1,0,1,2,29,0,0,.120,.143,.160,.303
Omar O Daal,ARI,33,46,3,5,0,0,0,1,5,17,0,0,.109,.196,.109,.305
Scott S Karl,MIL,33,56,3,4,0,1,0,0,4,17,0,0,.071,.133,.107,.240
Jose J Mesa,SF,33,0,1,0,0,0,0,0,1,0,0,0,.000,1.000,.000,1.000
Chan Ho C Park,LA,33,72,2,14,2,1,0,3,2,30,0,0,.194,.216,.250,.466
Carlos C Perez,LA,33,71,5,11,2,0,1,3,4,32,0,0,.155,.200,.225,.425
Curt C Schilling,PHI,33,76,3,10,2,0,0,3,3,26,0,0,.132,.165,.158,.322
Jason J Schmidt,PIT,33,62,1,6,2,0,0,2,2,25,0,0,.097,.123,.129,.252
Don D Wengert,CHC,33,16,0,0,0,0,0,0,1,3,0,0,.000,.059,.000,.059
Steve S Woodard,MIL,33,50,1,7,2,0,0,4,0,12,0,0,.140,.140,.180,.320
Jamey J Wright,COL,33,57,5,10,2,1,1,4,3,29,0,0,.175,.217,.298,.515
Andy A Ashby,SD,32,72,1,8,2,0,0,2,2,35,0,0,.111,.135,.139,.274
Mark M Dalesandro,TOR,32,67,8,20,5,0,2,14,1,6,0,0,.299,.304,.463,.767
Danny D Darwin,SF,32,45,2,4,1,0,0,1,1,30,0,0,.089,.128,.111,.239
Mark M Gardner,SF,32,73,4,12,1,0,0,4,5,26,0,0,.164,.228,.178,.406
Tom T Glavine,ATL,32,71,3,17,3,0,0,7,1,15,0,0,.239,.250,.282,.532
Mike M Hubbard,MON,32,55,3,8,1,0,1,3,0,17,0,0,.145,.161,.218,.379
Matt M Karchner,CHC,32,0,0,0,0,0,0,0,0,0,0,0,.000,.000,.000,.000
Curtis C King,STL,32,5,0,0,0,0,0,0,0,1,0,0,.000,.000,.000,.000
Jose J Lima,HOU,32,79,6,11,2,0,0,4,2,27,0,0,.139,.159,.165,.323
Kent K Mercker,STL,32,54,3,8,0,1,1,6,2,25,0,0,.148,.179,.241,.419
Kirk K Rueter,SF,32,67,7,14,1,0,0,3,0,12,0,1,.209,.209,.224,.433
Tim T Spehr,KC,32,76,8,13,3,0,1,5,15,19,1,0,.171,.337,.250,.587
Andy A Tomberlin D,DET,32,69,8,15,2,0,2,12,3,25,1,0,.217,.280,.333,.613
Enrique E Wilson,CLE,32,90,13,29,6,0,2,12,4,8,2,4,.322,.354,.456,.810
Willie W Banks,ARI,31,1,0,0,0,0,0,0,0,1,0,0,.000,.000,.000,.000
Mark M Clark,CHC,31,62,1,4,2,0,0,3,3,27,0,0,.065,.108,.097,.204
Darren D Dreifort,LA,31,49,10,11,0,0,1,2,2,22,0,0,.224,.255,.286,.541
Mike M Hampton,HOU,31,61,3,16,4,0,0,2,7,12,2,0,.262,.348,.328,.676
Pete P Harnisch,CIN,31,66,3,7,0,0,0,1,1,22,0,0,.106,.119,.106,.226
Jeff J Huson,SEA,31,49,8,8,1,0,1,4,5,6,1,1,.163,.241,.245,.486
Mark M Lemke,BOS,31,91,10,17,4,0,0,7,6,15,0,1,.187,.232,.231,.463
Greg G Maddux,ATL,31,75,4,18,3,0,0,4,4,18,0,1,.240,.278,.280,.558
Jeff J Manto,CLE,31,67,14,16,3,0,3,9,5,21,1,1,.239,.301,.418,.719
Eric E Plunk,MIL,31,1,1,0,0,0,0,0,1,1,0,0,.000,.500,.000,.500
Chris C Pritchett,ANA,31,80,12,23,2,1,2,8,4,16,2,0,.288,.321,.413,.734
Steve S Trachsel,CHC,31,64,11,17,3,0,1,8,7,18,0,0,.266,.338,.359,.697
Javier J Vazquez,MON,31,52,3,9,2,1,0,5,2,7,0,0,.173,.200,.250,.450
Sean S Bergman,HOU,30,60,3,5,2,0,0,4,0,30,0,0,.083,.083,.117,.200
Dustin D Hermanson,MON,30,52,7,6,1,0,1,2,10,29,0,0,.115,.270,.192,.462
Brian B Meadows,FLA,30,54,4,7,0,0,0,3,4,19,0,0,.130,.186,.130,.316
Kevin K Millwood,ATL,30,50,1,4,1,0,0,1,6,22,0,0,.080,.179,.100,.279
Denny D Neagle,ATL,30,63,2,11,1,0,0,3,4,12,0,0,.175,.224,.190,.414
Bronswell B Patrick,MIL,30,15,1,3,0,0,1,1,2,3,0,0,.200,.294,.400,.694
Bob B Patterson,CHC,30,0,0,0,0,0,0,0,0,0,0,0,.000,.000,.000,.000
Rick R Reed,NYM,30,64,6,8,0,0,1,5,3,21,0,0,.125,.164,.172,.336
Dale D Sveum,NYY,30,58,6,9,0,0,0,3,4,16,0,0,.155,.203,.155,.358
Alex A Cora S,LA,29,33,1,4,0,1,0,0,2,8,0,0,.121,.194,.182,.376
Todd T Greene,ANA,29,71,3,18,4,0,1,7,2,20,0,0,.254,.274,.352,.626
Danny D Klassen,ARI,29,108,12,21,2,1,3,8,9,33,1,1,.194,.263,.315,.578
Joe J Siddall,DET,29,65,3,12,3,0,1,6,7,25,0,0,.185,.264,.277,.541
Reggie R Williams L,ANA,29,36,7,13,1,0,1,5,7,11,3,3,.361,.477,.472,.950
Trey T Beamon,DET,28,42,4,11,4,0,0,2,5,13,1,0,.262,.340,.357,.698
Scott S Elarton,HOU,28,7,0,0,0,0,0,0,0,4,0,0,.000,.000,.000,.000
Mike M Frank C,CIN,28,89,14,20,6,0,0,7,7,12,0,0,.225,.278,.292,.570
Dave D Mlicki,LA,28,50,4,5,1,0,0,0,4,15,0,0,.100,.167,.120,.287
Hideo H Nomo,NYM,28,50,4,9,0,0,1,5,1,17,0,0,.180,.196,.240,.436
Dave D Stevens,CHC,28,4,0,1,0,0,0,0,0,2,0,0,.250,.250,.250,.500
Bobby B Jones,NYM,27,48,1,9,1,0,0,4,2,21,0,0,.188,.220,.208,.428
Al A Leiter,NYM,27,57,1,6,3,0,0,4,7,32,0,0,.105,.203,.158,.361
Jon J Lieber,PIT,27,48,3,8,1,0,0,1,3,20,0,0,.167,.216,.188,.403
Billy B Ripken S,DET,27,74,8,20,3,0,0,5,5,10,3,2,.270,.321,.311,.632
Ruben R Sierra,CWS,27,74,7,16,4,1,4,11,3,11,2,0,.216,.247,.459,.706
Shane S Spencer R,NYY,27,67,18,25,6,0,10,27,5,12,0,1,.373,.411,.910,1.321
Darrin D Winston,PHI,27,1,0,0,0,0,0,0,0,1,0,0,.000,.000,.000,.000
Masato M Yoshii,NYM,27,48,3,3,1,0,0,3,3,27,0,0,.063,.118,.083,.201
Mike M Busby,STL,26,3,0,0,0,0,0,1,1,1,0,0,.000,.250,.000,.250
Bobby B Chouinard,ARI,26,2,0,0,0,0,0,0,0,1,0,0,.000,.000,.000,.000
Shawn S Estes,SF,26,42,4,8,1,0,0,0,1,17,0,0,.190,.209,.214,.424
Wayne W Kirby R,NYM,26,31,5,6,0,1,0,0,1,9,1,1,.194,.219,.258,.477
Bob B Scanlan,HOU,26,0,0,0,0,0,0,0,0,0,0,0,.000,.000,.000,.000
John J Thomson,COL,26,50,4,6,0,0,0,2,2,23,0,1,.120,.148,.120,.268
Mark M Wohlers,ATL,26,0,0,0,0,0,0,0,0,0,0,0,.000,.000,.000,.000
Alex A Gonzalez S,FLA,25,86,11,13,2,0,3,7,9,30,0,0,.151,.240,.279,.519
Tyler T Green,PHI,25,41,2,6,1,0,0,3,2,21,0,0,.146,.178,.171,.348
Rex R Hudler,PHI,25,41,2,5,1,0,0,2,4,12,0,0,.122,.200,.146,.346
Randy R Myers,SD,25,1,0,0,0,0,0,0,0,1,0,0,.000,.000,.000,.000
Jim J Poole,SF,25,4,1,1,1,0,0,0,0,0,0,0,.250,.250,.500,.750
Ryan R Radmanovich,SEA,25,69,5,15,4,0,2,10,4,25,1,1,.217,.260,.362,.623
John J Smoltz,ATL,25,51,4,10,1,0,0,5,8,16,0,0,.196,.317,.216,.532
Ismael I Valdez,LA,25,48,3,8,1,0,0,2,3,6,0,0,.167,.216,.188,.403
Ernie E Young R,KC,25,53,2,10,3,0,1,3,2,9,2,1,.189,.232,.302,.534
Brian B Banks,MIL,24,24,3,7,2,0,1,5,4,7,0,0,.292,.393,.500,.893
Rick R De Hart,MON,24,0,0,0,0,0,0,0,0,0,0,0,.000,.000,.000,.000
Jack J Howell,HOU,24,38,4,11,5,0,1,7,4,12,0,0,.289,.357,.500,.857
Terrell T Lowery C,CHC,24,15,2,3,1,0,0,1,3,7,0,0,.200,.333,.267,.600
Abraham O. A Nunez S,PIT,24,52,6,10,2,0,1,2,12,14,4,2,.192,.344,.288,.632
Mark M Portugal,PHI,24,50,6,13,5,0,0,4,4,10,0,0,.260,.315,.360,.675
Bill B Pulsipher,MIL,24,20,2,3,0,0,0,0,0,6,0,0,.150,.150,.150,.300
Aaron A Small,ARI,24,0,0,0,0,0,0,0,0,0,0,0,.000,.000,.000,.000
Rick R Wilkins,NYM,24,56,8,10,1,1,1,5,6,16,0,0,.179,.254,.286,.540
Kerry K Wood,CHC,24,54,3,7,0,0,2,8,1,16,0,0,.130,.145,.241,.386
Keith K Mitchell,BOS,23,33,4,9,2,0,0,6,7,5,1,0,.273,.400,.333,.733
Donn D Pall,FLA,23,2,0,0,0,0,0,0,0,1,0,0,.000,.000,.000,.000
Scott S Sanders,SD,23,0,0,0,0,0,0,0,0,0,0,0,.000,.000,.000,.000
Terry T Shumpert,COL,23,26,3,6,1,0,1,2,2,8,0,0,.231,.286,.385,.670
Cal C Eldred,MIL,22,32,1,4,1,0,0,2,2,19,0,1,.125,.176,.156,.333
Jeff J Juden,MIL,22,41,3,5,1,0,0,4,0,12,0,0,.122,.122,.146,.268
Mark M Langston,SD,22,24,0,2,1,0,0,2,2,9,0,0,.083,.154,.125,.279
Jesse J Levis,MIL,22,37,4,13,0,0,0,4,7,6,1,0,.351,.468,.351,.819
Russ R Ortiz,SF,22,25,3,7,0,0,1,2,2,9,0,0,.280,.333,.400,.733
Carl C Pavano,MON,22,38,1,6,1,0,0,3,0,14,0,0,.158,.158,.184,.342
Carlos C Reyes,BOS,22,0,0,0,0,0,0,0,0,0,0,0,.000,.000,.000,.000
Todd T Stottlemyre,STL,22,53,3,12,0,0,0,1,4,24,0,0,.226,.281,.226,.507
Preston P Wilson C,FLA,22,51,7,8,2,0,1,3,6,21,1,1,.157,.259,.255,.514
Frank F Bolick,ANA,21,45,3,7,2,0,1,2,11,8,0,0,.156,.321,.267,.588
Mike M Grace,PHI,21,23,1,2,0,0,0,1,2,11,0,0,.087,.160,.087,.247
George G Arias,SD,20,36,4,7,1,1,1,4,3,16,0,0,.194,.293,.361,.654
Matt M Beech,PHI,20,33,2,5,0,0,0,2,0,10,0,0,.152,.152,.152,.303
Geremi G Gonzalez,CHC,20,32,0,6,1,0,0,2,0,11,0,0,.188,.188,.219,.406
Pete P Incaviglia,HOU,20,30,0,3,1,0,0,2,2,10,0,0,.100,.156,.133,.290
Esteban E Loaiza,PIT,20,29,2,7,0,0,0,3,1,5,0,0,.241,.267,.241,.508
Carlton C Loewer,PHI,20,35,4,3,0,0,0,1,3,10,0,0,.086,.158,.086,.244
Wendell W Magee L,PHI,20,75,9,22,6,1,1,11,7,11,0,0,.293,.354,.440,.794
Derrick D White,COL,20,19,1,1,0,0,1,2,0,9,0,0,.053,.053,.211,.263
Brad B Clontz,NYM,19,2,0,0,0,0,0,0,0,1,0,0,.000,.000,.000,.000
Angel A Echevarria,COL,19,29,7,11,3,0,1,9,2,3,0,0,.379,.455,.586,1.041
Carlos C Garcia,ANA,19,35,4,5,1,0,0,0,3,11,2,0,.143,.231,.171,.402
Ramon R Martinez,SF,19,19,4,6,1,0,0,0,4,2,0,0,.316,.435,.368,.803
Roberto R Ramirez,SD,19,0,0,0,0,0,0,0,0,0,0,0,.000,.000,.000,.000
Jon J Shave,MIN,19,40,7,10,3,0,1,5,3,10,1,2,.250,.302,.400,.702
Justin J Speier,FLA,19,0,0,0,0,0,0,0,0,0,0,0,.000,.000,.000,.000
Marc M Valdes,MON,19,5,1,2,0,0,0,0,0,2,0,0,.400,.500,.400,.900
Todd T Van Poppel,PIT,19,14,3,3,1,0,0,1,1,4,0,0,.214,.267,.286,.552
Manny M Aybar,STL,18,27,4,6,0,0,1,3,0,9,0,0,.222,.222,.333,.556
Jeremy J Giambi L,KC,18,58,6,13,4,0,2,8,11,9,0,1,.224,.343,.397,.739
Jason J Hardtke,CHC,18,21,2,5,0,0,0,2,2,6,0,0,.238,.304,.238,.542
Lyle L Mouton R,BAL,18,39,5,12,2,0,2,7,4,8,0,0,.308,.372,.513,.885
Mandy M Romero,BOS,18,22,3,3,1,0,0,1,4,6,0,0,.136,.269,.182,.451
Marlon M Anderson,PHI,17,43,4,14,3,0,1,4,1,6,2,0,.326,.333,.465,.798
Scott S Brow,ARI,17,1,0,0,0,0,0,0,0,1,0,0,.000,.000,.000,.000
Einar E Díaz Diaz,CLE,17,48,8,11,1,0,2,9,3,2,0,0,.229,.286,.375,.661
Tim T Laker,PIT,17,29,3,10,1,0,1,2,2,4,0,1,.345,.375,.483,.858
Andy A Larkin,FLA,17,29,1,4,0,0,0,0,1,19,0,0,.138,.167,.138,.305
Scott S Leius,KC,17,46,2,8,0,0,0,4,1,6,0,0,.174,.191,.174,.365
Matt M Morris,STL,17,29,1,2,1,0,0,3,5,16,0,0,.069,.206,.103,.309
Steve S Parris,CIN,17,29,0,4,0,0,0,3,0,9,0,0,.138,.138,.138,.276
Dennys D Reyes,CIN,17,17,1,1,1,0,0,0,0,5,0,0,.059,.059,.118,.176
Ken K Ryan,PHI,17,1,0,0,0,0,0,0,0,0,0,0,.000,.000,.000,.000
Jose J Silva,PIT,17,27,0,1,1,0,0,0,2,10,0,0,.037,.133,.074,.207
Eddie E Williams,SD,17,28,1,4,0,0,0,3,2,6,0,0,.143,.194,.143,.336
Bobby B Witt,STL,17,11,0,2,1,0,0,1,1,5,0,0,.182,.250,.273,.523
Raul R Casanova,DET,16,42,4,6,2,0,1,3,5,10,0,0,.143,.250,.262,.512
Norm N Charlton,ATL,16,1,0,0,0,0,0,0,0,0,0,0,.000,.000,.000,.000
Eric E Chavez,OAK,16,45,6,14,4,1,0,6,3,5,1,1,.311,.354,.444,.799
Rick R Krivda,CIN,16,4,0,0,0,0,0,0,0,3,0,0,.000,.000,.000,.000
Jeff J Mc Curry,PIT,16,0,0,0,0,0,0,0,0,0,0,0,.000,.000,.000,.000
Fernando F Seguignol L,MON,16,42,6,11,4,0,2,3,3,15,0,0,.262,.304,.500,.804
Marc M Wilkins,PIT,16,0,0,0,0,0,0,0,0,0,0,0,.000,.000,.000,.000
Jeff J Barry C,COL,15,34,4,6,1,0,0,2,2,11,0,0,.176,.216,.206,.422
Hanley H Frias,ARI,15,23,4,3,0,1,1,2,0,5,0,0,.130,.130,.348,.478
Oscar O Henriquez,FLA,15,1,0,0,0,0,0,0,0,0,0,0,.000,.000,.000,.000
Randy R Knorr,FLA,15,49,4,10,4,1,2,11,1,10,0,0,.204,.216,.449,.665
Ramon R Martinez,LA,15,34,3,6,1,1,0,1,0,16,0,0,.176,.176,.265,.441
Jay J Payton L,NYM,15,22,2,7,1,0,0,0,1,4,0,0,.318,.348,.364,.712
Benito B Santiago,TOR,15,29,3,9,5,0,0,4,1,6,0,0,.310,.333,.483,.816
Tony T Tarasco,CIN,15,24,5,5,2,0,1,4,3,5,0,0,.208,.296,.417,.713
Ben B Van Ryn,SD,15,1,0,0,0,0,0,0,0,0,0,0,.000,.000,.000,.000
Scott S Winchester,CIN,15,23,0,3,0,0,0,1,0,9,0,0,.130,.167,.130,.297
Carlos C Beltrán Beltran,KC,14,58,12,16,5,3,0,7,3,12,3,0,.276,.317,.466,.783
J. D. J Drew L,STL,14,36,9,15,3,1,5,13,4,10,0,0,.417,.463,.972,1.436
Donovan D Osborne,STL,14,25,0,1,0,0,0,0,3,5,0,0,.040,.143,.040,.183
Chance C Sanford,PIT,14,28,3,4,1,1,0,3,1,6,0,0,.143,.172,.250,.422
Mike M Thurman,MON,14,23,1,0,0,0,0,0,2,17,0,0,.000,.080,.000,.080
Pedro P Valdes,CHC,14,23,1,5,1,1,0,2,1,3,0,1,.217,.250,.348,.598
Billy B Ashley,BOS,13,24,3,7,3,0,3,7,2,11,0,0,.292,.346,.792,1.138
Steve S Bieser,PIT,13,11,2,3,1,0,0,1,2,2,0,0,.273,.385,.364,.748
Chris C Brock,SF,13,4,0,1,0,0,0,0,0,0,0,0,.250,.250,.250,.500
Emil E Brown L,PIT,13,39,2,10,1,0,0,3,1,11,0,0,.256,.293,.282,.575
Valerio V De Los Santos,MIL,13,0,0,0,0,0,0,0,0,0,0,0,.000,.000,.000,.000
Charlie C Greene,BAL,13,21,1,4,1,0,0,0,0,8,0,0,.190,.190,.238,.429
Damian D Jackson S,CIN,13,38,4,12,5,0,0,7,6,4,2,0,.316,.400,.447,.847
Randy R Johnson,HOU,13,39,2,3,1,0,0,2,0,19,0,0,.077,.077,.103,.180
Eric E Ludwick,FLA,13,7,0,0,0,0,0,0,0,3,0,0,.000,.000,.000,.000
Barry B Manuel,ARI,13,0,0,0,0,0,0,0,0,0,0,0,.000,.000,.000,.000
Greg G Martinez,MIL,13,3,2,0,0,0,0,0,1,2,2,0,.000,.250,.000,.250
Trey T Moore,MON,13,17,1,4,1,0,0,0,1,3,0,0,.235,.278,.294,.572
Alvin A Morman,SF,13,0,0,0,0,0,0,0,0,0,0,0,.000,.000,.000,.000
Trot T Nixon,BOS,13,27,3,7,1,0,0,0,1,3,0,0,.259,.286,.296,.582
Darren D Oliver,STL,13,29,1,3,2,0,0,1,1,14,0,0,.103,.133,.172,.306
Pete P Schourek,HOU,13,19,2,4,1,0,0,2,0,6,1,0,.211,.211,.263,.474
Jeff J Suppan,ARI,13,22,1,6,0,0,0,1,0,6,1,0,.273,.304,.273,.577
Jeff J Tam,NYM,13,1,0,0,0,0,0,0,0,0,0,0,.000,.000,.000,.000
Craig C Wilson S,CWS,13,47,14,22,5,0,3,10,3,6,1,0,.468,.490,.766,1.256
Jason J Wood,DET,13,24,6,8,2,0,1,1,3,5,0,1,.333,.407,.542,.949
Ryan R Dempster,FLA,12,13,0,0,0,0,0,0,0,8,0,0,.000,.000,.000,.000
Guillermo G Garcia,CIN,12,36,3,7,2,0,2,4,2,13,0,0,.194,.237,.417,.654
Frank F Lankford,LA,12,2,0,0,0,0,0,0,0,1,0,0,.000,.000,.000,.000
Nelson N Liriano,COL,12,17,0,0,0,0,0,0,0,7,0,0,.000,.000,.000,.000
Rafael R Medina,FLA,12,19,1,1,0,0,0,0,0,6,0,0,.053,.053,.053,.105
Rodney R Myers,CHC,12,1,0,0,0,0,0,0,0,1,0,0,.000,.000,.000,.000
Armando A Rios,SF,12,7,3,4,0,0,2,3,3,2,0,0,.571,.700,1.429,2.129
Pete P Smith,BAL,12,16,1,1,0,0,0,1,2,7,0,0,.063,.167,.063,.229
Paul P Wagner,MIL,12,19,1,3,0,0,0,0,0,2,0,0,.158,.158,.158,.316
Jerome J Walton,TB,12,34,4,11,3,0,0,3,2,6,0,0,.324,.361,.412,.773
Benny B Agbayani R,NYM,11,15,1,2,0,0,0,0,1,5,0,2,.133,.188,.133,.321
Mark M Bellhorn,OAK,11,12,1,1,1,0,0,1,3,4,2,0,.083,.313,.167,.479
Edgard E Clemente R,COL,11,17,2,6,0,1,0,2,2,8,0,0,.353,.421,.471,.892
Danny D Clyburn L,BAL,11,25,6,7,0,0,1,3,1,10,0,0,.280,.308,.400,.708
Carlos C Febles,KC,11,25,5,10,1,2,0,2,4,7,2,1,.400,.483,.600,1.083
Giomar G Guevara,SEA,11,13,4,3,2,0,0,0,4,4,0,0,.231,.444,.385,.829
Darren D Hall,LA,11,0,0,0,0,0,0,0,0,0,0,0,.000,.000,.000,.000
Gene G Kingsale,BAL,11,2,1,0,0,0,0,0,0,1,0,0,.000,.000,.000,.000
Corey C Koskie,MIN,11,29,2,4,0,0,1,2,2,10,0,0,.138,.194,.241,.435
Marty M Malloy,ATL,11,28,3,5,1,0,1,1,2,2,0,0,.179,.233,.321,.555
Sean S Maloney,LA,11,1,0,0,0,0,0,0,0,1,0,0,.000,.000,.000,.000
Armando A Reynoso,NYM,11,30,2,5,2,0,0,0,0,15,0,0,.167,.167,.233,.400
Mike M Robertson,ARI,11,13,0,2,0,0,0,0,0,2,0,0,.154,.154,.154,.308
Jason J Bere,CIN,10,14,0,0,0,0,0,0,1,5,0,0,.000,.067,.000,.067
Brian B Daubach,FLA,10,15,0,3,1,0,0,3,1,5,0,0,.200,.294,.267,.561
Wilson W Delgado S,SF,10,12,1,2,1,0,0,1,1,3,0,0,.167,.231,.250,.481
Carlos C Guillen,SEA,10,39,9,13,1,1,0,5,3,9,2,0,.333,.381,.410,.791
Ray R Holbert,MON,10,20,2,2,0,0,0,1,2,5,0,0,.100,.174,.100,.274
Mark M Hutton,CIN,10,1,0,1,0,0,0,1,0,0,0,0,1.000,1.000,1.000,2.000
Mark M Johnson,ANA,10,14,1,1,0,0,0,0,0,6,0,0,.071,.071,.071,.143
Joe J Mc Ewing,STL,10,20,5,4,1,0,0,1,1,3,0,1,.200,.273,.250,.523
Ralph R Milliard,NYM,10,1,3,0,0,0,0,0,0,1,0,0,.000,.000,.000,.000
Doug D Mirabelli,SF,10,17,2,4,2,0,1,4,2,6,0,0,.235,.316,.529,.845
Warren W Newson L,TEX,10,21,1,4,1,0,0,2,1,5,0,0,.190,.227,.238,.465
Odalis O Perez,ATL,10,0,0,0,0,0,0,0,0,0,0,0,.000,.000,.000,.000
John J Roskos,FLA,10,10,1,1,0,0,0,0,0,5,0,0,.100,.100,.100,.200
David D Wainhouse,COL,10,1,0,0,0,0,0,0,0,0,0,0,.000,.000,.000,.000
Mike M Welch,PHI,10,3,0,0,0,0,0,0,0,2,0,0,.000,.000,.000,.000
Matt M Whiteside,PHI,10,2,0,0,0,0,0,0,0,2,0,0,.000,.000,.000,.000
Tim T Young,MON,10,0,0,0,0,0,0,0,0,0,0,0,.000,.000,.000,.000
Gary G Bennett,PHI,9,31,4,9,0,0,0,3,5,5,0,0,.290,.378,.290,.669
Paul P Byrd,PHI,9,18,1,3,0,0,0,1,1,7,0,0,.167,.250,.167,.417
Mike M Devereaux,LA,9,13,0,4,1,0,0,1,3,2,0,1,.308,.438,.385,.822
P. J. P Forbes,BAL,9,10,0,1,0,0,0,2,0,0,0,0,.100,.100,.100,.200
Scott S Mc Clain,TB,9,20,2,2,0,0,0,0,2,6,0,0,.100,.217,.100,.317
Ryan R Minor,BAL,9,14,3,6,1,0,0,1,0,3,0,0,.429,.429,.500,.929
Calvin C Pickering,BAL,9,21,4,5,0,0,2,3,3,4,1,0,.238,.333,.524,.857
Rafael R Roque,MIL,9,13,0,1,0,0,0,1,0,6,0,0,.077,.077,.077,.154
Scott S Stahoviak,MIN,9,19,1,2,0,0,1,1,0,7,0,0,.105,.105,.263,.368
Michael M Barrett,MON,8,23,3,7,2,0,1,2,3,6,0,0,.304,.407,.522,.929
Ronnie R Belliard,MIL,8,5,1,1,0,0,0,0,0,0,0,0,.200,.200,.200,.400
Kirk K Bullinger,MON,8,1,0,0,0,0,0,0,0,0,0,0,.000,.000,.000,.000
Adam A Butler,ATL,8,0,0,0,0,0,0,0,0,0,0,0,.000,.000,.000,.000
Bryan B Eversgerd,STL,8,0,0,0,0,0,0,0,0,0,0,0,.000,.000,.000,.000
Ben B Ford,ARI,8,0,0,0,0,0,0,0,0,0,0,0,.000,.000,.000,.000
Tony T Fossas,CHC,8,0,0,0,0,0,0,0,0,0,0,0,.000,.000,.000,.000
Chris C Hatcher L,KC,8,15,0,1,0,0,0,1,1,7,0,0,.067,.125,.067,.192
Damon D Hollins R,LA,8,15,1,3,0,0,0,2,0,3,0,1,.200,.200,.200,.400
Russ R Johnson,HOU,8,13,2,3,1,0,0,0,1,5,1,0,.231,.333,.308,.641
Mike M Lowell,NYY,8,15,1,4,0,0,0,0,0,1,0,0,.267,.267,.267,.533
Dave D Mc Carty R,SEA,8,18,1,5,0,0,1,2,5,4,1,0,.278,.435,.444,.879
Mitch M Meluskey,HOU,8,8,1,2,1,0,0,0,1,4,0,0,.250,.333,.375,.708
Doug D Mientkiewicz,MIN,8,25,1,5,1,0,0,2,4,3,1,1,.200,.310,.240,.550
Cliff C Politte,STL,8,14,0,1,0,0,0,0,1,8,0,0,.071,.133,.071,.205
Le Jon L Powell C,SF,8,4,2,2,0,0,1,1,3,0,0,0,.500,.714,1.250,1.964
Dave D Silvestri,TB,8,14,0,1,0,0,0,0,0,2,0,0,.071,.071,.071,.143
Jesus J Tavarez C,BAL,8,11,2,2,0,0,1,1,2,3,0,1,.182,.308,.455,.762
Jorge J Velandia S,OAK,8,4,0,1,0,0,0,0,0,1,0,0,.250,.250,.250,.500
John J Wetteland,TEX,8,0,0,0,0,0,0,0,0,0,0,0,.000,.000,.000,.000
Rafael R Belliard S,ATL,7,20,1,5,0,0,0,1,0,1,0,0,.250,.250,.250,.500
Rigo R Beltran,NYM,7,1,0,0,0,0,0,0,0,0,0,0,.000,.000,.000,.000
Josh J Booty,FLA,7,19,0,3,1,0,0,3,3,8,0,0,.158,.273,.211,.483
Milt M Cuyler,TEX,7,6,3,3,2,0,1,3,1,0,0,0,.500,.571,1.333,1.905
Tom T Evans,TOR,7,10,0,0,0,0,0,0,1,2,0,0,.000,.091,.000,.091
Robert R Fick,DET,7,22,6,8,1,0,3,7,2,7,1,0,.364,.417,.818,1.235
Lou L Frazier C,CWS,7,7,0,0,0,0,0,0,2,6,4,0,.000,.222,.000,.222
Derrick D Gibson L,COL,7,21,4,9,1,0,0,2,1,4,0,0,.429,.478,.476,.954
Shawn S Gilbert,STL,7,5,1,1,0,0,0,0,0,2,1,0,.200,.200,.200,.400
Chris C Haney,CHC,7,0,0,0,0,0,0,0,0,0,0,0,.000,.000,.000,.000
Wes W Helms,ATL,7,13,2,4,1,0,1,2,0,4,0,0,.308,.308,.615,.923
Mark M Johnson,CWS,7,23,2,2,0,2,0,1,1,8,0,0,.087,.125,.261,.386
Mike M Judd,LA,7,1,0,0,0,0,0,0,0,0,0,0,.000,.000,.000,.000
Gabe G Kapler R,DET,7,25,3,5,0,1,0,0,1,4,2,0,.200,.231,.280,.511
Sean S Lawrence,PIT,7,6,0,0,0,0,0,0,0,4,0,0,.000,.000,.000,.000
Brian B Lesher L,OAK,7,7,0,1,1,0,0,1,0,3,0,0,.143,.143,.286,.429
Mark M Little R,STL,7,12,0,1,0,0,0,0,2,5,1,0,.083,.214,.083,.298
Jason J Maxwell,CHC,7,3,2,1,0,0,1,2,0,2,0,0,.333,.333,1.333,1.667
Jose J Mercedes,MIL,7,11,0,1,0,0,0,0,0,6,0,0,.091,.167,.091,.258
Hensley H Meulens R,ARI,7,15,1,1,0,0,1,1,0,6,0,0,.067,.067,.267,.333
Craig C Paquette,NYM,7,19,3,5,2,0,0,0,0,6,1,0,.263,.263,.368,.632
Danny D Patterson,TEX,7,0,0,0,0,0,0,0,0,0,0,0,.000,.000,.000,.000
A. J. A Pierzynski,MIN,7,10,1,3,0,0,0,1,1,2,0,0,.300,.385,.300,.685
Jeremy J Powell,MON,7,6,0,0,0,0,0,0,0,3,0,0,.000,.000,.000,.000
Scott S Sheldon,TEX,7,16,0,2,0,0,0,1,1,6,0,0,.125,.176,.125,.302
Randall R Simon,ATL,7,16,2,3,0,0,0,4,0,1,0,0,.188,.176,.188,.364
Steve S Avery,BOS,6,1,2,0,0,0,0,0,0,0,0,0,.000,.000,.000,.000
Armando A Benitez,BAL,6,0,0,0,0,0,0,0,0,0,0,0,.000,.000,.000,.000
Tripp T Cromer,LA,6,6,1,1,0,0,1,1,0,2,0,0,.167,.167,.667,.833
Mike M Fetters,OAK,6,0,0,0,0,0,0,0,0,0,0,0,.000,.000,.000,.000
Joe J Fontenot,FLA,6,10,1,0,0,0,0,0,0,6,0,0,.000,.000,.000,.000
Tom T Gordon,BOS,6,0,0,0,0,0,0,0,0,0,0,0,.000,.000,.000,.000
Jerry J Hairston,BAL,6,7,2,0,0,0,0,0,0,1,0,0,.000,.000,.000,.000
John J Halama,HOU,6,10,1,0,0,0,0,0,2,7,0,0,.000,.167,.000,.167
Torii T Hunter C,MIN,6,17,0,4,1,0,0,2,2,6,0,1,.235,.316,.294,.610
Ricardo R Jordan,CIN,6,0,0,0,0,0,0,0,0,0,0,0,.000,.000,.000,.000
Marc M Kroon,CIN,6,0,0,0,0,0,0,0,0,0,0,0,.000,.000,.000,.000
Jeff J Kubenka,LA,6,0,0,0,0,0,0,0,0,0,0,0,.000,.000,.000,.000
Paul P Lo Duca,LA,6,14,2,4,1,0,0,1,0,1,0,0,.286,.286,.357,.643
George G Lombard,ATL,6,6,2,2,0,0,1,1,0,1,1,0,.333,.333,.833,1.167
Torey T Lovullo,CLE,6,19,1,4,1,0,0,1,1,2,0,0,.211,.250,.263,.513
Ron R Mahay,BOS,6,0,0,0,0,0,0,0,0,0,0,0,.000,.000,.000,.000
Jim J Mecir,TB,6,1,0,0,0,0,0,0,0,0,0,0,.000,.000,.000,.000
Izzy I Molina,OAK,6,2,1,1,0,0,0,0,0,0,0,0,.500,.500,.500,1.000
Ray R Montgomery,HOU,6,5,2,2,0,0,0,0,0,0,0,0,.400,.400,.400,.800
Mike M Morgan,CHC,6,8,1,5,1,0,0,0,0,3,0,0,.625,.625,.750,1.375
Mike M Neill L,OAK,6,15,2,4,1,0,0,0,2,4,0,0,.267,.353,.333,.686
Angel A Pena,LA,6,13,1,3,0,0,0,0,0,6,0,0,.231,.231,.231,.462
Tomas T Perez S,TOR,6,9,1,1,0,0,0,0,1,3,0,0,.111,.200,.111,.311
Stan S Spencer,SD,6,9,0,1,1,0,0,0,0,4,0,0,.111,.111,.222,.333
Paul P Spoljaric,SEA,6,0,0,0,0,0,0,0,0,0,0,0,.000,.000,.000,.000
Garrett G Stephenson,PHI,6,6,0,1,0,0,0,0,0,1,0,0,.167,.286,.167,.452
Greg G Swindell,BOS,6,0,0,0,0,0,0,0,0,0,0,0,.000,.000,.000,.000
Mark M Thompson,COL,6,7,1,1,0,0,0,0,0,3,0,0,.143,.143,.143,.286
Mike M Trombley,MIN,6,0,0,0,0,0,0,0,0,0,0,0,.000,.000,.000,.000
Eric E Weaver,LA,6,1,0,0,0,0,0,0,0,1,0,0,.000,.000,.000,.000
Todd T Williams,CIN,6,2,0,0,0,0,0,0,0,2,0,0,.000,.000,.000,.000
Joel J Adamson,ARI,5,7,0,3,1,0,0,1,0,0,0,0,.429,.429,.571,1.000
Rick R Aguilera,MIN,5,0,0,0,0,0,0,0,0,0,0,0,.000,.000,.000,.000
Paul P Assenmacher,CLE,5,0,0,0,0,0,0,0,0,0,0,0,.000,.000,.000,.000
Cory C Bailey,SF,5,0,0,0,0,0,0,0,0,0,0,0,.000,.000,.000,.000
Toby T Borland,PHI,5,0,0,0,0,0,0,0,0,0,0,0,.000,.000,.000,.000
Shawn S Boskie,MON,5,4,1,0,0,0,0,0,1,3,0,0,.000,.200,.000,.200
Dee D Brown,KC,5,3,2,0,0,0,0,0,0,1,0,0,.000,.000,.000,.000
Jim J Corsi,BOS,5,1,0,0,0,0,0,0,0,0,0,0,.000,.000,.000,.000
Rickey R Cradle C,SEA,5,7,0,1,0,0,0,2,1,5,1,0,.143,.250,.143,.393
Mark M De Rosa S,ATL,5,3,2,1,0,0,0,0,0,1,0,0,.333,.333,.333,.667
Keith K Foulke,CWS,5,0,0,0,0,0,0,0,0,0,0,0,.000,.000,.000,.000
Eddie E Guardado,MIN,5,0,0,0,0,0,0,0,0,0,0,0,.000,.000,.000,.000
Dean D Hartgraves,SF,5,0,0,0,0,0,0,0,0,0,0,0,.000,.000,.000,.000
Chris C Michalak,ARI,5,0,0,0,0,0,0,0,0,0,0,0,.000,.000,.000,.000
Jesse J Orosco,BAL,5,0,0,0,0,0,0,0,0,0,0,0,.000,.000,.000,.000
Paul P Shuey,CLE,5,1,0,0,0,0,0,0,0,0,0,0,.000,.000,.000,.000
Brian B Simmons C,CWS,5,19,4,7,0,0,2,6,0,2,0,1,.368,.368,.684,1.053
Billy B Taylor,OAK,5,0,0,0,0,0,0,0,0,0,0,0,.000,.000,.000,.000
Kevin K Witt,TOR,5,7,0,1,0,0,0,0,0,3,0,0,.143,.143,.143,.286
Bob B Wolcott,ARI,5,9,1,2,0,0,0,0,0,1,0,0,.222,.222,.222,.444
Bobby B Ayala,SEA,4,0,0,0,0,0,0,0,0,0,0,0,.000,.000,.000,.000
Greg G Cadaret,ANA,4,0,0,0,0,0,0,0,0,0,0,0,.000,.000,.000,.000
Bruce B Chen,ATL,4,7,0,1,0,0,0,1,0,4,0,0,.143,.143,.143,.286
Matt M Clement,SD,4,2,0,0,0,0,0,0,0,2,0,0,.000,.000,.000,.000
Jacob J Cruz,SF,4,4,0,0,0,0,0,0,0,3,0,0,.000,.000,.000,.000
Rich R De Lucia,ANA,4,0,0,0,0,0,0,0,0,0,0,0,.000,.000,.000,.000
Robert R Dodd,PHI,4,0,0,0,0,0,0,0,0,0,0,0,.000,.000,.000,.000
Jed J Hansen,KC,4,3,0,0,0,0,0,0,0,3,0,0,.000,.000,.000,.000
Reggie R Harris,HOU,4,0,0,0,0,0,0,0,0,0,0,0,.000,.000,.000,.000
Shigetoshi S Hasegawa,ANA,4,0,0,0,0,0,0,0,0,0,0,0,.000,.000,.000,.000
Michael M Jackson,CLE,4,0,0,0,0,0,0,0,0,0,0,0,.000,.000,.000,.000
Jose J Jimenez,STL,4,6,0,0,0,0,0,1,0,4,0,0,.000,.000,.000,.000
Scott S Klingenbeck,CIN,4,6,0,0,0,0,0,0,0,4,0,0,.000,.000,.000,.000
Braden B Looper,STL,4,0,0,0,0,0,0,0,0,0,0,0,.000,.000,.000,.000
T. J. T Mathews,OAK,4,0,0,0,0,0,0,0,0,0,0,0,.000,.000,.000,.000
Mike M Metcalfe,LA,4,1,0,0,0,0,0,0,0,1,2,0,.000,.000,.000,.000
Alan A Mills,BAL,4,0,0,0,0,0,0,0,0,0,0,0,.000,.000,.000,.000
Vladimir V Nunez,ARI,4,0,0,0,0,0,0,0,0,0,0,0,.000,.000,.000,.000
Omar O Olivares,ANA,4,2,1,0,0,0,0,0,1,1,0,0,.000,.333,.000,.333
Hector H Ortiz,KC,4,4,1,0,0,0,0,0,0,0,0,0,.000,.000,.000,.000
Dan D Plesac,TOR,4,0,0,0,0,0,0,0,0,0,0,0,.000,.000,.000,.000
Paul P Quantrill,TOR,4,0,0,0,0,0,0,0,0,0,0,0,.000,.000,.000,.000
Scott S Service,KC,4,1,0,0,0,0,0,0,0,1,0,0,.000,.000,.000,.000
Bill B Simas,CWS,4,0,0,0,0,0,0,0,0,0,0,0,.000,.000,.000,.000
Heathcliff H Slocumb,SEA,4,0,0,0,0,0,0,0,0,0,0,0,.000,.000,.000,.000
Mike M Stanton,NYY,4,1,0,0,0,0,0,0,0,0,0,0,.000,.000,.000,.000
Kennie K Steenstra,CHC,4,0,0,0,0,0,0,0,0,0,0,0,.000,.000,.000,.000
Mark M Strittmatter,COL,4,4,0,0,0,0,0,0,0,3,0,0,.000,.000,.000,.000
Chris C Turner,KC,4,9,0,0,0,0,0,0,0,4,0,0,.000,.100,.000,.100
Efrain E Valdez,ARI,4,0,0,0,0,0,0,0,0,0,0,0,.000,.000,.000,.000
Daryle D Ward,HOU,4,3,1,1,0,0,0,0,1,2,0,0,.333,.500,.333,.833
Neil N Weber,ARI,4,0,0,0,0,0,0,0,0,0,0,0,.000,.000,.000,.000
Matt M Whisenant,KC,4,0,0,0,0,0,0,0,0,0,0,0,.000,.000,.000,.000
Rick R White,TB,4,3,0,1,0,0,0,0,0,1,0,0,.333,.333,.333,.667
Scott S Bailes,TEX,3,0,0,0,0,0,0,0,0,0,0,0,.000,.000,.000,.000
James J Baldwin,CWS,3,2,0,0,0,0,0,0,0,1,0,0,.000,.000,.000,.000
Manuel M Barrios,LA,3,0,0,0,0,0,0,0,0,0,0,0,.000,.000,.000,.000
Jose J Cabrera,HOU,3,0,0,0,0,0,0,0,0,0,0,0,.000,.000,.000,.000
Carlos C Castillo,CWS,3,1,0,0,0,0,0,0,0,0,0,0,.000,.000,.000,.000
Bryan B Corey,ARI,3,0,0,0,0,0,0,0,0,0,0,0,.000,.000,.000,.000
Dean D Crow,DET,3,0,0,0,0,0,0,0,0,0,0,0,.000,.000,.000,.000
Edwin E Diaz,ARI,3,7,0,0,0,0,0,0,0,2,0,0,.000,.000,.000,.000
Tom T Fordham,CWS,3,1,0,0,0,0,0,0,0,1,0,0,.000,.000,.000,.000
Rich R Garces,BOS,3,0,0,0,0,0,0,0,0,0,0,0,.000,.000,.000,.000
Keith K Glauber,CIN,3,2,0,0,0,0,0,0,0,0,0,0,.000,.000,.000,.000
Gabe G Gonzalez,FLA,3,0,0,0,0,0,0,0,0,0,0,0,.000,.000,.000,.000
Eric E Gunderson,TEX,3,0,0,0,0,0,0,0,0,0,0,0,.000,.000,.000,.000
Chris C Hammond,FLA,3,5,0,1,0,0,0,0,0,2,0,0,.200,.200,.200,.400
Todd T Haney,NYM,3,3,0,0,0,0,0,0,1,0,0,0,.000,.250,.000,.250
Pep P Harris,ANA,3,0,0,0,0,0,0,0,0,0,0,0,.000,.000,.000,.000
Xavier X Hernandez,TEX,3,0,0,0,0,0,0,0,0,0,0,0,.000,.000,.000,.000
Roberto R Hernandez,TB,3,0,0,0,0,0,0,0,0,0,0,0,.000,.000,.000,.000
Mike M Holtz,ANA,3,0,0,0,0,0,0,0,0,0,0,0,.000,.000,.000,.000
Bob B Howry,CWS,3,0,0,0,0,0,0,0,0,0,0,0,.000,.000,.000,.000
Todd T Jones,DET,3,0,0,0,0,0,0,0,0,0,0,0,.000,.000,.000,.000
Mike M Kinkade,NYM,3,2,2,0,0,0,0,0,0,0,0,0,.000,.000,.000,.000
Sean S Lowe,STL,3,2,0,0,0,0,0,0,0,0,0,0,.000,.000,.000,.000
Terry T Mathews,BAL,3,0,0,0,0,0,0,0,0,0,0,0,.000,.000,.000,.000
Kurt K Miller,CHC,3,0,0,0,0,0,0,0,0,0,0,0,.000,.000,.000,.000
Eric E Milton,MIN,3,9,0,4,0,0,0,1,0,4,0,0,.444,.444,.444,.889
Jeff J Montgomery,KC,3,0,0,0,0,0,0,0,0,0,0,0,.000,.000,.000,.000
Jeff J Nelson,NYY,3,1,0,0,0,0,0,0,0,0,0,0,.000,.000,.000,.000
Willis W Otanez R,BAL,3,5,0,1,0,0,0,0,0,2,0,0,.200,.200,.200,.400
Troy T Percival,ANA,3,0,0,0,0,0,0,0,0,0,0,0,.000,.000,.000,.000
Robert R Person,TOR,3,0,0,0,0,0,0,0,0,0,0,0,.000,.000,.000,.000
Brady B Raggio,STL,3,1,0,0,0,0,0,0,0,0,0,0,.000,.000,.000,.000
Alex A Ramirez L,CLE,3,8,1,1,0,0,0,0,0,3,0,0,.125,.125,.125,.250
Gary G Rath,LA,3,0,0,0,0,0,0,0,0,0,0,0,.000,.000,.000,.000
Mariano M Rivera,NYY,3,0,0,0,0,0,0,0,0,0,0,0,.000,.000,.000,.000
Sean S Runyan,DET,3,0,0,0,0,0,0,0,0,0,0,0,.000,.000,.000,.000
Dan D Serafini,MIN,3,1,0,0,0,0,0,0,0,1,0,0,.000,.000,.000,.000
Dennis D Springer,TB,3,1,0,0,0,0,0,0,0,1,0,0,.000,.000,.000,.000
Jim J Stoops,COL,3,0,0,0,0,0,0,0,0,0,0,0,.000,.000,.000,.000
Mike M Timlin,SEA,3,0,0,0,0,0,0,0,0,0,0,0,.000,.000,.000,.000
Joe J Vitiello D,KC,3,7,0,1,0,0,0,0,1,2,0,0,.143,.250,.143,.393
John J Wasdin,BOS,3,0,1,0,0,0,0,0,1,0,0,0,.000,1.000,.000,1.000
Esteban E Yan,TB,3,0,0,0,0,0,0,0,0,0,0,0,.000,.000,.000,.000
Scott S Aldred,TB,2,0,0,0,0,0,0,0,0,0,0,0,.000,.000,.000,.000
Matt M Anderson,DET,2,0,0,0,0,0,0,0,0,0,0,0,.000,.000,.000,.000
Jeff J Ball,SF,2,4,0,1,0,0,0,0,0,0,0,0,.250,.250,.250,.500
Tim T Belcher,KC,2,5,1,1,0,0,0,0,0,2,0,0,.200,.200,.200,.400
Brian B Bevil,KC,2,0,0,0,0,0,0,0,0,0,0,0,.000,.000,.000,.000
Ricky R Bones,KC,2,1,0,0,0,0,0,0,0,0,0,0,.000,.000,.000,.000
Billy B Brewer,PHI,2,0,0,0,0,0,0,0,0,0,0,0,.000,.000,.000,.000
Doug D Brocail,DET,2,0,0,0,0,0,0,0,0,0,0,0,.000,.000,.000,.000
Mark M Brownson,COL,2,5,0,0,0,0,0,0,0,0,0,0,.000,.000,.000,.000
Dave D Burba,CLE,2,6,1,1,0,0,1,2,0,1,0,0,.167,.167,.667,.833
Hector H Carrasco,MIN,2,0,0,0,0,0,0,0,0,0,0,0,.000,.000,.000,.000
Tony T Castillo,CWS,2,0,0,0,0,0,0,0,0,0,0,0,.000,.000,.000,.000
Roger R Clemens,TOR,2,4,0,0,0,0,0,0,1,0,0,0,.000,.200,.000,.200
Ken K Cloude,SEA,2,3,0,0,0,0,0,0,0,0,0,0,.000,.000,.000,.000
Tim T Crabtree,TEX,2,1,0,0,0,0,0,0,0,0,0,0,.000,.000,.000,.000
Jason J Dickson,ANA,2,4,1,0,0,0,0,0,1,3,0,0,.000,.200,.000,.200
Scott S Erickson,BAL,2,2,2,0,0,0,0,0,3,2,0,0,.000,.600,.000,.600
Scott S Eyre,CWS,2,3,0,0,0,0,0,0,0,3,0,0,.000,.000,.000,.000
Chuck C Finley,ANA,2,4,0,0,0,0,0,0,0,3,0,0,.000,.000,.000,.000
Bryce B Florie,DET,2,3,0,1,0,0,0,0,2,1,0,0,.333,.600,.333,.933
Kevin K Foster,CHC,2,0,0,0,0,0,0,0,0,0,0,0,.000,.000,.000,.000
Jimmy J Haynes,OAK,2,3,1,0,0,0,0,0,1,3,0,0,.000,.250,.000,.250
Rick R Helling,TEX,2,5,0,1,0,0,0,0,0,2,0,0,.200,.200,.200,.400
Rod R Henderson,MIL,2,0,0,0,0,0,0,0,0,0,0,0,.000,.000,.000,.000
Pat P Hentgen,TOR,2,5,0,0,0,0,0,0,0,2,0,0,.000,.000,.000,.000
Orlando O Hernandez,NYY,2,7,0,0,0,0,0,0,0,5,0,0,.000,.000,.000,.000
Hideki H Irabu,NYY,2,4,0,1,0,0,0,0,0,3,0,0,.250,.250,.250,.500
Marcus M Jensen,MIL,2,2,0,0,0,0,0,0,0,2,0,0,.000,.000,.000,.000
Doug D Johns,BAL,2,2,1,2,0,0,0,0,0,0,0,0,1.000,1.000,1.000,2.000
Keith K Johns,BOS,2,0,0,0,0,0,0,0,1,0,0,0,.000,1.000,.000,1.000
Mike M Johnson,MON,2,3,0,1,0,0,0,1,0,1,0,0,.333,.333,.333,.667
Pat P Lennon R,TOR,2,4,1,2,2,0,0,0,0,1,0,0,.500,.500,1.000,1.500
Al A Levine,TEX,2,0,0,0,0,0,0,0,0,0,0,0,.000,.000,.000,.000
Albie A Lopez,TB,2,1,0,0,0,0,0,0,0,0,0,0,.000,.000,.000,.000
Derek D Lowe,BOS,2,4,0,0,0,0,0,0,1,3,0,0,.000,.200,.000,.200
Pedro P Martinez,BOS,2,7,0,0,0,0,0,0,0,5,0,0,.000,.000,.000,.000
Greg G Mc Carthy,SEA,2,0,0,0,0,0,0,0,0,0,0,0,.000,.000,.000,.000
Ramiro R Mendoza,NYY,2,0,0,0,0,0,0,0,0,0,0,0,.000,.000,.000,.000
Kevin K Millar,FLA,2,2,1,1,0,0,0,0,1,0,0,0,.500,.667,.500,1.167
Brian B Moehler,DET,2,4,1,0,0,0,0,0,0,2,0,0,.000,.000,.000,.000
Mike M Mohler,OAK,2,0,0,0,0,0,0,0,0,0,0,0,.000,.000,.000,.000
Bengie B Molina,ANA,2,1,0,0,0,0,0,0,0,0,0,0,.000,.000,.000,.000
Greg G Mullins,MIL,2,0,0,0,0,0,0,0,0,0,0,0,.000,.000,.000,.000
Charles C Nagy,CLE,2,5,0,0,0,0,0,0,0,4,0,0,.000,.000,.000,.000
Dan D Naulty,MIN,2,0,0,0,0,0,0,0,0,0,0,0,.000,.000,.000,.000
Jose J Nieves S,CHC,2,1,0,0,0,0,0,0,0,0,0,0,.000,.000,.000,.000
Jim J Parque,CWS,2,1,0,0,0,0,0,0,0,0,0,0,.000,.000,.000,.000
Andy A Pettitte,NYY,2,4,0,0,0,0,0,0,0,3,0,0,.000,.000,.000,.000
Hipolito H Pichardo,KC,2,2,0,0,0,0,0,0,0,2,0,0,.000,.000,.000,.000
Ricky R Pickett,ARI,2,0,0,0,0,0,0,0,0,0,0,0,.000,.000,.000,.000
Jim J Pittsley,KC,2,2,0,0,0,0,0,0,0,2,0,0,.000,.000,.000,.000
Sidney S Ponson,BAL,2,4,1,2,0,0,0,0,0,2,0,0,.500,.500,.500,1.000
Eddie E Priest,CIN,2,2,0,0,0,0,0,0,0,2,0,0,.000,.000,.000,.000
Fred F Rath,COL,2,2,0,0,0,0,0,0,0,1,0,0,.000,.000,.000,.000
Arthur A Rhodes,BAL,2,2,0,1,0,0,0,0,0,1,0,0,.500,.500,.500,1.000
Kevin K Ritz,COL,2,3,0,1,0,0,0,0,0,1,0,0,.333,.333,.333,.667
Kerry K Robinson L,TB,2,3,0,0,0,0,0,0,0,1,0,0,.000,.000,.000,.000
Kenny K Rogers,OAK,2,4,1,0,0,0,0,0,0,2,0,0,.000,.000,.000,.000
Bret B Saberhagen,BOS,2,5,0,0,0,0,0,0,0,2,0,0,.000,.000,.000,.000
Julio J Santana,TB,2,4,0,0,0,0,0,0,0,3,0,0,.000,.000,.000,.000
Aaron A Sele,TEX,2,4,0,1,1,0,0,0,0,0,0,0,.250,.250,.500,.750
Mike M Sirotka,CWS,2,4,0,0,0,0,0,0,1,0,0,0,.000,.200,.000,.200
Blake B Stein,OAK,2,5,0,0,0,0,0,0,0,4,0,0,.000,.000,.000,.000
Bill B Swift,SEA,2,5,0,0,0,0,0,0,0,2,0,0,.000,.000,.000,.000
Bob B Tewksbury,MIN,2,1,0,0,0,0,0,0,0,1,0,0,.000,.000,.000,.000
Justin J Thompson,DET,2,7,1,1,0,0,0,0,0,3,0,0,.143,.143,.143,.286
Chris C Tremie,TEX,2,3,2,1,1,0,0,0,1,1,0,0,.333,.500,.667,1.167
Tim T Wakefield,BOS,2,2,0,0,0,0,0,0,1,2,0,0,.000,.333,.000,.333
Woody W Williams,TOR,2,6,0,2,0,0,0,0,0,1,0,0,.333,.333,.333,.667
Jaret J Wright,CLE,2,7,2,3,0,0,0,1,0,2,0,0,.429,.429,.429,.857
Luis L Andujar,TOR,1,0,0,0,0,0,0,0,0,0,0,0,.000,.000,.000,.000
Rolando R Arrojo,TB,1,3,0,0,0,0,0,0,0,2,0,0,.000,.000,.000,.000
Doug D Bochtler,DET,1,0,0,0,0,0,0,0,0,0,0,0,.000,.000,.000,.000
Joe J Borowski,NYY,1,0,0,0,0,0,0,0,0,0,0,0,.000,.000,.000,.000
Russell R Branyan,CLE,1,4,0,0,0,0,0,0,0,2,0,0,.000,.000,.000,.000
Will W Brunson,LA,1,0,0,0,0,0,0,0,0,0,0,0,.000,.000,.000,.000
Mike M Buddie,NYY,1,0,0,0,0,0,0,0,0,0,0,0,.000,.000,.000,.000
John J Burkett,TEX,1,3,1,0,0,0,0,0,0,0,0,0,.000,.000,.000,.000
Jolbert J Cabrera S,CLE,1,2,0,0,0,0,0,0,0,1,0,0,.000,.000,.000,.000
Tom T Candiotti,OAK,1,1,0,1,1,0,0,0,0,0,0,0,1.000,1.000,2.000,3.000
Chris C Carpenter,TOR,1,1,0,0,0,0,0,0,0,0,0,0,.000,.000,.000,.000
Frank F Castillo,DET,1,1,0,0,0,0,0,0,0,0,0,0,.000,.000,.000,.000
Raul R Chavez,SEA,1,1,0,0,0,0,0,0,0,0,0,0,.000,.000,.000,.000
Bartolo B Colon,CLE,1,2,0,1,0,0,0,1,0,1,0,0,.500,.500,.500,1.000
David D Cone,NYY,1,3,1,0,0,0,0,1,0,0,0,0,.000,.000,.000,.000
Steve S Connelly,OAK,1,0,0,0,0,0,0,0,0,0,0,0,.000,.000,.000,.000
Steve S Cooke,CIN,1,2,0,1,0,0,0,0,0,0,0,0,.500,.500,.500,1.000
Will W Cunnane,SD,1,0,0,0,0,0,0,0,0,0,0,0,.000,.000,.000,.000
Ben B Davis,SD,1,1,0,0,0,0,0,0,0,0,0,0,.000,.000,.000,.000
Jim J Dougherty,OAK,1,0,0,0,0,0,0,0,0,0,0,0,.000,.000,.000,.000
Doug D Drabek,BAL,1,1,0,0,0,0,0,0,0,1,0,0,.000,.000,.000,.000
Jeff J Fassero,SEA,1,3,0,0,0,0,0,0,0,2,0,0,.000,.000,.000,.000
Mike M Figga,NYY,1,4,1,1,0,0,0,0,0,1,0,0,.250,.250,.250,.500
Lariel L Gonzalez,COL,1,0,0,0,0,0,0,0,0,0,0,0,.000,.000,.000,.000
Dwight D Gooden,CLE,1,2,0,0,0,0,0,0,0,1,0,0,.000,.000,.000,.000
Seth S Greisinger,DET,1,4,0,1,0,0,0,1,0,0,0,0,.250,.250,.250,.500
Buddy B Groom,OAK,1,0,0,0,0,0,0,0,0,0,0,0,.000,.000,.000,.000
Mike M Grzanich,HOU,1,0,0,0,0,0,0,0,0,0,0,0,.000,.000,.000,.000
Juan J Guzman,TOR,1,2,0,0,0,0,0,0,0,0,0,0,.000,.000,.000,.000
Erik E Hanson,TOR,1,0,0,0,0,0,0,0,0,0,0,0,.000,.000,.000,.000
La Troy L Hawkins,MIN,1,1,0,0,0,0,0,0,0,1,0,0,.000,.000,.000,.000
Ken K Hill,ANA,1,1,0,0,0,0,0,0,0,0,0,0,.000,.000,.000,.000
Darren D Holmes,NYY,1,0,0,0,0,0,0,0,0,0,0,0,.000,.000,.000,.000
Joe J Hudson,MIL,1,0,0,0,0,0,0,0,0,0,0,0,.000,.000,.000,.000
Jason J Johnson,TB,1,2,0,0,0,0,0,0,0,2,0,0,.000,.000,.000,.000
Stephen S Larkin,CIN,1,3,0,1,0,0,0,0,0,1,0,0,.333,.333,.333,.667
Graeme G Lloyd,NYY,1,0,0,0,0,0,0,0,0,0,0,0,.000,.000,.000,.000
Jamie J Moyer,SEA,1,2,0,0,0,0,0,0,0,0,0,0,.000,.000,.000,.000
Mike M Mussina,BAL,1,2,0,0,0,0,0,0,0,1,0,0,.000,.000,.000,.000
Jaime J Navarro,CWS,1,1,0,0,0,0,0,0,0,0,0,0,.000,.000,.000,.000
Ryan R Nye,PHI,1,0,0,0,0,0,0,0,0,0,0,0,.000,.000,.000,.000
Mike M Oquist,OAK,1,1,0,0,0,0,0,0,0,0,0,0,.000,.000,.000,.000
Brian B Powell,DET,1,1,0,0,0,0,0,0,0,1,0,0,.000,.000,.000,.000
Brad B Radke,MIN,1,2,0,0,0,0,0,0,0,1,0,0,.000,.000,.000,.000
Pat P Rapp,KC,1,2,0,0,0,0,0,0,0,1,0,0,.000,.000,.000,.000
Bill B Risley,TOR,1,0,0,0,0,0,0,0,0,0,0,0,.000,.000,.000,.000
Jose J Rosado,KC,1,2,0,1,0,0,0,0,0,0,0,0,.500,.500,.500,1.000
Glendon G Rusch,KC,1,3,0,0,0,0,0,0,0,0,0,0,.000,.000,.000,.000
A. J. A Sager,DET,1,1,0,0,0,0,0,0,0,0,0,0,.000,.000,.000,.000
Mike M Saipe,COL,1,1,0,0,0,0,0,0,1,0,0,0,.000,.500,.000,.500
Rob R Sasser,TEX,1,1,0,0,0,0,0,0,0,0,0,0,.000,.000,.000,.000
Tony T Saunders,TB,1,2,0,2,0,0,0,0,0,0,0,0,1.000,1.000,1.000,2.000
Travis T Smith,MIL,1,1,0,0,0,0,0,0,0,0,0,0,.000,.000,.000,.000
John J Snyder,CWS,1,0,0,0,0,0,0,0,0,0,0,0,.000,.000,.000,.000
Steve S Sparks,ANA,1,1,1,0,0,0,0,0,1,0,0,0,.000,.500,.000,.500
Dave D Stieb,TOR,1,1,0,0,0,0,0,0,0,0,0,0,.000,.000,.000,.000
Jarrod J Washburn,ANA,1,1,0,0,0,0,0,0,0,1,0,0,.000,.000,.000,.000
David D Wells,NYY,1,4,0,1,0,0,0,0,0,1,0,0,.250,.250,.250,.500
Bob B Wells,SEA,1,0,0,0,0,0,0,0,0,0,0,0,.000,.000,.000,.000
Tim T Worrell,DET,1,0,0,0,0,0,0,0,0,0,0,0,.000,.000,.000,.000
