PLAYER,TEAM,W,L,ERA,GS,CG,SHO,SV,SVO,IP,H,R,ER,HR,HB,BB,SO,WHIP,AVG
Michael M Jackson,SF,6,6,3.03,81,0,0,0,1,1,77.1,58,28,26,7,3,24,70,1.06,.204
Greg G Harris,BOS,6,7,3.77,80,0,0,0,8,8,112.1,95,55,47,7,10,60,103,1.38,.232
Rod R Beck,SF,3,1,2.16,76,0,0,0,48,48,79.1,57,20,19,11,3,13,86,0.88,.201
David D West,PHI,6,4,2.92,76,0,0,0,3,3,86.1,60,37,28,6,5,51,87,1.29,.194
Greg G Mc Michael,ATL,2,3,2.06,74,0,0,0,19,19,91.2,68,22,21,3,0,29,89,1.06,.206
Rob R Murphy,STL,5,7,4.87,73,0,0,0,1,1,64.2,73,37,35,8,1,20,41,1.44,.290
Randy R Myers,CHC,2,4,3.11,73,0,0,0,53,53,75.1,65,26,26,7,1,26,86,1.21,.230
Scott S Radinsky,CWS,8,2,4.28,73,0,0,0,4,4,54.2,61,33,26,3,1,19,44,1.46,.268
Paul P Assenmacher,NYY,4,3,3.38,72,0,0,0,0,0,56.0,54,21,21,5,1,22,45,1.36,.257
Xavier X Hernandez,HOU,4,5,2.61,72,0,0,0,9,9,96.2,75,37,28,6,1,28,101,1.07,.212
Tony T Fossas,BOS,1,1,5.18,71,0,0,0,0,0,40.0,38,28,23,4,2,15,39,1.33,.242
Doug D Jones,HOU,4,10,4.54,71,0,0,0,26,26,85.1,102,46,43,7,5,21,66,1.44,.298
Jeff J Nelson,SEA,5,3,4.35,71,0,0,0,1,1,60.0,57,30,29,5,8,34,61,1.52,.258
Duane D Ward,TOR,2,3,2.13,71,0,0,0,45,45,71.2,49,17,17,4,1,25,97,1.03,.193
Todd T Frohwirth,BAL,6,7,3.83,70,0,0,0,3,3,96.1,91,47,41,7,3,44,50,1.40,.256
Jeremy J Hernandez,CLE,6,7,3.63,70,0,0,0,8,8,111.2,116,52,45,14,0,34,70,1.34,.274
Roberto R Hernandez,CWS,3,4,2.29,70,0,0,0,38,38,78.2,66,21,20,6,0,20,71,1.09,.228
Eric E Plunk,CLE,4,5,2.79,70,0,0,0,15,15,71.0,61,29,22,5,0,30,77,1.28,.226
Rich R Rodriguez,FLA,2,4,3.79,70,0,0,0,3,3,76.0,73,38,32,10,2,33,43,1.39,.251
Bob B Scanlan,CHC,4,5,4.54,70,0,0,0,0,0,75.1,79,41,38,6,3,28,44,1.42,.278
John J Wetteland,MON,9,3,1.37,70,0,0,0,43,43,85.1,58,17,13,3,2,28,113,1.01,.188
Jeff J Montgomery,KC,7,5,2.27,69,0,0,0,45,45,87.1,65,22,22,3,2,23,66,1.01,.206
Bob B Mac Donald,DET,3,3,5.35,68,0,0,0,3,3,65.2,67,42,39,8,1,33,39,1.52,.268
Roger R Mason,PHI,5,12,4.06,68,0,0,0,0,0,99.2,90,48,45,10,2,34,71,1.24,.244
Trevor T Hoffman,SD,4,6,3.90,67,0,0,0,5,5,90.0,80,43,39,10,1,39,79,1.32,.234
Jeff J Innis,NYM,2,3,4.11,67,0,0,0,3,3,76.2,81,39,35,5,6,38,36,1.55,.278
Tom T Henke,TEX,5,5,2.91,66,0,0,0,40,40,74.1,55,25,24,7,1,27,79,1.10,.205
Mel M Rojas,MON,5,8,2.95,66,0,0,0,10,10,88.1,80,39,29,6,4,30,48,1.25,.242
Rick R Aguilera,MIN,4,3,3.11,65,0,0,0,34,34,72.1,60,25,25,9,1,14,59,1.02,.223
Pedro P Martinez,LA,10,5,2.61,65,2,0,0,2,2,107.0,76,34,31,5,4,57,119,1.24,.201
Blas B Minor,PIT,8,6,4.10,65,0,0,0,2,2,94.1,94,43,43,8,4,26,84,1.27,.263
Mike M Perez,STL,7,2,2.48,65,0,0,0,7,7,72.2,65,24,20,4,1,20,58,1.17,.244
Gary G Wayne,COL,5,3,5.05,65,0,0,0,1,1,62.1,68,40,35,8,1,26,49,1.51,.276
Mitch M Williams,PHI,3,7,3.34,65,0,0,0,43,43,62.0,56,30,23,3,2,44,60,1.61,.245
Larry L Andersen,PHI,3,2,2.92,64,0,0,0,0,0,61.2,54,22,20,4,1,21,67,1.22,.233
Dennis D Eckersley,OAK,2,4,4.16,64,0,0,0,36,36,67.0,67,32,31,7,2,13,80,1.19,.261
Steve S Reed,COL,9,5,4.48,64,0,0,0,3,3,84.1,80,47,42,13,3,30,51,1.30,.259
Kevin K Rogers,SF,2,2,2.68,64,0,0,0,0,0,80.2,71,28,24,3,4,28,62,1.23,.236
Stan S Belinda,KC,4,2,3.88,63,0,0,0,19,19,69.2,65,31,30,6,2,17,55,1.18,.247
Mike M Henneman,DET,5,3,2.64,63,0,0,0,24,24,71.2,69,28,21,4,2,32,58,1.41,.251
Lee L Smith,NYY,2,4,3.88,63,0,0,0,46,46,58.0,53,25,25,11,0,14,60,1.16,.239
Mike M Stanton,ATL,4,6,4.67,63,0,0,0,27,27,52.0,51,35,27,4,0,29,43,1.54,.255
Jim J Gott,LA,4,8,2.32,62,0,0,0,25,25,77.2,71,23,20,6,1,17,67,1.13,.248
Darren D Holmes,COL,3,3,4.05,62,0,0,0,25,25,66.2,56,31,30,6,2,20,60,1.14,.222
Joe J Boever,DET,6,3,3.61,61,0,0,0,3,3,102.1,101,50,41,9,4,44,63,1.42,.260
Mark M Davis,SD,1,5,4.26,60,0,0,0,4,4,69.2,79,37,33,10,1,44,70,1.77,.285
Matt M Whiteside,TEX,2,1,4.32,60,0,0,0,1,1,73.0,78,37,35,7,1,23,39,1.38,.281
Gene G Harris,SD,6,6,3.03,59,0,0,0,23,23,59.1,57,27,20,3,1,37,39,1.58,.256
Bryan B Harvey,FLA,1,5,1.70,59,0,0,0,45,45,69.0,45,14,13,4,0,13,73,0.84,.186
Joe J Klink,FLA,0,2,5.02,59,0,0,0,0,0,37.2,37,22,21,0,0,24,22,1.62,.266
Bruce B Ruffin,COL,6,5,3.80,59,12,0,0,2,2,139.2,145,70,59,10,1,69,126,1.53,.269
Jose J Bautista,CHC,10,3,2.82,58,7,1,0,2,2,111.2,105,38,35,11,5,27,63,1.18,.250
Mike M Maddux,NYM,3,8,3.60,58,0,0,0,5,5,75.0,67,34,30,3,4,27,57,1.25,.243
Omar O Olivares,STL,5,3,4.17,58,9,0,0,1,1,118.2,134,60,55,10,9,54,63,1.58,.288
Jeff J Reardon,CIN,4,6,4.09,58,0,0,0,8,8,61.2,66,34,28,4,5,10,35,1.23,.270
Richie R Lewis,FLA,6,3,3.26,57,0,0,0,0,0,77.1,68,37,28,7,1,43,65,1.44,.239
Jesse J Orosco,MIL,3,5,3.18,57,0,0,0,8,8,56.2,47,25,20,2,3,17,67,1.13,.224
Dan D Plesac,CHC,2,1,4.74,57,0,0,0,0,0,62.2,74,37,33,10,0,21,47,1.52,.298
Cris C Carpenter,TEX,4,2,3.50,56,0,0,0,1,1,69.1,64,30,27,5,4,25,53,1.28,.248
Jeff J Fassero,MON,12,5,2.29,56,15,1,0,1,1,149.2,119,50,38,7,0,54,140,1.16,.216
Derek D Lilliquist,CLE,4,4,2.25,56,2,0,0,10,10,64.0,64,20,16,5,1,19,40,1.30,.264
Ed E Nunez,OAK,3,6,3.81,56,0,0,0,1,1,75.2,89,36,32,2,6,29,58,1.56,.298
Tim T Scott,MON,7,2,3.01,56,0,0,0,1,1,71.2,69,28,24,4,4,34,65,1.44,.253
Steve S Frey,CAL,2,3,2.98,55,0,0,0,13,13,48.1,41,20,16,1,3,26,22,1.39,.230
Graeme G Lloyd,MIL,3,4,2.83,55,0,0,0,0,0,63.2,64,24,20,5,3,13,31,1.21,.256
Jim J Poole,BAL,2,1,2.15,55,0,0,0,2,2,50.1,30,18,12,2,0,21,29,1.01,.175
Jeff J Shaw,MON,2,7,4.14,55,8,0,0,0,0,95.2,91,47,44,12,7,32,50,1.29,.254
Matt M Turner,FLA,4,5,2.91,55,0,0,0,0,0,68.0,55,23,22,7,1,26,59,1.19,.227
Dave D Burba,SF,10,3,4.25,54,5,0,0,0,0,95.1,95,49,45,14,3,37,88,1.38,.265
Larry L Casian,MIN,5,3,3.02,54,0,0,0,1,1,56.2,59,23,19,1,1,14,31,1.29,.268
Mark M Eichhorn,TOR,3,1,2.72,54,0,0,0,0,0,72.2,76,26,22,3,3,22,47,1.35,.272
Doug D Henry,MIL,4,4,5.56,54,0,0,0,17,17,55.0,67,37,34,7,3,25,38,1.67,.300
Jay J Howell,ATL,3,3,2.31,54,0,0,0,0,0,58.1,48,16,15,3,0,16,37,1.10,.229
Roger R Mc Dowell,LA,5,3,2.25,54,0,0,0,2,2,68.0,76,32,17,2,2,30,27,1.56,.288
Mike M Timlin,TOR,4,2,4.69,54,0,0,0,1,1,55.2,63,32,29,7,1,27,49,1.62,.284
Jeff J Brantley,SF,5,6,4.28,53,12,0,0,0,0,113.2,112,60,54,19,7,46,76,1.39,.259
Mike M Hartley,MIN,1,2,4.00,53,0,0,0,1,1,81.0,86,38,36,4,7,36,57,1.51,.281
Carl C Willis,MIN,3,0,3.10,53,0,0,0,5,5,58.0,56,23,20,2,0,17,44,1.26,.259
Brian B Barnes,MON,2,6,4.41,52,8,0,0,3,3,100.0,105,53,49,9,0,48,60,1.53,.274
Rick R Honeycutt,OAK,1,4,2.81,52,0,0,0,1,1,41.2,30,18,13,2,1,20,21,1.20,.211
Craig C Lefferts,TEX,3,9,6.05,52,8,0,0,0,0,83.1,102,57,56,17,1,28,58,1.56,.304
Gene G Nelson,TEX,0,5,3.12,52,0,0,0,5,5,60.2,60,28,21,3,2,24,35,1.38,.259
Bob B Patterson,TEX,2,4,4.78,52,0,0,0,1,1,52.2,59,28,28,8,1,11,46,1.33,.282
Tony T Castillo,TOR,3,2,3.38,51,0,0,0,0,0,50.2,44,19,19,4,0,22,28,1.30,.242
Steve S Howe,NYY,3,5,4.97,51,0,0,0,4,4,50.2,58,31,28,7,3,10,19,1.34,.297
Dave D Righetti,SF,1,1,5.70,51,0,0,0,1,1,47.1,58,31,30,11,1,17,31,1.58,.305
Jeff J Russell,BOS,1,4,2.70,51,0,0,0,33,33,46.2,39,16,14,1,1,14,45,1.14,.231
Les L Lancaster,STL,4,1,2.93,50,0,0,0,0,0,61.1,56,24,20,5,1,21,36,1.26,.242
Denny D Neagle,PIT,3,5,5.31,50,7,0,0,1,1,81.1,82,49,48,10,3,37,73,1.46,.258
Gregg G Olson,BAL,0,2,1.60,50,0,0,0,29,29,45.0,37,9,8,1,0,18,44,1.22,.223
Steve S Bedrosian,ATL,5,2,1.63,49,0,0,0,0,0,49.2,34,11,9,4,2,14,33,0.97,.194
Todd T Burns,STL,0,8,5.08,49,5,0,0,0,0,95.2,95,57,54,14,2,41,45,1.42,.260
Steve S Farr,NYY,2,2,4.21,49,0,0,0,25,25,47.0,44,22,22,8,2,28,39,1.53,.253
Mark M Gubicza,KC,5,8,4.66,49,6,0,0,2,2,104.1,128,61,54,2,2,43,80,1.64,.307
Chuck C Mc Elroy,CHC,2,2,4.56,49,0,0,0,0,0,47.1,51,30,24,4,1,25,31,1.61,.280
Paul P Quantrill,BOS,6,12,3.91,49,14,1,1,1,1,138.0,151,73,60,13,2,44,66,1.41,.279
Tom T Gordon,KC,12,6,3.58,48,14,2,0,1,1,155.2,125,65,62,11,1,77,143,1.30,.223
John J Habyan,KC,2,1,4.15,48,0,0,0,1,1,56.1,59,27,26,6,0,20,39,1.40,.272
Mark M Williamson,BAL,7,5,4.91,48,1,0,0,0,0,88.0,106,54,48,5,0,25,45,1.49,.304
Greg G Cadaret,KC,3,2,4.31,47,0,0,0,1,1,48.0,54,24,23,3,2,30,25,1.75,.293
Omar O Daal,LA,2,3,5.09,47,0,0,0,0,0,35.1,36,20,20,5,0,21,19,1.61,.277
Bryan B Hickerson,SF,7,5,4.26,47,15,0,0,0,0,120.1,137,58,57,14,1,39,69,1.46,.291
Donn D Pall,PHI,3,3,3.07,47,0,0,0,1,1,76.1,77,32,26,6,2,14,40,1.19,.260
Ken K Ryan,BOS,7,2,3.60,47,0,0,0,1,1,50.0,43,23,20,2,3,29,49,1.44,.235
Willie W Blair,COL,6,10,4.75,46,18,1,0,0,0,146.0,184,90,77,20,3,42,84,1.55,.306
Billy B Brewer,KC,2,2,3.46,46,0,0,0,0,0,39.0,31,16,15,6,0,20,28,1.31,.230
Jerry J Dipoto,CLE,4,4,2.40,46,0,0,0,11,11,56.1,57,21,15,0,1,30,41,1.54,.270
Ken K Patterson,CAL,1,1,4.58,46,0,0,0,1,1,59.0,54,30,30,7,0,35,36,1.51,.249
Mark M Wohlers,ATL,6,2,4.50,46,0,0,0,0,0,48.0,37,25,24,2,1,22,45,1.23,.218
Rob R Dibble,CIN,1,4,6.48,45,0,0,0,19,19,41.2,34,33,30,8,2,42,49,1.82,.225
Mike M Fetters,MIL,3,3,3.34,45,0,0,0,0,0,59.1,59,29,22,4,2,22,23,1.37,.278
Joe J Grahe,CAL,4,1,2.86,45,0,0,0,11,11,56.2,54,22,18,5,2,25,31,1.39,.251
Alan A Mills,BAL,5,4,3.23,45,0,0,0,4,4,100.1,80,39,36,14,4,51,68,1.31,.225
Ted T Power,SEA,2,4,5.36,45,0,0,0,13,13,45.1,57,28,27,3,0,17,27,1.63,.310
Danny D Cox,TOR,7,6,3.12,44,0,0,0,2,2,83.2,73,31,29,8,0,29,84,1.22,.230
Al A Osuna,HOU,1,1,3.20,44,0,0,0,2,2,25.1,17,10,9,3,1,13,21,1.18,.200
Mike M Trombley,MIN,6,6,4.88,44,10,0,0,2,2,114.1,131,72,62,15,3,41,85,1.50,.290
Paul P Wagner,PIT,8,8,4.27,44,17,1,1,2,2,141.1,143,72,67,15,1,42,114,1.31,.263
Kevin K Wickander,CIN,1,0,6.09,44,0,0,0,0,0,34.0,47,27,23,8,2,22,23,2.03,.324
Bobby B Ayala,CIN,7,10,5.60,43,9,0,0,3,3,98.0,106,72,61,16,7,45,65,1.54,.274
Tom T Bolton,DET,6,6,4.47,43,8,0,0,0,0,102.2,113,57,51,5,7,45,66,1.54,.282
Storm S Davis,DET,2,8,5.05,43,8,0,0,4,4,98.0,93,57,55,9,3,48,73,1.44,.250
Kent K Mercker,ATL,3,1,2.86,43,6,0,0,0,0,66.0,52,24,21,2,2,36,59,1.33,.214
Kelly K Downs,OAK,5,10,5.64,42,12,0,0,0,0,119.2,135,80,75,14,2,60,66,1.63,.287
Mike M Mohler,OAK,1,6,5.60,42,9,0,0,0,0,64.1,57,45,40,10,2,44,42,1.57,.241
Rich R Monteleone,NYY,7,4,4.94,42,0,0,0,0,0,85.2,85,52,47,14,0,35,50,1.40,.262
Bobby B Thigpen,PHI,3,1,5.83,42,0,0,0,1,1,54.0,74,38,35,7,6,21,29,1.76,.335
Brian B Williams,HOU,4,4,4.83,42,5,0,0,3,3,82.0,76,48,44,7,4,38,56,1.39,.248
Pete P Schourek,NYM,5,12,5.96,41,18,0,0,0,0,128.1,168,90,85,13,3,45,72,1.66,.319
Jeff J Schwarz,CWS,2,2,3.71,41,0,0,0,0,0,51.0,35,21,21,1,3,38,41,1.43,.201
Ricky R Trlicek,LA,1,2,4.08,41,0,0,0,1,1,64.0,59,32,29,3,2,21,41,1.25,.244
George G Tsamis,MIN,1,2,6.19,41,0,0,0,1,1,68.1,86,51,47,9,3,27,30,1.65,.317
Bob B Wickman,NYY,14,4,4.63,41,19,1,1,4,4,140.0,156,82,72,13,5,69,70,1.61,.284
Scott S Bankhead,BOS,2,1,3.50,40,0,0,0,0,0,64.1,59,28,25,7,0,29,47,1.37,.250
Lee L Guetterman,STL,3,3,2.93,40,0,0,0,1,1,46.0,41,18,15,1,2,16,19,1.24,.240
Vince V Horsman,OAK,2,0,5.40,40,0,0,0,0,0,25.0,25,15,15,2,3,15,17,1.60,.255
Jeff J Parrett,COL,3,3,5.38,40,6,0,0,1,1,73.2,78,47,44,6,2,45,66,1.67,.274
Shawn S Boskie,CHC,5,3,3.43,39,2,0,0,0,0,65.2,63,30,25,7,7,21,39,1.28,.258
Rich R Gossage,OAK,4,5,4.53,39,0,0,0,1,1,47.2,49,24,24,6,1,26,40,1.57,.266
Tom T Kramer,CLE,7,3,4.02,39,16,1,0,0,0,121.0,126,60,54,19,2,59,71,1.53,.269
Anthony A Young,NYM,1,16,3.77,39,10,1,0,3,3,100.1,103,62,42,8,1,42,62,1.45,.265
Luis L Aquino,FLA,6,8,3.42,38,13,0,0,0,0,110.2,115,43,42,6,5,40,67,1.40,.276
Rheal R Cormier,STL,7,6,4.33,38,21,1,0,0,0,145.1,163,80,70,18,4,27,75,1.31,.284
Tom T Edens,HOU,1,1,3.12,38,0,0,0,0,0,49.0,47,17,17,4,0,19,21,1.35,.263
Bobby B Munoz,NYY,3,3,5.32,38,0,0,0,0,0,45.2,48,27,27,1,0,26,33,1.62,.270
Kent K Bottenfield,COL,5,10,5.07,37,25,1,0,0,0,159.2,179,102,90,24,6,71,63,1.57,.294
Jerry J Spradlin,CIN,2,1,3.49,37,0,0,0,2,2,49.0,44,20,19,4,0,9,24,1.08,.249
Jack J Armstrong,FLA,9,17,4.49,36,33,0,0,0,0,196.1,210,105,98,29,7,78,118,1.47,.271
Brian B Bohanon,TEX,4,4,4.76,36,8,0,0,0,0,92.2,107,54,49,8,4,46,45,1.65,.296
Cal C Eldred,MIL,16,16,4.01,36,36,8,1,0,0,258.0,232,120,115,32,10,91,180,1.25,.239
Tom T Glavine,ATL,22,6,3.20,36,36,4,2,0,0,239.1,236,91,85,16,2,90,120,1.36,.259
Greg G Maddux,ATL,20,10,2.36,36,36,8,1,0,0,267.0,228,85,70,14,6,52,197,1.05,.232
Tim T Mauser,SD,0,1,4.00,36,0,0,0,0,0,54.0,51,28,24,6,1,24,46,1.39,.245
Mike M Moore,DET,13,9,5.22,36,36,4,3,0,0,213.2,227,135,124,35,3,89,89,1.48,.271
Jose J Rijo,CIN,14,9,2.48,36,36,2,1,0,0,257.1,218,76,71,19,2,62,227,1.09,.230
Kevin K Tapani,MIN,12,15,4.43,36,35,3,1,0,0,225.2,243,123,111,21,6,57,150,1.33,.272
Kerry K Taylor,SD,0,5,6.45,36,7,0,0,0,0,68.1,72,53,49,5,4,49,45,1.77,.277
Steve S Avery,ATL,18,6,2.94,35,35,3,1,0,0,223.1,216,81,73,14,0,43,125,1.16,.261
Jose J De Leon,CWS,3,0,2.98,35,3,0,0,0,0,57.1,44,27,19,7,6,30,40,1.29,.218
Chuck C Finley,CAL,16,14,3.15,35,35,13,2,0,0,251.1,243,108,88,22,6,82,187,1.29,.253
John J Franco,NYM,4,3,5.20,35,0,0,0,10,10,36.1,46,24,21,6,1,19,29,1.79,.313
Greg G Harris,COL,11,17,4.59,35,35,4,0,0,0,225.1,239,127,115,33,7,69,123,1.37,.271
Randy R Johnson,SEA,19,8,3.24,35,34,10,3,1,1,255.1,185,97,92,22,16,99,308,1.11,.203
Mark M Langston,CAL,16,11,3.20,35,35,7,0,0,0,256.1,220,100,91,22,1,85,196,1.19,.234
Dennis D Martinez,MON,15,9,3.85,35,34,2,0,1,1,224.2,211,110,96,27,11,64,138,1.22,.246
Jaime J Navarro,MIL,11,12,5.33,35,34,5,1,0,0,214.1,254,135,127,21,11,73,114,1.53,.300
Kenny K Rogers,TEX,16,10,4.10,35,33,5,0,0,0,208.1,210,108,95,18,4,71,140,1.35,.263
John J Smoltz,ATL,15,11,3.62,35,35,3,1,0,0,243.2,208,104,98,23,6,100,208,1.26,.230
Bobby B Witt,OAK,14,13,4.21,35,33,5,1,0,0,220.0,226,112,103,16,3,91,131,1.44,.269
Todd T Worrell,LA,1,1,6.05,35,0,0,0,5,5,38.2,46,28,26,6,0,11,31,1.47,.313
Kevin K Appier,KC,18,8,2.56,34,34,5,1,0,0,238.2,183,74,68,8,1,81,186,1.11,.212
Tim T Belcher,CWS,12,11,4.44,34,33,5,3,0,0,208.2,198,108,103,19,8,74,135,1.30,.250
Andy A Benes,SD,15,15,3.78,34,34,4,2,0,0,230.2,200,111,97,23,4,86,179,1.24,.232
Kevin K Brown,TEX,15,12,3.59,34,34,12,3,0,0,233.0,228,105,93,14,15,74,142,1.30,.252
John J Burkett,SF,22,7,3.65,34,34,2,1,0,0,231.2,224,100,94,18,11,40,145,1.14,.255
Norm N Charlton,SEA,1,3,2.34,34,0,0,0,18,18,34.2,22,12,9,4,0,17,48,1.13,.179
David D Cone,KC,11,14,3.33,34,34,6,1,0,0,254.0,205,102,94,20,10,114,191,1.26,.223
Danny D Darwin,BOS,15,11,3.26,34,34,2,1,0,0,229.1,196,93,83,31,3,49,130,1.07,.230
John J Dopson,BOS,7,11,4.97,34,28,1,1,0,0,155.2,170,93,86,16,2,59,89,1.47,.281
Doug D Drabek,HOU,9,18,3.79,34,34,7,2,0,0,237.2,242,108,100,18,3,60,157,1.27,.267
Scott S Erickson,MIN,8,19,5.19,34,34,1,0,0,0,218.2,266,138,126,17,10,71,116,1.54,.305
Alex A Fernandez,CWS,18,9,3.13,34,34,3,1,0,0,247.1,221,95,86,27,6,67,169,1.16,.240
Mike M Gardiner,DET,2,3,4.93,34,2,0,0,0,0,49.1,52,33,27,3,1,26,25,1.58,.271
Dwayne D Henry,SEA,2,2,6.44,34,1,0,0,2,2,58.2,62,48,42,6,2,39,37,1.72,.273
Pat P Hentgen,TOR,19,9,3.87,34,32,3,0,0,0,216.1,215,103,93,27,7,74,122,1.34,.258
Charlie C Hough,FLA,9,16,4.27,34,34,0,0,0,0,204.1,202,109,97,20,8,71,126,1.34,.259
Jimmy J Key,NYY,18,6,3.00,34,34,4,2,0,0,236.2,219,84,79,26,1,43,173,1.11,.246
Al A Leiter,TOR,9,6,4.11,34,12,1,1,2,2,105.0,93,52,48,8,4,56,66,1.42,.240
Ben B Mc Donald,BAL,13,14,3.39,34,34,7,1,0,0,220.1,185,92,83,17,5,86,171,1.23,.228
Jack J Mc Dowell,CWS,22,10,3.37,34,34,10,4,0,0,256.2,261,104,96,20,3,69,158,1.29,.266
Jose J Mesa,CLE,10,12,4.92,34,33,3,0,0,0,208.2,232,122,114,21,7,62,118,1.41,.286
Brad B Pennington,BAL,3,2,6.55,34,0,0,0,4,4,33.0,34,25,24,7,2,25,39,1.79,.266
Curt C Schilling,PHI,16,7,4.02,34,34,7,2,0,0,235.1,234,114,105,23,4,57,186,1.24,.259
Bill B Swift,SF,21,8,2.82,34,34,1,1,0,0,232.2,195,82,73,18,6,55,157,1.07,.226
Bill B Wertz,CLE,2,3,3.62,34,0,0,0,0,0,59.2,54,28,24,5,1,32,53,1.44,.238
Tom T Candiotti,LA,8,10,3.12,33,32,2,0,0,0,213.2,192,86,74,12,6,71,155,1.23,.241
Kevin K Gross,LA,13,13,4.14,33,32,3,0,0,0,202.1,224,110,93,15,5,74,150,1.47,.282
Juan J Guzman,TOR,14,3,3.99,33,33,2,1,0,0,221.0,211,107,98,17,3,110,194,1.45,.252
Pete P Harnisch,HOU,16,9,2.98,33,33,5,4,0,0,217.2,171,84,72,20,6,79,185,1.15,.214
Orel O Hershiser,LA,12,14,3.59,33,33,5,1,0,0,215.2,201,106,86,17,7,72,141,1.27,.246
Joel J Johnston,PIT,2,4,3.38,33,0,0,0,2,2,53.1,38,20,20,7,0,19,31,1.07,.203
Tim T Leary,SEA,11,9,5.05,33,27,0,0,0,0,169.1,202,104,95,21,8,58,68,1.54,.300
Mark M Portugal,HOU,18,4,2.77,33,33,1,1,0,0,208.0,194,75,64,10,4,77,131,1.30,.248
Dennis D Powell,SEA,0,0,4.15,33,2,0,0,0,0,47.2,42,22,22,7,1,24,32,1.38,.255
Jim J Abbott,NYY,11,14,4.37,32,32,4,1,0,0,214.0,221,115,104,22,3,73,95,1.37,.271
Rene R Arocha,STL,11,8,3.78,32,29,1,0,0,0,188.0,197,89,79,20,3,31,96,1.21,.271
Andy A Ashby,SD,3,10,6.80,32,21,0,0,1,1,123.0,168,100,93,19,4,56,77,1.82,.333
Ricky R Bones,MIL,11,11,4.86,32,31,3,0,0,0,203.2,222,122,110,28,8,63,63,1.40,.278
Steve S Cooke,PIT,10,10,3.89,32,32,3,1,0,0,210.2,207,101,91,22,3,59,132,1.26,.258
Jim J Deshaies,SF,13,15,4.39,32,31,1,0,0,0,184.1,183,94,90,26,7,57,85,1.30,.264
John J Doherty,DET,14,11,4.44,32,31,3,2,0,0,184.2,205,104,91,19,5,48,63,1.37,.286
Chris C Hammond,FLA,11,12,4.66,32,32,1,0,0,0,191.0,207,106,99,18,1,66,108,1.43,.277
Danny D Jackson,PHI,12,11,3.77,32,32,2,1,0,0,210.1,214,105,88,12,4,80,120,1.40,.263
Darryl D Kile,HOU,15,8,3.51,32,26,4,2,0,0,171.2,152,73,67,12,15,69,141,1.29,.239
Bill B Krueger,DET,6,4,3.40,32,7,0,0,0,0,82.0,90,43,31,6,4,30,60,1.46,.285
Pedro P Martinez,SD,3,1,2.43,32,0,0,0,0,0,37.0,23,11,10,4,1,13,32,0.97,.172
Ramon R Martinez,LA,10,12,3.44,32,32,4,3,0,0,211.2,202,88,81,15,4,104,127,1.45,.255
Mike M Morgan,CHC,10,15,4.03,32,32,1,1,0,0,207.2,206,100,93,15,7,74,111,1.35,.262
Scott S Sanderson,SF,11,13,4.21,32,29,4,1,0,0,184.0,201,97,86,27,6,34,102,1.28,.280
Frank F Tanana,NYY,7,17,4.35,32,32,0,0,0,0,202.2,216,110,98,28,9,55,116,1.34,.273
Bob B Tewksbury,STL,17,10,3.83,32,32,2,0,0,0,213.2,258,99,91,15,6,20,97,1.30,.301
Fernando F Valenzuela,BAL,8,10,4.94,32,31,5,2,0,0,178.2,179,104,98,18,4,79,78,1.44,.266
Bob B Walk,PIT,13,14,5.68,32,32,3,0,0,0,187.0,214,121,118,23,5,70,80,1.52,.294
David D Wells,DET,11,9,4.19,32,30,0,0,0,0,187.0,183,93,87,26,7,42,139,1.20,.254
Wilson W Alvarez,CWS,15,8,2.95,31,31,1,1,0,0,207.2,168,78,68,14,7,122,155,1.40,.230
Pedro P Astacio,LA,14,9,3.57,31,31,3,2,0,0,186.1,165,80,74,14,5,68,122,1.25,.239
Jim J Austin,MIL,1,2,3.82,31,0,0,0,0,0,33.0,28,15,14,3,1,13,15,1.24,.230
Willie W Banks,MIN,11,12,4.04,31,30,0,0,0,0,171.1,186,91,77,17,3,78,138,1.54,.280
Ron R Darling,OAK,5,9,5.16,31,29,3,0,0,0,178.0,198,107,102,22,5,72,95,1.52,.281
Tommy T Greene,PHI,16,4,3.42,31,30,7,2,0,0,200.0,175,84,76,12,3,62,167,1.19,.233
Erik E Hanson,SEA,11,12,3.47,31,30,7,0,0,0,215.0,215,91,83,17,5,60,163,1.28,.263
Greg G Hibbard,CHC,15,11,3.96,31,31,1,0,0,0,191.0,209,96,84,19,3,47,82,1.34,.286
Tim T Pugh,CIN,10,15,5.26,31,27,3,1,0,0,164.1,200,102,96,19,7,59,94,1.58,.303
Greg G Swindell,HOU,12,13,4.16,31,30,1,1,0,0,190.1,215,98,88,24,1,40,124,1.34,.283
Rich R De Lucia,SEA,3,6,4.64,30,1,0,0,0,0,42.2,46,24,22,5,1,23,48,1.62,.272
Jose J Guzman,CHC,12,10,4.34,30,30,2,1,0,0,191.0,188,98,92,25,3,74,163,1.37,.258
Butch B Henry,MON,3,9,6.12,30,16,1,0,0,0,103.0,135,76,70,15,1,28,47,1.58,.317
Scott S Kamieniecki,NYY,10,7,4.08,30,20,2,0,1,1,154.1,163,73,70,17,3,59,72,1.44,.277
Kurt K Knudsen,DET,3,2,4.78,30,0,0,0,2,2,37.2,41,22,20,9,4,16,29,1.51,.281
Joe J Magrane,CAL,11,12,4.66,30,28,0,0,0,0,164.0,175,95,85,19,5,58,62,1.42,.280
Kirk K Mc Caskill,CWS,4,8,5.23,30,14,0,0,2,2,113.2,144,71,66,12,1,36,65,1.58,.313
Hipolito H Pichardo,KC,7,8,4.04,30,25,2,0,0,0,165.0,183,85,74,10,6,53,70,1.43,.282
Armando A Reynoso,COL,12,11,4.00,30,30,4,0,0,0,189.0,206,101,84,22,9,63,117,1.42,.277
Ben B Rivera,PHI,13,9,5.02,30,28,1,1,0,0,163.0,175,99,91,16,6,85,123,1.60,.273
Heathcliff H Slocumb,CLE,4,1,4.03,30,0,0,0,0,0,38.0,35,19,17,3,0,20,22,1.45,.250
Todd T Stottlemyre,TOR,11,12,4.84,30,28,1,1,0,0,176.2,204,107,95,11,3,69,98,1.55,.292
Bob B Welch,OAK,9,11,5.29,30,28,0,0,0,0,166.2,208,102,98,25,7,56,63,1.58,.310
Woody W Williams,TOR,3,1,4.38,30,0,0,0,0,0,37.0,40,18,18,2,1,22,24,1.68,.274
Chris C Bosio,SEA,9,9,3.45,29,24,3,1,1,1,164.1,138,75,63,14,6,59,119,1.20,.229
Frank F Castillo,CHC,5,8,4.84,29,25,2,0,0,0,141.1,162,83,76,20,9,39,84,1.42,.293
Roger R Clemens,BOS,11,14,4.46,29,29,2,1,0,0,191.2,175,99,95,17,11,67,160,1.26,.244
Mike M Draper,NYM,1,1,4.25,29,1,0,0,0,0,42.1,53,22,20,2,0,14,16,1.58,.327
Dwight D Gooden,NYM,12,15,3.45,29,29,7,2,0,0,208.2,188,89,80,16,9,61,149,1.19,.242
Carlos C Maldonado,MIL,2,2,4.58,29,0,0,0,1,1,37.1,40,20,19,2,0,17,18,1.53,.282
Terry T Mulholland,PHI,12,9,3.25,29,28,7,2,0,0,191.0,177,80,69,20,3,40,116,1.14,.241
Mike M Munoz,COL,2,2,4.71,29,0,0,0,0,0,21.0,25,14,11,2,0,15,17,1.90,.309
Scott S Service,CIN,2,2,4.30,29,0,0,0,2,2,46.0,44,23,22,6,2,16,43,1.30,.254
Rick R Sutcliffe,BAL,10,10,5.75,29,28,3,0,0,0,166.0,212,112,106,23,6,74,80,1.72,.314
Frank F Viola,BOS,11,8,3.14,29,29,2,1,0,0,183.2,180,76,64,12,6,72,91,1.37,.259
Paul P Gibson,NYY,3,1,3.48,28,0,0,0,0,0,44.0,45,21,17,5,0,11,37,1.27,.265
Bill B Gullickson,DET,13,9,5.37,28,28,2,0,0,0,159.1,186,106,95,28,3,44,70,1.44,.291
Mike M Harkey,CHC,10,10,5.26,28,28,1,0,0,0,157.1,187,100,92,17,3,43,67,1.46,.305
Joe J Hesketh,BOS,3,4,5.06,28,5,0,0,1,1,53.1,62,35,30,4,0,29,34,1.71,.294
Ken K Hill,MON,9,7,3.23,28,28,2,0,0,0,183.2,163,84,66,7,6,74,90,1.29,.238
Dave D Otto,PIT,3,4,5.03,28,8,0,0,0,0,68.0,85,40,38,9,3,28,30,1.66,.317
Ryan R Bowen,FLA,8,12,4.42,27,27,2,1,0,0,156.2,156,83,77,11,3,87,98,1.55,.263
Pat P Gomez,SD,1,2,5.12,27,1,0,0,0,0,31.2,35,19,18,2,0,19,26,1.71,.294
Eric E Hillman,NYM,2,9,3.97,27,22,3,1,0,0,145.0,173,83,64,12,4,24,60,1.36,.299
Mike M Ignasiak,MIL,1,1,3.65,27,0,0,0,0,0,37.0,32,17,15,2,2,21,28,1.43,.241
Todd T Jones,HOU,1,2,3.13,27,0,0,0,2,2,37.1,28,14,13,4,1,15,25,1.15,.214
Mark M Leiter,DET,6,6,4.73,27,13,1,0,0,0,106.2,111,61,56,17,3,44,70,1.45,.267
Marcus M Moore,COL,3,1,7.18,27,0,0,0,0,0,26.1,30,26,21,4,1,20,13,1.90,.291
Jack J Morris,TOR,7,12,6.19,27,27,4,1,0,0,152.2,189,116,105,18,3,65,103,1.66,.302
Mark M Clark,CLE,7,5,4.28,26,15,1,0,0,0,109.1,119,55,52,18,1,25,57,1.32,.279
Dave D Fleming,SEA,12,5,4.36,26,26,1,1,0,0,167.1,189,84,81,15,6,67,75,1.53,.290
Charlie C Leibrandt,TEX,9,10,4.55,26,26,1,0,0,0,150.1,169,84,76,15,4,45,89,1.42,.284
Chris C Nabholz,MON,9,8,4.09,26,21,1,0,0,0,116.2,100,57,53,9,8,63,74,1.40,.236
Donovan D Osborne,STL,10,7,3.76,26,26,1,0,0,0,155.2,153,73,65,18,7,47,83,1.28,.257
Roger R Pavlik,TEX,12,6,3.41,26,26,2,0,0,0,166.1,151,67,63,18,5,80,131,1.39,.245
Mark M Petkovsek,PIT,3,0,6.96,26,0,0,0,0,0,32.1,43,25,25,7,0,9,14,1.61,.328
Dave D Stewart,TOR,12,8,4.44,26,26,0,0,0,0,162.0,146,86,80,23,4,72,96,1.35,.242
Jeff J Ballard,PIT,4,1,4.86,25,5,0,0,0,0,53.2,70,31,29,3,2,15,16,1.58,.332
Dennis D Cook,CLE,5,5,5.67,25,6,0,0,0,0,54.0,62,36,34,9,2,16,34,1.44,.295
Scott S Fredrickson,COL,0,1,6.21,25,0,0,0,0,0,29.0,33,25,20,3,1,17,20,1.72,.287
Jamie J Moyer,BAL,12,9,3.43,25,25,3,1,0,0,152.0,154,63,58,11,6,38,90,1.26,.265
Mike M Mussina,BAL,14,6,4.46,25,25,3,2,0,0,167.2,163,84,83,20,3,44,117,1.23,.256
Melido M Perez,NYY,6,14,5.19,25,25,0,0,0,0,163.0,173,103,94,22,1,64,148,1.45,.267
Steve S Wilson,LA,1,0,4.56,25,0,0,0,1,1,25.2,30,13,13,2,1,14,23,1.71,.288
Bob B Ayrault,SEA,3,1,5.40,24,0,0,0,0,0,30.0,36,19,18,2,1,16,15,1.73,.303
Jason J Bere,CWS,12,5,3.47,24,24,1,0,0,0,142.2,109,60,55,12,5,81,129,1.33,.210
Doug D Brocail,SD,4,13,4.56,24,24,0,0,0,0,128.1,143,75,65,16,4,42,70,1.44,.283
John J Candelaria,PIT,0,3,8.24,24,0,0,0,1,1,19.2,25,19,18,2,1,9,17,1.73,.313
Robb R Nen,FLA,2,1,6.75,24,4,0,0,0,0,56.0,63,45,42,6,0,46,39,1.95,.283
Dave D Telgheder,NYM,6,2,4.76,24,7,0,0,0,0,75.2,82,40,40,10,4,21,35,1.36,.276
Tim T Wakefield,PIT,6,11,5.61,24,20,3,2,0,0,128.1,145,83,80,14,9,75,59,1.71,.291
Mike M Butcher,CAL,1,0,2.86,23,0,0,0,8,8,28.1,21,12,9,2,2,15,24,1.27,.204
Chris C Haney,KC,9,9,6.02,23,23,1,1,0,0,124.0,141,87,83,13,3,53,65,1.56,.286
Doug D Linton,CAL,2,1,7.36,23,1,0,0,0,0,36.2,46,30,30,8,1,23,23,1.88,.305
Matt M Maysey,MIL,1,2,5.73,23,0,0,0,1,1,22.0,28,14,14,4,1,13,10,1.86,.322
Russ R Swan,SEA,3,3,9.15,23,0,0,0,0,0,19.2,25,20,20,2,2,18,10,2.19,.316
Mark M Guthrie,MIN,2,1,4.71,22,0,0,0,0,0,21.0,20,11,11,2,0,16,15,1.71,.267
Paul P Kilgus,STL,1,0,0.63,22,1,0,0,1,1,28.2,18,2,2,1,1,8,21,0.91,.180
Angel A Miranda,MIL,4,5,3.30,22,17,2,0,0,0,120.0,100,53,44,12,2,52,88,1.27,.226
Trevor T Wilson,SF,7,5,3.60,22,18,1,0,0,0,110.0,110,45,44,8,6,40,57,1.36,.275
Matt M Young,CLE,1,6,5.21,22,8,0,0,0,0,74.1,75,45,43,8,3,57,65,1.78,.266
Jeff J Bronkey,TEX,1,1,4.00,21,0,0,0,1,1,36.0,39,20,16,4,1,11,18,1.39,.285
Tom T Browning,CIN,7,7,4.74,21,20,0,0,0,0,114.0,159,61,60,15,1,20,53,1.57,.333
Mark M Dewey,PIT,1,2,2.36,21,0,0,0,7,7,26.2,14,8,7,0,3,10,14,0.90,.157
John J Farrell,CAL,3,12,7.35,21,17,0,0,0,0,90.2,110,74,74,22,7,44,45,1.70,.301
Marvin M Freeman,ATL,2,0,6.08,21,0,0,0,0,0,23.2,24,16,16,1,1,10,25,1.44,.261
Johnny J Ruffin,CIN,2,1,3.58,21,0,0,0,2,2,37.2,36,16,15,4,1,11,30,1.25,.247
Wally W Whitehurst,SD,4,7,3.83,21,19,0,0,0,0,105.2,109,47,45,11,3,30,57,1.32,.276
Tim T Worrell,SD,2,7,4.92,21,16,0,0,0,0,100.2,104,63,55,11,0,43,52,1.46,.269
Cliff C Young,CLE,3,3,4.62,21,7,0,0,1,1,60.1,74,35,31,9,3,18,31,1.52,.298
Mark M Grant,COL,0,1,7.46,20,0,0,0,1,1,25.1,34,24,21,4,0,11,14,1.78,.337
Dave D Haas,DET,1,2,6.11,20,0,0,0,0,0,28.0,45,20,19,9,0,8,17,1.89,.375
Gil G Heredia,MON,4,2,3.92,20,9,1,0,2,2,57.1,66,28,25,4,2,14,40,1.40,.293
Erik E Plantenberg,SEA,0,0,6.52,20,0,0,0,1,1,9.2,11,7,7,0,1,12,3,2.38,.282
Pete P Smith,ATL,4,8,4.37,20,14,0,0,0,0,90.2,92,45,44,15,2,36,53,1.41,.270
Bill B Wegman,MIL,4,14,4.48,20,18,5,0,0,0,120.2,135,70,60,13,2,34,50,1.40,.291
Buddy B Groom,DET,0,2,6.14,19,3,0,0,0,0,36.2,48,25,25,4,2,13,15,1.66,.322
Eddie E Guardado,MIN,3,8,6.18,19,16,0,0,0,0,94.2,123,68,65,13,1,36,46,1.68,.319
Milt M Hill,CIN,3,0,5.65,19,0,0,0,0,0,28.2,34,18,18,5,0,9,23,1.50,.301
Brad B Holman,SEA,1,3,3.72,19,0,0,0,3,3,36.1,27,17,15,1,5,16,17,1.18,.208
Brett B Merriman,MIN,1,1,9.67,19,0,0,0,0,0,27.0,36,29,29,3,3,23,14,2.19,.343
Bret B Saberhagen,NYM,7,7,3.29,19,19,4,1,0,0,139.1,131,55,51,11,3,17,93,1.06,.250
Julio J Valera,CAL,3,6,6.62,19,5,0,0,4,4,53.0,77,44,39,8,2,15,28,1.74,.344
Sid S Fernandez,NYM,5,6,2.93,18,18,1,1,0,0,119.2,82,42,39,17,3,36,81,0.99,.192
Neal N Heaton,NYY,1,0,6.00,18,0,0,0,0,0,27.0,34,19,18,6,3,11,15,1.67,.301
Shawn S Hillegas,OAK,3,6,6.97,18,11,0,0,0,0,60.2,78,48,47,8,4,33,29,1.83,.317
Bill B Landrum,CIN,0,2,3.74,18,0,0,0,0,0,21.2,18,9,9,1,0,6,14,1.11,.231
Curt C Leskanic,COL,1,5,5.37,18,8,0,0,0,0,57.0,59,40,34,7,2,27,30,1.51,.266
Bill B Sampen,KC,2,2,5.89,18,0,0,0,0,0,18.1,25,12,12,1,4,9,9,1.85,.338
Aaron A Sele,BOS,7,2,2.74,18,18,0,0,0,0,111.2,100,42,34,5,7,48,93,1.33,.237
Frank F Seminara,SD,3,3,4.47,18,7,0,0,0,0,46.1,53,30,23,5,3,21,22,1.60,.293
John J Smiley,CIN,3,9,5.62,18,18,2,0,0,0,105.2,117,69,66,15,2,31,60,1.40,.286
Randy R Tomlin,PIT,4,8,4.85,18,18,1,0,0,0,98.1,109,57,53,11,5,15,44,1.26,.291
Tom T Urbani,STL,1,3,4.65,18,9,0,0,0,0,62.0,73,44,32,4,0,26,33,1.60,.296
John J Briscoe,OAK,1,0,8.03,17,0,0,0,0,0,24.2,26,25,22,2,0,26,24,2.11,.277
Steve S Foster,CIN,2,2,1.75,17,0,0,0,0,0,25.2,23,8,5,1,1,5,16,1.09,.235
Mark M Gardner,KC,4,6,6.19,17,16,0,0,0,0,91.2,92,65,63,17,4,36,54,1.40,.272
Jeff J Mutis,CLE,3,6,5.78,17,13,1,1,0,0,81.0,93,56,52,14,7,33,29,1.56,.289
Arthur A Rhodes,BAL,5,6,6.51,17,17,0,0,0,0,85.2,91,62,62,16,1,49,49,1.63,.274
Mike M Schooler,TEX,3,0,5.55,17,0,0,0,0,0,24.1,30,17,15,3,0,10,16,1.64,.303
Mike M Williams,PHI,1,3,5.29,17,4,0,0,0,0,51.0,50,32,30,5,0,22,33,1.41,.253
Bud B Black,SF,8,2,3.56,16,16,0,0,0,0,93.2,89,44,37,13,2,33,45,1.30,.256
Chuck C Cary,CWS,1,0,5.23,16,0,0,0,0,0,20.2,22,12,12,1,3,11,10,1.60,.286
Greg G Gohr,DET,0,0,5.96,16,0,0,0,0,0,22.2,26,15,15,1,2,14,23,1.76,.289
Josias J Manzanillo,NYM,1,1,6.83,16,1,0,0,1,1,29.0,30,27,22,2,2,19,21,1.69,.265
David D Nied,COL,5,9,5.17,16,16,1,0,0,0,87.0,99,53,50,8,1,42,46,1.62,.296
Pat P Rapp,FLA,4,6,4.02,16,16,1,0,0,0,94.0,101,49,42,7,2,39,57,1.49,.281
John J Roper,CIN,2,5,5.63,16,15,0,0,0,0,80.0,92,51,50,10,4,36,54,1.60,.295
Darryl D Scott,CAL,1,2,5.85,16,0,0,0,0,0,20.0,19,13,13,1,1,11,13,1.50,.250
Scott S Taylor,BOS,0,1,8.18,16,0,0,0,0,0,11.0,14,10,10,1,1,12,8,2.36,.311
Todd T Van Poppel,OAK,6,6,5.04,16,16,0,0,0,0,84.0,76,50,47,10,2,62,47,1.64,.243
Allen A Watson,STL,6,7,4.60,16,15,0,0,0,0,86.0,90,53,44,11,3,28,49,1.37,.271
Jim J Bullinger,CHC,1,0,4.32,15,0,0,0,1,1,16.2,18,9,8,1,0,9,10,1.62,.277
Jim J Corsi,FLA,0,2,6.64,15,0,0,0,0,0,20.1,28,15,15,1,0,10,7,1.87,.337
Scott S Lewis,CAL,1,2,4.22,15,4,0,0,0,0,32.0,37,16,15,3,2,12,10,1.53,.311
Rusty R Meacham,KC,2,2,5.57,15,0,0,0,0,0,21.0,31,15,13,2,3,5,13,1.71,.326
Rafael R Novoa,MIL,0,3,4.50,15,7,2,0,0,0,56.0,58,32,28,7,4,22,17,1.43,.267
Mark M Ettles,SD,1,0,6.50,14,0,0,0,0,0,18.0,23,16,13,4,0,4,9,1.50,.307
Terry T Leach,CWS,0,0,2.81,14,0,0,0,1,1,16.0,15,5,5,0,1,2,3,1.06,.250
Larry L Luebbers,CIN,2,5,4.54,14,14,0,0,0,0,77.1,74,49,39,7,1,38,38,1.45,.261
Bob B Mc Clure,FLA,1,1,7.11,14,0,0,0,0,0,6.1,13,5,5,2,0,5,6,2.84,.419
Tony T Menendez,PIT,2,0,3.00,14,0,0,0,0,0,21.0,20,8,7,4,1,4,13,1.14,.256
Steve S Ontiveros,SEA,0,2,1.00,14,0,0,0,0,0,18.0,18,3,2,0,0,6,13,1.33,.277
Kirk K Rueter,MON,8,0,2.73,14,14,1,0,0,0,85.2,85,33,26,5,0,18,31,1.20,.264
Keith K Shepherd,COL,1,3,6.98,14,1,0,0,1,1,19.1,26,16,15,4,1,4,7,1.55,.333
Zane Z Smith,PIT,3,7,4.55,14,14,1,0,0,0,83.0,97,43,42,5,0,22,32,1.43,.298
Russ R Springer,CAL,1,6,7.20,14,9,1,0,0,0,60.0,73,48,48,11,3,32,31,1.75,.303
David D Weathers,FLA,2,3,5.12,14,6,0,0,0,0,45.2,57,26,26,3,1,13,34,1.53,.306
Mike M Bielecki,CLE,4,5,5.90,13,13,0,0,0,0,68.2,90,47,45,8,2,23,38,1.65,.310
Greg G Brummett,MIN,4,4,5.08,13,13,0,0,0,0,72.2,82,42,41,12,0,28,30,1.51,.297
Mike M Hampton,SEA,1,3,9.53,13,3,0,0,1,1,17.0,28,20,18,3,0,17,8,2.65,.368
Kevin K King,SEA,0,1,6.17,13,0,0,0,0,0,11.2,9,8,8,3,1,4,8,1.11,.231
Nolan N Ryan,TEX,5,5,4.88,13,13,0,0,0,0,66.1,54,47,36,5,1,40,46,1.42,.220
Roger R Smithberg,OAK,1,2,2.75,13,0,0,0,3,3,19.2,13,7,6,2,1,7,4,1.02,.197
Jimmy J Jones,MON,4,1,6.35,12,6,0,0,0,0,39.2,47,34,28,6,0,9,21,1.41,.285
Phil P Leftwich,CAL,4,6,3.79,12,12,1,0,0,0,80.2,81,35,34,5,3,27,31,1.34,.262
Pat P Mahomes,MIN,1,5,7.71,12,5,0,0,0,0,37.1,47,34,32,8,1,16,23,1.69,.309
Freddie F Toliver,PIT,1,0,3.74,12,0,0,0,0,0,21.2,20,10,9,2,2,8,14,1.29,.267
Cory C Bailey,BOS,0,1,3.45,11,0,0,0,0,0,15.2,12,7,6,0,0,12,11,1.53,.231
Kevin K Campbell,OAK,0,0,7.31,11,0,0,0,0,0,16.0,20,13,13,1,1,11,9,1.94,.313
Chuck C Crim,CAL,2,2,5.87,11,0,0,0,0,0,15.1,17,11,10,2,2,5,10,1.43,.298
Frank F Di Pino,KC,1,1,6.89,11,0,0,0,0,0,15.2,21,12,12,2,2,6,5,1.72,.328
Hilly H Hathaway,CAL,4,3,5.02,11,11,0,0,0,0,57.1,71,35,32,6,5,26,11,1.69,.326
John J O' Donoghue,BAL,0,1,4.58,11,1,0,0,0,0,19.2,22,12,10,4,1,10,16,1.63,.278
Mo M Sanford,COL,1,2,5.30,11,6,0,0,0,0,35.2,37,25,21,4,0,27,36,1.79,.278
Bryn B Smith,COL,2,4,8.49,11,5,0,0,0,0,29.2,47,29,28,2,3,11,9,1.96,.362
Eric E Bell,HOU,0,1,6.14,10,0,0,0,0,0,7.1,10,5,5,0,0,2,2,1.64,.313
Mike M Boddicker,MIL,3,5,5.67,10,10,1,0,0,0,54.0,77,35,34,6,4,15,24,1.70,.338
John J Cummings,SEA,0,6,6.02,10,8,1,0,0,0,46.1,59,34,31,6,2,16,19,1.62,.316
Steve S Dreyer,TEX,3,3,5.71,10,6,0,0,0,0,41.0,48,26,26,7,1,20,23,1.66,.291
Dave D Eiland,SD,0,3,5.21,10,9,0,0,0,0,48.1,58,33,28,5,1,17,14,1.55,.297
Mauro M Gozzo,NYM,0,1,2.57,10,0,0,0,1,1,14.0,11,5,4,1,0,5,6,1.14,.212
Jason J Grimsley,CLE,3,4,5.31,10,6,0,0,0,0,42.1,52,26,25,3,1,20,27,1.70,.302
Kip K Gross,LA,0,0,0.60,10,0,0,0,0,0,15.0,13,1,1,0,0,4,12,1.13,.236
Domingo D Jean,NYY,1,1,4.46,10,6,0,0,0,0,40.1,37,20,20,7,0,19,20,1.39,.237
Dennis D Moeller,PIT,1,0,9.92,10,0,0,0,0,0,16.1,26,20,18,2,1,7,13,2.02,.356
Jerry J Nielsen,CAL,0,0,8.03,10,0,0,0,0,0,12.1,18,13,11,1,1,4,8,1.78,.340
Lance L Painter,COL,2,2,6.00,10,6,1,0,0,0,39.0,52,26,26,5,0,9,16,1.56,.333
Rich R Batchelor,STL,0,0,8.10,9,0,0,0,0,0,10.0,14,12,9,1,0,3,4,1.70,.359
Sean S Bergman,DET,1,4,5.67,9,6,1,0,0,0,39.2,47,29,25,6,1,23,19,1.76,.294
Rodney R Bolton,CWS,2,6,7.44,9,8,0,0,0,0,42.1,55,40,35,4,1,16,17,1.68,.314
Mike M Christopher,CLE,0,0,3.86,9,0,0,0,0,0,11.2,14,6,5,3,0,2,8,1.37,.286
Bobby B Jones,NYM,2,4,3.65,9,9,0,0,0,0,61.2,61,35,25,6,2,22,35,1.35,.262
Jeff J Kaiser,NYM,0,0,7.88,9,0,0,0,0,0,8.0,10,7,7,1,0,5,9,1.88,.323
Albie A Lopez,CLE,3,1,5.98,9,9,0,0,0,0,49.2,49,34,33,7,1,32,25,1.63,.262
Jose J Melendez,BOS,2,1,2.25,9,0,0,0,0,0,16.0,10,4,4,2,0,5,14,0.94,.179
Dan D Miceli,PIT,0,0,5.06,9,0,0,0,0,0,5.1,6,3,3,0,0,3,4,1.69,.273
Gino G Minutelli,SF,0,1,3.77,9,0,0,0,0,0,14.1,7,9,6,2,0,15,10,1.53,.152
Charles C Nagy,CLE,2,6,6.29,9,9,1,0,0,0,48.2,66,38,34,6,2,13,30,1.62,.322
Bob B Ojeda,CLE,2,1,4.40,9,7,0,0,0,0,43.0,48,22,21,5,0,21,27,1.60,.289
Ross R Powell,CIN,0,3,4.41,9,1,0,0,0,0,16.1,13,8,8,1,0,6,17,1.16,.224
Dennis D Rasmussen,KC,1,2,7.45,9,4,0,0,0,0,29.0,40,25,24,4,1,14,12,1.86,.328
Rich R Robertson,PIT,0,1,6.00,9,0,0,0,0,0,9.0,15,6,6,0,0,4,5,2.11,.385
Scott S Sanders,SD,3,3,4.13,9,9,0,0,0,0,52.1,54,32,24,4,1,23,37,1.47,.265
Paul P Swingle,CAL,0,1,8.38,9,0,0,0,0,0,9.2,15,9,9,2,0,6,6,2.17,.357
Mike M Witt,NYY,3,2,5.27,9,9,0,0,0,0,41.0,39,26,24,7,3,22,30,1.49,.248
Scott S Aldred,MON,1,0,9.00,8,0,0,0,0,0,12.0,19,14,12,2,1,10,9,2.42,.365
William W Brennan,CHC,2,1,4.20,8,1,0,0,0,0,15.0,16,8,7,2,1,8,11,1.60,.291
Teddy T Higuera,MIL,1,3,7.20,8,8,0,0,0,0,30.0,43,24,24,4,1,16,27,1.97,.333
Steve S Karsay,OAK,3,3,4.04,8,8,0,0,0,0,49.0,49,23,22,4,2,16,33,1.33,.258
John J Kiely,DET,0,2,7.71,8,0,0,0,0,0,11.2,13,11,10,2,1,13,5,2.23,.295
Julian J Tavarez,CLE,2,2,6.57,8,7,0,0,0,0,37.0,53,29,27,7,2,13,19,1.78,.340
Salomon S Torres,SF,3,5,4.03,8,8,0,0,0,0,44.2,37,21,20,5,1,27,23,1.43,.231
John J Hope,PIT,0,2,4.03,7,7,0,0,0,0,38.0,47,19,17,2,2,8,8,1.45,.313
Mark M Hutton,NYY,1,1,5.73,7,4,0,0,0,0,22.0,24,17,14,2,1,17,12,1.86,.293
John J Johnstone,FLA,0,2,5.91,7,0,0,0,0,0,10.2,16,8,7,1,0,7,5,2.16,.340
Mike M Magnante,KC,1,2,4.08,7,6,0,0,0,0,35.1,37,16,16,3,1,11,16,1.36,.282
Turk T Wendell,CHC,1,2,4.37,7,4,0,0,0,0,22.2,24,13,11,0,0,8,15,1.41,.273
Juan J Agosto,HOU,0,0,6.00,6,0,0,0,0,0,6.0,8,4,4,1,0,0,3,1.33,.308
Scott S Brow,TOR,1,1,6.00,6,3,0,0,0,0,18.0,19,15,12,2,1,10,7,1.61,.275
Chris C Bushing,CIN,0,0,12.46,6,0,0,0,0,0,4.1,9,7,6,1,0,4,3,3.00,.450
Huck H Flener,TOR,0,0,4.05,6,0,0,0,0,0,6.2,7,3,3,0,0,4,2,1.65,.269
Mark M Grater,DET,0,0,5.40,6,0,0,0,0,0,5.0,6,3,3,0,0,4,4,2.00,.286
Sterling S Hitchcock,NYY,1,2,4.65,6,6,0,0,0,0,31.0,32,18,16,4,1,14,26,1.48,.271
Dave D Johnson,DET,1,1,12.96,6,0,0,0,0,0,8.1,13,13,12,3,2,5,7,2.16,.342
Barry B Jones,CWS,0,1,8.59,6,0,0,0,0,0,7.1,14,8,7,2,0,3,7,2.32,.412
Mark M Kiefer,MIL,0,0,0.00,6,0,0,0,1,1,9.1,3,0,0,0,1,5,7,0.86,.097
Brian B Shouse,PIT,0,0,9.00,6,0,0,0,0,0,4.0,7,4,4,1,0,2,3,2.25,.368
Paul P Abbott,CLE,0,1,6.38,5,5,0,0,0,0,18.1,19,15,13,5,0,11,7,1.64,.260
Denis D Boucher,MON,3,1,1.91,5,5,0,0,0,0,28.1,24,7,6,1,0,3,14,0.95,.229
Enrique E Burgos,KC,0,1,9.00,5,0,0,0,0,0,5.0,5,5,5,0,1,6,6,2.20,.238
Brian B Drahman,CWS,0,0,0.00,5,0,0,0,1,1,5.1,7,0,0,0,0,2,3,1.69,.333
Mark M Holzemer,CAL,0,3,8.87,5,4,0,0,0,0,23.1,34,24,23,2,3,13,10,2.01,.340
Bruce B Hurst,COL,0,2,7.62,5,5,0,0,0,0,13.0,15,12,11,1,0,6,9,1.62,.283
Miguel M Jimenez,OAK,1,0,4.00,5,4,0,0,0,0,27.0,27,12,12,5,1,16,13,1.59,.262
Kevin K Mc Gehee,BAL,0,0,5.94,5,0,0,0,0,0,16.2,18,11,11,5,2,7,7,1.50,.281
Bob B Milacki,CLE,1,1,3.38,5,2,0,0,0,0,16.0,19,8,6,3,0,11,7,1.88,.302
Nate N Minchey,BOS,1,2,3.55,5,5,1,0,0,0,33.0,35,16,13,5,0,8,18,1.30,.265
Mike M Oquist,BAL,0,0,3.86,5,0,0,0,0,0,11.2,12,5,5,0,0,4,8,1.37,.261
Shane S Reynolds,HOU,0,0,0.82,5,1,0,0,0,0,11.0,11,4,1,0,0,6,10,1.55,.256
Brian B Anderson,CAL,0,0,3.97,4,1,0,0,0,0,11.1,11,5,5,1,0,2,4,1.15,.256
Jim J Converse,SEA,1,3,5.31,4,4,0,0,0,0,20.1,23,12,12,0,0,14,10,1.82,.295
Andy A Cook,NYY,0,1,5.06,4,0,0,0,0,0,5.1,4,3,3,1,0,7,4,2.06,.200
John J De Silva,LA,0,0,7.11,4,0,0,0,0,0,6.1,8,5,5,0,0,1,6,1.42,.320
Steve S Dixon,STL,0,0,33.75,4,0,0,0,0,0,2.2,7,10,10,1,0,5,2,4.50,.538
Mark M Knudson,COL,0,0,22.24,4,0,0,0,0,0,5.2,16,14,14,4,0,5,3,3.71,.471
Rod R Nichols,LA,0,1,5.68,4,0,0,0,0,0,6.1,9,5,4,1,0,2,3,1.74,.360
Scott S Ruskin,CIN,0,0,18.00,4,0,0,0,0,0,1.0,3,3,2,1,0,2,0,5.00,.500
Dave D Stieb,CWS,1,3,6.04,4,4,0,0,0,0,22.1,27,17,15,1,0,14,11,1.84,.300
Sergio S Valdez,MON,0,0,9.00,4,0,0,0,0,0,3.0,4,4,3,1,0,1,2,1.67,.308
Bruce B Walton,MON,0,0,9.53,4,0,0,0,0,0,5.2,11,6,6,1,0,3,0,2.47,.407
Mickey M Weston,NYM,0,0,7.94,4,0,0,0,0,0,5.2,11,5,5,0,1,1,2,2.12,.393
Pete P Young,MON,1,0,3.38,4,0,0,0,0,0,5.1,4,2,2,1,0,0,3,0.75,.211
Mike M Anderson,CIN,0,0,18.56,3,0,0,0,0,0,5.1,12,11,11,3,0,3,4,2.81,.444
Pedro P Borbon,ATL,0,0,21.60,3,0,0,0,0,0,1.2,3,4,4,0,0,3,2,3.60,.429
Rich R Garces,MIN,0,0,0.00,3,0,0,0,0,0,4.0,4,2,0,0,0,2,3,1.50,.250
Tyler T Green,PHI,0,0,7.36,3,2,0,0,0,0,7.1,16,9,6,1,0,5,7,2.86,.444
Chris C Howard,CWS,1,0,0.00,3,0,0,0,0,0,2.1,2,0,0,0,0,3,1,2.14,.286
Brian B Looney,MON,0,0,3.00,3,1,0,0,0,0,6.0,8,2,2,0,0,2,7,1.67,.308
Sam S Militello,NYY,1,1,6.75,3,2,0,0,0,0,9.1,10,8,7,1,2,7,5,1.82,.270
Paul P Miller,PIT,0,0,5.40,3,2,0,0,0,0,10.0,15,6,6,2,0,2,2,1.70,.349
Dave D Mlicki,CLE,0,0,3.38,3,3,0,0,0,0,13.1,11,6,5,2,2,6,7,1.28,.220
Rick R Reed,TEX,1,0,5.87,3,0,0,0,0,0,7.2,12,5,5,1,2,2,5,1.83,.375
Scott S Ruffcorn,CWS,0,2,8.10,3,2,0,0,0,0,10.0,9,11,9,2,0,10,2,1.90,.265
Roger R Salkeld,SEA,0,0,2.51,3,2,0,0,0,0,14.1,13,4,4,0,1,4,13,1.19,.232
Rudy R Seanez,SD,0,0,13.50,3,0,0,0,0,0,3.1,8,6,5,1,0,2,1,3.00,.471
Anthony A Telford,BAL,0,0,9.82,3,0,0,0,0,0,7.1,11,8,8,3,1,1,6,1.64,.344
Steve S Trachsel,CHC,0,2,4.58,3,3,0,0,0,0,19.2,16,10,10,4,0,3,14,0.97,.219
David D Wainhouse,SEA,0,0,27.00,3,0,0,0,0,0,2.1,7,7,7,1,1,5,2,5.14,.500
Curt C Young,OAK,1,1,4.30,3,3,0,0,0,0,14.2,14,7,7,5,0,6,4,1.36,.241
Brad B Brink,PHI,0,0,3.00,2,0,0,0,0,0,6.0,3,2,2,1,0,3,8,1.00,.143
Terry T Bross,SF,0,0,9.00,2,0,0,0,0,0,2.0,3,2,2,1,0,1,1,2.00,.333
Mike M Cook,BAL,0,0,0.00,2,0,0,0,0,0,3.0,1,0,0,0,0,2,3,1.00,.091
Ken K Dayley,TOR,0,0,0.00,2,0,0,0,0,0,0.2,1,2,0,0,0,4,2,7.50,.333
Kevin K Foster,PHI,0,1,14.85,2,1,0,0,0,0,6.2,13,11,11,3,0,7,6,3.00,.394
Jeff J Johnson,NYY,0,2,30.38,2,2,0,0,0,0,2.2,12,10,9,1,0,2,0,5.25,.600
Jeff J Juden,HOU,0,1,5.40,2,0,0,0,0,0,5.0,4,3,3,1,0,4,7,1.60,.222
Darren D Oliver,TEX,0,0,2.70,2,0,0,0,0,0,3.1,2,1,1,1,0,1,4,0.90,.154
Bill B Risley,MON,0,0,6.00,2,0,0,0,0,0,3.0,2,3,2,1,1,2,2,1.33,.200
Scott S Scudder,CLE,0,1,9.00,2,1,0,0,0,0,4.0,5,4,4,0,1,4,1,2.25,.333
Joe J Slusarski,OAK,0,0,5.19,2,1,0,0,0,0,8.2,9,5,5,1,0,11,1,2.31,.300
Rod R Brewer,STL,0,0,45.00,1,0,0,0,0,0,1.0,3,5,5,1,0,2,1,5.00,.500
Jose J Canseco R,TEX,0,0,27.00,1,0,0,0,0,0,1.0,2,3,3,0,0,3,0,5.00,.500
Chili C Davis O,CAL,0,0,0.00,1,0,0,0,0,0,2.0,0,0,0,0,1,0,0,0.00,.000
Hector H Fajardo,TEX,0,0,0.00,1,0,0,0,0,0,0.2,0,0,0,0,0,0,1,0.00,.000
Paul P Fletcher,PHI,0,0,0.00,1,0,0,0,0,0,0.1,0,0,0,0,0,0,0,0.00,.000
Rene R Gonzales,CAL,0,0,0.00,1,0,0,0,0,0,1.0,0,0,0,0,0,0,0,0.00,.000
Jeff J Granger,KC,0,0,27.00,1,0,0,0,0,0,1.0,3,3,3,0,0,2,1,5.00,.500
Kenny K Greer,NYM,1,0,0.00,1,0,0,0,0,0,1.0,0,0,0,0,0,0,2,0.00,.000
Tim T Layana,SF,0,0,22.50,1,0,0,0,0,0,2.0,7,5,5,1,0,1,1,4.00,.538
Kevin K Seitzer,OAK,0,0,0.00,1,0,0,0,0,0,0.1,0,0,0,0,0,0,1,0.00,.000
Zak Z Shinall,SEA,0,0,3.38,1,0,0,0,0,0,2.2,4,1,1,1,0,2,0,2.25,.333
Jeff J Tackett,BAL,0,0,0.00,1,0,0,0,0,0,1.0,1,0,0,0,0,1,0,2.00,.250
