PLAYER,TEAM,W,L,ERA,GS,CG,SHO,SV,SVO,IP,H,R,ER,HR,HB,BB,SO,WHIP,AVG
Julian J Tavarez,SF,6,4,3.87,89,0,0,0,0,0,88.1,91,43,38,6,4,34,38,1.42,.277
Mike M Myers,DET,0,4,5.70,88,0,0,0,2,2,53.2,58,36,34,12,2,25,50,1.55,.274
Stan S Belinda,CIN,1,5,3.71,84,0,0,0,1,1,99.1,84,42,41,11,9,33,114,1.18,.229
Buddy B Groom,OAK,2,2,5.15,78,0,0,0,3,3,64.2,75,38,37,9,0,24,45,1.53,.292
Jeff J Shaw,CIN,4,2,2.38,78,0,0,0,42,42,94.2,79,26,25,7,1,12,74,0.96,.227
Jeff J Nelson,NYY,3,7,2.86,77,0,0,0,2,2,78.2,53,32,25,7,4,37,81,1.14,.191
Paul P Quantrill,TOR,6,7,1.94,77,0,0,0,5,5,88.0,103,25,19,5,1,17,56,1.36,.297
Mel M Rojas,NYM,0,6,4.64,77,0,0,0,15,15,85.1,78,47,44,15,7,36,93,1.34,.241
Bob B Patterson,CHC,1,6,3.34,76,0,0,0,0,0,59.1,47,23,22,9,0,10,58,0.96,.222
Heathcliff H Slocumb,SEA,0,9,5.16,76,0,0,0,27,27,75.0,84,45,43,6,4,49,64,1.77,.286
Jerry J Spradlin,PHI,4,8,4.74,76,0,0,0,1,1,81.2,86,45,43,9,1,27,67,1.38,.274
Paul P Assenmacher,CLE,5,0,2.94,75,0,0,0,4,4,49.0,43,17,16,5,1,15,53,1.18,.231
Doug D Henry,SF,4,5,4.71,75,0,0,0,3,3,70.2,70,45,37,5,1,41,69,1.57,.261
Doug D Jones,MIL,6,6,2.02,75,0,0,0,36,36,80.1,62,20,18,4,3,9,82,0.88,.215
Scott S Radinsky,LA,5,1,2.89,75,0,0,0,3,3,62.1,54,22,20,4,1,21,44,1.20,.236
Terry T Adams,CHC,2,9,4.62,74,0,0,0,18,18,74.0,91,43,38,3,1,40,64,1.77,.306
Jerry J Dipoto,COL,5,3,4.70,74,0,0,0,16,16,95.2,108,56,50,6,4,33,74,1.47,.288
Roberto R Hernandez,SF,10,3,2.45,74,0,0,0,31,31,80.2,67,24,22,7,1,38,82,1.30,.225
Jay J Powell,FLA,7,2,3.28,74,0,0,0,2,2,79.2,71,35,29,3,4,30,65,1.27,.242
Bob B Wickman,MIL,7,6,2.73,74,0,0,0,1,1,95.2,89,32,29,8,3,41,78,1.36,.252
Rod R Beck,SF,7,4,3.47,73,0,0,0,37,37,70.0,67,31,27,7,2,8,53,1.07,.249
Greg G Mc Michael,NYM,7,10,2.98,73,0,0,0,7,7,87.2,73,34,29,8,2,27,81,1.14,.233
Robb R Nen,FLA,9,3,3.89,73,0,0,0,35,35,74.0,72,35,32,7,0,40,81,1.51,.250
Dan D Plesac,TOR,2,4,3.58,73,0,0,0,1,1,50.1,47,22,20,8,0,19,61,1.31,.244
Rich R Loiselle,PIT,1,5,3.10,72,0,0,0,29,29,72.2,76,29,25,7,1,24,66,1.38,.269
Billy B Taylor,OAK,3,4,3.82,72,0,0,0,23,23,73.0,70,32,31,3,5,36,66,1.45,.254
Bobby B Ayala,SEA,10,5,3.82,71,0,0,0,8,8,96.2,91,45,41,14,3,41,92,1.37,.260
Armando A Benitez,BAL,4,5,2.45,71,0,0,0,9,9,73.1,49,22,20,7,1,43,106,1.25,.191
Norm N Charlton,SEA,3,8,7.27,71,0,0,0,14,14,69.1,89,59,56,7,4,47,55,1.96,.312
Tony T Fossas,STL,2,7,3.83,71,0,0,0,0,0,51.2,62,32,22,7,1,26,41,1.70,.298
Michael M Jackson,CLE,2,5,3.24,71,0,0,0,15,15,75.0,59,33,27,3,4,29,74,1.17,.215
Dan D Miceli,DET,3,2,5.01,71,0,0,0,3,3,82.2,77,49,46,13,1,38,79,1.39,.248
Jesse J Orosco,BAL,6,3,2.32,71,0,0,0,0,0,50.1,29,13,13,6,0,30,46,1.17,.169
Rich R Rodriguez,SF,4,3,3.17,71,0,0,0,1,1,65.1,65,24,23,7,1,21,32,1.32,.264
Aaron A Small,OAK,9,5,4.28,71,0,0,0,4,4,96.2,109,50,46,6,3,40,57,1.54,.294
Mark M Wohlers,ATL,5,7,3.50,71,0,0,0,33,33,69.1,57,29,27,4,0,38,92,1.37,.224
Trevor T Hoffman,SD,6,4,2.66,70,0,0,0,37,37,81.1,59,25,24,9,0,24,111,1.02,.200
Marc M Wilkins,PIT,9,5,3.69,70,0,0,0,2,2,75.2,65,33,31,7,4,33,47,1.30,.242
Ricky R Bottalico,PHI,2,5,3.65,69,0,0,0,34,34,74.0,68,31,30,7,2,42,89,1.49,.245
Eddie E Guardado,MIN,0,4,3.91,69,0,0,0,1,1,46.0,45,23,20,7,2,17,54,1.35,.251
Mike M Remlinger,CIN,8,8,4.14,69,12,2,0,2,2,124.0,100,61,57,11,7,60,145,1.29,.223
Todd T Jones,DET,5,4,3.09,68,0,0,0,31,31,70.0,60,29,24,3,1,35,70,1.36,.231
Mike M Trombley,MIN,2,3,4.37,67,0,0,0,1,1,82.1,77,43,40,7,2,31,74,1.31,.248
Hector H Carrasco,KC,2,8,4.40,66,0,0,0,0,0,86.0,80,46,42,7,8,41,76,1.41,.241
Alan A Embree,ATL,3,1,2.54,66,0,0,0,0,0,46.0,36,13,13,1,2,20,45,1.22,.221
Mike M Holtz,ANA,3,4,3.32,66,0,0,0,2,2,43.1,38,21,16,7,2,15,40,1.22,.228
Jose J Mesa,CLE,4,4,2.40,66,0,0,0,16,16,82.1,83,28,22,7,3,28,69,1.35,.259
Mariano M Rivera,NYY,6,4,1.88,66,0,0,0,43,43,71.2,65,17,15,5,0,20,68,1.19,.237
Greg G Swindell,MIN,7,4,3.58,65,1,0,0,1,1,115.2,102,46,46,12,2,25,75,1.10,.238
Anthony A Telford,MON,4,6,3.24,65,0,0,0,1,1,89.0,77,34,32,11,5,33,61,1.24,.236
Turk T Wendell,NYM,3,5,4.36,65,0,0,0,5,5,76.1,68,42,37,7,2,53,64,1.59,.240
Todd T Worrell,LA,2,6,5.28,65,0,0,0,35,35,59.2,60,38,35,12,0,23,61,1.39,.250
Kent K Bottenfield,CHC,2,3,3.86,64,0,0,0,2,2,84.0,82,39,36,13,2,35,74,1.39,.259
Tony T Castillo,CWS,4,4,4.91,64,0,0,0,4,4,62.1,74,48,34,6,1,23,42,1.56,.296
T. J. T Mathews,OAK,10,6,3.01,64,0,0,0,3,3,74.2,75,32,25,9,2,30,70,1.41,.260
Mike M Munoz,COL,3,3,4.53,64,0,0,0,2,2,45.2,52,25,23,4,0,13,26,1.42,.294
Mike M Stanton,NYY,6,1,2.57,64,0,0,0,3,3,66.2,50,19,19,3,3,34,70,1.26,.205
Mike M Timlin,SEA,6,4,3.22,64,0,0,0,10,10,72.2,69,30,26,8,1,20,45,1.22,.257
Darren D Hall,LA,3,2,2.30,63,0,0,0,2,2,54.2,58,15,14,3,0,26,39,1.54,.283
Jim J Poole,SF,3,1,7.11,63,0,0,0,0,0,49.1,73,44,39,6,4,25,26,1.99,.353
Steve S Reed,COL,4,6,4.04,63,0,0,0,6,6,62.1,49,28,28,10,5,27,43,1.22,.219
Ugueth U Urbina,MON,5,8,3.78,63,0,0,0,27,27,64.1,52,29,27,9,1,29,84,1.26,.215
Mark M Guthrie,LA,1,4,5.32,62,0,0,0,1,1,69.1,71,44,41,12,0,30,42,1.46,.272
Mike M Mohler,OAK,1,10,5.13,62,10,0,0,1,1,101.2,116,65,58,11,7,54,66,1.67,.301
Ricardo R Rincon,PIT,4,8,3.45,62,0,0,0,4,4,60.0,51,26,23,5,2,24,71,1.25,.230
Billy B Wagner,HOU,7,8,2.85,62,0,0,0,23,23,66.1,49,23,21,5,3,30,106,1.19,.204
Rick R Aguilera,MIN,5,4,3.82,61,0,0,0,26,26,68.1,65,29,29,9,2,22,68,1.27,.257
Doug D Brocail,DET,3,4,3.23,61,4,0,0,2,2,78.0,74,31,28,10,3,36,60,1.41,.256
Pep P Harris,ANA,5,4,3.62,61,0,0,0,0,0,79.2,82,33,32,7,2,38,56,1.51,.274
Chuck C Mc Elroy,CWS,1,3,3.84,61,0,0,0,1,1,75.0,73,36,32,5,2,22,62,1.27,.252
Randy R Myers,BAL,2,3,1.51,61,0,0,0,45,45,59.2,47,12,10,2,0,22,56,1.16,.217
John J Wetteland,TEX,7,2,1.94,61,0,0,0,31,31,65.0,43,18,14,5,0,21,63,0.98,.182
Eric E Gunderson,TEX,2,1,3.26,60,0,0,0,1,1,49.2,45,19,18,5,2,15,31,1.21,.241
Tim T Worrell,SD,4,8,5.16,60,10,0,0,3,3,106.1,116,67,61,14,7,50,81,1.56,.280
Dennis D Cook,FLA,1,2,3.90,59,0,0,0,0,0,62.1,64,28,27,4,2,28,63,1.48,.267
John J Franco,NYM,5,3,2.55,59,0,0,0,36,36,60.0,49,18,17,3,1,20,53,1.15,.226
John J Frascatore,STL,5,2,2.48,59,0,0,0,0,0,80.0,74,25,22,5,6,33,58,1.34,.247
Scott S Sullivan,CIN,5,3,3.24,59,0,0,0,1,1,97.1,79,36,35,12,7,30,96,1.12,.220
Ed E Vosberg,FLA,2,3,4.42,59,0,0,0,1,1,53.0,59,30,26,3,5,21,37,1.51,.285
Mike M James,ANA,5,5,4.31,58,0,0,0,7,7,62.2,69,32,30,3,5,28,57,1.55,.283
Dennis D Eckersley,STL,1,5,3.91,57,0,0,0,36,36,53.0,49,24,23,9,2,8,45,1.08,.238
Terry T Mathews,BAL,4,4,4.41,57,0,0,0,1,1,63.1,63,35,31,8,0,36,39,1.56,.267
Paul P Spoljaric,SEA,0,3,3.69,57,0,0,0,3,3,70.2,61,30,29,4,3,36,70,1.37,.236
Felix F Heredia,FLA,5,3,4.29,56,0,0,0,0,0,56.2,53,30,27,3,5,30,54,1.46,.243
Ramon R Tatis,CHC,1,1,5.34,56,0,0,0,0,0,55.2,66,36,33,13,3,29,33,1.71,.308
Mike M De Jean,COL,5,0,3.99,55,0,0,0,2,2,67.2,74,34,30,4,3,24,38,1.45,.280
Curt C Leskanic,COL,4,0,5.55,55,0,0,0,2,2,58.1,59,36,36,8,0,24,53,1.42,.271
Tom T Martin,HOU,5,3,2.09,55,0,0,0,2,2,56.0,52,13,13,2,1,23,36,1.34,.254
Jeff J Montgomery,KC,1,4,3.49,55,0,0,0,14,14,59.1,53,24,23,9,0,18,48,1.20,.240
Troy T Percival,ANA,5,5,3.46,55,0,0,0,27,27,52.0,40,20,20,6,4,22,72,1.19,.205
Mark M Petkovsek,STL,4,7,5.06,55,2,0,0,2,2,96.0,109,61,54,14,6,31,51,1.46,.292
Eric E Plunk,CLE,4,5,4.66,55,0,0,0,0,0,65.2,62,37,34,12,1,36,66,1.49,.245
Doug D Bochtler,SD,3,6,4.77,54,0,0,0,2,2,60.1,51,35,32,3,1,50,46,1.67,.229
Will W Cunnane,SD,6,3,5.81,54,8,0,0,0,0,91.1,114,69,59,11,5,49,79,1.78,.305
Cory C Lidle,NYM,7,2,3.53,54,2,0,0,2,2,81.2,86,38,32,7,3,20,54,1.30,.274
Danny D Patterson,TEX,10,6,3.42,54,0,0,0,1,1,71.0,70,29,27,3,0,23,69,1.31,.263
Russ R Springer,HOU,3,3,4.23,54,0,0,0,3,3,55.1,48,28,26,4,4,27,74,1.36,.232
Arthur A Rhodes,BAL,10,3,3.02,53,0,0,0,1,1,95.1,75,32,32,9,4,26,102,1.06,.218
Dave D Veres,MON,2,3,3.48,53,0,0,0,1,1,62.0,68,28,24,5,2,27,47,1.53,.278
John J Wasdin,BOS,4,6,4.40,53,7,0,0,0,0,124.2,121,68,61,18,3,38,84,1.28,.251
Jim J Corsi,BOS,5,3,3.43,52,0,0,0,2,2,57.2,56,26,22,1,4,21,40,1.34,.255
Matt M Karchner,CWS,3,1,2.91,52,0,0,0,15,15,52.2,50,18,17,4,0,26,30,1.44,.258
Jose J Lima,HOU,1,6,5.28,52,1,0,0,2,2,75.0,79,45,44,9,5,16,63,1.27,.271
Brad B Clontz,ATL,5,1,3.75,51,0,0,0,1,1,48.0,52,24,20,3,1,18,42,1.46,.286
Mike M Fetters,MIL,1,5,3.45,51,0,0,0,6,6,70.1,62,30,27,4,1,33,62,1.35,.244
Mike M Bielecki,ATL,3,7,4.08,50,0,0,0,2,2,57.1,56,33,26,9,1,21,60,1.34,.250
Reggie R Harris,PHI,1,3,5.30,50,0,0,0,0,0,54.1,55,33,32,1,5,43,45,1.80,.263
Shigetoshi S Hasegawa,ANA,3,7,3.93,50,7,0,0,0,0,116.2,118,60,51,14,3,46,83,1.41,.269
Ron R Villone,MIL,1,0,3.42,50,0,0,0,0,0,52.2,54,23,20,4,1,36,40,1.71,.271
Jamie J Walker,KC,3,3,5.44,50,0,0,0,0,0,43.0,46,28,26,6,3,20,24,1.53,.271
Don D Wengert,OAK,5,11,6.04,49,12,1,0,2,2,134.0,177,96,90,21,8,41,68,1.63,.321
Darren D Dreifort,LA,5,2,2.86,48,0,0,0,4,4,63.0,45,21,20,3,1,34,63,1.25,.202
Antonio A Osuna,LA,3,4,2.19,48,0,0,0,0,0,61.2,46,15,15,6,1,19,68,1.05,.209
Marc M Valdes,MON,4,4,3.13,48,7,0,0,2,2,95.0,84,36,33,2,8,39,54,1.29,.240
Hipolito H Pichardo,KC,3,5,4.22,47,0,0,0,11,11,49.0,51,24,23,7,1,24,34,1.53,.273
Scott S Sanders,DET,6,14,5.86,47,20,1,1,2,2,139.2,152,92,91,30,4,62,120,1.53,.278
Steve S Kline,MON,4,4,5.98,46,1,0,0,0,0,52.2,73,37,35,10,2,23,37,1.82,.338
Graeme G Lloyd,NYY,1,1,3.31,46,0,0,0,1,1,49.0,55,24,18,6,1,20,26,1.53,.293
Bob B Wells,SEA,2,0,5.75,46,1,0,0,2,2,67.1,88,49,43,11,3,18,51,1.57,.314
Gregg G Olson,KC,4,3,5.58,45,0,0,0,1,1,50.0,58,35,31,3,1,28,34,1.72,.299
Clint C Sodowsky,PIT,2,2,3.63,45,0,0,0,0,0,52.0,49,22,21,6,2,34,51,1.60,.249
Sean S Bergman,SD,2,4,6.09,44,9,0,0,0,0,99.0,126,72,67,11,3,38,74,1.66,.316
Larry L Casian,KC,0,3,5.70,44,0,0,0,0,0,36.1,48,24,23,8,1,8,23,1.54,.318
Xavier X Hernandez,TEX,0,4,4.56,44,0,0,0,0,0,49.1,51,27,25,7,2,22,36,1.48,.262
Matt M Ruebel,PIT,3,2,6.32,44,0,0,0,0,0,62.2,77,50,44,8,5,27,50,1.66,.302
Frankie F Rodriguez,MIN,3,6,4.62,43,15,0,0,0,0,142.1,147,82,73,12,4,60,65,1.45,.271
Omar O Daal,TOR,2,3,7.06,42,3,0,0,1,1,57.1,82,48,45,7,2,21,44,1.80,.343
Ramon R Garcia,HOU,9,8,3.69,42,20,1,1,1,1,158.2,155,71,65,20,9,52,120,1.30,.262
Tom T Gordon,BOS,6,10,3.74,42,25,2,1,11,11,182.2,155,85,76,10,3,78,159,1.28,.226
Darren D Holmes,COL,9,2,5.34,42,6,0,0,3,3,89.1,113,58,53,12,0,36,70,1.67,.314
Todd T Ritchie,MIN,2,3,4.58,42,0,0,0,0,0,74.2,87,41,38,11,2,28,44,1.54,.290
Matt M Whiteside,TEX,4,1,5.08,42,1,0,0,0,0,72.2,85,45,41,4,3,26,44,1.53,.296
Tom T Candiotti,LA,10,7,3.60,41,18,0,0,0,0,135.0,128,60,54,21,11,40,89,1.24,.248
Rick R Helling,TEX,5,9,4.47,41,16,0,0,0,0,131.0,108,67,65,17,6,69,99,1.35,.233
John J Hudek,HOU,1,3,5.98,40,0,0,0,4,4,40.2,38,27,27,8,3,33,36,1.75,.252
Mark M Hutton,COL,3,2,4.48,40,1,0,0,0,0,60.1,72,34,30,10,6,26,39,1.62,.314
Mike M Magnante,HOU,3,1,2.27,40,0,0,0,1,1,47.2,39,16,12,2,0,11,43,1.05,.223
Terry T Mulholland,SF,6,13,4.24,40,27,1,0,0,0,186.2,190,100,88,24,11,51,99,1.29,.267
Paul P Shuey,CLE,4,2,6.20,40,0,0,0,2,2,45.0,52,31,31,5,1,28,46,1.78,.294
Bill B Simas,CWS,3,1,4.14,40,0,0,0,1,1,41.1,46,23,19,6,2,24,38,1.69,.279
Jason J Christiansen,PIT,3,0,2.94,39,0,0,0,0,0,33.2,37,11,11,2,2,17,37,1.60,.274
Ramiro R Mendoza,NYY,8,6,4.24,39,15,0,0,2,2,133.2,157,67,63,15,5,28,82,1.38,.292
Alan A Mills,BAL,2,3,4.89,39,0,0,0,0,0,38.2,41,23,21,5,1,33,32,1.91,.270
Dane D Johnson,OAK,4,1,4.53,38,0,0,0,2,2,45.2,49,28,23,4,2,31,43,1.75,.272
A. J. A Sager,DET,3,4,4.18,38,1,0,0,3,3,84.0,81,43,39,10,1,24,53,1.25,.258
Carlos C Castillo,CWS,2,1,4.48,37,2,0,0,1,1,66.1,68,35,33,9,1,33,43,1.52,.265
Tim T Crabtree,TOR,3,3,7.08,37,0,0,0,2,2,40.2,65,32,32,7,2,17,26,2.02,.374
Wayne W Gomes,PHI,5,1,5.27,37,0,0,0,0,0,42.2,45,26,25,4,1,24,24,1.62,.274
Albie A Lopez,CLE,3,7,6.93,37,6,0,0,0,0,76.2,101,61,59,11,4,40,63,1.84,.322
Greg G Mc Carthy,SEA,1,1,5.46,37,0,0,0,0,0,29.2,26,21,18,4,1,16,34,1.42,.230
Carlos C Reyes,OAK,3,4,5.82,37,6,0,0,0,0,77.1,101,52,50,13,2,25,43,1.63,.316
Pete P Smith,SD,7,6,4.81,37,15,0,0,1,1,118.0,120,66,63,16,1,52,68,1.46,.267
Ron R Blazier,PHI,1,1,5.03,36,0,0,0,0,0,53.2,62,31,30,8,0,21,42,1.55,.290
Jim J Bullinger,MON,7,12,5.56,36,25,2,2,0,0,155.1,165,106,96,17,12,74,87,1.54,.276
Rich R De Lucia,ANA,6,4,3.89,36,0,0,0,3,3,44.0,35,21,19,5,1,27,44,1.41,.227
Butch B Henry,BOS,7,3,3.52,36,5,0,0,6,6,84.1,89,36,33,6,0,19,51,1.28,.277
Rob R Stanifer,FLA,1,2,4.60,36,0,0,0,1,1,45.0,43,23,23,9,3,16,28,1.31,.261
Rigo R Beltran,STL,1,2,3.48,35,4,0,0,1,1,54.1,47,25,21,3,0,17,50,1.18,.237
Mike M Cather,ATL,2,4,2.39,35,0,0,0,0,0,37.2,23,12,10,1,2,19,29,1.12,.174
Jeff J Fassero,SEA,16,9,3.61,35,35,2,1,0,0,234.1,226,108,94,21,3,84,189,1.32,.249
Pat P Hentgen,TOR,15,10,3.68,35,35,9,3,0,0,264.0,253,116,108,31,7,71,160,1.23,.254
Takashi T Kashiwada,NYM,3,1,4.31,35,0,0,0,0,0,31.1,35,15,15,4,3,18,19,1.69,.289
Andy A Pettitte,NYY,18,7,2.88,35,35,4,1,0,0,240.1,233,86,77,7,3,65,166,1.24,.256
Erik E Plantenberg,PHI,0,0,4.91,35,0,0,0,0,0,25.2,25,14,14,1,1,12,12,1.44,.255
Brad B Radke,MIN,20,10,3.87,35,35,4,1,0,0,239.2,238,114,103,28,3,48,174,1.19,.257
Curt C Schilling,PHI,17,11,2.97,35,35,7,2,0,0,254.1,208,96,84,25,5,58,319,1.05,.224
John J Smoltz,ATL,15,12,3.02,35,35,7,2,0,0,256.0,234,97,86,21,1,63,241,1.16,.242
Tim T Wakefield,BOS,12,15,4.25,35,29,4,2,0,0,201.1,193,109,95,24,16,87,151,1.39,.256
Allen A Watson,ANA,12,12,4.93,35,34,0,0,0,0,199.0,220,121,109,37,8,73,141,1.47,.279
Kevin K Appier,KC,9,13,3.40,34,34,4,1,0,0,235.2,215,96,89,24,4,74,196,1.23,.243
Brian B Boehringer,NYY,3,2,2.63,34,0,0,0,0,0,48.0,39,16,14,4,0,32,53,1.48,.225
Frank F Castillo,COL,12,12,5.42,34,33,0,0,0,0,184.1,220,121,111,25,8,69,126,1.57,.300
Roger R Clemens,TOR,21,7,2.05,34,34,9,3,0,0,264.0,204,65,60,9,12,68,292,1.03,.213
Cal C Eldred,MIL,13,15,4.99,34,34,1,1,0,0,202.0,207,118,112,31,9,89,122,1.47,.266
Scott S Erickson,BAL,16,7,3.69,34,33,3,2,0,0,221.2,218,100,91,16,5,61,131,1.26,.257
Mike M Hampton,HOU,15,10,3.83,34,34,7,2,0,0,223.0,217,105,95,16,2,77,139,1.32,.257
Jimmy J Key,BAL,16,10,3.43,34,34,1,1,0,0,212.1,210,90,81,24,5,82,141,1.38,.261
Darryl D Kile,HOU,19,7,2.57,34,34,6,4,0,0,255.2,208,87,73,19,10,94,205,1.18,.225
Alvin A Morman,CLE,0,0,5.89,34,0,0,0,2,2,18.1,19,13,12,2,1,14,13,1.80,.268
Charles C Nagy,CLE,15,11,4.28,34,34,1,1,0,0,227.0,253,115,108,27,7,77,149,1.45,.283
Denny D Neagle,ATL,20,5,2.97,34,34,4,4,0,0,233.1,204,87,77,18,6,49,172,1.08,.233
Steve S Trachsel,CHC,8,12,4.51,34,34,0,0,0,0,201.1,225,110,101,32,5,69,160,1.46,.287
Bobby B Witt,TEX,12,12,4.82,34,32,3,0,0,0,209.0,245,118,112,33,2,74,121,1.53,.294
Wilson W Alvarez,SF,13,11,3.48,33,33,2,1,0,0,212.0,180,97,82,18,4,91,179,1.28,.229
Pedro P Astacio,COL,12,10,4.14,33,31,2,1,0,0,202.1,200,98,93,24,9,61,166,1.29,.258
Kevin K Brown,FLA,16,8,2.69,33,33,6,2,0,0,237.1,214,77,71,10,14,66,205,1.18,.240
Jason J Dickson,ANA,13,9,4.29,33,32,2,1,0,0,203.2,236,111,97,32,7,56,115,1.43,.289
Tom T Glavine,ATL,14,7,2.96,33,33,5,2,0,0,240.0,197,86,79,20,4,79,152,1.15,.226
Chris C Holt,HOU,8,12,3.52,33,32,0,0,0,0,209.2,211,98,82,17,8,61,95,1.30,.263
Kerry K Lacy,BOS,1,1,6.11,33,0,0,0,3,3,45.2,60,34,31,7,0,22,18,1.80,.314
Jon J Lieber,PIT,11,14,4.49,33,32,1,0,0,0,188.1,193,102,94,23,1,51,160,1.30,.263
Esteban E Loaiza,PIT,11,11,4.13,33,32,1,0,0,0,196.1,214,99,90,17,12,56,122,1.38,.279
Greg G Maddux,ATL,19,4,2.20,33,33,5,2,0,0,232.2,200,58,57,9,6,20,177,0.95,.236
Jeff J Mc Curry,COL,1,4,4.43,33,0,0,0,0,0,40.2,43,22,20,7,0,20,19,1.55,.277
Matt M Morris,STL,12,9,3.19,33,33,3,0,0,0,217.0,208,88,77,12,7,69,149,1.28,.258
Mike M Mussina,BAL,15,8,3.20,33,33,4,1,0,0,224.2,197,87,80,27,3,54,218,1.12,.234
Jaime J Navarro,CWS,9,14,5.79,33,33,2,0,0,0,209.2,267,155,135,22,3,73,142,1.62,.309
Hideo H Nomo,LA,14,12,4.25,33,33,1,0,0,0,207.1,193,104,98,23,9,92,233,1.37,.243
Carlos C Perez,MON,12,13,3.88,33,32,8,5,0,0,206.2,206,109,89,21,4,48,110,1.23,.260
Rick R Reed,NYM,13,9,2.89,33,31,2,0,0,0,208.1,186,76,67,19,5,31,113,1.04,.239
Jose J Rosado,KC,9,12,4.69,33,33,2,0,0,0,203.1,208,117,106,26,4,73,129,1.38,.264
Aaron A Sele,BOS,13,12,5.38,33,33,1,0,0,0,177.1,196,115,106,25,15,80,122,1.56,.279
James J Baldwin,CWS,12,15,5.27,32,32,1,0,0,0,200.0,205,128,117,19,5,83,140,1.44,.262
Jose J Bautista,STL,2,2,6.66,32,0,0,0,0,0,52.2,70,42,39,8,3,14,23,1.59,.318
Tim T Belcher,KC,13,12,5.02,32,32,3,1,0,0,213.1,242,128,119,31,5,70,113,1.46,.288
Mark M Clark,CHC,14,8,3.82,32,31,3,0,0,0,205.0,213,96,87,24,4,59,123,1.33,.270
Steve S Cooke,PIT,9,15,4.30,32,32,0,0,0,0,167.1,184,95,80,15,9,77,109,1.56,.285
Shawn S Estes,SF,19,5,3.18,32,32,3,2,0,0,201.0,162,80,71,12,8,100,181,1.30,.223
Alex A Fernandez,FLA,17,12,3.59,32,32,5,1,0,0,220.2,193,93,88,25,4,69,183,1.19,.238
Bryce B Florie,MIL,4,4,4.32,32,8,0,0,0,0,75.0,74,43,36,4,3,42,53,1.55,.262
Dustin D Hermanson,MON,8,8,3.69,32,28,1,1,0,0,158.1,134,68,65,15,1,66,136,1.26,.234
Orel O Hershiser,CLE,14,6,4.47,32,32,1,0,0,0,195.1,199,105,97,26,11,69,107,1.37,.272
Sterling S Hitchcock,SD,10,11,5.20,32,28,1,0,0,0,161.0,172,102,93,24,4,55,106,1.41,.276
Kevin K Jarvis,DET,0,4,7.68,32,5,0,0,1,1,68.0,99,62,58,17,1,29,48,1.88,.334
Scott S Karl,MIL,10,13,4.47,32,32,1,0,0,0,193.1,212,103,96,23,4,67,119,1.44,.279
Dave D Mlicki,NYM,8,12,4.00,32,32,1,1,0,0,193.2,194,89,86,21,5,76,157,1.39,.259
Omar O Olivares,SEA,6,10,4.97,32,31,3,2,0,0,177.1,191,109,98,18,13,81,103,1.53,.276
Darren D Oliver,TEX,13,12,4.20,32,32,3,1,0,0,201.1,213,111,94,29,11,82,104,1.47,.271
Chan Ho C Park,LA,14,8,3.38,32,29,2,0,0,0,192.0,149,80,72,24,8,70,166,1.14,.213
Kirk K Rueter,SF,13,6,3.45,32,32,0,0,0,0,190.2,194,83,73,17,1,51,115,1.28,.264
Jason J Schmidt,PIT,10,9,4.60,32,32,2,0,0,0,187.2,193,106,96,16,9,76,136,1.43,.265
Dennis D Springer,ANA,9,9,5.18,32,28,3,1,0,0,194.2,199,118,112,32,10,73,75,1.40,.267
Justin J Thompson,DET,15,11,3.02,32,32,4,0,0,0,223.1,188,82,75,20,2,66,151,1.14,.233
David D Wells,NYY,16,10,4.21,32,32,5,2,0,0,218.0,239,109,102,24,6,45,156,1.30,.278
Mark M Brandenburg,BOS,0,2,5.49,31,0,0,0,0,0,41.0,49,25,25,3,2,16,34,1.59,.299
Paul P Byrd,ATL,4,4,5.26,31,4,0,0,0,0,53.0,47,34,31,6,4,28,37,1.42,.235
Danny D Darwin,SF,5,11,4.35,31,24,1,0,0,0,157.1,181,86,76,26,2,45,92,1.44,.286
Doug D Drabek,CWS,12,11,5.74,31,31,0,0,0,0,169.1,170,109,108,30,4,69,85,1.41,.261
Joey J Hamilton,SD,12,7,4.25,31,29,1,0,0,0,192.2,199,100,91,22,12,69,124,1.39,.271
Ken K Hill,ANA,9,12,4.55,31,31,1,0,0,0,190.0,194,103,96,19,3,95,106,1.52,.268
Mark M Leiter,PHI,10,17,5.67,31,31,3,0,0,0,182.2,216,132,115,25,9,64,148,1.53,.292
Pedro P Martinez,MON,17,8,1.90,31,31,13,4,0,0,241.1,158,65,51,16,9,67,305,0.93,.184
Brian B Moehler,DET,11,12,4.67,31,31,2,1,0,0,175.1,198,97,91,22,5,61,97,1.48,.285
Mike M Morgan,CIN,9,12,4.78,31,30,1,0,0,0,162.0,165,91,86,13,8,49,103,1.32,.266
Chris C Peters,PIT,2,2,4.58,31,1,0,0,0,0,37.1,38,23,19,6,3,21,17,1.58,.277
Rich R Robertson,MIN,8,12,5.69,31,26,0,0,0,0,147.0,169,105,93,19,6,70,69,1.63,.292
Kenny K Rogers,NYY,6,7,5.65,31,22,1,0,0,0,145.0,161,100,91,18,7,62,78,1.54,.280
Woody W Williams,TOR,9,14,4.35,31,31,0,0,0,0,194.2,201,98,94,31,5,66,124,1.37,.269
Joel J Adamson,MIL,5,3,3.54,30,6,0,0,0,0,76.1,78,36,30,13,5,19,56,1.27,.265
Andy A Ashby,SD,9,11,4.13,30,30,2,0,0,0,200.2,207,108,92,17,5,49,144,1.28,.266
Ricky R Bones,KC,4,8,6.75,30,13,1,0,0,0,96.0,133,81,72,12,7,36,44,1.76,.336
Dave D Burba,CIN,11,10,4.73,30,27,2,0,0,0,160.0,157,88,84,22,9,73,131,1.44,.255
John J Burkett,TEX,9,12,4.56,30,30,2,0,0,0,189.1,240,106,96,20,4,30,139,1.43,.307
Chad C Fox,ATL,0,1,3.29,30,0,0,0,0,0,27.1,24,12,10,4,0,16,28,1.46,.231
Mark M Gardner,SF,12,9,4.29,30,30,2,1,0,0,180.1,188,92,86,28,1,57,136,1.36,.272
Randy R Johnson,SEA,20,4,2.28,30,29,5,2,0,0,213.0,147,60,54,20,10,77,291,1.05,.194
Bobby B Jones,NYM,15,9,3.63,30,30,2,1,0,0,193.1,177,88,78,24,2,63,125,1.24,.242
Jeff J Juden,CLE,11,6,4.46,30,27,3,0,0,0,161.1,157,85,80,23,10,72,136,1.42,.257
Scott S Kamieniecki,BAL,10,6,4.01,30,30,0,0,0,0,179.1,179,83,80,20,4,67,109,1.37,.261
Curtis C King,STL,4,2,2.76,30,0,0,0,0,0,29.1,38,14,9,0,1,11,13,1.67,.325
Jamie J Moyer,SEA,17,5,3.86,30,30,2,0,0,0,188.2,187,82,81,21,7,43,113,1.22,.256
Shane S Reynolds,HOU,9,10,4.23,30,30,2,0,0,0,181.0,189,92,85,19,3,47,152,1.30,.267
Glendon G Rusch,KC,6,9,5.50,30,27,1,0,0,0,170.1,206,111,104,28,7,52,116,1.51,.301
Julio J Santana,TEX,4,6,6.75,30,14,0,0,0,0,104.0,141,86,78,16,4,49,64,1.83,.323
Ismael I Valdez,LA,10,11,2.65,30,30,0,0,0,0,196.2,171,68,58,16,3,47,140,1.11,.234
Roger R Bailey,COL,9,10,4.29,29,29,5,2,0,0,191.0,210,103,91,27,13,70,84,1.47,.283
Willie W Blair,DET,16,8,4.17,29,27,2,0,0,0,175.0,186,85,81,18,3,46,90,1.33,.273
David D Cone,NYY,12,6,2.82,29,29,1,0,0,0,195.0,155,67,61,17,4,86,222,1.24,.218
Francisco F Cordova,PIT,11,8,3.63,29,29,2,2,0,0,178.2,175,80,72,14,9,49,121,1.25,.259
Chris C Hammond,BOS,3,4,5.92,29,8,0,0,1,1,65.1,81,45,43,5,2,27,48,1.65,.310
Darrell D May,ANA,2,1,5.23,29,2,0,0,0,0,51.2,56,31,30,6,0,25,42,1.57,.277
Jose J Mercedes,MIL,7,10,3.79,29,23,2,1,0,0,159.0,146,76,67,24,5,53,80,1.25,.248
Dan D Naulty,MIN,1,1,5.87,29,0,0,0,1,1,30.2,29,20,20,8,0,10,23,1.27,.254
Shawn S Boskie,BAL,6,6,6.43,28,9,0,0,1,1,77.0,95,57,55,14,2,26,50,1.57,.304
Billy B Brewer,PHI,1,2,4.13,28,0,0,0,0,0,24.0,19,11,11,3,0,13,17,1.33,.213
Jim J Bruske,SD,4,1,3.63,28,0,0,0,0,0,44.2,37,22,18,4,1,25,32,1.39,.228
Jason J Jacome,CLE,2,0,5.84,28,4,0,0,0,0,49.1,58,33,32,10,1,20,27,1.58,.296
Felipe F Lira,SEA,5,11,6.34,28,18,1,1,0,0,110.2,132,82,78,18,6,55,73,1.69,.295
Ron R Mahay,BOS,3,0,2.52,28,0,0,0,0,0,25.0,19,7,7,3,0,11,22,1.20,.204
Kent K Mercker,CIN,8,11,3.92,28,25,0,0,0,0,144.2,135,65,63,16,2,62,75,1.36,.250
Joe J Roa,SF,2,5,5.21,28,3,0,0,0,0,65.2,86,40,38,8,2,20,34,1.61,.333
Todd T Stottlemyre,STL,12,9,3.88,28,28,0,0,0,0,181.0,155,86,78,16,12,65,160,1.22,.231
Matt M Whisenant,KC,1,0,4.57,28,0,0,0,0,0,21.2,19,13,11,0,3,18,20,1.71,.229
Kelvim K Escobar,TOR,3,2,2.90,27,0,0,0,14,14,31.0,28,12,10,1,0,19,36,1.52,.237
Keith K Foulke,CWS,4,5,6.38,27,8,0,0,3,3,73.1,88,52,52,13,4,23,54,1.51,.298
Al A Leiter,FLA,11,9,4.34,27,27,0,0,0,0,151.1,133,78,73,13,12,91,132,1.48,.241
Pat P Rapp,SF,5,8,4.83,27,25,1,1,0,0,141.2,158,83,76,16,5,72,92,1.62,.288
John J Thomson,COL,7,9,4.71,27,27,2,1,0,0,166.1,193,94,87,15,5,51,106,1.47,.296
Ricky R Trlicek,NYM,3,4,5.57,27,0,0,0,0,0,32.1,36,23,20,4,1,23,14,1.82,.293
Andy A Benes,STL,10,7,3.10,26,26,0,0,0,0,177.0,149,64,61,9,5,61,175,1.19,.230
Kevin K Foster,CHC,10,7,4.61,26,25,1,0,0,0,146.1,141,79,75,27,2,66,118,1.41,.255
Joe J Hudson,BOS,3,1,3.53,26,0,0,0,0,0,35.2,39,16,14,1,4,14,14,1.49,.289
Felix F Rodriguez,CIN,0,0,4.30,26,1,0,0,0,0,46.0,48,23,22,2,6,28,34,1.65,.271
John J Smiley,CLE,11,14,5.31,26,26,0,0,0,0,154.1,184,99,91,26,7,41,120,1.46,.298
Bob B Tewksbury,MIN,8,13,4.22,26,26,5,2,0,0,168.2,200,83,79,12,1,31,92,1.37,.297
Jamey J Wright,COL,8,12,6.25,26,26,1,0,0,0,149.2,198,113,104,19,11,71,59,1.80,.327
Juan J Acevedo,NYM,3,1,3.59,25,2,0,0,0,0,47.2,52,24,19,6,4,22,33,1.55,.286
Chuck C Finley,ANA,13,6,4.23,25,25,3,1,0,0,164.0,152,79,77,20,5,65,155,1.32,.248
Mike M Johnson,MON,2,6,6.83,25,16,0,0,2,2,89.2,106,70,68,20,1,37,57,1.59,.295
Al A Levine,CWS,2,2,6.91,25,0,0,0,0,0,27.1,35,22,21,4,2,16,22,1.87,.313
Jim J Mecir,NYY,0,4,5.88,25,0,0,0,0,0,33.2,36,23,22,5,2,10,25,1.37,.279
Lee L Smith,MON,0,1,5.82,25,0,0,0,5,5,21.2,28,16,14,2,1,8,15,1.66,.308
David D Wainhouse,PIT,0,1,8.04,25,0,0,0,0,0,28.0,34,28,25,2,3,17,21,1.82,.301
Scott S Bailes,TEX,1,0,2.86,24,0,0,0,0,0,22.0,18,9,7,2,0,10,14,1.27,.231
Matt M Beech,PHI,4,9,5.07,24,24,0,0,0,0,136.2,147,81,77,25,5,57,120,1.49,.279
Steve S Karsay,OAK,3,12,5.77,24,24,0,0,0,0,132.2,166,92,85,20,9,47,92,1.61,.304
Marc M Pisciotta,CHC,3,1,3.18,24,0,0,0,0,0,28.1,20,10,10,1,1,16,21,1.27,.200
Randy R Veres,KC,4,0,3.31,24,0,0,0,1,1,35.1,36,17,13,4,3,7,28,1.22,.273
Rich R Batchelor,SD,3,1,5.97,23,0,0,0,0,0,28.2,40,23,19,2,3,14,18,1.88,.339
Alan A Benes,STL,9,9,2.89,23,23,2,0,0,0,161.2,128,60,52,13,4,68,160,1.21,.219
Jeff J D' Amico,MIL,9,7,4.71,23,23,1,1,0,0,135.2,139,81,71,25,8,43,94,1.34,.264
Rick R De Hart,MON,2,1,5.52,23,0,0,0,0,0,29.1,33,21,18,7,0,14,29,1.60,.292
Geremi G Gonzalez,CHC,11,9,4.25,23,23,1,1,0,0,144.0,126,73,68,16,2,69,93,1.35,.236
Robert R Person,TOR,5,10,5.61,23,22,0,0,0,0,128.1,125,86,80,19,5,60,99,1.44,.255
Bruce B Ruffin,COL,0,2,5.32,23,0,0,0,7,7,22.0,18,15,13,3,0,18,31,1.64,.220
Jeff J Suppan,BOS,7,3,5.69,23,22,0,0,0,0,112.1,140,75,71,12,4,36,67,1.57,.305
Dario D Veras,SD,2,1,5.11,23,0,0,0,0,0,24.2,28,18,14,5,2,12,21,1.62,.280
Steve S Avery,BOS,6,7,6.42,22,18,0,0,0,0,96.2,127,76,69,15,2,49,51,1.82,.320
Ricardo R Jordan,NYM,1,2,5.33,22,0,0,0,0,0,27.0,31,17,16,1,2,15,19,1.70,.304
Ramon R Martinez,LA,10,5,3.64,22,22,1,0,0,0,133.2,123,64,54,14,6,68,120,1.43,.243
Ariel A Prieto,OAK,6,8,5.04,22,22,0,0,0,0,125.0,155,84,70,16,5,70,90,1.80,.306
Ken K Ryan,PHI,1,0,9.58,22,0,0,0,0,0,20.2,31,23,22,5,2,13,10,2.13,.344
Tony T Saunders,FLA,4,6,4.61,22,21,0,0,0,0,111.1,99,62,57,12,2,64,102,1.46,.244
Brett B Tomko,CIN,11,7,3.43,22,19,0,0,0,0,126.0,106,50,48,14,4,47,95,1.21,.234
Joe J Borowski,NYY,2,3,4.15,21,0,0,0,0,0,26.0,29,13,12,2,0,20,8,1.88,.284
Vaughn V Eshelman,BOS,3,3,6.33,21,6,0,0,0,0,42.2,58,32,30,3,2,17,18,1.76,.330
Ben B Mc Donald,MIL,8,7,4.06,21,21,1,0,0,0,133.0,120,68,60,13,5,36,110,1.17,.237
Chad C Ogea,CLE,8,9,4.99,21,21,1,0,0,0,126.1,139,79,70,13,5,47,80,1.47,.283
Jim J Pittsley,KC,5,8,5.46,21,21,0,0,0,0,112.0,120,72,68,15,6,54,52,1.55,.277
Dwight D Gooden,NYY,9,5,4.91,20,19,0,0,0,0,106.1,116,61,58,14,7,53,66,1.59,.283
La Troy L Hawkins,MIN,6,12,5.84,20,20,0,0,0,0,103.1,134,71,67,19,4,47,58,1.75,.317
Derek D Lowe,BOS,2,6,6.13,20,9,0,0,0,0,69.0,74,49,47,11,4,23,52,1.41,.279
Garrett G Stephenson,PHI,8,6,3.15,20,18,2,0,0,0,117.0,104,45,41,11,3,38,81,1.21,.244
Dave D Telgheder,OAK,4,6,6.06,20,19,0,0,0,0,101.0,134,71,68,15,2,35,55,1.67,.324
Brian B Bohanon,NYM,6,4,3.82,19,14,0,0,0,0,94.1,95,49,40,9,4,34,66,1.37,.258
Bartolo B Colon,CLE,4,7,5.65,19,17,1,0,0,0,94.0,107,66,59,12,3,45,66,1.62,.286
Joe J Crawford,NYM,4,3,3.30,19,2,0,0,0,0,46.1,36,18,17,7,0,13,25,1.06,.216
Nelson N Cruz,CWS,0,2,6.49,19,0,0,0,0,0,26.1,29,19,19,6,0,9,23,1.44,.274
John J Cummings,DET,2,0,5.47,19,0,0,0,0,0,24.2,32,22,15,3,0,14,8,1.86,.311
Mark M Davis,MIL,0,0,5.51,19,0,0,0,0,0,16.1,21,10,10,4,1,5,14,1.59,.323
Barry B Manuel,NYM,0,1,5.26,19,0,0,0,0,0,25.2,35,18,15,6,1,13,21,1.87,.324
Mike M Oquist,OAK,4,6,5.02,19,17,1,0,0,0,107.2,111,62,60,15,6,43,72,1.43,.266
Al A Reyes,MIL,1,2,5.46,19,0,0,0,1,1,29.2,32,19,18,4,3,9,28,1.38,.274
David D Weathers,CLE,1,3,8.42,19,1,0,0,0,0,25.2,38,24,24,3,1,15,18,2.06,.355
Bob B Wolcott,SEA,5,6,6.03,19,18,0,0,0,0,100.0,129,71,67,22,5,29,58,1.58,.314
Brian B Bevil,KC,1,2,6.61,18,0,0,0,1,1,16.1,16,13,12,1,1,9,13,1.53,.267
John J Johnstone,SF,0,0,3.24,18,0,0,0,0,0,25.0,22,9,9,1,4,14,19,1.44,.250
Richie R Lewis,CIN,2,0,8.88,18,0,0,0,0,0,24.1,28,26,24,10,1,18,16,1.89,.292
Kevin K Ritz,COL,6,8,5.87,18,18,1,0,0,0,107.1,142,72,70,16,1,46,56,1.75,.330
Scott S Ruffcorn,PHI,0,3,7.71,18,4,0,0,0,0,39.2,42,40,34,4,7,36,33,1.97,.275
Pete P Schourek,CIN,5,8,5.42,18,17,0,0,0,0,84.2,78,59,51,18,4,38,59,1.37,.241
Fernando F Valenzuela,STL,2,12,4.96,18,18,1,0,0,0,89.0,106,61,49,12,5,46,61,1.71,.295
William W Van Landingham,SF,4,7,4.96,18,17,0,0,0,0,89.0,80,56,49,11,0,59,52,1.56,.237
Scott S Aldred,MIN,2,10,7.68,17,15,0,0,0,0,77.1,102,66,66,20,3,28,33,1.68,.323
Antonio A Alfonseca,FLA,1,3,4.91,17,0,0,0,0,0,25.2,36,16,14,3,1,10,19,1.79,.324
Luis L Andujar,TOR,0,6,6.48,17,8,0,0,0,0,50.0,76,45,36,9,0,21,28,1.94,.352
John J Burke,COL,2,5,6.56,17,9,0,0,0,0,59.0,83,46,43,13,6,26,39,1.85,.329
Livan L Hernandez,FLA,9,3,3.18,17,17,0,0,0,0,96.1,81,39,34,5,3,38,72,1.24,.229
Danny D Jackson,SD,2,9,7.58,17,13,0,0,0,0,67.2,98,64,57,11,5,28,32,1.86,.351
Mike M Mimbs,PHI,0,3,7.53,17,1,0,0,0,0,28.2,31,27,24,6,3,27,29,2.02,.272
Heath H Murray,SD,1,2,6.75,17,3,0,0,0,0,33.1,50,25,25,3,4,21,16,2.13,.376
Tim T Scott,COL,1,1,8.14,17,0,0,0,0,0,21.0,30,20,19,2,3,7,16,1.76,.337
Shayne S Bennett,MON,0,1,3.18,16,0,0,0,0,0,22.2,21,9,8,2,0,9,8,1.32,.247
Toby T Borland,BOS,0,1,7.56,16,0,0,0,1,1,16.2,17,14,14,2,3,21,8,2.28,.262
Eddie E Gaillard,DET,1,0,5.31,16,0,0,0,1,1,20.1,16,12,12,2,0,10,12,1.28,.211
Josias J Manzanillo,SEA,0,1,5.40,16,0,0,0,0,0,18.1,19,13,11,3,0,17,18,1.96,.275
Mike M Perez,KC,2,0,3.54,16,0,0,0,0,0,20.1,15,8,8,2,1,8,17,1.13,.214
Armando A Reynoso,NYM,6,3,4.53,16,16,1,1,0,0,91.1,95,47,46,7,6,29,47,1.36,.275
Scott S Service,KC,0,3,6.45,16,0,0,0,0,0,22.1,28,16,16,2,0,6,22,1.52,.326
Dave D Stevens,CHC,1,5,9.19,16,6,0,0,0,0,32.1,54,34,33,8,1,26,29,2.47,.370
Paul P Wagner,MIL,1,0,4.50,16,0,0,0,0,0,18.0,20,9,9,4,0,13,9,1.83,.290
Jaret J Wright,CLE,8,3,4.38,16,16,0,0,0,0,90.1,81,45,44,9,5,35,63,1.28,.238
Mark M Acre,OAK,2,0,5.74,15,0,0,0,0,0,15.2,21,10,10,1,0,8,12,1.85,.318
Greg G Cadaret,ANA,0,0,3.29,15,0,0,0,0,0,13.2,11,5,5,1,2,8,11,1.39,.220
Danny D Graves,CIN,0,0,5.54,15,0,0,0,0,0,26.0,41,22,16,2,0,20,11,2.35,.376
Ryan R Karp,PHI,1,1,5.40,15,1,0,0,0,0,15.0,12,12,9,2,2,9,18,1.40,.218
Kerry K Ligtenberg,ATL,1,0,3.00,15,0,0,0,1,1,15.0,12,5,5,4,0,4,19,1.07,.211
Calvin C Maduro,PHI,3,7,7.23,15,13,0,0,0,0,71.0,83,59,57,12,3,41,31,1.75,.294
Brady B Raggio,STL,1,2,6.89,15,4,0,0,0,0,31.1,44,24,24,1,1,16,21,1.91,.336
Chris C Carpenter,TOR,3,7,5.09,14,13,1,1,0,0,81.1,108,55,46,7,2,37,55,1.78,.325
Jeff J Darwin,CWS,0,1,5.27,14,0,0,0,0,0,13.2,17,8,8,1,0,7,9,1.76,.298
Tyler T Green,PHI,4,4,4.93,14,14,0,0,0,0,76.2,72,50,42,8,1,45,58,1.53,.247
Mark M Holzemer,SEA,0,0,6.00,14,0,0,0,1,1,9.0,9,6,6,0,0,8,7,1.89,.250
Donovan D Osborne,STL,3,7,4.93,14,14,0,0,0,0,80.1,84,46,44,10,1,23,51,1.33,.274
Lance L Painter,STL,1,1,4.76,14,0,0,0,0,0,17.0,13,9,9,1,0,8,11,1.24,.213
Dennys D Reyes,LA,2,3,3.83,14,5,0,0,0,0,47.0,51,21,20,4,1,18,36,1.47,.280
Brad B Rigby,OAK,1,7,4.87,14,14,0,0,0,0,77.2,92,44,42,14,2,22,34,1.47,.302
Bill B Swift,COL,4,6,6.34,14,13,0,0,0,0,65.1,85,57,46,11,2,26,29,1.70,.318
Salomon S Torres,MON,0,0,9.82,14,0,0,0,0,0,25.2,32,29,28,2,3,15,11,1.83,.305
Willie W Adams,OAK,3,5,8.18,13,12,0,0,0,0,58.1,73,53,53,9,4,32,37,1.80,.307
Jeff J Brantley,CIN,1,1,3.86,13,0,0,0,1,1,11.2,9,5,5,2,2,7,16,1.37,.205
Terry T Burrows,SD,0,2,10.45,13,0,0,0,0,0,10.1,12,13,12,1,1,8,8,1.94,.286
Terry T Clark,TEX,1,7,6.00,13,9,0,0,0,0,57.0,70,41,38,6,2,23,24,1.63,.307
Roberto R Duran,DET,0,0,7.59,13,0,0,0,0,0,10.2,7,9,9,0,3,15,11,2.06,.189
Juan J Guzman,TOR,3,6,4.95,13,13,0,0,0,0,60.0,48,42,33,14,2,31,52,1.32,.213
Jimmy J Haynes,OAK,3,6,4.42,13,13,0,0,0,0,73.1,74,38,36,7,2,40,65,1.55,.262
Edwin E Hurtado,SEA,1,2,9.00,13,1,0,0,0,0,19.0,25,19,19,5,2,15,10,2.11,.329
Hideki H Irabu,NYY,5,4,7.09,13,9,0,0,0,0,53.1,69,47,42,15,1,20,56,1.67,.311
Travis T Miller,MIN,1,5,7.63,13,7,0,0,0,0,48.1,64,49,41,8,1,23,26,1.80,.320
Kevin K Tapani,CHC,9,3,3.39,13,13,1,1,0,0,85.0,77,33,32,7,2,23,55,1.18,.242
Brian B Williams,BAL,0,0,3.00,13,0,0,0,0,0,24.0,20,8,8,0,0,18,14,1.58,.220
Manny M Aybar,STL,2,4,4.24,12,12,0,0,0,0,68.0,66,33,32,8,4,29,41,1.40,.263
Jose J Cabrera,HOU,0,0,1.17,12,0,0,0,0,0,15.1,6,2,2,1,0,6,18,0.78,.125
Rich R Garces,BOS,0,1,4.61,12,0,0,0,0,0,13.2,14,9,7,2,1,9,12,1.68,.255
Kevin K Gross,ANA,2,1,6.75,12,3,0,0,0,0,25.1,30,20,19,4,1,20,20,1.97,.313
Marty M Janzen,TOR,2,1,3.60,12,0,0,0,0,0,25.0,23,11,10,4,0,13,17,1.44,.250
Marc M Kroon,SD,0,1,6.35,12,0,0,0,0,0,11.1,14,9,8,2,1,5,12,1.68,.280
Andrew A Lorraine,OAK,3,1,6.37,12,6,0,0,0,0,29.2,45,22,21,2,1,15,18,2.02,.354
Kevin K Millwood,ATL,5,3,4.03,12,8,0,0,0,0,51.1,55,26,23,1,2,21,42,1.48,.282
Terrell T Wade,ATL,2,3,5.36,12,9,0,0,0,0,42.0,60,31,25,6,2,16,35,1.81,.349
Gabe G White,CIN,2,2,4.39,12,6,0,0,1,1,41.0,39,20,20,6,1,8,25,1.15,.253
Miguel M Batista,CHC,0,5,5.70,11,6,0,0,0,0,36.1,36,24,23,4,1,24,27,1.65,.267
Todd T Erdos,SD,2,0,5.27,11,0,0,0,0,0,13.2,17,9,8,1,2,4,13,1.54,.293
Scott S Eyre,CWS,4,4,5.04,11,11,0,0,0,0,60.2,62,36,34,11,1,31,36,1.53,.267
Osvaldo O Fernandez,SF,3,4,4.95,11,11,0,0,0,0,56.1,74,39,31,9,0,15,31,1.58,.314
Greg G Keagle,DET,3,5,6.55,11,10,0,0,0,0,45.1,58,33,33,9,5,18,33,1.68,.309
Tim T Kubinski,OAK,0,0,5.68,11,0,0,0,0,0,12.2,12,9,8,2,1,6,10,1.42,.255
Eric E Ludwick,OAK,1,5,8.51,11,5,0,0,0,0,30.2,44,31,29,8,1,22,21,2.15,.346
Blas B Minor,HOU,1,0,4.50,11,0,0,0,1,1,12.0,13,7,6,1,1,5,6,1.50,.277
Roger R Pavlik,TEX,3,5,4.37,11,11,0,0,0,0,57.2,59,29,28,7,1,31,35,1.56,.267
Matt M Perisho,ANA,0,2,6.00,11,8,0,0,0,0,45.0,59,34,30,6,3,28,35,1.93,.324
Jose J Silva,PIT,2,1,5.94,11,4,0,0,0,0,36.1,52,26,24,4,1,16,30,1.87,.347
Jeff J Wallace,PIT,0,0,0.75,11,0,0,0,0,0,12.0,8,2,1,0,0,8,14,1.33,.200
Jose J Alberro,TEX,0,3,7.94,10,4,0,0,0,0,28.1,37,33,25,4,1,17,11,1.91,.303
Ken K Cloude,SEA,4,2,5.12,10,9,0,0,0,0,51.0,41,32,29,8,3,26,46,1.31,.218
John J Ericks,PIT,1,0,1.93,10,0,0,0,6,6,9.1,7,3,2,1,0,4,6,1.18,.200
Mike M Harkey,LA,1,0,4.30,10,0,0,0,0,0,14.2,12,8,7,3,0,5,6,1.16,.211
Pete P Harnisch,MIL,1,2,7.03,10,8,0,0,0,0,39.2,48,33,31,6,1,23,22,1.79,.300
Wilson W Heredia,TEX,1,0,3.20,10,0,0,0,0,0,19.2,14,9,7,2,0,16,8,1.53,.197
Rick R Krivda,BAL,4,2,6.30,10,10,0,0,0,0,50.0,67,36,35,7,0,18,29,1.70,.328
Joey J Long,SD,0,0,8.18,10,0,0,0,0,0,11.0,17,11,10,1,1,8,8,2.27,.340
Pat P Mahomes,BOS,1,0,8.10,10,0,0,0,0,0,10.0,15,10,9,2,2,10,5,2.50,.366
Angel A Miranda,MIL,0,0,3.86,10,0,0,0,0,0,14.0,17,6,6,1,3,9,8,1.86,.309
Eric E Moody,TEX,0,1,4.26,10,1,0,0,0,0,19.0,26,10,9,4,0,2,12,1.47,.329
Amaury A Telemaco,CHC,0,3,6.16,10,5,0,0,0,0,38.0,47,26,26,4,0,11,29,1.53,.303
Mike M Williams,KC,0,2,6.43,10,0,0,0,1,1,14.0,20,11,10,1,1,8,10,2.00,.333
Mike M Bertotti,CWS,0,0,7.36,9,0,0,0,0,0,3.2,9,3,3,0,0,2,4,3.00,.450
Jeff J Granger,PIT,0,0,18.00,9,0,0,0,0,0,5.0,10,10,10,3,0,8,4,3.60,.417
Mark M Langston,ANA,2,4,5.85,9,9,0,0,0,0,47.2,61,34,31,8,0,29,30,1.89,.316
Dennis D Martinez,SEA,1,5,7.71,9,9,0,0,0,0,49.0,65,46,42,8,7,29,17,1.92,.327
Paul P Menhart,SD,2,3,4.70,9,8,0,0,0,0,44.0,42,23,23,6,0,13,22,1.25,.256
Jose J Paniagua,MON,1,2,12.00,9,3,0,0,0,0,18.0,29,24,24,2,4,16,8,2.50,.372
Yorkis Y Perez,NYM,0,1,8.31,9,0,0,0,0,0,8.2,15,8,8,2,0,4,7,2.19,.375
Tanyon T Sturtze,TEX,1,1,8.27,9,5,0,0,0,0,32.2,45,30,30,6,0,18,18,1.93,.338
Brian B Anderson,CLE,4,2,4.69,8,8,0,0,0,0,48.0,55,28,25,7,0,11,22,1.38,.301
Huck H Flener,TOR,0,1,9.87,8,1,0,0,0,0,17.1,40,19,19,3,0,6,9,2.65,.444
Chris C Haney,KC,1,2,4.38,8,3,0,0,0,0,24.2,29,16,12,1,2,5,16,1.38,.290
Pedro P Martinez,CIN,1,1,9.45,8,0,0,0,0,0,6.2,8,9,7,1,1,7,4,2.25,.286
Jack J Mc Dowell,CLE,3,3,5.09,8,6,0,0,0,0,40.2,44,25,23,6,1,18,38,1.52,.282
Ramon R Morel,CHC,0,0,4.76,8,0,0,0,0,0,11.1,14,6,6,3,0,7,7,1.85,.304
Bobby B Munoz,PHI,1,5,8.91,8,7,0,0,0,0,33.1,47,35,33,4,2,15,20,1.86,.338
Donne D Wall,HOU,2,5,6.26,8,8,0,0,0,0,41.2,53,31,29,8,2,16,25,1.66,.317
Jay J Witasick,OAK,0,0,5.73,8,0,0,0,0,0,11.0,14,7,7,2,0,6,8,1.82,.304
Cory C Bailey,SF,0,1,8.38,7,0,0,0,0,0,9.2,15,9,9,1,0,4,5,1.97,.375
Chris C Brock,ATL,0,0,5.58,7,6,0,0,0,0,30.2,34,23,19,2,0,19,16,1.73,.288
Anthony A Chavez,ANA,0,0,0.93,7,0,0,0,0,0,9.2,7,1,1,1,0,5,10,1.24,.206
Glenn G Dishman,DET,1,2,5.28,7,4,0,0,0,0,29.0,30,18,17,4,2,8,20,1.31,.268
Tom T Fordham,CWS,0,1,6.23,7,1,0,0,0,0,17.1,17,13,12,2,1,10,10,1.56,.266
Kurt K Miller,FLA,0,1,9.82,7,0,0,0,0,0,7.1,12,8,8,2,1,7,7,2.59,.364
Kirt K Ojala,FLA,1,2,3.14,7,5,0,0,0,0,28.2,28,10,10,4,0,18,19,1.60,.252
Mike M Sirotka,CWS,3,0,2.25,7,4,0,0,0,0,32.0,36,9,8,4,1,5,24,1.28,.290
Mitch M Williams,KC,0,1,10.80,7,0,0,0,0,0,6.2,11,8,8,2,0,7,10,2.70,.367
Darrin D Winston,PHI,2,0,5.25,7,1,0,0,0,0,12.0,8,8,7,4,2,3,8,0.92,.178
Steve S Woodard,MIL,3,3,5.15,7,7,0,0,0,0,36.2,39,25,21,5,2,6,32,1.23,.269
Rene R Arocha,SF,0,0,11.32,6,0,0,0,0,0,10.1,17,14,13,2,1,5,7,2.13,.370
Jason J Bere,CWS,4,2,4.71,6,6,0,0,0,0,28.2,20,15,15,4,3,17,21,1.29,.198
Dan D Carlson,SF,0,0,7.63,6,0,0,0,0,0,15.1,20,14,13,5,0,8,14,1.83,.317
Mike M Grace,PHI,3,2,3.46,6,6,1,1,0,0,39.0,32,16,15,3,1,10,26,1.08,.230
Gary G Haught,OAK,0,0,7.15,6,0,0,0,0,0,11.1,12,9,9,3,2,6,11,1.59,.279
Jason J Isringhausen,NYM,2,2,7.58,6,6,0,0,0,0,29.2,40,27,25,3,1,22,25,2.09,.336
Sean S Lowe,STL,0,2,9.35,6,4,0,0,0,0,17.1,27,21,18,2,1,10,8,2.13,.365
Mike M Maddux,SEA,1,0,10.13,6,0,0,0,0,0,10.2,20,12,12,1,1,8,7,2.63,.400
Nerio N Rodriguez,BAL,2,1,4.91,6,2,0,0,0,0,22.0,21,15,12,2,1,8,11,1.32,.250
Bret B Saberhagen,BOS,0,1,6.58,6,6,0,0,0,0,26.0,30,20,19,5,2,10,14,1.54,.288
Dan D Serafini,MIN,2,1,3.42,6,4,1,0,0,0,26.1,27,11,10,1,0,11,15,1.44,.273
Mark M Thompson,COL,3,3,7.89,6,6,0,0,0,0,29.2,40,27,26,8,4,13,9,1.79,.323
Willie W Banks,NYY,3,0,1.93,5,1,0,0,0,0,14.0,9,3,3,0,1,6,8,1.07,.188
Shane S Bowers,MIN,0,3,8.05,5,5,0,0,0,0,19.0,27,20,17,2,1,8,7,1.84,.329
Robinson R Checo,BOS,1,1,3.38,5,2,0,0,0,0,13.1,12,5,5,0,0,3,14,1.13,.235
Chris C Clemons,CWS,0,2,8.53,5,2,0,0,0,0,12.2,19,13,12,4,1,11,8,2.37,.345
Rocky R Coppinger,BAL,1,1,6.30,5,4,0,0,0,0,20.0,21,14,14,2,1,16,22,1.85,.273
Steve S Falteisek,MON,0,0,3.38,5,0,0,0,0,0,8.0,8,4,3,0,1,3,2,1.38,.286
Jamie J Mc Andrew,MIL,1,1,8.38,5,4,0,0,0,0,19.1,24,19,18,1,2,23,8,2.43,.304
Mike M Misuraca,MIL,0,0,11.32,5,0,0,0,0,0,10.1,15,13,13,5,0,7,10,2.13,.333
Rodney R Myers,CHC,0,0,6.00,5,1,0,0,0,0,9.0,12,6,6,1,1,7,6,2.11,.333
Larry L Thomas,CWS,0,0,8.10,5,0,0,0,0,0,3.1,3,3,3,1,0,2,0,1.50,.250
Mike M Thurman,MON,1,0,5.40,5,2,0,0,0,0,11.2,8,9,7,3,1,4,8,1.03,.186
Scott S Winchester,CIN,0,0,6.00,5,0,0,0,0,0,6.0,9,5,4,1,1,2,3,1.83,.360
Carlos C Almanzar,TOR,0,1,2.70,4,0,0,0,0,0,3.1,1,1,1,1,0,1,4,0.60,.091
Rafael R Carmona,SEA,0,0,3.18,4,0,0,0,0,0,5.2,3,3,2,1,0,2,6,0.88,.150
Rick R Gorecki,LA,1,0,15.00,4,1,0,0,0,0,6.0,9,10,10,3,0,6,6,2.50,.346
Oscar O Henriquez,HOU,0,1,4.50,4,0,0,0,0,0,4.0,2,2,2,0,1,3,3,1.25,.167
Bobby B Jones,COL,1,1,8.38,4,4,0,0,0,0,19.1,30,18,18,2,0,12,5,2.17,.380
Steve S Montgomery,OAK,0,1,9.95,4,0,0,0,0,0,6.1,10,7,7,2,0,8,1,2.84,.385
Ryan R Nye,PHI,0,2,8.25,4,2,0,0,0,0,12.0,20,11,11,2,2,9,7,2.42,.392
Edgar E Ramos,PHI,0,2,5.14,4,2,0,0,0,0,14.0,15,9,8,3,1,6,4,1.50,.288
Jose J Santiago,KC,0,0,1.93,4,0,0,0,0,0,4.2,7,2,1,0,1,2,1,1.93,.333
Mike M Bovee,ANA,0,0,5.40,3,0,0,0,0,0,3.1,3,2,2,1,0,1,5,1.20,.231
Mike M Busby,STL,0,2,8.79,3,3,0,0,0,0,14.1,24,14,14,2,0,4,6,1.95,.393
Jim J Converse,KC,0,0,3.60,3,0,0,0,0,0,5.0,4,2,2,2,0,5,3,1.80,.222
Doug D Creek,SF,1,2,6.75,3,3,0,0,0,0,13.1,12,12,10,1,0,14,14,1.95,.240
Elmer E Dessens,PIT,0,0,0.00,3,0,0,0,0,0,3.1,2,0,0,0,1,0,2,0.60,.167
Bryan B Eversgerd,TEX,0,2,20.25,3,0,0,0,0,0,1.1,5,3,3,0,0,3,2,6.00,.556
Greg G Hansell,MIL,0,0,9.64,3,0,0,0,0,0,4.2,5,5,5,1,1,1,5,1.29,.263
Erik E Hanson,TOR,0,0,7.80,3,2,0,0,0,0,15.0,15,13,13,3,0,6,18,1.40,.254
Jason J Johnson,PIT,0,0,6.00,3,0,0,0,0,0,6.0,10,4,4,2,0,1,3,1.83,.400
Sean S Maloney,MIL,0,0,5.14,3,0,0,0,0,0,7.0,7,4,4,1,2,2,5,1.29,.304
Allen A Mc Dill,KC,0,0,13.50,3,0,0,0,0,0,4.0,3,6,6,1,1,8,2,2.75,.214
Mark M Portugal,PHI,0,2,4.61,3,3,0,0,0,0,13.2,17,8,7,0,0,5,2,1.61,.321
Bill B Risley,TOR,0,1,8.31,3,0,0,0,0,0,4.1,3,4,4,2,0,2,2,1.15,.188
Ken K Robinson,TOR,0,0,2.70,3,0,0,0,0,0,3.1,1,1,1,1,0,1,4,0.60,.100
Everett E Stull,MON,0,1,16.20,3,0,0,0,0,0,3.1,7,7,6,1,0,4,2,3.30,.438
Jeff J Tabaka,CIN,0,0,4.50,3,0,0,0,0,0,2.0,1,1,1,1,2,1,1,1.00,.143
Esteban E Yan,BAL,0,1,15.83,3,2,0,0,0,0,9.2,20,18,17,3,2,7,4,2.79,.417
Manuel M Barrios,HOU,0,0,12.00,2,0,0,0,0,0,3.0,6,4,4,0,0,3,3,3.00,.400
Robbie R Beckett,COL,0,0,5.40,2,0,0,0,0,0,1.2,1,1,1,0,0,1,2,1.20,.167
Giovanni G Carrara,CIN,0,1,7.84,2,2,0,0,0,0,10.1,14,9,9,4,0,6,5,1.94,.333
Jim J Crowell,CIN,0,1,9.95,2,1,0,0,0,0,6.1,12,7,7,2,0,5,3,2.68,.414
Tim T Davis,SEA,0,0,6.75,2,0,0,0,0,0,6.2,6,5,5,1,1,4,10,1.50,.231
Tommy T Greene,HOU,0,1,7.00,2,2,0,0,0,0,9.0,10,7,7,2,0,5,11,1.67,.286
Ken K Grundt,BOS,0,0,9.00,2,0,0,0,0,0,3.0,5,3,3,0,0,0,0,1.67,.357
Mark M Gubicza,ANA,0,1,25.07,2,2,0,0,0,0,4.2,13,13,13,2,0,3,5,3.43,.481
Fernando F Hernandez,DET,0,0,40.50,2,0,0,0,0,0,1.1,5,6,6,0,1,3,2,6.00,.556
Rick R Honeycutt,STL,0,0,13.50,2,0,0,0,0,0,2.0,5,3,3,0,0,1,2,3.00,.500
Tom T Mc Graw,STL,0,0,0.00,2,0,0,0,0,0,1.2,2,0,0,0,0,1,0,1.80,.333
Nate N Minchey,COL,0,0,13.50,2,0,0,0,0,0,2.0,5,3,3,0,0,1,1,3.00,.556
Donn D Pall,FLA,0,0,3.86,2,0,0,0,0,0,2.1,3,1,1,1,0,1,0,1.71,.300
Tim T Pugh,DET,1,1,5.00,2,2,0,0,0,0,9.0,6,5,5,0,0,5,4,1.22,.188
Bryan B Rekar,COL,1,0,5.79,2,2,0,0,0,0,9.1,11,7,6,3,0,6,4,1.82,.282
Danny D Rios,NYY,0,0,19.29,2,0,0,0,0,0,2.1,9,5,5,3,1,2,1,4.71,.563
Dave D Swartzbaugh,CHC,0,1,9.00,2,2,0,0,0,0,8.0,12,8,8,1,1,7,4,2.38,.364
Steve S Wojciechowski,OAK,0,2,7.84,2,2,0,0,0,0,10.1,17,9,9,2,0,1,5,1.74,.386
Mike M Benjamin S,BOS,0,0,0.00,1,0,0,0,0,0,1.0,0,0,0,0,0,0,0,0.00,.000
Wade W Boggs,NYY,0,0,0.00,1,0,0,0,0,0,1.0,0,0,0,0,0,1,1,1.00,.000
John J Cangelosi C,FLA,0,0,0.00,1,0,0,0,0,0,1.0,0,0,0,0,0,1,0,1.00,.000
Rheal R Cormier,MON,0,1,33.75,1,1,0,0,0,0,1.1,4,5,5,1,0,1,0,3.75,.500
Roland R De La Maza,KC,0,0,4.50,1,0,0,0,0,0,2.0,1,1,1,1,0,1,1,1.00,.125
Joey J Eischen,CIN,0,0,6.75,1,0,0,0,0,0,1.1,2,2,1,0,0,1,2,2.25,.333
Sid S Fernandez,HOU,1,0,3.60,1,1,0,0,0,0,5.0,4,2,2,1,0,2,3,1.20,.211
Gary G Gaetti,STL,0,0,0.00,1,0,0,0,0,0,0.1,1,0,0,0,1,0,0,3.00,.500
Mike M Judd,LA,0,0,0.00,1,0,0,0,0,0,2.2,4,0,0,0,0,0,4,1.50,.364
John J Le Roy,ATL,1,0,0.00,1,0,0,0,0,0,2.0,1,0,0,0,0,3,3,2.00,.143
Brian B Rose,BOS,0,0,12.00,1,1,0,0,0,0,3.0,5,4,4,0,0,2,3,2.33,.357
Shad S Williams,ANA,0,0,0.00,1,0,0,0,0,0,1.0,1,0,0,0,0,1,0,2.00,.250
