PLAYER,TEAM,AB,R,H,2B,3B,HR,RBI,BB,SO,SB,CS,AVG,OBP,SLG,OPS
Jeff J Bagwell,HOU,162,566,109,162,40,2,43,135,127,122,31,10,.286,.425,.592,1.017
Craig C Biggio,HOU,162,619,146,191,37,8,22,81,84,107,47,10,.309,.415,.501,.916
Brian L. B Hunter C,DET,162,658,112,177,29,7,4,45,66,121,74,18,.269,.334,.353,.687
Eric E Karros,LA,162,628,86,167,28,0,31,104,61,116,15,7,.266,.329,.459,.787
Cal C Ripken,BAL,162,615,79,166,30,0,17,84,56,73,1,0,.270,.331,.402,.732
Sammy S Sosa R,CHC,162,642,90,161,31,4,36,119,45,174,22,12,.251,.300,.480,.780
Albert A Belle L,CWS,161,634,90,174,45,1,30,116,53,105,4,4,.274,.332,.491,.823
Todd T Zeile,LA,160,575,89,154,17,0,31,90,85,112,8,7,.268,.365,.459,.824
Barry B Bonds L,SF,159,532,123,155,26,5,40,101,145,87,37,8,.291,.446,.585,1.031
Vinny V Castilla,COL,159,612,94,186,25,2,40,113,44,108,2,4,.304,.356,.547,.904
Tony T Clark,DET,159,580,105,160,28,3,32,117,93,144,1,3,.276,.376,.500,.876
Derek D Jeter S,NYY,159,654,116,190,31,7,10,70,74,125,23,12,.291,.370,.405,.776
Raul R Mondesi,LA,159,616,95,191,42,5,30,87,44,105,32,15,.310,.360,.541,.901
Tino T Martinez,NYY,158,594,96,176,31,2,44,141,75,75,3,1,.296,.371,.577,.948
Rafael R Palmeiro,BAL,158,614,95,156,24,2,38,110,67,109,5,2,.254,.329,.485,.815
Jay J Buhner R,SEA,157,540,104,131,18,2,40,109,119,175,0,0,.243,.383,.506,.889
Joe J Carter D,TOR,157,612,76,143,30,4,21,102,40,105,8,2,.234,.284,.399,.683
Rusty R Greer L,TEX,157,601,112,193,42,3,26,87,83,87,9,5,.321,.405,.531,.936
Ken K Griffey C,SEA,157,608,125,185,34,3,56,147,76,121,15,4,.304,.382,.646,1.028
Chipper C Jones,ATL,157,597,100,176,41,3,21,111,76,88,20,5,.295,.371,.479,.850
Tim T Salmon R,ANA,157,582,95,172,28,1,33,129,95,142,9,12,.296,.394,.517,.911
J. T. J Snow,SF,157,531,81,149,36,1,28,104,96,124,6,4,.281,.387,.510,.898
Geronimo G Berroa R,BAL,156,561,88,159,25,0,26,90,76,120,4,4,.283,.369,.467,.836
Mark M Grudzielanek S,MON,156,649,76,177,54,3,4,51,23,76,25,9,.273,.307,.384,.690
Chuck C Knoblauch,MIN,156,611,117,178,26,10,9,58,84,84,62,10,.291,.390,.411,.800
Mark M Mc Gwire,STL,156,540,86,148,27,0,58,123,101,159,3,0,.274,.393,.646,1.039
Dave D Nilsson,MIL,156,554,71,154,33,0,20,81,65,88,2,3,.278,.352,.446,.798
Scott S Rolen,PHI,156,561,93,159,35,3,21,92,76,138,16,6,.283,.377,.469,.846
Ray R Durham,CWS,155,634,106,172,27,5,11,53,61,96,33,16,.271,.337,.382,.719
Jeff J Kent,SF,155,580,90,145,38,2,29,121,48,133,11,3,.250,.316,.472,.789
Jeff J King,KC,155,543,84,129,30,1,28,112,89,96,16,5,.238,.341,.451,.792
Edgar E Martinez D,SEA,155,542,104,179,35,1,28,108,119,86,2,4,.330,.456,.554,1.009
Gerald G Williams C,MIL,155,566,73,143,32,2,10,41,19,90,23,9,.253,.282,.369,.651
Tony T Womack,PIT,155,641,85,178,26,9,6,50,43,109,60,7,.278,.326,.374,.700
Eric E Young Sr.,LA,155,622,106,174,33,8,8,61,71,54,45,14,.280,.359,.397,.756
Garret G Anderson L,ANA,154,624,76,189,36,3,8,92,30,70,10,4,.303,.334,.409,.743
Jeff J Cirillo,MIL,154,580,74,167,46,2,10,82,60,74,4,3,.288,.367,.426,.793
Royce R Clayton S,STL,154,576,75,153,39,5,9,61,33,109,30,10,.266,.306,.398,.704
Gary G Disarcina S,ANA,154,549,52,135,28,2,4,47,17,29,7,8,.246,.271,.326,.597
Travis T Fryman,DET,154,595,90,163,27,3,22,102,46,113,16,3,.274,.326,.440,.766
Andres A Galarraga,COL,154,600,120,191,31,3,41,140,54,141,15,8,.318,.389,.585,.974
John J Olerud,NYM,154,524,90,154,34,1,22,102,85,67,0,0,.294,.400,.489,.888
Edgar E Renteria S,FLA,154,617,90,171,21,3,4,52,45,108,32,15,.277,.327,.340,.668
Jay J Bell S,KC,153,573,89,167,28,3,21,92,71,101,10,6,.291,.368,.461,.829
Bobby B Bonilla,FLA,153,562,77,167,39,3,17,96,73,94,6,6,.297,.378,.468,.846
Mike M Bordick S,BAL,153,509,55,120,19,1,7,46,33,66,0,2,.236,.283,.318,.601
Darren D Bragg C,BOS,153,513,65,132,35,2,9,57,61,102,10,6,.257,.337,.386,.723
Jeromy J Burnitz R,MIL,153,494,85,139,37,8,27,85,75,111,20,13,.281,.382,.553,.934
Carlos C Delgado,TOR,153,519,79,136,42,3,30,91,64,133,0,3,.262,.350,.528,.878
Nomar N Garciaparra S,BOS,153,684,122,209,44,11,30,98,35,92,22,9,.306,.342,.534,.875
Andruw A Jones R,ATL,153,399,60,92,18,1,18,70,56,107,20,11,.231,.329,.416,.745
Brian B Mc Rae C,NYM,153,562,86,136,32,7,11,43,65,84,17,10,.242,.326,.383,.708
Omar O Vizquel S,CLE,153,565,89,158,23,6,5,49,57,58,43,12,.280,.347,.368,.715
Larry L Walker R,COL,153,568,143,208,46,4,49,130,78,90,33,8,.366,.452,.720,1.172
Luis L Gonzalez,HOU,152,550,78,142,31,2,10,68,71,67,10,7,.258,.345,.376,.722
Fred F Mc Griff,ATL,152,564,77,156,25,1,22,97,68,112,5,0,.277,.356,.441,.797
Mike M Piazza,LA,152,556,104,201,32,1,40,124,69,77,5,1,.362,.431,.638,1.070
Edgardo E Alfonzo,NYM,151,518,84,163,27,2,10,72,63,56,11,6,.315,.391,.432,.823
Brady B Anderson C,BAL,151,590,97,170,39,7,18,73,84,105,18,12,.288,.393,.469,.863
Dante D Bichette L,COL,151,561,81,173,31,2,26,118,30,90,6,5,.308,.343,.510,.853
Jeff J Blauser S,ATL,151,519,90,160,31,4,17,70,70,101,5,1,.308,.405,.482,.886
Jeff J Conine,FLA,151,405,46,98,13,1,17,61,57,89,2,0,.242,.337,.405,.742
Damion D Easley,DET,151,527,97,139,37,3,22,72,68,102,28,13,.264,.362,.471,.833
Mark M Grace,CHC,151,555,87,177,32,5,13,78,88,45,2,4,.319,.409,.465,.874
Willie W Greene,CIN,151,495,62,125,22,1,26,91,78,111,6,0,.253,.354,.459,.812
Jose J Vizcaino S,SF,151,568,77,151,19,7,5,50,48,87,8,8,.266,.323,.350,.673
Rondell R White C,MON,151,592,84,160,29,5,28,82,31,111,16,8,.270,.316,.478,.794
Matt M Williams,CLE,151,596,86,157,32,3,32,105,34,108,12,4,.263,.307,.488,.795
Moises M Alou L,FLA,150,538,88,157,29,5,23,115,70,85,9,5,.292,.373,.493,.866
Delino D De Shields,STL,150,572,92,169,26,14,11,58,55,72,55,14,.295,.357,.448,.804
Chris C Gomez S,SD,150,522,62,132,19,2,5,54,53,114,5,8,.253,.326,.326,.652
Tom T Goodwin C,TEX,150,574,90,149,26,6,2,39,44,88,50,16,.260,.314,.336,.650
Mickey M Morandini,PHI,150,553,83,163,40,2,1,39,62,91,16,13,.295,.371,.380,.751
Manny M Ramirez R,CLE,150,561,99,184,40,0,26,88,79,115,2,3,.328,.415,.538,.953
Ivan I Rodriguez,TEX,150,597,98,187,34,4,20,77,38,89,7,3,.313,.360,.484,.844
Joey J Cora,SEA,149,574,105,172,40,4,11,54,53,49,6,7,.300,.359,.441,.800
Tony T Gwynn R,SD,149,592,97,220,49,2,17,119,43,28,12,5,.372,.409,.547,.956
Dave D Hollins,ANA,149,572,101,165,29,2,16,85,62,124,16,6,.288,.363,.430,.793
Paul P O' Neill R,NYY,149,553,89,179,42,0,21,117,75,92,10,7,.324,.399,.514,.912
Kevin K Stocker S,PHI,149,504,51,134,23,5,4,40,51,91,11,6,.266,.335,.355,.690
Rico R Brogna,PHI,148,543,68,137,36,1,20,81,33,116,12,3,.252,.293,.433,.726
Gary G Gaetti,STL,148,502,63,126,24,1,17,69,36,88,7,3,.251,.305,.404,.710
Deivi D Cruz S,DET,147,436,35,105,26,0,2,40,14,55,3,6,.241,.263,.314,.577
Quinton Q Mc Cracken C,COL,147,325,69,95,11,1,3,36,42,62,28,11,.292,.374,.360,.734
Scott S Spiezio,OAK,147,538,58,131,28,4,14,65,44,75,9,3,.243,.300,.388,.688
B. J. B Surhoff L,BAL,147,528,80,150,30,4,18,88,49,60,1,1,.284,.345,.458,.803
Jim J Thome,CLE,147,496,104,142,25,0,40,102,120,146,1,1,.286,.423,.579,1.001
Johnny J Damon C,KC,146,472,70,130,12,8,8,48,42,70,16,10,.275,.338,.386,.723
Doug D Glanville L,CHC,146,474,79,142,22,5,4,35,24,46,19,11,.300,.333,.392,.726
Bobby B Higginson L,DET,146,546,94,163,30,5,27,101,70,85,12,7,.299,.379,.520,.899
Troy T O' Leary R,BOS,146,499,65,154,32,4,15,80,39,70,0,5,.309,.358,.479,.837
Paul P Sorrento,SEA,146,457,68,123,19,0,31,80,51,112,0,2,.269,.345,.514,.859
Frank F Thomas,CWS,146,530,110,184,35,0,35,125,109,69,1,1,.347,.456,.611,1.067
Dan D Wilson,SEA,146,508,66,137,31,1,15,74,39,72,7,2,.270,.326,.423,.749
Bernard B Gilkey L,NYM,145,518,85,129,31,1,18,78,70,111,7,11,.249,.338,.417,.755
Dave D Martinez R,CWS,145,504,78,144,16,6,12,55,55,69,12,6,.286,.356,.413,.768
Otis O Nixon C,LA,145,576,84,153,18,3,2,44,65,78,59,12,.266,.337,.318,.655
Quilvio Q Veras,SD,145,539,74,143,23,1,3,45,72,84,33,12,.265,.357,.328,.685
Greg G Gagne S,LA,144,514,49,129,20,3,9,57,31,120,2,5,.251,.298,.354,.652
Marquis M Grissom C,CLE,144,558,74,146,27,6,12,66,43,89,22,13,.262,.317,.396,.713
Jason J Kendall,PIT,144,486,71,143,36,4,8,49,49,53,18,6,.294,.391,.434,.825
Mike M Lansing,MON,144,572,86,161,45,2,20,70,45,92,11,5,.281,.338,.472,.810
Steve S Finley C,SD,143,560,101,146,26,5,28,92,43,92,15,3,.261,.313,.475,.788
Jose J Guillen R,PIT,143,498,58,133,20,5,14,70,17,88,1,2,.267,.300,.412,.712
Ryan R Klesko L,ATL,143,467,67,122,23,6,24,84,48,130,4,4,.261,.334,.490,.824
Dean D Palmer,KC,143,542,70,139,31,1,23,86,41,134,2,2,.256,.310,.445,.754
John J Valentin,BOS,143,575,95,176,47,5,18,77,58,66,7,4,.306,.372,.499,.871
Carl C Everett,NYM,142,443,58,110,28,3,14,57,32,102,17,9,.248,.308,.420,.728
Jason J Giambi L,OAK,142,519,66,152,41,2,20,81,55,89,0,1,.293,.362,.495,.857
Ozzie O Guillen S,CWS,142,490,59,120,21,6,4,52,22,24,5,3,.245,.275,.337,.612
Butch B Huskey R,NYM,142,471,61,135,26,2,24,81,25,84,8,5,.287,.319,.503,.822
Stan S Javier R,SF,142,440,69,126,16,4,8,50,56,70,25,3,.286,.368,.395,.764
Matt M Lawton R,MIN,142,460,74,114,29,3,14,60,76,81,7,4,.248,.366,.415,.781
Tony T Phillips,ANA,141,534,96,147,34,2,8,57,102,118,13,10,.275,.392,.391,.783
Alex A Rodriguez S,SEA,141,587,100,176,40,3,23,84,41,99,29,6,.300,.350,.496,.846
Mo M Vaughn,BOS,141,527,91,166,24,0,35,96,86,154,2,2,.315,.420,.560,.980
Ron R Coomer,MIN,140,523,63,156,30,2,13,85,22,91,4,3,.298,.324,.438,.762
Wil W Cordero L,BOS,140,570,82,160,26,3,18,72,31,122,1,3,.281,.320,.432,.752
Chili C Davis D,KC,140,477,71,133,20,0,30,90,85,96,6,3,.279,.386,.509,.896
Bret B Boone,CIN,139,443,40,99,25,1,7,46,45,101,5,5,.223,.298,.332,.630
Darin D Erstad,ANA,139,539,99,161,34,4,16,77,51,86,23,8,.299,.360,.466,.826
Ron R Gant L,STL,139,502,68,115,21,4,17,62,58,162,14,6,.229,.310,.388,.698
David D Justice L,CLE,139,495,84,163,31,1,33,101,80,79,3,5,.329,.418,.596,1.013
Ed E Sprague,TOR,138,504,63,115,29,4,14,48,51,102,0,1,.228,.306,.385,.691
Michael M Tucker R,ATL,138,499,80,141,25,7,14,56,44,116,12,7,.283,.347,.445,.792
Harold H Baines D,BAL,137,452,55,136,23,0,16,67,55,62,0,1,.301,.375,.458,.832
Ken K Caminiti,SD,137,486,92,141,28,0,26,90,80,118,11,2,.290,.389,.508,.897
Lee L Stevens,TEX,137,426,58,128,24,2,21,74,23,83,1,3,.300,.336,.514,.850
Darren D Daulton,FLA,136,395,68,104,21,8,14,63,76,74,6,1,.263,.378,.463,.841
Reggie R Jefferson D,BOS,136,489,74,156,33,1,13,67,24,93,1,2,.319,.358,.470,.828
Jose J Valentin S,MIL,136,494,58,125,23,1,17,58,39,109,19,8,.253,.310,.407,.717
Shawn S Green R,TOR,135,429,57,123,22,4,16,53,36,99,14,3,.287,.340,.469,.809
Wally W Joyner,SD,135,455,59,149,29,2,13,83,51,51,3,5,.327,.390,.486,.876
Paul P Molitor D,MIN,135,538,63,164,32,4,10,89,45,73,11,4,.305,.351,.435,.786
Rey R Sanchez,NYY,135,343,35,94,21,0,2,27,16,47,4,6,.274,.307,.353,.660
Ryne R Sandberg,CHC,135,447,54,118,26,0,12,64,28,94,7,4,.264,.308,.403,.711
Gary G Sheffield R,FLA,135,444,86,111,22,1,21,71,121,79,11,7,.250,.424,.446,.870
Mike M Lieberthal,PHI,134,455,59,112,27,1,20,77,44,76,3,4,.246,.314,.442,.756
Pat P Meares S,MIN,134,439,63,121,23,3,10,60,18,86,7,7,.276,.323,.410,.733
Carlos C Baerga,NYM,133,467,53,131,25,1,9,52,20,54,2,6,.281,.311,.396,.707
Jim J Edmonds C,ANA,133,502,82,146,27,0,26,80,60,80,5,7,.291,.368,.500,.868
Juan J Gonzalez D,TEX,133,533,87,158,24,3,42,131,33,107,0,0,.296,.335,.589,.924
Ray R Lankford C,STL,133,465,94,137,36,3,31,98,95,125,21,11,.295,.411,.585,.996
Matt M Stairs R,OAK,133,352,62,105,19,0,27,73,50,60,3,2,.298,.386,.582,.969
Rich R Becker C,MIN,132,443,61,117,22,3,10,45,62,130,17,5,.264,.354,.395,.749
Shawon S Dunston,PIT,132,490,71,147,22,5,14,57,8,75,32,8,.300,.312,.451,.763
Todd T Hundley,NYM,132,417,78,114,21,2,30,86,83,116,2,3,.273,.394,.549,.943
Mark M Loretta,MIL,132,418,56,120,17,5,5,47,47,60,5,5,.287,.354,.388,.742
Henry H Rodriguez L,MON,132,476,55,116,28,3,26,83,42,149,3,3,.244,.306,.479,.785
Bill B Spiers,HOU,132,291,51,93,27,4,4,48,61,42,10,5,.320,.438,.481,.919
Brad B Ausmus,HOU,130,425,45,113,25,1,4,44,38,78,14,6,.266,.326,.358,.684
Brian B Giles L,CLE,130,377,62,101,15,3,17,61,63,50,13,3,.268,.368,.459,.827
Gregg G Jefferies L,PHI,130,476,68,122,25,3,11,48,53,27,12,6,.256,.333,.391,.724
F. P. F Santangelo R,MON,130,350,56,87,19,5,5,31,50,73,8,5,.249,.379,.374,.753
Derek D Bell R,HOU,129,493,67,136,29,3,15,71,40,94,15,7,.276,.344,.438,.782
Scott S Brosius,OAK,129,479,59,97,20,1,11,41,34,102,9,4,.203,.259,.317,.576
John J Flaherty,SD,129,439,38,120,21,1,9,46,33,62,4,4,.273,.323,.387,.710
Bernie B Williams C,NYY,129,509,107,167,35,6,21,100,73,80,15,8,.328,.408,.544,.952
Luis L Alicea,ANA,128,388,59,98,16,7,5,37,69,65,22,8,.253,.375,.369,.743
Glenallen G Hill R,SF,128,398,47,104,28,4,11,64,19,87,7,4,.261,.297,.435,.731
Dave D Magadan,OAK,128,271,38,82,10,1,4,30,50,40,1,0,.303,.414,.391,.805
Bill B Mueller,SF,128,390,51,114,26,3,7,44,48,71,4,3,.292,.369,.428,.797
Pokey P Reese S,CIN,128,397,48,87,15,0,4,26,31,82,25,7,.219,.284,.287,.571
Jeff J Frye,BOS,127,404,56,126,36,2,3,51,27,44,19,8,.312,.352,.433,.785
Alex A Gonzalez S,TOR,126,426,46,102,23,2,12,35,34,94,15,6,.239,.302,.387,.689
Joe J Randa,PIT,126,443,58,134,27,9,7,60,41,64,4,2,.302,.366,.451,.817
Dale D Sveum,PIT,126,306,30,80,20,1,12,47,27,81,0,3,.261,.319,.451,.770
Sandy S Alomar,CLE,125,451,63,146,37,0,21,83,19,48,0,2,.324,.354,.545,.900
Darryl D Hamilton C,SF,125,460,78,124,23,3,5,43,61,61,15,10,.270,.354,.365,.719
David D Segui,MON,125,459,75,141,22,3,21,68,57,66,1,0,.307,.380,.505,.886
Mike M Stanley D,NYY,125,347,61,103,25,0,16,65,54,72,0,1,.297,.393,.507,.900
Charles C Johnson,FLA,124,416,43,104,26,1,19,63,60,109,0,2,.250,.347,.454,.802
Javy J Lopez,ATL,123,414,52,122,28,1,23,68,40,82,1,1,.295,.361,.534,.894
Mike M Matheny,MIL,123,320,29,78,16,1,4,32,17,68,0,1,.244,.294,.338,.631
Damon D Buford C,TEX,122,366,49,82,18,0,8,39,30,83,18,7,.224,.287,.339,.626
Kenny K Lofton C,ATL,122,493,90,164,20,6,5,48,64,83,27,20,.333,.409,.428,.837
Willie W Mc Gee R,STL,122,300,29,90,19,4,3,38,22,59,8,2,.300,.347,.420,.767
Scott S Servais,CHC,122,385,36,100,21,0,6,45,24,56,0,1,.260,.311,.361,.672
Terry T Steinbach,MIN,122,447,60,111,27,1,12,54,35,106,6,1,.248,.302,.394,.696
Jorge J Fabregas,CWS,121,360,33,93,11,1,7,51,14,46,1,1,.258,.285,.353,.638
Jose J Hernandez,CHC,121,183,33,50,8,5,7,26,14,42,2,5,.273,.323,.486,.810
Jim J Leyritz,TEX,121,379,58,105,11,0,11,64,60,78,2,1,.277,.379,.393,.772
Walt W Weiss S,COL,121,393,52,106,23,5,4,38,66,56,5,2,.270,.377,.384,.761
Jim J Eisenreich L,FLA,120,293,36,82,19,1,2,34,30,28,0,0,.280,.345,.372,.716
Tony T Fernandez,CLE,120,409,55,117,21,1,11,44,22,47,6,6,.286,.323,.423,.746
Julio J Franco D,MIL,120,430,68,116,16,1,7,44,69,116,15,6,.270,.369,.360,.730
Lenny L Harris,CIN,120,238,32,65,13,1,3,28,18,18,4,3,.273,.327,.374,.701
Rickey R Henderson D,ANA,120,403,84,100,14,0,8,34,97,85,45,8,.248,.400,.342,.742
Rey R Ordonez S,NYM,120,356,35,77,5,3,1,33,18,36,11,5,.216,.255,.256,.510
Bip B Roberts,CLE,120,431,63,130,20,2,4,44,28,67,18,3,.302,.345,.385,.730
Greg G Vaughn L,SD,120,361,60,78,10,0,18,57,56,110,7,4,.216,.322,.393,.716
Ellis E Burks C,COL,119,424,91,123,19,2,32,82,47,75,7,2,.290,.363,.571,.934
Russ R Davis,SEA,119,420,57,114,29,1,20,63,27,100,6,2,.271,.317,.488,.805
Jeffrey J Hammonds R,BAL,118,397,71,105,19,3,21,55,32,73,15,1,.264,.323,.486,.809
Mark M Lewis,SF,118,341,50,91,14,6,10,42,23,62,3,2,.267,.318,.431,.749
Doug D Strange,MON,118,327,40,84,16,2,12,47,36,76,0,2,.257,.332,.428,.761
Ruben R Amaro,PHI,117,175,18,41,6,1,2,21,21,24,1,1,.234,.320,.314,.634
Mike M Cameron C,CWS,116,379,63,98,18,3,14,55,55,105,23,2,.259,.356,.433,.789
John J Mabry R,STL,116,388,40,110,19,0,5,36,39,77,0,1,.284,.352,.371,.723
Melvin M Nieves R,DET,116,359,46,82,18,1,20,64,39,157,1,7,.228,.311,.451,.762
Midre M Cummings C,PHI,115,314,35,83,22,6,4,31,31,56,2,3,.264,.330,.411,.741
Chad C Curtis L,NYY,115,349,59,99,22,1,15,55,43,59,12,6,.284,.362,.481,.843
Denny D Hocking S,MIN,115,253,28,65,12,4,2,25,18,51,3,5,.257,.308,.360,.667
Deion D Sanders C,CIN,115,465,53,127,13,7,5,23,34,67,56,13,.273,.329,.363,.693
Mark M Sweeney,SD,115,164,16,46,7,0,2,23,20,32,2,3,.280,.358,.360,.718
Scott S Hatteberg,BOS,114,350,46,97,23,1,10,44,40,70,0,1,.277,.354,.434,.788
Kevin K Orie,CHC,114,364,40,100,23,5,8,44,39,57,2,2,.275,.350,.431,.781
Domingo D Cedeno,TEX,113,365,49,103,19,6,4,36,27,77,3,3,.282,.334,.400,.734
Al A Martin L,PIT,113,423,64,123,24,7,13,59,45,83,23,7,.291,.359,.473,.832
Alex A Ochoa R,NYM,113,238,31,58,14,1,3,22,18,32,3,4,.244,.300,.349,.649
Roberto R Alomar,BAL,112,412,64,137,23,2,14,60,40,43,9,3,.333,.390,.500,.890
Matt M Franco,NYM,112,163,21,45,5,0,5,21,13,23,1,0,.276,.330,.399,.728
Joe J Girardi,NYY,112,398,38,105,23,1,1,50,26,53,2,3,.264,.311,.334,.645
Wilton W Guerrero,LA,111,357,39,104,10,9,4,32,8,52,6,5,.291,.305,.403,.708
Lance L Johnson C,CHC,111,410,60,126,16,8,5,39,42,31,20,12,.307,.370,.422,.792
Joe J Oliver,CIN,111,349,28,90,13,0,14,43,25,58,1,3,.258,.313,.415,.728
Will W Clark,TEX,110,393,56,128,29,1,12,51,49,62,0,0,.326,.400,.496,.896
Benji B Gil S,TEX,110,317,35,71,13,2,5,31,17,96,1,2,.224,.263,.325,.588
Bob B Hamelin D,DET,110,318,47,86,15,0,18,52,48,72,2,1,.270,.366,.487,.853
Dmitri D Young,STL,110,333,38,86,14,3,5,34,38,63,6,5,.258,.335,.363,.698
Mark M Lemke,ATL,109,351,33,86,17,1,2,26,33,51,2,0,.245,.306,.316,.622
Jermaine J Allensworth C,PIT,108,369,55,94,18,2,3,43,44,79,14,7,.255,.340,.339,.679
Jose J Canseco D,OAK,108,388,56,91,19,0,23,74,51,122,8,2,.235,.325,.461,.786
Tom T Lampkin,STL,108,229,28,56,8,1,7,22,28,30,2,1,.245,.335,.380,.714
Eddie E Taubensee,CIN,108,254,26,68,18,0,10,34,22,66,0,1,.268,.323,.457,.779
Thomas T Howard,HOU,107,255,24,63,16,1,3,22,26,48,1,2,.247,.323,.353,.676
Darren D Lewis L,LA,107,154,22,41,4,1,1,15,17,31,14,6,.266,.339,.325,.664
Todd T Hollandsworth L,LA,106,296,39,73,20,2,4,31,17,60,5,5,.247,.286,.368,.654
Jose J Offerman,KC,106,424,59,126,23,6,2,39,41,64,9,10,.297,.359,.394,.753
Joe J Orsulak L,MON,106,150,13,34,12,1,1,7,18,17,0,1,.227,.310,.340,.650
Eduardo E Perez,CIN,106,297,44,75,18,0,16,52,29,76,5,1,.253,.321,.475,.796
Brett B Butler C,LA,105,343,52,97,8,3,0,18,42,40,15,10,.283,.363,.324,.686
Roberto R Kelly L,SEA,105,368,58,107,26,2,12,59,22,67,9,5,.291,.333,.470,.803
Jose J Cruz L,TOR,104,395,59,98,19,1,26,68,41,117,7,2,.248,.315,.499,.814
Tony T Graffanino,ATL,104,186,33,48,9,1,8,20,26,46,6,4,.258,.344,.446,.790
Kirt K Manwaring,COL,104,337,22,76,6,4,1,27,30,78,1,5,.226,.291,.276,.567
Wade W Boggs,NYY,103,353,55,103,23,1,4,28,48,38,0,1,.292,.373,.397,.769
John J Cangelosi,FLA,103,192,28,47,8,0,1,12,19,33,5,1,.245,.321,.302,.623
Marty M Cordova L,MIN,103,378,44,93,18,4,15,51,30,92,5,3,.246,.305,.434,.739
Carlos C Garcia,TOR,103,350,29,77,18,2,3,23,15,60,11,3,.220,.253,.309,.562
Dave D Clark,CHC,102,143,19,43,8,0,5,32,19,34,1,0,.301,.386,.462,.847
Ricky R Gutierrez S,HOU,102,303,33,79,14,4,3,34,21,50,5,2,.261,.315,.363,.678
Raul R Casanova,DET,101,304,27,74,10,1,5,24,26,48,1,1,.243,.308,.332,.641
Brian B Johnson,SF,101,318,32,83,13,3,13,45,19,45,1,1,.261,.303,.443,.747
Charlie C Hayes,NYY,100,353,39,91,16,0,11,53,40,66,3,2,.258,.332,.397,.728
Tony T Tarasco R,BAL,100,166,26,34,8,1,7,26,25,33,2,2,.205,.313,.392,.704
Chris C Hoiles,BAL,99,320,45,83,15,0,12,49,51,86,1,0,.259,.375,.419,.794
Jesse J Levis,MIL,99,200,19,57,7,0,1,19,24,17,1,0,.285,.361,.335,.696
Jeff J Reboulet,BAL,99,228,26,54,9,0,4,27,23,44,3,0,.237,.307,.329,.636
Greg G Colbrunn,ATL,98,271,27,76,17,0,7,35,10,49,1,2,.280,.309,.421,.729
Cecil C Fielder D,NYY,98,361,40,94,15,0,13,61,51,87,0,0,.260,.358,.410,.768
Orlando O Merced R,TOR,98,368,45,98,23,2,9,40,47,62,7,3,.266,.352,.413,.765
Lenny L Webster,BAL,98,259,29,66,8,1,7,37,22,46,0,1,.255,.317,.375,.691
Tim T Bogar S,HOU,97,241,30,60,14,4,4,30,24,42,4,1,.249,.320,.390,.710
Benito B Santiago,TOR,97,341,31,83,10,0,13,42,17,80,1,0,.243,.279,.387,.666
Kevin K Young,PIT,97,333,59,100,18,3,18,74,16,89,11,2,.300,.332,.535,.867
Sean S Berry,HOU,96,301,37,77,24,1,8,43,25,53,1,5,.256,.318,.422,.739
Darrin D Fletcher,MON,96,310,39,86,20,1,17,55,17,35,1,1,.277,.323,.513,.836
Keith K Lockhart,ATL,96,147,25,41,5,3,6,32,14,17,0,0,.279,.337,.476,.814
Hal H Morris,CIN,96,333,42,92,20,1,1,33,23,43,3,1,.276,.328,.351,.679
Kurt K Abbott,FLA,94,252,35,69,18,2,6,30,14,68,3,1,.274,.315,.433,.747
Jeff J Branson,CLE,94,170,14,34,7,1,3,12,14,40,1,2,.200,.262,.306,.568
Mike M Di Felice,STL,93,260,16,62,10,1,4,30,19,61,1,1,.238,.297,.331,.628
Phil P Nevin L,DET,93,251,32,59,16,1,9,35,25,68,0,1,.235,.306,.414,.720
Chris C Jones,SD,92,152,24,37,9,0,7,25,16,45,7,2,.243,.322,.441,.762
Damon D Mashore C,OAK,92,279,55,69,10,2,3,18,50,82,5,4,.247,.370,.330,.700
Scott S Stahoviak,MIN,91,275,33,63,17,0,10,33,24,73,5,2,.229,.301,.400,.701
Chris C Widger,MON,91,278,30,65,20,3,7,37,22,59,2,0,.234,.290,.403,.693
Vladimir V Guerrero R,MON,90,325,44,98,22,2,11,40,19,39,3,4,.302,.350,.483,.833
Dave D Hansen,CHC,90,151,19,47,8,2,3,21,31,32,1,2,.311,.429,.450,.880
Jeff J Reed,COL,90,256,43,76,10,0,17,47,35,55,2,1,.297,.386,.535,.921
Rich R Amaral L,SEA,89,190,34,54,5,0,1,21,10,34,12,8,.284,.327,.326,.653
Chuck C Carr,HOU,89,238,37,59,14,2,4,17,17,48,12,5,.248,.305,.374,.679
Archi A Cianfrocco,SD,89,220,25,54,12,0,4,26,25,80,7,1,.245,.328,.355,.682
Mariano M Duncan,TOR,89,339,36,80,14,0,1,25,12,78,6,3,.236,.268,.286,.554
Chad C Kreuter,ANA,89,255,25,59,9,2,5,21,29,66,0,3,.231,.310,.341,.651
Mark M Mc Lemore,TEX,89,349,47,91,17,2,1,25,40,54,7,5,.261,.338,.330,.668
Lyle L Mouton R,CWS,88,242,26,65,9,0,5,23,14,66,4,4,.269,.308,.368,.676
Manny M Alexander S,CHC,87,248,37,66,12,4,3,22,17,54,13,1,.266,.320,.383,.703
James J Mouton C,HOU,86,180,24,38,9,1,3,23,18,30,9,7,.211,.287,.322,.609
Reggie R Sanders,CIN,86,312,52,79,19,2,19,56,42,93,13,7,.253,.347,.510,.857
Chris C Snopek,CWS,86,298,27,65,15,0,5,35,18,51,3,2,.218,.263,.319,.582
Curtis C Goodwin,CIN,85,265,27,67,11,0,1,12,24,53,22,13,.253,.316,.306,.622
Brent B Mayne,OAK,85,256,29,74,12,0,6,22,18,33,1,0,.289,.343,.406,.749
Marvin M Benard,SF,84,114,13,26,4,0,1,13,13,29,3,1,.228,.315,.289,.605
Jeff J Huson,MIL,84,143,12,29,3,0,0,11,5,15,3,0,.203,.238,.224,.462
Kevin K Jordan,PHI,84,177,19,47,8,0,6,30,3,26,0,1,.266,.273,.412,.686
Ryan R Mc Guire,MON,84,199,22,51,15,2,3,17,19,34,1,4,.256,.320,.397,.717
Matt M Mieske R,MIL,84,253,39,63,15,3,5,21,19,50,1,0,.249,.300,.391,.692
Kevin K Polcovich S,PIT,84,245,37,67,16,1,4,21,21,45,2,2,.273,.350,.396,.746
Mike M Sweeney,KC,84,240,30,58,8,0,7,31,17,33,3,2,.242,.306,.363,.668
Julian J Tavarez,SF,84,1,0,0,0,0,0,0,0,1,0,0,.000,.000,.000,.000
Derrick D May R,PHI,83,149,8,34,5,1,1,13,8,26,4,1,.228,.266,.295,.561
Neifi N Perez S,COL,83,313,46,91,13,10,5,31,21,43,4,3,.291,.333,.444,.777
Mike M Macfarlane,KC,82,257,34,61,14,2,8,35,24,47,0,2,.237,.316,.401,.717
Stan S Belinda,CIN,81,3,0,1,0,0,0,0,0,1,0,0,.333,.333,.333,.667
Warren W Newson R,TEX,81,169,23,36,10,1,10,23,31,53,3,0,.213,.333,.462,.795
Curtis C Pride,BOS,81,164,22,35,4,4,3,20,24,46,6,4,.213,.316,.341,.657
Roger R Cedeno C,LA,80,194,31,53,10,2,3,17,25,44,9,1,.273,.362,.392,.753
David D Howard,KC,80,162,24,39,8,1,1,13,10,31,2,2,.241,.287,.321,.608
Rafael R Bournigal S,OAK,79,222,29,62,9,0,1,20,16,19,2,1,.279,.339,.333,.672
Fernando F Vina,MIL,79,324,37,89,12,2,4,28,12,23,8,7,.275,.312,.361,.673
Mark M Johnson,PIT,78,219,30,47,10,0,4,29,43,78,1,1,.215,.345,.315,.660
Luis L Lopez S,NYM,78,178,19,48,12,1,1,19,12,42,2,4,.270,.330,.365,.695
Jason J Mc Donald C,OAK,78,236,47,62,11,4,4,14,36,49,13,8,.263,.361,.394,.755
Jon J Nunnally C,CIN,78,230,46,71,12,4,14,39,31,58,7,3,.309,.394,.578,.972
Jack J Howell,ANA,77,174,25,45,7,0,14,34,13,36,1,0,.259,.305,.540,.846
Craig C Paquette,KC,77,252,26,58,15,1,8,33,10,57,2,2,.230,.263,.393,.656
Luis L Sojo,NYY,77,215,27,66,6,1,2,25,16,14,3,1,.307,.355,.372,.727
Rob R Ducey L,SEA,76,143,25,41,15,2,5,10,6,31,3,3,.287,.311,.524,.836
Nelson N Liriano,LA,76,88,10,20,6,0,1,11,6,12,0,0,.227,.274,.330,.603
Danny D Sheaffer,STL,76,132,10,33,5,0,0,11,8,17,1,0,.250,.296,.288,.584
Andy A Stankiewicz,MON,76,107,11,24,9,0,1,5,4,22,1,1,.224,.250,.336,.586
John J Vander Wal,COL,76,92,7,16,2,0,1,11,10,33,1,1,.174,.255,.228,.483
George G Williams,OAK,76,201,30,58,9,1,3,22,35,46,0,1,.289,.397,.388,.786
Luis L Castillo,FLA,75,263,27,63,8,0,0,8,27,53,16,10,.240,.310,.270,.580
Scott S Cooper,KC,75,159,12,32,6,1,3,15,17,32,1,1,.201,.283,.308,.592
Jermaine J Dye R,KC,75,263,26,62,14,0,7,22,17,51,2,1,.236,.284,.369,.652
Darrin D Jackson L,MIL,75,211,26,55,9,1,5,36,6,31,4,1,.261,.279,.384,.662
Jeff J Shaw,CIN,75,3,0,0,0,0,0,0,0,3,0,0,.000,.000,.000,.000
Terry T Adams,CHC,74,2,0,0,0,0,0,0,0,1,0,0,.000,.000,.000,.000
Alex A Arias,FLA,74,93,13,23,2,0,1,11,12,12,0,1,.247,.352,.301,.653
Shane S Halter,KC,74,123,16,34,5,1,2,10,10,28,4,3,.276,.341,.382,.723
Orlando O Palmeiro C,ANA,74,134,19,29,2,2,0,8,17,11,2,2,.216,.307,.261,.568
Bob B Patterson,CHC,74,1,0,0,0,0,0,0,0,0,0,0,.000,.000,.000,.000
Tim T Raines L,NYY,74,271,56,87,20,2,4,38,41,34,8,5,.321,.403,.454,.856
Mel M Rojas,NYM,74,1,0,0,0,0,0,0,0,0,0,0,.000,.000,.000,.000
Devon D White C,FLA,74,265,37,65,13,1,6,34,32,65,13,5,.245,.338,.370,.708
Damon D Berryhill,SF,73,167,17,43,8,0,3,23,20,29,0,0,.257,.335,.359,.694
Mike M Kelly R,CIN,73,140,27,41,13,2,6,19,10,30,6,1,.293,.338,.543,.881
Barry B Larkin S,CIN,73,224,34,71,17,3,4,20,47,24,14,3,.317,.440,.473,.913
Eddie E Pérez Perez,ATL,73,191,20,41,5,0,6,18,10,35,0,1,.215,.259,.335,.594
Rafael R Belliard S,ATL,72,71,9,15,3,0,1,3,1,17,0,1,.211,.219,.296,.515
Doug D Henry,SF,72,4,0,0,0,0,0,0,0,2,0,0,.000,.000,.000,.000
Tyler T Houston,CHC,72,196,15,51,10,0,2,28,9,35,1,0,.260,.290,.342,.632
Jerry J Spradlin,PHI,72,1,0,0,0,0,0,0,0,1,0,0,.000,.000,.000,.000
Jack J Voigt L,MIL,72,151,20,37,9,2,8,22,19,36,1,2,.245,.331,.490,.822
Billy B Ashley,LA,71,131,12,32,7,0,6,19,8,46,0,0,.244,.293,.435,.728
Norberto N Martin S,CWS,71,213,24,64,7,1,2,27,6,31,1,4,.300,.320,.371,.690
Greg G Myers,ATL,71,174,24,45,11,1,5,29,17,32,0,0,.259,.321,.420,.741
Billy B Ripken S,TEX,71,203,18,56,9,1,3,24,9,32,0,1,.276,.300,.374,.674
Mark M Smith R,PIT,71,193,29,55,13,1,9,35,28,36,3,1,.285,.374,.503,.876
Turner T Ward C,PIT,71,167,33,59,16,1,7,33,18,17,4,1,.353,.420,.587,1.007
Rick R Wilkins,SEA,71,202,20,40,6,0,7,27,18,67,0,0,.198,.259,.332,.591
Ernie E Young C,OAK,71,175,22,39,7,0,5,15,19,57,1,3,.223,.303,.349,.652
Jerry J Dipoto,COL,70,9,0,1,0,0,0,0,0,5,0,0,.111,.111,.111,.222
Rich R Loiselle,PIT,70,1,0,0,0,0,0,0,0,1,0,0,.000,.000,.000,.000
Greg G Mc Michael,NYM,70,3,0,2,0,0,0,0,0,1,0,0,.667,.667,.667,1.333
Tim T Naehring,BOS,70,259,38,74,18,1,9,40,38,40,1,1,.286,.375,.467,.843
Jay J Powell,FLA,70,4,0,2,0,0,0,1,0,1,0,0,.500,.500,.500,1.000
Scott S Radinsky,LA,70,4,0,0,0,0,0,0,0,4,0,0,.000,.000,.000,.000
Mike M Remlinger,CIN,70,21,1,2,2,0,0,6,2,11,0,0,.095,.174,.190,.364
Charlie C O' Brien,TOR,69,225,22,49,15,1,4,27,22,45,0,2,.218,.311,.347,.657
Mark M Whiten L,NYY,69,215,34,57,11,0,5,24,30,47,4,2,.265,.360,.386,.746
Tony T Batista S,OAK,68,188,22,38,10,1,4,18,14,31,2,2,.202,.265,.330,.594
Rod R Beck,SF,68,0,0,0,0,0,0,0,0,0,0,0,.000,.000,.000,.000
Mark M Bellhorn,OAK,68,224,33,51,9,1,6,19,32,70,7,1,.228,.324,.357,.681
Mike M Blowers,SEA,68,150,22,44,5,0,5,20,21,33,0,0,.293,.376,.427,.802
Tony T Fossas,STL,68,0,0,0,0,0,0,0,0,0,0,0,.000,.000,.000,.000
Trevor T Hoffman,SD,68,3,0,1,0,0,0,1,0,1,0,0,.333,.333,.333,.667
Robb R Nen,FLA,68,0,0,0,0,0,0,0,0,0,0,0,.000,.000,.000,.000
Marc M Wilkins,PIT,68,4,0,0,0,0,0,1,1,3,0,0,.000,.200,.000,.200
Mark M Wohlers,ATL,68,2,0,0,0,0,0,0,0,2,0,0,.000,.000,.000,.000
Bill B Haselman,BOS,67,212,22,50,15,0,6,26,15,44,0,2,.236,.290,.392,.682
Pat P Kelly,NYY,67,120,25,29,6,1,2,10,14,37,8,1,.242,.324,.358,.682
Rich R Rodriguez,SF,67,3,1,1,0,0,0,0,1,1,0,0,.333,.500,.333,.833
Jose J Vidro,MON,67,169,19,42,12,1,2,17,11,20,1,0,.249,.297,.367,.664
David D Bell,STL,66,142,9,30,7,2,1,12,10,28,1,0,.211,.261,.310,.571
Ricky R Bottalico,PHI,66,1,0,0,0,0,0,0,0,1,0,0,.000,.000,.000,.000
Tilson T Brito,OAK,66,172,17,41,5,1,2,14,10,38,1,0,.238,.285,.314,.599
Emil E Brown L,PIT,66,95,16,17,2,1,2,6,10,32,5,1,.179,.304,.284,.588
Alan A Embree,ATL,66,0,0,0,0,0,0,0,0,0,0,0,.000,.000,.000,.000
Brent B Gates,SEA,65,151,18,36,8,0,3,20,14,21,0,0,.238,.298,.351,.649
Scott S Livingstone,STL,65,67,4,11,2,0,0,6,3,11,1,0,.164,.194,.194,.388
Danny D Bautista L,ATL,64,103,14,25,3,2,3,9,5,24,2,0,.243,.282,.398,.680
Kent K Bottenfield,CHC,64,4,0,0,0,0,0,0,0,3,0,0,.000,.000,.000,.000
Kevin K Seitzer D,CLE,64,198,27,53,14,0,2,24,18,25,0,0,.268,.326,.369,.694
Craig C Grebeck,ANA,63,126,12,34,9,0,1,6,18,11,0,1,.270,.359,.365,.724
Mike M Munoz,COL,63,1,0,0,0,0,0,0,1,1,0,0,.000,.500,.000,.500
Craig C Shipley,SD,63,139,22,38,9,0,5,19,7,20,1,1,.273,.306,.446,.752
Turk T Wendell,NYM,63,5,1,0,0,0,0,0,1,3,0,0,.000,.167,.000,.167
Jason J Bates,COL,62,121,17,29,10,0,3,11,15,27,0,1,.240,.338,.397,.735
Steve S Reed,COL,62,1,0,0,0,0,0,0,0,0,0,0,.000,.000,.000,.000
Anthony A Telford,MON,62,15,0,3,1,0,0,1,0,3,0,0,.200,.200,.267,.467
Todd T Worrell,LA,62,0,0,0,0,0,0,0,0,0,0,0,.000,.000,.000,.000
Brent B Brede R,MIN,61,190,25,52,11,1,3,21,21,38,7,2,.274,.347,.389,.737
Cliff C Floyd L,FLA,61,137,23,32,9,1,6,19,24,33,6,2,.234,.354,.445,.799
Mike M Mordecai,ATL,61,81,8,14,2,1,0,3,6,16,0,1,.173,.227,.222,.450
Kevin K Sefcik,PHI,61,119,11,32,3,0,2,6,4,9,1,2,.269,.298,.345,.643
Billy B Wagner,HOU,61,1,0,0,0,0,0,0,0,0,0,0,.000,.000,.000,.000
Tony T Eusebio,HOU,60,164,12,45,2,0,1,18,19,27,0,1,.274,.364,.305,.668
Shane S Mack C,BOS,60,130,13,41,7,0,3,17,9,24,2,1,.315,.368,.438,.806
Jorge J Posada,NYY,60,188,29,47,12,0,6,25,30,33,1,2,.250,.359,.410,.768
Fernando F Tatis,TEX,60,223,29,57,9,0,8,29,14,42,3,0,.256,.297,.404,.701
Bobby B Abreu R,HOU,59,188,22,47,10,2,3,26,21,48,7,2,.250,.329,.372,.701
Dennis D Cook,FLA,59,9,2,5,0,0,1,2,0,0,0,0,.556,.556,.889,1.444
Darren D Hall,LA,59,0,0,0,0,0,0,0,0,0,0,0,.000,.000,.000,.000
Jim J Poole,SF,59,0,0,0,0,0,0,0,0,0,0,0,.000,.000,.000,.000
Harvey H Pulliam,COL,59,67,15,19,3,0,3,9,5,15,0,1,.284,.333,.463,.796
Ricardo R Rincon,PIT,59,1,0,0,0,0,0,0,0,1,0,0,.000,.000,.000,.000
Mike M Simms,TEX,59,111,13,28,8,0,5,22,8,27,0,1,.252,.298,.459,.757
Ugueth U Urbina,MON,59,5,0,0,0,0,0,0,0,4,0,0,.000,.000,.000,.000
Jacob J Brumfield C,TOR,58,174,22,36,5,1,2,20,14,31,4,4,.207,.268,.282,.550
Mark M Guthrie,LA,58,4,0,1,0,0,0,0,0,0,0,0,.250,.250,.250,.500
Gregg G Zaun,FLA,58,143,21,43,10,2,2,20,26,18,1,0,.301,.415,.441,.856
Tony T Barron R,PHI,57,189,22,54,12,1,4,24,12,38,0,1,.286,.330,.423,.753
John J Frascatore,STL,57,3,0,0,0,0,0,0,0,2,0,0,.000,.000,.000,.000
John J Franco,NYM,56,0,0,0,0,0,0,0,0,0,0,0,.000,.000,.000,.000
Pat P Lennon L,OAK,56,116,14,34,6,1,1,14,15,35,0,1,.293,.374,.388,.762
Scott S Sullivan,CIN,56,7,0,0,0,0,0,0,0,4,0,0,.000,.000,.000,.000
Tim T Worrell,SD,56,15,3,3,0,0,0,1,2,8,0,0,.200,.294,.200,.494
Pat P Borders,CLE,55,159,17,47,7,1,4,15,9,27,0,2,.296,.341,.428,.769
Eddie E Murray,LA,55,167,13,37,7,0,3,18,15,26,1,0,.222,.281,.317,.598
Dennis D Eckersley,STL,54,0,0,0,0,0,0,0,0,0,0,0,.000,.000,.000,.000
Scott S Pose L,NYY,54,87,19,19,2,1,0,5,9,11,3,1,.218,.292,.264,.556
Ramon R Tatis,CHC,54,3,0,0,0,0,0,0,1,3,0,0,.000,.250,.000,.250
Mario M Valdez,CWS,54,115,11,28,7,0,1,13,17,39,1,0,.243,.350,.330,.681
Robin R Ventura,CWS,54,183,27,48,10,1,6,26,34,21,0,0,.262,.373,.426,.799
Yamil Y Benitez L,KC,53,191,22,51,7,1,8,21,10,49,2,2,.267,.307,.440,.747
Pete P Incaviglia D,NYY,53,154,19,38,4,0,5,12,11,46,0,0,.247,.308,.370,.678
Curt C Leskanic,COL,53,1,0,0,0,0,0,0,0,1,0,0,.000,.000,.000,.000
Mark M Petkovsek,STL,53,11,0,1,0,0,0,0,1,2,0,0,.091,.167,.091,.258
Russ R Springer,HOU,53,1,0,0,0,0,0,0,0,0,0,0,.000,.000,.000,.000
Craig C Counsell,FLA,52,164,20,49,9,2,1,16,18,17,1,1,.299,.376,.396,.773
Will W Cunnane,SD,52,14,4,5,0,1,0,4,2,4,0,0,.357,.438,.500,.938
Mike M De Jean,COL,52,3,0,1,1,0,0,0,0,1,0,0,.333,.333,.667,1.000
Felix F Heredia,FLA,52,2,0,1,0,0,0,0,0,1,0,0,.500,.500,.500,1.000
Pat P Listach S,HOU,52,132,13,24,2,2,0,6,11,24,4,2,.182,.247,.227,.474
Tom T Martin,HOU,52,3,0,0,0,0,0,0,0,1,0,0,.000,.000,.000,.000
Phil P Plantier R,STL,52,121,13,30,8,0,5,18,13,30,0,3,.248,.331,.438,.769
Jody J Reed,DET,52,112,6,22,2,0,0,8,10,15,3,2,.196,.278,.214,.492
Todd T Walker,MIN,52,156,15,37,7,1,3,16,11,30,7,0,.237,.288,.353,.641
Doug D Bochtler,SD,51,0,0,0,0,0,0,0,0,0,0,0,.000,.000,.000,.000
Ron R Karkovice,CWS,51,138,10,25,3,0,6,18,11,32,0,0,.181,.248,.333,.582
Cory C Lidle,NYM,51,5,1,0,0,0,0,0,1,4,0,0,.000,.167,.000,.167
Joe J Vitiello R,KC,51,130,11,31,6,0,5,18,14,37,0,0,.238,.322,.400,.722
Brad B Clontz,ATL,50,1,0,0,0,0,0,0,0,1,0,0,.000,.000,.000,.000
Carlos C Hernandez,SD,50,134,15,42,7,1,3,14,3,27,0,2,.313,.328,.448,.776
Rex R Hudler C,PHI,50,122,17,27,4,0,5,10,6,28,1,0,.221,.264,.377,.641
Jose J Lima,HOU,50,3,0,0,0,0,0,0,0,3,0,0,.000,.000,.000,.000
Orlando O Miller S,DET,50,111,13,26,7,1,2,10,5,24,1,0,.234,.289,.369,.659
Marc M Newfield L,MIL,50,157,14,36,8,0,1,18,14,27,0,0,.229,.295,.299,.595
Ricky R Otero C,PHI,50,151,20,38,6,2,0,3,19,15,0,3,.252,.339,.318,.657
Terry T Pendleton,CIN,50,113,11,28,9,0,1,17,12,14,2,1,.248,.320,.354,.674
Dave D Veres,MON,50,1,0,1,0,0,0,0,0,0,0,0,1.000,1.000,1.000,2.000
Mike M Benjamin,BOS,49,116,12,27,9,1,0,7,4,27,2,3,.233,.262,.328,.590
Keith K Osik,PIT,49,105,10,27,9,1,0,7,9,21,0,1,.257,.322,.362,.684
Chris C Stynes L,CIN,49,198,31,69,7,1,6,28,11,13,11,2,.348,.394,.485,.879
Lee L Tinsley,SEA,49,122,12,24,6,2,0,6,11,34,2,0,.197,.263,.279,.542
Mike M Bielecki,ATL,48,2,0,0,0,0,0,0,1,1,0,0,.000,.333,.000,.333
Adrian A Brown C,PIT,48,147,17,28,6,0,1,10,13,18,8,4,.190,.273,.252,.524
Reggie R Harris,PHI,48,0,0,0,0,0,0,0,0,0,0,0,.000,.000,.000,.000
Izzy I Molina,OAK,48,111,6,22,3,1,3,7,3,17,0,0,.198,.219,.324,.544
Eric E Anthony,LA,47,74,8,18,3,2,2,5,12,18,2,0,.243,.349,.419,.768
Steve S Bieser,NYM,47,69,16,17,3,0,0,4,7,20,2,3,.246,.346,.290,.636
Brook B Fordyce,CIN,47,96,7,20,5,0,1,8,8,15,2,0,.208,.267,.292,.558
Brian B Jordan R,STL,47,145,17,34,5,0,0,10,10,21,6,1,.234,.311,.269,.580
Tom T Prince,LA,47,100,17,22,5,0,3,14,5,15,0,0,.220,.275,.360,.635
Marc M Valdes,MON,47,19,0,2,0,0,0,1,1,9,0,0,.105,.150,.105,.255
Matt M Walbeck,DET,47,137,18,38,3,0,3,10,12,19,3,3,.277,.331,.365,.696
Rich R Aurilia S,SF,46,102,16,28,8,0,5,19,8,15,1,1,.275,.321,.500,.821
Brant B Brown L,CHC,46,137,15,32,7,1,5,15,7,28,2,1,.234,.286,.409,.694
Darren D Dreifort,LA,46,7,0,1,0,0,0,0,0,5,0,0,.143,.143,.143,.286
John J Jaha,MIL,46,162,25,40,7,0,11,26,25,40,1,0,.247,.354,.494,.848
Wayne W Kirby,LA,46,65,6,11,2,0,0,4,10,12,0,0,.169,.280,.200,.480
Brian B Lesher L,OAK,46,131,17,30,4,1,4,16,9,30,4,1,.229,.275,.366,.641
Juan J Samuel D,TOR,45,95,13,27,5,4,3,15,10,28,5,3,.284,.364,.516,.880
Todd T Dunn L,MIL,44,118,17,27,5,0,3,9,2,39,3,0,.229,.242,.347,.589
Clint C Sodowsky,PIT,44,2,0,1,0,0,0,0,0,0,0,0,.500,.500,.500,1.000
Shannon S Stewart C,TOR,44,168,25,48,13,7,0,22,19,24,10,3,.286,.368,.446,.814
Bubba B Trammell R,DET,44,123,14,28,5,0,4,13,15,35,3,1,.228,.307,.366,.673
John J Wehner R,FLA,44,36,8,10,2,0,0,2,2,5,1,0,.278,.333,.333,.667
Trey T Beamon,SD,43,65,5,18,3,0,0,7,2,17,1,2,.277,.309,.323,.632
Rob R Butler,PHI,43,89,10,26,9,1,0,13,5,8,1,0,.292,.326,.416,.742
Aaron A Ledesma,BAL,43,88,24,31,5,1,2,11,13,9,1,0,.352,.437,.500,.937
Antonio A Osuna,LA,43,2,0,1,0,0,0,0,0,0,0,0,.500,.500,.500,1.000
Matt M Ruebel,PIT,43,7,0,0,0,0,0,0,0,7,0,0,.000,.000,.000,.000
Eric E Davis R,BAL,42,158,29,48,11,0,8,25,14,47,6,0,.304,.358,.525,.883
Jesus J Tavarez C,BOS,42,69,12,12,3,1,0,9,4,9,0,0,.174,.216,.246,.463
Sean S Bergman,SD,41,13,2,3,1,0,0,0,0,7,0,0,.231,.231,.308,.538
Tom T Candiotti,LA,41,32,0,3,0,0,0,2,1,10,0,0,.094,.121,.094,.215
Darren D Holmes,COL,41,19,2,3,0,0,1,2,0,9,0,0,.158,.150,.316,.466
Sherman S Obando,MON,41,47,3,6,1,0,2,9,6,14,0,0,.128,.241,.277,.517
Juan J Castro S,LA,40,75,3,11,3,1,0,4,7,20,0,0,.147,.220,.213,.433
Ramon R Garcia,HOU,40,36,2,4,2,0,0,5,0,13,0,0,.111,.132,.167,.298
T. J. T Mathews,OAK,40,1,0,0,0,0,0,0,0,0,0,0,.000,.000,.000,.000
Tony T Peña Pena,HOU,40,86,6,15,4,0,0,10,10,16,0,0,.174,.255,.221,.476
Tomas T Perez S,TOR,40,123,9,24,3,2,0,9,11,28,1,1,.195,.267,.252,.519
Kevin K Elster S,PIT,39,138,14,31,6,2,7,25,21,39,0,2,.225,.327,.449,.776
Brooks B Kieschnick L,CHC,39,90,9,18,2,0,4,12,12,21,1,0,.200,.294,.356,.650
John J Marzano,SEA,39,87,7,25,3,0,1,10,7,15,0,0,.287,.340,.356,.697
Mark M Parent,PHI,39,113,4,17,3,0,0,8,7,39,0,1,.150,.198,.177,.375
Todd T Pratt,NYM,39,106,12,30,6,0,2,19,13,32,0,1,.283,.372,.396,.768
Ruben R Sierra L,TOR,39,138,10,32,5,3,3,12,9,34,0,0,.232,.277,.377,.654
Hector H Carrasco,KC,38,0,0,0,0,0,0,0,0,0,0,0,.000,.000,.000,.000
Jason J Christiansen,PIT,38,0,0,0,0,0,0,0,0,0,0,0,.000,.000,.000,.000
John J Hudek,HOU,38,0,0,0,0,0,0,0,0,0,0,0,.000,.000,.000,.000
Mark M Hutton,COL,38,3,0,0,0,0,0,0,0,0,0,0,.000,.000,.000,.000
Marcus M Jensen,DET,38,85,6,13,2,0,1,4,8,28,0,0,.153,.226,.212,.438
Wendell W Magee C,PHI,38,115,7,23,4,0,1,9,9,20,1,4,.200,.254,.261,.515
Mike M Magnante,HOU,38,3,0,0,0,0,0,0,0,2,0,0,.000,.000,.000,.000
Terry T Mulholland,SF,38,55,1,9,3,0,0,2,0,27,0,0,.164,.164,.218,.382
Eddie E Williams,PIT,38,96,12,23,5,0,3,12,11,25,1,0,.240,.327,.385,.713
Billy B Mc Millon L,PHI,37,90,10,23,5,1,2,14,6,24,2,1,.256,.293,.400,.693
Robert R Perez L,TOR,37,78,4,15,4,1,2,6,0,16,0,0,.192,.192,.346,.538
Pete P Smith,SD,37,30,2,5,1,1,0,3,1,16,0,0,.167,.194,.267,.460
Jim J Bullinger,MON,35,43,2,9,1,0,1,2,0,15,0,0,.209,.209,.302,.512
Alberto A Castillo,NYM,35,59,3,12,1,0,0,7,9,16,0,1,.203,.304,.220,.525
Shawn S Estes,SF,35,68,8,10,0,0,1,3,1,24,0,0,.147,.183,.191,.374
Todd T Helton L,COL,35,93,13,26,2,1,5,11,8,11,0,1,.280,.337,.484,.820
John J Smoltz,ATL,35,79,10,18,3,0,0,4,9,22,1,1,.228,.307,.266,.573
Rob R Stanifer,FLA,35,3,1,2,1,0,0,1,0,0,0,0,.667,.750,1.000,1.750
Rigo R Beltran,STL,34,7,1,1,1,0,0,0,0,1,0,0,.143,.143,.286,.429
Frank F Castillo,COL,34,58,1,7,0,0,0,5,1,19,0,0,.121,.133,.121,.254
Mike M Cather,ATL,34,1,0,0,0,0,0,0,0,0,0,0,.000,.000,.000,.000
Wayne W Gomes,PHI,34,2,0,0,0,0,0,0,1,1,0,0,.000,.333,.000,.333
Todd T Greene,ANA,34,124,24,36,6,0,9,24,7,25,2,0,.290,.328,.556,.885
Jed J Hansen,KC,34,94,11,29,6,1,1,14,13,29,3,2,.309,.394,.426,.820
Darryl D Kile,HOU,34,89,4,11,3,0,0,7,3,38,0,0,.124,.179,.157,.336
Matt M Morris,STL,34,73,4,15,2,0,0,6,5,36,0,1,.205,.256,.233,.489
Erik E Plantenberg,PHI,34,0,0,0,0,0,0,0,0,0,0,0,.000,.000,.000,.000
Curt C Schilling,PHI,34,81,4,14,1,0,0,1,1,32,1,0,.173,.181,.185,.366
Steve S Trachsel,CHC,34,60,5,7,3,0,0,4,5,19,0,0,.117,.185,.167,.351
Ron R Blazier,PHI,33,5,0,2,0,0,0,0,0,1,0,0,.400,.400,.400,.800
Alvaro A Espinoza S,SEA,33,72,3,13,1,0,0,7,2,12,1,1,.181,.213,.194,.408
Chris C Holt,HOU,33,67,6,6,0,0,0,1,1,33,0,0,.090,.103,.090,.192
Steve S Cooke,PIT,32,52,2,3,1,0,0,1,0,18,0,0,.058,.058,.077,.135
Omar O Daal,MON,32,5,0,1,0,0,0,1,0,0,0,0,.200,.200,.200,.400
Mike M Hampton,HOU,32,73,6,10,1,1,0,8,5,21,0,1,.137,.190,.178,.368
Sterling S Hitchcock,SD,32,50,4,5,0,0,0,1,3,30,0,1,.100,.151,.100,.251
Takashi T Kashiwada,NYM,32,1,0,0,0,0,0,0,0,1,0,0,.000,.000,.000,.000
Jon J Lieber,PIT,32,58,1,7,2,0,0,8,4,23,0,0,.121,.177,.155,.333
Denny D Neagle,ATL,32,72,6,11,1,0,1,7,4,35,0,0,.153,.197,.208,.406
Andy A Sheets,SEA,32,89,18,22,3,0,4,9,7,34,2,0,.247,.299,.416,.715
Tim T Unroe,MIL,32,16,3,4,1,0,2,5,2,9,2,0,.250,.333,.688,1.021
Pedro P Astacio,COL,31,54,2,7,1,0,0,1,0,24,0,0,.130,.130,.148,.278
Kevin K Brown,FLA,31,72,4,9,1,0,0,4,5,25,0,0,.125,.182,.139,.321
Paul P Byrd,ATL,31,7,0,1,0,0,0,1,0,2,0,0,.143,.143,.143,.286
Mark M Clark,CHC,31,66,3,2,0,0,1,3,4,31,0,0,.030,.086,.076,.162
Alex A Fernandez,FLA,31,66,3,10,6,0,0,4,6,20,0,0,.152,.219,.242,.462
Mark M Gardner,SF,31,61,0,7,0,0,0,2,1,30,0,0,.115,.143,.115,.258
Tom T Glavine,ATL,31,63,6,14,0,0,0,7,7,13,0,0,.222,.310,.222,.532
Esteban E Loaiza,PIT,31,60,4,10,1,0,0,5,1,17,0,0,.167,.180,.183,.364
Greg G Maddux,ATL,31,67,3,7,2,0,0,4,5,21,1,0,.104,.167,.134,.301
Jeff J Mc Curry,COL,31,1,0,0,0,0,0,0,0,1,0,0,.000,.000,.000,.000
Kent K Mercker,CIN,31,45,3,7,1,1,0,1,4,23,0,0,.156,.224,.222,.447
Rod R Myers L,KC,31,101,14,26,7,0,2,9,17,22,4,0,.257,.370,.386,.756
Chan Ho C Park,LA,31,51,5,9,4,0,0,2,4,21,0,0,.176,.236,.255,.491
Carlos C Perez,MON,31,64,3,11,2,0,1,2,2,31,0,0,.172,.197,.250,.447
Rick R Reed,NYM,31,57,6,10,5,0,1,5,3,18,0,0,.175,.217,.316,.532
Kirk K Rueter,SF,31,65,5,9,0,0,0,5,3,14,0,0,.138,.176,.138,.315
Dave D Burba,CIN,30,46,2,9,0,0,0,2,1,18,0,0,.196,.245,.196,.441
Joey J Hamilton,SD,30,54,4,7,0,0,2,6,1,26,0,0,.130,.140,.241,.381
Jason J Hardtke,NYM,30,56,9,15,2,0,2,8,4,6,1,1,.268,.323,.411,.733
Rick R Helling,TEX,30,14,0,1,0,0,0,0,0,5,0,0,.071,.071,.071,.143
Dustin D Hermanson,MON,30,48,1,5,1,0,1,1,2,24,0,0,.104,.140,.188,.328
Mark M Leiter,PHI,30,51,2,6,0,0,0,4,2,28,0,0,.118,.151,.118,.269
Dave D Mlicki,NYM,30,48,3,9,3,0,0,3,3,22,0,0,.188,.231,.250,.481
Mike M Morgan,CIN,30,44,1,4,0,1,0,2,0,14,0,0,.091,.111,.136,.248
Hideo H Nomo,LA,30,69,3,11,5,0,0,2,1,32,0,0,.159,.171,.232,.403
Chris C Peters,PIT,30,4,0,1,0,0,0,2,0,2,0,0,.250,.250,.250,.500
Jason J Schmidt,PIT,30,56,2,6,2,0,0,2,2,26,0,0,.107,.138,.143,.281
Kelly K Stinnett,MIL,30,36,2,9,4,0,0,3,3,9,0,0,.250,.308,.361,.669
Andy A Ashby,SD,29,60,1,4,1,0,0,1,2,24,0,0,.067,.097,.083,.180
Roger R Bailey,COL,29,62,9,13,1,0,0,2,2,15,0,0,.210,.234,.226,.460
Mike M Devereaux R,TEX,29,72,8,15,3,0,0,7,7,10,1,0,.208,.275,.250,.525
Kevin K Foster,CHC,29,47,3,6,1,0,0,4,1,20,0,0,.128,.146,.149,.295
Chad C Fox,ATL,29,0,0,0,0,0,0,0,0,0,0,0,.000,.000,.000,.000
Shawn S Gilbert,NYM,29,22,3,3,0,0,1,1,1,8,1,0,.136,.174,.273,.447
Roberto R Hernandez,SF,29,2,0,1,0,0,0,0,0,1,0,0,.500,.500,.500,1.000
Mike M Hubbard,CHC,29,64,4,13,0,0,1,2,2,21,0,0,.203,.227,.250,.477
Bobby B Jones,NYM,29,62,4,8,2,0,0,4,3,18,0,0,.129,.169,.161,.330
Pedro P Martinez,MON,29,69,5,8,2,1,0,0,3,28,0,0,.116,.153,.174,.327
Ray R Montgomery,HOU,29,68,8,16,4,1,0,4,5,18,0,0,.235,.276,.324,.600
Shane S Reynolds,HOU,29,53,3,6,3,0,0,2,2,31,0,0,.113,.145,.170,.315
Todd T Stottlemyre,STL,29,55,6,13,4,1,0,4,8,13,0,0,.236,.333,.345,.679
Brian B Banks L,MIL,28,68,9,14,1,0,1,8,6,17,0,1,.206,.267,.265,.531
Francisco F Cordova,PIT,28,56,2,5,0,0,0,0,4,26,0,0,.089,.150,.089,.239
Tripp T Cromer,LA,28,86,8,25,3,0,4,20,6,16,0,1,.291,.333,.465,.798
Alex A Diaz R,TEX,28,90,8,20,4,0,2,12,5,13,1,1,.222,.268,.333,.601
Curtis C King,STL,28,1,0,0,0,0,0,0,0,1,0,0,.000,.000,.000,.000
Ismael I Valdez,LA,28,57,0,5,1,0,0,1,3,17,1,0,.088,.133,.105,.239
Mike M Gallego,STL,27,43,6,7,2,0,0,1,1,6,0,0,.163,.178,.209,.387
Eric E Owens L,CIN,27,57,8,15,0,0,0,3,4,11,3,2,.263,.311,.263,.575
Rudy R Pemberton,BOS,27,63,8,15,2,0,2,10,4,13,0,0,.238,.314,.365,.679
Le Jon L Powell C,SF,27,39,8,12,1,0,1,3,4,11,1,1,.308,.372,.410,.782
Larry L Sutton,KC,27,69,9,20,2,0,2,8,5,12,0,0,.290,.338,.406,.744
Jim J Bruske,SD,26,6,0,1,1,0,0,0,0,1,0,0,.167,.167,.333,.500
Pat P Rapp,SF,26,47,3,5,0,0,1,2,0,16,0,0,.106,.106,.170,.277
Joe J Roa,SF,26,15,0,2,0,0,0,0,1,5,0,0,.133,.188,.133,.321
Miguel M Tejada S,OAK,26,99,10,20,3,2,2,10,2,22,2,0,.202,.240,.333,.574
Jerome J Walton R,BAL,26,68,8,20,1,0,3,9,4,10,0,0,.294,.333,.441,.774
Andy A Benes,STL,25,55,4,12,2,0,0,5,1,14,0,0,.218,.246,.255,.500
Al A Leiter,FLA,25,48,2,5,0,0,0,1,3,25,0,0,.104,.157,.104,.261
Damian D Miller,MIN,25,66,5,18,1,0,2,13,2,12,0,0,.273,.282,.379,.660
Tom T Pagnozzi,STL,25,50,4,11,3,0,1,8,1,7,0,0,.220,.235,.340,.575
Tim T Spehr,ATL,25,49,5,9,1,0,2,6,2,16,1,0,.184,.231,.327,.557
John J Thomson,COL,25,47,2,10,0,0,0,5,2,23,0,0,.213,.245,.213,.458
Jamey J Wright,COL,25,48,4,6,1,0,0,3,3,22,0,0,.125,.176,.146,.322
Ben B Grieve R,OAK,24,93,12,29,6,0,3,24,13,25,0,0,.312,.402,.473,.875
Steve S Kline,MON,24,1,0,0,0,0,0,0,0,1,0,0,.000,.000,.000,.000
Felix F Rodriguez,CIN,24,3,0,0,0,0,0,0,0,0,0,0,.000,.000,.000,.000
David D Wainhouse,PIT,24,2,0,0,0,0,0,0,0,0,0,0,.000,.000,.000,.000
Antone A Williamson,MIL,24,54,2,11,3,0,0,6,4,8,0,1,.204,.254,.259,.514
Billy B Brewer,PHI,23,1,0,0,0,0,0,0,0,1,0,0,.000,.000,.000,.000
Rick R De Hart,MON,23,2,0,0,0,0,0,0,0,2,0,0,.000,.000,.000,.000
Henry H Mercedes,TEX,23,47,4,10,4,0,0,4,6,25,0,0,.213,.302,.298,.600
Marc M Pisciotta,CHC,23,1,0,0,0,0,0,0,0,1,0,0,.000,.000,.000,.000
Bruce B Ruffin,COL,23,0,0,0,0,0,0,0,0,0,0,0,.000,.000,.000,.000
Lee L Smith,MON,23,0,0,0,0,0,0,0,0,0,0,0,.000,.000,.000,.000
Juan J Acevedo,NYM,22,6,0,0,0,0,0,0,0,5,0,0,.000,.000,.000,.000
Alan A Benes,STL,22,52,1,9,2,0,0,3,0,16,0,0,.173,.173,.212,.385
Andy A Fox,NYY,22,31,13,7,1,0,0,1,7,9,2,1,.226,.368,.258,.626
Derrek D Lee,SD,22,54,9,14,3,0,1,4,9,24,0,0,.259,.365,.370,.735
Mike M Robertson,PHI,22,38,3,8,2,1,0,4,0,6,1,0,.211,.268,.316,.584
Ken K Ryan,PHI,22,0,0,0,0,0,0,0,0,0,0,0,.000,.000,.000,.000
Tony T Saunders,FLA,22,37,2,3,0,0,1,1,2,19,0,0,.081,.128,.162,.290
Brett B Tomko,CIN,22,36,2,5,1,0,0,3,1,14,0,0,.139,.162,.167,.329
Rich R Batchelor,SD,21,0,0,0,0,0,0,0,0,0,0,0,.000,.000,.000,.000
Matt M Beech,PHI,21,30,1,5,1,0,0,1,0,14,0,0,.167,.167,.200,.367
Darnell D Coles,COL,21,22,1,7,1,0,1,2,0,6,0,0,.318,.348,.500,.848
Geremi G Gonzalez,CHC,21,40,1,4,0,0,0,1,3,12,0,0,.100,.163,.100,.263
Russ R Johnson,HOU,21,60,7,18,1,0,2,9,6,14,1,1,.300,.364,.417,.780
Ricardo R Jordan,NYM,21,1,0,0,0,0,0,0,0,1,0,0,.000,.000,.000,.000
Jeff J Juden,MON,21,43,1,6,2,0,0,4,1,24,0,0,.140,.178,.186,.364
Ramon R Martinez,LA,21,42,5,8,1,0,0,1,0,11,0,0,.190,.190,.214,.405
Magglio M Ordonez R,CWS,21,69,12,22,6,0,4,11,2,8,1,2,.319,.338,.580,.918
Mandy M Romero,SD,21,48,7,10,0,0,2,4,2,18,1,0,.208,.240,.333,.573
Marc M Sagmoen R,TEX,21,43,2,6,2,0,1,4,2,13,0,0,.140,.174,.256,.430
Dario D Veras,SD,21,0,0,0,0,0,0,0,0,0,0,0,.000,.000,.000,.000
Brian B Bohanon,NYM,20,33,0,6,0,0,0,4,0,15,0,0,.182,.176,.182,.358
Joe J Borowski,ATL,20,0,0,0,0,0,0,0,0,0,0,0,.000,.000,.000,.000
Freddy F Garcia,PIT,20,40,4,6,1,0,3,5,2,17,0,0,.150,.190,.400,.590
Scarborough S Green C,STL,20,31,5,3,0,0,0,1,2,5,0,0,.097,.152,.097,.248
Damian D Jackson S,CIN,20,36,8,7,2,1,1,2,4,8,2,1,.194,.293,.389,.682
Kevin K Mitchell D,CLE,20,59,7,9,1,0,4,11,9,11,1,0,.153,.275,.373,.648
Don D Slaught,SD,20,20,2,0,0,0,0,0,5,4,0,0,.000,.200,.000,.200
Jeff J Abbott,CWS,19,38,8,10,1,0,1,2,0,6,0,0,.263,.263,.368,.632
Todd T Dunwoody C,FLA,19,50,7,13,2,2,2,7,7,21,2,0,.260,.362,.500,.862
Brad B Fullmer,MON,19,40,4,12,2,0,3,8,2,7,0,0,.300,.349,.575,.924
Richard R Hidalgo C,HOU,19,62,8,19,5,0,2,6,4,18,1,0,.306,.358,.484,.842
Barry B Manuel,NYM,19,2,0,0,0,0,0,0,0,1,0,0,.000,.000,.000,.000
Abraham O. A Nunez S,PIT,19,40,3,9,2,2,0,6,3,10,1,0,.225,.289,.375,.664
Pete P Schourek,CIN,19,24,1,4,0,0,1,2,0,8,1,0,.167,.167,.292,.458
John J Smiley,CIN,19,40,0,4,1,0,0,2,0,10,0,0,.100,.100,.125,.225
Garrett G Stephenson,PHI,19,32,0,3,1,0,0,1,1,16,0,0,.094,.121,.125,.246
Shane S Andrews,MON,18,64,10,13,3,0,4,9,3,20,0,0,.203,.232,.438,.669
Lou L Collier S,PIT,18,37,3,5,0,0,0,3,1,11,1,0,.135,.158,.135,.293
Joe J Crawford,NYM,18,11,0,0,0,0,0,0,0,5,0,0,.000,.000,.000,.000
Chad C Fonville,CWS,18,23,2,3,0,0,0,2,3,4,2,1,.130,.231,.130,.361
Greg G Norton,CWS,18,34,5,9,2,2,0,1,2,8,0,0,.265,.306,.441,.747
Fernando F Valenzuela,STL,18,22,1,4,0,0,0,2,0,3,0,0,.182,.182,.182,.364
John J Burke,COL,17,19,1,3,0,0,0,0,0,6,0,0,.158,.158,.158,.316
David D Dellucci R,BAL,17,27,3,6,1,0,1,3,4,7,0,0,.222,.344,.370,.714
Micah M Franklin R,STL,17,34,6,11,0,0,2,2,3,10,0,0,.324,.378,.500,.878
Eli E Marrero,STL,17,45,4,11,2,0,2,7,2,13,4,0,.244,.271,.422,.693
Mike M Mimbs,PHI,17,2,1,0,0,0,0,0,0,0,0,0,.000,.000,.000,.000
Ruben R Rivera,SD,17,20,2,5,1,0,0,1,2,9,2,1,.250,.318,.300,.618
Scott S Ruffcorn,PHI,17,6,0,0,0,0,0,0,1,6,0,0,.000,.143,.000,.143
Mickey M Tettleton D,TEX,17,44,5,4,1,0,3,4,3,12,0,0,.091,.167,.318,.485
Pat P Watkins C,CIN,17,29,2,6,2,0,0,0,0,5,1,0,.207,.207,.276,.483
Antonio A Alfonseca,FLA,16,3,0,0,0,0,0,0,0,3,0,0,.000,.000,.000,.000
Aaron A Boone,CIN,16,49,5,12,1,0,0,5,2,5,1,0,.245,.275,.265,.540
Orlando O Cabrera,MON,16,18,4,4,0,0,0,2,1,3,1,2,.222,.263,.222,.485
Miguel M Cairo,CHC,16,29,7,7,1,0,0,1,2,3,0,0,.241,.313,.276,.588
Jacob J Cruz R,SF,16,25,3,4,1,0,0,3,3,4,0,0,.160,.241,.200,.441
Eddy E Diaz,MIL,16,50,4,11,2,1,0,7,1,5,0,0,.220,.235,.300,.535
Livan L Hernandez,FLA,16,29,2,5,2,0,0,2,1,6,0,0,.172,.200,.241,.441
Danny D Jackson,SD,16,20,1,2,0,0,0,0,1,8,0,1,.100,.143,.100,.243
Jeff J Manto,CLE,16,30,3,8,3,0,2,7,1,10,0,0,.267,.290,.567,.857
Felix F Martinez S,KC,16,31,3,7,1,1,0,3,6,8,0,0,.226,.351,.323,.674
Hensley H Meulens L,MON,16,24,6,7,1,0,2,6,4,10,0,1,.292,.379,.583,.963
Heath H Murray,SD,16,6,0,0,0,0,0,0,0,1,0,0,.000,.000,.000,.000
Kevin K Ritz,COL,16,35,4,2,0,0,0,0,4,15,1,0,.057,.154,.057,.211
Tim T Scott,COL,16,0,0,0,0,0,0,0,0,0,0,0,.000,.000,.000,.000
Bill B Swift,COL,16,19,2,4,1,0,0,2,4,4,0,0,.211,.375,.263,.638
William W Van Landingham,SF,16,26,1,3,1,0,0,0,1,13,0,0,.115,.148,.154,.302
Ed E Vosberg,FLA,16,0,0,0,0,0,0,0,0,0,0,0,.000,.000,.000,.000
Shayne S Bennett,MON,15,1,0,0,0,0,0,0,1,0,0,0,.000,.500,.000,.500
Angel A Echevarria,COL,15,20,4,5,2,0,0,0,2,5,0,0,.250,.318,.350,.668
Karim K Garcia L,LA,15,39,5,5,0,0,1,8,6,14,0,0,.128,.239,.205,.444
Chris C Latham,MIN,15,22,4,4,1,0,0,1,0,8,0,0,.182,.182,.227,.409
Calvin C Maduro,PHI,15,20,1,1,0,0,0,0,0,12,0,0,.050,.050,.050,.100
Carlos C Mendoza,NYM,15,12,6,3,0,0,0,1,4,2,0,0,.250,.500,.250,.750
David D Ortiz,MIN,15,49,10,16,3,0,1,6,2,19,0,0,.327,.353,.449,.802
Brady B Raggio,STL,15,3,0,0,0,0,0,1,0,0,0,0,.000,.000,.000,.000
Desi D Relaford S,PHI,15,38,3,7,1,2,0,6,5,6,3,0,.184,.279,.316,.595
Armando A Reynoso,NYM,15,29,3,7,0,0,1,3,2,15,0,0,.241,.281,.345,.626
Paul P Wagner,MIL,15,1,0,0,0,0,0,0,0,1,0,0,.000,.000,.000,.000
George G Arias,SD,14,28,3,7,1,0,0,3,0,1,0,0,.250,.250,.286,.536
Casey C Candaele,CLE,14,26,5,8,1,0,0,4,1,1,1,0,.308,.333,.346,.680
Larry L Casian,KC,14,1,0,0,0,0,0,0,0,1,0,0,.000,.000,.000,.000
Hanley H Frias S,TEX,14,26,4,5,1,0,0,1,1,4,0,0,.192,.222,.231,.453
Ed E Giovanola,ATL,14,8,0,2,0,0,0,0,2,1,0,0,.250,.400,.250,.650
Chip C Hale,LA,14,12,0,1,0,0,0,0,2,4,0,0,.083,.214,.083,.298
Mark M Kotsay C,FLA,14,52,5,10,1,1,0,4,4,7,3,0,.192,.250,.250,.500
Kerry K Ligtenberg,ATL,14,0,0,0,0,0,0,0,0,0,0,0,.000,.000,.000,.000
Lance L Painter,STL,14,1,0,0,0,0,0,0,0,1,0,0,.000,.000,.000,.000
Ken K Ramos,HOU,14,12,0,0,0,0,0,1,2,0,0,0,.000,.133,.000,.133
Dennys D Reyes,LA,14,9,1,0,0,0,0,0,1,5,1,0,.000,.100,.000,.100
Jorge J Velandia S,SD,14,29,0,3,2,0,0,0,1,7,0,0,.103,.133,.172,.306
Bruce B Aven L,CLE,13,19,4,4,1,0,0,2,1,5,0,1,.211,.250,.263,.513
Toby T Borland,NYM,13,0,0,0,0,0,0,0,0,0,0,0,.000,.000,.000,.000
Jeff J Brantley,CIN,13,0,0,0,0,0,0,0,0,0,0,0,.000,.000,.000,.000
Terry T Burrows,SD,13,0,0,0,0,0,0,0,0,0,0,0,.000,.000,.000,.000
Frank F Catalanotto,DET,13,26,2,8,2,0,0,3,3,7,0,0,.308,.379,.385,.764
Raul R Chavez,MON,13,26,0,7,0,0,0,2,0,5,1,0,.269,.259,.269,.528
Bobby B Estalella,PHI,13,29,9,10,1,0,4,9,7,7,0,0,.345,.472,.793,1.265
Sal S Fasano,KC,13,38,4,8,2,0,1,1,1,12,0,0,.211,.231,.342,.573
Tyler T Green,PHI,13,26,2,8,3,0,0,2,0,5,0,0,.308,.308,.423,.731
Tommy T Gregg,ATL,13,19,1,5,2,0,0,0,1,2,1,1,.263,.300,.368,.668
Jimmy J Hurst R,DET,13,17,1,3,1,0,1,1,2,6,0,0,.176,.263,.412,.675
John J Johnstone,SF,13,2,0,0,0,0,0,0,0,1,0,0,.000,.000,.000,.000
Ryan R Karp,PHI,13,0,0,0,0,0,0,0,0,0,0,0,.000,.000,.000,.000
Donovan D Osborne,STL,13,24,2,5,1,0,0,2,0,6,1,0,.208,.208,.250,.458
J. R. J Phillips,HOU,13,15,2,2,0,0,1,4,0,7,0,0,.133,.125,.333,.458
Scott S Sheldon,OAK,13,24,2,6,0,0,1,2,1,6,0,0,.250,.308,.375,.683
Terry T Shumpert,SD,13,33,4,9,3,0,1,6,3,4,0,0,.273,.324,.455,.779
Randall R Simon,ATL,13,14,2,6,1,0,0,1,1,2,0,0,.429,.467,.500,.967
Chris C Turner,ANA,13,23,4,6,1,1,1,2,5,8,0,0,.261,.393,.522,.915
Wilson W Alvarez,SF,12,26,1,3,0,0,0,1,2,7,0,0,.115,.179,.115,.294
Kimera K Bartee,DET,12,5,4,1,0,0,0,0,2,2,3,1,.200,.500,.200,.700
Ricky R Bones,KC,12,2,0,0,0,0,0,0,0,0,0,0,.000,.000,.000,.000
Jose J Cabrera,HOU,12,2,0,0,0,0,0,0,0,0,0,0,.000,.000,.000,.000
Felipe F Crespo,TOR,12,28,3,8,0,1,1,5,2,4,0,0,.286,.333,.464,.798
Tom T Evans,TOR,12,38,7,11,2,0,1,2,2,10,0,1,.289,.341,.421,.762
Osvaldo O Fernandez,SF,12,17,0,0,0,0,0,0,1,13,0,0,.000,.105,.000,.105
Garey G Ingram L,LA,12,9,2,4,0,0,0,1,1,3,1,0,.444,.500,.444,.944
Marc M Kroon,SD,12,0,0,0,0,0,0,0,0,0,0,0,.000,.000,.000,.000
Luis L Ordaz S,STL,12,22,3,6,1,0,0,1,1,2,3,0,.273,.304,.318,.622
Roberto R Petagine,NYM,12,15,2,1,0,0,0,2,3,6,0,0,.067,.222,.067,.289
Kevin K Tapani,CHC,12,22,2,3,0,0,0,0,2,12,1,0,.136,.208,.136,.345
Salomon S Torres,MON,12,6,0,0,0,0,0,0,0,4,0,0,.000,.000,.000,.000
Terrell T Wade,ATL,12,12,0,3,0,0,0,1,2,5,0,0,.250,.357,.250,.607
Manny M Aybar,STL,11,21,0,3,0,0,0,1,0,9,0,0,.143,.143,.143,.286
Jose J Bautista,STL,11,0,0,0,0,0,0,0,0,0,0,0,.000,.000,.000,.000
Ivan I Cruz,NYY,11,20,0,5,1,0,0,3,2,4,0,0,.250,.318,.300,.618
Danny D Darwin,SF,11,18,0,2,1,0,0,2,0,11,0,0,.111,.111,.167,.278
Robert R Eenhoorn,ANA,11,20,2,7,1,0,1,6,0,2,0,0,.350,.333,.550,.883
Angelo A Encarnacion,ANA,11,17,2,7,1,0,1,4,0,1,2,0,.412,.412,.647,1.059
Juan J Encarnacion R,DET,11,33,3,7,1,1,1,5,3,12,3,1,.212,.316,.394,.710
Keith K Foulke,CWS,11,13,0,2,0,0,0,0,0,4,0,0,.154,.154,.154,.308
Raul R Ibanez,SEA,11,26,3,4,0,1,1,4,0,6,0,0,.154,.154,.346,.500
Kevin K Millwood,ATL,11,12,0,0,0,0,0,0,1,8,0,0,.000,.077,.000,.077
Pete P Rose,CIN,11,14,2,2,0,0,0,0,2,9,0,0,.143,.250,.143,.393
Jose J Silva,PIT,11,7,1,1,0,0,0,0,0,4,0,0,.143,.143,.143,.286
Darryl D Strawberry L,NYY,11,29,1,3,1,0,0,2,3,9,0,0,.103,.188,.138,.325
Gary G Thurman,NYM,11,6,0,1,0,0,0,0,0,0,0,1,.167,.167,.167,.333
Jeff J Wallace,PIT,11,0,0,0,0,0,0,0,0,0,0,0,.000,.000,.000,.000
Gabe G White,CIN,11,9,0,1,0,0,0,1,0,7,0,0,.111,.111,.111,.222
Miguel M Batista,CHC,10,8,0,0,0,0,0,0,0,5,0,0,.000,.000,.000,.000
Homer H Bush,NYY,10,11,2,4,0,0,0,3,0,0,0,0,.364,.364,.364,.727
Todd T Erdos,SD,10,1,0,0,0,0,0,0,0,1,0,0,.000,.000,.000,.000
John J Ericks,PIT,10,0,0,0,0,0,0,0,0,0,0,0,.000,.000,.000,.000
Kevin K Jarvis,DET,10,1,0,0,0,0,0,0,0,0,0,0,.000,.000,.000,.000
Mike M Johnson,MON,10,13,1,1,0,0,0,1,0,5,0,0,.077,.077,.077,.154
Joey J Long,SD,10,0,0,0,0,0,0,0,0,0,0,0,.000,.000,.000,.000
Robert R Machado,CWS,10,15,1,3,0,1,0,2,1,6,0,0,.200,.250,.333,.583
Blas B Minor,HOU,10,0,0,0,0,0,0,0,0,0,0,0,.000,.000,.000,.000
Amaury A Telemaco,CHC,10,9,0,2,0,0,0,0,1,6,0,0,.222,.300,.222,.522
Jeff J Granger,PIT,9,0,0,0,0,0,0,0,0,0,0,0,.000,.000,.000,.000
Danny D Graves,CIN,9,1,0,0,0,0,0,0,0,1,0,0,.000,.000,.000,.000
Mike M Harkey,LA,9,1,0,0,0,0,0,0,0,1,0,0,.000,.000,.000,.000
Robin R Jennings,CHC,9,18,1,3,1,0,0,2,0,2,0,0,.167,.158,.222,.380
Terrell T Lowery,CHC,9,14,2,4,0,0,0,0,3,3,1,0,.286,.412,.286,.698
Jose J Paniagua,MON,9,5,0,0,0,0,0,0,0,3,0,0,.000,.000,.000,.000
Yorkis Y Perez,NYM,9,1,0,0,0,0,0,0,0,0,0,0,.000,.000,.000,.000
Adam A Riggs,LA,9,20,3,4,1,0,0,1,4,3,1,0,.200,.333,.250,.583
Ricky R Trlicek,NYM,9,0,0,0,0,0,0,0,0,0,0,0,.000,.000,.000,.000
Michael M Coleman C,BOS,8,24,2,4,1,0,0,2,0,11,1,0,.167,.167,.208,.375
Wilson W Delgado,SF,8,7,1,1,1,0,0,0,0,2,0,0,.143,.143,.286,.429
Doug D Jones,MIL,8,0,0,0,0,0,0,0,1,0,0,0,.000,1.000,.000,1.000
Paul P Menhart,SD,8,12,0,0,0,0,0,0,0,4,0,0,.000,.000,.000,.000
Ralph R Milliard,FLA,8,30,2,6,0,0,0,2,3,3,1,1,.200,.314,.200,.514
Ramon R Morel,CHC,8,0,0,0,0,0,0,0,0,0,0,0,.000,.000,.000,.000
Bobby B Munoz,PHI,8,10,2,3,1,0,0,1,0,1,0,0,.300,.300,.400,.700
Dave D Stevens,CHC,8,1,0,0,0,0,0,0,0,0,0,0,.000,.000,.000,.000
Jeff J Berblinger,STL,7,5,1,0,0,0,0,0,0,1,0,0,.000,.000,.000,.000
Chris C Brock,ATL,7,10,0,1,0,0,0,1,0,2,0,0,.100,.100,.100,.200
Rich R Butler L,TOR,7,14,3,4,1,0,0,2,2,3,0,1,.286,.375,.357,.732
Trenidad T Hubbard L,CLE,7,12,3,3,1,0,0,0,1,3,2,0,.250,.308,.333,.641
Tim T Laker,BAL,7,14,0,0,0,0,0,1,2,9,0,0,.000,.118,.000,.118
Pedro P Martinez,CIN,7,0,0,0,0,0,0,0,0,0,0,0,.000,.000,.000,.000
Roberto R Mejia,STL,7,14,0,1,1,0,0,2,0,5,0,0,.071,.067,.143,.210
Kurt K Miller,FLA,7,0,0,0,0,0,0,0,0,0,0,0,.000,.000,.000,.000
Kirt K Ojala,FLA,7,7,0,0,0,0,0,0,0,2,0,0,.000,.000,.000,.000
Luis L Rivera S,HOU,7,13,2,3,0,1,0,3,1,6,0,0,.231,.286,.385,.670
Dan D Rohrmeier,SEA,7,9,4,3,0,0,0,2,2,4,0,0,.333,.455,.333,.788
Mike M Trombley,MIN,7,1,0,0,0,0,0,0,0,1,0,0,.000,.000,.000,.000
Donne D Wall,HOU,7,10,0,1,0,0,0,0,1,4,0,0,.100,.182,.100,.282
John J Wetteland,TEX,7,1,1,1,1,0,0,1,0,0,0,0,1.000,1.000,2.000,3.000
Matt M Whisenant,KC,7,0,0,0,0,0,0,0,0,0,0,0,.000,.000,.000,.000
Darrin D Winston,PHI,7,2,0,1,0,0,0,1,1,0,0,0,.500,.667,.500,1.167
Rene R Arocha,SF,6,1,0,0,0,0,0,0,0,1,0,0,.000,.000,.000,.000
Cory C Bailey,SF,6,1,0,1,0,0,0,0,0,0,0,0,1.000,1.000,1.000,2.000
Dan D Carlson,SF,6,3,0,0,0,0,0,0,0,0,0,0,.000,.000,.000,.000
Sean S Casey,CLE,6,10,1,2,0,0,0,1,1,2,0,0,.200,.333,.200,.533
Vince V Coleman,DET,6,14,0,1,0,0,0,0,1,3,0,0,.071,.133,.071,.205
Mike M Fetters,MIL,6,0,0,0,0,0,0,0,0,0,0,0,.000,.000,.000,.000
Mike M Grace,PHI,6,12,0,1,0,0,0,0,0,9,0,0,.083,.083,.083,.167
Pete P Harnisch,NYM,6,8,0,0,0,0,0,0,0,3,0,0,.000,.000,.000,.000
Jason J Isringhausen,NYM,6,7,1,1,0,0,0,1,0,4,0,0,.143,.125,.143,.268
Paul P Konerko,LA,6,7,0,1,0,0,0,0,1,2,0,0,.143,.250,.143,.393
Ryan R Long,KC,6,9,2,2,0,0,0,2,0,3,0,0,.222,.300,.222,.522
Eric E Ludwick,OAK,6,2,0,0,0,0,0,0,0,1,0,0,.000,.000,.000,.000
Doug D Mirabelli,SF,6,7,0,1,0,0,0,0,1,3,0,0,.143,.250,.143,.393
Scott S Service,KC,6,0,0,0,0,0,0,0,0,0,0,0,.000,.000,.000,.000
Heathcliff H Slocumb,SEA,6,0,0,0,0,0,0,0,0,0,0,0,.000,.000,.000,.000
Mark M Thompson,COL,6,11,1,2,1,0,1,1,0,5,0,0,.182,.182,.545,.727
Ozzie O Timmons,CIN,6,9,1,3,1,0,0,0,0,1,0,0,.333,.333,.444,.778
Andy A Tomberlin,NYM,6,7,0,2,0,0,0,0,1,3,0,0,.286,.375,.286,.661
Armando A Benitez,BAL,5,0,0,0,0,0,0,0,0,0,0,0,.000,.000,.000,.000
Tony T Castillo,CWS,5,1,0,0,0,0,0,0,0,0,0,0,.000,.000,.000,.000
Einar E Díaz Diaz,CLE,5,7,1,1,1,0,0,1,0,2,0,0,.143,.143,.286,.429
Steve S Falteisek,MON,5,2,0,0,0,0,0,0,0,2,0,0,.000,.000,.000,.000
Charlie C Greene,BAL,5,2,0,0,0,0,0,1,0,1,0,0,.000,.000,.000,.000
Giomar G Guevara,SEA,5,4,0,0,0,0,0,0,0,2,1,0,.000,.000,.000,.000
Mike M Gulan,STL,5,9,2,0,0,0,0,1,1,5,0,0,.000,.100,.000,.100
Joe J Hudson,BOS,5,0,0,0,0,0,0,0,0,0,0,0,.000,.000,.000,.000
Michael M Jackson,CLE,5,0,0,0,0,0,0,0,0,0,0,0,.000,.000,.000,.000
Dane D Johnson,OAK,5,0,0,0,0,0,0,0,0,0,0,0,.000,.000,.000,.000
Sean S Lowe,STL,5,3,0,1,0,0,0,0,0,1,0,0,.333,.333,.333,.667
Walt W Mc Keel,BOS,5,3,0,0,0,0,0,0,0,1,0,0,.000,.000,.000,.000
Jose J Mesa,CLE,5,0,0,0,0,0,0,0,0,0,0,0,.000,.000,.000,.000
Mike M Mohler,OAK,5,0,0,0,0,0,0,0,0,0,0,0,.000,.000,.000,.000
Rodney R Myers,CHC,5,0,0,0,0,0,0,0,0,0,0,0,.000,.000,.000,.000
Jeff J Nelson,NYY,5,0,0,0,0,0,0,0,0,0,0,0,.000,.000,.000,.000
Omar O Olivares,SEA,5,5,2,3,0,1,0,2,0,1,0,0,.600,.600,1.000,1.600
Jesse J Orosco,BAL,5,0,0,0,0,0,0,0,1,0,0,0,.000,1.000,.000,1.000
Steve S Scarsone,STL,5,10,0,1,0,0,0,0,2,5,1,0,.100,.250,.100,.350
Richie R Sexson,CLE,5,11,1,3,0,0,0,0,0,2,0,0,.273,.273,.273,.546
Andy A Stewart,KC,5,8,1,2,1,0,0,0,0,0,0,0,.250,.250,.375,.625
Mike M Thurman,MON,5,2,1,1,0,0,0,0,0,1,0,0,.500,.500,.500,1.000
Enrique E Wilson S,CLE,5,15,2,5,0,0,0,1,0,2,0,0,.333,.333,.333,.667
Scott S Winchester,CIN,5,0,0,0,0,0,0,0,0,0,0,0,.000,.000,.000,.000
Joel J Adamson,MIL,4,3,0,0,0,0,0,0,0,0,0,0,.000,.000,.000,.000
Paul P Assenmacher,CLE,4,0,0,0,0,0,0,0,0,0,0,0,.000,.000,.000,.000
Bobby B Ayala,SEA,4,0,0,0,0,0,0,0,0,0,0,0,.000,.000,.000,.000
Josh J Booty,FLA,4,5,2,3,0,0,0,1,1,1,0,0,.600,.667,.600,1.267
Kevin K Brown,TEX,4,5,1,2,0,0,1,1,0,0,0,0,.400,.400,1.000,1.400
Norm N Charlton,SEA,4,0,0,0,0,0,0,0,0,0,0,0,.000,.000,.000,.000
Rick R Gorecki,LA,4,0,1,0,0,0,0,0,0,0,0,0,.000,.000,.000,.000
Buddy B Groom,OAK,4,0,0,0,0,0,0,0,0,0,0,0,.000,.000,.000,.000
Eddie E Guardado,MIN,4,0,0,0,0,0,0,0,0,0,0,0,.000,.000,.000,.000
Oscar O Henriquez,HOU,4,0,0,0,0,0,0,0,0,0,0,0,.000,.000,.000,.000
Mike M James,ANA,4,0,0,0,0,0,0,0,0,0,0,0,.000,.000,.000,.000
Bobby B Jones,COL,4,5,1,1,0,0,0,0,1,0,0,0,.200,.333,.200,.533
Randy R Knorr,HOU,4,8,1,3,0,0,1,1,0,2,0,0,.375,.375,.750,1.125
Richie R Lewis,CIN,4,1,0,1,0,0,0,0,0,0,0,0,1.000,1.000,1.000,2.000
Albie A Lopez,CLE,4,1,0,0,0,0,0,0,0,1,0,0,.000,.000,.000,.000
Jose J Malave L,BOS,4,4,0,0,0,0,0,0,0,2,0,0,.000,.000,.000,.000
Terry T Mathews,BAL,4,0,0,0,0,0,0,0,0,0,0,0,.000,.000,.000,.000
Alvin A Morman,CLE,4,1,0,0,0,0,0,0,0,0,0,0,.000,.000,.000,.000
Russ R Morman,FLA,4,7,3,2,1,0,1,2,0,2,1,0,.286,.286,.857,1.143
Mike M Myers,DET,4,0,0,0,0,0,0,0,0,0,0,0,.000,.000,.000,.000
Randy R Myers,BAL,4,0,0,0,0,0,0,0,0,0,0,0,.000,.000,.000,.000
Rob R Natal,FLA,4,4,2,2,1,0,1,3,2,0,0,0,.500,.571,1.500,2.071
Mike M Oquist,OAK,4,4,0,1,0,0,0,0,0,0,0,0,.250,.250,.250,.500
Troy T Percival,ANA,4,0,0,0,0,0,0,0,0,0,0,0,.000,.000,.000,.000
Eric E Plunk,CLE,4,1,0,0,0,0,0,0,0,1,0,0,.000,.000,.000,.000
Arquimedez A Pozo,BOS,4,15,0,4,1,0,0,3,0,5,0,0,.267,.250,.333,.583
Paul P Quantrill,TOR,4,1,0,0,0,0,0,0,0,1,0,0,.000,.000,.000,.000
Brian B Raabe,COL,4,6,0,1,0,0,0,0,1,3,0,0,.167,.286,.167,.452
Edgar E Ramos,PHI,4,3,0,0,0,0,0,0,0,2,0,0,.000,.000,.000,.000
Mel M Rosario,BAL,4,3,0,0,0,0,0,0,0,1,0,0,.000,.000,.000,.000
Javier J Valentin,MIN,4,7,1,2,0,0,0,0,0,3,0,0,.286,.286,.286,.571
Ron R Villone,MIL,4,1,0,0,0,0,0,0,0,1,0,0,.000,.000,.000,.000
Kevin K Appier,KC,3,6,0,0,0,0,0,0,0,5,0,0,.000,.000,.000,.000
Scott S Bailes,TEX,3,0,0,0,0,0,0,0,0,0,0,0,.000,.000,.000,.000
Henry H Blanco,LA,3,5,1,2,0,0,1,1,0,1,0,0,.400,.400,1.000,1.400
Shawn S Boskie,BAL,3,0,0,0,0,0,0,0,0,0,0,0,.000,.000,.000,.000
Doug D Brocail,DET,3,0,0,0,0,0,0,0,0,0,0,0,.000,.000,.000,.000
Mike M Busby,STL,3,4,0,2,0,0,0,0,0,2,0,0,.500,.500,.500,1.000
Doug D Creek,SF,3,3,1,1,0,0,0,0,0,1,0,0,.333,.333,.333,.667
Rich R De Lucia,SF,3,0,0,0,0,0,0,0,0,0,0,0,.000,.000,.000,.000
Elmer E Dessens,PIT,3,0,0,0,0,0,0,0,0,0,0,0,.000,.000,.000,.000
Bryce B Florie,MIL,3,0,0,0,0,0,0,0,0,0,0,0,.000,.000,.000,.000
Pep P Harris,ANA,3,0,0,0,0,0,0,0,0,0,0,0,.000,.000,.000,.000
Shigetoshi S Hasegawa,ANA,3,0,0,0,0,0,0,0,0,0,0,0,.000,.000,.000,.000
Xavier X Hernandez,TEX,3,0,0,0,0,0,0,0,0,0,0,0,.000,.000,.000,.000
Mike M Holtz,ANA,3,1,0,0,0,0,0,0,0,1,0,0,.000,.000,.000,.000
Jason J Johnson,PIT,3,1,0,0,0,0,0,0,0,1,0,0,.000,.000,.000,.000
Graeme G Lloyd,NYY,3,0,0,0,0,0,0,0,0,0,0,0,.000,.000,.000,.000
Derek D Lowe,BOS,3,3,0,0,0,0,0,0,0,2,0,0,.000,.000,.000,.000
Sandy S Martinez,TOR,3,2,1,0,0,0,0,0,1,1,0,0,.000,.333,.000,.333
Chuck C Mc Elroy,CWS,3,0,1,0,0,0,0,0,0,0,0,0,.000,.000,.000,.000
Ramiro R Mendoza,NYY,3,0,0,0,0,0,0,0,0,0,0,0,.000,.000,.000,.000
Julio J Mosquera,TOR,3,8,0,2,1,0,0,0,0,2,0,0,.250,.250,.375,.625
Ryan R Nye,PHI,3,2,0,0,0,0,0,0,0,1,0,0,.000,.000,.000,.000
Danny D Patterson,TEX,3,0,0,0,0,0,0,0,0,0,0,0,.000,.000,.000,.000
Hipolito H Pichardo,KC,3,0,0,0,0,0,0,0,0,0,0,0,.000,.000,.000,.000
Dan D Plesac,TOR,3,0,0,0,0,0,0,0,0,0,0,0,.000,.000,.000,.000
Mark M Portugal,PHI,3,4,0,0,0,0,0,0,0,2,0,0,.000,.000,.000,.000
Rich R Robertson,MIN,3,5,0,1,0,0,0,0,0,2,0,0,.200,.200,.200,.400
Frankie F Rodriguez,MIN,3,1,0,0,0,0,0,0,0,0,0,0,.000,.000,.000,.000
Bill B Simas,CWS,3,0,0,0,0,0,0,0,0,0,0,0,.000,.000,.000,.000
Aaron A Small,OAK,3,1,0,0,0,0,0,0,0,0,0,0,.000,.000,.000,.000
Everett E Stull,MON,3,0,0,0,0,0,0,0,0,0,0,0,.000,.000,.000,.000
Greg G Swindell,MIN,3,0,0,0,0,0,0,0,0,0,0,0,.000,.000,.000,.000
Jeff J Tabaka,CIN,3,0,0,0,0,0,0,0,0,0,0,0,.000,.000,.000,.000
Danny D Tartabull R,PHI,3,7,2,0,0,0,0,0,4,4,0,0,.000,.364,.000,.364
Bob B Tewksbury,MIN,3,5,0,1,0,0,0,1,0,1,0,0,.200,.200,.200,.400
John J Wasdin,BOS,3,0,0,0,0,0,0,0,0,0,0,0,.000,.000,.000,.000
Bob B Wells,SEA,3,0,1,0,0,0,0,0,1,0,0,0,.000,1.000,.000,1.000
Matt M Whiteside,TEX,3,0,0,0,0,0,0,0,0,0,0,0,.000,.000,.000,.000
Bobby B Witt,TEX,3,6,1,2,1,0,1,2,0,1,0,0,.333,.333,1.000,1.333
Steve S Avery,BOS,2,1,1,0,0,0,0,0,0,0,0,0,.000,.000,.000,.000
James J Baldwin,CWS,2,3,0,0,0,0,0,0,0,2,0,0,.000,.000,.000,.000
Manuel M Barrios,HOU,2,0,0,0,0,0,0,0,0,0,0,0,.000,.000,.000,.000
Robbie R Beckett,COL,2,0,0,0,0,0,0,0,0,0,0,0,.000,.000,.000,.000
Tim T Belcher,KC,2,6,0,0,0,0,0,0,0,1,0,0,.000,.000,.000,.000
Brian B Bevil,KC,2,0,0,0,0,0,0,0,0,0,0,0,.000,.000,.000,.000
Brian B Boehringer,NYY,2,0,0,0,0,0,0,0,0,0,0,0,.000,.000,.000,.000
Mark M Brandenburg,BOS,2,0,0,0,0,0,0,0,0,0,0,0,.000,.000,.000,.000
John J Burkett,TEX,2,5,1,1,0,0,0,0,0,1,0,0,.200,.200,.200,.400
Greg G Cadaret,ANA,2,0,0,0,0,0,0,0,0,0,0,0,.000,.000,.000,.000
Giovanni G Carrara,CIN,2,2,0,0,0,0,0,0,0,2,0,0,.000,.000,.000,.000
Carlos C Castillo,CWS,2,1,0,1,0,0,0,0,0,0,0,0,1.000,1.000,1.000,2.000
Danny D Clyburn L,BAL,2,3,0,0,0,0,0,0,0,2,0,0,.000,.000,.000,.000
Jim J Corsi,BOS,2,0,0,0,0,0,0,0,0,0,0,0,.000,.000,.000,.000
Tim T Crabtree,TOR,2,0,0,0,0,0,0,0,0,0,0,0,.000,.000,.000,.000
Jim J Crowell,CIN,2,2,0,0,0,0,0,0,0,0,0,0,.000,.000,.000,.000
Jeff J D' Amico,MIL,2,4,0,0,0,0,0,0,0,3,0,0,.000,.000,.000,.000
Jeff J Darwin,CWS,2,0,0,0,0,0,0,0,0,0,0,0,.000,.000,.000,.000
Doug D Drabek,CWS,2,1,1,0,0,0,0,0,0,1,0,0,.000,.000,.000,.000
Cal C Eldred,MIL,2,3,0,0,0,0,0,0,0,0,0,0,.000,.000,.000,.000
Scott S Erickson,BAL,2,2,0,0,0,0,0,0,1,2,0,0,.000,.333,.000,.333
Jeff J Fassero,SEA,2,5,0,1,0,0,0,0,0,2,0,0,.200,.200,.200,.400
Mike M Figga,NYY,2,4,0,0,0,0,0,0,0,3,0,0,.000,.000,.000,.000
Chuck C Finley,ANA,2,6,1,0,0,0,0,0,0,2,0,0,.000,.000,.000,.000
Rene R Gonzales,COL,2,2,0,1,0,0,0,1,0,0,0,0,.500,.500,.500,1.000
Dwight D Gooden,NYY,2,4,0,0,0,0,0,0,0,1,0,0,.000,.000,.000,.000
Tom T Gordon,BOS,2,0,0,0,0,0,0,0,0,0,0,0,.000,.000,.000,.000
Tommy T Greene,HOU,2,3,1,1,1,0,0,1,0,1,0,0,.333,.333,.667,1.000
Eric E Gunderson,TEX,2,0,0,0,0,0,0,0,0,0,0,0,.000,.000,.000,.000
Joe J Hall R,DET,2,4,1,2,1,0,0,3,0,0,0,0,.500,.500,.750,1.250
Pat P Hentgen,TOR,2,7,0,0,0,0,0,0,0,2,0,0,.000,.000,.000,.000
Wilson W Heredia,TEX,2,0,0,0,0,0,0,0,0,0,0,0,.000,.000,.000,.000
Orel O Hershiser,CLE,2,3,0,0,0,0,0,0,0,1,0,0,.000,.250,.000,.250
Rick R Honeycutt,STL,2,0,0,0,0,0,0,0,0,0,0,0,.000,.000,.000,.000
Todd T Jones,DET,2,0,0,0,0,0,0,0,0,0,0,0,.000,.000,.000,.000
Matt M Karchner,CWS,2,0,0,0,0,0,0,0,0,0,0,0,.000,.000,.000,.000
Scott S Karl,MIL,2,4,0,0,0,0,0,0,0,3,0,0,.000,.000,.000,.000
Kerry K Lacy,BOS,2,0,0,0,0,0,0,0,0,0,0,0,.000,.000,.000,.000
Al A Levine,CWS,2,0,0,0,0,0,0,0,0,0,0,0,.000,.000,.000,.000
Josias J Manzanillo,SEA,2,1,0,0,0,0,0,0,0,0,0,0,.000,.000,.000,.000
Tom T Mc Graw,STL,2,0,0,0,0,0,0,0,0,0,0,0,.000,.000,.000,.000
Dan D Miceli,DET,2,0,0,0,0,0,0,0,0,0,0,0,.000,.000,.000,.000
Nate N Minchey,COL,2,0,0,0,0,0,0,0,0,0,0,0,.000,.000,.000,.000
Brian B Moehler,DET,2,3,0,0,0,0,0,0,0,2,0,0,.000,.000,.000,.000
Jeff J Montgomery,KC,2,0,0,0,0,0,0,0,0,0,0,0,.000,.000,.000,.000
Eric E Moody,TEX,2,0,0,0,0,0,0,0,0,0,0,0,.000,.000,.000,.000
Mike M Mussina,BAL,2,4,0,1,0,0,0,0,0,1,0,0,.250,.250,.250,.500
Charles C Nagy,CLE,2,5,1,1,0,0,0,0,0,1,0,0,.200,.200,.200,.400
Jaime J Navarro,CWS,2,1,0,0,0,0,0,0,0,0,0,0,.000,.000,.000,.000
Chad C Ogea,CLE,2,2,0,0,0,0,0,0,0,1,0,0,.000,.000,.000,.000
Donn D Pall,FLA,2,1,0,0,0,0,0,0,0,1,0,0,.000,.000,.000,.000
Robert R Person,TOR,2,4,0,0,0,0,0,0,1,1,0,0,.000,.200,.000,.200
Bryan B Rekar,COL,2,4,1,1,0,0,0,0,0,1,0,0,.250,.250,.250,.500
Carlos C Reyes,OAK,2,0,0,0,0,0,0,0,0,0,0,0,.000,.000,.000,.000
Arthur A Rhodes,BAL,2,1,0,0,0,0,0,0,0,1,0,0,.000,.000,.000,.000
Brad B Rigby,OAK,2,3,0,0,0,0,0,0,0,2,0,0,.000,.000,.000,.000
Todd T Ritchie,MIN,2,2,0,0,0,0,0,0,0,1,0,0,.000,.000,.000,.000
Mariano M Rivera,NYY,2,0,0,0,0,0,0,0,0,0,0,0,.000,.000,.000,.000
Kenny K Rogers,NYY,2,3,0,0,0,0,0,0,0,0,0,0,.000,.000,.000,.000
Jose J Rosado,KC,2,2,0,0,0,0,0,0,0,1,0,0,.000,.000,.000,.000
Glendon G Rusch,KC,2,3,0,0,0,0,0,0,0,2,0,0,.000,.000,.000,.000
A. J. A Sager,DET,2,0,0,0,0,0,0,0,0,0,0,0,.000,.000,.000,.000
Scott S Sanders,DET,2,0,0,0,0,0,0,0,0,0,0,0,.000,.000,.000,.000
Julio J Santana,TEX,2,2,0,1,0,0,0,0,0,0,0,0,.500,.500,.500,1.000
Paul P Shuey,CLE,2,1,0,0,0,0,0,0,0,1,0,0,.000,.000,.000,.000
Dave D Silvestri,TEX,2,4,0,0,0,0,0,0,0,1,0,0,.000,.000,.000,.000
Paul P Spoljaric,TOR,2,1,0,0,0,0,0,0,0,0,0,0,.000,.000,.000,.000
Dennis D Springer,ANA,2,3,0,0,0,0,0,0,0,3,0,0,.000,.000,.000,.000
Mike M Stanton,NYY,2,0,0,0,0,0,0,0,0,0,0,0,.000,.000,.000,.000
Dave D Swartzbaugh,CHC,2,4,0,0,0,0,0,0,0,1,0,0,.000,.000,.000,.000
Billy B Taylor,OAK,2,0,0,0,0,0,0,0,0,0,0,0,.000,.000,.000,.000
Mike M Timlin,SEA,2,0,0,0,0,0,0,0,0,0,0,0,.000,.000,.000,.000
Jamie J Walker,KC,2,0,0,0,0,0,0,0,0,0,0,0,.000,.000,.000,.000
Don D Wengert,OAK,2,0,0,0,0,0,0,0,0,0,0,0,.000,.000,.000,.000
Bob B Wickman,MIL,2,0,0,0,0,0,0,0,0,0,0,0,.000,.000,.000,.000
Mike M Williams,KC,2,0,0,0,0,0,0,0,0,0,0,0,.000,.000,.000,.000
Jaret J Wright,CLE,2,3,0,0,0,0,0,0,0,1,0,0,.000,.000,.000,.000
Rick R Aguilera,MIN,1,0,0,0,0,0,0,0,0,0,0,0,.000,.000,.000,.000
Willie W Blair,DET,1,4,0,0,0,0,0,0,0,3,0,0,.000,.000,.000,.000
Terry T Clark,TEX,1,1,0,1,0,0,0,0,0,0,0,0,1.000,1.000,1.000,2.000
Roger R Clemens,TOR,1,2,1,1,1,0,0,0,1,0,0,0,.500,.667,1.000,1.667
Ken K Cloude,SEA,1,2,0,0,0,0,0,0,0,0,0,0,.000,.000,.000,.000
Bartolo B Colon,CLE,1,1,0,0,0,0,0,0,0,1,0,0,.000,.000,.000,.000
David D Cone,NYY,1,3,0,0,0,0,0,0,0,2,0,0,.000,.000,.000,.000
Rheal R Cormier,MON,1,0,0,0,0,0,0,0,0,0,0,0,.000,.000,.000,.000
Nelson N Cruz,CWS,1,0,0,0,0,0,0,0,0,0,0,0,.000,.000,.000,.000
Jason J Dickson,ANA,1,2,0,0,0,0,0,0,0,0,0,0,.000,.000,.000,.000
Roberto R Duran,DET,1,0,0,0,0,0,0,0,0,0,0,0,.000,.000,.000,.000
Joey J Eischen,CIN,1,1,0,0,0,0,0,0,0,0,0,0,.000,.000,.000,.000
Kelvim K Escobar,TOR,1,0,0,0,0,0,0,0,0,0,0,0,.000,.000,.000,.000
Vaughn V Eshelman,BOS,1,4,1,1,0,0,0,0,0,1,0,0,.250,.250,.250,.500
Bryan B Eversgerd,TEX,1,0,0,0,0,0,0,0,0,0,0,0,.000,.000,.000,.000
Scott S Eyre,CWS,1,2,0,1,0,0,0,0,0,0,0,0,.500,.500,.500,1.000
Sid S Fernandez,HOU,1,1,0,0,0,0,0,0,0,1,0,0,.000,.000,.000,.000
Eddie E Gaillard,DET,1,0,0,0,0,0,0,0,0,0,0,0,.000,.000,.000,.000
Kevin K Gross,ANA,1,1,0,0,0,0,0,0,0,1,0,0,.000,.000,.000,.000
Chris C Hammond,BOS,1,0,0,0,0,0,0,0,0,0,0,0,.000,.000,.000,.000
Chris C Haney,KC,1,0,0,0,0,0,0,0,0,0,0,0,.000,.000,.000,.000
La Troy L Hawkins,MIN,1,1,0,0,0,0,0,0,0,1,0,0,.000,.000,.000,.000
Jimmy J Haynes,OAK,1,2,0,0,0,0,0,0,0,1,0,0,.000,.000,.000,.000
Butch B Henry,BOS,1,0,0,0,0,0,0,0,0,0,0,0,.000,.000,.000,.000
Ken K Hill,ANA,1,2,0,1,1,0,0,2,0,1,0,0,.500,.500,1.000,1.500
Torii T Hunter,MIN,1,0,0,0,0,0,0,0,0,0,0,0,.000,.000,.000,.000
Hideki H Irabu,NYY,1,1,0,0,0,0,0,0,0,0,0,0,.000,.000,.000,.000
Jason J Jacome,CLE,1,0,0,0,0,0,0,0,0,0,0,0,.000,.000,.000,.000
Mike M Judd,LA,1,1,0,0,0,0,0,0,0,1,0,0,.000,.000,.000,.000
Scott S Kamieniecki,BAL,1,2,0,0,0,0,0,0,0,2,0,0,.000,.000,.000,.000
Steve S Karsay,OAK,1,0,1,0,0,0,0,0,0,0,0,0,.000,.000,.000,.000
Greg G Keagle,DET,1,1,0,0,0,0,0,0,0,1,0,0,.000,.000,.000,.000
Jimmy J Key,BAL,1,2,0,0,0,0,0,0,0,2,0,0,.000,.000,.000,.000
Tim T Kubinski,OAK,1,0,0,0,0,0,0,0,0,0,0,0,.000,.000,.000,.000
John J Le Roy,ATL,1,0,0,0,0,0,0,0,0,0,0,0,.000,.000,.000,.000
Darrell D May,ANA,1,2,0,0,0,0,0,0,0,2,0,0,.000,.000,.000,.000
Greg G Mc Carthy,SEA,1,0,0,0,0,0,0,0,0,0,0,0,.000,.000,.000,.000
Ben B Mc Donald,MIL,1,1,0,0,0,0,0,0,0,1,0,0,.000,.000,.000,.000
Jim J Mecir,NYY,1,0,0,0,0,0,0,0,0,0,0,0,.000,.000,.000,.000
Jose J Mercedes,MIL,1,2,0,0,0,0,0,0,0,2,0,0,.000,.000,.000,.000
Travis T Miller,MIN,1,0,0,0,0,0,0,0,0,0,0,0,.000,.000,.000,.000
Alan A Mills,BAL,1,0,0,0,0,0,0,0,0,0,0,0,.000,.000,.000,.000
Kevin K Morgan,NYM,1,1,0,0,0,0,0,0,0,0,0,0,.000,.000,.000,.000
Jamie J Moyer,SEA,1,3,0,1,0,0,0,0,0,0,0,0,.333,.333,.333,.667
Dan D Naulty,MIN,1,0,0,0,0,0,0,0,0,0,0,0,.000,.000,.000,.000
Darren D Oliver,TEX,1,2,1,1,0,0,0,2,0,1,0,0,.500,.667,.500,1.167
Gregg G Olson,KC,1,0,0,0,0,0,0,0,0,0,0,0,.000,.000,.000,.000
Matt M Perisho,ANA,1,1,0,0,0,0,0,0,0,1,0,0,.000,.000,.000,.000
Jim J Pittsley,KC,1,2,0,1,1,0,0,0,0,1,0,0,.500,.500,1.000,1.500
Brad B Radke,MIN,1,3,0,0,0,0,0,0,0,0,0,0,.000,.000,.000,.000
Al A Reyes,MIL,1,0,0,0,0,0,0,0,0,0,0,0,.000,.000,.000,.000
Bret B Saberhagen,BOS,1,1,0,0,0,0,0,0,0,0,0,0,.000,.000,.000,.000
Jose J Santiago,KC,1,0,0,0,0,0,0,0,0,0,0,0,.000,.000,.000,.000
Aaron A Sele,BOS,1,2,0,0,0,0,0,0,0,1,0,0,.000,.000,.000,.000
Dan D Serafini,MIN,1,0,0,0,0,0,0,0,0,0,0,0,.000,.000,.000,.000
Mike M Sirotka,CWS,1,1,0,0,0,0,0,0,0,1,0,0,.000,.000,.000,.000
Tanyon T Sturtze,TEX,1,0,0,0,0,0,0,0,0,0,0,0,.000,.000,.000,.000
Jeff J Suppan,BOS,1,2,0,0,0,0,0,0,0,1,0,0,.000,.000,.000,.000
Dave D Telgheder,OAK,1,2,0,0,0,0,0,0,0,1,0,0,.000,.000,.000,.000
Larry L Thomas,CWS,1,0,0,0,0,0,0,0,0,0,0,0,.000,.000,.000,.000
Justin J Thompson,DET,1,2,0,0,0,0,0,0,0,1,0,0,.000,.000,.000,.000
Jason J Varitek,BOS,1,1,0,1,0,0,0,0,0,0,0,0,1.000,1.000,1.000,2.000
Randy R Velarde,ANA,1,0,0,0,0,0,0,0,0,0,0,0,.000,.000,.000,.000
Randy R Veres,KC,1,0,0,0,0,0,0,0,0,0,0,0,.000,.000,.000,.000
Tim T Wakefield,BOS,1,1,0,0,0,0,0,0,0,0,0,0,.000,.000,.000,.000
Brian B Williams,BAL,1,0,0,0,0,0,0,0,0,0,0,0,.000,.000,.000,.000
Woody W Williams,TOR,1,2,0,1,0,0,0,0,0,1,0,0,.500,.500,.500,1.000
Bob B Wolcott,SEA,1,1,0,0,0,0,0,0,0,0,0,0,.000,.000,.000,.000
