PLAYER,TEAM,W,L,ERA,GS,CG,SHO,SV,SVO,IP,H,R,ER,HR,HB,BB,SO,WHIP,AVG
Scott S Barlow,KC,2,1,4.20,32,0,0,0,2,2,30.0,27,14,14,4,2,9,39,1.20,.239
Jimmy J Cordero,CWS,1,2,6.08,30,0,0,0,0,1,26.2,33,21,18,2,3,9,22,1.58,.300
Jose J Cisnero,DET,3,3,3.03,29,0,0,0,0,2,29.2,23,10,10,1,3,10,34,1.11,.209
Mike M Mayers,LAA,2,0,2.10,29,0,0,0,2,4,30.0,18,10,7,2,1,9,43,0.90,.162
Tyler T Rogers,SF,3,3,4.50,29,0,0,0,3,6,28.0,31,16,14,2,4,6,27,1.32,.277
Shane S Greene,ATL,1,0,2.60,28,0,0,0,0,0,27.2,22,9,8,2,2,9,21,1.12,.229
Greg G Holland,KC,3,0,1.91,28,0,0,0,6,6,28.1,20,8,6,1,3,7,31,0.95,.200
Ty T Buttrey,LAA,2,3,5.81,27,0,0,0,5,9,26.1,28,18,17,4,1,9,18,1.41,.283
Pete P Fairbanks,TB,6,3,2.70,27,2,0,0,0,3,26.2,23,9,8,2,2,14,39,1.39,.228
Jonathan J Hernández Hernandez,TEX,5,1,2.90,27,0,0,0,0,0,31.0,24,10,10,2,4,8,31,1.03,.218
Kenley K Jansen,LAD,3,1,3.33,27,0,0,0,11,13,24.1,19,11,9,2,3,9,33,1.15,.211
James J Karinchak,CLE,1,2,2.67,27,0,0,0,1,4,27.0,14,9,8,1,0,16,53,1.11,.159
Gregory G Soto,DET,0,1,4.30,27,0,0,0,2,3,23.0,16,11,11,2,2,13,29,1.26,.193
Chris C Stratton,PIT,2,1,3.90,27,0,0,0,0,2,30.0,26,19,13,3,0,13,39,1.30,.224
Blake B Treinen,LAD,3,3,3.86,27,0,0,0,1,2,25.2,23,15,11,1,2,8,22,1.21,.240
Anthony A Bass,TOR,2,3,3.51,26,0,0,0,7,9,25.2,17,13,10,2,0,9,21,1.01,.189
Miguel M Castro,NYM,2,2,4.01,26,0,0,0,1,3,24.2,28,12,11,4,1,13,38,1.66,.277
Tyler T Clippard,MIN,2,1,2.77,26,2,0,0,0,2,26.0,19,9,8,2,0,4,26,0.88,.202
Stefan S Crichton,ARI,2,2,2.42,26,0,0,0,5,7,26.0,22,7,7,1,4,9,23,1.19,.229
Edwin E Díaz Diaz,NYM,2,1,1.75,26,0,0,0,6,10,25.2,18,6,5,2,2,14,50,1.25,.191
Carlos C Estévez Estevez,COL,1,3,7.50,26,0,0,0,1,4,24.0,33,21,20,6,3,9,27,1.75,.317
Bryan B Garcia,DET,2,1,1.66,26,0,0,0,4,6,21.2,18,6,4,0,1,10,12,1.29,.222
Yusmeiro Y Petit,OAK,2,1,1.66,26,0,0,0,0,0,21.2,19,4,4,3,0,5,17,1.11,.232
Josh J Staumont,KC,2,1,2.45,26,0,0,0,0,0,25.2,20,8,7,2,3,16,37,1.40,.215
Ryan R Brasier,BOS,1,0,3.96,25,1,0,0,0,2,25.0,24,12,11,2,0,11,30,1.40,.245
Jeurys J Familia,NYM,2,0,3.71,25,0,0,0,0,1,26.2,20,11,11,2,3,19,23,1.46,.204
Kyle K Finnegan,WSH,1,0,2.92,25,0,0,0,0,1,24.2,21,10,8,2,1,13,27,1.38,.226
Dylan D Floro,LAD,3,0,2.59,25,0,0,0,0,0,24.1,23,7,7,1,0,4,19,1.11,.250
Junior J Guerra,ARI,1,2,3.04,25,0,0,0,0,2,23.2,17,10,8,1,2,15,21,1.35,.205
Joe J Jiménez Jimenez,DET,1,3,7.15,25,0,0,0,5,6,22.2,25,19,18,7,5,6,22,1.37,.284
Felix F Peña Pena,LAA,3,0,4.05,25,0,0,0,2,5,26.2,27,12,12,2,1,8,29,1.31,.255
Wandy W Peralta,SF,1,1,3.29,25,0,0,0,0,1,27.1,22,13,10,3,2,11,25,1.21,.220
Tanner Tan Scott,BAL,0,0,1.31,25,0,0,0,1,2,20.2,12,5,3,1,3,10,23,1.06,.164
Ryan R Thompson,TB,1,2,4.44,25,1,0,0,1,1,26.1,29,15,13,4,0,8,23,1.41,.274
Nik N Turley,PIT,0,3,4.98,25,0,0,0,1,5,21.2,13,13,12,1,3,11,20,1.11,.173
Nick N Wittgren,CLE,2,0,3.42,25,0,0,0,0,1,23.2,18,9,9,4,5,6,28,1.01,.209
Yency Y Almonte,COL,3,0,2.93,24,0,0,0,1,3,27.2,25,13,9,2,3,6,23,1.12,.243
Caleb C Baragar,SF,5,1,4.03,24,1,0,0,0,1,22.1,17,10,10,3,1,5,19,0.99,.210
Matt M Barnes,BOS,1,3,4.30,24,0,0,0,9,13,23.0,18,13,11,4,2,14,31,1.39,.214
A. J. A Cole,TOR,3,0,3.09,24,0,0,0,1,4,23.1,19,9,8,3,0,9,20,1.20,.226
Jairo J Díaz Diaz,COL,1,2,7.65,24,0,0,0,4,4,20.0,31,21,17,4,3,14,17,2.25,.365
Rafael R Dolis,TOR,2,2,1.50,24,0,0,0,5,6,24.0,16,9,4,1,1,14,31,1.25,.193
Liam L Hendriks,OAK,3,1,1.78,24,0,0,0,14,15,25.1,14,6,5,1,0,3,37,0.67,.161
James J Hoyt,MIA,2,0,1.23,24,0,0,0,0,1,14.2,9,2,2,1,1,8,20,1.16,.173
Tommy T Hunter,PHI,0,1,4.01,24,0,0,0,1,3,24.2,22,11,11,2,3,6,25,1.14,.239
Pierce P Johnson,SD,3,1,2.70,24,0,0,0,0,0,20.0,15,7,6,2,0,9,27,1.20,.214
Tyler T Kinley,COL,0,2,5.32,24,0,0,0,0,0,23.2,13,15,14,2,3,12,26,1.06,.167
Brandon B Kintzler,MIA,2,3,2.22,24,0,0,0,12,14,24.1,21,7,6,3,0,11,14,1.32,.236
Aaron A Loup,TB,3,2,2.52,24,0,0,0,0,1,25.0,17,9,7,3,3,4,22,0.84,.200
Trevor T May,MIN,1,0,3.86,24,0,0,0,2,3,23.1,20,11,10,5,0,7,38,1.16,.227
Jake J Mc Gee,LAD,3,1,2.66,24,0,0,0,0,0,20.1,14,6,6,2,0,3,33,0.84,.187
Hector H Neris,PHI,2,2,4.57,24,0,0,0,5,8,21.2,24,15,11,0,0,13,27,1.71,.267
Adam A Ottavino,NYY,2,3,5.89,24,0,0,0,0,3,18.1,20,12,12,2,1,9,25,1.58,.270
Richard R Rodríguez Rodriguez,PIT,3,2,2.70,24,0,0,0,4,5,23.1,15,8,7,3,2,5,34,0.86,.179
Sergio S Romo,MIN,1,2,4.05,24,0,0,0,5,6,20.0,16,9,9,3,3,7,23,1.15,.211
Sam S Selman,SF,1,1,3.72,24,0,0,0,1,1,19.1,13,8,8,2,2,9,23,1.14,.186
Craig C Stammen,SD,4,2,5.63,24,0,0,0,0,1,24.0,27,16,15,2,2,4,20,1.29,.278
Phillips P Valdez,BOS,1,1,3.26,24,0,0,0,0,1,30.1,33,16,11,3,3,16,30,1.62,.282
Eric E Yardley,MIL,2,0,1.54,24,0,0,0,0,2,23.1,19,6,4,2,1,10,19,1.24,.224
Daniel D Bard,COL,4,2,3.65,23,0,0,0,6,6,24.2,22,10,10,2,3,10,27,1.30,.237
Brad B Boxberger,MIA,1,0,3.00,23,0,0,0,0,1,18.0,17,7,6,3,1,8,18,1.39,.246
Buck B Farmer,DET,1,0,3.80,23,0,0,0,0,1,21.1,20,9,9,3,0,5,14,1.17,.244
Matt M Foster,CWS,6,1,2.20,23,2,0,0,0,1,28.2,16,8,7,2,0,9,31,0.87,.162
Brusdar B Graterol,LAD,1,2,3.09,23,2,0,0,0,1,23.1,18,9,8,1,3,3,13,0.90,.225
Brad B Hand,CLE,2,1,2.05,23,0,0,0,16,16,22.0,13,8,5,0,2,4,29,0.77,.169
Ryne R Harper,WSH,1,0,7.61,23,0,0,0,0,0,23.2,29,21,20,5,1,9,25,1.61,.290
Tim T Hill,SD,3,0,4.50,23,0,0,0,0,0,18.0,17,9,9,3,2,6,20,1.28,.239
Evan E Marshall,CWS,2,1,2.38,23,0,0,0,0,3,22.2,17,6,6,1,0,7,30,1.06,.198
Phil P Maton,CLE,3,3,4.57,23,0,0,0,0,1,21.2,23,14,11,1,4,6,32,1.34,.267
T. J. T Mc Farland,OAK,2,0,4.35,23,0,0,0,0,0,20.2,26,10,10,5,1,5,9,1.50,.302
Mark M Melancon,ATL,2,1,2.78,23,0,0,0,11,13,22.2,22,8,7,1,2,7,14,1.28,.262
Ryan R Pressly,HOU,1,3,3.43,23,0,0,0,12,16,21.0,21,10,8,2,1,7,29,1.33,.253
Hector H Rondón Rondon,ARI,1,0,7.65,23,0,0,0,0,1,20.0,25,18,17,6,1,11,23,1.80,.298
Trevor T Rosenthal,SD,1,0,1.90,23,0,0,0,11,12,23.2,12,6,5,2,1,8,38,0.85,.148
Justin J Wilson,NYM,2,1,3.66,23,0,0,0,0,0,19.2,18,10,8,1,1,9,23,1.37,.240
Tyler T Zuber,KC,1,2,4.09,23,0,0,0,0,0,22.0,15,11,10,4,1,20,30,1.59,.197
Dan D Altavilla,SD,2,3,5.75,22,0,0,0,1,1,20.1,18,14,13,3,0,12,24,1.48,.234
Diego D Castillo,TB,3,0,1.66,22,0,0,0,4,6,21.2,12,4,4,3,1,11,23,1.06,.156
Steve S Cishek,CWS,0,0,5.40,22,0,0,0,0,2,20.0,21,12,12,4,4,9,21,1.50,.269
Tyler T Duffey,MIN,1,1,1.88,22,0,0,0,0,2,24.0,13,6,5,2,1,6,31,0.79,.153
Paul P Fry,BAL,1,0,2.45,22,0,0,0,0,0,22.0,22,7,6,3,1,9,29,1.41,.250
Mychal M Givens,COL,1,1,3.63,22,0,0,0,1,3,22.1,16,10,9,5,2,10,25,1.16,.200
Chad C Green,NYY,3,3,3.51,22,0,0,0,1,3,25.2,13,13,10,5,0,8,32,0.82,.144
Heath H Hembree,PHI,3,0,9.00,22,0,0,0,0,1,19.0,26,19,19,9,2,8,20,1.79,.329
Sam S Howard,PIT,2,3,3.86,22,0,0,0,0,2,21.0,17,10,9,4,3,9,27,1.24,.221
Raisel R Iglesias,CIN,4,3,2.74,22,0,0,0,8,10,23.0,16,11,7,1,1,5,31,0.91,.193
Jeremy J Jeffress,CHC,4,1,1.54,22,0,0,0,8,10,23.1,10,5,4,1,2,12,17,0.94,.137
Travis T Lakins Sr.,BAL,3,2,2.81,22,0,0,0,1,1,25.2,25,11,8,2,2,13,25,1.48,.250
A. J. A Minter,ATL,1,1,0.83,22,0,0,0,0,0,21.2,15,3,2,1,0,9,24,1.11,.200
Emilio E Pagán Pagan,SD,0,1,4.50,22,0,0,0,2,7,22.0,14,11,11,4,0,9,23,1.05,.182
Enoli E Paredes,HOU,3,3,3.05,22,0,0,0,0,2,20.2,18,9,7,1,1,11,20,1.40,.237
David D Phelps,PHI,2,4,6.53,22,0,0,0,0,2,20.2,19,16,15,7,1,5,31,1.16,.241
Joakim J Soria,OAK,2,2,2.82,22,0,0,0,2,3,22.1,18,8,7,1,0,10,24,1.25,.217
Wander W Suero,WSH,2,0,3.80,22,0,0,0,0,0,23.2,20,10,10,1,3,10,28,1.27,.227
Blake B Taylor,HOU,2,1,2.18,22,0,0,0,1,2,20.2,13,7,5,2,0,12,17,1.21,.173
Devin D Williams,MIL,4,1,0.33,22,0,0,0,0,0,27.0,8,4,1,1,1,9,53,0.63,.090
Richard R Bleier,MIA,1,1,2.16,21,0,0,0,0,0,16.2,14,6,4,0,1,4,11,1.08,.226
Ryan R Borucki,TOR,1,1,2.70,21,0,0,0,0,2,16.2,12,5,5,1,0,12,21,1.44,.200
Austin A Brice,BOS,1,0,5.95,21,1,0,0,0,0,19.2,17,13,13,3,2,13,25,1.53,.236
Alex A Colomé Colome,CWS,2,0,0.81,21,0,0,0,12,13,22.1,13,3,2,0,1,8,16,0.94,.163
Jake J Diekman,OAK,2,0,0.42,21,0,0,0,0,1,21.1,8,2,1,1,1,12,31,0.94,.114
Caleb C Ferguson,LAD,2,1,2.89,21,1,0,0,0,2,18.2,16,7,6,4,0,3,27,1.02,.222
Wilmer W Font,TOR,1,3,9.92,21,0,0,0,0,1,16.1,28,19,18,2,1,9,15,2.27,.378
Amir A Garrett,CIN,1,0,2.45,21,0,0,0,1,2,18.1,10,5,5,4,0,7,26,0.93,.161
Josh J Hader,MIL,1,2,3.79,21,0,0,0,13,15,19.0,8,8,8,3,3,10,31,0.95,.123
Geoff G Hartlieb,PIT,1,0,3.63,21,0,0,0,0,0,22.1,16,11,9,1,3,19,19,1.57,.205
Codi C Heuer,CWS,3,0,1.52,21,0,0,0,1,1,23.2,12,4,4,1,0,9,25,0.89,.145
Daniel D Hudson,WSH,3,2,6.10,21,0,0,0,10,15,20.2,15,15,14,6,3,11,28,1.26,.195
Nate N Jones,CIN,0,1,6.27,21,0,0,0,0,0,18.2,25,13,13,5,2,6,23,1.66,.325
Tyler T Matzek,ATL,4,3,2.79,21,0,0,0,0,2,29.0,23,9,9,1,2,10,43,1.14,.211
Anthony A Misiewicz,SEA,0,2,4.05,21,0,0,0,0,1,20.0,20,9,9,2,1,6,25,1.30,.263
Oliver O Pérez Perez,CLE,1,1,2.00,21,0,0,0,1,2,18.0,13,5,4,0,3,6,14,1.06,.210
Brooks B Raley,HOU,0,1,4.95,21,0,0,0,1,1,20.0,13,12,11,3,4,6,27,0.95,.178
Noe N Ramirez,LAA,1,0,3.00,21,0,0,0,0,1,21.0,15,7,7,2,1,9,14,1.14,.203
Taylor T Rogers,MIN,2,4,4.05,21,0,0,0,9,11,20.0,26,14,9,2,1,4,24,1.50,.302
Ryan R Tepera,CHC,0,1,3.92,21,0,0,0,0,1,20.2,17,9,9,2,1,12,31,1.40,.227
Nick N Vincent,MIA,1,2,4.43,21,0,0,0,3,3,22.1,23,11,11,5,1,6,17,1.30,.271
Tony T Watson,SF,1,0,2.50,21,0,0,0,2,2,18.0,13,8,5,3,1,3,15,0.89,.191
Tyler T Webb,STL,1,1,2.08,21,0,0,0,1,3,21.2,17,5,5,2,0,7,19,1.11,.218
J. B. J Wendelken,OAK,1,1,1.80,21,0,0,0,0,0,25.0,17,8,5,2,0,11,31,1.12,.183
Brandon B Workman,PHI,1,4,5.95,21,0,0,0,9,12,19.2,31,14,13,4,0,13,23,2.24,.352
Zack Z Britton,NYY,1,2,1.89,20,0,0,0,8,8,19.0,12,6,4,0,0,7,16,1.00,.174
Alex A Claudio,MIL,0,0,4.26,20,0,0,0,1,1,19.0,18,10,9,2,1,6,15,1.26,.243
Will W Harris,WSH,0,1,3.06,20,0,0,0,1,4,17.2,21,9,6,3,0,9,21,1.70,.280
Jimmy J Herget,TEX,1,0,3.20,20,1,0,0,0,1,19.2,13,7,7,2,2,14,17,1.37,.188
Adam A Kolarek,LAD,3,0,0.95,20,0,0,0,1,1,19.0,11,2,2,1,0,4,13,0.79,.164
Yoan Y Lopez,ARI,0,1,5.95,20,0,0,0,0,0,19.2,21,15,13,4,0,9,16,1.53,.269
Jake J Newberry,KC,1,0,4.09,20,0,0,0,1,1,22.0,20,12,10,3,2,12,24,1.45,.256
Drew D Pomeranz,SD,1,0,1.45,20,0,0,0,4,5,18.2,9,3,3,1,0,10,29,1.02,.145
Tanner T Rainey,WSH,1,1,2.66,20,0,0,0,0,1,20.1,8,6,6,4,1,7,32,0.74,.119
Andre A Scrubb,HOU,1,0,1.90,20,0,0,0,1,1,23.2,15,5,5,1,0,20,24,1.48,.190
Lucas L Sims,CIN,3,0,2.45,20,0,0,0,0,2,25.2,13,10,7,3,3,11,34,0.94,.146
Lou L Trivino,OAK,0,0,3.86,20,0,0,0,0,1,23.1,16,10,10,3,0,10,26,1.11,.193
Nick N Anderson,TB,2,1,0.55,19,0,0,0,6,6,16.1,5,2,1,1,0,3,26,0.49,.091
Genesis G Cabrera,STL,4,1,2.42,19,0,0,0,1,1,22.1,10,9,6,3,4,16,32,1.16,.132
Jarlin J García Garcia,SF,2,1,0.49,19,0,0,0,0,0,18.1,11,6,1,0,2,7,14,0.98,.180
Kevin K Ginkel,ARI,0,2,6.75,19,0,0,0,1,2,16.0,21,13,12,3,0,13,18,2.13,.318
Luke L Jackson,ATL,2,0,6.84,19,0,0,0,0,0,26.1,39,23,20,2,2,13,20,1.97,.345
Chris C Martin,ATL,1,1,1.00,19,0,0,0,1,1,18.0,8,3,2,1,1,3,20,0.61,.129
Hoby H Milner,LAA,0,0,8.10,19,0,0,0,0,0,13.1,13,12,12,5,1,6,13,1.43,.250
Darren D O' Day,ATL,4,0,1.10,19,0,0,0,0,1,16.1,8,3,2,1,3,5,22,0.80,.136
Matt M Strahm,SD,0,1,2.61,19,0,0,0,0,2,20.2,14,6,6,3,5,4,15,0.87,.189
Cole C Sulser,BAL,1,5,5.56,19,0,0,0,5,8,22.2,17,18,14,2,0,17,19,1.50,.210
Rowan R Wick,CHC,0,1,3.12,19,0,0,0,4,4,17.1,18,6,6,1,0,6,20,1.38,.265
Shaun S Anderson,SF,0,0,3.52,18,0,0,0,0,0,15.1,10,6,6,3,0,12,18,1.43,.182
Pedro P Báez Baez,LAD,0,0,3.18,18,0,0,0,2,2,17.0,10,8,6,2,0,7,13,1.00,.159
Jacob J Barnes,LAA,0,2,5.50,18,0,0,0,0,0,18.0,19,13,11,1,2,4,24,1.28,.275
Jesse J Chavez,TEX,0,0,6.88,18,0,0,0,0,3,17.0,20,13,13,6,1,7,13,1.59,.303
Sam S Coonrod,SF,0,2,9.82,18,0,0,0,3,5,14.2,17,16,16,2,2,7,15,1.64,.283
Grant G Dayton,ATL,2,1,2.30,18,0,0,0,0,0,27.1,22,9,7,4,1,11,32,1.21,.214
Jace J Fry,CWS,0,1,3.66,18,0,0,0,0,0,19.2,16,9,8,3,0,12,24,1.42,.225
Jesse J Hahn,KC,1,0,0.52,18,0,0,0,3,3,17.1,4,1,1,0,1,8,19,0.69,.071
Cam C Hill,CLE,2,0,4.91,18,0,0,0,1,1,18.1,11,11,10,4,2,5,16,0.87,.175
Jonathan J Holder,NYY,3,0,4.98,18,0,0,0,0,0,21.2,25,13,12,3,0,11,14,1.66,.281
Jared J Hughes,NYM,1,2,4.84,18,0,0,0,0,0,22.1,23,17,12,3,5,14,21,1.66,.256
Craig C Kimbrel,CHC,0,1,5.28,18,0,0,0,2,3,15.1,10,9,9,2,2,12,28,1.43,.182
Michael M Lorenzen,CIN,3,1,4.28,18,2,0,0,0,1,33.2,30,17,16,3,1,17,35,1.40,.236
Cal C Quantrill,CLE,2,0,2.25,18,3,0,0,1,2,32.0,31,12,8,4,3,8,31,1.22,.254
Hansel H Robles,LAA,0,2,10.26,18,0,0,0,1,3,16.2,19,20,19,4,1,10,20,1.74,.284
Kyle K Ryan,CHC,1,0,5.17,18,0,0,0,1,1,15.2,16,9,9,5,0,6,11,1.40,.267
Will W Smith,ATL,2,2,4.50,18,0,0,0,0,1,16.0,11,8,8,7,0,4,18,0.94,.190
Cy C Sneed,HOU,0,3,5.71,18,0,0,0,0,2,17.1,22,15,11,3,0,10,21,1.85,.310
Dan D Winkler,CHC,0,0,2.95,18,0,0,0,0,1,18.1,11,7,6,3,1,11,18,1.20,.175
Matt M Wisler,MIN,0,1,1.07,18,4,0,0,1,2,25.1,15,3,3,2,2,14,35,1.14,.165
John J Curtiss,TB,3,0,1.80,17,3,0,0,2,2,25.0,21,7,5,3,2,3,25,0.96,.223
John J Gant,STL,0,3,2.40,17,0,0,0,0,0,15.0,9,6,4,0,0,7,18,1.07,.167
Joey J Gerber,SEA,1,1,4.02,17,0,0,0,0,1,15.2,13,8,7,1,1,5,6,1.15,.241
Nick N Goody,TEX,0,2,9.00,17,1,0,0,1,3,11.0,14,12,11,3,0,8,13,2.00,.304
Thomas T Hatch,TOR,3,1,2.73,17,1,0,0,0,0,26.1,18,11,8,2,2,13,23,1.18,.191
Rafael R Montero,TEX,0,1,4.08,17,0,0,0,8,8,17.2,12,11,8,2,1,6,19,1.02,.190
Adam A Morgan,PHI,0,1,5.54,17,0,0,0,0,2,13.0,14,8,8,3,0,6,16,1.54,.269
Dovydas D Neverauskas,PIT,0,3,7.11,17,0,0,0,0,0,19.0,24,17,15,5,0,10,23,1.79,.304
Josh J Osich,CHC,1,1,6.38,17,1,0,0,0,0,18.1,21,16,13,6,2,5,24,1.42,.266
Casey C Sadler,SEA,1,2,5.12,17,0,0,0,0,0,19.1,15,13,11,3,0,12,21,1.40,.205
Chasen C Shreve,NYM,1,0,3.96,17,0,0,0,0,0,25.0,17,12,11,4,0,12,34,1.16,.191
Caleb C Thielbar,MIN,2,1,2.25,17,0,0,0,0,0,20.0,14,6,5,0,0,9,22,1.15,.192
Josh J Tomlin,ATL,2,2,4.76,17,5,0,0,0,0,39.2,40,22,21,6,1,8,36,1.21,.263
Duane D Underwood,CHC,1,0,5.66,17,0,0,0,0,0,20.2,25,13,13,5,1,6,27,1.50,.313
Ryan R Weber,BOS,1,3,4.40,17,5,0,0,0,0,43.0,44,23,21,8,3,14,27,1.35,.265
Shun S Yamaguchi,TOR,2,4,8.06,17,0,0,0,0,1,25.2,28,25,23,6,2,17,26,1.75,.283
Jorge J Alcala,MIN,2,1,2.63,16,0,0,0,0,1,24.0,21,8,7,3,0,8,27,1.21,.244
Matt M Andriese,LAA,2,4,4.50,16,1,0,0,2,3,32.0,21,17,16,5,1,11,33,1.00,.184
Archie A Bradley,CIN,2,0,2.95,16,0,0,0,6,7,18.1,17,6,6,1,1,3,18,1.09,.246
Luis L Cessa,NYY,0,0,3.32,16,0,0,0,1,1,21.2,20,10,8,2,0,7,17,1.25,.235
Ross R Detwiler,CWS,1,1,3.20,16,0,0,0,0,0,19.2,19,8,7,2,1,5,15,1.22,.253
Giovanny G Gallegos,STL,2,2,3.60,16,0,0,0,4,4,15.0,9,6,6,1,0,4,21,0.87,.170
Jeff J Hoffman,COL,2,1,9.28,16,0,0,0,1,1,21.1,32,23,22,3,2,9,20,1.92,.352
Seth S Lugo,NYM,3,4,5.15,16,7,0,0,3,5,36.2,40,22,21,8,2,10,47,1.36,.274
Andrew A Miller,STL,1,1,2.77,16,0,0,0,4,5,13.0,9,4,4,0,3,5,16,1.08,.191
Yohan Y Ramirez,SEA,0,0,2.61,16,0,0,0,3,3,20.2,9,6,6,3,4,20,26,1.40,.130
Josh A. J Smith,MIA,1,1,6.84,16,1,0,0,1,1,26.1,33,21,20,3,1,11,18,1.67,.314
Jeffrey J Springs,BOS,0,2,7.08,16,0,0,0,0,1,20.1,30,18,16,5,1,7,28,1.82,.333
Brent B Suter,MIL,2,0,3.13,16,4,0,0,0,0,31.2,30,13,11,4,1,5,38,1.11,.244
Kyle K Zimmer,KC,1,0,1.57,16,1,0,0,0,0,23.0,14,4,4,0,1,10,26,1.04,.175
Dellin D Betances,NYM,0,1,7.71,15,0,0,0,0,0,11.2,12,10,10,0,2,12,11,2.06,.267
Andrew A Chafin,CHC,1,2,6.52,15,0,0,0,1,3,9.2,11,7,7,2,0,5,13,1.66,.275
Rony R García Garcia,DET,1,0,8.14,15,2,0,0,0,0,21.0,25,20,19,7,0,9,14,1.62,.287
Victor V González Gonzalez,LAD,3,0,1.33,15,1,0,0,0,0,20.1,13,3,3,0,3,2,23,0.74,.176
Trevor T Gott,SF,1,2,10.03,15,0,0,0,4,6,11.2,13,13,13,7,1,8,8,1.80,.271
Ian I Kennedy,KC,0,2,9.00,15,1,0,0,0,0,14.0,20,17,14,7,1,5,15,1.79,.323
Corey C Knebel,MIL,0,0,6.08,15,0,0,0,0,2,13.1,15,9,9,4,0,8,15,1.73,.278
Brett B Martin,TEX,1,1,1.84,15,0,0,0,0,0,14.2,8,5,3,2,0,9,8,1.16,.157
Freddy F Peralta,MIL,3,1,3.99,15,1,0,0,0,1,29.1,22,14,13,2,3,12,47,1.16,.204
Alex A Reyes,STL,2,1,3.20,15,1,0,0,1,1,19.2,14,10,7,1,0,14,27,1.42,.197
Jordan J Romano,TOR,2,1,1.23,15,0,0,0,2,3,14.2,8,3,2,2,0,5,21,0.89,.154
John J Schreiber,DET,0,1,6.32,15,0,0,0,0,1,15.2,19,11,11,2,1,4,14,1.47,.297
Marcus M Walden,BOS,0,2,9.45,15,0,0,0,1,2,13.1,23,18,14,5,0,9,10,2.40,.371
Taylor T Williams,SD,1,1,6.14,15,0,0,0,6,7,14.2,14,10,10,1,3,7,20,1.43,.246
Alex A Young,ARI,2,4,5.44,15,7,0,0,0,0,46.1,51,30,28,11,1,14,39,1.40,.277
Tyler T Alexander,DET,2,3,3.96,14,2,0,0,0,0,36.1,39,16,16,8,4,9,34,1.32,.283
Shawn S Armstrong,BAL,2,0,1.80,14,0,0,0,0,0,15.0,9,6,3,1,1,3,14,0.80,.170
Brad B Brach,NYM,1,0,5.84,14,0,0,0,0,0,12.1,8,8,8,2,1,14,14,1.78,.186
Adam A Cimber,CLE,0,1,3.97,14,0,0,0,0,0,11.1,13,5,5,1,0,2,5,1.32,.289
Yimi Y García Garcia,MIA,3,0,0.60,14,0,0,0,1,2,15.0,9,1,1,0,0,5,19,0.93,.164
Ian I Gibaut,TEX,0,1,6.57,14,0,0,0,0,1,12.1,11,10,9,2,1,9,14,1.62,.229
Austin A Gomber,STL,1,1,1.86,14,4,0,0,0,0,29.0,19,6,6,1,2,15,27,1.17,.190
Javy J Guerra,SD,1,0,10.13,14,0,0,0,0,0,13.1,25,16,15,1,1,5,12,2.25,.417
Javy J Guerra,WSH,0,0,4.02,14,0,0,0,0,0,15.2,19,7,7,2,0,7,13,1.66,.302
Taylor T Hearn,TEX,0,0,3.63,14,0,0,0,0,0,17.1,13,8,7,2,1,11,23,1.38,.206
Daniel D Norris,DET,3,1,3.25,14,1,0,0,0,0,27.2,25,10,10,2,0,7,28,1.16,.231
Blake B Parker,PHI,3,0,2.81,14,1,0,0,0,1,16.0,12,7,5,2,0,9,25,1.31,.203
Evan E Phillips,BAL,1,1,5.02,14,0,0,0,0,0,14.1,14,8,8,1,3,10,20,1.67,.250
Garrett G Richards,SD,2,2,4.03,14,10,0,0,0,0,51.1,47,23,23,7,2,17,46,1.25,.244
Jason J Adam,CHC,2,1,3.29,13,0,0,0,0,0,13.2,9,7,5,2,0,8,21,1.24,.180
Scott S Alexander,LAD,2,0,2.92,13,0,0,0,0,2,12.1,9,6,4,2,0,9,9,1.46,.214
Tyler T Anderson,SF,4,3,4.37,13,11,1,0,0,0,59.2,58,32,29,5,4,25,41,1.39,.256
Tejay T Antone,CIN,0,3,2.80,13,4,0,0,0,1,35.1,20,11,11,4,2,16,45,1.02,.165
Aroldis A Chapman,NYY,1,1,3.09,13,0,0,0,3,5,11.2,6,4,4,2,1,4,22,0.86,.150
Kyle K Freeland,COL,2,3,4.33,13,13,0,0,0,0,70.2,77,34,34,9,3,23,46,1.42,.278
Kyle K Funkhouser,DET,1,1,7.27,13,0,0,0,0,0,17.1,22,14,14,3,0,11,12,1.90,.319
Yoshihisa Y Hirano,SEA,0,1,5.84,13,0,0,0,4,4,12.1,18,9,8,2,1,8,11,2.11,.340
Josh J James,HOU,1,0,7.27,13,2,0,0,0,2,17.1,15,14,14,4,2,17,21,1.85,.234
Anthony A Kay,TOR,2,0,5.14,13,0,0,0,0,0,21.0,22,13,12,3,0,14,22,1.71,.268
Lance L Lynn,TEX,6,3,3.32,13,13,1,0,0,0,84.0,64,34,31,13,6,25,89,1.06,.206
German G Márquez Marquez,COL,4,6,3.75,13,13,0,0,0,0,81.2,78,41,34,6,0,25,73,1.26,.247
Keynan K Middleton,LAA,0,1,5.25,13,0,0,0,0,0,12.0,12,8,7,2,0,6,11,1.50,.273
Logan L Webb,SF,3,4,5.47,13,11,0,0,0,0,54.1,61,38,33,4,7,24,46,1.56,.288
Brandon B Woodruff,MIL,3,5,3.05,13,13,1,0,0,0,73.2,55,26,25,9,4,18,91,0.99,.204
Jalen J Beeks,TB,1,1,3.26,12,0,0,0,1,1,19.1,21,9,7,1,0,4,26,1.29,.276
Jose J Berríos Berrios,MIN,5,4,4.00,12,12,0,0,0,0,63.0,57,28,28,8,3,26,68,1.32,.238
Shane S Bieber,CLE,8,1,1.63,12,12,0,0,0,0,77.1,46,15,14,7,1,21,122,0.87,.167
Brandon B Bielak,HOU,3,3,6.75,12,6,0,0,0,0,32.0,39,26,24,9,2,17,26,1.75,.305
Matthew M Boyd,DET,3,7,6.71,12,12,1,0,0,0,60.1,67,46,45,15,5,22,60,1.48,.278
Corbin C Burnes,MIL,4,1,2.11,12,9,0,0,0,0,59.2,37,15,14,2,3,24,88,1.02,.174
Carlos C Carrasco,CLE,3,4,2.91,12,12,0,0,0,0,68.0,55,22,22,8,2,27,82,1.21,.221
Luis L Castillo,CIN,4,6,3.21,12,12,1,0,0,0,70.0,62,31,25,5,1,24,89,1.23,.233
Dylan D Cease,CWS,5,4,4.01,12,12,0,0,0,0,58.1,50,30,26,12,5,34,44,1.44,.234
Aaron A Civale,CLE,4,6,4.74,12,12,1,0,0,0,74.0,82,39,39,11,3,16,69,1.32,.282
Taylor T Clarke,ARI,3,0,4.36,12,5,0,0,0,0,43.1,35,23,21,8,0,21,40,1.29,.217
Gerrit G Cole,NYY,7,3,2.84,12,12,2,1,0,0,73.0,53,27,23,14,2,17,94,0.96,.197
Johnny J Cueto,SF,2,3,5.40,12,12,0,0,0,0,63.1,61,41,38,9,3,26,56,1.37,.248
Yu Y Darvish,CHC,8,3,2.01,12,12,0,0,0,0,76.0,59,18,17,5,2,14,93,0.96,.211
Zach Z Davies,SD,7,4,2.73,12,12,0,0,0,0,69.1,55,26,21,9,0,19,63,1.07,.216
Danny D Duffy,KC,4,4,4.95,12,11,0,0,0,0,56.1,53,33,31,10,2,22,57,1.33,.249
Seth S Elledge,STL,1,0,4.63,12,0,0,0,0,0,11.2,11,6,6,2,1,8,14,1.63,.262
Thomas T Eshelman,BAL,3,1,3.89,12,4,0,0,0,1,34.2,34,17,15,7,1,9,16,1.24,.260
Zac Z Gallen,ARI,3,2,2.75,12,12,0,0,0,0,72.0,55,24,22,9,2,25,82,1.11,.210
Rico R Garcia,SF,1,1,5.40,12,0,0,0,0,1,10.0,13,6,6,1,0,4,7,1.70,.333
Kevin K Gausman,SF,3,3,3.62,12,10,0,0,0,0,59.2,50,26,24,8,0,16,79,1.11,.221
Kyle K Gibson,TEX,2,6,5.35,12,12,1,1,0,0,67.1,73,44,40,12,6,30,58,1.53,.275
Lucas L Giolito,CWS,4,3,3.48,12,12,1,1,0,0,72.1,47,31,28,8,2,28,97,1.04,.184
Gio G Gonzalez,CWS,1,2,4.83,12,4,0,0,0,0,31.2,40,19,17,6,2,19,34,1.86,.305
Zack Z Greinke,HOU,3,3,4.03,12,12,0,0,0,0,67.0,67,30,30,6,1,9,67,1.13,.256
Andrew A Heaney,LAA,4,3,4.46,12,12,0,0,0,0,66.2,63,35,33,9,2,19,70,1.23,.246
Ryan R Helsley,STL,1,1,5.25,12,0,0,0,1,3,12.0,8,8,7,3,1,8,10,1.33,.186
Kyle K Hendricks,CHC,6,5,2.88,12,12,1,1,0,0,81.1,73,26,26,10,1,8,64,1.00,.240
Derek D Holland,PIT,1,3,6.86,12,5,0,0,0,1,40.2,42,33,31,12,3,15,45,1.40,.261
Adrian A Houser,MIL,1,6,5.30,12,11,0,0,0,0,56.0,63,41,33,8,4,21,44,1.50,.285
Cristian C Javier,HOU,5,2,3.48,12,10,0,0,0,0,54.1,36,21,21,11,2,18,54,0.99,.188
Joe J Kelly,LAD,0,0,1.80,12,1,0,0,0,0,10.0,8,3,2,0,0,7,9,1.50,.235
Dinelson D Lamet,SD,3,1,2.09,12,12,0,0,0,0,69.0,39,18,16,5,4,20,93,0.86,.161
Dominic D Leone,CLE,0,0,8.38,12,0,0,0,0,1,9.2,14,9,9,3,0,5,16,1.97,.333
Jon J Lester,CHC,3,3,5.16,12,12,0,0,0,0,61.0,64,35,35,11,3,17,42,1.33,.262
Josh J Lindblom,MIL,2,4,5.16,12,10,0,0,0,0,45.1,42,26,26,6,3,16,52,1.28,.244
Jonathan J Loáisiga Loaisiga,NYY,3,0,3.52,12,3,0,0,0,2,23.0,21,11,9,3,4,7,22,1.22,.241
Jesus J Luzardo,OAK,3,2,4.12,12,9,0,0,0,0,59.0,58,27,27,9,3,17,59,1.27,.257
Jordan J Lyles,TEX,1,6,7.02,12,9,0,0,0,0,57.2,67,49,45,12,2,23,36,1.56,.285
Dustin D May,LAD,3,1,2.57,12,10,0,0,0,0,56.0,45,18,16,9,1,16,44,1.09,.220
Mike M Minor,OAK,1,6,5.56,12,11,1,1,0,0,56.2,50,36,35,11,1,20,62,1.24,.230
Aaron A Nola,PHI,5,5,3.28,12,12,2,1,0,0,71.1,54,31,26,9,2,23,96,1.08,.205
Chris C Paddack,SD,4,5,4.73,12,12,0,0,0,0,59.0,60,33,31,14,2,12,58,1.22,.262
Martin M Pérez Perez,BOS,3,5,4.50,12,12,0,0,0,0,62.0,55,33,31,8,3,28,46,1.34,.240
Rick R Porcello,NYM,1,7,5.64,12,12,0,0,0,0,59.0,74,41,37,5,2,15,54,1.51,.303
Drew D Rasmussen,MIL,1,0,5.87,12,0,0,0,0,0,15.1,17,10,10,3,0,9,21,1.70,.274
Robbie R Ray,TOR,2,5,6.62,12,11,0,0,0,0,51.2,53,40,38,13,1,45,68,1.90,.261
Joely J Rodríguez Rodriguez,TEX,0,0,2.13,12,0,0,0,0,1,12.2,8,3,3,0,0,5,17,1.03,.174
Jo J Romero,PHI,0,0,7.59,12,0,0,0,0,1,10.2,13,10,9,1,2,2,10,1.41,.310
Hyun Jin H Ryu,TOR,5,2,2.69,12,12,0,0,0,0,67.0,60,22,20,6,1,17,72,1.15,.234
Dennis D Santana,LAD,1,2,5.29,12,0,0,0,0,1,17.0,15,11,10,4,2,7,18,1.29,.234
Max M Scherzer,WSH,5,4,3.74,12,12,1,0,0,0,67.1,70,30,28,10,1,23,92,1.38,.260
Antonio A Senzatela,COL,5,3,3.44,12,12,1,0,0,0,73.1,71,29,28,9,4,18,41,1.21,.254
Brady B Singer,KC,4,5,4.06,12,12,0,0,0,0,64.1,52,29,29,8,2,23,61,1.17,.220
Ross R Stripling,TOR,3,3,5.84,12,9,0,0,1,1,49.1,56,37,32,13,1,18,40,1.50,.281
Stephen S Tarpley,MIA,2,2,9.00,12,0,0,0,1,1,11.0,11,12,11,2,3,8,11,1.73,.282
Dillon D Tate,BAL,1,1,3.24,12,0,0,0,0,0,16.2,9,7,6,1,2,5,14,0.84,.164
Luke L Weaver,ARI,1,9,6.58,12,12,0,0,0,0,52.0,63,39,38,10,1,18,55,1.56,.292
Taylor T Widener,ARI,0,1,4.50,12,0,0,0,0,0,20.0,14,10,10,5,3,12,22,1.30,.192
Jake J Woodford,STL,1,0,5.57,12,1,0,0,0,0,21.0,20,13,13,7,0,5,16,1.19,.253
Jacob Jde Gromde Grom,NYM,4,2,2.38,12,12,0,0,0,0,68.0,47,21,18,7,0,18,104,0.96,.190
Kolby K Allard,TEX,0,6,7.75,11,8,0,0,0,0,33.2,31,29,29,4,1,20,32,1.51,.238
Dakota D Bacus,WSH,0,0,7.94,11,0,0,0,0,0,11.1,14,10,10,1,0,9,7,2.03,.298
Chris C Bassitt,OAK,5,2,2.29,11,11,0,0,0,0,63.0,56,18,16,6,2,17,55,1.16,.233
Trevor T Bauer,CIN,5,4,1.73,11,11,2,2,0,0,73.0,41,17,14,9,3,17,100,0.79,.159
Cam C Bedrosian,LAA,0,0,2.45,11,0,0,0,0,0,14.2,10,4,4,0,0,6,11,1.09,.196
Steven S Brault,PIT,1,3,3.38,11,10,1,0,0,0,42.2,29,17,16,2,5,22,38,1.20,.195
Colten C Brewer,BOS,0,3,5.61,11,4,0,0,0,0,25.2,31,17,16,6,1,14,25,1.75,.290
J T Brubaker,PIT,1,3,4.94,11,9,0,0,0,0,47.1,48,27,26,6,3,17,48,1.37,.262
Dylan D Bundy,LAA,6,3,3.29,11,11,1,0,0,0,65.2,51,27,24,5,4,17,72,1.04,.208
Trevor T Cahill,SF,1,2,3.24,11,6,0,0,0,0,25.0,16,10,9,3,2,14,31,1.20,.184
Griffin G Canning,LAA,2,3,3.99,11,11,0,0,0,0,56.1,54,29,25,8,1,23,56,1.37,.257
Patrick P Corbin,WSH,2,7,4.66,11,11,0,0,0,0,65.2,85,35,34,10,0,18,60,1.57,.308
Sean S Doolittle,WSH,0,2,5.87,11,0,0,0,0,0,7.2,9,6,5,3,0,4,6,1.70,.300
Oliver O Drake,TB,0,2,5.73,11,0,0,0,2,4,11.0,7,8,7,2,0,6,7,1.18,.189
Zach Z Eflin,PHI,4,2,3.97,11,10,1,1,0,0,59.0,60,28,26,8,1,15,70,1.27,.263
Erick E Fedde,WSH,2,4,4.29,11,8,0,0,0,0,50.1,47,25,24,10,3,22,28,1.37,.241
Mike M Fiers,OAK,6,3,4.58,11,11,0,0,0,0,59.0,65,31,30,9,4,16,37,1.37,.275
Max M Fried,ATL,7,0,2.25,11,11,0,0,0,0,56.0,42,14,14,2,4,19,50,1.09,.211
Luis L García Garcia,TEX,0,2,7.56,11,2,0,0,0,0,8.1,10,9,7,1,0,9,11,2.28,.278
Tyler T Glasnow,TB,5,1,4.08,11,11,0,0,0,0,57.1,43,26,26,11,0,22,91,1.13,.200
Marco M Gonzales,SEA,7,2,3.10,11,11,1,0,0,0,69.2,59,27,24,8,4,7,64,0.95,.222
Kendall K Graveman,SEA,1,3,5.79,11,2,0,0,0,1,18.2,15,13,12,2,0,8,15,1.23,.221
Sonny S Gray,CIN,5,3,3.70,11,11,0,0,0,0,56.0,42,26,23,4,2,26,72,1.21,.203
David D Hale,PHI,0,0,3.71,11,2,0,0,1,1,17.0,23,7,7,2,0,4,14,1.59,.324
Dallas D Keuchel,CWS,6,2,1.99,11,11,0,0,0,0,63.1,52,15,14,2,0,17,42,1.09,.218
Chad C Kuhl,PIT,2,3,4.27,11,9,0,0,0,0,46.1,35,26,22,8,2,28,44,1.36,.212
Pablo P López Lopez,MIA,6,4,3.61,11,11,0,0,0,0,57.1,50,27,23,4,2,18,59,1.19,.230
Kenta K Maeda,MIN,6,1,2.70,11,11,0,0,0,0,66.2,40,20,20,9,0,10,80,0.75,.168
Matt M Magill,SEA,0,1,6.10,11,0,0,0,0,2,10.1,9,7,7,3,0,6,11,1.45,.231
Sean S Manaea,OAK,4,3,4.50,11,11,0,0,0,0,54.0,57,32,27,7,1,8,45,1.20,.270
Lance L Mc Cullers,HOU,3,3,3.93,11,11,0,0,0,0,55.0,44,29,24,5,5,20,56,1.16,.220
Keury K Mella,ARI,2,0,1.80,11,0,0,0,0,0,10.0,10,3,2,1,0,3,10,1.30,.263
Alec A Mills,CHC,5,5,4.48,11,11,1,1,0,0,62.1,53,31,31,13,2,19,46,1.16,.230
Frankie F Montas,OAK,3,5,5.60,11,11,0,0,0,0,53.0,57,35,33,10,1,23,60,1.51,.270
Nick N Nelson,NYY,1,0,4.79,11,0,0,0,0,0,20.2,20,13,11,4,0,11,18,1.50,.256
Luis L Patiño Patino,SD,1,0,5.19,11,1,0,0,0,0,17.1,18,10,10,3,1,14,21,1.85,.257
Cody C Reed,TB,0,1,4.50,11,0,0,0,0,0,12.0,11,6,6,2,1,8,12,1.58,.239
Tanner T Roark,TOR,2,3,6.80,11,11,0,0,0,0,47.2,60,39,36,14,2,23,41,1.74,.309
Anibal A Sánchez Sanchez,WSH,4,5,6.62,11,11,0,0,0,0,53.0,70,40,39,11,3,18,43,1.66,.313
Aaron A Slegers,TB,0,0,3.46,11,1,0,0,2,2,26.0,18,10,10,1,2,5,19,0.88,.194
Blake B Snell,TB,4,2,3.24,11,11,0,0,0,0,50.0,42,19,18,10,0,18,63,1.20,.228
Cody C Stashak,MIN,1,0,3.00,11,0,0,0,0,0,15.0,11,5,5,2,0,3,17,0.93,.204
Spencer S Turnbull,DET,4,4,3.97,11,11,0,0,0,0,56.2,47,25,25,2,2,29,51,1.34,.226
Julio J Urías Urias,LAD,3,0,3.27,11,10,0,0,0,0,55.0,45,20,20,5,0,18,45,1.15,.220
Framber F Valdez,HOU,5,3,3.57,11,10,0,0,0,0,70.2,63,32,28,5,5,16,76,1.12,.240
Austin A Voth,WSH,2,5,6.34,11,11,1,0,0,0,49.2,57,36,35,14,4,18,44,1.51,.281
Jacob J Waguespack,TOR,0,0,8.15,11,0,0,0,0,0,17.2,27,20,16,2,2,9,16,2.04,.346
Taijuan T Walker,TOR,4,3,2.70,11,11,0,0,0,0,53.1,43,23,16,8,4,19,50,1.16,.214
Zack Z Wheeler,PHI,4,2,2.92,11,11,0,0,0,0,71.0,67,26,23,3,7,16,53,1.17,.254
Trevor T Williams,PIT,2,8,6.18,11,11,0,0,0,0,55.1,66,42,38,15,4,21,49,1.57,.296
Ryan R Yarbrough,TB,1,4,3.56,11,9,0,0,0,0,55.2,54,22,22,5,7,12,44,1.19,.256
Brett B Anderson,MIL,4,4,4.21,10,10,0,0,0,0,47.0,50,24,22,6,4,10,32,1.28,.270
Chase C Anderson,TOR,1,2,7.22,10,7,0,0,0,0,33.2,45,29,27,11,1,10,38,1.63,.315
Luis L Avilán Avilan,NYY,0,0,4.32,10,0,0,0,0,0,8.1,9,4,4,2,0,5,9,1.68,.265
Kris K Bubic,KC,1,6,4.32,10,10,0,0,0,0,50.0,52,29,24,8,2,22,49,1.48,.263
Ryan R Buchter,LAA,2,0,4.50,10,0,0,0,0,0,6.0,5,4,3,2,0,6,8,1.83,.217
Ryan R Castellani,COL,1,4,5.82,10,9,0,0,0,0,43.1,37,30,28,12,5,26,25,1.45,.236
Alex A Cobb,BAL,2,5,4.30,10,10,0,0,0,0,52.1,52,27,25,8,2,18,38,1.34,.252
Randy R Dobnak,MIN,6,4,4.05,10,10,0,0,0,0,46.2,50,21,21,3,4,13,27,1.35,.278
Justin J Dunn,SEA,4,1,4.34,10,10,0,0,0,0,45.2,31,23,22,10,2,31,38,1.36,.189
Carson C Fulmer,BAL,0,0,4.35,10,0,0,0,0,0,10.1,8,5,5,1,2,5,11,1.26,.205
Michael M Fulmer,DET,0,2,8.78,10,10,0,0,0,0,27.2,45,27,27,8,1,12,20,2.06,.375
Hunter H Harvey,BAL,0,2,4.15,10,0,0,0,0,0,8.2,8,6,4,2,1,2,6,1.15,.242
Clayton C Kershaw,LAD,6,2,2.16,10,10,0,0,0,0,58.1,41,18,14,8,1,8,62,0.84,.194
Jorge J López Lopez,BAL,2,2,6.69,10,6,0,0,0,0,39.0,46,32,29,7,3,12,28,1.49,.297
Tyler T Mahle,CIN,2,2,3.59,10,9,0,0,0,0,47.2,34,21,19,6,4,21,60,1.15,.198
Nick N Margevicius,SEA,2,3,4.57,10,7,0,0,0,1,41.1,38,21,21,6,0,14,36,1.26,.244
John J Means,BAL,2,4,4.53,10,10,0,0,0,0,43.2,36,22,22,12,4,7,42,0.98,.220
Jordan J Montgomery,NYY,2,3,5.11,10,10,0,0,0,0,44.0,48,27,25,7,2,9,47,1.30,.265
Luis L Perdomo,SD,0,0,5.71,10,1,0,0,0,0,17.1,13,12,11,3,0,10,16,1.33,.203
David D Peterson,NYM,6,2,3.44,10,9,0,0,0,0,49.2,36,20,19,5,3,24,40,1.21,.202
Adam A Plutko,CLE,2,2,4.88,10,4,0,0,1,1,27.2,30,15,15,5,1,7,15,1.34,.280
Chaz C Roe,TB,2,0,2.89,10,0,0,0,1,1,9.1,10,4,3,0,1,3,9,1.39,.294
Justus J Sheffield,SEA,4,3,3.58,10,10,0,0,0,0,55.1,52,23,22,2,3,20,48,1.30,.251
Ryan R Sherriff,TB,1,0,0.00,10,0,0,0,1,1,9.2,6,0,0,0,0,2,2,0.83,.188
Robert R Stephenson,CIN,0,0,9.90,10,0,0,0,0,0,10.0,11,11,11,8,1,3,13,1.40,.282
Robert R Stock,BOS,0,1,4.73,10,0,0,0,0,0,13.1,16,9,7,0,0,10,14,1.95,.320
Masahiro M Tanaka,NYY,3,3,3.56,10,10,0,0,0,0,48.0,48,25,19,9,2,8,44,1.17,.257
Julio J Teheran,LAA,0,4,10.05,10,9,0,0,0,0,31.1,39,35,35,12,2,16,20,1.76,.305
Adam A Wainwright,STL,5,3,3.15,10,10,2,0,0,0,65.2,54,25,23,9,2,15,54,1.05,.221
Asher A Wojciechowski,BAL,1,3,6.81,10,7,0,0,0,0,37.0,45,29,28,11,1,15,31,1.62,.308
Jose J Alvarado,TB,0,0,6.00,9,0,0,0,0,0,9.0,9,7,6,2,2,6,13,1.67,.250
Jake J Arrieta,PHI,4,4,5.08,9,9,0,0,0,0,44.1,51,25,25,6,1,16,32,1.51,.298
Connor C Brogdon,PHI,1,0,3.97,9,0,0,0,0,0,11.1,5,5,5,3,0,5,17,0.88,.128
Madison M Bumgarner,ARI,1,4,6.48,9,9,0,0,0,0,41.2,47,31,30,13,6,13,30,1.44,.276
Aaron A Bummer,CWS,1,0,0.96,9,0,0,0,0,0,9.1,5,1,1,0,0,5,14,1.07,.152
Austin A Davis,PIT,0,0,10.80,9,0,0,0,0,0,6.2,11,8,8,1,0,2,5,1.95,.367
Anthony A De Sclafani,CIN,1,2,7.22,9,7,0,0,0,0,33.2,41,27,27,7,3,16,25,1.69,.301
Nathan N Eovaldi,BOS,4,2,3.72,9,9,0,0,0,0,48.1,51,20,20,8,4,7,52,1.20,.273
Robbie R Erlin,ATL,0,0,8.10,9,5,0,0,0,0,26.2,33,24,24,8,2,7,25,1.50,.295
Jack J Flaherty,STL,4,3,4.91,9,9,0,0,0,0,40.1,33,22,22,6,3,16,49,1.21,.221
Tony T Gonsolin,LAD,2,2,2.31,9,8,0,0,0,0,46.2,32,13,12,2,1,7,46,0.84,.193
Deolis D Guerra,PHI,1,3,8.59,9,0,0,0,0,0,7.1,10,9,7,3,2,2,8,1.64,.313
J. A. J Happ,NYY,2,2,3.47,9,9,0,0,0,0,49.1,37,19,19,8,1,15,42,1.05,.208
Brad B Keller,KC,5,3,2.47,9,9,1,1,0,0,54.2,39,16,15,2,2,17,35,1.02,.202
Yusei Y Kikuchi,SEA,2,4,5.17,9,9,0,0,0,0,47.0,41,27,27,3,0,20,47,1.30,.238
Michael M King,NYY,1,2,7.76,9,4,0,0,0,0,26.2,30,23,23,5,2,11,26,1.54,.278
Steven S Matz,NYM,0,5,9.68,9,6,0,0,0,0,30.2,42,33,33,14,0,10,36,1.70,.323
Chris C Mazza,BOS,1,2,4.80,9,6,0,0,0,0,30.0,34,18,16,3,2,15,29,1.63,.288
Kyle K Mc Gowin,WSH,1,0,4.91,9,0,0,0,1,1,11.0,9,6,6,2,0,5,16,1.27,.214
Tommy T Milone,ATL,1,4,6.69,9,9,0,0,0,0,39.0,55,34,29,9,2,6,40,1.56,.324
Adrian A Morejon,SD,2,2,4.66,9,4,0,0,0,0,19.1,20,11,10,7,0,4,25,1.24,.267
Charlie C Morton,TB,2,2,4.74,9,9,0,0,0,0,38.0,43,21,20,4,4,10,42,1.39,.279
Daniel D Poncede Leon,STL,1,3,4.96,9,8,0,0,0,0,32.2,23,18,18,8,2,20,45,1.32,.190
Colin C Rea,CHC,1,1,5.79,9,2,0,0,0,0,14.0,15,9,9,3,0,2,10,1.21,.254
Trevor T Richards,TB,0,0,5.91,9,4,0,0,0,0,32.0,44,24,21,6,0,11,27,1.72,.321
Patrick P Sandoval,LAA,1,5,5.65,9,6,0,0,0,0,36.2,37,26,23,10,0,12,33,1.34,.252
Ryne R Stanek,MIA,0,0,7.20,9,0,0,0,0,0,10.0,11,8,8,3,0,8,11,1.90,.275
Erik E Swanson,SEA,0,2,12.91,9,0,0,0,0,1,7.2,11,12,11,3,2,2,9,1.70,.344
Cesar C Valdez,BAL,1,1,1.26,9,0,0,0,3,3,14.1,7,3,2,0,0,3,12,0.70,.143
Vince V Velasquez,PHI,1,1,5.56,9,7,0,0,0,0,34.0,36,21,21,5,3,17,46,1.56,.269
Jordan J Weems,OAK,0,0,3.21,9,0,0,0,0,0,14.0,10,5,5,1,0,7,18,1.21,.200
Alex A Wood,LAD,0,1,6.39,9,2,0,0,0,1,12.2,17,11,9,2,3,6,15,1.82,.304
Huascar H Ynoa,ATL,0,0,5.82,9,5,0,0,0,0,21.2,23,14,14,2,2,13,17,1.66,.277
Keegan K Akin,BAL,1,2,4.56,8,6,0,0,0,0,25.2,27,17,13,3,1,10,35,1.44,.262
Jose J Álvarez Alvarez,PHI,0,0,1.42,8,0,0,0,0,0,6.1,7,1,1,0,0,3,6,1.58,.292
Tyler T Bashlor,PIT,0,0,8.64,8,0,0,0,0,0,8.1,9,8,8,2,2,4,6,1.56,.281
Wes W Benjamin,TEX,2,1,4.84,8,1,0,0,0,0,22.1,24,12,12,4,0,7,21,1.39,.264
Travis T Bergen,ARI,1,0,3.24,8,0,0,0,1,1,8.1,5,3,3,1,0,9,11,1.68,.185
Walker W Buehler,LAD,1,0,3.44,8,8,0,0,0,0,36.2,24,18,14,7,1,11,42,0.95,.178
Zack Z Burdi,CWS,0,1,11.05,8,0,0,0,0,2,7.1,11,11,9,4,0,3,11,1.91,.324
Humberto H Castellanos,HOU,0,1,6.75,8,0,0,0,0,1,10.2,12,8,8,2,2,5,12,1.59,.273
Mike M Clevinger,SD,3,2,3.02,8,8,1,1,0,0,41.2,34,14,14,6,0,14,40,1.15,.231
Kyle K Cody,TEX,1,1,1.59,8,5,0,0,0,0,22.2,15,5,4,1,0,13,18,1.24,.190
Dylan D Covey,BOS,0,0,7.07,8,0,0,0,0,0,14.0,18,11,11,2,0,2,11,1.43,.310
Zack Z Godley,BOS,0,4,8.16,8,7,0,0,0,0,28.2,42,26,26,9,3,14,28,1.95,.336
Jon J Gray,COL,2,4,6.69,8,8,0,0,0,0,39.0,45,31,29,6,2,11,22,1.44,.281
Taylor T Guilbeau,SEA,0,0,1.17,8,0,0,0,0,0,7.2,8,1,1,0,0,6,3,1.83,.267
Rich R Hill,MIN,2,2,3.03,8,8,0,0,0,0,38.2,28,13,13,3,1,17,31,1.16,.204
Dakota D Hudson,STL,3,2,2.77,8,8,0,0,0,0,39.0,24,13,12,5,1,15,31,1.00,.178
Jakob J Junis,KC,0,2,6.39,8,6,0,0,0,0,25.1,35,18,18,7,2,6,19,1.62,.333
Kwang Hyun K Kim,STL,3,0,1.62,8,7,0,0,1,1,39.0,28,9,7,3,0,12,24,1.03,.197
Andrew A Kittredge,TB,0,0,2.25,8,1,0,0,1,1,8.0,8,2,2,0,0,2,3,1.25,.276
Brady B Lail,SEA,0,0,4.41,8,0,0,0,0,0,16.1,14,8,8,5,2,7,12,1.29,.226
Reynaldo R López Lopez,CWS,1,3,6.49,8,8,0,0,0,0,26.1,28,21,19,9,1,15,24,1.63,.269
Triston T Mc Kenzie,CLE,2,1,3.24,8,6,0,0,0,0,33.1,21,12,12,6,1,9,42,0.90,.179
Julian J Merryweather,TOR,0,0,4.15,8,3,0,0,0,0,13.0,11,6,6,0,0,6,15,1.31,.224
Joe J Musgrove,PIT,1,5,3.86,8,8,0,0,0,0,39.2,33,17,17,5,2,16,55,1.24,.226
Zach Z Plesac,CLE,4,2,2.28,8,8,0,0,0,0,55.1,38,14,14,8,1,6,57,0.80,.191
Tarik T Skubal,DET,1,4,5.63,8,7,0,0,0,0,32.0,28,21,20,9,2,11,37,1.22,.235
Drew D Smith,NYM,0,1,6.43,8,0,0,0,0,0,7.0,6,6,5,2,0,2,7,1.14,.222
Gabe G Speier,KC,0,1,7.94,8,0,0,0,0,0,5.2,9,5,5,1,0,4,6,2.29,.346
Josh J Taylor,BOS,1,1,9.82,8,0,0,0,0,2,7.1,7,8,8,2,1,5,7,1.64,.233
Michael M Wacha,NYM,1,4,6.62,8,7,0,0,0,0,34.0,46,26,25,9,2,7,37,1.56,.313
Jacob J Webb,ATL,0,0,0.00,8,0,0,0,0,0,10.0,7,2,0,0,0,5,10,1.20,.200
Kyle K Wright,ATL,2,4,5.21,8,8,0,0,0,0,38.0,35,23,22,7,0,24,30,1.55,.243
Sandy S Alcantara,MIA,3,2,3.00,7,7,0,0,0,0,42.0,35,22,14,4,1,15,39,1.19,.226
Jaime J Barria,LAA,1,0,3.62,7,5,0,0,0,0,32.1,27,13,13,3,1,9,27,1.11,.223
Daniel D Castano,MIA,1,2,3.03,7,6,0,0,0,0,29.2,30,12,10,3,0,11,12,1.38,.263
Kyle K Crick,PIT,0,1,1.59,7,0,0,0,0,1,5.2,7,6,1,0,0,4,7,1.94,.280
Dane D Dunning,CWS,2,0,3.97,7,7,0,0,0,0,34.0,25,17,15,4,2,13,35,1.12,.197
Josh J Fleming,TB,5,0,2.78,7,5,0,0,0,0,32.1,28,10,10,5,1,7,25,1.08,.230
Sam S Freeman,WSH,0,0,1.80,7,0,0,0,0,0,5.0,2,1,1,0,0,7,6,1.80,.111
Matt M Harvey,KC,0,3,11.57,7,4,0,0,0,0,11.2,27,15,15,6,0,5,10,2.74,.450
Darwinzon D Hernandez,BOS,1,0,2.16,7,0,0,0,0,0,8.1,5,2,2,0,1,8,13,1.56,.161
Walker W Lockett,SEA,1,0,4.96,7,1,0,0,0,0,16.1,21,9,9,2,2,4,11,1.53,.313
Conner C Menez,SF,1,0,2.38,7,0,0,0,0,0,11.1,6,4,3,2,1,5,8,0.97,.158
Casey C Mize,DET,0,3,6.99,7,7,0,0,0,0,28.1,29,25,22,7,5,13,26,1.48,.252
Brian B Moran,MIA,1,0,9.64,7,0,0,0,0,1,4.2,6,5,5,1,0,6,7,2.57,.300
Cionel C Pérez Perez,HOU,0,0,2.84,7,0,0,0,0,0,6.1,7,2,2,0,0,6,8,2.05,.269
Trevor T Rogers,MIA,1,2,6.11,7,7,0,0,0,0,28.0,32,20,19,5,2,13,39,1.61,.283
Ramon R Rosso,PHI,0,1,6.52,7,1,0,0,0,0,9.2,9,7,7,1,1,8,11,1.76,.243
Sixto S Sánchez Sanchez,MIA,3,2,3.46,7,7,1,0,0,0,39.0,36,15,15,3,2,11,33,1.21,.250
Devin D Smeltzer,MIN,2,0,6.75,7,1,0,0,0,0,16.0,19,12,12,2,1,5,15,1.50,.292
Drew D Smyly,SF,0,1,3.42,7,5,0,0,0,0,26.1,20,11,10,2,0,9,42,1.10,.198
Tyler T Thornburg,CIN,0,0,3.86,7,0,0,0,0,0,7.0,6,3,3,0,0,5,10,1.57,.222
Lewis L Thorpe,MIN,0,1,6.06,7,1,0,0,0,0,16.1,24,12,11,4,0,10,10,2.08,.358
Touki T Toussaint,ATL,0,2,8.88,7,5,0,0,0,0,24.1,27,28,24,7,5,16,30,1.77,.276
Nick N Tropeano,PIT,1,0,1.15,7,0,0,0,0,0,15.2,14,2,2,1,1,4,19,1.15,.233
Edinson E Vólquez Volquez,TEX,2,1,6.35,7,0,0,0,0,0,5.2,6,4,4,0,1,2,3,1.41,.261
Chance C Adams,KC,0,0,9.35,6,0,0,0,0,0,8.2,15,9,9,1,0,0,6,1.73,.375
Adbert A Alzolay,CHC,1,1,2.95,6,4,0,0,0,0,21.1,12,8,7,1,1,13,29,1.17,.169
Ian I Anderson,ATL,3,2,1.95,6,6,0,0,0,0,32.1,21,11,7,1,2,14,41,1.08,.172
Luke L Bard,LAA,0,0,6.75,6,0,0,0,0,0,5.1,7,4,4,2,0,0,7,1.31,.304
James J Bourque,WSH,1,0,6.75,6,0,0,0,0,0,4.0,3,3,3,1,0,5,1,2.00,.214
Nabil N Crismatt,STL,0,0,3.24,6,0,0,0,0,0,8.1,6,3,3,2,0,1,8,0.84,.200
Phillip P Diehl,COL,0,0,10.50,6,0,0,0,0,0,6.0,7,7,7,2,0,1,4,1.33,.292
J. P. J Feyereisen,MIL,0,0,5.79,6,0,0,0,0,0,9.1,4,6,6,3,1,5,7,0.96,.138
Aaron A Fletcher,SEA,0,0,12.46,6,0,0,0,0,0,4.1,7,6,6,1,2,7,7,3.23,.350
Deivi D García Garcia,NYY,3,2,4.98,6,6,0,0,0,0,34.1,35,20,19,6,1,6,33,1.19,.254
Chi C Gonzalez,COL,0,2,6.86,6,4,0,0,0,0,19.2,22,16,15,3,3,10,16,1.63,.289
Robert R Gsellman,NYM,0,0,9.64,6,4,0,0,0,0,14.0,22,15,15,4,1,8,9,2.14,.361
Ben B Heller,NYY,0,0,3.00,6,0,0,0,0,0,6.0,5,2,2,2,2,2,6,1.17,.217
Elieser E Hernandez,MIA,1,0,3.16,6,6,0,0,0,0,25.2,21,10,9,5,2,5,34,1.01,.212
Spencer S Howard,PHI,1,2,5.92,6,6,0,0,0,0,24.1,30,17,16,6,1,10,23,1.64,.300
Mike M Kickham,BOS,1,1,7.71,6,2,0,0,0,0,14.0,21,12,12,6,2,5,17,1.86,.333
John J King,TEX,1,0,6.10,6,0,0,0,0,1,10.1,13,8,7,2,2,4,9,1.65,.289
Wade W Le Blanc,BAL,1,0,8.06,6,6,0,0,0,0,22.1,27,20,20,6,1,8,13,1.57,.293
Robinson R Leyer,BOS,0,0,21.21,6,1,0,0,0,0,4.2,12,11,11,3,0,8,9,4.29,.462
Zack Z Littell,MIN,0,0,9.95,6,0,0,0,0,0,6.1,12,7,7,5,1,3,3,2.37,.444
Wade W Miley,CIN,0,3,5.65,6,4,0,0,0,0,14.1,15,10,9,1,2,9,12,1.67,.268
James J Pazos,COL,0,0,16.88,6,0,0,0,0,0,5.1,10,10,10,3,0,5,1,2.81,.435
Sean S Poppen,MIN,0,0,4.70,6,0,0,0,0,0,7.2,9,4,4,0,0,4,10,1.70,.290
Jose J Quijada,LAA,0,1,7.36,6,0,0,0,0,1,3.2,6,4,3,1,1,2,6,2.18,.375
Erasmo E Ramírez Ramirez,NYM,0,0,0.63,6,0,0,0,1,1,14.1,8,1,1,1,0,4,9,0.84,.163
Bryan B Shaw,SEA,1,0,18.00,6,0,0,0,0,1,6.0,13,12,12,1,1,6,4,3.17,.433
Matt M Shoemaker,TOR,0,1,4.71,6,6,0,0,0,0,28.2,22,16,15,8,0,9,26,1.08,.210
Burch B Smith,OAK,2,0,2.25,6,0,0,0,1,1,12.0,7,3,3,1,0,1,13,0.67,.163
Riley R Smith,ARI,2,0,1.47,6,0,0,0,0,0,18.1,15,3,3,1,0,5,18,1.09,.234
Andrew A Suárez Suarez,SF,0,0,3.72,6,0,0,0,0,0,9.2,9,4,4,1,0,6,5,1.55,.250
Jesus J Tinoco,COL,0,0,1.04,6,0,0,0,0,0,8.2,3,1,1,0,0,7,6,1.15,.120
Justin J Topa,MIL,0,1,2.35,6,0,0,0,0,0,7.2,7,3,2,1,0,0,12,0.91,.233
Bryse Bry Wilson,ATL,1,0,4.02,6,2,0,0,1,1,15.2,18,7,7,2,1,9,15,1.72,.286
Kirby K Yates,SD,0,1,12.46,6,0,0,0,2,2,4.1,7,6,6,1,0,4,8,2.54,.350
Brandon B Bailey,HOU,0,0,2.45,5,0,0,0,0,0,7.1,6,2,2,1,1,3,4,1.23,.231
Brandon B Brennan,SEA,0,0,3.68,5,0,0,0,0,0,7.1,7,3,3,2,0,5,7,1.64,.250
Beau B Burrows,DET,0,0,5.40,5,0,0,0,0,0,6.2,8,4,4,3,1,1,3,1.35,.286
Blake B Cederlind,PIT,0,0,4.50,5,0,0,0,0,0,4.0,3,2,2,0,0,1,4,1.00,.200
Tyler T Chatwood,CHC,2,2,5.30,5,5,0,0,0,0,18.2,22,11,11,2,0,9,25,1.66,.289
Nestor N Cortes,SEA,0,1,15.26,5,1,0,0,0,0,7.2,12,14,13,6,2,6,8,2.35,.343
Garrett G Crochet,CWS,0,0,0.00,5,0,0,0,0,0,6.0,3,0,0,0,1,0,8,0.50,.143
Wade W Davis,COL,0,1,20.77,5,0,0,0,2,3,4.1,9,10,10,3,0,3,3,2.77,.409
Jose J De León Leon,CIN,0,0,18.00,5,0,0,0,0,0,6.0,6,12,12,1,0,11,10,2.83,.250
Miguel M Del Pozo,PIT,0,0,17.18,5,0,0,0,0,2,3.2,7,7,7,0,0,8,2,4.09,.412
Carl C Edwards,SEA,0,0,1.93,5,0,0,0,1,1,4.2,2,1,1,0,0,1,6,0.64,.125
Luis L Garcia,HOU,0,1,2.92,5,1,0,0,0,0,12.1,7,4,4,1,1,5,9,0.97,.167
Zac Z Grotz,SEA,0,0,14.73,5,0,0,0,0,0,7.1,11,12,12,4,4,11,4,3.00,.367
Carlos C Hernández Hernandez,KC,0,1,4.91,5,3,0,0,0,0,14.2,19,9,8,4,1,6,13,1.70,.317
Rob R Kaminsky,STL,0,0,1.93,5,0,0,0,0,0,4.2,3,3,1,0,0,2,3,1.07,.188
Mitch M Keller,PIT,1,1,2.91,5,5,0,0,0,0,21.2,9,7,7,4,1,18,16,1.25,.132
Merrill M Kelly,ARI,3,2,2.59,5,5,0,0,0,0,31.1,26,9,9,5,1,5,29,0.99,.218
Brandon B Leibrandt,MIA,0,0,2.00,5,0,0,0,0,0,9.0,3,2,2,0,0,7,3,1.11,.103
Carlos C Martínez Martinez,STL,0,3,9.90,5,5,0,0,0,0,20.0,32,26,22,6,0,10,17,2.10,.352
Kevin K Mc Carthy,KC,0,0,4.50,5,0,0,0,0,0,6.0,10,3,3,1,1,2,2,2.00,.385
Reggie R Mc Clain,PHI,0,0,5.06,5,0,0,0,0,0,5.1,9,6,3,1,0,3,2,2.25,.360
Ljay L Newsome,SEA,0,1,5.17,5,4,0,0,0,0,15.2,20,9,9,4,1,1,9,1.34,.303
Johan J Oviedo,STL,0,3,5.47,5,5,0,0,0,0,24.2,24,18,15,3,5,10,16,1.38,.253
James J Paxton,NYY,1,1,6.64,5,5,0,0,0,0,20.1,23,17,15,4,1,7,26,1.48,.284
Nate N Pearson,TOR,1,0,6.00,5,4,0,0,0,0,18.0,14,15,12,5,0,13,16,1.50,.209
Michael M Pineda,MIN,2,0,3.38,5,5,0,0,0,0,26.2,25,10,10,0,1,7,25,1.20,.248
Nick N Pivetta,BOS,2,0,6.89,5,2,0,0,0,0,15.2,18,12,12,4,1,6,17,1.53,.286
Cody C Ponce,PIT,1,1,3.18,5,3,0,0,0,0,17.0,12,7,6,5,0,6,12,1.06,.200
Nick N Ramirez,DET,0,0,5.91,5,0,0,0,0,0,10.2,8,7,7,3,1,4,11,1.13,.200
Sean S Reid- Foley,TOR,1,0,1.35,5,0,0,0,0,0,6.2,3,3,1,0,0,6,6,1.35,.125
Nivaldo N Rodriguez,HOU,0,1,6.23,5,0,0,0,0,0,8.2,15,7,6,3,0,6,8,2.42,.385
Jose J Ruiz,CWS,0,0,2.25,5,0,0,0,0,1,4.0,2,1,1,1,0,0,5,0.50,.143
Paul P Sewald,NYM,0,0,13.50,5,0,0,0,0,0,6.0,12,9,9,1,1,4,2,2.67,.414
Justin J Shafer,MIA,0,0,12.71,5,0,0,0,0,0,5.2,8,8,8,2,1,4,5,2.12,.333
Caleb C Smith,ARI,0,0,2.57,5,4,0,0,0,0,14.0,6,4,4,3,0,12,15,1.29,.125
Domingo D Tapia,BOS,0,0,2.08,5,0,0,0,0,0,4.1,4,1,1,1,0,2,4,1.38,.235
Andrew A Triggs,BOS,0,2,7.56,5,2,0,0,0,1,8.1,8,7,7,3,0,6,7,1.68,.242
Jose J Ureña Urena,MIA,0,3,5.40,5,5,0,0,0,0,23.1,22,15,14,4,2,13,15,1.50,.247
Jose J Urquidy,HOU,1,1,2.73,5,5,0,0,0,0,29.2,22,9,9,4,1,8,17,1.01,.206
Alex A Vesia,MIA,0,1,18.69,5,0,0,0,0,0,4.1,7,10,9,3,0,7,5,3.23,.350
Bryan B Abreu,HOU,0,0,2.70,4,0,0,0,0,0,3.1,1,2,1,0,2,7,3,2.40,.091
Anthony A Banda,TB,1,0,10.29,4,0,0,0,1,1,7.0,10,9,8,1,2,5,4,2.14,.345
David D Bednar,SD,0,0,7.11,4,0,0,0,0,0,6.1,11,6,5,1,0,2,5,2.05,.367
Joe J Biagini,HOU,0,0,20.77,4,0,0,0,0,0,4.1,10,10,10,1,0,4,4,3.23,.435
Chris C Devenski,HOU,0,1,14.73,4,0,0,0,0,1,3.2,7,6,6,1,0,3,5,2.73,.389
Robert R Dugger,MIA,0,0,12.66,4,1,0,0,0,0,10.2,21,16,15,5,0,3,4,2.25,.396
Demarcus D Evans,TEX,0,0,2.25,4,0,0,0,0,0,4.0,3,1,1,1,1,0,4,0.75,.231
Luke L Farrell,TEX,0,0,8.44,4,0,0,0,0,0,5.1,5,5,5,1,1,5,8,1.88,.250
Edgar E García Garcia,TB,0,0,10.80,4,0,0,0,1,1,3.1,3,4,4,2,0,4,1,2.10,.250
Sam S Gaviglio,TOR,0,1,9.00,4,0,0,0,0,0,3.0,3,3,3,0,0,5,1,2.67,.273
Ken K Giles,TOR,0,0,9.82,4,0,0,0,1,1,3.2,4,4,4,2,0,4,6,2.18,.267
Ashton A Goudeau,COL,0,0,7.56,4,0,0,0,0,0,8.1,15,7,7,3,1,2,2,2.04,.441
Justin J Grimm,MIL,0,0,17.36,4,0,0,0,0,0,4.2,9,9,9,4,0,4,6,2.79,.391
Matt M Hall,BOS,0,3,18.69,4,1,0,0,0,0,8.2,17,18,18,2,1,10,9,3.12,.395
Ian I Hamilton,CWS,0,0,4.50,4,0,0,0,0,0,4.0,4,2,2,0,0,5,4,2.25,.267
Kyle K Hart,BOS,0,1,15.55,4,3,0,0,0,0,11.0,24,21,19,4,0,10,13,3.09,.429
Joe J Harvey,COL,0,0,0.00,4,0,0,0,0,0,3.1,3,0,0,0,1,0,2,0.90,.231
Trevor T Kelley,PHI,0,0,10.80,4,0,0,0,0,0,3.1,8,4,4,2,0,1,5,2.70,.444
Franklyn F Kilome,NYM,0,1,11.12,4,0,0,0,1,1,11.1,14,14,14,5,1,9,13,2.03,.298
Dean D Kremer,BAL,1,1,4.82,4,4,0,0,0,0,18.2,15,10,10,0,0,12,22,1.45,.214
Brooks B Kriske,NYY,0,0,14.73,4,0,0,0,0,0,3.2,3,6,6,1,0,7,8,2.73,.200
Eric E Lauer,MIL,0,2,13.09,4,2,0,0,0,0,11.0,17,16,16,2,2,9,12,2.36,.347
Joe J Mantiply,ARI,0,0,15.43,4,0,0,0,0,0,2.1,3,4,4,0,0,4,2,3.00,.273
Nick N Mears,PIT,0,0,5.40,4,0,0,0,0,0,5.0,4,3,3,1,0,7,7,2.20,.222
Daniel D Mengden,OAK,0,1,3.65,4,1,0,0,0,0,12.1,14,5,5,2,1,7,10,1.70,.286
Patrick P Murphy,TOR,0,0,1.50,4,0,0,0,0,0,6.0,6,1,1,0,0,2,5,1.33,.261
Nick N Neidert,MIA,0,0,5.40,4,0,0,0,0,0,8.1,10,5,5,1,0,2,4,1.44,.313
Sean S Newcomb,ATL,0,2,11.20,4,4,0,0,0,0,13.2,20,17,17,4,3,6,10,1.90,.333
Ivan I Nova,DET,1,1,8.53,4,4,0,0,0,0,19.0,22,18,18,4,0,9,9,1.63,.278
Jake J Odorizzi,MIN,0,1,6.59,4,4,0,0,0,0,13.2,16,10,10,4,1,3,12,1.39,.291
Roberto R Osuna,HOU,0,0,2.08,4,0,0,0,1,1,4.1,3,1,1,0,0,0,3,0.69,.188
Corey C Oswalt,NYM,0,0,4.85,4,1,0,0,0,0,13.0,14,7,7,3,1,2,11,1.23,.269
Jose J Quintana,CHC,0,0,4.50,4,1,0,0,0,0,10.0,10,5,5,1,0,3,12,1.30,.263
Carlos C Rodón Rodon,CWS,0,2,8.22,4,2,0,0,0,1,7.2,9,7,7,1,1,3,6,1.57,.290
Randy R Rosario,KC,0,1,8.10,4,0,0,0,0,1,3.1,7,3,3,1,1,3,4,3.00,.438
Jeff J Samardzija,SF,0,2,9.72,4,4,0,0,0,0,16.2,21,19,18,7,2,4,6,1.50,.296
Josh J Sborz,LAD,0,0,2.08,4,0,0,0,0,0,4.1,2,1,1,1,0,1,2,0.69,.133
Sterling S Sharp,MIA,0,0,10.13,4,0,0,0,0,0,5.1,7,7,6,1,1,5,3,2.25,.304
Chad C Sobotka,ATL,0,0,12.27,4,0,0,0,0,0,3.2,6,5,5,0,0,2,2,2.18,.333
Glenn G Sparkman,KC,0,0,5.40,4,0,0,0,0,0,5.0,9,6,3,0,0,1,2,2.00,.360
Hunter H Strickland,NYM,0,1,8.10,4,0,0,0,0,0,3.1,5,4,3,0,0,1,4,1.80,.333
Pedro P Strop,CIN,0,0,3.86,4,0,0,0,0,0,2.1,1,3,1,0,0,6,3,3.00,.125
Kodi K Whitley,STL,0,0,1.93,4,0,0,0,0,0,4.2,2,1,1,1,0,1,5,0.64,.125
Jordan J Yamamoto,MIA,0,1,18.26,4,3,0,0,0,0,11.1,27,24,23,8,0,7,13,3.00,.458
Austin A Adams,SD,0,0,4.50,3,0,0,0,0,0,4.0,3,2,2,1,0,2,7,1.25,.200
Logan L Allen,CLE,0,0,3.38,3,0,0,0,0,0,10.2,12,4,4,1,1,7,7,1.78,.293
Michel M Baez,SD,0,0,7.71,3,1,0,0,0,1,4.2,7,4,4,0,0,2,7,1.93,.333
Ray R Black,MIL,0,0,3.00,3,0,0,0,0,0,3.0,2,1,1,0,0,3,3,1.67,.182
Ben B Braymer,WSH,1,0,1.23,3,1,0,0,0,0,7.1,7,1,1,0,0,5,8,1.64,.241
Rex R Brothers,CHC,0,0,8.10,3,0,0,0,0,0,3.1,2,3,3,2,0,3,8,1.50,.167
Nick N Burdi,PIT,0,1,3.86,3,0,0,0,1,1,2.1,2,1,1,0,0,2,4,1.71,.250
Cody C Carroll,BAL,0,0,54.00,3,0,0,0,0,0,2.0,9,12,12,0,1,5,3,7.00,.643
Yonny Y Chirinos,TB,0,0,2.38,3,3,0,0,0,0,11.1,14,4,3,2,2,4,10,1.59,.304
Wil W Crowe,WSH,0,2,11.88,3,3,0,0,0,0,8.1,14,13,11,5,1,8,8,2.64,.378
Matt M Davidson,CIN,0,0,5.40,3,0,0,0,0,0,3.1,4,2,2,1,0,2,1,1.80,.308
Chase C De Jong,HOU,0,1,14.73,3,2,0,0,0,0,7.1,12,12,12,2,1,4,9,2.18,.375
Tommy T Doyle,COL,0,0,23.14,3,0,0,0,0,0,2.1,6,6,6,0,0,4,2,4.29,.462
Brett B Eibner,MIA,0,0,13.50,3,0,0,0,0,0,3.1,7,7,5,2,0,4,4,3.30,.412
Michael M Feliz,PIT,0,0,32.40,3,0,0,0,0,0,1.2,4,6,6,1,1,2,2,3.60,.444
Junior J Fernández Fernandez,STL,0,0,18.00,3,0,0,0,0,0,3.0,6,6,6,1,0,2,2,2.67,.429
Matt M Grace,ARI,0,1,54.00,3,0,0,0,0,0,1.0,5,6,6,1,0,2,2,7.00,.625
David D Hess,BAL,0,0,6.43,3,0,0,0,0,0,7.0,10,5,5,1,0,2,1,1.71,.333
Tanner T Houck,BOS,3,0,0.53,3,3,0,0,0,0,17.0,6,2,1,1,1,9,21,0.88,.113
Cole C Irvin,PHI,0,1,17.18,3,0,0,0,0,0,3.2,11,7,7,1,0,1,4,3.27,.524
Keone K Kela,PIT,0,0,4.50,3,0,0,0,0,0,2.0,3,1,1,1,0,1,3,2.00,.333
Branden B Kline,BAL,0,0,1.80,3,0,0,0,0,0,5.0,2,1,1,0,0,3,7,1.00,.118
Joel J Kuhnel,CIN,1,0,6.00,3,0,0,0,0,0,3.0,4,2,2,2,0,0,3,1.33,.308
Joey J Lucchesi,SD,0,1,7.94,3,2,0,0,0,0,5.2,13,5,5,0,1,2,5,2.65,.464
Humberto H Mejía Mejia,MIA,0,2,5.40,3,3,0,0,0,0,10.0,13,8,6,3,1,6,11,1.90,.310
Mike M Montgomery,KC,0,0,5.06,3,1,0,0,0,0,5.1,6,5,3,1,0,1,4,1.31,.286
Mike M Morin,MIA,1,0,0.00,3,0,0,0,0,0,4.0,1,0,0,0,0,1,2,0.50,.091
James J Norwood,CHC,0,0,16.20,3,0,0,0,0,0,1.2,4,3,3,0,0,1,0,3.00,.500
Brad B Peacock,HOU,0,0,7.71,3,0,0,0,0,0,2.1,3,2,2,0,1,1,3,1.71,.300
Angel A Perdomo,MIL,0,0,20.25,3,0,0,0,0,0,2.2,3,7,6,0,1,7,5,3.75,.273
Johan J Quezada,MIA,0,0,9.00,3,0,0,0,0,0,3.0,4,3,3,1,0,1,2,1.67,.364
A J Ramos,COL,0,0,3.38,3,0,0,0,0,0,2.2,4,1,1,1,0,3,1,2.63,.333
Yacksel Y Ríos Rios,PIT,0,0,9.00,3,0,0,0,0,0,4.0,3,4,4,0,1,2,3,1.25,.214
Seth S Romero,WSH,0,0,13.50,3,0,0,0,0,0,2.2,5,4,4,1,0,3,5,3.00,.333
Ricardo R Sanchez,STL,0,0,6.75,3,0,0,0,0,0,5.1,5,4,4,1,1,5,4,1.88,.250
Antonio A Santos,COL,0,1,16.50,3,1,0,0,0,0,6.0,14,11,11,1,2,4,4,3.00,.483
Clarke C Schmidt,NYY,0,1,7.11,3,1,0,0,0,0,6.1,7,5,5,0,2,5,7,1.89,.269
Mike M Soroka,ATL,0,1,3.95,3,3,0,0,0,0,13.2,11,7,6,0,1,7,8,1.32,.224
Ranger R Suárez Suarez,PHI,0,1,20.25,3,0,0,0,0,0,4.0,10,9,9,1,1,4,1,3.50,.476
Trent T Thornton,TOR,0,0,11.12,3,3,0,0,0,0,5.2,15,7,7,0,0,3,6,3.18,.517
Pat P Venditte,MIA,0,0,0.00,3,0,0,0,0,0,4.1,1,0,0,0,2,0,5,0.23,.077
Bobby B Wahl,MIL,0,1,11.57,3,0,0,0,0,0,2.1,4,3,3,2,0,0,1,1.71,.400
Miguel M Yajure,NYY,0,0,1.29,3,0,0,0,0,0,7.0,3,1,1,1,1,5,8,1.14,.130
T. J. T Zeuch,TOR,1,0,1.59,3,1,0,0,0,0,11.1,9,2,2,1,0,4,3,1.15,.209
Jordan J Zimmermann,DET,0,0,7.94,3,2,0,0,0,0,5.2,11,6,5,0,0,2,6,2.29,.423
Albert A Abreu,NYY,0,1,20.25,2,0,0,0,0,0,1.1,4,4,3,1,1,2,2,4.50,.500
Orlando O Arcia S,MIL,0,0,18.00,2,0,0,0,0,0,2.0,4,4,4,1,0,1,0,2.50,.444
Homer H Bailey,MIN,1,0,3.38,2,2,0,0,0,0,8.0,6,3,3,1,1,3,7,1.13,.207
Aaron A Barrett,WSH,0,0,10.80,2,0,0,0,0,0,1.2,2,2,2,0,1,2,1,2.40,.333
Scott S Blewett,KC,0,0,6.00,2,0,0,0,0,0,3.0,6,2,2,0,0,1,4,2.33,.400
Ronald R Bolaños Bolanos,KC,0,2,12.27,2,2,0,0,0,0,3.2,8,7,5,2,1,3,2,3.00,.471
Jhoulys J Chacín Chacin,ATL,1,0,7.20,2,0,0,0,0,0,5.0,6,4,4,1,0,3,3,1.80,.286
Danny D Coulombe,MIN,0,0,0.00,2,0,0,0,0,0,2.2,2,0,0,0,0,3,3,1.88,.200
Santiago S Espinal,TOR,0,0,9.00,2,0,0,0,0,0,2.0,3,2,2,1,1,1,0,2.00,.333
Paolo P Espino,WSH,0,0,4.50,2,1,0,0,0,0,6.0,8,3,3,1,0,2,7,1.67,.320
Bernardo B Flores Jr.,CWS,0,0,9.00,2,0,0,0,0,0,2.0,4,2,2,0,0,0,2,2.00,.400
Seth S Frankoff,SEA,0,0,16.88,2,0,0,0,0,0,2.2,6,5,5,0,0,2,0,3.00,.429
Braxton B Garrett,MIA,1,1,5.87,2,2,0,0,0,0,7.2,8,6,5,3,0,5,8,1.70,.276
Sean S Gilmartin,TB,0,0,8.31,2,0,0,0,0,0,4.1,7,4,4,2,0,4,5,2.54,.350
Kelvin K Herrera,CWS,0,0,15.43,2,0,0,0,0,0,2.1,3,4,4,2,0,1,3,1.71,.300
Brock B Holt,WSH,0,0,13.50,2,0,0,0,0,0,1.1,5,2,2,1,0,0,0,3.75,.500
Dany D Jiménez Jimenez,SF,0,0,6.75,2,0,0,0,0,0,1.1,1,1,1,0,0,3,1,3.00,.200
James J Kaprielian,OAK,0,0,7.36,2,0,0,0,0,0,3.2,4,3,3,2,0,2,4,1.64,.267
Kyle K Keller,LAA,0,0,7.71,2,0,0,0,0,0,2.1,3,2,2,0,0,2,1,2.14,.273
Erik E Kratz,NYY,0,0,9.00,2,0,0,0,0,0,2.0,2,2,2,2,1,0,0,1.00,.250
Jimmy J Lambert,CWS,0,0,0.00,2,0,0,0,0,0,2.0,2,0,0,0,0,0,2,1.00,.250
Jose J Leclerc,TEX,0,0,4.50,2,0,0,0,1,1,2.0,2,1,1,0,0,2,3,2.00,.250
Artie A Lewicki,ARI,0,0,5.40,2,0,0,0,0,0,3.1,7,2,2,0,0,1,5,2.40,.412
Dillon D Maples,CHC,0,0,18.00,2,0,0,0,0,0,1.0,1,3,2,0,0,4,1,5.00,.200
Alex A Mc Rae,CWS,0,0,0.00,2,0,0,0,0,0,3.0,1,0,0,0,0,0,2,0.33,.100
Ryan R Meisinger,STL,0,0,0.00,2,0,0,0,0,0,2.2,1,0,0,0,1,4,3,1.88,.125
Tyson T Miller,CHC,0,0,5.40,2,1,0,0,0,0,5.0,2,3,3,1,0,3,0,1.00,.125
Jose J Mujica,COL,0,0,12.46,2,0,0,0,0,0,4.1,10,7,6,2,0,2,1,2.77,.476
Juan J Nicasio,TEX,0,0,40.50,2,0,0,0,0,0,1.1,5,6,6,1,0,2,1,5.25,.556
Shohei S Ohtani,LAA,0,1,37.80,2,2,0,0,0,0,1.2,3,7,7,0,0,8,3,6.60,.375
Joe J Palumbo,TEX,0,1,11.57,2,0,0,0,0,0,2.1,3,3,3,1,0,3,5,2.57,.273
Joel J Payamps,ARI,0,0,3.00,2,0,0,0,0,0,3.0,2,2,1,0,0,3,2,1.67,.200
Dereck D Rodríguez Rodriguez,SF,0,0,13.50,2,0,0,0,0,1,4.0,10,6,6,2,0,3,2,3.25,.476
Sal S Romano,CIN,1,0,0.00,2,0,0,0,0,0,1.1,0,0,0,0,0,0,0,0.00,.000
Carlos C Sanabria,HOU,0,0,9.00,2,0,0,0,0,0,2.0,3,2,2,1,0,3,2,3.00,.333
Josh D. J Smith,MIA,0,0,10.80,2,0,0,0,0,0,1.2,2,2,2,1,2,1,4,1.80,.286
Jonathan J Stiever,CWS,0,1,9.95,2,2,0,0,0,0,6.1,7,7,7,4,0,4,3,1.74,.280
Stephen S Strasburg,WSH,0,1,10.80,2,2,0,0,0,0,5.0,8,6,6,1,0,1,2,1.80,.364
Jose J Suarez,LAA,0,2,38.57,2,2,0,0,0,0,2.1,10,10,10,1,1,5,2,6.43,.588
Brandon B Waddell,PIT,0,0,2.70,2,0,0,0,0,0,3.1,2,1,1,0,0,2,2,1.20,.167
Mitch M White,LAD,1,0,0.00,2,0,0,0,0,0,3.0,1,0,0,0,0,1,2,0.67,.100
Jimmy J Yacabonis,SEA,0,1,3.86,2,1,0,0,0,0,2.1,2,1,1,0,1,3,1,2.14,.222
Bruce B Zimmermann,BAL,0,0,7.71,2,1,0,0,0,0,7.0,6,6,6,2,2,2,7,1.14,.222
Ehire E Adrianza R,MIN,0,0,9.00,1,0,0,0,0,0,1.0,1,1,1,1,1,0,0,1.00,.250
Drew D Anderson,CWS,0,1,40.50,1,0,0,0,0,0,1.1,4,6,6,2,0,2,2,4.50,.500
Jeremy J Beasley,ARI,0,0,0.00,1,0,0,0,0,0,0.1,2,0,0,0,0,0,1,6.00,.667
Anthony A Bemboom,LAA,0,0,0.00,1,0,0,0,0,0,1.0,0,0,0,0,0,1,0,1.00,.000
Phil P Bickford,MIL,0,0,36.00,1,0,0,0,0,0,1.0,4,4,4,0,2,0,2,4.00,.571
Jesse J Biddle,CIN,0,0,0.00,1,0,0,0,0,0,0.2,1,0,0,0,0,1,1,3.00,.333
Paul P Blackburn,OAK,0,1,27.00,1,1,0,0,0,0,2.1,5,7,7,0,0,2,2,3.00,.417
Silvino S Bracho,ARI,0,0,18.00,1,0,0,0,0,0,1.0,2,2,2,1,0,0,1,2.00,.400
Jeff J Brigham,MIA,0,0,9.00,1,0,0,0,0,0,1.0,2,1,1,0,0,0,0,2.00,.400
Mike M Brosseau,TB,0,0,0.00,1,0,0,0,0,0,0.1,0,0,0,0,0,0,1,0.00,.000
Drew D Butera,COL,0,0,5.40,1,0,0,0,0,0,1.2,3,1,1,0,0,0,1,1.80,.375
Anthony A Castro,DET,0,0,18.00,1,0,0,0,0,0,1.0,1,2,2,1,0,1,1,2.00,.250
Garrett G Cleavinger,PHI,0,0,13.50,1,0,0,0,0,0,0.2,2,1,1,1,0,0,1,3.00,.500
Edwar E Colina,MIN,0,0,81.00,1,0,0,0,0,0,0.1,4,3,3,1,0,2,0,18.00,.800
Jesus J Cruz,STL,0,0,18.00,1,0,0,0,0,0,1.0,3,2,2,0,0,1,2,4.00,.600
Charlie C Culberson,ATL,0,0,0.00,1,0,0,0,0,0,0.1,0,0,0,0,0,0,0,0.00,.000
Tucker T Davidson,ATL,0,1,10.80,1,1,0,0,0,0,1.2,3,7,2,1,0,4,2,4.20,.333
Travis T Demeritte R,DET,0,0,36.00,1,0,0,0,0,0,1.0,4,4,4,2,0,0,0,4.00,.571
Matt M Dermody,CHC,0,0,0.00,1,0,0,0,0,0,1.0,0,0,0,0,0,0,1,0.00,.000
Mike M Foltynewicz,ATL,0,1,16.20,1,1,0,0,0,0,3.1,4,6,6,3,0,4,3,2.40,.333
Logan L Forsythe,MIA,0,0,9.00,1,0,0,0,0,0,1.0,2,1,1,0,0,1,0,3.00,.500
Todd T Frazier,NYM,0,0,0.00,1,0,0,0,0,0,1.0,0,0,0,0,0,0,1,0.00,.000
Cory C Gearrin,MIN,0,0,0.00,1,0,0,0,0,0,2.0,0,0,0,0,0,2,1,1.00,.000
Foster F Griffin,KC,1,0,0.00,1,0,0,0,0,0,1.2,0,0,0,0,0,0,1,0.00,.000
Luis L Guillorme,NYM,0,0,0.00,1,0,0,0,0,0,1.0,0,0,0,0,0,0,0,0.00,.000
Jorge J Guzman,MIA,0,0,18.00,1,0,0,0,0,0,1.0,2,2,2,2,1,1,0,3.00,.400
Jedd J Gyorko,MIL,0,0,0.00,1,0,0,0,0,0,1.0,1,0,0,0,0,0,0,1.00,.250
Cole C Hamels,ATL,0,1,8.10,1,1,0,0,0,0,3.1,3,3,3,0,0,1,2,1.20,.250
Tyler T Heineman,SF,0,0,0.00,1,0,0,0,0,0,1.0,1,0,0,0,0,0,0,1.00,.333
Bryan B Holaday,BAL,0,0,0.00,1,0,0,0,0,0,0.1,2,0,0,0,0,0,0,6.00,.667
Jordan J Holloway,MIA,0,0,0.00,1,0,0,0,0,0,0.1,2,0,0,0,0,1,0,9.00,.667
Clay C Holmes,PIT,0,0,0.00,1,0,0,0,0,0,1.1,2,0,0,0,0,0,1,1.50,.333
Daulton D Jefferies,OAK,0,1,22.50,1,1,0,0,0,0,2.0,5,5,5,2,0,2,1,3.50,.455
Ariel A Jurado,NYM,0,0,11.25,1,1,0,0,0,0,4.0,9,5,5,1,0,0,2,2.25,.450
Tommy T Kahnle,NYY,0,0,0.00,1,0,0,0,0,0,1.0,1,0,0,0,0,1,3,2.00,.200
Carson C Kelly,ARI,0,0,0.00,1,0,0,0,0,0,1.0,1,0,0,0,0,0,0,1.00,.250
Corey C Kluber,TEX,0,0,0.00,1,1,0,0,0,0,1.0,0,0,0,0,0,1,1,1.00,.000
Tzu- Wei T Lin L,BOS,0,0,27.00,1,0,0,0,0,0,1.0,4,3,3,1,0,0,0,4.00,.571
Mauricio M Llovera,PHI,0,0,36.00,1,0,0,0,0,0,1.0,5,4,4,0,1,1,1,6.00,.625
Tim T Lopes,SEA,0,0,18.00,1,0,0,0,0,0,1.0,2,2,2,0,0,1,0,3.00,.500
Richard R Lovelady,KC,0,0,9.00,1,0,0,0,0,0,1.0,1,1,1,1,0,1,0,2.00,.333
Tyler T Lyons,NYY,0,0,21.60,1,0,0,0,0,0,1.2,3,4,4,0,1,1,0,2.40,.375
Brailyn Márquez Marquez,CHC,0,0,67.50,1,0,0,0,0,0,0.2,2,5,5,0,0,3,1,7.50,.500
David D Mc Kay,DET,0,0,54.00,1,0,0,0,0,0,0.1,1,2,2,1,0,1,0,6.00,.500
Adonis A Medina,PHI,0,1,4.50,1,1,0,0,0,0,4.0,3,2,2,0,0,3,4,1.50,.200
John Ryan J Murphy,PIT,0,0,0.00,1,0,0,0,0,0,1.0,0,0,0,0,0,0,0,0.00,.000
Kyle K Nelson,CLE,0,0,54.00,1,0,0,0,0,0,0.2,3,4,4,1,0,1,0,6.00,.600
Jose J Peraza,BOS,0,0,27.00,1,0,0,0,0,0,0.1,2,1,1,0,0,0,0,6.00,.667
Hector H Perez,TOR,0,0,10.80,1,0,0,0,0,0,1.2,3,2,2,1,0,3,1,3.60,.429
Dillon D Peters,LAA,0,0,16.20,1,1,0,0,0,0,1.2,3,4,3,2,0,0,2,1.80,.333
Kevin K Plawecki,BOS,0,0,0.00,1,0,0,0,0,0,0.2,0,0,0,0,0,1,0,1.50,.000
Roel R Ramírez Ramirez,STL,0,0,81.00,1,0,0,0,0,0,0.2,6,6,6,4,0,1,1,10.50,.857
Jose J Rodriguez,LAA,0,0,0.00,1,0,0,0,0,0,1.2,2,0,0,0,0,1,0,1.80,.286
Chris C Rusin,ATL,0,0,8.10,1,0,0,0,0,0,3.1,6,3,3,1,0,3,3,2.70,.429
Yolmer Y Sánchez,CWS,0,0,9.00,1,0,0,0,0,0,1.0,2,1,1,1,0,0,0,2.00,.500
Max M Schrock,STL,0,0,0.00,1,0,0,0,0,0,1.0,0,0,0,0,0,0,0,0.00,.000
Justin J Verlander,HOU,1,0,3.00,1,1,0,0,0,0,6.0,3,2,2,2,0,1,7,0.67,.150
Neil N Walker,PHI,0,0,0.00,1,0,0,0,0,0,0.2,0,0,0,0,0,1,0,1.50,.000
Patrick P Weigel,ATL,0,0,27.00,1,0,0,0,0,0,0.2,2,2,2,0,0,3,0,7.50,.667
Brad B Wieck,CHC,0,0,18.00,1,0,0,0,0,0,1.0,1,2,2,1,0,1,2,2.00,.250
