PLAYER,TEAM,W,L,ERA,GS,CG,SHO,SV,SVO,IP,H,R,ER,HR,HB,BB,SO,WHIP,AVG
Sean S Runyan,DET,1,4,3.58,88,0,0,0,1,1,50.1,47,23,20,7,2,28,39,1.49,.255
Paul P Quantrill,TOR,3,4,2.59,82,0,0,0,7,7,80.0,88,26,23,5,3,22,59,1.38,.285
Rod R Beck,CHC,3,4,3.02,81,0,0,0,51,51,80.1,86,33,27,11,2,20,81,1.32,.269
Greg G Swindell,BOS,5,6,3.59,81,0,0,0,2,2,90.1,92,40,36,13,3,31,63,1.36,.267
Eddie E Guardado,MIN,3,1,4.52,79,0,0,0,0,0,65.2,66,34,33,10,0,28,53,1.43,.265
Steve S Kline,MON,3,6,2.76,78,0,0,0,1,1,71.2,62,25,22,4,3,41,76,1.44,.228
Chuck C Mc Elroy,COL,6,4,2.90,78,0,0,0,2,2,68.1,68,23,22,3,0,24,61,1.35,.268
Robb R Nen,SF,7,7,1.52,78,0,0,0,40,40,88.2,59,21,15,4,1,25,110,0.95,.180
Dan D Plesac,TOR,4,3,3.78,78,0,0,0,4,4,50.0,41,23,21,4,1,16,55,1.14,.224
Anthony A Telford,MON,3,6,3.86,77,0,0,0,1,1,91.0,85,45,39,9,4,36,59,1.33,.247
Mike M Trombley,MIN,6,5,3.63,77,1,0,0,1,1,96.2,90,41,39,16,5,41,89,1.36,.248
Jose J Mesa,SF,8,7,4.57,76,0,0,0,1,1,84.2,91,50,43,8,4,38,63,1.52,.273
Buddy B Groom,OAK,3,1,4.24,75,0,0,0,0,0,57.1,62,30,27,4,1,20,36,1.43,.274
Kerry K Ligtenberg,ATL,3,2,2.71,75,0,0,0,30,30,73.0,51,24,22,6,0,24,79,1.03,.193
Dennis D Cook,NYM,8,4,2.38,73,0,0,0,1,1,68.0,60,21,18,5,3,27,79,1.28,.240
Tom T Gordon,BOS,7,4,2.72,73,0,0,0,46,46,79.1,55,24,24,2,0,25,78,1.01,.191
Scott S Service,KC,6,4,3.48,73,0,0,0,4,4,82.2,70,35,32,7,9,34,95,1.26,.231
Jeff J Shaw,LA,3,8,2.12,73,0,0,0,48,48,85.0,75,22,20,8,1,19,55,1.11,.240
Alan A Mills,BAL,3,4,3.74,72,0,0,0,2,2,77.0,55,32,32,8,1,50,57,1.36,.203
Bob B Wickman,MIL,6,9,3.72,72,0,0,0,25,25,82.1,79,38,34,5,4,39,71,1.43,.262
Armando A Benitez,BAL,5,6,3.82,71,0,0,0,22,22,68.1,48,29,29,10,4,39,87,1.27,.199
Wayne W Gomes,PHI,9,6,4.24,71,0,0,0,1,1,93.1,94,48,44,9,3,35,86,1.38,.258
Felix F Heredia,CHC,3,3,5.06,71,2,0,0,2,2,58.2,57,39,33,2,1,38,54,1.62,.252
John J Johnstone,SF,6,5,3.07,70,0,0,0,0,0,88.0,72,32,30,10,1,38,86,1.25,.224
Terry T Mulholland,CHC,6,5,2.89,70,6,0,0,3,3,112.0,100,49,36,7,4,39,72,1.24,.235
Mike M Myers,MIL,2,2,2.70,70,0,0,0,1,1,50.0,44,19,15,5,6,22,40,1.32,.249
Steve S Reed,CLE,4,3,3.14,70,0,0,0,1,1,80.1,56,29,28,8,5,27,73,1.03,.194
Billy B Taylor,OAK,4,9,3.58,70,0,0,0,33,33,73.0,71,37,29,7,3,22,58,1.27,.255
Mike M Timlin,SEA,3,3,2.95,70,0,0,0,19,19,79.1,78,26,26,5,3,16,60,1.18,.264
Matt M Whisenant,KC,2,1,4.90,70,0,0,0,2,2,60.2,61,37,33,3,3,33,45,1.55,.271
Paul P Assenmacher,CLE,2,5,3.26,69,0,0,0,3,3,47.0,54,22,17,5,1,19,43,1.55,.286
John J Frascatore,STL,3,4,4.14,69,0,0,0,0,0,95.2,95,48,44,11,3,36,49,1.37,.256
Michael M Jackson,CLE,1,1,1.55,69,0,0,0,40,40,64.0,43,11,11,4,4,13,55,0.88,.195
Doug D Jones,CLE,4,6,4.54,69,0,0,0,13,13,85.1,99,44,43,17,4,17,71,1.36,.292
Mark M Leiter,PHI,7,5,3.55,69,0,0,0,23,23,88.2,67,36,35,8,8,47,84,1.29,.216
Jesse J Orosco,BAL,4,1,3.18,69,0,0,0,7,7,56.2,46,20,20,6,1,28,50,1.31,.221
Jerry J Spradlin,PHI,4,4,3.53,69,0,0,0,1,1,81.2,63,34,32,9,2,20,76,1.02,.216
Gabe G White,CIN,5,5,4.01,69,3,0,0,9,9,98.2,86,46,44,17,1,27,83,1.15,.231
Rick R Aguilera,MIN,4,9,4.24,68,0,0,0,38,38,74.1,75,35,35,8,1,15,57,1.21,.262
Jerry J Dipoto,COL,3,4,3.53,68,0,0,0,19,19,71.1,61,31,28,8,3,25,49,1.21,.232
Eric E Gunderson,TEX,0,3,5.19,68,1,0,0,0,0,67.2,88,43,39,13,1,19,41,1.58,.315
Jim J Mecir,TB,7,2,3.11,68,0,0,0,0,0,84.0,68,30,29,6,3,33,77,1.20,.225
Rich R Rodriguez,SF,4,0,3.70,68,0,0,0,2,2,65.2,69,28,27,7,0,20,44,1.36,.272
Roberto R Hernandez,TB,2,6,4.04,67,0,0,0,26,26,71.1,55,33,32,5,5,41,55,1.35,.212
Dan D Miceli,SD,10,5,3.22,67,0,0,0,2,2,72.2,64,28,26,6,1,27,70,1.25,.238
Troy T Percival,ANA,2,7,3.65,67,0,0,0,42,42,66.2,45,31,27,5,3,37,87,1.23,.186
Mike M Stanton,NYY,4,1,5.47,67,0,0,0,6,6,79.0,71,51,48,13,4,26,69,1.23,.239
Scott S Sullivan,CIN,5,5,5.21,67,0,0,0,1,1,102.0,98,62,59,14,9,36,86,1.31,.253
Trevor T Hoffman,SD,4,2,1.48,66,0,0,0,53,53,73.0,41,12,12,2,1,21,86,0.85,.165
Curt C Leskanic,COL,6,4,4.40,66,0,0,0,2,2,75.2,75,37,37,9,1,40,55,1.52,.259
T. J. T Mathews,OAK,7,4,4.58,66,0,0,0,1,1,72.2,71,44,37,6,4,29,53,1.38,.258
Turk T Wendell,NYM,5,1,2.93,66,0,0,0,4,4,76.2,62,25,25,4,2,33,58,1.24,.221
Todd T Jones,DET,1,4,4.97,65,0,0,0,28,28,63.1,58,38,35,7,2,36,57,1.48,.249
Lance L Painter,STL,4,0,3.99,65,0,0,0,1,1,47.1,42,24,21,5,4,28,39,1.48,.249
Tim T Crabtree,TEX,6,1,3.59,64,0,0,0,0,0,85.1,86,40,34,3,3,35,60,1.42,.264
Greg G Mc Michael,NYM,5,4,4.10,64,0,0,0,2,2,68.0,81,39,31,9,4,35,55,1.71,.301
Gregg G Olson,ARI,3,4,3.01,64,0,0,0,30,30,68.2,56,25,23,4,1,25,55,1.18,.223
Ugueth U Urbina,MON,6,3,1.30,64,0,0,0,34,34,69.1,37,11,10,2,0,33,94,1.01,.157
Esteban E Yan,TB,5,4,3.86,64,0,0,0,1,1,88.2,78,41,38,11,5,41,77,1.34,.236
Terry T Adams,CHC,7,7,4.33,63,0,0,0,1,1,72.2,72,39,35,7,1,41,73,1.56,.255
Hector H Carrasco,MIN,4,2,4.38,63,0,0,0,1,1,61.2,75,30,30,4,1,31,46,1.72,.304
Derek D Lowe,BOS,3,9,4.02,63,10,0,0,4,4,123.0,126,65,55,5,4,42,77,1.37,.267
Eric E Plunk,MIL,4,3,4.33,63,0,0,0,1,1,72.2,77,37,35,9,5,30,74,1.47,.277
Dave D Veres,COL,3,1,2.83,63,0,0,0,8,8,76.1,67,26,24,6,2,27,74,1.23,.233
John J Wetteland,TEX,3,1,2.03,63,0,0,0,42,42,62.0,47,17,14,6,0,14,72,0.98,.203
Bobby B Ayala,SEA,1,10,7.29,62,0,0,0,8,8,75.1,100,66,61,9,1,26,68,1.67,.323
Shayne S Bennett,MON,5,5,5.50,62,0,0,0,1,1,91.2,97,61,56,8,6,45,59,1.55,.276
Danny D Graves,CIN,2,1,3.32,62,0,0,0,8,8,81.1,76,31,30,6,2,28,44,1.28,.252
Randy R Myers,SD,4,7,4.92,62,0,0,0,28,28,56.2,59,31,31,6,2,26,41,1.50,.267
Jay J Powell,HOU,7,7,3.33,62,0,0,0,7,7,70.1,58,28,26,6,3,37,62,1.35,.225
Scott S Radinsky,LA,6,6,2.63,62,0,0,0,13,13,61.2,63,21,18,5,4,20,45,1.35,.272
Rich R De Lucia,ANA,2,6,4.27,61,0,0,0,3,3,71.2,56,36,34,10,3,46,73,1.42,.221
John J Franco,NYM,0,8,3.62,61,0,0,0,38,38,64.2,66,28,26,4,4,29,59,1.47,.267
Shigetoshi S Hasegawa,ANA,8,3,3.14,61,0,0,0,5,5,97.1,86,37,34,14,2,32,73,1.21,.241
Matt M Karchner,CHC,5,5,5.15,61,0,0,0,11,11,64.2,63,39,37,8,7,33,52,1.48,.253
Doug D Brocail,DET,5,2,2.73,60,0,0,0,0,0,62.2,47,23,19,2,1,18,55,1.04,.211
Jason J Christiansen,PIT,3,3,2.51,60,0,0,0,6,6,64.2,51,22,18,2,0,27,71,1.21,.216
Mike M Fetters,ANA,2,8,4.30,60,0,0,0,5,5,58.2,62,34,28,5,1,25,43,1.48,.267
Ricardo R Rincon,PIT,0,2,2.91,60,0,0,0,14,14,65.0,50,31,21,6,0,29,64,1.22,.208
Bill B Simas,CWS,4,3,3.57,60,0,0,0,18,18,70.2,54,29,28,12,1,22,56,1.08,.206
Julian J Tavarez,SF,5,3,3.80,60,0,0,0,1,1,85.1,96,41,36,5,8,36,52,1.55,.298
Jim J Corsi,BOS,3,2,2.59,59,0,0,0,0,0,66.0,58,23,19,6,1,23,49,1.23,.235
Vic V Darensbourg,FLA,0,7,3.68,59,0,0,0,1,1,71.0,52,29,29,5,0,30,74,1.15,.207
Mike M De Jean,COL,3,1,3.03,59,1,0,0,2,2,74.1,78,29,25,4,1,24,27,1.37,.285
Doug D Henry,HOU,8,2,3.04,59,0,0,0,2,2,71.0,55,25,24,9,0,35,59,1.27,.216
Antonio A Alfonseca,FLA,4,6,4.08,58,0,0,0,8,8,70.2,75,36,32,10,3,33,46,1.53,.281
John J Hudek,CIN,5,6,3.09,58,0,0,0,0,0,64.0,50,27,22,8,4,47,68,1.52,.219
Billy B Wagner,HOU,4,3,2.70,58,0,0,0,30,30,60.0,46,19,18,6,0,25,97,1.18,.211
Mike M Mohler,OAK,3,3,5.16,57,0,0,0,0,0,61.0,70,38,35,6,4,26,42,1.57,.289
Yorkis Y Perez,PHI,0,2,3.81,57,0,0,0,0,0,52.0,40,23,22,3,0,25,42,1.25,.209
Heathcliff H Slocumb,SEA,2,5,5.32,57,0,0,0,3,3,67.2,72,40,40,5,1,44,51,1.71,.275
Miguel M Batista,MON,3,5,3.80,56,13,0,0,0,0,135.0,141,66,57,12,6,65,92,1.53,.274
Brian B Boehringer,SD,5,2,4.36,56,1,0,0,0,0,76.1,75,38,37,10,4,45,67,1.57,.257
Jeff J Montgomery,KC,2,5,4.98,56,0,0,0,36,36,56.0,58,35,31,8,2,22,54,1.43,.264
Danny D Patterson,TEX,2,5,4.45,56,0,0,0,2,2,60.2,64,31,30,11,2,19,33,1.37,.274
Alan A Embree,ARI,4,2,4.19,55,0,0,0,1,1,53.2,56,32,25,7,1,23,43,1.47,.269
Carlos C Castillo,CWS,6,4,5.11,54,2,0,0,0,0,100.1,94,61,57,17,5,35,64,1.29,.246
Keith K Foulke,CWS,3,2,4.13,54,0,0,0,1,1,65.1,51,31,30,9,4,20,57,1.09,.213
Rich R Loiselle,PIT,2,7,3.44,54,0,0,0,19,19,55.0,56,26,21,2,2,36,48,1.67,.262
Albie A Lopez,TB,7,4,2.60,54,0,0,0,1,1,79.2,73,31,23,7,3,32,62,1.32,.249
Antonio A Osuna,LA,7,1,3.06,54,0,0,0,6,6,64.2,50,26,22,8,2,32,72,1.27,.214
Mariano M Rivera,NYY,3,0,1.91,54,0,0,0,36,36,61.1,48,13,13,3,1,17,36,1.06,.215
Brian B Edmondson,FLA,4,4,3.91,53,0,0,0,0,0,76.0,76,38,33,10,3,37,40,1.49,.266
Mark M Guthrie,LA,2,1,3.50,53,0,0,0,0,0,54.0,56,26,21,3,2,24,45,1.48,.267
Mike M Holtz,ANA,2,2,4.75,53,0,0,0,1,1,30.1,38,16,16,0,1,15,29,1.75,.322
Dennis D Martinez,ATL,4,6,4.45,53,5,1,1,2,2,91.0,109,53,45,8,3,19,62,1.41,.295
Paul P Spoljaric,SEA,4,6,6.48,53,6,0,0,0,0,83.1,85,67,60,14,1,55,89,1.68,.263
Doug D Bochtler,DET,0,2,6.15,51,0,0,0,0,0,67.1,73,48,46,17,3,42,45,1.71,.279
Mike M Maddux,MON,3,4,3.72,51,0,0,0,1,1,55.2,50,24,23,3,1,15,33,1.17,.243
Juan J Acevedo,STL,8,3,2.56,50,9,0,0,15,15,98.1,83,30,28,7,4,29,56,1.14,.236
Greg G Cadaret,TEX,1,2,4.23,50,0,0,0,1,1,44.2,49,21,21,7,3,18,42,1.50,.274
Dennis D Eckersley,BOS,4,1,4.76,50,0,0,0,1,1,39.2,46,21,21,6,2,8,22,1.36,.291
Graeme G Lloyd,NYY,3,0,1.67,50,0,0,0,0,0,37.2,26,10,7,3,2,6,20,0.85,.191
Al A Reyes,MIL,5,1,3.95,50,0,0,0,0,0,57.0,55,26,25,9,2,31,58,1.51,.255
Mel M Rojas,NYM,5,2,6.05,50,0,0,0,2,2,58.0,68,39,39,9,3,30,41,1.69,.305
Norm N Charlton,ATL,2,1,5.44,49,0,0,0,1,1,48.0,53,29,29,5,1,33,47,1.79,.275
Chad C Fox,MIL,1,4,3.95,49,0,0,0,0,0,57.0,56,27,25,4,1,20,64,1.33,.260
Pep P Harris,ANA,3,1,4.35,49,0,0,0,0,0,60.0,55,32,29,7,0,23,34,1.30,.239
Scott S Aldred,TB,0,0,3.73,48,0,0,0,0,0,31.1,33,13,13,1,2,12,21,1.44,.280
Jeff J Brantley,STL,0,5,4.44,48,0,0,0,14,14,50.2,40,26,25,12,1,18,48,1.14,.220
Mike M Magnante,HOU,4,7,4.88,48,0,0,0,2,2,51.2,56,28,28,2,4,26,39,1.59,.276
Mark M Petkovsek,STL,7,4,4.77,48,10,0,0,0,0,105.2,131,63,56,9,8,36,55,1.58,.312
Russ R Springer,ATL,5,4,4.10,48,0,0,0,0,0,52.2,51,26,24,4,1,30,56,1.54,.258
John J Rocker,ATL,1,3,2.13,47,0,0,0,2,2,38.0,22,10,9,4,3,22,42,1.16,.172
Aaron A Small,ARI,4,2,5.59,47,0,0,0,0,0,67.2,83,48,42,8,4,22,33,1.55,.305
John J Wasdin,BOS,6,4,5.25,47,8,0,0,0,0,96.0,111,57,56,14,2,27,59,1.44,.288
Scott S Bailes,TEX,1,0,6.47,46,0,0,0,0,0,40.1,61,33,29,5,0,11,30,1.79,.351
Xavier X Hernandez,TEX,6,6,3.57,46,0,0,0,1,1,58.0,43,27,23,5,1,30,41,1.26,.207
Carlos C Reyes,BOS,3,3,3.55,46,0,0,0,1,1,66.0,58,26,26,6,3,20,47,1.18,.242
Donne D Wall,SD,5,4,2.43,46,1,0,0,1,1,70.1,50,20,19,6,1,32,56,1.17,.202
Jeff J Nelson,NYY,5,3,3.79,45,0,0,0,3,3,40.1,44,18,17,1,8,22,35,1.64,.278
Arthur A Rhodes,BAL,4,4,3.51,45,0,0,0,4,4,77.0,65,30,30,8,1,34,83,1.29,.233
Clint C Sodowsky,ARI,3,6,5.68,45,6,0,0,0,0,77.2,86,56,49,5,7,39,42,1.61,.283
Kent K Bottenfield,STL,4,6,4.44,44,17,0,0,4,4,133.2,128,72,66,13,4,57,98,1.38,.254
Bob B Howry,CWS,0,3,3.15,44,0,0,0,9,9,54.1,37,20,19,7,2,19,51,1.03,.194
Bill B Risley,TOR,3,4,5.27,44,0,0,0,0,0,54.2,52,37,32,7,4,34,42,1.57,.259
David D Weathers,MIL,6,5,4.91,44,9,0,0,0,0,110.0,130,69,60,6,3,41,94,1.55,.295
Elmer E Dessens,PIT,2,6,5.67,43,5,0,0,0,0,74.2,90,50,47,10,0,25,43,1.54,.300
C. J. C Nitkowski,HOU,3,3,3.77,43,0,0,0,3,3,59.2,49,27,25,4,6,23,44,1.21,.228
Marc M Pisciotta,CHC,1,2,4.09,43,0,0,0,0,0,44.0,44,21,20,4,2,32,31,1.73,.259
Felix F Rodriguez,ARI,0,2,6.14,43,0,0,0,5,5,44.0,44,31,30,5,1,29,36,1.66,.259
Paul P Shuey,CLE,5,4,3.00,43,0,0,0,2,2,51.0,44,19,17,6,3,25,58,1.35,.229
Tim T Worrell,OAK,2,7,5.24,43,9,0,0,0,0,103.0,106,62,60,16,1,29,82,1.31,.262
Matt M Anderson,DET,5,1,3.27,42,0,0,0,0,0,44.0,38,16,16,3,2,31,44,1.57,.250
Willie W Banks,ARI,2,3,4.81,42,0,0,0,1,1,58.0,54,37,31,6,2,37,40,1.57,.247
Jim J Bruske,NYY,4,0,3.45,42,1,0,0,1,1,60.0,66,25,23,5,3,24,38,1.50,.277
Bryce B Florie,DET,8,9,4.80,42,16,0,0,0,0,133.0,141,80,71,16,4,59,97,1.50,.275
Matt M Mantei,FLA,3,4,2.96,42,0,0,0,9,9,54.2,38,19,18,1,7,23,63,1.12,.203
Rick R Croushore,STL,0,3,4.97,41,0,0,0,8,8,54.1,44,31,30,6,4,29,47,1.34,.213
Tony T Fossas,TEX,1,3,5.96,41,0,0,0,0,0,22.2,30,15,15,1,0,16,23,2.03,.330
Ramiro R Mendoza,NYY,10,2,3.25,41,14,1,1,1,1,130.1,131,50,47,9,9,30,56,1.24,.264
Kirt K Ojala,FLA,2,7,4.25,41,13,1,0,0,0,125.0,128,71,59,14,4,59,75,1.50,.267
Amaury A Telemaco,ARI,7,10,3.93,41,18,0,0,0,0,148.2,150,75,65,18,4,46,78,1.32,.262
Stan S Belinda,CIN,4,8,3.23,40,0,0,0,1,1,61.1,46,23,22,7,1,28,57,1.21,.212
Alvin A Morman,SF,0,2,5.28,40,0,0,0,0,0,29.0,33,17,17,5,0,14,23,1.62,.292
Mike M Munoz,COL,2,2,5.66,40,0,0,0,3,3,41.1,53,32,26,2,1,16,24,1.67,.312
Brian B Bevil,KC,3,1,6.30,39,0,0,0,0,0,40.0,47,29,28,4,3,22,47,1.73,.283
Brian B Bohanon,LA,7,11,2.67,39,18,2,0,0,0,151.2,121,56,45,13,11,57,111,1.17,.220
Ricky R Bottalico,PHI,1,5,6.44,39,0,0,0,6,6,43.1,54,31,31,7,1,25,27,1.82,.305
Sterling S Hitchcock,SD,9,7,3.93,39,27,2,1,1,1,176.1,169,83,77,29,9,48,158,1.23,.251
Chris C Peters,PIT,8,10,3.47,39,21,1,0,1,1,148.0,142,63,57,13,3,55,103,1.33,.252
Jim J Pittsley,KC,1,1,6.59,39,2,0,0,0,0,68.1,88,56,50,13,2,37,44,1.83,.322
Chris C Haney,CHC,6,6,7.04,38,12,0,0,0,0,102.1,128,82,80,20,5,37,55,1.61,.309
Jim J Poole,CLE,1,3,5.26,38,0,0,0,0,0,39.1,47,24,23,5,1,12,27,1.50,.301
Jose J Rosado,KC,8,11,4.69,38,25,2,1,1,1,174.2,180,106,91,25,5,57,135,1.36,.260
Rob R Stanifer,FLA,2,4,5.63,38,0,0,0,1,1,48.0,54,33,30,5,0,22,30,1.58,.277
Rick R White,TB,2,6,3.80,38,3,0,0,0,0,68.2,66,32,29,8,2,23,39,1.30,.253
James J Baldwin,CWS,13,6,5.32,37,24,1,0,0,0,159.0,176,103,94,18,10,60,108,1.48,.278
Javier J Martinez,PIT,0,1,4.83,37,0,0,0,0,0,41.0,39,32,22,5,4,34,42,1.78,.248
Trever T Miller,HOU,2,0,3.04,37,1,0,0,1,1,53.1,57,21,18,4,1,20,30,1.44,.266
Jaime J Navarro,CWS,8,16,6.36,37,27,1,0,1,1,172.2,223,135,122,30,7,77,71,1.74,.315
Omar O Olivares,ANA,9,9,4.03,37,26,1,0,0,0,183.0,189,92,82,19,5,91,112,1.53,.270
Pete P Smith,BAL,5,5,5.50,37,12,0,0,0,0,88.1,102,54,54,12,3,34,65,1.54,.290
Jeff J Tabaka,PIT,2,2,3.02,37,0,0,0,0,0,50.2,37,19,17,6,5,22,40,1.16,.204
Mike M Williams,PIT,4,2,1.94,37,1,0,0,0,0,51.0,39,12,11,1,0,16,59,1.08,.211
Kevin K Brown,SD,18,7,2.38,36,35,7,3,0,0,257.0,225,77,68,8,10,49,257,1.07,.235
Mike M Cather,ATL,2,2,3.92,36,0,0,0,0,0,41.1,39,21,18,7,2,12,33,1.23,.255
Scott S Erickson,BAL,16,13,4.01,36,36,11,2,0,0,251.1,284,125,112,23,13,69,186,1.40,.281
Darryl D Kile,COL,13,17,5.20,36,35,4,1,0,0,230.1,257,141,133,28,7,96,158,1.53,.287
Curtis C King,STL,2,0,3.53,36,0,0,0,2,2,51.0,50,20,20,5,3,20,28,1.37,.262
Tim T Wakefield,BOS,17,8,4.58,36,33,2,0,0,0,216.0,211,123,110,30,14,79,146,1.34,.252
Pedro P Astacio,COL,13,14,6.23,35,34,0,0,0,0,209.1,245,160,145,39,17,74,170,1.52,.294
Bobby B Jones,COL,7,8,5.22,35,20,1,0,0,0,141.1,153,87,82,12,6,66,109,1.55,.282
Esteban E Loaiza,TEX,9,11,5.16,35,28,1,0,0,0,171.0,199,107,98,28,5,52,108,1.47,.295
Mike M Remlinger,CIN,8,15,4.82,35,28,1,1,0,0,164.1,164,96,88,23,5,87,144,1.53,.266
Shane S Reynolds,HOU,19,8,3.51,35,35,3,1,0,0,233.1,257,99,91,25,2,53,209,1.33,.280
Jesus J Sanchez,FLA,7,9,4.47,35,29,0,0,0,0,173.0,178,98,86,18,4,91,137,1.55,.272
Julio J Santana,TB,5,6,4.39,35,19,1,0,0,0,145.2,151,77,71,18,5,62,61,1.46,.272
Curt C Schilling,PHI,15,14,3.25,35,35,15,2,0,0,268.2,236,101,97,23,6,61,300,1.11,.236
Kevin K Tapani,CHC,19,9,4.85,35,34,2,2,0,0,219.0,244,120,118,30,5,62,136,1.40,.284
Steve S Avery,BOS,10,7,5.02,34,23,0,0,0,0,123.2,128,74,69,14,4,64,57,1.55,.269
Tim T Belcher,KC,14,14,4.27,34,34,2,0,0,0,234.0,247,127,111,37,7,73,130,1.37,.272
Andy A Benes,ARI,14,13,3.97,34,34,1,0,0,0,231.1,221,111,102,25,6,74,164,1.28,.251
Willie W Blair,NYM,5,16,4.98,34,25,0,0,0,0,175.1,188,101,97,31,4,61,92,1.42,.282
Chuck C Finley,ANA,11,9,3.39,34,34,1,1,0,0,223.1,210,97,84,20,6,109,212,1.43,.246
Joey J Hamilton,SD,13,13,4.27,34,34,0,0,0,0,217.1,220,113,103,15,8,106,147,1.50,.267
Orel O Hershiser,SF,11,10,4.41,34,34,0,0,0,0,202.0,200,105,99,22,13,85,126,1.41,.259
Darren D Holmes,NYY,0,3,3.33,34,0,0,0,2,2,51.1,53,19,19,4,2,14,31,1.31,.270
Randy R Johnson,HOU,19,11,3.28,34,34,10,6,0,0,244.1,203,102,89,23,14,86,329,1.18,.224
Greg G Maddux,ATL,18,9,2.22,34,34,9,5,0,0,251.0,201,75,62,13,7,45,204,0.98,.220
Jamie J Moyer,SEA,15,9,3.53,34,34,4,3,0,0,234.1,234,99,92,23,10,42,158,1.18,.256
Chan Ho C Park,LA,15,9,3.71,34,34,2,0,0,0,220.2,199,101,91,16,11,97,191,1.34,.244
Carlos C Perez,LA,11,14,3.59,34,34,7,2,0,0,241.0,244,109,96,21,3,63,128,1.27,.264
Kenny K Rogers,OAK,16,8,3.17,34,34,7,1,0,0,238.2,215,96,84,19,7,67,138,1.18,.242
Rudy R Seanez,ATL,4,1,2.75,34,0,0,0,2,2,36.0,25,13,11,2,1,16,50,1.14,.195
Justin J Thompson,DET,11,15,4.05,34,34,5,0,0,0,222.0,227,114,100,20,2,79,149,1.38,.267
Brett B Tomko,CIN,13,12,4.44,34,34,1,0,0,0,210.2,198,111,104,22,7,64,162,1.24,.247
Steve S Woodard,MIL,10,12,4.18,34,26,0,0,0,0,165.2,170,83,77,19,9,33,135,1.23,.264
Jamey J Wright,COL,9,14,5.67,34,34,1,0,0,0,206.1,235,143,130,24,11,95,86,1.60,.294
Andy A Ashby,SD,17,9,3.34,33,33,5,1,0,0,226.2,223,90,84,23,7,58,151,1.24,.259
Tom T Candiotti,OAK,11,16,4.84,33,33,3,0,0,0,201.0,222,124,108,30,9,63,98,1.42,.281
Chris C Carpenter,TOR,12,7,4.37,33,24,1,1,0,0,175.0,177,97,85,18,5,61,136,1.36,.265
Mark M Clark,CHC,9,14,4.84,33,33,2,1,0,0,213.2,236,116,115,23,4,48,161,1.33,.278
Roger R Clemens,TOR,20,6,2.65,33,33,5,3,0,0,234.2,169,78,69,11,7,88,271,1.10,.198
Francisco F Cordova,PIT,13,14,3.31,33,33,3,2,0,0,220.1,204,91,81,22,3,69,157,1.24,.245
Omar O Daal,ARI,8,12,2.88,33,23,3,1,0,0,162.2,146,60,52,12,3,51,132,1.21,.245
Danny D Darwin,SF,8,10,5.51,33,25,0,0,0,0,148.2,176,97,91,23,3,49,81,1.51,.297
Scott S Eyre,CWS,3,8,5.38,33,17,0,0,0,0,107.0,114,78,64,24,2,64,73,1.66,.271
Mark M Gardner,SF,13,6,4.33,33,33,4,2,0,0,212.0,203,106,102,29,6,65,151,1.26,.253
Tom T Glavine,ATL,20,6,2.47,33,33,4,3,0,0,229.1,202,67,63,13,2,74,157,1.20,.238
Juan J Guzman,BAL,10,16,4.35,33,33,2,0,0,0,211.0,193,117,102,23,8,98,168,1.38,.240
La Troy L Hawkins,MIN,7,14,5.25,33,33,0,0,0,0,190.1,227,126,111,27,5,61,105,1.51,.299
Jimmy J Haynes,OAK,11,9,5.09,33,33,1,1,0,0,194.1,229,124,110,25,5,88,134,1.63,.298
Rick R Helling,TEX,20,7,4.41,33,33,4,2,0,0,216.1,209,109,106,27,1,78,164,1.33,.253
Livan L Hernandez,FLA,10,12,4.72,33,33,9,0,0,0,234.1,265,133,123,37,6,104,162,1.57,.289
Scott S Karl,MIL,10,11,4.40,33,33,0,0,0,0,192.1,219,104,94,21,4,66,102,1.48,.290
Jose J Lima,HOU,16,8,3.70,33,33,3,1,0,0,233.1,229,100,96,34,7,32,169,1.12,.256
Pedro P Martinez,BOS,19,7,2.89,33,33,3,2,0,0,233.2,188,82,75,26,8,67,251,1.09,.217
Brian B Moehler,DET,14,13,3.90,33,33,4,3,0,0,221.1,220,103,96,30,2,56,123,1.25,.260
Charles C Nagy,CLE,15,10,5.22,33,33,2,0,0,0,210.1,250,139,122,34,9,66,120,1.50,.298
Bob B Patterson,CHC,1,1,7.52,33,0,0,0,1,1,20.1,36,20,17,2,0,12,17,2.36,.391
Andy A Pettitte,NYY,16,11,4.24,33,32,5,0,0,0,216.1,226,110,102,20,6,87,146,1.45,.274
Kirk K Rueter,SF,16,9,4.36,33,33,1,0,0,0,187.2,193,100,91,27,7,57,102,1.33,.265
Jason J Schmidt,PIT,11,14,4.07,33,33,0,0,0,0,214.1,228,106,97,24,4,71,158,1.40,.275
Aaron A Sele,TEX,19,11,4.23,33,33,3,2,0,0,212.2,239,116,100,14,13,84,167,1.52,.283
Mike M Sirotka,CWS,14,15,5.06,33,33,5,0,0,0,211.2,255,137,119,30,2,47,128,1.43,.300
Todd T Stottlemyre,TEX,14,13,3.74,33,33,3,0,0,0,221.2,214,107,92,25,4,81,204,1.33,.252
Steve S Trachsel,CHC,15,8,4.46,33,33,1,0,0,0,208.0,204,107,103,27,8,84,149,1.38,.260
Javier J Vazquez,MON,5,15,6.06,33,32,0,0,0,0,172.1,196,121,116,31,11,68,139,1.53,.292
Brian B Anderson,ARI,12,13,4.33,32,32,2,1,0,0,208.0,221,109,100,39,4,24,95,1.18,.274
Rolando R Arrojo,TB,14,12,3.56,32,32,2,2,0,0,202.0,195,84,80,21,19,65,152,1.29,.256
Ricky R Bones,KC,2,2,3.04,32,0,0,0,1,1,53.1,49,18,18,4,1,24,38,1.37,.244
Dave D Burba,CLE,15,10,4.11,32,31,0,0,0,0,203.2,210,100,93,30,7,69,132,1.37,.269
John J Burkett,TEX,9,13,5.68,32,32,0,0,0,0,195.0,230,131,123,19,8,46,131,1.42,.292
Dean D Crow,DET,2,2,3.94,32,0,0,0,0,0,45.2,55,22,20,6,2,16,18,1.55,.313
Darren D Dreifort,LA,8,12,4.00,32,26,1,1,0,0,180.0,171,84,80,12,10,57,168,1.27,.256
Jeff J Fassero,SEA,13,12,3.97,32,32,7,0,0,0,224.2,223,115,99,33,10,66,176,1.29,.259
Mike M Hampton,HOU,11,7,3.36,32,32,1,1,0,0,211.2,227,92,79,18,5,81,137,1.46,.278
Pete P Harnisch,CIN,14,7,3.14,32,32,2,1,0,0,209.0,176,79,73,24,6,64,157,1.15,.228
Dustin D Hermanson,MON,14,11,3.13,32,30,1,0,0,0,187.0,163,80,65,21,3,56,154,1.17,.234
Jeff J Juden,ANA,8,14,5.80,32,30,2,0,0,0,178.1,182,123,115,27,12,84,148,1.49,.264
Eric E Milton,MIN,8,14,5.64,32,32,1,0,0,0,172.1,195,113,108,25,2,70,107,1.54,.282
Denny D Neagle,ATL,16,11,3.55,32,31,5,2,0,0,210.1,196,91,83,25,6,60,165,1.22,.250
Bronswell B Patrick,MIL,4,1,4.69,32,3,0,0,0,0,78.2,83,43,41,9,0,29,49,1.42,.279
Brad B Radke,MIN,12,14,4.30,32,32,5,1,0,0,213.2,238,109,102,23,9,43,146,1.32,.283
Pat P Rapp,KC,12,13,5.30,32,32,1,1,0,0,188.1,208,117,111,24,10,107,132,1.67,.285
Woody W Williams,TOR,10,9,4.46,32,32,1,1,0,0,209.2,196,112,104,36,2,81,151,1.32,.245
Jaret J Wright,CLE,12,10,4.72,32,32,1,1,0,0,192.2,207,109,101,22,11,87,140,1.53,.277
Sean S Bergman,HOU,12,9,3.72,31,27,1,0,0,0,172.0,183,81,71,20,5,42,100,1.31,.268
Bartolo B Colon,CLE,14,9,3.71,31,31,6,2,0,0,204.0,205,91,84,15,3,79,158,1.39,.260
David D Cone,NYY,20,7,3.55,31,31,3,0,0,0,207.2,186,89,82,20,15,59,209,1.18,.237
Doug D Johns,BAL,3,3,4.57,31,10,0,0,1,1,86.2,108,46,44,9,4,32,34,1.62,.321
Brian B Meadows,FLA,11,13,5.21,31,31,1,0,0,0,174.1,222,106,101,20,3,46,88,1.54,.315
Kevin K Millwood,ATL,17,8,4.08,31,29,3,1,0,0,174.1,175,86,79,18,3,56,163,1.33,.258
Mike M Oquist,OAK,7,11,6.22,31,29,0,0,0,0,175.0,210,125,121,27,5,57,112,1.53,.298
Sidney S Ponson,BAL,8,9,5.27,31,20,0,0,1,1,135.0,157,82,79,19,3,42,85,1.47,.293
Rick R Reed,NYM,16,11,3.48,31,31,2,1,0,0,212.1,208,84,82,30,6,29,153,1.12,.261
Bret B Saberhagen,BOS,15,8,3.96,31,31,0,0,0,0,175.0,181,82,77,22,6,29,100,1.20,.264
A. J. A Sager,DET,4,2,6.52,31,3,0,0,2,2,59.1,79,47,43,7,1,23,23,1.72,.325
Tony T Saunders,TB,6,15,4.12,31,31,2,0,0,0,192.1,191,95,88,15,7,111,172,1.57,.265
Dave D Stevens,CHC,1,2,4.74,31,0,0,0,0,0,38.0,42,20,20,6,1,17,31,1.55,.288
Don D Wengert,CHC,1,5,5.26,31,6,0,0,1,1,63.1,76,38,37,10,3,28,46,1.64,.297
Bobby B Witt,STL,7,9,6.56,31,18,0,0,0,0,116.2,150,94,85,21,2,53,58,1.74,.313
Brad B Woodall,MIL,7,9,4.96,31,20,0,0,0,0,138.0,145,81,76,25,6,47,85,1.39,.273
Ken K Cloude,SEA,8,10,6.37,30,30,0,0,0,0,155.1,187,116,110,29,3,80,114,1.72,.297
Rich R Garces,BOS,1,1,3.33,30,0,0,0,1,1,46.0,36,19,17,6,2,27,34,1.37,.213
Bobby B Jones,NYM,9,9,4.05,30,30,0,0,0,0,195.1,192,94,88,23,8,53,115,1.25,.262
Al A Levine,TEX,0,1,4.50,30,0,0,0,0,0,58.0,68,30,29,6,0,16,19,1.45,.294
Kent K Mercker,STL,11,11,5.07,30,29,0,0,0,0,161.2,199,99,91,11,3,53,72,1.56,.310
Dave D Mlicki,LA,8,7,4.57,30,30,3,1,0,0,181.1,188,102,92,23,7,63,117,1.38,.267
David D Wells,NYY,18,4,3.49,30,30,8,5,0,0,214.1,195,86,83,29,1,29,163,1.05,.239
Bob B Wells,SEA,2,2,6.10,30,0,0,0,0,0,51.2,54,38,35,12,2,16,29,1.35,.261
Chad C Bradford,CWS,2,1,3.23,29,0,0,0,1,1,30.2,27,16,11,0,0,7,11,1.11,.229
Tom T Fordham,CWS,1,2,6.75,29,5,0,0,0,0,48.0,51,36,36,7,1,42,23,1.94,.279
Pat P Hentgen,TOR,12,11,5.17,29,29,0,0,0,0,177.2,208,109,102,28,5,69,94,1.56,.293
Hideki H Irabu,NYY,13,9,4.06,29,28,2,1,0,0,173.0,148,79,78,27,9,76,126,1.29,.233
Jon J Lieber,PIT,8,14,4.11,29,28,2,0,1,1,171.0,182,93,78,23,3,40,138,1.30,.269
Ron R Mahay,BOS,1,1,3.46,29,0,0,0,1,1,26.0,26,16,10,2,2,15,14,1.58,.263
Greg G Mc Carthy,SEA,1,2,5.01,29,0,0,0,0,0,23.1,18,13,13,6,3,17,25,1.50,.214
Mike M Mussina,BAL,13,10,3.49,29,29,4,2,0,0,206.1,189,85,80,22,4,41,175,1.11,.242
Hideo H Nomo,NYM,6,12,4.92,29,28,3,0,0,0,157.1,130,88,86,19,4,94,167,1.42,.226
Darren D Oliver,STL,10,11,5.73,29,29,2,0,0,0,160.1,204,115,102,18,10,66,87,1.68,.311
Glendon G Rusch,KC,6,15,5.88,29,24,1,1,1,1,154.2,191,104,101,22,4,50,94,1.56,.304
Dennis D Springer,TB,3,11,5.45,29,17,1,0,0,0,115.2,120,77,70,21,12,60,46,1.56,.271
Bill B Swift,SEA,11,9,5.85,29,26,0,0,0,0,144.2,183,103,94,21,10,51,77,1.62,.306
Masato M Yoshii,NYM,6,8,3.93,29,29,1,0,0,0,171.2,166,79,75,22,6,53,117,1.28,.255
Scott S Elarton,HOU,2,1,3.32,28,2,0,0,2,2,57.0,40,21,21,5,1,20,56,1.05,.196
Al A Leiter,NYM,17,6,2.47,28,28,4,2,0,0,193.0,151,55,53,8,11,71,174,1.15,.216
Dan D Serafini,MIN,7,4,6.48,28,9,0,0,0,0,75.0,95,58,54,10,1,29,46,1.65,.310
Bryan B Ward,CWS,1,2,3.33,28,0,0,0,1,1,27.0,30,13,10,4,0,7,17,1.37,.278
Allen A Watson,ANA,6,7,6.04,28,14,1,0,0,0,92.1,122,67,62,12,3,34,64,1.69,.323
Jason J Bere,CIN,6,9,5.65,27,22,0,0,0,0,127.1,137,91,80,17,3,78,84,1.69,.276
Frank F Castillo,DET,3,9,6.83,27,19,0,0,1,1,116.0,150,91,88,17,5,44,81,1.67,.316
Bobby B Chouinard,ARI,0,2,4.14,27,2,0,0,0,0,41.1,46,24,19,5,0,11,27,1.38,.280
Jason J Dickson,ANA,10,10,6.05,27,18,0,0,0,0,122.0,147,89,82,17,6,41,61,1.54,.303
Tyler T Green,PHI,6,12,5.03,27,27,0,0,0,0,159.1,142,97,89,23,9,85,113,1.42,.239
Rick R Krivda,CIN,2,2,7.36,27,2,0,0,0,0,51.1,65,44,42,9,3,35,29,1.95,.313
Robert R Person,TOR,3,1,7.04,27,0,0,0,6,6,38.1,45,31,30,9,2,22,31,1.75,.294
Hipolito H Pichardo,KC,7,8,5.13,27,18,0,0,1,1,112.1,126,73,64,11,4,43,55,1.50,.280
Bob B Scanlan,HOU,0,1,3.08,27,0,0,0,0,0,26.1,24,12,9,4,1,13,9,1.41,.245
Ismael I Valdez,LA,11,10,3.98,27,27,2,2,0,0,174.0,171,82,77,17,2,66,122,1.36,.256
Darrin D Winston,PHI,2,2,6.12,27,0,0,0,1,1,25.0,31,18,17,7,2,6,11,1.48,.298
Mark M Wohlers,ATL,0,1,10.18,27,0,0,0,8,8,20.1,18,23,23,2,1,33,22,2.51,.231
Mike M Busby,STL,5,2,4.50,26,2,0,0,0,0,46.0,45,23,23,3,5,15,33,1.30,.256
Rick R De Hart,MON,0,0,4.82,26,0,0,0,1,1,28.0,34,22,15,3,0,13,14,1.68,.291
Mark M Portugal,PHI,10,5,4.44,26,26,3,0,0,0,166.1,186,88,82,26,4,32,104,1.31,.283
Bill B Pulsipher,MIL,3,4,5.10,26,11,0,0,0,0,72.1,86,41,41,8,1,31,51,1.62,.307
Scott S Sanders,SD,3,3,7.36,26,2,0,0,0,0,40.1,57,39,33,6,0,11,32,1.69,.329
John J Smoltz,ATL,17,3,2.90,26,26,2,2,0,0,167.2,145,58,54,10,4,44,173,1.13,.231
Bob B Tewksbury,MIN,7,13,4.79,26,25,1,0,0,0,148.1,174,82,79,19,6,20,60,1.31,.292
John J Thomson,COL,8,11,4.81,26,26,2,0,0,0,161.0,174,86,86,21,2,49,106,1.39,.282
Kerry K Wood,CHC,13,6,3.40,26,26,1,1,0,0,166.2,117,69,63,14,11,85,233,1.21,.196
Carlos C Almanzar,TOR,2,2,5.34,25,0,0,0,0,0,28.2,34,18,17,4,1,8,20,1.47,.286
Wilson W Alvarez,TB,6,14,4.73,25,25,0,0,0,0,142.2,130,78,75,18,9,68,107,1.39,.239
Tony T Castillo,CWS,1,2,8.00,25,0,0,0,0,0,27.0,38,25,24,7,2,11,14,1.81,.328
Shawn S Estes,SF,7,12,5.06,25,25,1,1,0,0,149.1,150,89,84,14,5,80,136,1.54,.269
Jimmy J Key,BAL,6,3,4.20,25,11,0,0,0,0,79.1,77,39,37,5,3,23,53,1.26,.258
Pete P Schourek,BOS,8,9,4.43,25,23,0,0,0,0,124.0,127,64,61,17,5,50,95,1.43,.270
Ben B Van Ryn,TOR,0,2,6.14,25,0,0,0,0,0,14.2,18,10,10,0,2,12,10,2.05,.316
Ron R Villone,CLE,0,0,6.00,25,0,0,0,0,0,27.0,30,18,18,3,2,22,15,1.93,.297
Mike M Buddie,NYY,4,1,5.62,24,2,0,0,0,0,41.2,46,29,26,5,3,13,20,1.42,.286
Carl C Pavano,MON,6,9,4.21,24,23,0,0,0,0,134.2,130,70,63,18,8,43,83,1.28,.251
Steve S Sinclair,TOR,0,2,3.60,24,0,0,0,0,0,15.0,13,7,6,0,0,5,8,1.20,.232
Blake B Stein,OAK,5,9,6.37,24,20,1,1,0,0,117.1,117,92,83,22,5,71,89,1.60,.255
Doug D Drabek,BAL,6,11,7.29,23,21,1,0,0,0,108.2,138,90,88,20,5,29,55,1.54,.312
Cal C Eldred,MIL,4,8,4.80,23,23,0,0,0,0,133.0,157,82,71,14,4,61,86,1.64,.297
Dwight D Gooden,CLE,8,6,3.76,23,23,0,0,0,0,134.0,135,59,56,13,9,51,83,1.39,.262
Mike M Morgan,CHC,4,3,4.18,23,22,0,0,0,0,120.2,138,62,56,21,8,39,60,1.47,.293
Donn D Pall,FLA,0,1,5.13,23,0,0,0,0,0,33.1,42,19,19,5,1,7,26,1.47,.326
Kelvim K Escobar,TOR,7,3,3.73,22,10,0,0,0,0,79.2,72,37,33,5,0,35,72,1.34,.238
Mark M Langston,SD,4,6,5.86,22,16,0,0,0,0,81.1,107,55,53,11,1,41,56,1.82,.325
Russ R Ortiz,SF,4,4,4.99,22,13,0,0,0,0,88.1,90,51,49,11,4,46,75,1.54,.269
Steve S Sparks,ANA,9,4,4.34,22,20,0,0,0,0,128.2,130,66,62,14,5,58,90,1.46,.263
Ramon R Tatis,TB,0,0,13.89,22,0,0,0,0,0,11.2,23,19,18,2,1,16,5,3.34,.418
Todd T Van Poppel,PIT,2,4,6.38,22,11,0,0,0,0,66.1,79,52,47,9,1,28,42,1.61,.295
Matt M Beech,PHI,3,9,5.15,21,21,0,0,0,0,117.0,126,78,67,19,4,63,113,1.62,.275
Mike M Grace,PHI,4,7,5.48,21,15,0,0,0,0,90.1,116,61,55,10,8,30,46,1.62,.312
Seth S Greisinger,DET,6,9,5.12,21,21,0,0,0,0,130.0,142,79,74,17,4,48,66,1.46,.282
Orlando O Hernandez,NYY,12,4,3.13,21,21,3,1,0,0,141.0,113,53,49,11,6,52,131,1.17,.222
Carlton C Loewer,PHI,7,8,6.09,21,21,1,0,0,0,122.2,154,86,83,18,3,39,58,1.57,.312
Jim J Parque,CWS,7,5,5.10,21,21,0,0,0,0,113.0,135,72,64,14,6,49,77,1.63,.299
Roberto R Ramirez,SD,1,0,6.14,21,0,0,0,0,0,14.2,12,13,10,4,0,12,17,1.64,.211
Manny M Aybar,STL,6,6,5.98,20,14,0,0,0,0,81.1,90,58,54,6,2,42,57,1.62,.281
Brad B Clontz,NYM,2,0,6.08,20,0,0,0,0,0,23.2,19,16,16,4,2,12,16,1.31,.218
Geremi G Gonzalez,CHC,7,7,5.32,20,20,1,1,0,0,110.0,124,72,65,13,3,41,70,1.50,.281
Frankie F Rodriguez,MIN,4,6,6.56,20,11,0,0,0,0,70.0,88,58,51,6,3,30,62,1.69,.303
Marc M Valdes,MON,1,3,7.43,20,4,0,0,0,0,36.1,41,34,30,6,1,21,28,1.71,.285
Ken K Hill,ANA,9,6,4.98,19,19,0,0,0,0,103.0,123,60,57,6,3,47,57,1.65,.311
Dan D Naulty,MIN,0,2,4.94,19,0,0,0,0,0,23.2,25,16,13,3,0,10,15,1.48,.269
Chad C Ogea,CLE,5,4,5.61,19,9,0,0,0,0,69.0,74,44,43,9,7,25,43,1.43,.273
Dennys D Reyes,CIN,3,5,4.54,19,10,0,0,0,0,67.1,62,36,34,3,1,47,77,1.62,.255
Justin J Speier,FLA,0,3,8.71,19,0,0,0,0,0,20.2,27,20,20,7,0,13,17,1.94,.325
Dave D Stieb,TOR,1,2,4.83,19,3,0,0,2,2,50.1,58,31,27,6,5,17,27,1.49,.284
Roberto R Duran,DET,0,1,5.87,18,0,0,0,0,0,15.1,9,10,10,0,2,17,12,1.70,.170
Jose J Paniagua,SEA,2,0,2.05,18,0,0,0,1,1,22.0,15,5,5,3,3,5,16,0.91,.200
Steve S Parris,CIN,6,5,3.73,18,16,1,1,0,0,99.0,89,44,41,9,4,32,77,1.22,.236
Brian B Powell,DET,3,8,6.35,18,16,0,0,0,0,83.2,101,67,59,17,2,36,46,1.64,.294
Jose J Silva,PIT,6,7,4.40,18,18,1,0,0,0,100.1,104,55,49,7,1,30,64,1.34,.271
Scott S Brow,ARI,1,0,7.17,17,0,0,0,0,0,21.1,22,17,17,2,0,14,13,1.69,.272
Andy A Larkin,FLA,3,8,9.64,17,14,0,0,0,0,74.2,101,87,80,12,4,55,43,2.09,.329
Terry T Mathews,BAL,0,1,6.20,17,0,0,0,0,0,20.1,26,15,14,6,0,8,10,1.67,.342
Matt M Morris,STL,7,5,2.53,17,17,2,1,0,0,113.2,101,37,32,8,3,42,79,1.26,.243
Ken K Ryan,PHI,0,0,4.37,17,1,0,0,0,0,22.2,21,12,11,1,1,20,16,1.81,.253
Jeff J Suppan,KC,1,7,5.72,17,14,1,0,0,0,78.2,91,56,50,13,1,22,51,1.44,.287
Jeff J Mc Curry,PIT,1,3,6.52,16,0,0,0,0,0,19.1,24,14,14,4,1,9,11,1.71,.324
Bryan B Rekar,TB,2,8,4.98,16,15,1,0,0,0,86.2,95,56,48,16,2,21,55,1.34,.282
Marc M Wilkins,PIT,0,0,3.52,16,0,0,0,0,0,15.1,13,6,6,1,2,9,17,1.43,.236
Scott S Winchester,CIN,3,6,5.81,16,16,1,0,0,0,79.0,101,56,51,12,4,27,40,1.62,.312
Oscar O Henriquez,FLA,0,0,8.55,15,0,0,0,0,0,20.0,26,22,19,4,1,12,19,1.90,.306
Ramon R Martinez,LA,7,3,2.83,15,15,1,0,0,0,101.2,76,41,32,8,3,41,91,1.15,.206
Todd T Ritchie,MIN,0,0,5.63,15,0,0,0,0,0,24.0,30,17,15,1,0,9,21,1.63,.288
John J Snyder,CWS,7,2,4.80,15,14,1,0,0,0,86.1,96,49,46,14,2,23,52,1.38,.286
Jeff J Tam,NYM,1,1,6.28,15,0,0,0,0,0,14.1,13,10,10,2,2,4,8,1.19,.241
Jarrod J Washburn,ANA,6,3,4.62,15,11,0,0,0,0,74.0,70,40,38,11,3,27,48,1.31,.248
Trevor T Wilson,ANA,0,0,3.52,15,0,0,0,0,0,7.2,8,4,3,0,1,5,6,1.70,.267
Ryan R Dempster,FLA,1,5,7.08,14,11,0,0,0,0,54.2,72,47,43,6,9,38,35,2.01,.336
Tom T Martin,CLE,1,1,12.89,14,0,0,0,0,0,14.2,29,21,21,3,0,12,9,2.80,.408
Jack J Mc Dowell,ANA,5,3,5.09,14,14,0,0,0,0,76.0,96,45,43,11,1,19,45,1.51,.311
Travis T Miller,MIN,0,2,3.86,14,0,0,0,0,0,23.1,25,10,10,0,0,11,23,1.54,.272
Donovan D Osborne,STL,5,4,4.09,14,14,1,1,0,0,83.2,84,42,38,11,1,22,60,1.27,.256
Mike M Thurman,MON,4,5,4.70,14,13,0,0,0,0,67.0,60,38,35,7,3,26,32,1.28,.238
Travis T Baptist,MIN,0,1,5.67,13,0,0,0,0,0,27.0,34,18,17,5,0,11,11,1.67,.321
Chris C Brock,SF,0,0,3.90,13,0,0,0,0,0,27.2,31,13,12,3,0,7,19,1.37,.279
Valerio V De Los Santos,MIL,0,0,2.91,13,0,0,0,0,0,21.2,11,7,7,4,0,2,18,0.60,.151
Mark M Holzemer,OAK,1,0,5.59,13,0,0,0,0,0,9.2,13,6,6,1,1,3,3,1.66,.333
Jason J Johnson,TB,2,5,5.70,13,13,0,0,0,0,60.0,74,38,38,9,3,27,36,1.68,.306
Eric E Ludwick,FLA,1,4,7.44,13,6,0,0,0,0,32.2,46,31,27,7,0,17,27,1.93,.333
Barry B Manuel,ARI,1,0,7.47,13,0,0,0,0,0,15.2,17,14,13,5,1,14,12,1.98,.266
Trey T Moore,MON,2,5,5.02,13,11,0,0,0,0,61.0,78,37,34,5,1,17,35,1.56,.306
Nerio N Rodriguez,TOR,2,3,8.56,13,4,0,0,0,0,27.1,35,26,26,1,1,17,11,1.90,.310
Paul P Wagner,MIL,1,5,7.11,13,9,0,0,0,0,55.2,67,49,44,10,1,31,37,1.76,.302
Scott S Kamieniecki,BAL,2,6,6.75,12,11,0,0,0,0,54.2,67,41,41,7,4,26,25,1.70,.313
Frank F Lankford,LA,0,2,5.95,12,0,0,0,1,1,19.2,23,13,13,2,2,7,7,1.53,.288
Rafael R Medina,FLA,2,6,6.01,12,12,0,0,0,0,67.1,76,50,45,8,3,52,49,1.90,.289
Rodney R Myers,CHC,0,0,7.00,12,0,0,0,0,0,18.0,26,14,14,3,0,6,15,1.78,.342
Darren D Hall,LA,0,3,10.32,11,0,0,0,0,0,11.1,17,14,13,2,1,5,8,1.94,.347
Erik E Hanson,TOR,0,3,6.24,11,8,0,0,0,0,49.0,73,34,34,10,1,29,21,2.08,.348
Mike M James,ANA,0,0,1.93,11,0,0,0,0,0,14.0,10,3,3,0,0,7,12,1.21,.208
Steve S Karsay,CLE,0,2,5.92,11,1,0,0,0,0,24.1,31,16,16,3,2,6,13,1.52,.310
Sean S Maloney,LA,0,1,4.97,11,0,0,0,0,0,12.2,13,7,7,2,2,5,11,1.42,.265
Armando A Reynoso,NYM,7,3,3.82,11,11,0,0,0,0,68.1,64,31,29,4,5,32,40,1.40,.256
Will W Brunson,DET,0,1,5.06,10,0,0,0,0,0,5.1,5,3,3,0,0,3,2,1.50,.263
Dan D Carlson,TB,0,0,7.64,10,0,0,0,0,0,17.2,25,15,15,3,3,8,16,1.87,.347
Mark M Hutton,CIN,0,1,7.41,10,2,0,0,0,0,17.0,24,14,14,2,1,17,3,2.41,.348
Odalis O Perez,ATL,0,1,4.22,10,0,0,0,0,0,10.2,10,5,5,1,0,4,5,1.31,.244
David D Wainhouse,COL,1,0,4.91,10,0,0,0,0,0,11.0,15,6,6,1,2,5,3,1.82,.341
Mike M Welch,PHI,0,2,8.27,10,2,0,0,0,0,20.2,26,19,19,7,2,7,15,1.60,.310
Matt M Whiteside,PHI,1,1,8.50,10,0,0,0,0,0,18.0,27,18,17,6,0,5,14,1.78,.338
Tim T Young,MON,0,0,6.00,10,0,0,0,0,0,6.0,6,4,4,0,0,4,7,1.67,.250
Paul P Byrd,PHI,5,2,2.68,9,8,2,1,0,0,57.0,45,19,17,6,0,18,39,1.11,.213
Jim J Dougherty,OAK,0,2,8.25,9,0,0,0,0,0,12.0,17,11,11,2,1,7,3,2.00,.340
Steve S Gajkowski,SEA,0,0,7.27,9,0,0,0,0,0,8.2,14,8,7,3,2,4,3,2.08,.389
Greg G Keagle,DET,0,5,5.59,9,7,0,0,0,0,38.2,46,26,24,5,4,20,25,1.71,.295
Bobby B Munoz,BAL,0,0,9.75,9,1,0,0,0,0,12.0,18,13,13,4,1,6,6,2.00,.383
Todd T Rizzo,CWS,0,0,13.50,9,0,0,0,0,0,6.2,12,12,10,0,0,6,3,2.70,.387
Rafael R Roque,MIL,4,2,4.88,9,9,0,0,0,0,48.0,42,28,26,9,1,24,34,1.38,.237
Brian B Barber,KC,2,4,6.00,8,8,0,0,0,0,42.0,45,28,28,5,1,13,24,1.38,.276
Joe J Borowski,NYY,1,0,6.52,8,0,0,0,0,0,9.2,11,7,7,0,0,4,7,1.55,.289
Kirk K Bullinger,MON,1,0,9.00,8,0,0,0,0,0,7.0,14,8,7,1,0,0,2,2.00,.400
Adam A Butler,ATL,0,1,10.80,8,0,0,0,0,0,5.0,5,7,6,1,1,6,7,2.20,.278
Bart B Evans,KC,0,0,2.00,8,0,0,0,0,0,9.0,7,3,2,1,0,0,7,0.78,.206
Bryan B Eversgerd,STL,0,0,9.00,8,0,0,0,0,0,6.0,9,7,6,1,1,2,4,1.83,.346
Joe J Fontenot,FLA,0,7,6.33,8,8,0,0,0,0,42.2,56,34,30,5,5,20,24,1.78,.320
Ben B Ford,ARI,0,0,9.90,8,0,0,0,0,0,10.0,13,12,11,2,2,3,5,1.60,.295
Gil G Heredia,OAK,3,3,2.74,8,6,0,0,0,0,42.2,43,14,13,4,3,3,27,1.08,.256
Cliff C Politte,STL,2,3,6.32,8,8,0,0,0,0,37.0,45,32,26,6,1,18,22,1.70,.304
Brian B Rose,BOS,1,4,6.93,8,8,0,0,0,0,37.2,43,32,29,9,2,14,18,1.51,.285
Dave D Telgheder,OAK,0,1,3.60,8,2,0,0,0,0,20.0,19,12,8,4,2,6,5,1.25,.235
Rigo R Beltran,NYM,0,0,3.38,7,0,0,0,0,0,8.0,6,3,3,1,0,4,5,1.25,.214
David D Holdridge,SEA,0,0,4.05,7,0,0,0,0,0,6.2,6,3,3,0,0,4,6,1.50,.231
Mike M Judd,LA,0,0,15.09,7,0,0,0,0,0,11.1,19,19,19,4,1,9,14,2.47,.373
Sean S Lawrence,PIT,2,1,7.32,7,3,0,0,0,0,19.2,25,16,16,4,0,10,12,1.78,.313
Felipe F Lira,SEA,1,0,4.60,7,0,0,0,0,0,15.2,22,10,8,5,0,5,16,1.72,.319
Allen A Mc Dill,KC,0,0,10.50,7,0,0,0,0,0,6.0,9,7,7,3,0,2,3,1.83,.333
Jose J Mercedes,MIL,2,2,6.75,7,5,0,0,0,0,32.0,42,25,24,5,1,9,11,1.59,.316
Jeremy J Powell,MON,1,5,7.92,7,6,0,0,0,0,25.0,27,25,22,5,4,11,14,1.52,.290
Matt M Ruebel,TB,0,2,6.23,7,1,0,0,0,0,8.2,11,7,6,3,0,4,6,1.73,.314
Marino M Santana,DET,0,0,3.68,7,0,0,0,0,0,7.1,9,3,3,1,1,8,10,2.32,.310
Brian B Shouse,BOS,0,1,5.63,7,0,0,0,0,0,8.0,9,5,5,2,0,4,5,1.63,.281
Jay J Tessmer,NYY,1,0,3.12,7,0,0,0,0,0,8.2,4,3,3,1,0,4,6,0.92,.143
Dario D Veras,BOS,0,1,10.13,7,0,0,0,0,0,8.0,12,9,9,0,1,7,2,2.38,.343
Eric E Weaver,LA,2,0,0.93,7,0,0,0,0,0,9.2,5,1,1,1,0,6,5,1.14,.179
Jay J Witasick,OAK,1,3,6.33,7,3,0,0,0,0,27.0,36,24,19,9,0,15,29,1.89,.310
Brian B Barkley,BOS,0,0,9.82,6,0,0,0,0,0,11.0,16,13,12,2,1,9,2,2.27,.340
Toby T Borland,PHI,0,0,5.00,6,0,0,0,0,0,9.0,8,5,5,1,0,5,9,1.44,.242
Rocky R Coppinger,BAL,0,0,5.17,6,1,0,0,0,0,15.2,16,9,9,3,0,7,13,1.47,.246
Eddie E Gaillard,TB,0,0,5.87,6,0,0,0,0,0,7.2,4,5,5,3,0,3,5,0.91,.148
John J Halama,HOU,1,1,5.85,6,6,0,0,0,0,32.1,37,21,21,0,2,13,21,1.55,.296
Reggie R Harris,HOU,0,0,6.00,6,0,0,0,0,0,6.0,6,4,4,1,0,2,2,1.33,.261
Ricardo R Jordan,CIN,1,0,24.30,6,0,0,0,0,0,3.1,4,9,9,2,0,7,1,3.30,.308
Marc M Kroon,CIN,0,0,9.39,6,0,0,0,0,0,7.2,7,8,8,0,1,9,6,2.09,.250
Jeff J Kubenka,LA,1,0,0.96,6,0,0,0,0,0,9.1,4,1,1,0,0,8,10,1.29,.138
Stan S Spencer,SD,1,0,4.70,6,5,0,0,0,0,30.2,29,16,16,5,1,4,31,1.08,.244
Garrett G Stephenson,PHI,0,2,9.00,6,6,0,0,0,0,23.0,31,24,23,3,0,19,17,2.17,.316
Mac M Suzuki,SEA,1,2,7.18,6,5,0,0,0,0,26.1,34,23,21,3,0,15,19,1.86,.304
Mark M Thompson,COL,1,2,7.71,6,6,0,0,0,0,23.1,36,22,20,8,5,12,14,2.06,.379
Efrain E Valdez,ARI,0,0,4.15,6,0,0,0,0,0,4.1,7,2,2,2,0,1,2,1.85,.368
Jamie J Walker,KC,0,1,9.87,6,2,0,0,0,0,17.1,30,20,19,5,2,3,15,1.90,.380
David D West,BOS,0,0,27.00,6,0,0,0,0,0,2.0,7,6,6,1,0,7,4,7.00,.538
Todd T Williams,CIN,0,1,7.71,6,0,0,0,0,0,9.1,15,8,8,1,0,6,4,2.25,.341
Bob B Wolcott,ARI,1,3,7.09,6,6,0,0,0,0,33.0,32,27,26,7,0,13,21,1.36,.252
Jim J Abbott,CWS,5,0,4.55,5,5,0,0,0,0,31.2,35,16,16,2,1,12,14,1.48,.292
Joel J Adamson,ARI,0,3,8.22,5,5,0,0,0,0,23.0,25,21,21,5,3,11,14,1.57,.284
Luis L Andujar,TOR,0,0,9.53,5,0,0,0,0,0,5.2,12,6,6,0,0,2,1,2.47,.429
Cory C Bailey,SF,0,0,2.70,5,0,0,0,0,0,3.1,2,1,1,1,0,1,2,0.90,.167
Shawn S Boskie,MON,1,3,9.17,5,5,0,0,0,0,17.2,34,21,18,5,2,4,10,2.15,.415
Ryan R Bradley,NYY,2,1,5.68,5,1,0,0,0,0,12.2,12,9,8,2,1,9,13,1.66,.250
Dean D Hartgraves,SF,0,0,9.53,5,0,0,0,0,0,5.2,10,7,6,1,0,4,4,2.47,.385
Chris C Michalak,ARI,0,0,11.81,5,0,0,0,0,0,5.1,9,7,7,1,0,4,5,2.44,.375
Roger R Pavlik,TEX,1,1,3.86,5,0,0,0,1,1,14.0,16,8,6,2,1,5,8,1.50,.286
Danny D Rios,KC,0,1,6.14,5,0,0,0,0,0,7.1,9,9,5,1,1,6,6,2.05,.300
Rich R Robertson,ANA,0,0,15.88,5,0,0,0,0,0,5.2,11,11,10,3,0,2,3,2.29,.393
Benj B Sampson,MIN,1,0,1.56,5,2,0,0,0,0,17.1,10,3,3,0,1,6,16,0.92,.172
Paul P Abbott,SEA,3,1,4.01,4,4,0,0,0,0,24.2,24,11,11,2,0,10,22,1.38,.255
Larry L Casian,CWS,0,0,11.25,4,0,0,0,0,0,4.0,8,5,5,0,2,1,6,2.25,.400
Bruce B Chen,ATL,2,0,3.98,4,4,0,0,0,0,20.1,23,9,9,3,1,9,17,1.57,.288
Jin Ho J Cho,BOS,0,3,8.20,4,4,0,0,0,0,18.2,28,17,17,4,1,3,15,1.66,.341
Matt M Clement,SD,2,0,4.61,4,2,0,0,0,0,13.2,15,8,7,0,0,7,13,1.61,.283
Robert R Dodd,PHI,1,0,7.20,4,0,0,0,0,0,5.0,7,6,4,1,1,1,4,1.60,.333
Denny D Harriger,DET,0,3,6.75,4,2,0,0,0,0,12.0,17,12,9,1,0,8,3,2.08,.327
Jose J Jimenez,STL,3,0,2.95,4,3,0,0,0,0,21.1,22,8,7,0,0,8,12,1.41,.262
Scott S Klingenbeck,CIN,1,3,5.96,4,4,0,0,0,0,22.2,26,17,15,6,1,7,13,1.46,.286
Braden B Looper,STL,0,1,5.40,4,0,0,0,0,0,3.1,5,4,2,1,0,1,4,1.80,.357
Andrew A Lorraine,SEA,0,0,2.45,4,0,0,0,0,0,3.2,3,1,1,0,0,4,0,1.91,.250
Sean S Lowe,STL,0,3,15.19,4,1,0,0,0,0,5.1,11,9,9,1,0,5,2,3.00,.440
Vladimir V Nunez,ARI,0,0,10.13,4,0,0,0,0,0,5.1,7,6,6,0,0,2,2,1.69,.318
Brady B Raggio,STL,1,1,15.43,4,1,0,0,0,0,7.0,22,12,12,1,1,3,3,3.57,.579
Kennie K Steenstra,CHC,0,0,10.80,4,0,0,0,0,0,3.1,7,4,4,2,0,1,4,2.40,.412
Carlos C Valdez,BOS,1,0,0.00,4,0,0,0,0,0,3.1,1,0,0,0,0,5,4,1.80,.100
Neil N Weber,ARI,0,0,11.57,4,0,0,0,0,0,2.1,5,3,3,0,0,3,4,3.43,.417
Kevin K Appier,KC,1,2,7.80,3,3,0,0,0,0,15.0,21,13,13,3,1,5,9,1.73,.339
Manuel M Barrios,LA,0,0,2.45,3,0,0,0,0,0,3.2,4,1,1,1,0,4,1,2.18,.308
Tim T Byrdak,KC,0,0,5.40,3,0,0,0,0,0,1.2,5,1,1,1,0,0,1,3.00,.556
Jose J Cabrera,HOU,0,0,8.31,3,0,0,0,0,0,4.1,7,4,4,0,0,1,1,1.85,.389
Steve S Connelly,OAK,0,0,1.93,3,0,0,0,0,0,4.2,10,1,1,0,1,4,1,3.00,.435
Bryan B Corey,ARI,0,0,9.00,3,0,0,0,0,0,4.0,6,4,4,1,1,2,1,2.00,.375
Will W Cunnane,SD,0,0,6.00,3,0,0,0,0,0,3.0,4,2,2,1,0,1,1,1.67,.308
Mike M Duvall,TB,0,0,6.75,3,0,0,0,0,0,4.0,4,3,3,0,0,2,1,1.50,.267
Kevin K Foster,CHC,0,0,16.20,3,0,0,0,0,0,3.1,8,6,6,1,0,2,3,3.00,.500
Chris C Fussell,BAL,0,1,8.38,3,2,0,0,0,0,9.2,11,9,9,1,0,9,8,2.07,.306
Keith K Glauber,CIN,0,0,2.35,3,0,0,0,0,0,7.2,6,2,2,0,0,1,4,0.91,.214
Gabe G Gonzalez,FLA,0,0,9.00,3,0,0,0,0,0,1.0,1,1,1,0,1,1,0,2.00,.333
Rick R Gorecki,TB,1,2,4.86,3,3,0,0,0,0,16.2,15,9,9,1,0,10,7,1.50,.259
Chris C Hammond,FLA,0,2,6.59,3,3,0,0,0,0,13.2,20,11,10,3,1,8,8,2.05,.357
Mike M Jerzembeck,NYY,0,1,12.79,3,2,0,0,0,0,6.1,9,9,9,2,0,4,1,2.05,.346
Kurt K Miller,CHC,0,0,0.00,3,0,0,0,0,0,4.0,3,0,0,0,0,0,6,0.75,.200
Gary G Rath,LA,0,0,10.80,3,0,0,0,0,0,3.1,3,4,4,1,0,2,4,1.50,.250
Jim J Stoops,COL,1,0,2.25,3,0,0,0,0,0,4.0,5,1,1,1,1,3,0,2.00,.385
Joel J Bennett,BAL,0,0,4.50,2,0,0,0,0,0,2.0,2,1,1,0,0,3,0,2.50,.250
Billy B Brewer,PHI,0,1,108.00,2,0,0,0,0,0,0.1,3,4,4,0,0,2,0,15.00,.750
Mark M Brownson,COL,1,0,4.73,2,2,1,1,0,0,13.1,16,7,7,2,1,2,8,1.35,.296
Jim J Bullinger,SEA,0,1,15.88,2,1,0,0,0,0,5.2,13,10,10,3,0,2,4,2.65,.433
Robinson R Checo,BOS,0,2,9.39,2,2,0,0,0,0,7.2,11,8,8,3,0,5,5,2.09,.379
Todd T Erdos,NYY,0,0,9.00,2,0,0,0,0,0,2.0,5,2,2,0,0,1,0,3.00,.500
Roy R Halladay,TOR,1,0,1.93,2,2,1,0,0,0,14.0,9,4,3,2,0,2,13,0.79,.176
Rod R Henderson,MIL,0,0,9.82,2,0,0,0,0,0,3.2,5,4,4,2,1,0,1,1.36,.313
Butch B Henry,BOS,0,0,4.00,2,2,0,0,0,0,9.0,8,4,4,2,1,3,6,1.22,.235
Mike M Johnson,MON,0,2,14.73,2,2,0,0,0,0,7.1,16,12,12,4,1,2,4,2.45,.432
Richie R Lewis,BAL,0,0,15.43,2,1,0,0,0,0,4.2,8,8,8,2,0,5,4,2.79,.421
Greg G Mullins,MIL,0,0,0.00,2,0,0,0,0,0,1.0,1,0,0,0,1,0,1,1.00,.250
Matt M Perisho,TEX,0,2,27.00,2,2,0,0,0,0,5.0,15,17,15,2,2,8,2,4.60,.500
Ricky R Pickett,ARI,0,0,81.00,2,0,0,0,0,0,0.2,3,6,6,0,0,4,2,10.50,.600
Eddie E Priest,CIN,0,1,10.50,2,2,0,0,0,0,6.0,12,8,7,2,0,1,1,2.17,.444
Ariel A Prieto,OAK,0,1,11.88,2,2,0,0,0,0,8.1,17,11,11,2,1,5,8,2.64,.415
Fred F Rath,COL,0,0,1.69,2,0,0,0,0,0,5.1,6,1,1,0,0,2,2,1.50,.300
Kevin K Ritz,COL,0,2,11.00,2,2,0,0,0,0,9.0,17,11,11,1,1,2,3,2.11,.395
Mike M Saipe,COL,0,1,10.80,2,2,0,0,0,0,10.0,22,12,12,5,2,0,2,2.20,.431
Jose J Santiago,KC,0,0,9.00,2,0,0,0,0,0,2.0,4,2,2,0,0,0,2,2.00,.444
Terrell T Wade,TB,1,1,5.06,2,2,0,0,0,0,10.2,14,6,6,3,0,2,8,1.50,.318
Steve S Cooke,CIN,1,0,1.50,1,1,0,0,0,0,6.0,4,1,1,0,1,0,3,0.67,.182
Radhames R Dykhoff,BAL,0,0,18.00,1,0,0,0,0,0,1.0,2,2,2,0,0,1,1,3.00,.400
Dave D Eiland,TB,0,1,20.25,1,1,0,0,0,0,2.2,6,6,6,0,0,3,1,3.38,.429
Gary G Gaetti,STL,0,0,0.00,1,0,0,0,0,0,1.0,2,0,0,0,0,0,0,2.00,.400
Lariel L Gonzalez,COL,0,0,0.00,1,0,0,0,0,0,1.0,0,0,0,0,0,0,0,0.00,.000
Mike M Grzanich,HOU,0,0,18.00,1,0,0,0,0,0,1.0,1,2,2,0,0,2,1,3.00,.333
Shane S Halter,KC,0,0,0.00,1,0,0,0,0,0,1.0,1,0,0,0,0,0,0,1.00,.333
Lenny L Harris,CIN,0,0,0.00,1,0,0,0,0,0,1.0,0,0,0,0,0,0,1,0.00,.000
Mike M Heathcott,CWS,0,0,3.00,1,0,0,0,0,0,3.0,2,1,1,0,0,1,3,1.00,.182
Joe J Hudson,MIL,0,0,162.00,1,0,0,0,0,0,0.1,2,6,6,0,0,4,0,18.00,1.000
Jason J Jacome,CLE,0,1,14.40,1,1,0,0,0,0,5.0,10,8,8,2,0,3,2,2.60,.435
Jonathan J Johnson,TEX,0,0,8.31,1,1,0,0,0,0,4.1,5,4,4,0,0,5,3,2.31,.313
Ryan R Nye,PHI,0,0,27.00,1,0,0,0,0,0,1.0,3,3,3,1,0,0,3,3.00,.500
Brad B Pennington,TB,0,0,-.--,1,0,0,0,0,0,0.0,1,1,1,0,0,3,0,-.--,1.000
Jason J Rakers,CLE,0,0,9.00,1,0,0,0,0,0,1.0,0,1,1,0,0,3,0,3.00,.000
Travis T Smith,MIL,0,0,0.00,1,0,0,0,0,0,2.0,1,0,0,0,0,0,1,0.50,.143
Mark M Whiten R,CLE,0,0,9.00,1,0,0,0,0,0,1.0,1,1,1,0,1,2,3,3.00,.250
Shannon S Withem,TOR,0,0,3.00,1,0,0,0,0,0,3.0,3,1,1,0,0,2,2,1.67,.250
