PLAYER,TEAM,W,L,ERA,GS,CG,SHO,SV,SVO,IP,H,R,ER,HR,HB,BB,SO,WHIP,AVG
Jonny J Venters,ATL,6,2,1.84,85,0,0,0,5,9,88.0,53,19,18,2,5,43,96,1.09,.176
Bill B Bray,CIN,5,3,2.98,79,0,0,0,0,3,48.1,35,16,16,3,2,17,44,1.08,.202
Craig C Kimbrel,ATL,4,3,2.10,79,0,0,0,46,54,77.0,48,19,18,3,1,32,127,1.04,.178
Jose J Veras,PIT,2,4,3.80,79,0,0,0,1,8,71.0,54,32,30,6,4,34,79,1.24,.206
Sean S Marshall,CHC,6,6,2.26,78,0,0,0,5,9,75.2,66,21,19,1,2,17,79,1.10,.234
Jason J Motte,STL,5,2,2.25,78,0,0,0,9,13,68.0,49,22,17,2,5,16,63,0.96,.202
Eric E O' Flaherty,ATL,2,4,0.98,78,0,0,0,0,4,73.2,59,9,8,2,3,21,67,1.09,.221
Chad C Qualls,SD,6,8,3.51,77,0,0,0,0,5,74.1,73,30,29,7,0,20,43,1.25,.263
Chris C Resop,PIT,5,4,4.39,76,0,0,0,1,6,69.2,73,34,34,8,3,30,79,1.48,.269
Mike M Adams,TEX,5,4,1.47,75,0,0,0,2,5,73.2,44,13,12,5,0,14,74,0.79,.169
Carlos C Marmol,CHC,2,6,4.01,75,0,0,0,34,44,74.0,54,33,33,5,9,48,99,1.38,.205
Nick N Masset,CIN,3,6,3.71,75,0,0,0,1,7,70.1,76,30,29,5,1,31,62,1.52,.273
Jeff J Samardzija,CHC,8,4,2.97,75,0,0,0,0,2,88.0,64,35,29,5,5,50,87,1.30,.200
Jose J Valverde,DET,2,4,2.24,75,0,0,0,49,49,72.1,52,21,18,5,3,34,69,1.19,.198
John J Axford,MIL,2,2,1.95,74,0,0,0,46,48,73.2,59,19,16,4,0,25,86,1.14,.212
Matt M Belisle,COL,10,4,3.25,74,0,0,0,0,7,72.0,77,33,26,5,4,14,58,1.26,.276
David D Hernandez,ARI,5,3,3.38,74,0,0,0,11,14,69.1,49,27,26,4,2,30,77,1.14,.193
Wilton W Lopez,HOU,2,6,2.79,73,0,0,0,0,6,71.0,72,26,22,6,3,18,56,1.27,.264
Daniel D Mc Cutchen,PIT,5,3,3.72,73,0,0,0,0,0,84.2,87,38,35,7,4,33,47,1.42,.272
Matt M Reynolds,COL,1,2,4.09,73,0,0,0,0,2,50.2,48,24,23,10,0,18,50,1.30,.255
Francisco F Rodríguez Rodriguez,MIL,6,2,2.64,73,0,0,0,23,29,71.2,67,22,21,4,2,26,79,1.30,.243
Drew D Storen,WSH,6,3,2.75,73,0,0,0,43,48,75.1,57,24,23,8,2,20,74,1.02,.204
Tim T Byrdak,NYM,2,1,3.82,72,0,0,0,1,4,37.2,34,20,16,3,1,19,47,1.41,.239
Tyler T Clippard,WSH,3,0,1.83,72,0,0,0,0,7,88.1,48,18,18,11,0,26,104,0.84,.162
Mike M Dunn,FLA,5,6,3.43,72,0,0,0,0,4,63.0,51,28,24,9,2,31,68,1.30,.224
Kameron K Loe,MIL,4,7,3.50,72,0,0,0,1,8,72.0,65,30,28,4,2,16,61,1.13,.240
Mark M Melancon,HOU,8,4,2.78,71,0,0,0,20,25,74.1,65,28,23,5,2,26,66,1.22,.234
Joel J Peralta,TB,3,4,2.93,71,0,0,0,6,8,67.2,44,23,22,7,0,18,61,0.92,.188
Rafael R Perez,CLE,5,2,3.00,71,0,0,0,0,2,63.0,59,27,21,2,0,19,33,1.24,.253
Marc M Rzepczynski,STL,2,6,3.34,71,0,0,0,0,4,62.0,50,27,23,3,4,26,61,1.23,.223
Joe J Smith,CLE,3,3,2.01,71,0,0,0,0,3,67.0,52,16,15,1,2,21,45,1.09,.217
Daniel D Bard,BOS,2,9,3.33,70,0,0,0,1,6,73.0,46,29,27,5,2,24,74,0.96,.179
Matt M Guerrier,LAD,4,3,4.07,70,0,0,0,1,4,66.1,59,31,30,4,0,25,50,1.27,.233
Joel J Hanrahan,PIT,1,4,1.83,70,0,0,0,40,44,68.2,56,17,14,1,1,16,61,1.05,.220
Javier J López Lopez,SF,5,2,2.72,70,0,0,0,1,3,53.0,42,16,16,0,3,26,40,1.28,.221
David D Robertson,NYY,4,0,1.08,70,0,0,0,1,4,66.2,40,9,8,1,1,35,100,1.13,.170
Sean S Burnett,WSH,5,5,3.81,69,0,0,0,4,11,56.2,54,24,24,6,3,21,33,1.32,.254
Matt M Capps,MIN,4,7,4.25,69,0,0,0,15,24,65.2,66,31,31,10,4,13,34,1.20,.262
Todd T Coffey,WSH,5,1,3.62,69,0,0,0,0,2,59.2,55,25,24,4,1,20,46,1.26,.244
Jim J Johnson,BAL,6,5,2.67,69,0,0,0,9,14,91.0,80,30,27,5,2,21,58,1.11,.238
Mike M Mac Dougal,LAD,3,1,2.05,69,0,0,0,1,2,57.0,54,16,13,3,3,29,41,1.46,.257
Tony T Sipp,CLE,6,3,3.03,69,0,0,0,0,1,62.1,45,22,21,10,0,24,57,1.11,.201
Rafael R Betancourt,COL,2,0,2.89,68,0,0,0,8,12,62.1,46,21,20,7,0,8,73,0.87,.203
Tim T Collins,KC,4,4,3.63,68,0,0,0,0,1,67.0,52,28,27,5,2,48,60,1.49,.216
Francisco F Cordero,CIN,5,3,2.45,68,0,0,0,37,43,69.2,49,20,19,6,3,22,42,1.02,.198
Juan Carlos J Oviedo,FLA,1,4,4.06,68,0,0,0,36,42,64.1,57,30,29,8,1,21,55,1.21,.235
Fernando F Salas,STL,5,6,2.28,68,0,0,0,24,30,75.0,50,20,19,7,2,21,75,0.95,.186
Jeremy J Affeldt,SF,3,2,2.63,67,0,0,0,3,6,61.2,47,22,18,5,4,24,54,1.15,.207
Craig C Breslow,OAK,0,2,3.79,67,0,0,0,0,3,59.1,69,29,25,4,2,21,44,1.52,.296
Shawn S Camp,TOR,6,3,4.21,67,0,0,0,1,4,66.1,79,36,31,3,6,22,32,1.52,.303
Jesse J Crain,CWS,8,3,2.62,67,0,0,0,1,7,65.1,50,20,19,7,0,31,70,1.24,.215
Brian B Fuentes,OAK,2,8,3.70,67,0,0,0,12,15,58.1,52,30,24,6,4,20,42,1.23,.237
Edward E Mujica,FLA,9,6,2.96,67,0,0,0,0,3,76.0,64,27,25,7,2,14,63,1.03,.233
Vinnie V Pestano,CLE,1,2,2.32,67,0,0,0,2,6,62.0,41,16,16,5,3,24,84,1.05,.184
Joaquin J Benoit,DET,4,3,2.95,66,0,0,0,2,7,61.0,47,22,20,5,2,17,63,1.05,.218
Alex A Burnett,MIN,2,5,5.51,66,0,0,0,0,2,50.2,50,32,31,4,8,21,33,1.40,.263
Logan L Ondrusek,CIN,5,5,3.23,66,0,0,0,0,3,61.1,55,25,22,6,2,28,41,1.35,.238
Ramon E R Ramirez,SF,3,3,2.62,66,0,0,0,4,5,68.2,54,24,20,3,3,26,66,1.17,.216
Brad B Ziegler,ARI,3,2,2.16,66,0,0,0,1,2,58.1,53,21,14,0,1,19,44,1.23,.245
Octavio O Dotel,STL,5,4,3.50,65,0,0,0,3,3,54.0,36,23,21,6,2,17,62,0.98,.185
Brandon B League,SEA,1,5,2.79,65,0,0,0,37,42,61.1,56,25,19,3,2,10,45,1.08,.239
Glen G Perkins,MIN,4,4,2.48,65,0,0,0,2,5,61.2,55,19,17,2,1,21,65,1.23,.244
Sergio S Romo,SF,3,1,1.50,65,0,0,0,1,2,48.0,29,8,8,2,0,5,70,0.71,.173
Koji K Uehara,TEX,2,3,2.35,65,0,0,0,0,1,65.0,38,17,17,11,0,9,85,0.72,.164
Antonio A Bastardo,PHI,6,1,2.64,64,0,0,0,8,9,58.0,28,17,17,6,0,26,70,0.93,.144
Heath H Bell,SD,3,4,2.44,64,0,0,0,43,48,62.2,51,20,17,4,0,21,51,1.15,.223
Neftali N Feliz,TEX,2,3,2.74,64,0,0,0,32,38,62.1,42,22,19,4,0,30,54,1.16,.194
Jason J Frasor,CWS,3,3,3.60,64,0,0,0,0,2,60.0,58,25,24,7,3,26,57,1.40,.257
Scott S Linebrink,ATL,4,4,3.64,64,0,0,0,1,2,54.1,58,22,22,6,4,21,42,1.45,.282
Boone B Logan,NYY,5,3,3.46,64,0,0,0,0,2,41.2,43,20,16,4,4,13,46,1.34,.261
Chris C Perez,CLE,4,7,3.32,64,0,0,0,36,40,59.2,46,24,22,5,3,26,39,1.21,.215
Mariano M Rivera,NYY,1,2,1.91,64,0,0,0,44,49,61.1,47,13,13,3,2,8,60,0.90,.215
James J Russell,CHC,1,6,4.12,64,5,0,0,0,2,67.2,76,37,31,12,2,14,43,1.33,.286
Kyle K Farnsworth,TB,5,1,2.18,63,0,0,0,25,31,57.2,45,15,14,5,3,12,51,0.99,.211
Kevin K Gregg,BAL,0,3,4.37,63,0,0,0,22,29,59.2,58,35,29,7,2,40,53,1.64,.254
Matt M Lindstrom,COL,2,2,3.00,63,0,0,0,2,5,54.0,52,21,18,3,2,14,36,1.22,.256
Jonathan J Papelbon,BOS,4,1,2.94,63,0,0,0,31,34,64.1,50,22,21,3,3,10,87,0.93,.207
Sergio S Santos,CWS,4,5,3.55,63,0,0,0,30,36,63.1,41,25,25,6,3,29,92,1.11,.181
Grant G Balfour,OAK,5,2,2.47,62,0,0,0,2,7,62.0,44,17,17,8,0,20,59,1.03,.199
Ryan R Madson,PHI,4,2,2.37,62,0,0,0,32,34,60.2,54,16,16,2,1,16,62,1.15,.243
Joe J Paterson,ARI,0,3,2.91,62,0,0,0,1,1,34.0,28,11,11,1,4,15,28,1.26,.224
Huston H Street,COL,1,4,3.86,62,0,0,0,29,33,58.1,62,28,25,10,1,9,55,1.22,.276
Matt M Thornton,CWS,2,5,3.32,62,0,0,0,3,7,59.2,60,34,22,3,0,21,63,1.36,.255
Jordan J Walden,LAA,5,5,2.98,62,0,0,0,32,42,60.1,49,22,20,3,1,26,67,1.24,.223
Luke L Gregerson,SD,3,3,2.75,61,0,0,0,0,4,55.2,57,23,17,2,2,19,34,1.37,.266
Darren D Oliver,TEX,5,5,2.29,61,0,0,0,2,6,51.0,47,17,13,3,1,11,44,1.14,.236
Hisanori H Takahashi,LAA,4,3,3.44,61,0,0,0,2,5,68.0,58,30,26,7,0,25,52,1.22,.232
Pedro P Beato,NYM,2,1,4.30,60,0,0,0,0,1,67.0,59,41,32,5,4,27,39,1.28,.240
Scott S Downs,LAA,6,3,1.34,60,0,0,0,1,4,53.2,39,11,8,3,0,15,35,1.01,.199
Bobby B Parnell,NYM,4,6,3.64,60,0,0,0,6,12,59.1,60,29,24,4,2,27,64,1.47,.258
J. J Putz,ARI,2,2,2.17,60,0,0,0,45,49,58.0,41,15,14,4,2,12,61,0.91,.195
Joakim J Soria,KC,5,5,4.03,60,0,0,0,28,35,60.1,60,29,27,7,2,17,60,1.28,.259
Jamey J Wright,SEA,2,3,3.16,60,0,0,0,1,5,68.1,61,26,24,6,5,30,48,1.33,.246
Ernesto E Frieri,SD,1,2,2.71,59,0,0,0,0,0,63.0,51,21,19,3,9,34,76,1.35,.221
Will W Ohman,CWS,1,3,4.22,59,0,0,0,0,1,53.1,53,26,25,8,4,17,54,1.31,.255
Cesar C Ramos,TB,0,1,3.92,59,0,0,0,0,2,43.2,36,22,19,4,3,25,31,1.40,.224
Henry Alberto H Rodriguez,WSH,3,3,3.56,59,0,0,0,2,5,65.2,54,30,26,1,2,45,70,1.51,.220
John J Grabow,CHC,3,1,4.76,58,0,0,0,0,0,62.1,67,39,33,9,1,28,38,1.52,.271
Jose J Mijares,MIN,0,2,4.59,58,0,0,0,0,2,49.0,53,31,25,4,3,30,30,1.69,.275
Chris C Sale,CWS,2,2,2.79,58,0,0,0,8,10,71.0,52,22,22,6,2,27,79,1.11,.203
Aaron A Crow,KC,4,4,2.76,57,0,0,0,0,7,62.0,55,20,19,8,0,31,65,1.39,.237
Michael M Stutes,PHI,6,2,3.63,57,0,0,0,0,0,62.0,49,25,25,7,2,28,58,1.24,.218
Brian B Wilson,SF,6,4,3.11,57,0,0,0,36,41,55.0,50,20,19,2,2,31,54,1.47,.240
Matt M Albers,BOS,4,4,4.73,56,0,0,0,0,3,64.2,62,35,34,7,5,31,68,1.44,.251
Juan J Cruz,TB,5,0,3.88,56,0,0,0,0,1,48.2,36,21,21,5,0,28,46,1.32,.211
Chad C Durbin,CLE,2,2,5.53,56,0,0,0,0,1,68.1,86,45,42,12,3,26,59,1.64,.306
Michael M Gonzalez,TEX,2,2,4.39,56,0,0,0,1,2,53.1,51,30,26,7,2,21,51,1.35,.250
Alfredo A Aceves,BOS,10,2,2.61,55,4,0,0,2,5,114.0,84,37,33,8,15,42,80,1.11,.204
Casey C Janssen,TOR,6,0,2.26,55,0,0,0,2,4,55.2,47,14,14,2,2,14,53,1.10,.228
Blake B Wood,KC,5,3,3.75,55,0,0,0,1,3,69.2,66,30,29,5,3,32,62,1.41,.254
Kerry K Wood,CHC,3,5,3.35,55,0,0,0,1,7,51.0,45,23,19,5,5,21,57,1.29,.236
Aroldis A Chapman,CIN,4,1,3.60,54,0,0,0,1,3,50.0,24,21,20,2,2,41,71,1.30,.147
Randy R Choate,FLA,1,1,1.82,54,0,0,0,0,0,24.2,13,7,5,3,2,13,31,1.05,.149
Enerio E Del Rosario,HOU,0,3,4.58,54,0,0,0,0,2,53.0,59,30,27,3,3,31,31,1.70,.280
Frank F Francisco,TOR,1,4,3.55,54,0,0,0,17,21,50.2,49,21,20,7,0,18,53,1.32,.246
Jose J Arredondo,CIN,4,4,3.23,53,0,0,0,0,1,53.0,43,21,19,5,2,31,48,1.40,.226
Jason J Isringhausen,NYM,3,3,4.05,53,0,0,0,7,11,46.2,36,23,21,6,1,24,44,1.29,.211
David D Pauley,DET,5,6,3.16,53,0,0,0,0,2,74.0,64,27,26,6,5,22,44,1.16,.237
Jon J Rauch,TOR,5,4,4.85,53,0,0,0,11,16,52.0,56,28,28,11,1,14,36,1.35,.269
Ryan R Webb,FLA,2,4,3.20,53,0,0,0,0,4,50.2,48,20,18,2,2,20,31,1.34,.255
Luis L Ayala,NYY,2,2,2.09,52,0,0,0,0,1,56.0,51,17,13,5,6,20,39,1.27,.256
La Troy L Hawkins,MIL,3,1,2.42,52,0,0,0,0,0,48.1,50,15,13,1,0,10,28,1.24,.260
Mark M Lowe,TEX,2,3,3.80,52,0,0,0,1,3,45.0,46,26,19,6,0,19,42,1.44,.263
Guillermo G Mota,SF,2,2,3.81,52,0,0,0,1,2,80.1,71,34,34,10,2,30,77,1.26,.240
Mitchell M Boggs,STL,2,3,3.56,51,0,0,0,4,8,60.2,62,27,24,4,2,21,48,1.37,.266
Kenley K Jansen,LAD,2,1,2.85,51,0,0,0,5,6,53.2,30,17,17,3,2,26,96,1.04,.159
Arthur A Rhodes,STL,3,4,4.64,51,0,0,0,1,3,33.0,34,17,17,8,0,11,21,1.36,.270
George G Sherrill,ATL,3,1,3.00,51,0,0,0,0,1,36.0,33,12,12,3,1,12,38,1.25,.248
Burke B Badenhop,FLA,2,3,4.10,50,0,0,0,1,1,63.2,65,29,29,1,4,24,51,1.40,.265
Franklin F Morales,BOS,1,2,3.69,50,0,0,0,0,0,46.1,40,21,19,6,2,19,42,1.27,.237
Santiago S Casilla,SF,2,2,1.74,49,0,0,0,6,7,51.2,33,11,10,1,2,25,45,1.12,.183
Sergio S Escalona,HOU,2,1,2.93,49,0,0,0,0,1,27.2,24,10,9,3,2,11,25,1.27,.240
Blake B Hawksworth,LAD,2,5,4.08,49,0,0,0,0,1,53.0,45,29,24,6,0,17,43,1.17,.225
Daniel D Schlereth,DET,2,2,3.49,49,0,0,0,0,1,49.0,36,20,19,6,5,31,44,1.37,.209
Rex R Brothers,COL,1,2,2.88,48,0,0,0,1,3,40.2,33,14,13,4,0,20,59,1.30,.217
Phil P Coke,DET,3,9,4.47,48,14,0,0,1,2,108.2,118,64,54,5,4,40,69,1.45,.279
Louis L Coleman,KC,1,4,2.87,48,0,0,0,1,2,59.2,44,20,19,9,3,26,64,1.17,.207
Trever T Miller,BOS,0,1,3.80,48,0,0,0,1,4,21.1,25,9,9,2,2,12,12,1.73,.298
Joe J Nathan,MIN,2,1,4.84,48,0,0,0,14,17,44.2,38,26,24,7,3,14,43,1.16,.222
Scott S Elbert,LAD,0,1,2.43,47,0,0,0,2,2,33.1,27,9,9,1,1,14,34,1.23,.220
Javy J Guerra,LAD,2,2,2.31,47,0,0,0,21,23,46.2,37,12,12,2,3,18,38,1.18,.218
Aaron A Laffey,NYY,3,2,3.88,47,0,0,0,0,1,53.1,67,24,23,7,3,21,30,1.65,.306
Fernando F Rodriguez Jr.,HOU,2,3,3.96,47,0,0,0,0,0,52.1,51,24,23,6,3,30,57,1.55,.264
Dan D Wheeler,BOS,2,2,4.38,47,0,0,0,0,0,49.1,47,24,24,7,0,8,39,1.11,.246
Greg G Holland,KC,5,1,1.80,46,0,0,0,4,6,60.0,37,13,12,3,1,19,74,0.93,.175
J. P. J Howell,TB,2,3,6.16,46,0,0,0,1,2,30.2,30,24,21,5,2,18,26,1.57,.259
Cory C Luebke,SD,6,10,3.29,46,17,0,0,0,0,139.2,105,54,51,12,2,44,154,1.07,.209
Cristhian C Martinez,ATL,1,3,3.36,46,0,0,0,0,0,77.2,56,30,29,8,3,19,58,0.97,.197
Steve S Cishek,FLA,2,1,2.63,45,0,0,0,3,3,54.2,45,18,16,1,3,19,55,1.17,.221
Phil P Dumatrait,MIN,1,3,3.92,45,0,0,0,1,1,41.1,45,22,18,7,1,25,29,1.69,.276
David D Herndon,PHI,1,4,3.32,45,0,0,0,1,2,57.0,54,26,21,9,2,24,39,1.37,.258
Ryota R Igarashi,NYM,4,1,4.66,45,0,0,0,0,1,38.2,43,20,20,2,4,28,42,1.84,.276
Manny M Acosta,NYM,4,1,3.45,44,0,0,0,4,7,47.0,50,21,18,6,2,15,46,1.38,.269
Rich R Thompson,LAA,1,3,3.00,44,0,0,0,0,1,54.0,46,18,18,5,0,20,56,1.22,.224
Marco M Estrada,MIL,4,8,4.08,43,7,0,0,0,3,92.2,83,45,42,11,2,29,88,1.21,.243
Sam S Le Cure,CIN,2,1,3.71,43,4,0,0,0,0,77.2,57,33,32,10,4,21,73,1.00,.205
Kyle K Mc Clellan,STL,12,7,4.19,43,17,0,0,0,1,141.2,143,71,66,21,6,43,76,1.31,.260
Aneury A Rodriguez,HOU,1,6,5.27,43,8,0,0,0,0,85.1,83,57,50,13,2,32,64,1.35,.252
Tony T Watson,PIT,2,2,3.95,43,0,0,0,0,1,41.0,34,18,18,6,1,20,37,1.32,.228
Andrew A Bailey,OAK,0,4,3.24,42,0,0,0,24,26,41.2,34,18,15,3,0,12,41,1.10,.218
D. J. D Carrasco,NYM,1,3,6.02,42,1,0,0,0,1,49.1,67,35,33,7,6,16,27,1.68,.337
Rafael R Soriano,NYY,2,3,4.12,42,0,0,0,2,5,39.1,33,18,18,4,1,18,36,1.30,.229
Al A Alburquerque,DET,6,1,1.87,41,0,0,0,0,0,43.1,21,9,9,0,2,29,67,1.15,.142
Jason J Berken,BAL,1,2,5.36,40,0,0,0,0,3,47.0,63,29,28,10,1,21,41,1.79,.318
Brandon B Gomes,TB,2,1,2.92,40,0,0,0,0,0,37.0,34,15,12,3,1,16,32,1.35,.246
Frank F Herrmann,CLE,4,0,5.11,40,0,0,0,0,0,56.1,71,35,32,7,0,16,34,1.54,.302
Hung- Chih H Kuo,LAD,1,2,9.00,40,0,0,0,0,2,27.0,24,29,27,4,2,23,36,1.74,.242
Josh J Spence,SD,0,2,2.73,40,0,0,0,0,2,29.2,14,9,9,2,2,19,31,1.11,.140
Cory C Wade,NYY,6,1,2.04,40,0,0,0,0,1,39.2,33,10,9,5,0,8,30,1.03,.221
Jeff J Fulchino,SD,1,4,5.71,39,0,0,0,0,3,34.2,37,22,22,5,0,22,33,1.70,.272
Felipe F Paulino,KC,4,10,4.46,39,20,0,0,0,1,139.1,146,74,69,13,8,55,133,1.44,.279
Scott S Proctor,NYY,2,6,7.14,39,0,0,0,0,2,40.1,50,34,32,11,1,31,29,2.01,.313
Fernando F Rodney,LAA,3,5,4.50,39,0,0,0,3,7,32.0,26,18,16,1,3,28,26,1.69,.224
Brian B Sanches,FLA,4,1,3.94,39,2,0,0,0,0,61.2,52,32,27,7,2,36,53,1.43,.227
Yoshinori Y Tateyama,TEX,2,0,4.50,39,0,0,0,1,1,44.0,37,23,22,8,2,11,43,1.09,.220
Michael M Wuertz,OAK,0,0,6.68,39,0,0,0,0,1,33.2,37,25,25,5,1,26,32,1.87,.280
Clay C Hensley,FLA,6,7,5.19,37,9,0,0,0,2,67.2,62,41,39,9,4,30,46,1.36,.238
Jake J Mc Gee,TB,5,2,4.50,37,0,0,0,0,0,28.0,30,14,14,5,0,12,27,1.50,.270
Luis L Perez,TOR,3,3,5.12,37,4,0,0,0,2,65.0,74,40,37,9,5,27,54,1.55,.287
Ryan R Perry,DET,2,0,5.35,36,0,0,0,0,1,37.0,39,25,22,1,2,21,24,1.62,.277
J. C. J Romero,COL,1,0,4.01,36,0,0,0,0,0,24.2,28,14,11,1,1,15,19,1.74,.286
Adam A Russell,TB,1,2,3.03,36,0,0,0,0,0,32.2,31,13,11,2,3,20,13,1.56,.254
Miguel M Batista,NYM,5,2,3.60,35,5,1,1,0,1,60.0,49,29,24,2,6,33,31,1.37,.225
Joe J Beimel,PIT,1,1,5.33,35,0,0,0,0,2,25.1,34,17,15,6,1,9,17,1.70,.321
Dan D Haren,LAA,16,10,3.17,35,34,4,3,0,0,238.1,211,91,84,20,5,33,192,1.02,.235
Ryan R Mattheus,WSH,2,2,2.81,35,0,0,0,0,0,32.0,26,11,10,1,2,15,12,1.28,.228
Brad B Bergesen,BAL,2,7,5.70,34,12,1,1,0,0,101.0,119,73,64,16,3,32,61,1.50,.288
Trevor T Cahill,OAK,12,14,4.16,34,34,0,0,0,0,207.2,214,102,96,19,8,82,147,1.43,.269
Chris C Carpenter,STL,11,9,3.45,34,34,4,2,0,0,237.1,243,98,91,16,6,55,191,1.26,.264
David D Carpenter,HOU,1,3,2.93,34,0,0,0,1,2,27.2,28,9,9,3,4,13,29,1.48,.272
Fautino F De Los Santos,OAK,3,2,4.32,34,0,0,0,0,2,33.1,27,19,16,4,0,17,43,1.32,.220
Sam S Demel,ARI,2,2,4.21,34,0,0,0,0,1,25.2,31,13,12,4,2,13,15,1.71,.307
Ryan R Dempster,CHC,10,14,4.80,34,34,0,0,0,0,202.1,211,111,108,23,5,82,191,1.45,.271
Jeremy J Guthrie,BAL,9,17,4.33,34,32,2,0,0,0,208.0,213,113,100,26,9,66,130,1.34,.267
Kyle K Kendrick,PHI,8,6,3.22,34,15,0,0,0,1,114.2,110,50,41,14,7,30,59,1.22,.255
Derek D Lowe,ATL,9,17,5.05,34,34,0,0,0,0,187.0,212,110,105,14,3,70,137,1.51,.285
Justin J Masterson,CLE,12,10,3.21,34,33,1,0,0,0,216.0,211,89,77,11,11,65,158,1.28,.257
Brett B Myers,HOU,7,14,4.46,34,33,2,0,0,0,216.0,226,116,107,31,4,57,160,1.31,.267
Mike M Pelfrey,NYM,7,13,4.74,34,33,2,0,0,0,193.2,220,111,102,21,7,65,105,1.47,.286
David D Price,TB,12,13,3.49,34,34,0,0,0,0,224.1,192,93,87,22,9,63,218,1.14,.230
Justin J Verlander,DET,24,5,2.40,34,34,4,2,0,0,251.0,174,73,67,24,3,57,250,0.92,.192
C. J. C Wilson,TEX,16,7,2.94,34,34,3,1,0,0,223.1,191,89,73,16,10,74,206,1.19,.232
Madison M Bumgarner,SF,13,13,3.21,33,33,0,0,0,0,204.2,202,82,73,12,5,46,191,1.21,.260
A. J. A Burnett,NYY,11,11,5.15,33,32,0,0,0,0,190.1,190,115,109,31,9,83,173,1.43,.260
Matt M Cain,SF,12,11,2.88,33,33,1,0,0,0,221.2,177,82,71,9,9,63,179,1.08,.217
Chris C Capuano,NYM,11,12,4.55,33,31,1,1,0,0,186.0,198,99,94,27,5,53,168,1.35,.270
R. A. R Dickey,NYM,8,13,3.28,33,32,1,0,0,0,208.2,202,85,76,18,9,54,134,1.23,.256
Yovani Y Gallardo,MIL,17,10,3.52,33,33,1,1,0,0,207.1,193,92,81,27,1,59,207,1.22,.245
Felix F Hernández Hernandez,SEA,14,14,3.47,33,33,5,0,0,0,233.2,218,99,90,19,7,67,222,1.22,.248
Daniel D Hudson,ARI,16,12,3.49,33,33,3,0,0,0,222.0,217,98,86,17,8,50,169,1.20,.255
Tim T Hudson,ATL,16,10,3.22,33,33,1,1,0,0,215.0,189,86,77,14,15,56,158,1.14,.236
Chris C Jakubauskas,BAL,2,2,5.72,33,6,0,0,0,0,72.1,93,46,46,11,3,29,52,1.69,.316
Ian I Kennedy,ARI,21,4,2.88,33,33,1,1,0,0,222.0,186,73,71,19,9,55,198,1.09,.227
Clayton C Kershaw,LAD,21,5,2.28,33,33,5,2,0,0,233.1,174,66,59,15,3,54,248,0.98,.207
John J Lannan,WSH,10,13,3.70,33,33,0,0,0,0,184.2,194,90,76,15,7,76,106,1.46,.272
Ted T Lilly,LAD,12,14,3.97,33,33,0,0,0,0,192.2,172,88,85,28,9,51,158,1.16,.238
Tim T Lincecum,SF,13,14,2.74,33,33,1,1,0,0,217.0,176,74,66,15,6,86,220,1.21,.222
Shaun S Marcum,MIL,13,7,3.54,33,33,0,0,0,0,200.2,175,84,79,22,0,57,158,1.16,.232
Ricky R Nolasco,FLA,10,12,4.67,33,33,2,1,0,0,206.0,244,117,107,20,3,44,148,1.40,.295
Micah M Owings,ARI,8,0,3.57,33,4,0,0,0,0,63.0,56,27,25,8,2,23,44,1.25,.240
Carl C Pavano,MIN,9,13,4.30,33,33,3,1,0,0,222.0,262,123,106,23,8,40,102,1.36,.294
David D Purcey,DET,1,2,5.61,33,0,0,0,0,0,33.2,33,21,21,2,0,27,22,1.78,.258
C Sabathia,NYY,19,8,3.00,33,33,3,1,0,0,237.1,230,87,79,17,7,61,230,1.23,.255
Ervin E Santana,LAA,11,12,3.38,33,33,4,1,0,0,228.2,207,95,86,26,8,72,178,1.22,.241
Joe J Saunders,ARI,12,13,3.69,33,33,1,0,0,0,212.0,210,94,87,29,3,67,108,1.31,.266
Max M Scherzer,DET,15,9,4.43,33,33,0,0,0,0,195.0,207,101,96,29,7,56,174,1.35,.272
Bryan B Shaw,ARI,1,0,2.54,33,0,0,0,0,0,28.1,30,9,8,2,4,8,24,1.34,.273
James J Shields,TB,16,12,2.82,33,33,11,4,0,0,249.1,195,83,78,26,5,65,225,1.04,.217
Carlos C Villanueva,TOR,6,4,4.04,33,13,0,0,0,1,107.0,103,49,48,11,4,32,68,1.26,.251
Tim T Wakefield,BOS,7,8,5.12,33,23,1,0,0,0,154.2,163,110,88,25,8,47,93,1.36,.267
Jered J Weaver,LAA,18,8,2.41,33,33,4,2,0,0,235.2,182,65,63,20,3,56,198,1.01,.212
Jake J Westbrook,STL,12,9,4.66,33,33,0,0,0,0,183.1,208,103,95,16,2,73,104,1.53,.290
Randy R Wolf,MIL,13,10,3.69,33,33,0,0,0,0,212.1,214,95,87,23,13,66,134,1.32,.266
Bronson B Arroyo,CIN,9,12,5.07,32,32,1,1,0,0,199.0,227,119,112,46,6,45,108,1.37,.286
Chad C Billingsley,LAD,11,11,4.21,32,32,1,0,0,0,188.0,189,98,88,14,7,84,152,1.45,.264
Brian B Duensing,MIN,9,14,5.23,32,28,1,1,0,0,161.2,193,102,94,21,1,52,115,1.52,.299
Doug D Fister,DET,11,13,2.83,32,31,3,0,0,0,216.1,193,76,68,11,12,37,146,1.06,.237
Jaime J García Garcia,STL,13,7,3.56,32,32,2,2,0,0,194.2,207,100,77,15,2,50,156,1.32,.273
Gio G Gonzalez,OAK,16,12,3.12,32,32,0,0,0,0,202.0,175,81,70,17,8,91,197,1.32,.230
Roy R Halladay,PHI,19,6,2.35,32,32,8,1,0,0,233.2,208,65,61,10,4,35,220,1.04,.239
Cole C Hamels,PHI,14,9,2.79,32,31,3,0,0,0,216.0,169,68,67,19,5,44,194,0.99,.214
Jason J Hammel,COL,7,13,4.76,32,27,0,0,1,1,170.1,175,100,90,21,6,68,94,1.43,.270
Aaron A Heilman,ARI,4,1,6.88,32,0,0,0,0,1,35.1,48,28,27,8,1,11,33,1.67,.318
Roberto R Hernandez,CLE,7,15,5.25,32,32,0,0,0,0,188.2,205,125,110,22,14,60,109,1.40,.276
Derek D Holland,TEX,16,5,3.95,32,32,4,4,0,0,198.0,201,97,87,22,6,67,162,1.35,.262
Edwin E Jackson,STL,12,9,3.79,32,31,1,1,0,0,199.2,225,92,84,16,2,62,148,1.44,.290
Ubaldo U Jiménez Jimenez,CLE,10,13,4.68,32,32,2,1,0,0,188.1,186,111,98,17,9,78,180,1.40,.254
Hiroki H Kuroda,LAD,13,16,3.07,32,32,0,0,0,0,202.0,196,77,69,24,5,49,161,1.21,.254
Cliff C Lee,PHI,17,8,2.40,32,32,6,6,0,0,232.2,197,66,62,18,6,42,238,1.03,.229
Colby C Lewis,TEX,14,10,4.40,32,32,2,1,0,0,200.1,187,103,98,35,6,56,169,1.21,.244
Clay C Rapada,BAL,2,0,6.06,32,0,0,0,0,0,16.1,14,11,11,3,0,7,18,1.29,.230
Ricky R Romero,TOR,15,11,2.92,32,32,4,2,0,0,225.0,176,85,73,26,14,80,178,1.14,.216
Anibal A Sánchez Sanchez,FLA,8,9,3.67,32,32,3,2,0,0,196.1,187,85,80,20,5,64,202,1.28,.250
Jason J Vargas,SEA,10,13,4.25,32,32,4,3,0,0,201.0,205,105,95,22,4,59,131,1.31,.260
Javier J Vazquez,FLA,13,11,3.69,32,32,2,1,0,0,192.2,178,91,79,21,2,50,162,1.18,.243
Jeremy J Accardo,BAL,3,3,5.73,31,0,0,0,0,1,37.2,43,24,24,5,1,18,23,1.62,.295
Mark M Buehrle,CWS,13,9,3.59,31,31,0,0,0,0,205.1,221,93,82,21,2,45,109,1.30,.277
Jhoulys J Chacín Chacin,COL,11,14,3.62,31,31,2,1,0,0,194.0,168,87,78,20,4,87,150,1.31,.231
Josh J Collmenter,ARI,10,10,3.38,31,24,0,0,0,0,154.1,137,61,58,17,5,28,100,1.07,.237
Gavin G Floyd,CWS,12,13,4.37,31,30,1,0,0,0,193.2,180,97,94,22,11,45,151,1.16,.247
Jeff J Francis,KC,6,16,4.82,31,31,1,0,0,0,183.0,224,102,98,19,5,39,91,1.44,.301
Matt M Garza,CHC,10,10,3.32,31,31,2,0,0,0,198.0,186,90,73,14,3,63,197,1.26,.245
Matt M Harrison,TEX,14,9,3.39,31,30,0,0,0,0,185.2,180,79,70,13,1,57,126,1.28,.257
Luke L Hochevar,KC,11,11,4.68,31,31,0,0,0,0,198.0,192,110,103,23,7,62,128,1.28,.252
Mat M Latos,SD,9,14,3.47,31,31,0,0,0,0,194.1,168,82,75,16,1,62,185,1.18,.233
Jon J Lester,BOS,15,9,3.47,31,31,0,0,0,0,191.2,166,77,74,20,11,75,182,1.26,.234
James J Mc Donald,PIT,9,9,4.21,31,31,0,0,0,0,171.0,176,86,80,24,7,78,142,1.49,.268
Daniel D Moskos,PIT,1,1,2.96,31,0,0,0,0,0,24.1,29,11,8,0,0,9,11,1.56,.302
Bud B Norris,HOU,6,11,3.77,31,31,0,0,0,0,186.0,177,93,78,24,5,70,176,1.33,.250
Alexi A Ogando,TEX,13,8,3.51,31,29,1,1,0,0,169.0,149,73,66,16,7,43,126,1.14,.234
Brad B Penny,DET,11,11,5.30,31,31,0,0,0,0,181.2,222,117,107,24,4,62,74,1.56,.306
Rick R Porcello,DET,14,9,4.75,31,31,0,0,0,0,182.0,210,103,96,18,8,46,104,1.41,.292
Dan D Runzler,SF,1,2,6.26,31,1,0,0,0,0,27.1,29,21,19,0,0,16,25,1.65,.282
Doug D Slaten,WSH,0,2,4.41,31,0,0,0,0,0,16.1,26,10,8,3,1,9,13,2.14,.356
Tim T Stauffer,SD,9,12,3.73,31,31,0,0,0,0,185.2,180,81,77,20,8,53,128,1.25,.258
Esmerling E Vasquez,ARI,1,1,4.15,31,0,0,0,0,2,30.1,27,16,14,2,4,13,20,1.32,.239
Josh J Beckett,BOS,13,7,2.89,30,30,1,1,0,0,193.0,146,65,62,21,9,52,175,1.03,.211
Bobby B Cassevah,LAA,1,1,2.72,30,0,0,0,0,1,39.2,28,12,12,1,1,19,24,1.18,.207
Dillon D Gee,NYM,13,6,4.43,30,27,1,0,0,0,160.2,150,85,79,18,14,71,114,1.38,.248
Tom T Gorzelanny,WSH,4,6,4.03,30,15,0,0,0,1,105.0,102,50,47,15,6,33,95,1.29,.258
Jeff J Gray,SEA,0,1,4.28,30,0,0,0,1,4,48.1,52,23,23,4,1,21,23,1.51,.275
Jeff J Karstens,PIT,9,9,3.38,30,26,1,1,0,0,162.1,163,69,61,22,4,33,96,1.21,.263
Kyle K Lohse,STL,14,8,3.39,30,30,1,1,0,0,188.1,178,80,71,16,3,42,111,1.17,.249
Brandon B Morrow,TOR,11,11,4.72,30,30,0,0,0,0,179.1,162,103,94,21,12,69,203,1.29,.237
Chris C Narveson,MIL,11,8,4.45,30,28,0,0,0,0,161.2,160,82,80,17,1,65,126,1.39,.257
Hector H Noesí Noesi,NYY,2,2,4.47,30,2,0,0,0,0,56.1,63,29,28,6,2,22,45,1.51,.286
Wandy W Rodriguez,HOU,11,11,3.49,30,30,0,0,0,0,191.0,182,81,74,25,5,69,166,1.31,.251
Takashi T Saito,MIL,4,2,2.03,30,0,0,0,0,2,26.2,21,6,6,2,1,9,23,1.13,.216
Ryan R Vogelsong,SF,13,7,2.71,30,28,1,1,0,0,179.2,164,62,54,15,5,61,139,1.25,.244
Fernando F Abad,HOU,1,4,7.32,29,0,0,0,0,2,19.2,28,18,16,5,1,9,15,1.88,.326
Danys D Baez,PHI,2,4,6.25,29,0,0,0,0,1,36.0,43,28,25,5,3,13,18,1.56,.293
Bartolo B Colon,NYY,8,10,4.00,29,26,1,1,0,0,164.1,172,85,73,21,3,40,135,1.29,.267
Wade W Davis,TB,11,10,4.45,29,29,1,0,0,0,184.0,190,96,91,23,8,63,105,1.38,.267
Jeremy J Hellickson,TB,13,10,2.95,29,29,2,1,0,0,189.0,146,64,62,21,4,72,117,1.15,.210
Livan L Hernandez,WSH,8,13,4.47,29,29,1,1,0,0,175.1,199,98,87,16,5,46,99,1.40,.291
Mike M Leake,CIN,12,9,3.86,29,26,0,0,0,0,167.2,159,74,72,23,8,38,118,1.17,.250
Charlie C Morton,PIT,10,10,3.83,29,29,2,1,0,0,171.2,186,82,73,6,13,77,110,1.53,.281
Chris C Ray,SEA,3,2,4.68,29,0,0,0,0,2,32.2,33,18,17,2,0,12,22,1.38,.270
Jo- Jo J Reyes,BAL,7,11,5.57,29,25,1,0,0,0,140.2,176,99,87,21,7,48,87,1.59,.303
Chris C Volstad,FLA,5,13,4.89,29,29,0,0,0,0,165.2,187,96,90,23,1,49,117,1.42,.289
Zack Z Britton,BAL,11,11,4.61,28,28,0,0,0,0,154.1,162,93,79,12,1,62,97,1.45,.276
Charlie C Furbush,SEA,4,10,5.48,28,12,0,0,0,0,85.1,97,59,52,16,6,30,67,1.49,.294
Zack Z Greinke,MIL,16,6,3.83,28,28,0,0,0,0,171.2,161,82,73,19,4,45,201,1.20,.245
Jason J Grilli,PIT,2,1,2.48,28,0,0,0,1,1,32.2,24,10,9,2,4,15,37,1.19,.200
J. A. J Happ,HOU,6,15,5.35,28,28,0,0,0,0,156.1,157,103,93,21,2,83,134,1.54,.265
Aaron A Harang,SD,14,7,3.64,28,28,0,0,0,0,170.2,175,73,69,20,3,58,124,1.37,.269
Philip P Humber,CWS,9,9,3.75,28,26,0,0,0,0,163.0,151,71,68,14,6,41,116,1.18,.243
John J Lackey,BOS,12,12,6.41,28,28,0,0,0,0,160.0,203,119,114,20,19,56,108,1.62,.308
Jesse J Litsch,TOR,6,3,4.44,28,8,0,0,1,2,75.0,69,40,37,10,3,28,66,1.29,.245
Ivan I Nova,NYY,16,4,3.70,28,27,0,0,0,0,165.1,163,74,68,13,6,57,98,1.33,.258
Michael M Pineda,SEA,9,10,3.74,28,28,0,0,0,0,171.0,133,76,71,18,5,55,173,1.10,.211
Anthony A Bass,SD,2,0,1.68,27,3,0,0,0,0,48.1,41,9,9,3,1,21,24,1.28,.236
Joba J Chamberlain,NYY,2,0,2.83,27,0,0,0,0,1,28.2,23,10,9,3,1,7,24,1.05,.228
Tyler T Chatwood,LAA,6,11,4.75,27,25,0,0,0,0,142.0,166,81,75,14,6,71,74,1.67,.303
Kevin K Correia,PIT,12,11,4.79,27,26,1,0,0,0,154.0,175,90,82,24,2,39,77,1.39,.287
John J Danks,CWS,8,12,4.33,27,27,2,1,0,0,170.1,182,89,82,19,7,46,135,1.34,.274
Josh J Lindblom,LAD,1,0,2.73,27,0,0,0,0,1,29.2,21,9,9,0,2,10,28,1.04,.212
Jonathon J Niese,NYM,11,11,4.40,27,26,0,0,0,0,157.1,178,88,77,14,5,44,138,1.41,.284
Joel J Pineiro,LAA,7,7,5.13,27,24,0,0,0,0,145.2,182,90,83,16,2,38,62,1.51,.311
Anthony A Swarzak,MIN,4,7,4.32,27,11,0,0,0,0,102.0,111,53,49,9,6,26,55,1.34,.275
Nick N Blackburn,MIN,7,10,4.49,26,26,1,0,0,0,148.1,183,91,74,19,4,54,76,1.60,.305
Jerry J Blevins,OAK,0,0,2.86,26,0,0,0,0,0,28.1,24,14,9,2,1,14,26,1.34,.235
Joey J Devine,OAK,1,1,3.52,26,0,0,0,0,1,23.0,18,9,9,0,2,11,20,1.26,.214
Freddy F Garcia,NYY,12,8,3.62,26,25,0,0,0,0,146.2,152,63,59,16,3,45,96,1.34,.268
Jim J Hoey,MIN,1,2,5.47,26,0,0,0,0,1,24.2,34,20,15,4,0,13,14,1.91,.330
Francisco F Liriano,MIN,9,10,5.09,26,24,1,1,0,0,134.1,125,81,76,14,7,75,112,1.49,.249
Rodrigo R Lopez,CHC,6,6,4.42,26,16,0,0,0,0,97.2,116,56,48,18,5,29,54,1.48,.299
Paul P Maholm,PIT,6,14,3.66,26,26,1,1,0,0,162.1,160,72,66,11,8,50,97,1.29,.262
Sergio S Mitre,NYY,0,1,4.46,26,0,0,0,0,1,38.1,39,23,19,3,2,14,16,1.38,.262
Eduardo E Sanchez,STL,3,1,1.80,26,0,0,0,5,7,30.0,14,6,6,1,3,16,35,1.00,.144
Everett E Teaford,KC,2,1,3.27,26,3,0,0,1,1,44.0,36,17,16,8,1,14,28,1.14,.231
Josh J Tomlin,CLE,12,7,4.25,26,26,0,0,0,0,165.1,157,80,78,24,3,21,89,1.08,.248
Jordan J Zimmermann,WSH,8,11,3.18,26,26,1,0,0,0,161.1,154,62,57,12,7,31,124,1.15,.251
Brandon B Beachy,ATL,7,3,3.68,25,25,0,0,0,0,141.2,125,62,58,16,5,46,169,1.21,.236
Zach Z Braddock,MIL,0,1,7.27,25,0,0,0,0,1,17.1,16,15,14,2,2,11,18,1.56,.239
Bruce B Chen,KC,12,8,3.77,25,25,1,0,0,0,155.0,152,71,65,18,7,50,97,1.30,.258
Brad B Lidge,PHI,0,2,1.40,25,0,0,0,1,1,19.1,16,3,3,0,1,13,23,1.50,.225
Josh J Lueke,SEA,1,1,6.06,25,0,0,0,0,0,32.2,34,22,22,2,0,13,29,1.44,.270
Brandon B Mc Carthy,OAK,9,9,3.32,25,25,5,1,0,0,170.2,168,73,63,11,0,25,123,1.13,.258
Pat P Neshek,SD,1,1,4.01,25,0,0,0,0,0,24.2,19,12,11,4,1,22,20,1.66,.216
Tom T Wilhelmsen,SEA,2,0,3.31,25,0,0,0,0,0,32.2,25,13,12,2,2,13,30,1.16,.210
Vance V Worley,PHI,11,3,3.01,25,21,1,0,0,0,131.2,116,47,44,10,3,46,119,1.23,.237
Nate N Adcock,KC,1,1,4.62,24,3,0,0,1,1,60.1,63,34,31,5,3,26,36,1.48,.272
Erik E Bedard,BOS,5,9,3.62,24,24,0,0,0,0,129.1,118,63,52,14,1,48,125,1.28,.241
Johnny J Cueto,CIN,9,5,2.31,24,24,3,1,0,0,156.0,123,51,40,8,10,47,104,1.09,.220
Tim T Dillard,MIL,1,1,4.08,24,0,0,0,0,0,28.2,26,13,13,3,2,4,27,1.05,.241
Evan E Meek,PIT,1,1,3.48,24,0,0,0,0,1,20.2,27,11,8,1,0,12,17,1.89,.310
Carlos C Zambrano,CHC,9,7,4.82,24,24,0,0,0,0,145.2,154,80,78,19,5,56,101,1.44,.277
Scott S Baker,MIN,8,6,3.14,23,21,1,0,0,0,134.2,126,50,47,15,4,32,123,1.17,.248
Collin C Balester,WSH,1,4,4.54,23,0,0,0,0,1,35.2,38,21,18,7,1,14,34,1.46,.268
Brian B Bruney,CWS,1,0,6.86,23,0,0,0,0,0,19.2,26,15,15,4,0,12,16,1.93,.338
Taylor T Buchholz,NYM,1,1,3.12,23,0,0,0,0,0,26.0,22,10,9,5,1,7,26,1.12,.234
Jair J Jurrjens,ATL,13,6,2.96,23,23,2,1,0,0,152.0,142,52,50,14,4,44,90,1.22,.249
Chris C Leroux,PIT,1,1,2.88,23,0,0,0,0,1,25.0,26,9,8,0,1,7,24,1.32,.257
Jason J Marquis,ARI,8,6,4.43,23,23,1,1,0,0,132.0,154,74,65,11,5,43,76,1.49,.294
Marcos M Mateo,CHC,1,2,4.30,23,0,0,0,0,0,23.0,24,11,11,2,0,10,25,1.48,.276
Guillermo G Moscoso,OAK,8,10,3.38,23,21,0,0,0,0,128.0,102,59,48,14,2,38,74,1.09,.212
Jeff J Niemann,TB,11,7,4.06,23,23,1,0,0,0,135.1,131,65,61,18,5,37,105,1.24,.250
Roy R Oswalt,PHI,9,10,3.69,23,23,0,0,0,0,139.0,153,60,57,10,5,33,93,1.34,.280
Alfredo A Simon,BAL,4,9,4.90,23,16,0,0,0,0,115.2,128,69,63,15,4,40,83,1.45,.284
Pedro P Strop,BAL,2,1,2.05,23,0,0,0,0,2,22.0,15,5,5,0,1,10,21,1.14,.197
Randy R Wells,CHC,7,6,4.99,23,23,2,1,0,0,135.1,141,76,75,23,2,47,82,1.39,.269
Jake J Arrieta,BAL,10,8,5.05,22,22,0,0,0,0,119.1,115,70,67,21,4,59,93,1.46,.253
Homer H Bailey,CIN,9,7,4.43,22,22,0,0,0,0,132.0,136,68,65,18,5,33,106,1.28,.264
Tommy T Hanson,ATL,11,7,3.60,22,22,0,0,0,0,130.0,106,55,52,17,3,46,142,1.17,.219
Ramon R Ortiz,CHC,1,2,4.86,22,2,0,0,0,0,33.1,31,20,18,6,0,11,25,1.26,.244
Travis T Wood,CIN,6,6,4.84,22,18,0,0,0,0,106.0,118,57,57,10,4,40,76,1.49,.293
Carlos C Carrasco,CLE,8,9,4.62,21,21,1,0,0,0,124.2,130,68,64,15,4,40,85,1.36,.270
Zach Z Duke,ARI,3,4,4.93,21,9,0,0,1,1,76.2,101,42,42,6,1,19,32,1.57,.324
Ryan R Franklin,STL,1,4,8.46,21,0,0,0,1,5,27.2,44,27,26,9,1,7,17,1.84,.367
Wesley W Wright,HOU,0,0,1.50,21,0,0,0,0,1,12.0,6,2,2,1,0,5,11,0.92,.154
Brett B Cecil,TOR,4,11,4.73,20,20,2,1,0,0,123.2,122,68,65,22,6,42,87,1.33,.256
Danny D Duffy,KC,4,8,5.64,20,20,0,0,0,0,105.1,119,66,66,15,5,51,87,1.61,.287
Juan J Gutierrez,ARI,0,0,5.40,20,0,0,0,0,1,18.1,22,16,11,3,1,9,23,1.69,.275
Tommy T Hunter,BAL,4,4,4.68,20,11,0,0,0,1,84.2,100,50,44,12,4,15,45,1.36,.291
Jordan J Lyles,HOU,2,8,5.36,20,15,0,0,0,0,94.0,107,61,56,14,5,26,67,1.41,.285
Dustin D Moseley,SD,3,10,3.30,20,20,0,0,0,0,120.0,117,59,44,10,2,36,64,1.28,.255
Troy T Patton,BAL,2,1,3.00,20,0,0,0,0,0,30.0,25,10,10,2,0,5,22,1.00,.223
Edinson E Vólquez Volquez,CIN,5,7,5.71,20,20,0,0,0,0,108.2,106,72,69,19,4,65,104,1.57,.259
Trevor T Bell,LAA,1,1,3.41,19,0,0,0,0,1,34.1,39,14,13,2,1,10,17,1.43,.291
Casey C Coleman,CHC,3,9,6.40,19,17,0,0,0,0,84.1,102,62,60,10,4,46,75,1.75,.300
Willie W Eyre,BAL,2,2,3.44,19,0,0,0,0,0,18.1,12,7,7,2,0,5,10,0.93,.188
Bobby B Jenks,BOS,2,2,6.32,19,0,0,0,0,2,15.2,22,12,11,1,0,13,17,2.23,.328
Lester L Oliveros,MIN,0,0,4.64,19,0,0,0,0,0,21.1,21,11,11,0,0,11,13,1.50,.269
Jake J Peavy,CWS,7,7,4.92,19,18,1,1,0,0,111.2,117,61,61,10,3,24,95,1.26,.268
Josh J Roenicke,COL,0,0,3.78,19,0,0,0,0,0,16.2,14,7,7,1,1,7,12,1.26,.233
Jonathan J Sánchez Sanchez,SF,4,7,4.26,19,19,0,0,0,0,101.1,80,54,48,9,6,66,102,1.44,.220
Brian B Tallet,TOR,0,2,9.45,19,0,0,0,0,1,13.1,22,15,14,4,2,7,10,2.18,.355
Aaron A Cook,COL,3,10,6.03,18,17,0,0,0,0,97.0,127,67,65,9,5,37,48,1.69,.326
Kyle K Drabek,TOR,4,5,6.06,18,14,0,0,0,0,78.2,87,54,53,10,1,55,51,1.81,.289
Cory C Gearrin,ATL,1,1,7.85,18,0,0,0,0,1,18.1,17,16,16,0,2,12,25,1.58,.243
Daniel D Herrera,NYM,0,1,4.66,18,0,0,0,0,0,9.2,13,6,5,1,0,3,5,1.66,.342
Lance L Lynn,STL,1,1,3.12,18,2,0,0,1,2,34.2,25,12,12,3,1,11,40,1.04,.203
Clayton C Richard,SD,5,9,3.88,18,18,0,0,0,0,99.2,104,52,43,8,2,38,53,1.42,.272
Esmil E Rogers,COL,6,6,7.05,18,13,0,0,0,0,83.0,110,65,65,14,6,47,63,1.89,.320
Joe J Thatcher,SD,0,0,4.50,18,0,0,0,0,0,10.0,8,5,5,1,0,7,9,1.50,.216
Ramon R Troncoso,LAD,0,0,6.75,18,0,0,0,0,0,22.2,38,18,17,5,0,4,14,1.85,.388
Anthony A Varvaro,ATL,0,2,2.63,18,0,0,0,0,1,24.0,15,7,7,3,0,11,23,1.08,.183
Scott S Atchison,BOS,1,0,3.26,17,0,0,0,1,1,30.1,31,11,11,0,2,6,17,1.22,.279
Dave D Bush,TEX,0,1,5.79,17,3,0,0,0,0,37.1,47,27,24,6,3,9,23,1.50,.309
Alberto A Castillo,ARI,1,0,2.31,17,0,0,0,0,0,11.2,10,3,3,0,1,7,6,1.46,.244
Jose J Ceda,FLA,0,1,4.43,17,0,0,0,0,0,20.1,16,11,10,1,0,12,21,1.38,.211
Jose J Contreras,PHI,0,0,3.86,17,0,0,0,5,5,14.0,11,6,6,0,1,8,13,1.36,.220
Carlos C Fisher,CIN,0,3,4.50,17,0,0,0,0,0,24.0,25,15,12,3,1,11,17,1.50,.263
Phil P Hughes,NYY,5,5,5.79,17,14,1,1,0,0,74.2,84,48,48,9,4,27,47,1.49,.283
Andrew A Miller,BOS,6,3,5.54,17,12,0,0,0,0,65.0,77,43,40,8,3,41,50,1.82,.302
Ramon R Pena,CWS,1,1,6.20,17,0,0,0,0,1,20.1,25,15,14,2,0,10,17,1.72,.301
Jordan J Smith,CIN,0,0,7.20,17,0,0,0,0,1,20.0,32,16,16,3,1,8,13,2.00,.390
Arodys A Vizcaíno Vizcaino,ATL,1,1,4.67,17,0,0,0,0,2,17.1,16,9,9,1,1,9,17,1.44,.239
Kevin K Jepsen,LAA,1,2,7.62,16,0,0,0,0,1,13.0,21,11,11,2,1,9,6,2.31,.375
Clayton C Mortensen,COL,2,4,3.86,16,6,0,0,0,0,58.1,55,30,25,9,2,24,30,1.35,.257
Darren D O' Day,TEX,0,1,5.40,16,0,0,0,0,0,16.2,17,10,10,7,2,5,18,1.32,.262
Mitch M Stetter,MIL,0,0,5.14,16,0,0,0,0,0,7.0,8,4,4,2,1,1,7,1.29,.296
Brayan B Villarreal,DET,1,1,6.75,16,0,0,0,0,0,16.0,21,12,12,3,0,10,14,1.94,.323
Blake B Beavan,SEA,5,6,4.27,15,15,0,0,0,0,97.0,106,46,46,13,3,15,42,1.25,.278
Michael M Crotta,PIT,0,1,9.28,15,0,0,0,0,1,10.2,20,11,11,2,0,5,7,2.34,.392
Ross R Detwiler,WSH,4,5,3.00,15,10,0,0,0,0,66.0,63,26,22,7,3,20,41,1.26,.258
Rich R Harden,OAK,4,4,5.12,15,15,0,0,0,0,82.2,87,48,47,17,2,31,91,1.43,.267
Dusty D Hughes,MIN,1,0,9.95,15,0,0,0,0,0,12.2,19,14,14,4,1,8,11,2.13,.365
Michael M Kirkman,TEX,1,1,6.59,15,0,0,0,0,0,27.1,26,22,20,5,3,12,21,1.39,.250
Brandon B Lyon,HOU,3,3,11.48,15,0,0,0,4,8,13.1,27,17,17,4,0,5,6,2.40,.409
Mike M Minor,ATL,5,3,4.14,15,15,0,0,0,0,82.2,93,39,38,7,1,30,77,1.49,.285
Lance L Pendleton,HOU,0,0,6.75,15,0,0,0,0,0,18.2,20,14,14,6,2,11,13,1.66,.274
Chance C Ruffin,SEA,1,0,4.08,15,0,0,0,0,0,17.2,18,8,8,4,0,9,18,1.53,.261
Andy A Sonnanstine,TB,0,2,5.55,15,4,0,0,0,0,35.2,40,22,22,10,1,12,12,1.46,.292
Duane D Below,DET,0,2,4.34,14,2,0,0,0,0,29.0,28,16,14,2,1,11,14,1.34,.252
Michael M Bowden,BOS,0,0,4.05,14,0,0,0,0,0,20.0,19,9,9,3,0,11,17,1.50,.241
Jonathan J Broxton,LAD,1,2,5.68,14,0,0,0,7,8,12.2,15,10,8,2,0,9,10,1.89,.283
Clay C Buchholz,BOS,6,3,3.48,14,14,0,0,0,0,82.2,76,34,32,10,2,31,60,1.29,.241
Edgmer E Escalona,COL,0,0,1.75,14,0,0,0,0,0,25.2,17,5,5,3,0,7,14,0.94,.187
Sean S Green,MIL,0,1,5.40,14,0,0,0,0,0,11.2,14,8,7,0,0,6,7,1.71,.280
Erik E Hamren,SD,1,0,4.38,14,0,0,0,0,0,12.1,10,7,6,2,2,9,10,1.54,.244
Jeremy J Jeffress,KC,1,1,4.70,14,0,0,0,1,2,15.1,12,8,8,1,0,11,13,1.50,.222
Michael M Kohn,LAA,0,1,7.30,14,0,0,0,1,2,12.1,14,10,10,6,1,9,9,1.86,.280
Wade W Le Blanc,SD,5,6,4.63,14,14,0,0,0,0,79.2,84,42,41,7,1,28,51,1.41,.276
Kevin K Slowey,MIN,0,8,6.67,14,8,0,0,0,0,59.1,78,44,44,10,3,5,34,1.40,.321
Josh J Stinson,NYM,0,2,6.92,14,0,0,0,1,2,13.0,14,10,10,1,0,7,8,1.62,.286
Brett B Anderson,OAK,3,6,4.00,13,13,1,0,0,0,83.1,86,40,37,8,7,25,61,1.33,.270
Kyle K Davies,KC,1,9,6.75,13,13,0,0,0,0,61.1,84,52,46,7,5,26,50,1.79,.332
Rubby R De La Rosa,LAD,4,5,3.71,13,10,0,0,0,1,60.2,54,26,25,6,0,31,60,1.40,.244
Steve S Edlefsen,SF,0,0,9.53,13,0,0,0,0,0,11.1,17,12,12,2,1,10,6,2.38,.347
Josh J Kinney,CWS,0,0,6.62,13,0,0,0,0,0,17.2,23,13,13,1,2,7,20,1.70,.319
Peter P Moylan,ATL,2,1,3.24,13,0,0,0,0,0,8.1,12,3,3,0,0,3,10,1.80,.343
Juan J Nicasio,COL,4,4,4.14,13,13,0,0,0,0,71.2,73,35,33,8,1,18,58,1.27,.262
Josh J Outman,OAK,3,5,3.70,13,9,0,0,0,0,58.1,62,27,24,4,0,23,35,1.46,.277
Greg G Reynolds,COL,3,0,6.19,13,3,0,0,0,0,32.0,40,22,22,6,1,10,18,1.56,.303
Zach Z Stewart,CWS,2,6,5.88,13,11,1,1,0,0,67.1,90,44,44,11,2,18,45,1.60,.331
Chris C Tillman,BAL,3,5,5.52,13,13,0,0,0,0,62.0,77,41,38,5,4,25,46,1.65,.301
Raul R Valdes,NYY,0,1,3.00,13,0,0,0,0,0,12.0,14,4,4,1,1,6,15,1.67,.292
Dontrelle D Willis,CIN,1,6,5.00,13,13,0,0,0,0,75.2,78,42,42,6,2,37,57,1.52,.271
Tim T Wood,PIT,0,3,5.63,13,0,0,0,0,0,8.0,8,5,5,1,0,8,2,2.00,.286
Barry B Zito,SF,3,4,5.87,13,9,0,0,0,0,53.2,51,35,35,10,0,24,32,1.40,.256
Drew D Carpenter,SD,0,0,7.98,12,0,0,0,0,1,14.2,19,13,13,3,0,7,16,1.77,.322
Ryan R Cook,ARI,0,1,7.04,12,0,0,0,0,0,7.2,11,6,6,0,0,8,7,2.48,.333
Brad B Hand,FLA,1,8,4.20,12,12,0,0,0,0,60.0,53,32,28,10,1,35,38,1.47,.241
Jeremy J Horst,CIN,0,0,2.93,12,0,0,0,0,0,15.1,18,6,5,2,0,6,9,1.57,.290
Jared J Hughes,PIT,0,1,4.09,12,0,0,0,0,0,11.0,9,5,5,1,0,4,10,1.18,.220
Josh J Judy,CLE,0,0,7.07,12,0,0,0,0,0,14.0,18,11,11,4,4,4,10,1.57,.321
Cole C Kimball,WSH,1,0,1.93,12,0,0,0,0,1,14.0,8,3,3,0,1,11,11,1.36,.174
Brad B Lincoln,PIT,2,3,4.72,12,8,0,0,0,0,47.2,54,27,25,4,2,16,29,1.47,.286
Brian B Matusz,BAL,1,9,10.69,12,12,0,0,0,0,49.2,81,60,59,18,0,24,38,2.11,.372
Sean S O' Sullivan,KC,2,6,7.25,12,10,0,0,0,1,58.1,78,52,47,10,2,26,19,1.78,.328
Horacio H Ramirez,LAA,1,0,6.00,12,0,0,0,0,0,9.0,16,7,6,1,0,2,4,2.00,.432
Michael M Schwimer,PHI,1,1,5.02,12,0,0,0,0,2,14.1,15,8,8,2,1,7,16,1.53,.278
Mitch M Talbot,CLE,2,6,6.64,12,12,0,0,0,0,63.2,90,47,47,10,3,28,36,1.85,.344
Brad B Thomas,DET,0,1,9.00,12,0,0,0,0,0,11.0,17,12,11,1,1,6,7,2.09,.386
Jose G. J Valdez,HOU,0,0,9.00,12,0,0,0,0,0,14.0,17,14,14,2,1,7,15,1.71,.304
Joe J Blanton,PHI,1,2,5.01,11,8,0,0,0,0,41.1,52,23,23,5,1,9,35,1.48,.319
Brian B Broderick,WSH,0,1,6.57,11,0,0,0,0,0,12.1,16,9,9,0,2,3,4,1.54,.320
Joel J Carreno,TOR,1,0,1.15,11,0,0,0,0,0,15.2,11,2,2,1,0,4,14,0.96,.200
Frankie F De La Cruz,MIL,0,0,2.77,11,0,0,0,0,0,13.0,10,4,4,0,2,5,9,1.15,.213
Felix F Doubront,BOS,0,0,6.10,11,0,0,0,1,1,10.1,12,7,7,1,0,8,6,1.94,.316
Scott S Feldman,TEX,2,1,3.94,11,2,0,0,0,0,32.0,25,14,14,3,2,10,22,1.09,.216
Jeanmar J Gómez Gomez,CLE,5,3,4.47,11,10,0,0,0,0,58.1,73,31,29,6,1,15,31,1.51,.303
Chris C Hatcher,FLA,0,0,6.97,11,0,0,0,0,0,10.1,14,8,8,2,0,4,8,1.74,.341
David D Huff,CLE,2,6,4.09,11,10,0,0,0,0,50.2,55,35,23,6,0,17,36,1.42,.266
Dale D Thayer,NYM,0,3,3.48,11,0,0,0,0,0,10.1,12,4,4,0,0,0,5,1.16,.308
Chien- Ming C Wang,WSH,4,3,4.04,11,11,0,0,0,0,62.1,67,35,28,8,1,13,25,1.28,.272
Henderson H Alvarez,TOR,1,3,3.53,10,10,0,0,0,0,63.2,64,26,25,8,4,8,40,1.13,.262
Chris C Carpenter,CHC,0,0,2.79,10,0,0,0,0,0,9.2,12,3,3,1,0,7,8,1.97,.316
Dan D Cortes,SEA,0,2,5.91,10,0,0,0,0,0,10.2,13,7,7,1,1,6,3,1.78,.302
Jorge J De La Rosa,COL,5,2,3.51,10,10,1,0,0,0,59.0,48,25,23,4,2,22,52,1.19,.222
Nathan N Eovaldi,LAD,1,2,3.63,10,6,0,0,0,0,34.2,28,14,14,2,2,20,23,1.38,.230
Cody C Eppley,TEX,1,1,8.00,10,0,0,0,0,1,9.0,11,8,8,3,1,5,6,1.78,.306
Chad C Gaudin,WSH,1,1,6.48,10,0,0,0,0,0,8.1,12,10,6,1,0,8,10,2.40,.333
Shawn S Kelley,SEA,0,0,0.00,10,0,0,0,0,0,12.2,7,0,0,0,0,3,10,0.79,.159
Yunesky Y Maya,WSH,1,1,5.23,10,5,0,0,0,0,32.2,40,19,19,3,2,10,15,1.53,.323
Zach Z Phillips,BAL,0,0,1.13,10,0,0,0,0,0,8.0,6,1,1,1,0,2,8,1.00,.194
Francisco F Rodriguez,LAA,0,0,4.61,10,0,0,0,0,0,13.2,13,7,7,2,0,5,7,1.32,.241
Evan E Scribner,SD,0,0,7.07,10,0,0,0,0,0,14.0,18,11,11,1,0,4,10,1.57,.300
Henry H Sosa,HOU,3,5,5.23,10,10,0,0,0,0,53.1,54,31,31,7,3,23,38,1.44,.271
Alex A White,COL,3,4,7.01,10,10,0,0,0,0,51.1,62,42,40,15,4,25,37,1.69,.305
Jerome J Williams,LAA,4,0,3.68,10,6,0,0,0,0,44.0,45,20,18,6,1,15,28,1.36,.269
Brad B Brach,SD,0,2,5.14,9,0,0,0,0,0,7.0,9,5,4,0,1,7,11,2.29,.300
Alex A Cobb,TB,3,2,3.42,9,9,0,0,0,0,52.2,49,21,20,3,1,21,37,1.33,.244
Lance L Cormier,LAD,0,1,9.88,9,0,0,0,0,0,13.2,22,17,15,4,0,5,7,1.98,.338
Doug D Davis,CHC,1,7,6.50,9,9,0,0,0,0,45.2,59,38,33,2,2,26,36,1.86,.314
Jon J Garland,LAD,1,5,4.33,9,9,1,0,0,0,54.0,55,26,26,6,2,20,28,1.39,.276
Justin J Germano,CLE,0,1,5.68,9,0,0,0,0,0,12.2,15,8,8,1,2,5,5,1.58,.288
Nick N Hagadone,CLE,1,0,4.09,9,0,0,0,0,0,11.0,4,6,5,0,1,6,11,0.91,.118
Lucas L Harrell,HOU,0,2,4.50,9,2,0,0,0,0,18.0,23,12,9,0,1,8,15,1.72,.307
Rich R Hill,BOS,0,0,0.00,9,0,0,0,0,0,8.0,3,0,0,0,1,3,12,0.75,.115
Josh J Johnson,FLA,3,1,1.64,9,9,0,0,0,0,60.1,39,13,11,2,1,20,56,0.98,.185
Brandon B Kintzler,MIL,1,1,3.68,9,0,0,0,0,0,14.2,14,9,6,3,0,3,15,1.16,.250
Trystan T Magnuson,OAK,0,0,6.14,9,0,0,0,0,0,14.2,15,11,10,3,0,5,11,1.36,.250
Mike M Mc Clendon,MIL,3,0,2.63,9,0,0,0,0,0,13.2,15,5,4,1,1,3,10,1.32,.273
Kevin K Millwood,COL,4,3,3.98,9,9,0,0,0,0,54.1,58,26,24,9,0,8,36,1.21,.274
Michael M O' Connor,NYM,0,1,2.70,9,0,0,0,0,1,6.2,5,2,2,0,1,3,8,1.20,.200
Ross R Ohlendorf,PIT,1,3,8.15,9,9,0,0,0,0,38.2,60,38,35,9,6,15,27,1.94,.364
Vicente V Padilla,LAD,0,0,4.15,9,0,0,0,3,3,8.2,7,4,4,0,0,5,9,1.38,.226
Tyson T Ross,OAK,3,3,2.75,9,6,0,0,0,0,36.0,33,12,11,1,0,13,24,1.28,.252
Josh J Rupe,BAL,0,0,5.65,9,0,0,0,0,0,14.1,16,9,9,5,2,6,7,1.53,.276
Robinson R Tejeda,KC,0,1,6.14,9,0,0,0,0,0,7.1,12,5,5,2,0,3,2,2.05,.387
Jose J Ascanio,PIT,0,0,7.11,8,0,0,0,0,0,6.1,10,5,5,2,0,2,5,1.89,.345
Justin J Berg,CHC,0,0,3.75,8,0,0,0,0,0,12.0,11,5,5,1,2,6,6,1.42,.250
Buddy B Carlyle,NYY,0,1,4.70,8,0,0,0,0,0,7.2,5,4,4,1,0,7,9,1.57,.185
Nelson N Figueroa,HOU,0,3,8.69,8,5,0,0,0,0,29.0,45,33,28,3,0,16,17,2.10,.352
Armando A Galarraga,ARI,3,4,5.91,8,8,0,0,0,0,42.2,47,36,28,13,1,22,28,1.62,.281
Enrique E Gonzalez,DET,0,0,10.00,8,0,0,0,0,1,9.0,12,10,10,1,0,7,3,2.11,.343
Mark M Hendrickson,BAL,1,0,5.73,8,0,0,0,0,0,11.0,15,7,7,1,0,6,5,1.91,.349
Tommy T Hottovy,BOS,0,0,6.75,8,0,0,0,0,0,4.0,4,3,3,0,1,3,2,1.75,.267
Chuck C James,MIN,0,0,6.10,8,0,0,0,0,0,10.1,12,7,7,1,0,4,8,1.55,.293
Cesar C Jimenez,SEA,1,0,5.40,8,0,0,0,0,0,6.2,6,4,4,0,0,3,7,1.35,.222
Matt M Maloney,CIN,0,3,9.16,8,2,0,0,0,0,18.2,36,21,19,7,1,4,13,2.14,.409
Daisuke D Matsuzaka,BOS,3,3,5.30,8,7,0,0,0,0,37.1,32,24,22,4,1,23,26,1.47,.224
Wade W Miley,ARI,4,2,4.50,8,7,0,0,0,0,40.0,48,20,20,6,0,18,25,1.65,.304
Juan Pablo J Perez,PHI,1,0,3.60,8,0,0,0,0,0,5.0,1,2,2,0,0,5,8,1.20,.063
Zach Z Putnam,CLE,1,1,6.14,8,0,0,0,0,1,7.1,10,5,5,1,2,0,9,1.36,.313
Brett B Tomko,TEX,0,1,4.58,8,0,0,0,0,1,17.2,15,9,9,4,0,10,14,1.42,.246
Juan J Abreu,HOU,0,0,2.70,7,0,0,0,0,0,6.2,6,2,2,1,5,3,12,1.35,.231
Andrew A Cashner,CHC,0,0,1.69,7,1,0,0,0,0,10.2,3,2,2,1,0,4,8,0.66,.086
Matt M Daley,COL,0,0,10.50,7,0,0,0,0,0,6.0,8,7,7,1,0,2,7,1.67,.333
Dane D De La Rosa,TB,0,0,9.82,7,0,0,0,0,0,7.1,10,8,8,1,0,3,8,1.77,.323
Randall R Delgado,ATL,1,1,2.83,7,7,0,0,0,0,35.0,29,12,11,5,1,14,18,1.23,.220
Scott S Diamond,MIN,1,5,5.08,7,7,0,0,0,0,39.0,51,25,22,3,0,17,19,1.74,.317
Barry B Enright,ARI,1,4,7.41,7,7,0,0,0,0,37.2,50,31,31,11,1,15,21,1.73,.325
George G Kontos,NYY,0,0,3.00,7,0,0,0,0,0,6.0,4,2,2,1,0,3,6,1.17,.190
Scott S Maine,CHC,0,0,10.29,7,0,0,0,0,0,7.0,11,8,8,4,0,5,5,2.29,.344
Vin V Mazzaro,KC,1,1,8.26,7,4,0,0,0,0,28.1,39,26,26,4,1,15,10,1.91,.358
Hideki H Okajima,BOS,1,0,4.32,7,0,0,0,0,0,8.1,7,4,4,0,0,5,6,1.44,.233
Garrett G Richards,LAA,0,2,5.79,7,3,0,0,0,0,14.0,16,11,9,4,0,7,9,1.64,.291
Craig C Stammen,WSH,1,1,0.87,7,0,0,0,0,0,10.1,3,1,1,0,0,4,12,0.68,.088
Anthony A Vasquez,SEA,1,6,8.90,7,7,0,0,0,0,29.1,46,35,29,13,3,10,13,1.91,.351
Kyle K Waldrop,MIN,1,0,5.73,7,0,0,0,0,0,11.0,10,7,7,1,0,6,5,1.45,.233
Kyle K Weiland,BOS,0,3,7.66,7,5,0,0,0,0,24.2,29,22,21,5,4,12,13,1.66,.287
Randy R Williams,BOS,0,1,6.48,7,0,0,0,0,0,8.1,10,6,6,0,0,5,6,1.80,.303
Jairo J Asencio,ATL,0,0,6.97,6,0,0,0,0,1,10.1,16,11,8,1,0,5,8,2.03,.340
Yhency Y Brazoban,ARI,0,0,6.00,6,0,0,0,0,1,6.0,8,4,4,1,1,4,8,2.00,.308
Jared J Burton,CIN,0,0,3.86,6,0,0,0,0,0,4.2,6,2,2,1,0,3,3,1.93,.316
Andrew A Carignan,OAK,0,0,4.26,6,0,0,0,0,0,6.1,8,4,3,1,0,2,5,1.58,.276
Steve S Delabar,SEA,1,1,2.57,6,0,0,0,0,0,7.0,5,2,2,1,1,4,7,1.29,.217
Rommie R Lewis,TOR,0,0,9.00,6,0,0,0,0,0,5.0,12,8,5,1,2,2,5,2.80,.444
Kam K Mickolio,ARI,0,0,6.75,6,0,0,0,0,0,6.2,10,5,5,0,0,3,7,1.95,.357
Jim J Miller,COL,0,0,2.57,6,0,0,0,0,0,7.0,3,2,2,0,0,4,5,1.00,.130
Pat P Misch,NYM,1,0,10.29,6,0,0,0,0,0,7.0,11,8,8,1,1,4,5,2.14,.344
Jordan J Norberto,OAK,0,0,8.10,6,0,0,0,0,0,6.2,8,6,6,0,1,7,4,2.25,.308
Addison A Reed,CWS,0,0,3.68,6,0,0,0,0,0,7.1,10,3,3,1,0,1,12,1.50,.313
Atahualpa A Severino,WSH,1,0,3.86,6,0,0,0,0,0,4.2,5,2,2,1,0,1,7,1.29,.278
Eric E Stults,COL,0,0,6.00,6,0,0,0,0,0,12.0,11,8,8,4,1,4,7,1.25,.229
Eric E Surkamp,SF,2,2,5.74,6,6,0,0,0,0,26.2,32,18,17,1,2,17,13,1.84,.311
Kanekoa K Texeira,KC,0,0,2.84,6,0,0,0,0,0,6.1,13,2,2,0,0,3,0,2.53,.419
Neil N Wagner,OAK,0,0,7.20,6,0,0,0,0,0,5.0,6,7,4,1,1,3,4,1.80,.300
Bryan B Augenstein,STL,0,1,9.53,5,0,0,0,0,0,5.2,11,7,6,1,1,3,6,2.47,.407
Blaine B Boyer,NYM,0,2,10.80,5,0,0,0,1,1,6.2,13,8,8,2,1,1,1,2.10,.433
Jason J Bulger,LAA,0,1,0.96,5,0,0,0,0,0,9.1,6,4,1,2,0,10,7,1.71,.182
Brian B Burres,PIT,1,0,3.86,5,2,0,0,0,0,14.0,12,6,6,4,0,4,10,1.14,.226
Bobby B Cramer,OAK,0,1,1.08,5,0,0,0,0,0,8.1,6,1,1,1,0,1,6,0.84,.200
Justin J De Fratus,PHI,1,0,2.25,5,0,0,0,0,0,4.0,1,2,1,0,1,3,3,1.00,.083
John J Ely,LAD,0,1,4.26,5,1,0,0,0,0,12.2,12,6,6,2,0,7,13,1.50,.245
Dana D Eveland,LAD,3,2,3.03,5,5,0,0,0,0,29.2,28,10,10,1,2,6,16,1.15,.257
Graham G Godfrey,OAK,1,2,3.96,5,4,0,0,0,0,25.0,32,14,11,3,1,5,13,1.48,.305
Mark M Hamburger,TEX,1,0,4.50,5,0,0,0,0,0,8.0,5,4,4,0,0,3,6,1.00,.179
Waldis W Joaquin,SF,1,0,4.26,5,0,0,0,0,0,6.1,6,3,3,0,0,3,3,1.42,.261
Wilfredo W Ledezma,TOR,0,0,15.00,5,0,0,0,0,0,6.0,11,10,10,1,0,7,6,3.00,.393
Jeff J Manship,MIN,0,0,8.10,5,0,0,0,0,0,3.1,5,3,3,0,0,4,2,2.70,.385
Dustin D Mc Gowan,TOR,0,2,6.43,5,4,0,0,0,0,21.0,20,15,15,4,1,13,20,1.57,.247
Brad B Mills,TOR,1,2,9.82,5,4,0,0,0,0,18.1,23,20,20,4,2,12,18,1.91,.299
Tommy T Milone,WSH,1,0,3.81,5,5,0,0,0,0,26.0,28,11,11,2,2,4,15,1.23,.283
Stephen S Strasburg,WSH,1,1,1.50,5,5,0,0,0,0,24.0,15,5,4,0,0,2,24,0.71,.179
Julio J Teheran,ATL,1,1,5.03,5,3,0,0,0,0,19.2,21,11,11,4,0,8,10,1.47,.276
Ryan R Tucker,TEX,0,0,7.20,5,0,0,0,0,0,5.0,6,5,4,1,0,4,4,2.00,.286
Merkin M Valdez,TEX,0,0,6.23,5,0,0,0,0,0,4.1,7,3,3,2,0,1,6,1.85,.350
P. J. P Walters,TOR,0,0,7.20,5,0,0,0,0,0,5.0,3,4,4,1,0,3,4,1.20,.167
Adam A Wilk,DET,0,0,5.40,5,0,0,0,0,0,13.1,14,10,8,3,0,3,10,1.28,.259
Dylan D Axelrod,CWS,1,0,2.89,4,3,0,0,0,0,18.2,18,6,6,1,1,9,19,1.45,.257
Bruce B Billings,OAK,0,0,10.29,4,0,0,0,0,0,7.0,13,10,8,1,0,6,7,2.71,.406
Jesse J Chavez,KC,0,0,10.57,4,0,0,0,0,0,7.2,12,9,9,3,0,5,8,2.22,.353
Rob R Delaney,TB,0,0,10.80,4,0,0,0,0,0,5.0,4,6,6,0,0,7,3,2.20,.235
Brandon B Dickson,STL,0,0,3.24,4,1,0,0,0,0,8.1,9,3,3,2,0,3,7,1.44,.290
John J Gaub,CHC,0,0,6.75,4,0,0,0,0,0,2.2,2,2,2,0,0,2,3,1.50,.200
Liam L Hendriks,MIN,0,2,6.17,4,4,0,0,0,0,23.1,29,16,16,3,0,6,16,1.50,.312
Zach Z Kroenke,ARI,0,1,9.00,4,0,0,0,0,0,4.0,6,4,4,1,0,1,3,1.75,.333
Shane S Lindsay,CWS,0,0,12.00,4,0,0,0,0,0,6.0,11,8,8,1,0,5,6,2.67,.379
Jeff J Locke,PIT,0,3,6.48,4,4,0,0,0,0,16.2,21,12,12,3,1,10,5,1.86,.323
Luis L Marte,DET,1,0,2.45,4,0,0,0,0,0,3.2,6,1,1,0,0,1,3,1.91,.375
Scott S Mathieson,PHI,0,0,0.00,4,0,0,0,0,0,5.0,9,0,0,0,2,3,5,2.40,.409
Zach Z Mc Allister,CLE,0,1,6.11,4,4,0,0,0,0,17.2,26,16,12,1,0,7,14,1.87,.338
Garrett G Olson,PIT,1,1,2.08,4,0,0,0,0,0,4.1,2,1,1,0,0,3,4,1.15,.125
Drew D Pomeranz,COL,2,1,5.40,4,4,0,0,0,0,18.1,19,11,11,0,1,5,13,1.31,.271
Dennys D Reyes,BOS,0,0,16.20,4,0,0,0,0,0,1.2,2,3,3,0,2,2,1,2.40,.333
Sandy S Rosario,FLA,0,0,2.45,4,0,0,0,0,0,3.2,5,1,1,0,0,2,2,1.91,.313
Amauri A Sanit,NYY,0,0,12.86,4,0,0,0,0,0,7.0,12,10,10,0,3,3,4,2.14,.353
Joe J Savery,PHI,0,0,0.00,4,0,0,0,0,0,2.2,1,0,0,0,0,0,2,0.38,.125
Chris C Schwinden,NYM,0,2,4.71,4,4,0,0,0,0,21.0,23,13,11,1,1,6,17,1.38,.274
Jeff J Stevens,CHC,0,0,5.14,4,0,0,0,0,0,7.0,4,4,4,1,1,7,4,1.57,.190
Aaron A Thompson,PIT,0,0,7.04,4,1,0,0,0,0,7.2,13,6,6,2,0,6,1,2.48,.382
Mason M Tobin,TEX,0,0,6.75,4,0,0,0,0,0,5.1,5,5,4,1,1,5,0,1.88,.278
Alex A Torres,TB,1,1,3.38,4,0,0,0,0,0,8.0,8,4,3,0,1,7,9,1.88,.258
Rick R Van Den Hurk,BAL,0,0,8.00,4,2,0,0,0,0,9.0,12,9,8,4,1,8,7,2.22,.324
Pedro P Viola,BAL,0,0,9.82,4,0,0,0,0,0,3.2,6,4,4,3,0,2,4,2.18,.353
Mark M Worrell,BAL,0,0,36.00,4,0,0,0,0,0,2.0,6,8,8,2,0,2,3,4.00,.500
Chris C Young,NYM,1,0,1.88,4,4,0,0,0,0,24.0,12,5,5,3,1,11,22,0.96,.146
Mike M Zagurski,PHI,0,0,5.40,4,0,0,0,0,0,3.1,4,2,2,1,0,3,4,2.10,.286
Mitch M Atkins,BAL,0,0,8.44,3,3,0,0,0,0,10.2,21,10,10,5,1,3,7,2.25,.412
Chad C Beck,TOR,0,0,0.00,3,0,0,0,0,0,2.1,1,0,0,0,0,0,3,0.43,.125
Andrew A Brackman,NYY,0,0,0.00,3,0,0,0,0,0,2.1,1,0,0,0,0,3,0,1.71,.100
Dallas D Braden,OAK,1,1,3.00,3,3,0,0,0,0,18.0,18,7,6,2,0,5,15,1.28,.265
Xavier X Cedeño Cedeno,HOU,0,0,27.00,3,0,0,0,0,0,1.2,7,5,5,2,0,0,0,4.20,.636
Maikel M Cleto,STL,0,0,12.46,3,0,0,0,0,0,4.1,7,6,6,2,0,4,6,2.54,.333
Mark M Di Felice,MIL,0,0,12.00,3,0,0,0,0,0,3.0,3,4,4,1,0,2,3,1.67,.250
Danny D Farquhar,TOR,0,0,13.50,3,0,0,0,0,0,2.0,4,4,3,0,0,2,1,3.00,.500
Corey C Kluber,CLE,0,0,8.31,3,0,0,0,0,0,4.1,6,4,4,0,2,3,5,2.08,.300
Jeff J Marquez,NYY,0,0,2.25,3,0,0,0,0,0,4.0,5,1,1,0,0,0,2,1.25,.278
Matt M Moore,TB,1,0,2.89,3,1,0,0,0,0,9.1,9,3,3,1,0,3,15,1.29,.243
Matt M Palmer,LAA,1,1,5.74,3,3,0,0,0,0,15.2,19,11,10,0,1,4,7,1.47,.306
Brad B Peacock,WSH,2,0,0.75,3,2,0,0,0,1,12.0,7,1,1,0,0,6,4,1.08,.167
Alex A Sanabia,FLA,0,0,3.27,3,2,0,0,0,0,11.0,13,4,4,2,0,3,8,1.45,.289
Junichi J Tazawa,BOS,0,0,6.00,3,0,0,0,0,0,3.0,3,2,2,1,0,1,4,1.33,.250
Jacob J Turner,DET,0,1,8.53,3,3,0,0,0,0,12.2,17,13,12,3,1,4,8,1.66,.315
Dellin D Betances,NYY,0,0,6.75,2,1,0,0,0,0,2.2,1,2,2,0,1,6,2,2.63,.125
Jay J Buente,TB,0,1,9.00,2,1,0,0,0,0,5.0,7,6,5,0,1,5,2,2.40,.318
Samuel S Deduno,SD,0,0,3.00,2,0,0,0,0,0,3.0,5,1,1,0,0,3,4,2.67,.357
Mike M Fiers,MIL,0,0,0.00,2,0,0,0,0,0,2.0,2,0,0,0,0,3,2,2.50,.286
Brian B Gordon,NYY,0,1,5.23,2,2,0,0,0,0,10.1,12,6,6,3,2,3,4,1.45,.300
Eric E Hacker,MIN,0,0,0.00,2,0,0,0,0,0,5.1,4,1,0,0,0,4,2,1.50,.235
Kelvin K Herrera,KC,0,1,13.50,2,0,0,0,0,0,2.0,2,3,3,1,1,0,0,1.00,.286
Kris K Medlen,ATL,0,0,0.00,2,0,0,0,0,0,2.1,1,0,0,0,0,0,2,0.43,.125
Luis L Mendoza,KC,2,0,1.23,2,2,0,0,0,0,14.2,11,3,2,0,2,5,7,1.09,.212
Andy A Oliver,DET,0,1,6.52,2,2,0,0,0,0,9.2,11,7,7,3,2,8,5,1.97,.289
Chad C Reineke,CIN,0,1,6.75,2,1,0,0,0,0,6.2,5,6,5,2,1,6,3,1.65,.217
Hector H Santiago,CWS,0,0,0.00,2,0,0,0,0,0,5.1,1,0,0,0,0,1,2,0.38,.059
Anthony A Slama,MIN,0,0,0.00,2,0,0,0,0,0,2.1,0,0,0,0,0,2,3,0.86,.000
Robbie R Weinhardt,DET,0,0,10.80,2,0,0,0,0,0,1.2,4,2,2,0,0,0,1,2.40,.444
Kevin K Whelan,NYY,0,0,5.40,2,0,0,0,0,0,1.2,0,1,1,0,0,5,1,3.00,.000
Michael M Cuddyer R,MIN,0,0,0.00,1,0,0,0,0,0,1.0,2,0,0,0,0,1,0,3.00,.400
Rafael R Dolis,CHC,0,0,0.00,1,0,0,0,0,0,1.1,0,0,0,0,0,1,1,0.75,.000
Mike M Ekstrom,TB,0,0,0.00,1,0,0,0,0,0,1.0,1,0,0,0,0,0,1,1.00,.250
Steve S Garrison,NYY,0,0,0.00,1,0,0,0,0,0,0.2,0,0,0,0,0,0,0,0.00,.000
Edgar E Gonzalez,COL,0,0,9.00,1,0,0,0,0,0,2.0,5,2,2,0,0,1,1,3.00,.500
Alan A Johnson,COL,0,0,9.00,1,1,0,0,0,0,4.0,6,5,4,0,0,3,3,2.25,.375
Scott S Kazmir,LAA,0,0,27.00,1,1,0,0,0,0,1.2,5,5,5,1,2,2,0,4.20,.500
Don D Kelly L,DET,0,0,0.00,1,0,0,0,0,0,0.1,0,0,0,0,0,0,0,0.00,.000
Mitch M Maier C,KC,0,0,0.00,1,0,0,0,0,0,1.0,1,0,0,0,0,0,0,1.00,.250
Mike M Mc Coy,TOR,0,0,0.00,1,0,0,0,0,0,1.0,0,0,0,0,0,0,0,0.00,.000
Darnell D Mc Donald R,BOS,0,0,18.00,1,0,0,0,0,0,1.0,1,2,2,0,0,2,0,3.00,.250
Jarrod J Parker,ARI,0,0,0.00,1,1,0,0,0,0,5.2,4,0,0,0,0,1,1,0.88,.211
Bryan B Petersen L,FLA,0,0,0.00,1,0,0,0,0,0,1.0,0,0,0,0,0,1,0,1.00,.000
Scott S Richmond,TOR,0,0,0.00,1,0,0,0,0,0,0.1,0,0,0,0,0,0,0,0.00,.000
Skip S Schumaker,STL,0,0,18.00,1,0,0,0,0,0,1.0,1,2,2,1,0,1,2,2.00,.250
Daryl D Thompson,CIN,0,1,15.00,1,0,0,0,0,0,3.0,6,5,5,0,0,5,0,3.67,.429
Wilson W Valdez S,PHI,1,0,0.00,1,0,0,0,0,0,1.0,0,0,0,0,1,0,0,0.00,.000
Elih E Villanueva,FLA,0,1,24.00,1,1,0,0,0,0,3.0,5,8,8,1,1,5,2,3.33,.357
