PLAYER,TEAM,AB,R,H,2B,3B,HR,RBI,BB,SO,SB,CS,AVG,OBP,SLG,OPS
Edgar E Martinez D,SEA,145,511,121,182,52,0,29,113,116,87,4,3,.356,.479,.628,1.107
Frank F Thomas,CWS,145,493,102,152,27,0,40,111,136,74,3,2,.308,.454,.606,1.061
Barry B Bonds L,SF,144,506,109,149,30,7,33,104,120,83,31,10,.294,.431,.577,1.009
Chad C Curtis,DET,144,586,96,157,29,3,21,67,70,93,27,15,.268,.349,.435,.784
Travis T Fryman,DET,144,567,79,156,21,5,15,81,63,100,4,2,.275,.347,.409,.756
Fred F Mc Griff,ATL,144,528,85,148,27,1,27,93,65,99,3,6,.280,.361,.489,.850
Cal C Ripken S,BAL,144,550,71,144,33,2,17,88,52,59,0,1,.262,.324,.422,.745
Sammy S Sosa R,CHC,144,564,89,151,17,3,36,119,58,134,34,7,.268,.340,.500,.840
Ed E Sprague,TOR,144,521,77,127,27,2,18,74,58,96,0,0,.244,.333,.407,.740
Bernie B Williams C,NYY,144,563,93,173,29,9,18,82,75,98,8,6,.307,.392,.487,.878
Brady B Anderson L,BAL,143,554,108,145,33,10,16,64,87,111,26,7,.262,.371,.444,.815
Albert A Belle L,CLE,143,546,121,173,52,1,50,126,73,80,5,2,.317,.401,.690,1.091
Ken K Caminiti,SD,143,526,74,159,33,0,26,94,69,94,12,5,.302,.380,.513,.894
Andres A Galarraga,COL,143,554,89,155,29,3,31,106,32,146,12,2,.280,.331,.511,.842
Mark M Grace,CHC,143,552,97,180,51,3,16,92,65,46,6,2,.326,.395,.516,.911
Eric E Karros,LA,143,551,83,164,29,3,32,105,61,115,4,4,.298,.369,.535,.905
Rafael R Palmeiro,BAL,143,554,89,172,30,2,39,104,62,65,3,1,.310,.380,.583,.963
Tim T Salmon R,CAL,143,537,111,177,34,3,34,105,91,111,5,5,.330,.429,.594,1.024
J. T. J Snow,CAL,143,544,80,157,22,1,24,102,52,91,2,1,.289,.353,.465,.818
Lance L Johnson C,CWS,142,607,98,186,18,12,10,57,32,31,40,6,.306,.341,.425,.766
Geronimo G Berroa D,OAK,141,546,87,152,22,3,22,88,63,98,7,4,.278,.351,.451,.801
Craig C Biggio,HOU,141,553,123,167,30,2,22,77,80,85,33,8,.302,.406,.483,.889
Bobby B Bonilla R,BAL,141,554,96,182,37,8,28,99,54,79,0,5,.329,.388,.576,.963
Jim J Edmonds C,CAL,141,558,120,162,30,4,33,107,51,130,1,4,.290,.352,.536,.888
Charlie C Hayes,PHI,141,529,58,146,30,3,11,85,50,88,5,1,.276,.340,.406,.746
Tino T Martinez,SEA,141,519,92,152,35,3,31,111,62,91,0,0,.293,.369,.551,.920
Chipper C Jones,ATL,140,524,87,139,22,3,23,86,73,99,8,4,.265,.353,.450,.803
Mo M Vaughn,BOS,140,550,98,165,28,3,39,126,68,150,11,4,.300,.388,.575,.963
Dante D Bichette L,COL,139,579,102,197,38,2,40,128,22,96,13,9,.340,.364,.620,.984
Joe J Carter L,TOR,139,558,70,141,23,0,25,76,37,87,12,1,.253,.300,.428,.728
Vinny V Castilla,COL,139,527,82,163,34,2,32,90,30,87,2,8,.309,.347,.564,.911
Steve S Finley C,SD,139,562,104,167,23,8,10,44,59,62,36,12,.297,.366,.420,.786
Marquis M Grissom C,ATL,139,551,80,142,23,3,12,42,47,61,29,9,.258,.317,.376,.693
Raul R Mondesi,LA,139,536,91,153,23,6,26,88,33,96,27,4,.285,.328,.496,.824
Otis O Nixon C,TEX,139,589,87,174,21,2,0,45,58,85,50,21,.295,.357,.338,.695
Tony T Phillips,CAL,139,525,119,137,21,1,27,61,113,135,13,10,.261,.394,.459,.853
Jay J Bell S,PIT,138,530,79,139,28,4,13,55,55,110,2,5,.262,.336,.404,.739
Bret B Boone,CIN,138,513,63,137,34,2,15,68,41,84,5,1,.267,.326,.429,.754
Royce R Clayton S,SF,138,509,56,124,29,3,5,58,38,109,24,9,.244,.298,.342,.640
Greg G Colbrunn,FLA,138,528,70,146,22,1,23,89,22,69,11,3,.277,.311,.453,.763
Marty M Cordova L,MIN,137,512,81,142,27,4,24,84,52,111,20,7,.277,.352,.486,.839
Gary G Gaetti,KC,137,514,76,134,27,0,35,96,47,91,3,3,.261,.329,.518,.846
Brian B Mc Rae C,CHC,137,580,92,167,38,7,12,48,47,92,27,8,.288,.348,.440,.788
Kirby K Puckett R,MIN,137,538,83,169,39,0,23,99,56,89,3,2,.314,.379,.515,.894
Manny M Ramirez R,CLE,137,484,85,149,26,1,31,107,75,112,6,6,.308,.402,.558,.960
Jim J Thome,CLE,137,452,92,142,29,3,25,73,97,113,4,3,.314,.438,.558,.996
Walt W Weiss S,COL,137,427,65,111,17,3,1,25,98,57,15,3,.260,.403,.321,.724
Cecil C Fielder,DET,136,494,70,120,18,1,31,82,75,116,0,1,.243,.346,.472,.818
Brent B Gates,OAK,136,524,60,133,24,4,5,56,46,84,3,3,.254,.308,.344,.652
Roberto R Kelly L,LA,136,504,58,140,23,2,7,57,22,79,19,10,.278,.312,.373,.685
Chuck C Knoblauch,MIN,136,538,107,179,34,8,11,63,78,95,46,18,.333,.424,.487,.912
Omar O Vizquel S,CLE,136,542,87,144,28,0,6,56,59,59,29,11,.266,.333,.351,.684
Carlos C Baerga,CLE,135,557,87,175,28,2,15,90,35,31,11,2,.314,.355,.452,.807
Tony T Gwynn R,SD,135,535,82,197,33,1,9,90,35,15,17,5,.368,.404,.484,.888
John J Olerud,TOR,135,492,72,143,32,0,8,54,84,54,0,0,.291,.398,.404,.802
John J Valentin S,BOS,135,520,108,155,37,2,27,102,81,67,20,5,.298,.399,.533,.931
Robin R Ventura,CWS,135,492,79,145,22,0,26,93,75,98,4,3,.295,.384,.498,.882
Jose J Vizcaino S,NYM,135,509,66,146,21,5,3,56,35,76,8,3,.287,.332,.365,.698
Mike M Blowers,SEA,134,439,59,113,24,1,23,96,53,128,2,1,.257,.335,.474,.809
Rico R Brogna,NYM,134,495,72,143,27,2,22,76,39,111,0,0,.289,.342,.485,.827
Mickey M Tettleton R,TEX,134,429,76,102,19,1,32,78,107,110,0,0,.238,.396,.510,.906
Jeff J Conine L,FLA,133,483,72,146,26,2,25,105,66,94,2,0,.302,.379,.520,.899
Luis L Gonzalez,CHC,133,471,69,130,29,8,13,69,57,63,6,8,.276,.357,.454,.812
Tom T Goodwin C,KC,133,480,72,138,16,3,4,28,38,72,50,18,.288,.346,.358,.704
Terry T Pendleton,FLA,133,513,70,149,32,1,14,78,38,84,1,2,.290,.339,.439,.778
Tim T Raines L,CWS,133,502,81,143,25,4,12,67,70,52,13,2,.285,.374,.422,.796
Reggie R Sanders,CIN,133,484,91,148,36,6,28,99,69,122,36,12,.306,.397,.579,.975
Luis L Alicea,BOS,132,419,64,113,20,3,6,44,63,61,13,10,.270,.367,.375,.742
Glenallen G Hill R,SF,132,497,71,131,29,4,24,86,39,98,25,5,.264,.317,.483,.800
Ray R Lankford C,STL,132,483,81,134,35,2,25,82,63,110,24,8,.277,.360,.513,.873
Darren D Lewis C,CIN,132,472,66,118,13,3,1,24,34,57,32,18,.250,.311,.297,.607
Orlando O Merced R,PIT,132,487,75,146,29,4,15,83,52,74,7,2,.300,.365,.468,.833
Kevin K Seitzer,MIL,132,492,56,153,33,3,5,69,64,57,2,0,.311,.395,.421,.815
Wil W Cordero S,MON,131,514,64,147,35,2,10,49,36,88,9,5,.286,.341,.420,.761
Rusty R Greer,TEX,131,417,58,113,21,2,13,61,55,66,3,1,.271,.355,.424,.780
Bobby B Higginson R,DET,131,410,61,92,17,5,14,43,62,107,6,4,.224,.329,.393,.721
Brian B Jordan R,STL,131,490,83,145,20,4,22,81,22,79,24,9,.296,.339,.488,.827
Wally W Joyner,KC,131,465,69,144,28,0,12,83,69,65,3,2,.310,.394,.447,.842
Barry B Larkin S,CIN,131,496,98,158,29,6,15,66,61,49,51,5,.319,.394,.492,.886
Jody J Reed,SD,131,445,58,114,18,1,4,40,59,38,6,4,.256,.348,.328,.676
Larry L Walker R,COL,131,494,96,151,31,5,36,101,49,72,16,3,.306,.381,.607,.988
Roberto R Alomar,TOR,130,517,71,155,24,7,13,66,47,45,30,3,.300,.354,.449,.802
Benji B Gil S,TEX,130,415,36,91,20,3,9,46,26,147,2,4,.219,.266,.347,.613
Stan S Javier C,OAK,130,442,81,123,20,2,8,56,49,63,36,5,.278,.353,.387,.740
Paul P Molitor D,TOR,130,525,63,142,31,2,15,60,61,57,12,0,.270,.350,.423,.772
Ivan I Rodriguez,TEX,130,492,56,149,32,2,12,67,16,48,0,2,.303,.327,.449,.776
David D Segui,MON,130,456,68,141,25,4,12,68,40,47,2,7,.309,.367,.461,.827
Rondell R White C,MON,130,474,87,140,33,4,13,57,41,87,25,5,.295,.356,.464,.820
Brett B Butler C,LA,129,513,78,154,18,9,1,38,67,51,32,8,.300,.377,.376,.753
Jim J Eisenreich R,PHI,129,377,46,119,22,2,10,55,38,44,10,0,.316,.375,.464,.840
John J Mabry,STL,129,388,35,119,21,1,5,41,24,45,0,3,.307,.347,.405,.752
Mark M Mc Lemore L,TEX,129,467,73,122,20,5,5,41,59,71,21,11,.261,.346,.358,.704
Don D Mattingly,NYY,128,458,59,132,32,2,7,49,40,35,0,2,.288,.341,.413,.754
Harold H Baines D,BAL,127,385,60,115,19,1,24,63,70,45,0,2,.299,.403,.540,.943
Delino D De Shields,LA,127,425,66,109,18,3,8,37,63,83,39,14,.256,.353,.369,.722
Shawon S Dunston,CHC,127,477,58,141,30,6,14,69,10,75,10,5,.296,.317,.472,.788
Mike M Lansing,MON,127,467,47,119,30,2,10,62,28,65,27,4,.255,.299,.392,.691
Dave D Magadan,HOU,127,348,44,109,24,0,2,51,71,56,2,1,.313,.428,.399,.827
Mickey M Morandini,PHI,127,494,65,140,34,7,6,49,42,80,9,6,.283,.350,.417,.767
Paul P O' Neill R,NYY,127,460,82,138,30,4,22,96,71,76,1,2,.300,.387,.526,.913
Wade W Boggs,NYY,126,460,76,149,22,4,5,63,74,50,1,1,.324,.412,.422,.834
Mike M Bordick S,OAK,126,428,46,113,13,0,8,44,35,48,11,3,.264,.325,.350,.675
Jay J Buhner R,SEA,126,470,86,123,23,0,40,121,60,120,0,1,.262,.343,.566,.909
Tim T Naehring,BOS,126,433,61,133,27,2,10,57,77,66,0,2,.307,.415,.448,.863
Ruben R Sierra D,NYY,126,479,73,126,32,0,19,86,46,76,5,4,.263,.323,.449,.772
Tony T Tarasco R,MON,126,438,64,109,18,4,14,40,51,78,24,3,.249,.329,.404,.733
Jeff J Cirillo,MIL,125,328,57,91,19,4,9,39,47,42,7,2,.277,.371,.442,.813
Ray R Durham,CWS,125,471,68,121,27,6,7,51,31,83,18,5,.257,.309,.384,.693
Joe J Girardi,COL,125,462,63,121,17,2,8,55,29,76,3,3,.262,.308,.359,.667
Jeff J Kent,NYM,125,472,65,131,22,3,20,65,29,89,3,3,.278,.327,.464,.792
Kevin K Stocker S,PHI,125,412,42,90,14,3,1,32,43,75,6,1,.218,.304,.274,.578
Al A Martin L,PIT,124,439,70,124,25,3,13,41,44,92,20,11,.282,.351,.442,.792
Quilvio Q Veras,FLA,124,440,86,115,20,7,5,32,80,68,56,21,.261,.384,.373,.757
Scott S Brosius,OAK,123,388,69,102,19,2,17,46,41,67,4,2,.263,.342,.454,.796
Will W Clark,TEX,123,454,85,137,27,3,16,92,68,50,0,1,.302,.389,.480,.869
Chris C Gomez S,DET,123,431,49,96,20,2,11,50,41,96,4,1,.223,.292,.355,.647
Jeff J Branson,CIN,122,331,43,86,18,2,12,45,44,69,2,1,.260,.345,.435,.780
Ozzie O Guillen S,CWS,122,415,50,103,20,3,1,41,13,25,6,7,.248,.270,.318,.588
Jeff J King,PIT,122,445,61,118,27,2,18,87,55,63,7,4,.265,.342,.456,.798
Mike M Devereaux L,ATL,121,388,55,116,24,1,11,63,27,62,8,6,.299,.342,.451,.793
Bernard B Gilkey L,STL,121,480,73,143,33,4,17,69,42,70,12,6,.298,.358,.490,.848
Shawn S Green R,TOR,121,379,52,109,31,4,15,54,20,68,1,2,.288,.326,.509,.835
Kurt K Abbott S,FLA,120,420,60,107,18,7,17,60,36,110,4,3,.255,.318,.452,.770
Andujar A Cedeno S,SD,120,390,42,82,16,2,6,31,28,92,5,3,.210,.271,.308,.579
Joey J Cora,SEA,120,427,64,127,19,2,3,39,37,31,18,7,.297,.359,.372,.731
Greg G Gagne S,KC,120,430,58,110,25,4,6,49,38,60,3,5,.256,.316,.374,.690
Mike M Greenwell L,BOS,120,481,67,143,25,4,15,76,38,35,9,5,.297,.349,.459,.808
David D Justice R,ATL,120,411,73,104,17,2,24,78,73,68,4,2,.253,.365,.479,.844
Eric E Young Sr.,COL,120,366,68,116,21,9,6,36,49,29,35,12,.317,.404,.473,.876
Chili C Davis D,CAL,119,424,81,135,23,0,20,86,89,79,3,3,.318,.429,.514,.943
Ron R Gant L,CIN,119,410,79,113,19,4,29,88,74,108,23,8,.276,.386,.554,.940
David D Hulse L,MIL,119,339,46,85,11,6,3,47,18,60,15,3,.251,.285,.345,.630
Mike M Kingery C,COL,119,350,66,94,18,4,8,37,45,40,13,5,.269,.351,.411,.762
Jon J Nunnally R,KC,119,303,51,74,15,6,14,42,51,86,6,4,.244,.357,.472,.829
Jose J Offerman S,LA,119,429,69,123,14,6,4,33,69,67,2,7,.287,.389,.375,.764
Dan D Wilson,SEA,119,399,40,111,22,3,9,51,33,63,2,1,.278,.336,.416,.752
Scott S Cooper,STL,118,374,29,86,18,2,3,40,49,85,0,3,.230,.321,.313,.634
Kenny K Lofton C,CLE,118,481,93,149,22,13,7,53,40,49,54,15,.310,.362,.453,.815
Kirt K Manwaring,SF,118,379,21,95,15,2,4,36,27,72,1,0,.251,.314,.332,.647
Dave D Martinez,CWS,118,303,49,93,16,4,5,37,32,41,8,2,.307,.371,.436,.806
Mike M Stanley,NYY,118,399,63,107,29,1,18,83,57,106,1,1,.268,.360,.481,.841
Mark M Carreon,SF,117,396,53,119,24,0,17,65,23,37,0,1,.301,.343,.490,.833
Scott S Leius,MIN,117,372,51,92,16,5,4,45,49,54,2,1,.247,.335,.349,.684
Matt M Mieske R,MIL,117,267,42,67,13,1,12,48,27,45,2,4,.251,.323,.442,.765
B. J. B Surhoff,MIL,117,415,72,133,26,3,13,73,37,43,7,3,.320,.378,.492,.870
Jason J Bates,COL,116,322,42,86,17,4,8,46,42,70,3,6,.267,.355,.419,.774
Jacob J Brumfield C,PIT,116,402,64,109,23,2,4,26,37,71,22,12,.271,.339,.368,.708
Mark M Lemke,ATL,116,399,42,101,16,5,5,38,44,40,2,2,.253,.325,.356,.681
Pat P Meares S,MIN,116,390,57,105,19,4,12,49,15,68,10,4,.269,.311,.431,.742
Jeff J Blauser S,ATL,115,431,60,91,16,2,12,31,57,107,8,5,.211,.319,.341,.660
Vince V Coleman L,SEA,115,455,66,131,23,6,5,29,37,80,42,16,.288,.343,.398,.741
Mike M Macfarlane,BOS,115,364,45,82,18,1,15,51,38,78,2,1,.225,.319,.404,.723
Matt M Walbeck,MIN,115,393,40,101,18,1,1,44,25,71,3,1,.257,.302,.316,.617
Jeff J Bagwell,HOU,114,448,88,130,29,0,21,87,79,102,12,5,.290,.399,.496,.894
Damion D Easley,CAL,114,357,35,77,14,2,4,35,32,47,5,2,.216,.288,.300,.588
Chris C Hoiles,BAL,114,352,53,88,15,1,19,58,67,80,1,0,.250,.373,.460,.834
Gregg G Jefferies,PHI,114,480,69,147,31,2,11,56,35,26,9,5,.306,.349,.448,.797
Rey R Sanchez,CHC,114,428,57,119,22,2,3,27,14,48,6,4,.278,.301,.360,.661
Terry T Steinbach,OAK,114,406,43,113,26,1,15,65,25,74,1,3,.278,.322,.458,.780
Tony T Eusebio,HOU,113,368,46,110,21,1,6,58,31,59,0,2,.299,.354,.410,.764
Thomas T Howard C,CIN,113,281,42,85,15,2,3,26,20,37,17,8,.302,.350,.402,.752
Ron R Karkovice,CWS,113,323,44,70,14,1,13,51,39,84,2,3,.217,.306,.387,.693
Eddie E Murray D,CLE,113,436,68,141,21,0,21,82,39,65,5,1,.323,.375,.516,.891
Fernando F Vina,MIL,113,288,46,74,7,7,3,29,22,28,6,3,.257,.327,.361,.688
Todd T Zeile,CHC,113,426,50,105,22,0,14,52,34,76,1,0,.246,.305,.397,.702
Derek D Bell R,HOU,112,452,63,151,21,2,8,86,33,71,27,9,.334,.385,.442,.827
John J Flaherty,DET,112,354,39,86,22,1,11,40,18,47,0,0,.243,.284,.404,.688
Darryl D Hamilton C,MIL,112,398,54,108,20,6,5,44,47,35,11,1,.271,.350,.389,.740
Rickey R Henderson L,OAK,112,407,67,122,31,1,9,54,72,66,32,10,.300,.407,.447,.855
Troy T O' Leary R,BOS,112,399,60,123,31,6,10,49,29,64,5,3,.308,.355,.491,.846
Mike M Piazza,LA,112,434,82,150,17,0,32,93,39,80,1,0,.346,.400,.606,1.006
Jose J Valentin S,MIL,112,338,62,74,23,3,11,49,37,83,16,8,.219,.293,.402,.695
Kevin K Bass R,BAL,111,295,32,72,12,0,5,32,24,47,8,8,.244,.303,.336,.639
Alex A Gonzalez S,TOR,111,367,51,89,19,4,10,42,44,114,4,4,.243,.322,.398,.720
Randy R Velarde,NYY,111,367,60,102,19,1,7,46,55,64,5,1,.278,.375,.392,.768
Darrin D Fletcher,MON,110,350,42,100,21,1,11,45,32,23,0,1,.286,.351,.446,.796
Derrick D May L,HOU,110,319,44,90,18,2,9,50,24,42,5,1,.282,.333,.436,.769
Brent B Mayne,KC,110,307,23,77,18,1,1,27,25,41,0,1,.251,.313,.326,.638
Tony T Fernandez S,NYY,108,384,57,94,20,2,5,45,42,40,6,6,.245,.322,.346,.668
Joe J Orsulak L,NYM,108,290,41,82,19,2,1,37,19,35,1,3,.283,.323,.372,.695
Greg G Vaughn D,MIL,108,392,67,88,19,1,17,59,55,89,10,4,.224,.317,.408,.725
Ryan R Klesko L,ATL,107,329,48,102,25,2,23,70,47,72,5,4,.310,.396,.608,1.004
Nelson N Liriano,PIT,107,259,29,74,12,1,5,38,24,34,2,2,.286,.347,.398,.745
Garret G Anderson L,CAL,106,374,50,120,19,1,16,69,19,65,6,2,.321,.352,.505,.857
Rich R Becker C,MIN,106,392,45,93,15,1,2,33,34,95,8,9,.237,.303,.296,.599
Chuck C Carr,FLA,105,308,54,70,20,0,2,20,46,49,25,11,.227,.330,.312,.641
Tripp T Cromer S,STL,105,345,36,78,19,0,5,18,14,66,0,0,.226,.261,.325,.586
Craig C Paquette,OAK,105,283,42,64,13,1,13,49,12,88,5,2,.226,.256,.417,.673
John J Vander Wal,COL,105,101,15,35,8,1,5,21,16,23,1,1,.347,.432,.594,1.026
Scott S Bullett L,CHC,104,150,19,41,5,7,3,22,12,30,8,3,.273,.331,.460,.791
Carlos C Garcia,PIT,104,367,41,108,24,2,6,50,25,55,8,4,.294,.340,.420,.760
Mark M Mc Gwire,OAK,104,317,75,87,13,0,39,90,88,77,1,1,.274,.441,.685,1.125
James J Mouton L,HOU,104,298,42,78,18,2,4,27,25,59,25,8,.262,.326,.376,.702
Pedro P Munoz D,MIN,104,376,45,113,17,0,18,58,19,86,0,3,.301,.338,.489,.827
Paul P Sorrento,CLE,104,323,50,76,14,0,25,79,51,71,1,1,.235,.336,.511,.847
Brad B Ausmus,SD,103,328,44,96,16,4,5,34,31,56,16,5,.293,.353,.412,.765
Sean S Berry,MON,103,314,38,100,22,1,14,55,25,53,3,8,.318,.367,.529,.896
Ellis E Burks C,COL,103,278,41,74,10,6,14,49,39,72,7,3,.266,.359,.496,.856
Alex A Diaz C,SEA,103,270,44,67,14,0,3,27,13,27,18,8,.248,.286,.333,.619
Dwight D Smith,ATL,103,131,16,33,8,2,3,21,13,35,0,3,.252,.327,.412,.739
Jose J Canseco D,BOS,102,396,64,121,25,1,24,81,42,93,4,0,.306,.378,.556,.933
Chad C Fonville S,LA,102,320,43,89,6,1,0,16,23,42,20,7,.278,.328,.303,.632
Luis L Sojo S,SEA,102,339,50,98,18,2,7,39,23,19,4,2,.289,.335,.416,.751
Jerome J Walton C,CIN,102,162,32,47,12,1,8,22,17,25,10,7,.290,.368,.525,.892
Edgardo E Alfonzo,NYM,101,335,26,93,13,5,4,41,12,37,1,1,.278,.301,.382,.683
Lenny L Harris,CIN,101,197,32,41,8,3,2,16,14,20,10,1,.208,.259,.310,.569
Wayne W Kirby R,CLE,101,188,29,39,10,2,1,14,13,32,10,3,.207,.260,.298,.558
Pat P Listach,MIL,101,334,35,73,8,2,0,25,25,61,13,3,.219,.276,.254,.531
Hal H Morris,CIN,101,359,53,100,25,2,11,51,29,58,1,1,.279,.333,.451,.785
Devon D White C,TOR,101,427,61,121,23,5,10,53,29,97,11,2,.283,.334,.431,.765
Dave D Hansen,LA,100,181,19,52,10,0,1,14,28,28,0,0,.287,.384,.359,.743
Javy J Lopez,ATL,100,333,37,105,11,4,14,51,14,57,0,1,.315,.344,.498,.842
Lee L Tinsley C,BOS,100,341,61,97,17,1,7,41,39,74,18,8,.284,.359,.402,.760
Gerald G Williams L,NYY,100,182,33,45,18,2,6,28,22,34,4,2,.247,.327,.467,.794
Gary G Disarcina S,CAL,99,362,61,111,28,6,5,41,20,25,7,4,.307,.344,.459,.802
Scott S Livingstone,SD,99,196,26,66,15,0,5,32,15,22,2,1,.337,.380,.490,.870
Darren D Daulton,PHI,98,342,44,85,19,3,9,55,55,52,3,0,.249,.359,.401,.760
Melvin M Nieves L,SD,98,234,32,48,6,1,14,38,19,88,2,3,.205,.276,.419,.695
Charles C Johnson,FLA,97,315,40,79,15,1,11,39,46,71,0,2,.251,.351,.410,.761
Mike M Kelly L,ATL,97,137,26,26,6,1,3,17,11,49,7,3,.190,.258,.314,.572
Joe J Oliver,MIL,97,337,43,92,20,0,12,51,27,66,2,4,.273,.332,.439,.772
Tim T Wallach,LA,97,327,24,87,22,2,9,38,27,69,0,0,.266,.326,.428,.754
Eddie E Williams,SD,97,296,35,77,11,1,12,48,23,47,0,0,.260,.320,.426,.746
David D Howard,KC,95,255,23,62,13,4,0,19,24,41,6,1,.243,.310,.325,.635
John J Patterson,SF,95,205,27,42,5,3,1,14,14,41,4,2,.205,.294,.273,.568
Luis L Polonia,ATL,95,291,43,76,16,3,2,17,28,38,13,4,.261,.322,.357,.679
Robby R Thompson,SF,95,336,51,75,15,0,8,23,42,76,1,2,.223,.317,.339,.656
Manny M Alexander,BAL,94,242,35,57,9,1,3,23,20,30,11,4,.236,.299,.318,.617
Alex A Arias,FLA,94,216,22,58,9,2,3,26,22,20,1,0,.269,.337,.370,.708
Keith K Lockhart,KC,94,274,41,88,19,3,6,33,14,21,8,1,.321,.355,.478,.833
Scott S Stahoviak,MIN,94,263,28,70,19,0,3,23,30,61,5,1,.266,.341,.373,.714
Moises M Alou L,MON,93,344,48,94,22,0,14,58,29,56,4,3,.273,.342,.459,.801
Jose J Hernandez S,CHC,93,245,37,60,11,4,13,40,13,69,1,0,.245,.281,.482,.762
Orlando O Miller S,HOU,92,324,36,85,20,1,5,36,22,71,3,4,.262,.319,.377,.696
J. R. J Phillips,SF,92,231,27,45,9,0,9,28,19,69,1,1,.195,.256,.351,.607
Craig C Shipley,HOU,92,232,23,61,8,1,3,24,8,28,6,1,.263,.291,.345,.636
Milt M Thompson,HOU,92,132,14,29,9,0,2,19,14,37,4,2,.220,.297,.333,.631
Mark M Whiten R,PHI,92,320,51,77,13,1,12,47,39,86,8,0,.241,.324,.400,.724
Tony T Peña Pena,CLE,91,263,25,69,15,0,5,28,14,44,1,0,.262,.302,.376,.679
Juan J Samuel,KC,91,205,31,54,10,1,12,39,29,49,6,4,.263,.360,.498,.858
Rich R Amaral L,SEA,90,238,45,67,14,2,2,19,21,33,21,2,.282,.342,.382,.725
Bret B Barberie,BAL,90,237,32,57,14,0,2,25,36,50,3,3,.241,.351,.325,.676
John J Cangelosi,HOU,90,201,46,64,5,2,2,18,48,42,21,5,.318,.457,.393,.850
Jeff J Frye,TEX,90,313,38,87,15,2,4,29,24,45,3,3,.278,.335,.377,.712
Juan J Gonzalez D,TEX,90,352,57,104,20,2,27,82,17,66,0,0,.295,.324,.594,.917
Todd T Hundley,NYM,90,275,39,77,11,0,15,51,42,64,1,0,.280,.382,.484,.865
Danny D Bautista R,DET,89,271,28,55,9,0,7,27,12,68,4,1,.203,.237,.314,.550
Pat P Kelly,NYY,89,270,32,64,12,1,4,29,23,65,8,3,.237,.307,.333,.640
Jeff J Manto,BAL,89,254,31,65,9,0,17,38,24,69,0,3,.256,.325,.492,.817
Roberto R Petagine,SD,89,124,15,29,8,0,3,17,26,41,0,0,.234,.367,.371,.738
John J Jaha,MIL,88,316,59,99,20,2,20,65,36,66,2,1,.313,.389,.579,.968
Jose J Oquendo,STL,88,220,31,46,8,3,2,17,35,21,1,1,.209,.316,.300,.616
Curtis C Goodwin,BAL,87,289,40,76,11,3,1,24,15,53,22,4,.263,.301,.332,.633
Howard H Johnson,CHC,87,169,26,33,4,1,7,22,34,46,1,1,.195,.330,.355,.685
Jeff J Reboulet S,MIN,87,216,39,63,11,0,4,23,27,34,1,2,.292,.373,.398,.771
Mike M Pagliarulo,TEX,86,241,27,56,16,0,4,27,15,49,0,0,.232,.277,.349,.626
Dion D James,NYY,85,209,22,60,6,1,2,26,20,16,4,1,.287,.346,.354,.700
Greg G Myers,CAL,85,273,35,71,12,2,9,38,17,49,0,1,.260,.304,.418,.721
Deion D Sanders C,SF,85,343,48,92,11,8,6,28,27,60,24,9,.268,.327,.399,.726
Shane S Andrews,MON,84,220,27,47,10,1,8,31,17,68,1,1,.214,.271,.377,.648
Lou L Frazier,TEX,84,162,25,33,4,0,0,11,15,32,13,1,.204,.286,.228,.514
Rex R Hudler,CAL,84,223,30,59,16,0,6,27,10,48,12,0,.265,.310,.417,.727
Warren W Newson L,SEA,84,157,34,41,2,2,5,15,39,45,2,1,.261,.411,.395,.806
Lou L Whitaker,DET,84,249,36,73,14,0,14,44,31,41,4,0,.293,.372,.518,.890
Danny D Tartabull,OAK,83,280,34,66,16,0,8,35,43,82,0,2,.236,.335,.379,.714
Spike S Owen,CAL,82,218,17,50,9,3,1,28,18,22,3,2,.229,.288,.312,.600
Steve S Pegues,PIT,82,171,17,42,8,0,6,16,4,36,1,2,.246,.263,.398,.660
Billy B Ashley L,LA,81,215,17,51,5,0,8,27,25,88,0,0,.237,.320,.372,.692
Mariano M Duncan,CIN,81,265,36,76,14,2,6,36,5,62,1,3,.287,.297,.423,.720
Mark M Lewis,CIN,81,171,25,58,13,1,3,30,21,33,0,3,.339,.407,.480,.887
Dave D Nilsson R,MIL,81,263,41,73,12,1,12,53,24,41,2,0,.278,.337,.468,.804
Mark M Parent,CHC,81,265,30,62,11,0,18,38,26,69,0,0,.234,.302,.479,.782
Benito B Santiago,CIN,81,266,40,76,20,0,11,44,24,48,2,2,.286,.351,.485,.836
Mike M Matheny,MIL,80,166,13,41,9,1,0,21,12,28,2,1,.247,.306,.313,.619
Steve S Scarsone,SF,80,233,33,62,10,3,11,29,18,82,3,2,.266,.333,.476,.810
Scott S Servais,CHC,80,264,38,70,22,0,13,47,32,52,2,2,.265,.348,.496,.844
Eddie E Taubensee,CIN,80,218,32,62,14,2,9,44,22,52,2,2,.284,.354,.491,.845
Andy A Van Slyke C,PHI,80,277,32,62,11,2,6,24,33,56,7,0,.224,.309,.343,.652
Andre A Dawson R,FLA,79,226,30,58,10,3,8,37,9,45,0,0,.257,.305,.434,.738
Carl C Everett R,NYM,79,289,48,75,13,1,12,54,39,67,2,5,.260,.352,.436,.788
Mark M Johnson,PIT,79,221,32,46,6,1,13,28,37,66,5,2,.208,.326,.421,.746
Chris C Jones,NYM,79,182,33,51,6,2,8,31,13,45,2,1,.280,.327,.467,.794
Mike M Aldrete,CAL,78,149,19,40,8,0,4,24,19,31,0,0,.268,.349,.403,.752
Tim T Bogar S,NYM,78,145,17,42,7,0,1,21,9,25,1,0,.290,.329,.359,.688
Mark M Grudzielanek S,MON,78,269,27,66,12,2,1,20,14,47,8,3,.245,.300,.316,.616
Brian L. B Hunter C,HOU,78,321,52,97,14,5,2,28,21,52,24,7,.302,.346,.396,.742
Jerry J Browne,FLA,77,184,21,47,4,0,1,17,25,20,1,1,.255,.346,.293,.639
Dave D Clark L,PIT,77,196,30,55,6,0,4,24,24,38,3,3,.281,.359,.372,.731
Jim J Leyritz,NYY,77,264,37,71,12,0,7,37,37,73,1,1,.269,.374,.394,.768
Kelly K Stinnett,NYM,77,196,23,43,8,1,4,18,29,65,2,0,.219,.338,.332,.669
Ozzie O Timmons L,CHC,77,171,30,45,10,1,8,28,13,32,3,0,.263,.314,.474,.787
Curt C Leskanic,COL,76,7,1,1,0,0,0,0,0,1,0,0,.143,.143,.143,.286
Matt M Merullo,MIN,76,195,19,55,14,1,1,27,14,27,0,1,.282,.335,.379,.714
Phil P Plantier L,SD,76,216,33,55,6,0,9,34,28,48,1,1,.255,.339,.407,.746
Danny D Sheaffer,STL,76,208,24,48,10,1,5,30,23,38,0,0,.231,.306,.361,.667
Matt M Williams,SF,76,283,53,95,17,1,23,65,30,58,2,0,.336,.399,.647,1.046
Rafael R Belliard S,ATL,75,180,12,40,2,1,0,7,6,28,2,2,.222,.255,.244,.500
Phil P Clark,SD,75,97,12,21,3,0,2,7,8,18,0,2,.216,.278,.309,.587
Ryan R Thompson C,NYM,75,267,39,67,13,0,7,31,19,77,3,1,.251,.306,.378,.684
Candy C Maldonado L,TEX,74,190,28,50,16,0,9,30,32,50,1,2,.263,.370,.489,.860
Doug D Strange,SEA,74,155,19,42,9,2,2,21,10,25,0,3,.271,.323,.394,.717
Alan A Trammell S,DET,74,223,28,60,12,0,2,23,27,19,3,1,.269,.345,.350,.695
Jorge J Fabregas,CAL,73,227,24,56,10,0,1,22,17,28,0,2,.247,.298,.304,.602
Felix F Fermin S,SEA,73,200,21,39,6,0,0,15,6,6,2,0,.195,.232,.225,.457
Dave D Gallagher,CAL,73,173,13,53,13,0,1,12,18,21,0,0,.306,.370,.399,.769
Bip B Roberts L,SD,73,296,40,90,14,0,2,25,17,36,20,2,.304,.346,.372,.718
Tommy T Gregg,FLA,72,156,20,37,5,0,6,20,16,33,3,1,.237,.313,.385,.697
Ken K Griffey C,SEA,72,260,52,67,7,0,17,42,52,53,4,2,.258,.379,.481,.860
Bob B Hamelin D,KC,72,208,20,35,7,1,7,25,26,56,0,1,.168,.278,.313,.590
Norberto N Martin,CWS,72,160,17,43,7,4,2,17,3,25,5,0,.269,.281,.400,.681
Gary G Varsho,PHI,72,103,7,26,1,1,0,11,7,17,2,0,.252,.310,.282,.591
Dave D Veres,HOU,72,5,0,0,0,0,0,0,0,4,0,0,.000,.000,.000,.000
Dan D Masteller,MIN,71,198,21,47,12,0,3,21,18,19,1,2,.237,.303,.343,.646
Steve S Reed,COL,71,3,0,1,0,0,0,0,0,1,0,0,.333,.333,.333,.667
Kirk K Gibson D,DET,70,227,37,59,12,2,9,35,33,61,9,2,.260,.358,.449,.808
Dave D Hollins R,BOS,70,218,48,49,12,2,7,26,57,45,1,1,.225,.391,.394,.785
Jose J Oliva,STL,70,183,15,26,5,0,7,20,12,46,0,0,.142,.202,.284,.486
Lance L Parrish,TOR,70,178,15,36,9,0,4,22,15,52,0,0,.202,.265,.320,.586
Chip C Hale,MIN,69,103,10,27,4,0,2,18,11,20,0,0,.262,.333,.359,.693
Mike M Mordecai,ATL,69,75,10,21,6,0,3,11,9,16,0,0,.280,.353,.480,.833
Yorkis Y Perez,FLA,69,2,0,0,0,0,0,0,0,1,0,0,.000,.000,.000,.000
Mike M Benjamin,SF,68,186,19,41,6,0,3,12,8,51,11,1,.220,.256,.301,.558
Damon D Buford L,NYM,68,168,30,34,5,0,4,14,25,35,10,8,.202,.318,.304,.622
Darren D Holmes,COL,68,1,0,0,0,0,0,0,0,0,0,0,.000,.000,.000,.000
Brian B Johnson,SD,68,207,20,52,9,0,3,29,11,39,0,0,.251,.287,.338,.625
Todd T Jones,HOU,68,5,1,1,1,0,0,0,0,1,0,0,.200,.200,.400,.600
Mike M Perez,CHC,68,4,1,0,0,0,0,0,2,4,0,0,.000,.333,.000,.333
Scott S Fletcher,DET,67,182,19,42,10,1,1,17,19,27,1,0,.231,.312,.313,.625
Chris C Gwynn,LA,67,84,8,18,3,2,1,10,6,23,0,0,.214,.272,.333,.605
Willie W Mc Gee R,BOS,67,200,32,57,11,3,2,15,9,41,5,2,.285,.311,.400,.711
Greg G Mc Michael,ATL,67,6,0,0,0,0,0,0,1,4,0,0,.000,.143,.000,.143
Charlie C O' Brien,ATL,67,198,18,45,7,0,9,23,29,40,0,1,.227,.343,.399,.742
Sandy S Alomar,CLE,66,203,32,61,6,0,10,35,7,26,3,1,.300,.332,.478,.810
Alvaro A Espinoza,CLE,66,143,15,36,4,0,2,17,2,16,0,2,.252,.264,.322,.585
Jeff J Huson,BAL,66,161,24,40,4,2,1,19,15,20,5,4,.248,.315,.317,.631
Jeff J Reed,SF,66,113,12,30,2,0,0,9,20,17,0,0,.265,.376,.283,.659
Tom T Lampkin,SF,65,76,8,21,2,0,1,9,9,8,2,0,.276,.360,.342,.703
Gerald G Perry,STL,65,79,4,13,4,0,0,5,6,12,0,0,.165,.224,.215,.439
Rick R Wilkins,HOU,65,202,30,41,3,0,7,19,46,61,0,0,.203,.351,.322,.672
Mark M Wohlers,ATL,65,3,0,0,0,0,0,0,0,3,0,0,.000,.000,.000,.000
Hector H Carrasco,CIN,64,7,0,0,0,0,0,0,0,4,0,0,.000,.000,.000,.000
Bill B Haselman,BOS,64,152,22,37,6,1,5,23,17,30,0,2,.243,.322,.395,.717
Tim T Laker,MON,64,141,17,33,8,1,3,20,14,38,0,1,.234,.306,.369,.674
Mike M Munoz,COL,64,2,1,1,1,0,0,1,2,1,0,0,.500,.750,1.000,1.750
Pat P Borders,HOU,63,178,15,37,8,1,4,13,9,29,0,0,.208,.246,.331,.577
Jason J Christiansen,PIT,63,1,0,0,0,0,0,0,0,1,0,0,.000,.000,.000,.000
Darnell D Coles,STL,63,138,13,31,7,0,3,16,16,20,0,0,.225,.316,.341,.657
Ray R Holbert S,SD,63,73,11,13,2,1,2,5,8,20,4,0,.178,.277,.315,.592
Gary G Sheffield R,FLA,63,213,46,69,8,0,16,46,55,45,19,4,.324,.467,.587,1.054
Bill B Spiers,NYM,63,72,5,15,2,1,0,11,12,15,0,1,.208,.314,.264,.578
Jesus J Tavarez C,FLA,63,190,31,55,6,2,2,13,16,27,7,5,.289,.346,.374,.720
Ricky R Bottalico,PHI,62,5,0,0,0,0,0,0,0,4,0,0,.000,.000,.000,.000
Lenny L Dykstra C,PHI,62,254,37,67,15,1,2,18,33,28,10,5,.264,.353,.354,.707
Sandy S Martinez,TOR,62,191,12,46,12,0,2,25,7,45,0,0,.241,.270,.335,.605
Robb R Nen,FLA,62,0,0,0,0,0,0,0,0,0,0,0,.000,.000,.000,.000
Tom T Pagnozzi,STL,62,219,17,47,14,1,2,15,11,31,0,1,.215,.254,.315,.569
Tim T Scott,MON,62,4,0,1,0,0,0,0,0,2,0,0,.250,.250,.250,.500
Franklin F Stubbs,DET,62,116,13,29,11,0,2,19,19,27,0,1,.250,.358,.397,.754
Michael M Tucker L,KC,62,177,23,46,10,0,4,17,18,51,2,3,.260,.332,.384,.716
Allen A Battle,STL,61,118,13,32,5,0,0,2,15,26,3,3,.271,.358,.314,.672
Mike M Huff C,TOR,61,138,14,32,9,1,1,9,22,21,1,1,.232,.337,.333,.671
Heathcliff H Slocumb,PHI,61,1,0,0,0,0,0,0,0,0,0,0,.000,.000,.000,.000
Rod R Beck,SF,60,3,0,1,0,0,0,0,0,1,0,0,.333,.333,.333,.667
Brad B Clontz,ATL,59,2,0,0,0,0,0,0,0,0,0,0,.000,.000,.000,.000
Midre M Cummings,PIT,59,152,13,37,7,1,2,15,13,30,1,0,.243,.303,.342,.645
Chris C Donnels,BOS,59,121,17,32,2,2,2,13,12,24,0,0,.264,.328,.364,.692
Xavier X Hernandez,CIN,59,8,0,0,0,0,0,0,0,4,0,0,.000,.000,.000,.000
Tony T Longmire,PHI,59,104,21,37,7,0,3,19,11,19,1,1,.356,.419,.510,.928
Jeff J Parrett,STL,59,2,0,1,0,0,0,0,0,1,0,0,.500,.500,.500,1.000
Mel M Rojas,MON,59,6,0,0,0,0,0,0,0,4,0,0,.000,.000,.000,.000
Todd T Worrell,LA,59,2,0,0,0,0,0,0,0,2,0,0,.000,.000,.000,.000
Jerry J Dipoto,NYM,58,5,0,0,0,0,0,0,0,3,0,0,.000,.000,.000,.000
Angelo A Encarnacion,PIT,58,159,18,36,7,2,2,10,13,28,1,1,.226,.285,.333,.618
Tony T Fossas,STL,58,0,0,0,0,0,0,0,0,0,0,0,.000,.000,.000,.000
Dan D Miceli,PIT,58,1,0,0,0,0,0,0,0,1,0,0,.000,.000,.000,.000
Lyle L Mouton R,CWS,58,179,23,54,16,0,5,27,19,46,1,0,.302,.373,.475,.848
Dan D Plesac,PIT,58,4,0,1,0,0,0,0,0,3,0,0,.250,.250,.250,.500
Jeff J Treadway,MON,58,67,6,14,2,1,0,13,5,4,0,1,.209,.264,.269,.532
Jeffrey J Hammonds R,BAL,57,178,18,43,9,1,4,23,9,30,4,2,.242,.279,.371,.650
Scott S Hemond,STL,57,118,11,17,1,0,3,9,12,31,0,0,.144,.233,.229,.462
Terry T Mathews,FLA,57,13,2,6,2,0,0,3,0,4,0,0,.462,.462,.615,1.077
Randy R Myers,CHC,57,0,0,0,0,0,0,1,1,0,0,0,.000,1.000,.000,1.000
Jeff J Brantley,CIN,56,3,0,0,0,0,0,0,0,1,0,0,.000,.000,.000,.000
Rich R De Lucia,STL,56,10,1,2,0,0,0,0,1,3,0,0,.200,.273,.200,.473
Jim J Dougherty,HOU,56,8,1,1,0,0,0,0,0,2,0,0,.125,.125,.125,.250
Bryan B Hickerson,COL,56,3,1,2,0,1,0,3,1,0,0,0,.667,.750,1.333,2.083
Dave D Silvestri,MON,56,93,16,21,6,0,3,11,13,36,2,0,.226,.321,.387,.708
Kevin K Young,PIT,56,181,13,42,9,0,6,22,8,53,1,3,.232,.268,.381,.649
Edgar E Caceres,KC,55,117,13,28,6,2,1,17,8,15,2,2,.239,.291,.350,.642
Mike M Dyer,PIT,55,7,1,4,0,0,0,1,0,2,0,0,.571,.571,.571,1.143
Trevor T Hoffman,SD,55,2,1,1,1,0,0,2,0,1,0,0,.500,.500,1.000,1.500
Jeff J Mc Curry,PIT,55,3,0,0,0,0,0,0,0,1,0,0,.000,.000,.000,.000
Esteban E Beltre S,TEX,54,92,7,20,8,0,0,7,4,15,0,0,.217,.250,.304,.554
Jason J Giambi,OAK,54,176,27,45,7,0,6,25,28,31,2,1,.256,.364,.398,.761
Ron R Tingley,DET,54,124,14,28,8,1,4,18,15,38,0,1,.226,.307,.403,.710
Mitch M Webster,LA,54,56,6,10,1,1,1,3,4,14,0,0,.179,.246,.286,.532
Leo L Gomez,BAL,53,127,16,30,5,0,4,12,18,23,0,1,.236,.336,.370,.706
Craig C Grebeck S,CWS,53,154,19,40,12,0,1,18,21,23,0,0,.260,.360,.357,.717
Joe J Vitiello D,KC,53,130,13,33,4,0,7,21,8,25,0,0,.254,.317,.446,.763
Shawn S Barton,SF,52,0,0,0,0,0,0,0,0,0,0,0,.000,.000,.000,.000
Jose J Bautista,SF,52,18,0,0,0,0,0,0,1,9,0,0,.000,.053,.000,.053
Darren D Bragg L,SEA,52,145,20,34,5,1,3,12,18,37,9,0,.234,.331,.345,.676
Dave D Burba,CIN,52,15,2,1,0,0,0,0,3,9,0,0,.067,.222,.067,.289
Ricky R Gutierrez S,HOU,52,156,22,43,6,0,0,12,10,33,5,0,.276,.321,.314,.636
Tom T Henke,STL,52,1,0,0,0,0,0,0,0,0,0,0,.000,.000,.000,.000
Phil P Hiatt R,KC,52,113,11,23,6,0,4,12,9,37,1,0,.204,.262,.363,.625
Herbert H Perry,CLE,52,162,23,51,13,1,3,23,13,28,1,3,.315,.376,.463,.839
John J Wehner,PIT,52,107,13,33,0,3,0,5,10,17,3,1,.308,.361,.364,.726
Domingo D Cedeno S,TOR,51,161,18,38,6,1,4,14,10,35,0,1,.236,.289,.360,.649
Archi A Cianfrocco,SD,51,118,22,31,7,0,5,31,11,28,0,2,.263,.333,.449,.782
Steve S Decker,FLA,51,133,12,30,2,1,3,13,19,22,1,0,.226,.318,.323,.642
Doug D Henry,NYM,51,1,1,1,0,0,0,0,0,0,0,0,1.000,1.000,1.000,2.000
Toby T Borland,PHI,50,5,1,1,0,0,0,1,0,1,0,0,.200,.167,.200,.367
Jeff J Shaw,MON,50,6,2,0,0,0,0,0,2,4,0,0,.000,.250,.000,.250
Mike M Simms,HOU,50,121,14,31,4,0,9,24,13,28,1,2,.256,.341,.512,.853
Mario M Diaz,FLA,49,87,5,20,3,0,1,6,1,12,0,0,.230,.239,.299,.538
Lenny L Webster,PHI,49,150,18,40,9,0,4,14,16,27,0,0,.267,.337,.407,.744
Pedro P Astacio,LA,48,24,0,3,1,0,0,0,1,9,0,0,.125,.160,.167,.327
John J Franco,NYM,48,0,0,0,0,0,0,0,0,0,0,0,.000,.000,.000,.000
Curtis C Pride L,MON,48,63,10,11,1,0,0,2,5,16,3,2,.175,.235,.190,.426
Alex A Rodriguez S,SEA,48,142,15,33,6,2,5,19,6,42,4,2,.232,.264,.408,.672
Eric E Anthony R,CIN,47,134,19,36,6,0,5,23,13,30,2,1,.269,.327,.425,.752
Johnny J Damon C,KC,47,188,32,53,11,5,3,23,12,22,7,0,.282,.324,.441,.765
Bryce B Florie,SD,47,2,0,0,0,0,0,0,0,2,0,0,.000,.000,.000,.000
Phil P Nevin L,DET,47,156,13,28,4,1,2,13,18,40,1,0,.179,.281,.256,.537
Randy R Veres,FLA,47,3,0,0,0,0,0,0,0,0,0,0,.000,.000,.000,.000
Rikkert R Faneyte C,SF,46,86,7,17,4,1,0,4,11,27,1,0,.198,.289,.267,.556
Reggie R Jefferson D,BOS,46,121,21,35,8,0,5,26,9,24,0,0,.289,.333,.479,.813
Michael M La Valliere,CWS,46,98,7,24,6,0,1,19,9,15,0,0,.245,.303,.337,.640
Andy A Tomberlin R,OAK,46,85,15,18,0,0,4,10,5,22,4,1,.212,.256,.353,.608
Dave D Winfield,CLE,46,115,11,22,5,0,2,4,14,26,1,0,.191,.285,.287,.572
Greg G Harris,MON,45,3,0,1,1,0,0,0,0,1,0,0,.333,.333,.667,1.000
Carlos C Hernandez,LA,45,94,3,14,1,0,2,8,7,25,0,0,.149,.216,.223,.439
Chris C Hook,SF,45,3,0,0,0,0,0,0,0,2,0,0,.000,.000,.000,.000
Randy R Knorr,TOR,45,132,18,28,8,0,3,16,11,28,0,0,.212,.273,.341,.614
John J Kruk D,CWS,45,159,13,49,7,0,2,23,26,33,0,1,.308,.399,.390,.789
Marc M Newfield L,SD,45,140,13,33,8,1,4,21,5,24,0,0,.236,.267,.393,.660
Henry H Rodriguez,MON,45,138,13,33,4,1,2,15,11,28,0,1,.239,.293,.326,.619
Garey G Ingram,LA,44,55,5,11,2,0,0,3,9,8,3,0,.200,.313,.236,.549
Jose J Lind,CAL,44,140,9,33,5,0,0,7,6,12,0,1,.236,.267,.271,.539
Chuck C Mc Elroy,CIN,44,3,0,0,0,0,0,0,0,0,0,0,.000,.000,.000,.000
Ozzie O Smith S,STL,44,156,16,31,5,1,0,11,17,12,4,3,.199,.282,.244,.526
Turner T Ward L,MIL,44,129,19,34,3,1,4,16,14,21,6,1,.264,.338,.395,.733
Brian B Williams,SD,44,14,1,1,1,0,0,0,0,4,0,0,.071,.071,.143,.214
Mike M Gallego,OAK,43,120,11,28,0,0,0,8,9,24,0,1,.233,.292,.233,.526
Tom T Marsh L,PHI,43,109,13,32,3,1,3,15,4,25,0,1,.294,.316,.422,.738
Andy A Stankiewicz S,HOU,43,52,6,6,1,0,0,7,12,19,4,2,.115,.281,.135,.416
Turk T Wendell,CHC,43,7,0,0,0,0,0,0,1,5,0,0,.000,.125,.000,.125
Rich R Aude,PIT,42,109,10,27,8,0,2,19,6,20,1,2,.248,.287,.376,.663
Larry L Casian,CHC,42,2,0,0,0,0,0,0,0,1,0,0,.000,.000,.000,.000
Freddy F Garcia,PIT,42,57,5,8,1,1,0,1,8,17,0,1,.140,.246,.193,.439
Chris C James,BOS,42,82,8,22,4,0,2,8,7,14,1,0,.268,.326,.390,.716
Mike M Walker,CHC,42,3,0,0,0,0,0,0,0,1,0,0,.000,.000,.000,.000
Rene R Arocha,STL,41,1,0,0,0,0,0,0,0,1,0,0,.000,.000,.000,.000
David D Bell,STL,41,146,13,36,7,2,2,19,4,25,1,2,.247,.275,.363,.638
Pedro P Borbon,ATL,41,1,0,0,0,0,0,0,0,0,0,0,.000,.000,.000,.000
Steve S Buechele,TEX,41,130,10,23,2,0,1,9,15,22,0,0,.177,.262,.215,.478
Milt M Cuyler L,DET,41,88,15,18,1,4,0,5,8,16,2,1,.205,.271,.307,.578
Todd T Hollandsworth C,LA,41,103,16,24,2,0,5,13,10,29,2,1,.233,.304,.398,.702
Luis L Ortiz,TEX,41,108,10,25,5,2,1,18,6,18,0,1,.231,.270,.343,.612
Tomas T Perez S,TOR,41,98,12,24,3,1,1,8,7,18,0,1,.245,.292,.327,.619
Tim T Spehr,MON,41,35,4,9,5,0,1,3,6,7,0,0,.257,.366,.486,.852
Willie W Blair,SD,40,24,2,0,0,0,0,1,1,17,0,0,.000,.040,.000,.040
Roger R Cedeno L,LA,40,42,4,10,2,0,0,3,3,10,1,0,.238,.283,.286,.568
Russ R Davis,NYY,40,98,14,27,5,2,2,12,10,26,0,0,.276,.349,.429,.777
Dean D Hartgraves,HOU,40,2,0,0,0,0,0,0,0,1,0,0,.000,.000,.000,.000
Gil G Heredia,MON,40,33,1,6,0,0,0,2,1,3,0,0,.182,.206,.182,.388
Brian R. B Hunter,CIN,40,79,9,17,6,0,1,9,11,21,2,1,.215,.312,.329,.641
Michael M Jackson,CIN,40,4,0,1,0,0,0,0,0,0,0,0,.250,.250,.250,.500
Gregg G Zaun,BAL,40,104,18,27,5,0,3,14,16,14,1,1,.260,.358,.394,.753
Roger R Bailey,COL,39,16,2,2,0,0,0,1,1,3,0,0,.125,.176,.125,.302
Mark M Gardner,FLA,39,21,1,4,0,0,0,1,0,6,0,0,.190,.190,.190,.381
Antonio A Osuna,LA,39,2,0,0,0,0,0,0,0,0,0,0,.000,.000,.000,.000
Matt M Stairs L,BOS,39,88,8,23,7,1,1,17,4,14,0,1,.261,.298,.398,.696
Derrick D White,DET,39,48,3,9,2,0,0,2,0,7,1,0,.188,.188,.229,.417
Eric E Helfand,OAK,38,86,9,14,2,1,0,7,11,25,0,0,.163,.265,.209,.475
Andres A Berumen,SD,37,1,0,0,0,0,0,0,0,1,0,0,.000,.000,.000,.000
Doug D Brocail,HOU,37,16,3,4,0,1,0,1,0,5,0,0,.250,.250,.375,.625
Ron R Coomer,MIN,37,101,15,26,3,1,5,19,9,11,0,1,.257,.324,.455,.780
Carlos C Delgado L,TOR,37,91,7,15,3,0,3,11,6,26,0,0,.165,.212,.297,.509
Dave D Mc Carty,SF,37,75,11,17,4,1,0,6,6,22,1,1,.227,.289,.307,.596
Bruce B Ruffin,COL,37,2,0,0,0,0,0,0,0,2,0,0,.000,.000,.000,.000
Rudy R Seanez,LA,37,1,0,0,0,0,0,0,0,1,0,0,.000,.000,.000,.000
Mark M Smith R,BAL,37,104,11,24,5,0,3,15,12,22,3,0,.231,.314,.365,.679
Mark M Sweeney,STL,37,77,5,21,2,0,2,13,10,15,1,1,.273,.348,.377,.725
Jerald J Clark L,MIN,36,109,17,37,8,3,3,15,2,11,3,0,.339,.354,.550,.904
Kevin K Elster S,PHI,36,70,11,13,5,1,1,9,8,19,0,0,.186,.272,.329,.600
Matt M Nokes,COL,36,60,5,8,2,0,2,6,5,15,0,0,.133,.197,.267,.464
Dean D Palmer,TEX,36,119,30,40,6,0,9,24,21,21,1,1,.336,.448,.613,1.062
Dave D Valle,TEX,36,75,7,18,3,0,0,5,6,18,1,0,.240,.305,.280,.585
Jack J Voigt R,TEX,36,63,9,11,3,0,2,8,10,14,0,0,.175,.284,.317,.601
Craig C Worthington,TEX,36,86,5,20,5,0,3,8,9,9,0,0,.233,.305,.395,.701
Andy A Allanson,CAL,35,82,5,14,3,0,3,10,7,12,0,1,.171,.244,.317,.562
John J Cummings,LA,35,3,0,0,0,0,0,0,0,1,0,0,.000,.000,.000,.000
Mike M Mimbs,PHI,35,35,2,5,1,0,0,2,0,12,0,0,.143,.143,.171,.314
Blas B Minor,NYM,35,2,0,0,0,0,0,0,0,0,0,0,.000,.000,.000,.000
Ricky R Otero L,NYM,35,51,5,7,2,0,0,1,3,10,2,1,.137,.185,.176,.362
F. P. F Santangelo L,MON,35,98,11,29,5,1,1,9,12,9,1,1,.296,.384,.398,.782
Don D Slaught,PIT,35,112,13,34,6,0,0,13,9,8,0,0,.304,.361,.357,.718
Luis L Aquino,SF,34,5,0,1,0,0,0,0,1,2,0,0,.200,.333,.200,.533
Damon D Berryhill,CIN,34,82,6,15,3,0,2,11,10,19,0,0,.183,.260,.293,.553
Doug D Bochtler,SD,34,2,0,0,0,0,0,0,0,0,0,0,.000,.000,.000,.000
Ramon R Caraballo,STL,34,99,10,20,4,1,2,3,6,33,3,2,.202,.269,.323,.592
Russ R Morman,FLA,34,72,9,20,2,1,3,7,3,12,0,0,.278,.316,.458,.774
Chris C Nabholz,CHC,34,1,0,0,0,0,0,0,0,0,0,0,.000,.000,.000,.000
Joe J Randa,KC,34,70,6,12,2,0,1,5,6,17,0,1,.171,.237,.243,.480
Greg G Swindell,HOU,34,50,4,12,3,0,0,5,3,9,0,0,.240,.283,.300,.583
Jeff J Tabaka,HOU,34,1,0,0,0,0,0,0,0,0,0,0,.000,.000,.000,.000
Jim J Tatum,COL,34,34,4,8,1,1,0,4,1,7,0,0,.235,.257,.324,.581
Paul P Wagner,PIT,34,42,5,9,1,0,0,4,4,11,0,0,.214,.283,.238,.521
Doug D Drabek,HOU,33,60,4,14,3,0,0,8,2,17,0,0,.233,.258,.283,.541
Kevin K Foster,CHC,33,60,7,15,1,1,1,9,3,16,2,0,.250,.286,.350,.636
Jose J Herrera C,OAK,33,70,9,17,1,2,0,2,6,11,1,3,.243,.299,.314,.613
Esteban E Loaiza,PIT,33,52,4,10,1,1,0,2,1,11,0,0,.192,.204,.250,.454
Lance L Painter,COL,33,9,0,1,1,0,0,0,1,4,0,0,.111,.200,.222,.422
Paul P Quantrill,PHI,33,57,5,6,0,0,0,0,3,24,0,0,.105,.150,.105,.255
Ismael I Valdez,LA,33,62,2,6,0,0,0,1,1,26,1,0,.097,.111,.097,.208
Mike M Williams,PHI,33,16,0,2,1,0,0,1,1,5,0,0,.125,.176,.188,.364
Denny D Neagle,PIT,32,74,5,9,3,0,1,8,4,26,0,0,.122,.167,.203,.369
Geronimo G Pena,STL,32,101,20,27,6,1,1,8,16,30,3,2,.267,.367,.376,.743
Kevin K Roberson,CHC,32,38,5,7,1,0,4,6,6,14,0,1,.184,.311,.526,.837
Darryl D Strawberry,NYY,32,87,15,24,4,1,3,13,10,22,0,0,.276,.364,.448,.812
Anthony A Young,CHC,32,3,2,2,0,0,0,0,0,0,0,0,.667,.667,.667,1.333
Andy A Ashby,SD,31,49,2,8,1,0,0,3,1,24,1,0,.163,.180,.184,.364
John J Burkett,FLA,31,66,3,7,1,0,0,3,2,23,0,0,.106,.145,.121,.266
John J Habyan,STL,31,2,0,0,0,0,0,0,0,1,0,0,.000,.000,.000,.000
Joey J Hamilton,SD,31,65,4,7,2,0,0,3,2,38,0,0,.108,.132,.138,.271
Mark M Portugal,CIN,31,58,5,8,5,0,0,5,5,13,0,0,.138,.206,.224,.430
Shane S Reynolds,HOU,31,63,4,8,1,0,0,1,1,30,0,0,.127,.141,.143,.284
Kevin K Ritz,COL,31,48,3,9,1,0,0,2,2,20,1,1,.188,.250,.208,.458
Tom T Candiotti,LA,30,55,2,6,0,0,0,2,3,16,0,0,.109,.155,.109,.264
Jeff J Fassero,MON,30,57,6,4,0,0,0,1,5,29,0,0,.070,.145,.070,.215
Rene R Gonzales,CAL,30,18,1,6,1,0,1,3,0,4,0,0,.333,.333,.556,.889
Eric E Gunderson,NYM,30,0,1,0,0,0,0,0,0,0,0,0,.000,1.000,.000,1.000
Bobby B Jones,NYM,30,56,3,9,0,0,0,2,1,25,0,0,.161,.175,.161,.336
Mark M Leiter,SF,30,61,2,6,0,0,0,5,4,33,0,0,.098,.154,.098,.252
Pedro P Martinez,MON,30,63,2,7,0,0,0,2,0,30,0,0,.111,.134,.111,.245
Ramon R Martinez,LA,30,64,2,11,4,0,0,4,1,19,0,0,.172,.185,.234,.419
Terry T Mulholland,SF,30,49,3,5,1,1,1,3,1,22,0,0,.102,.118,.224,.342
Todd T Steverson L,DET,30,42,11,11,0,0,2,6,6,10,2,0,.262,.340,.405,.745
Steve S Trachsel,CHC,30,49,3,13,2,0,0,4,2,17,0,0,.265,.288,.306,.595
Steve S Avery,ATL,29,53,4,11,1,1,2,4,1,17,0,0,.208,.218,.377,.596
Steve S Bedrosian,ATL,29,0,0,0,0,0,0,0,0,0,0,0,.000,.000,.000,.000
Frank F Castillo,CHC,29,59,1,6,0,0,0,1,3,25,0,0,.102,.145,.102,.247
Cliff C Floyd,MON,29,68,6,9,1,0,1,8,7,22,3,0,.132,.224,.191,.415
Tom T Glavine,ATL,29,63,6,14,1,0,1,8,2,15,0,0,.222,.258,.286,.543
Kent K Mercker,ATL,29,48,1,5,3,0,0,5,0,17,0,0,.104,.104,.167,.271
Dave D Mlicki,NYM,29,39,2,2,0,0,0,2,8,12,0,0,.051,.213,.051,.264
Jaime J Navarro,CHC,29,65,0,12,5,0,0,7,1,25,0,0,.185,.197,.262,.458
Eduardo E Perez,CAL,29,71,9,12,4,1,1,7,12,9,0,2,.169,.302,.296,.598
Tim T Pugh,CIN,29,28,2,4,2,0,0,1,1,12,0,0,.143,.172,.214,.387
Pete P Schourek,CIN,29,59,7,13,2,0,0,4,0,12,0,0,.220,.220,.254,.475
John J Smoltz,ATL,29,56,5,6,0,0,0,1,7,25,0,0,.107,.206,.107,.314
Fernando F Valenzuela,SD,29,32,3,8,1,0,2,8,0,6,0,0,.250,.250,.469,.719
George G Williams,OAK,29,79,13,23,5,1,3,14,11,21,0,0,.291,.383,.494,.877
Ruben R Amaro C,CLE,28,60,5,12,3,0,1,7,4,6,1,3,.200,.273,.300,.573
Willie W Banks,FLA,28,26,2,7,1,0,0,1,1,9,0,0,.269,.321,.308,.629
Mike M Cameron R,CWS,28,38,4,7,2,0,1,2,3,15,0,0,.184,.244,.316,.560
Alex A Cole C,MIN,28,79,10,27,3,2,1,14,8,15,1,3,.342,.409,.468,.877
Omar O Daal,LA,28,0,0,0,0,0,0,0,0,0,0,0,.000,.000,.000,.000
Butch B Huskey,NYM,28,90,8,17,1,0,3,11,10,16,1,0,.189,.267,.300,.567
Greg G Maddux,ATL,28,72,8,11,2,0,0,0,3,22,0,0,.153,.187,.181,.367
Hideo H Nomo,LA,28,66,2,6,0,0,0,4,0,33,0,0,.091,.090,.091,.180
Carlos C Perez,MON,28,45,1,6,1,1,1,5,4,21,0,0,.133,.204,.267,.471
Pat P Rapp,FLA,28,56,1,6,1,0,0,5,0,25,0,0,.107,.107,.125,.232
Scott S Service,SF,28,1,0,0,0,0,0,0,0,1,0,0,.000,.000,.000,.000
John J Smiley,CIN,28,55,6,9,1,0,2,5,4,26,0,0,.164,.217,.291,.508
David D Weathers,FLA,28,26,1,4,0,0,0,1,0,17,0,0,.154,.154,.154,.308
Tony T Clark,DET,27,101,10,24,5,1,3,11,8,30,0,0,.238,.294,.396,.690
Mark M Dewey,SF,27,1,0,0,0,0,0,0,0,1,0,0,.000,.000,.000,.000
Tyler T Green,PHI,27,44,2,8,5,0,1,5,0,16,0,1,.182,.182,.364,.546
Barry B Lyons,CWS,27,64,8,17,2,0,5,16,4,14,0,0,.266,.304,.531,.836
Rick R Parker L,LA,27,29,3,8,0,0,0,4,2,4,1,1,.276,.323,.276,.598
Alejandro A Pena,ATL,27,1,0,0,0,0,0,0,0,1,0,0,.000,.000,.000,.000
Ross R Powell,PIT,27,3,0,0,0,0,0,0,0,1,0,0,.000,.000,.000,.000
Darrell D Whitmore C,FLA,27,58,6,11,2,0,1,2,5,15,0,0,.190,.250,.276,.526
Kevin K Flora C,PHI,26,76,13,16,3,0,2,7,4,23,1,0,.211,.250,.329,.579
Dustin D Hermanson,SD,26,0,0,0,0,0,0,0,0,0,0,0,.000,.000,.000,.000
Chad C Kreuter,SEA,26,75,12,17,5,0,1,8,5,22,0,0,.227,.293,.333,.626
Dave D Leiper,MON,26,1,0,0,0,0,0,0,0,0,0,0,.000,.000,.000,.000
Carlos C Martinez,CAL,26,61,7,11,1,0,1,9,6,7,0,0,.180,.265,.246,.511
Mark M Petkovsek,STL,26,37,4,3,0,0,0,2,5,11,0,0,.081,.186,.081,.267
Mike M Stanton,ATL,26,0,0,0,0,0,0,0,0,0,0,0,.000,.000,.000,.000
Ernie E Young R,OAK,26,50,9,10,3,0,2,5,8,12,0,0,.200,.310,.380,.690
Jim J Bullinger,CHC,25,47,1,6,3,0,0,5,5,16,0,0,.128,.204,.191,.395
Norm N Charlton,PHI,25,1,0,1,1,0,0,1,0,0,0,0,1.000,1.000,2.000,3.000
Bryan B Eversgerd,MON,25,1,0,0,0,0,0,0,0,0,0,0,.000,.000,.000,.000
Jim J Gott,PIT,25,1,0,0,0,0,0,0,0,1,0,0,.000,.000,.000,.000
Mark M Guthrie,LA,25,1,0,0,0,0,0,0,0,0,0,0,.000,.000,.000,.000
Chris C Hammond,FLA,25,48,7,13,2,0,1,4,7,16,0,0,.271,.364,.375,.739
Todd T Haney,CHC,25,73,11,30,8,0,2,6,7,11,0,0,.411,.463,.603,1.065
Darryl D Kile,HOU,25,36,1,4,1,0,0,6,4,20,0,0,.111,.200,.139,.339
Pedro P Martinez,HOU,25,0,1,0,0,0,0,0,1,0,0,0,.000,1.000,.000,1.000
Todd T Pratt,CHC,25,60,3,8,2,0,0,4,6,21,0,0,.133,.209,.167,.376
Bret B Saberhagen,COL,25,49,3,5,1,0,0,0,2,12,0,0,.102,.137,.122,.260
Chris C Sabo,STL,25,84,10,20,6,0,1,11,4,14,3,0,.238,.283,.345,.628
Mike M Hampton,HOU,24,48,7,7,0,0,0,0,4,14,0,0,.146,.226,.146,.372
Dwayne D Hosey C,BOS,24,68,20,23,8,1,3,7,8,16,6,0,.338,.408,.618,1.026
Trenidad T Hubbard C,COL,24,58,13,18,4,0,3,9,8,6,2,1,.310,.394,.534,.928
Kevin K Jordan,PHI,24,54,6,10,1,0,2,6,2,9,0,0,.185,.228,.315,.543
Les L Norman R,KC,24,40,6,9,0,1,0,4,6,6,0,1,.225,.326,.275,.601
Gene G Schall,PHI,24,65,2,15,2,0,0,5,6,16,0,0,.231,.306,.262,.567
Tom T Urbani,STL,24,19,3,6,1,0,1,3,3,6,0,0,.316,.409,.526,.935
T. J. T Mathews,STL,23,2,0,0,0,0,0,0,0,1,0,0,.000,.000,.000,.000
Roberto R Mejia,COL,23,52,5,8,1,0,1,4,0,17,0,1,.154,.167,.231,.397
Henry H Mercedes,KC,23,43,7,11,2,0,0,9,8,13,0,0,.256,.370,.302,.673
Randy R Ready,PHI,23,29,3,4,0,0,0,0,3,6,0,1,.138,.219,.138,.357
Karl K Rhodes C,BOS,23,41,4,4,1,0,0,3,3,8,0,0,.098,.156,.122,.278
Chris C Widger,SEA,23,45,2,9,0,0,1,2,3,11,0,0,.200,.245,.267,.512
Brent B Cookson,KC,22,35,2,5,1,0,0,5,2,7,1,0,.143,.189,.171,.361
Willie W Fraser,MON,22,2,0,0,0,0,0,0,0,0,0,0,.000,.000,.000,.000
Marvin M Freeman,COL,22,23,2,2,0,0,1,4,1,16,0,0,.087,.125,.217,.342
Mike M Henneman,HOU,22,0,0,0,0,0,0,0,0,0,0,0,.000,.000,.000,.000
Kevin K Maas D,MIN,22,57,5,11,4,0,1,5,7,11,0,0,.193,.281,.316,.597
Chris C Snopek,CWS,22,68,12,22,4,0,1,7,9,12,1,0,.324,.403,.426,.829
Chris C Stynes,KC,22,35,7,6,1,0,0,2,4,3,0,0,.171,.256,.200,.456
Scooter E Tucker,CLE,22,27,3,2,0,0,1,1,5,4,0,0,.074,.242,.185,.428
Gene G Harris,PHI,21,0,0,0,0,0,0,0,0,0,0,0,.000,.000,.000,.000
Butch B Henry,MON,21,42,1,2,0,0,0,1,0,11,0,0,.048,.048,.048,.095
Matt M Lawton C,MIN,21,60,11,19,4,1,1,12,7,11,1,1,.317,.414,.467,.881
Aaron A Ledesma,NYM,21,33,4,8,0,0,0,3,6,7,0,0,.242,.359,.242,.601
Richie R Lewis,FLA,21,1,0,0,0,0,0,0,1,1,0,0,.000,.500,.000,.500
Jon J Lieber,PIT,21,21,0,1,0,0,0,0,0,14,0,0,.048,.048,.048,.095
Mike M Morgan,STL,21,38,2,2,0,0,0,0,3,20,0,0,.053,.122,.053,.175
Dick D Schofield S,CAL,21,30,1,6,0,0,0,2,5,5,0,0,.200,.314,.200,.514
Terry T Shumpert,BOS,21,47,6,11,3,0,0,3,4,13,3,1,.234,.294,.298,.592
Mark M Thompson,COL,21,13,2,5,0,0,0,0,0,7,0,0,.385,.385,.385,.769
Allen A Watson,STL,21,36,5,15,4,0,0,5,2,7,0,0,.417,.447,.528,.975
Bobby B Witt,FLA,21,32,0,2,1,0,0,2,1,10,0,0,.063,.088,.094,.182
Greg G Hansell,LA,20,0,0,0,0,0,0,0,0,0,0,0,.000,.000,.000,.000
Vicente V Palacios,STL,20,6,1,1,0,0,0,0,0,4,0,0,.167,.167,.167,.333
Armando A Reynoso,COL,20,30,1,4,0,0,0,0,1,11,0,0,.133,.161,.133,.295
Andy A Benes,SD,19,40,2,6,1,0,0,3,1,18,0,0,.150,.171,.175,.346
Terry T Bradshaw,STL,19,44,6,10,1,1,0,2,2,10,1,2,.227,.261,.295,.556
Wes W Chamberlain R,BOS,19,42,4,5,1,0,1,1,3,11,1,0,.119,.178,.214,.392
Glenn G Dishman,SD,19,30,4,6,0,0,0,4,0,13,0,0,.200,.219,.200,.419
John J Ericks,PIT,19,31,2,3,1,0,0,1,0,12,0,0,.097,.097,.129,.226
John J Hudek,HOU,19,1,0,1,0,0,0,2,0,0,0,0,1.000,1.000,1.000,2.000
Danny D Jackson,STL,19,31,1,5,2,0,0,2,1,16,0,0,.161,.188,.226,.413
Kevin K Jarvis,CIN,19,21,2,3,1,0,0,0,0,8,0,0,.143,.182,.190,.372
Joe J Kmak,CHC,19,53,7,13,3,0,1,6,6,12,0,0,.245,.328,.358,.686
Mark M Loretta S,MIL,19,50,13,13,3,0,1,3,4,7,1,1,.260,.327,.380,.707
Donovan D Osborne,STL,19,31,1,5,3,0,0,4,3,15,0,0,.161,.257,.258,.515
Bill B Swift,COL,19,36,5,7,1,0,1,4,2,5,1,0,.194,.237,.306,.542
Ron R Villone,SD,19,1,0,0,0,0,0,0,0,0,0,0,.000,.000,.000,.000
Gabe G White,MON,19,3,0,0,0,0,0,0,0,3,0,0,.000,.000,.000,.000
Trevor T Wilson,SF,19,30,1,7,1,0,0,3,0,8,0,0,.233,.233,.267,.500
Kyle K Abbott,PHI,18,2,1,1,0,0,0,0,0,1,0,0,.500,.500,.500,1.000
Terry T Adams,CHC,18,0,0,0,0,0,0,0,0,0,0,0,.000,.000,.000,.000
Jorge J Brito,COL,18,51,5,11,3,0,0,7,2,17,1,0,.216,.259,.275,.534
Jarvis J Brown C,BAL,18,27,2,4,1,0,0,1,7,9,1,1,.148,.324,.185,.509
Mike M Brumley,HOU,18,18,1,1,0,0,1,2,0,6,1,0,.056,.056,.222,.278
Reid R Cornelius,NYM,18,20,0,2,0,0,0,0,0,7,0,0,.100,.100,.100,.200
Steve S Frey,PHI,18,1,0,0,0,0,0,0,0,1,0,0,.000,.000,.000,.000
Rich R Garces,FLA,18,1,0,0,0,0,0,0,0,0,0,0,.000,.000,.000,.000
Pat P Gomez,SF,18,1,0,0,0,0,0,0,0,1,0,0,.000,.000,.000,.000
Shawn S Hare,TEX,18,24,2,6,1,0,0,2,4,6,0,0,.250,.357,.292,.649
Pete P Harnisch,NYM,18,33,0,3,0,0,0,0,0,6,0,0,.091,.091,.091,.182
Ken K Hill,STL,18,31,1,6,0,0,0,3,2,10,0,0,.194,.235,.194,.429
Jayhawk J Owens,COL,18,45,7,11,2,0,4,12,2,15,0,0,.244,.286,.556,.841
Tom T Prince,LA,18,40,3,8,2,1,1,4,4,10,0,0,.200,.273,.375,.648
Steve S Rodriguez,DET,18,39,5,7,1,0,0,0,6,10,2,2,.179,.289,.205,.494
William W Van Landingham,SF,18,46,1,7,2,0,1,3,0,24,0,0,.152,.152,.261,.413
Juan J Acevedo,COL,17,18,0,1,0,0,0,0,1,6,0,0,.056,.105,.056,.161
Juan J Bell S,BOS,17,26,7,4,2,0,1,2,2,10,0,0,.154,.207,.346,.553
Paul P Byrd,NYM,17,1,0,1,0,0,0,0,0,0,0,0,1.000,1.000,1.000,2.000
Joey J Eischen,LA,17,1,0,0,0,0,0,0,0,1,0,0,.000,.000,.000,.000
Joe J Grahe,COL,17,12,1,5,1,0,0,2,0,3,0,0,.417,.417,.500,.917
Omar O Olivares,PHI,17,9,1,2,1,0,1,2,1,4,0,0,.222,.300,.667,.967
Robert R Perez,TOR,17,48,2,9,2,0,1,3,0,5,0,0,.188,.188,.292,.479
Bill B Pulsipher,NYM,17,38,4,4,2,0,0,4,5,19,0,0,.105,.200,.158,.358
Scott S Sanders,SD,17,27,2,8,1,0,0,4,1,3,1,0,.296,.321,.333,.655
Curt C Schilling,PHI,17,40,3,7,2,0,0,3,0,15,0,0,.175,.175,.225,.400
Matt M Franco,CHC,16,17,3,5,1,0,0,1,0,4,0,0,.294,.294,.353,.647
Mike M Lieberthal,PHI,16,47,1,12,2,0,0,4,5,5,0,0,.255,.327,.298,.625
Rob R Natal,FLA,16,43,2,10,2,1,2,6,1,9,0,0,.233,.244,.465,.710
Sherman S Obando R,BAL,16,38,0,10,1,0,0,3,2,12,1,0,.263,.293,.289,.582
Todd T Williams,LA,16,2,0,1,0,0,0,0,0,0,0,0,.500,.500,.500,1.000
Jeff J Barry,NYM,15,15,2,2,1,0,0,0,1,8,0,0,.133,.188,.200,.388
Jeff J Grotewold D,KC,15,36,4,10,1,0,1,6,9,7,0,0,.278,.422,.389,.811
Mike M Hubbard,CHC,15,23,2,4,0,0,0,1,2,2,0,0,.174,.240,.174,.414
Derek D Jeter S,NYY,15,48,5,12,4,1,0,7,3,11,0,0,.250,.294,.375,.669
Orlando O Palmeiro,CAL,15,20,3,7,0,0,0,1,1,1,0,0,.350,.381,.350,.731
Steve S Parris,PIT,15,28,2,7,2,0,0,4,0,10,0,0,.250,.250,.321,.571
Bryan B Rekar,COL,15,26,1,1,0,0,0,0,3,15,0,1,.038,.138,.038,.176
Rick R White,PIT,15,15,1,1,1,0,0,1,0,3,0,0,.067,.067,.133,.200
Reggie R Williams L,LA,15,11,2,1,0,0,0,1,2,3,0,0,.091,.231,.091,.322
Yamil Y Benitez R,MON,14,39,8,15,2,1,2,7,1,7,0,2,.385,.400,.641,1.041
Jamie J Brewington,SF,14,23,3,5,0,0,0,1,0,7,0,0,.217,.217,.217,.435
Rod R Correia S,CAL,14,21,3,5,1,1,0,3,0,5,0,0,.238,.238,.381,.619
Don D Florence,NYM,14,1,0,0,0,0,0,0,0,1,0,0,.000,.000,.000,.000
John J Frascatore,STL,14,7,0,0,0,0,0,0,1,6,0,0,.000,.125,.000,.125
Buddy B Groom,FLA,14,0,0,0,0,0,0,0,0,0,0,0,.000,.000,.000,.000
Jason J Isringhausen,NYM,14,27,2,4,1,0,0,0,2,10,0,0,.148,.233,.185,.418
Mark M Leonard,SF,14,21,4,4,1,0,1,4,5,2,0,0,.190,.346,.381,.727
Steve S Mintz,SF,14,3,0,0,0,0,0,0,0,3,0,0,.000,.000,.000,.000
Rob R Murphy,FLA,14,1,0,1,0,0,0,0,0,0,0,0,1.000,1.000,1.000,2.000
Jose J Rijo,CIN,14,22,1,3,1,0,0,3,0,3,0,0,.136,.136,.182,.318
Rich R Rowland,BOS,14,29,1,5,1,0,0,1,0,11,0,0,.172,.172,.207,.379
Mackey M Sasser,PIT,14,26,1,4,1,0,0,0,0,0,0,0,.154,.154,.192,.346
Russ R Springer,PHI,14,1,0,0,0,0,0,0,0,1,0,0,.000,.000,.000,.000
Marvin M Benard C,SF,13,34,5,13,2,0,1,4,1,7,1,0,.382,.400,.529,.929
Mike M Busch,LA,13,17,3,4,0,0,3,6,0,7,0,0,.235,.235,.765,1.000
Alberto A Castillo,NYM,13,29,2,3,0,0,0,0,3,9,1,0,.103,.212,.103,.316
Karim K Garcia,LA,13,20,1,4,0,0,0,0,0,4,0,0,.200,.200,.200,.400
Ed E Giovanola,ATL,13,14,2,1,0,0,0,0,3,5,0,0,.071,.235,.071,.307
Jeff J Juden,PHI,13,18,1,1,0,0,1,4,0,12,0,0,.056,.056,.222,.278
Carlos C Rodriguez,BOS,13,30,5,10,2,0,0,5,2,2,0,0,.333,.394,.400,.794
Duane D Singleton C,MIL,13,31,0,2,0,0,0,0,1,10,1,0,.065,.094,.065,.158
Kevin K Tapani,LA,13,17,0,3,1,0,0,2,0,7,0,0,.176,.176,.235,.412
Gary G Thurman L,SEA,13,25,3,8,2,0,0,3,1,3,5,2,.320,.333,.400,.733
Sergio S Valdez,SF,13,21,1,2,0,0,0,1,0,9,0,0,.095,.095,.095,.190
Pete P Walker,NYM,13,0,0,0,0,0,0,0,0,0,0,0,.000,.000,.000,.000
Doug D Brady,CWS,12,21,4,4,1,0,0,3,2,4,0,1,.190,.261,.238,.499
Jerry J Goff,HOU,12,26,2,4,2,0,1,3,4,13,0,0,.154,.267,.346,.613
Jesse J Levis,CLE,12,18,1,6,2,0,0,3,1,0,0,0,.333,.333,.444,.778
Matt M Mantei,FLA,12,0,0,0,0,0,0,0,0,0,0,0,.000,.000,.000,.000
Josias J Manzanillo,NYM,12,0,0,0,0,0,0,0,0,0,0,0,.000,.000,.000,.000
Rudy R Pemberton L,DET,12,30,3,9,3,1,0,3,1,5,0,0,.300,.344,.467,.810
Shannon S Stewart C,TOR,12,38,2,8,0,0,0,1,5,5,2,0,.211,.318,.211,.529
Juan J Castro,LA,11,4,0,1,0,0,0,0,1,1,0,0,.250,.400,.250,.650
Mark M Dalesandro,CAL,11,10,1,1,1,0,0,0,0,2,0,0,.100,.100,.200,.300
Sid S Fernandez,PHI,11,23,1,1,0,0,0,1,1,15,0,0,.043,.083,.043,.127
Tom T Foley,MON,11,24,2,5,2,0,0,2,2,4,1,0,.208,.269,.292,.561
Tommy T Greene,PHI,11,8,0,0,0,0,0,0,2,3,0,0,.000,.200,.000,.200
Lee L Hancock,PIT,11,0,0,0,0,0,0,0,0,0,0,0,.000,.000,.000,.000
Sam S Horn,TEX,11,9,0,1,0,0,0,0,1,6,0,0,.111,.200,.111,.311
Ray R Mc David C,SD,11,17,2,3,0,0,0,0,2,6,1,1,.176,.263,.176,.440
Craig C Mc Murtry,HOU,11,1,0,0,0,0,0,0,0,1,0,0,.000,.000,.000,.000
Alex A Ochoa R,NYM,11,37,7,11,1,0,0,0,2,10,1,0,.297,.333,.324,.658
Felix F Rodriguez,LA,11,0,0,0,0,0,0,0,0,0,0,0,.000,.000,.000,.000
Curt C Schmidt,MON,11,0,0,0,0,0,0,0,0,0,0,0,.000,.000,.000,.000
Pete P Smith,CIN,11,3,0,0,0,0,0,0,2,2,0,0,.000,.400,.000,.400
Carlos C Valdez,SF,11,1,0,0,0,0,0,0,0,1,0,0,.000,.000,.000,.000
David D Wells,CIN,11,28,2,4,0,0,0,0,0,5,0,0,.143,.143,.143,.286
Paul P Fletcher,PHI,10,0,0,0,0,0,0,0,0,0,0,0,.000,.000,.000,.000
Eric E Fox L,TEX,10,15,2,0,0,0,0,0,3,4,0,0,.000,.167,.000,.167
Brian B Kowitz R,ATL,10,24,3,4,1,0,0,3,2,5,0,1,.167,.259,.208,.468
Greg G Pirkl,SEA,10,17,2,4,0,0,0,0,1,7,0,0,.235,.278,.235,.513
Johnny J Ruffin,CIN,10,2,0,0,0,0,0,0,0,0,0,0,.000,.000,.000,.000
A. J. A Sager,COL,10,3,0,0,0,0,0,0,0,1,0,0,.000,.000,.000,.000
Chris C Tremie,CWS,10,24,0,4,0,0,0,0,1,2,0,0,.167,.200,.167,.367
Gary G Wilson,PIT,10,0,0,0,0,0,0,0,0,0,0,0,.000,.000,.000,.000
Rich R Aurilia S,SF,9,19,4,9,3,0,2,4,1,2,1,0,.474,.476,.947,1.424
Brian B Barber,STL,9,8,0,1,0,0,0,0,1,2,0,0,.125,.222,.125,.347
Howard H Battle,TOR,9,15,3,3,0,0,0,0,4,8,1,0,.200,.368,.200,.568
Todd T Benzinger,SF,9,10,2,2,0,0,1,2,2,3,0,0,.200,.308,.500,.808
Jim J Bruske,LA,9,0,0,0,0,0,0,0,0,0,0,0,.000,.000,.000,.000
Jeromy J Burnitz L,CLE,9,7,4,4,1,0,0,0,0,0,0,0,.571,.571,.714,1.286
Ray R Giannelli,STL,9,11,0,1,0,0,0,0,3,4,0,0,.091,.286,.091,.377
Denny D Hocking S,MIN,9,25,4,5,0,2,0,3,2,2,1,0,.200,.259,.360,.619
Felix F Jose R,KC,9,30,2,4,1,0,0,1,2,9,0,0,.133,.188,.167,.354
Keith K Miller,KC,9,15,2,5,0,0,1,3,2,4,0,0,.333,.412,.533,.945
C. J. C Nitkowski,CIN,9,10,1,2,0,0,0,1,0,6,0,0,.200,.200,.200,.400
Jay J Powell,FLA,9,0,0,0,0,0,0,0,0,0,0,0,.000,.000,.000,.000
Joe J Rosselli,SF,9,10,1,2,0,0,0,1,0,3,0,0,.200,.200,.200,.400
Kirk K Rueter,MON,9,16,0,0,0,0,0,1,0,6,0,0,.000,.000,.000,.000
Jason J Schmidt,ATL,9,5,0,1,0,0,0,0,1,2,0,0,.200,.333,.200,.533
Brad B Woodall,ATL,9,1,0,1,0,0,0,1,0,0,0,0,1.000,1.000,1.000,2.000
Tim T Worrell,SD,9,1,0,0,0,0,0,0,0,0,0,0,.000,.000,.000,.000
Tavo T Alvarez,MON,8,12,1,0,0,0,0,0,0,4,0,0,.000,.000,.000,.000
Fausto F Cruz S,OAK,8,23,0,5,0,0,0,5,3,5,1,1,.217,.286,.217,.503
Matt M Dunbar,FLA,8,0,0,0,0,0,0,0,0,0,0,0,.000,.000,.000,.000
Willie W Greene,CIN,8,19,1,2,0,0,0,0,3,7,0,0,.105,.227,.105,.332
Kenny K Greer,SF,8,1,0,0,0,0,0,0,0,1,0,0,.000,.000,.000,.000
Mike M Maddux,PIT,8,0,0,0,0,0,0,0,0,0,0,0,.000,.000,.000,.000
Jose J Parra,LA,8,0,0,0,0,0,0,0,0,0,0,0,.000,.000,.000,.000
Billy B Ripken,CLE,8,17,4,7,0,0,2,3,0,3,0,0,.412,.412,.765,1.176
David D West,PHI,8,8,1,1,0,0,1,3,1,4,0,0,.125,.222,.500,.722
Jose J De Leon,MON,7,0,0,0,0,0,0,0,1,0,0,0,.000,1.000,.000,1.000
Joe J Hall L,DET,7,15,2,2,0,0,0,0,2,3,0,0,.133,.235,.133,.369
Jeremy J Hernandez,FLA,7,1,0,0,0,0,0,0,0,0,0,0,.000,.000,.000,.000
Eddie E Pérez Perez,ATL,7,13,1,4,1,0,1,4,0,2,0,0,.308,.308,.615,.923
Eddie E Pye,LA,7,8,0,0,0,0,0,0,0,4,0,0,.000,.000,.000,.000
Mike M Remlinger,CIN,7,1,0,0,0,0,0,0,0,0,0,0,.000,.000,.000,.000
Chuck C Ricci,PHI,7,0,0,0,0,0,0,0,0,0,0,0,.000,.000,.000,.000
Roberto R Rivera,CHC,7,0,0,0,0,0,0,0,0,0,0,0,.000,.000,.000,.000
Mike M Sharperson,ATL,7,7,1,1,1,0,0,2,0,2,0,0,.143,.143,.286,.429
Joe J Siddall,MON,7,10,4,3,0,0,0,1,3,3,0,0,.300,.500,.300,.800
Aaron A Small,FLA,7,0,0,0,0,0,0,0,0,0,0,0,.000,.000,.000,.000
Dave D Swartzbaugh,CHC,7,0,0,0,0,0,0,0,0,0,0,0,.000,.000,.000,.000
Dave D Telgheder,NYM,7,6,1,2,0,0,0,1,0,3,0,0,.333,.333,.333,.667
Ugueth U Urbina,MON,7,6,0,2,0,0,0,0,0,4,0,0,.333,.333,.333,.667
Doug D Creek,STL,6,0,0,0,0,0,0,0,0,0,0,0,.000,.000,.000,.000
Cesar C Devarez,BAL,6,4,0,0,0,0,0,0,0,0,0,0,.000,.000,.000,.000
Brian B Giles R,CLE,6,9,6,5,0,0,1,3,0,1,0,0,.556,.556,.889,1.444
Billy B Hatcher R,TEX,6,12,2,1,1,0,0,0,1,1,0,0,.083,.154,.167,.320
Tim T Hyers,SD,6,5,0,0,0,0,0,0,0,1,0,0,.000,.000,.000,.000
Bill B Krueger,SD,6,0,0,0,0,0,0,0,0,0,0,0,.000,.000,.000,.000
Kevin K Lomon,NYM,6,0,0,0,0,0,0,0,0,0,0,0,.000,.000,.000,.000
Brad B Pennington,CIN,6,2,0,0,0,0,0,0,0,1,0,0,.000,.000,.000,.000
Brian B Raabe,MIN,6,14,4,3,0,0,0,1,1,0,0,0,.214,.267,.214,.481
Rich R Scheid,FLA,6,1,0,0,0,0,0,0,0,0,0,0,.000,.000,.000,.000
Donne D Wall,HOU,6,5,0,0,0,0,0,0,0,2,0,0,.000,.000,.000,.000
Eddie E Zosky S,FLA,6,5,0,1,0,0,0,0,0,0,0,0,.200,.200,.200,.400
Bernardo B Brito,MIN,5,5,1,1,0,0,1,1,0,3,0,0,.200,.333,.800,1.133
Enrique E Burgos,SF,5,0,0,0,0,0,0,0,0,0,0,0,.000,.000,.000,.000
Steve S Dunn,MIN,5,6,0,0,0,0,0,0,1,3,0,0,.000,.143,.000,.143
Tom T Edens,CHC,5,0,0,0,0,0,0,0,0,0,0,0,.000,.000,.000,.000
Robert R Eenhoorn,NYY,5,14,1,2,1,0,0,2,1,3,0,0,.143,.200,.214,.414
Dave D Hajek,HOU,5,2,0,0,0,0,0,0,1,1,1,0,.000,.333,.000,.333
Jason J Jacome,NYM,5,7,0,0,0,0,0,0,0,6,0,0,.000,.000,.000,.000
Ron R Mahay C,BOS,5,20,3,4,2,0,1,3,1,6,0,0,.200,.273,.450,.723
Ravelo R Manzanillo,PIT,5,1,0,0,0,0,0,0,0,1,0,0,.000,.000,.000,.000
Tim T Mauser,SD,5,1,0,0,0,0,0,0,0,1,0,0,.000,.000,.000,.000
Ramon R Morel,PIT,5,0,0,0,0,0,0,0,0,0,0,0,.000,.000,.000,.000
Rod R Nichols,ATL,5,0,0,0,0,0,0,0,0,0,0,0,.000,.000,.000,.000
Harvey H Pulliam,COL,5,5,1,2,1,0,1,3,0,2,0,0,.400,.400,1.200,1.600
Ruben R Rivera L,NYY,5,1,0,0,0,0,0,0,0,1,0,0,.000,.000,.000,.000
Kevin K Sefcik,PHI,5,4,1,0,0,0,0,0,0,2,0,0,.000,.000,.000,.000
Chris C Turner,CAL,5,10,0,1,0,0,0,1,0,3,0,0,.100,.100,.100,.200
Nigel N Wilson,CIN,5,7,0,0,0,0,0,0,0,4,0,0,.000,.000,.000,.000
Bill B Bean L,SD,4,7,1,0,0,0,0,0,1,4,0,0,.000,.125,.000,.125
Mike M Birkbeck,NYM,4,6,1,2,0,0,0,0,1,1,0,0,.333,.500,.333,.833
Ryan R Bowen,FLA,4,6,1,2,0,0,0,0,0,3,0,0,.333,.333,.333,.667
Andy A Carter,PHI,4,1,0,1,0,0,0,0,0,0,0,0,1.000,1.000,1.000,2.000
Pedro P Castellano,COL,4,5,0,0,0,0,0,0,2,3,0,0,.000,.286,.000,.286
Dennis D Eckersley,OAK,4,0,0,0,0,0,0,0,0,0,0,0,.000,.000,.000,.000
Brook B Fordyce,NYM,4,2,1,1,1,0,0,0,1,0,0,0,.500,.667,1.000,1.667
Steve S Gibralter C,CIN,4,3,0,1,0,0,0,0,0,0,0,0,.333,.333,.333,.667
Tim T Hulett,STL,4,11,0,2,0,0,0,0,0,3,0,0,.182,.182,.182,.364
Riccardo R Ingram D,MIN,4,8,0,1,0,0,0,1,2,1,0,0,.125,.300,.125,.425
John J Johnstone,FLA,4,0,0,0,0,0,0,0,0,0,0,0,.000,.000,.000,.000
Matt M Murray,ATL,4,2,0,1,0,0,0,0,0,1,0,0,.500,.500,.500,1.000
Rick R Reed,CIN,4,3,0,0,0,0,0,0,0,0,0,0,.000,.000,.000,.000
Dennis D Springer,PHI,4,8,0,1,0,0,0,0,0,3,0,0,.125,.125,.125,.250
Mike M Sweeney,KC,4,4,1,1,0,0,0,0,0,0,0,0,.250,.250,.250,.500
J. J Thobe,MON,4,0,0,0,0,0,0,0,0,0,0,0,.000,.000,.000,.000
Salomon S Torres,SF,4,1,0,0,0,0,0,0,0,0,0,0,.000,.000,.000,.000
Cory C Bailey,STL,3,0,0,0,0,0,0,0,0,0,0,0,.000,.000,.000,.000
Alan A Benes,STL,3,6,0,0,0,0,0,0,0,3,0,0,.000,.000,.000,.000
Terry T Clark,ATL,3,0,0,0,0,0,0,0,0,0,0,0,.000,.000,.000,.000
Craig C Counsell S,COL,3,1,0,0,0,0,0,0,1,0,0,0,.000,.500,.000,.500
Shawn S Estes,SF,3,5,0,0,0,0,0,0,0,2,0,0,.000,.000,.000,.000
John J Hope,PIT,3,0,0,0,0,0,0,0,0,0,0,0,.000,.000,.000,.000
Quinton Q Mc Cracken,COL,3,1,0,0,0,0,0,0,0,1,0,0,.000,.000,.000,.000
Russ R Mc Ginnis,KC,3,5,1,0,0,0,0,0,1,1,0,0,.000,.167,.000,.167
Bobby B Munoz,PHI,3,5,0,0,0,0,0,0,0,2,0,0,.000,.000,.000,.000
Shannon S Penn,DET,3,9,0,3,0,0,0,0,1,2,0,0,.333,.400,.333,.733
Robert R Person,NYM,3,3,1,2,0,0,0,0,0,0,0,0,.667,.667,.667,1.333
John J Roper,SF,3,1,0,0,0,0,0,0,0,0,0,0,.000,.000,.000,.000
Scott S Sullivan,CIN,3,1,0,0,0,0,0,0,0,1,0,0,.000,.000,.000,.000
Tom T Thobe,ATL,3,0,0,0,0,0,0,0,0,0,0,0,.000,.000,.000,.000
Marc M Valdes,FLA,3,2,0,0,0,0,0,0,0,0,0,0,.000,.000,.000,.000
Frank F Viola,CIN,3,6,0,1,1,0,0,0,0,1,0,0,.167,.167,.333,.500
Terrell T Wade,ATL,3,0,0,0,0,0,0,0,0,0,0,0,.000,.000,.000,.000
Jim J Deshaies,PHI,2,1,0,0,0,0,0,0,0,1,0,0,.000,.000,.000,.000
John J Doherty,DET,2,0,0,0,0,0,0,0,0,0,0,0,.000,.000,.000,.000
Mike M Grace,PHI,2,2,0,0,0,0,0,0,0,2,0,0,.000,.000,.000,.000
Matt M Grott,CIN,2,0,0,0,0,0,0,0,0,0,0,0,.000,.000,.000,.000
Brian B Harper,OAK,2,7,0,0,0,0,0,0,0,1,0,0,.000,.000,.000,.000
Scott S Hatteberg,BOS,2,2,1,1,0,0,0,0,0,0,0,0,.500,.500,.500,1.000
Rick R Honeycutt,OAK,2,0,0,0,0,0,0,0,0,0,0,0,.000,.000,.000,.000
Marc M Kroon,SD,2,0,0,0,0,0,0,0,0,0,0,0,.000,.000,.000,.000
John J Marzano,TEX,2,6,1,2,0,0,0,0,0,0,0,0,.333,.333,.333,.667
Darrell D May,ATL,2,0,0,0,0,0,0,0,0,0,0,0,.000,.000,.000,.000
Jose J Mota,KC,2,2,0,0,0,0,0,0,0,0,0,0,.000,.000,.000,.000
Noe N Munoz,LA,2,1,0,0,0,0,0,0,0,0,0,0,.000,.000,.000,.000
Mike M Myers,FLA,2,0,0,0,0,0,0,0,0,0,0,0,.000,.000,.000,.000
David D Nied,COL,2,0,0,0,0,0,0,0,0,0,0,0,.000,.000,.000,.000
Eric E Owens,CIN,2,2,0,2,0,0,0,1,0,0,0,0,1.000,1.000,1.000,2.000
Chan Ho C Park,LA,2,1,0,0,0,0,0,0,0,1,0,0,.000,.000,.000,.000
Todd T Stottlemyre,OAK,2,1,0,0,0,0,0,0,0,1,0,0,.000,.000,.000,.000
Tanyon T Sturtze,CHC,2,0,0,0,0,0,0,0,0,0,0,0,.000,.000,.000,.000
Tim T Unroe,MIL,2,4,0,1,0,0,0,0,0,0,0,0,.250,.250,.250,.500
Mark M Acre,OAK,1,0,0,0,0,0,0,0,0,0,0,0,.000,.000,.000,.000
Rick R Aguilera,MIN,1,0,0,0,0,0,0,0,0,0,0,0,.000,.000,.000,.000
Jose J Alberro,TEX,1,0,0,0,0,0,0,0,0,0,0,0,.000,.000,.000,.000
Gary G Bennett,PHI,1,1,0,0,0,0,0,0,0,1,0,0,.000,.000,.000,.000
Billy B Brewer,KC,1,0,0,0,0,0,0,0,0,0,0,0,.000,.000,.000,.000
John J Courtright,CIN,1,0,0,0,0,0,0,0,0,0,0,0,.000,.000,.000,.000
Ron R Darling,OAK,1,0,0,0,0,0,0,0,0,0,0,0,.000,.000,.000,.000
Donnie D Elliott,SD,1,0,0,0,0,0,0,0,0,0,0,0,.000,.000,.000,.000
Ramon R Fermin,OAK,1,0,0,0,0,0,0,0,0,0,0,0,.000,.000,.000,.000
Mike M Fetters,MIL,1,0,0,0,0,0,0,0,0,0,0,0,.000,.000,.000,.000
Tom T Gordon,KC,1,0,0,0,0,0,0,0,0,0,0,0,.000,.000,.000,.000
Eddie E Guardado,MIN,1,0,0,0,0,0,0,0,0,0,0,0,.000,.000,.000,.000
Bryan B Harvey,FLA,1,0,0,0,0,0,0,0,0,0,0,0,.000,.000,.000,.000
Vince V Horsman,MIN,1,0,0,0,0,0,0,0,0,0,0,0,.000,.000,.000,.000
Ryan R Karp,PHI,1,0,0,0,0,0,0,0,0,0,0,0,.000,.000,.000,.000
Dennis D Konuszewski,PIT,1,0,0,0,0,0,0,0,0,0,0,0,.000,.000,.000,.000
Manuel M Lee,STL,1,1,1,1,0,0,0,0,0,0,0,0,1.000,1.000,1.000,2.000
Pat P Mahomes,MIN,1,0,0,0,0,0,0,0,0,0,0,0,.000,.000,.000,.000
Jose J Mesa,CLE,1,0,0,0,0,0,0,0,0,0,0,0,.000,.000,.000,.000
Mike M Mohler,OAK,1,0,0,0,0,0,0,0,0,0,0,0,.000,.000,.000,.000
Jeff J Montgomery,KC,1,0,0,0,0,0,0,0,0,0,0,0,.000,.000,.000,.000
Darren D Oliver,TEX,1,0,0,0,0,0,0,0,0,0,0,0,.000,.000,.000,.000
Gregg G Olson,KC,1,0,0,0,0,0,0,0,0,0,0,0,.000,.000,.000,.000
Hipolito H Pichardo,KC,1,2,0,0,0,0,0,0,0,0,0,0,.000,.000,.000,.000
Jorge J Posada,NYY,1,0,0,0,0,0,0,0,0,0,0,0,.000,.000,.000,.000
Arquimedez A Pozo,SEA,1,1,0,0,0,0,0,0,0,0,0,0,.000,.000,.000,.000
Rich R Rodriguez,STL,1,0,0,0,0,0,0,0,0,0,0,0,.000,.000,.000,.000
Mo M Sanford,MIN,1,0,0,0,0,0,0,0,0,0,0,0,.000,.000,.000,.000
Dave D Stevens,MIN,1,0,0,0,0,0,0,0,0,0,0,0,.000,.000,.000,.000
Bob B Tewksbury,TEX,1,1,0,0,0,0,0,0,0,1,0,0,.000,.000,.000,.000
Todd T Van Poppel,OAK,1,0,0,0,0,0,0,0,0,0,0,0,.000,.000,.000,.000
Ed E Vosberg,TEX,1,0,0,0,0,0,0,0,0,0,0,0,.000,.000,.000,.000
Billy B Wagner,HOU,1,0,0,0,0,0,0,0,0,0,0,0,.000,.000,.000,.000
Scott S Watkins,MIN,1,0,0,0,0,0,0,0,0,0,0,0,.000,.000,.000,.000
Bill B Wegman,MIL,1,0,0,0,0,0,0,0,0,0,0,0,.000,.000,.000,.000
Matt M Whiteside,TEX,1,0,0,0,0,0,0,0,0,0,0,0,.000,.000,.000,.000
