PLAYER,TEAM,AB,R,H,2B,3B,HR,RBI,BB,SO,SB,CS,AVG,OBP,SLG,OPS
Steve S Finley C,LA,162,628,92,170,28,1,36,94,61,82,9,7,.271,.333,.490,.823
Hideki H Matsui L,NYY,162,584,109,174,34,2,31,108,88,103,3,0,.298,.390,.522,.912
Juan J Pierre C,FLA,162,678,100,221,22,12,3,49,45,35,45,24,.326,.374,.407,.781
Miguel M Tejada S,BAL,162,653,107,203,40,2,34,150,48,73,4,1,.311,.360,.534,.894
Orlando O Cabrera S,BOS,161,618,74,163,38,3,10,62,39,54,16,4,.264,.306,.383,.690
Adam A Dunn L,CIN,161,568,105,151,34,0,46,102,108,195,6,1,.266,.388,.569,.956
Derrek D Lee,CHC,161,605,90,168,39,1,32,98,68,128,12,5,.278,.356,.504,.860
Ichiro I Suzuki R,SEA,161,704,101,262,24,5,8,60,49,63,36,11,.372,.414,.455,.869
Lance L Berkman R,HOU,160,544,104,172,40,3,30,106,127,101,9,7,.316,.450,.566,1.016
Miguel M Cabrera R,FLA,160,603,101,177,31,1,33,112,68,148,5,2,.294,.366,.512,.879
Brad B Wilkerson,MON,160,572,112,146,39,2,32,67,106,152,13,6,.255,.374,.498,.872
Michael M Young S,TEX,160,690,114,216,33,9,22,99,44,89,12,3,.313,.353,.483,.836
Bobby B Abreu R,PHI,159,574,118,173,47,1,30,105,127,116,40,5,.301,.428,.544,.971
Carlos C Beltrán Beltran,HOU,159,599,121,160,36,9,38,104,92,101,42,3,.267,.367,.548,.915
Hank H Blalock,TEX,159,624,107,172,38,3,32,110,75,149,2,2,.276,.355,.500,.855
Brian B Giles R,SD,159,609,97,173,33,7,23,94,89,80,10,3,.284,.374,.475,.849
Alex A Gonzalez S,FLA,159,561,67,130,30,3,23,79,27,126,3,1,.232,.270,.419,.689
Cesar C Izturis S,LA,159,670,90,193,32,9,4,62,43,70,25,9,.288,.330,.381,.710
Lyle L Overbay,MIL,159,579,83,174,53,1,16,87,81,128,2,1,.301,.385,.478,.863
Brian B Roberts,BAL,159,641,107,175,50,2,4,53,71,95,29,12,.273,.344,.376,.720
Mike M Lowell,FLA,158,598,87,175,44,1,27,85,64,77,5,1,.293,.365,.505,.870
Tony T Batista,MON,157,606,76,146,30,2,32,110,26,78,14,6,.241,.272,.455,.728
Shawn S Green,LA,157,590,92,157,28,1,28,86,71,114,5,2,.266,.352,.459,.811
Aubrey A Huff,TB,157,600,92,178,27,2,29,104,56,74,5,1,.297,.360,.493,.853
Geoff G Jenkins L,MIL,157,617,88,163,36,6,27,93,46,152,3,1,.264,.325,.473,.798
Julio J Lugo S,TB,157,581,83,160,41,4,7,75,54,106,21,5,.275,.338,.396,.734
Corey C Patterson,CHC,157,631,91,168,33,6,24,72,45,168,32,9,.266,.320,.452,.771
Jack J Wilson S,PIT,157,652,82,201,41,12,11,59,26,71,8,4,.308,.335,.459,.794
Randy R Winn C,SEA,157,626,84,179,34,6,14,81,53,98,21,7,.286,.346,.427,.772
Jeff J Bagwell,HOU,156,572,104,152,29,2,27,89,96,131,6,4,.266,.377,.465,.842
Adrian A Beltré,LA,156,598,104,200,32,0,48,121,53,87,7,2,.334,.388,.629,1.017
Craig C Biggio L,HOU,156,633,100,178,47,0,24,63,40,94,7,2,.281,.337,.469,.806
Vladimir V Guerrero R,ANA,156,612,124,206,39,2,39,126,52,74,15,3,.337,.391,.598,.989
Moises M Alou L,CHC,155,601,106,176,36,3,39,106,68,80,3,0,.293,.361,.557,.919
Eric E Hinske,TOR,155,570,66,140,23,3,15,69,54,109,12,8,.246,.312,.375,.688
Paul P Konerko,CWS,155,563,84,156,22,0,41,117,69,107,1,0,.277,.359,.535,.894
Rob R Mackowiak,PIT,155,491,65,121,22,6,17,75,50,114,13,4,.246,.319,.420,.739
Tike T Redman C,PIT,155,546,65,153,19,4,8,51,23,52,18,6,.280,.310,.374,.684
Alex A Rodriguez,NYY,155,601,112,172,24,2,36,106,80,131,28,4,.286,.375,.512,.888
Craig C Wilson R,PIT,155,561,97,148,35,5,29,82,50,169,2,2,.264,.354,.499,.853
Alex A Cintron S,ARI,154,564,56,148,31,7,4,49,31,59,3,3,.262,.301,.363,.665
Lew L Ford,MIN,154,569,89,170,31,4,15,72,67,75,20,2,.299,.381,.446,.828
Todd T Helton,COL,154,547,115,190,49,2,32,96,127,72,3,0,.347,.469,.620,1.088
Derek D Jeter S,NYY,154,643,111,188,44,1,23,78,46,99,23,4,.292,.352,.471,.823
Andruw A Jones C,ATL,154,570,85,149,34,4,29,91,71,147,6,6,.261,.345,.488,.833
Mark M Loretta,SD,154,620,108,208,47,2,16,76,58,45,5,3,.335,.391,.495,.886
Rafael R Palmeiro,BAL,154,550,68,142,29,0,23,88,86,61,2,1,.258,.359,.436,.796
Scott S Podsednik C,MIL,154,640,85,156,27,7,12,39,58,105,70,13,.244,.313,.364,.677
Albert A Pujols,STL,154,592,133,196,51,2,46,123,84,52,5,5,.331,.415,.657,1.072
Jimmy J Rollins S,PHI,154,657,119,190,43,12,14,73,57,73,30,9,.289,.348,.455,.803
Gary G Sheffield R,NYY,154,573,117,166,30,1,36,121,92,83,5,6,.290,.393,.534,.927
Jose J Cruz R,TB,153,545,76,132,25,8,21,78,76,117,11,6,.242,.333,.433,.766
Jim J Edmonds C,STL,153,498,102,150,38,3,42,111,101,150,8,3,.301,.418,.643,1.061
Carlos C Lee L,CWS,153,591,103,180,37,0,31,99,54,86,11,5,.305,.366,.525,.891
Ronnie R Belliard,CLE,152,599,78,169,48,1,12,70,60,98,3,2,.282,.348,.426,.774
Casey C Blake,CLE,152,587,93,159,36,3,28,88,68,139,5,8,.271,.354,.486,.839
Carl C Crawford L,TB,152,626,104,185,26,19,11,55,35,81,59,15,.296,.331,.450,.781
Scott S Hatteberg,OAK,152,550,87,156,30,0,15,82,72,48,0,0,.284,.367,.420,.787
D' Angelo D Jimenez,CIN,152,563,76,152,28,3,12,67,82,99,13,7,.270,.364,.394,.758
Manny M Ramirez L,BOS,152,568,108,175,44,0,43,130,82,124,2,4,.308,.397,.613,1.009
Bobby B Crosby S,OAK,151,545,70,130,34,1,22,64,58,141,7,3,.239,.319,.426,.744
Jacque J Jones R,MIN,151,555,69,141,22,1,24,80,40,117,13,10,.254,.315,.427,.742
Jeromy J Burnitz R,COL,150,540,94,153,30,4,37,110,58,124,5,6,.283,.356,.559,.916
Luis L Castillo,FLA,150,564,91,164,12,7,2,47,75,68,21,4,.291,.373,.348,.720
Johnny J Damon C,BOS,150,621,123,189,35,6,20,94,76,71,19,8,.304,.380,.477,.857
Matt M Lawton L,CLE,150,591,109,164,25,0,20,70,74,84,23,9,.277,.366,.421,.788
Javy J Lopez,BAL,150,579,83,183,33,3,23,86,47,97,0,0,.316,.370,.503,.872
Kevin K Millar,BOS,150,508,74,151,36,0,18,74,57,91,1,1,.297,.383,.474,.857
David D Ortiz,BOS,150,582,94,175,47,3,41,139,75,133,0,0,.301,.380,.603,.983
Edgar E Renteria S,STL,149,586,84,168,37,0,10,72,39,78,17,11,.287,.327,.401,.728
Bret B Boone,SEA,148,593,74,149,30,0,24,83,56,135,10,5,.251,.317,.423,.740
Vinny V Castilla,COL,148,583,93,158,43,3,35,131,51,113,0,0,.271,.332,.535,.867
Chone C Figgins,ANA,148,577,83,171,22,17,5,60,49,94,34,13,.296,.350,.419,.770
Jose J Guillen L,ANA,148,565,88,166,28,3,27,104,37,92,5,4,.294,.352,.497,.849
Shea S Hillenbrand,ARI,148,562,68,174,36,3,15,80,24,49,2,0,.310,.348,.464,.812
Mark M Kotsay C,OAK,148,606,78,190,37,3,15,63,55,70,8,5,.314,.370,.459,.828
Omar O Vizquel S,CLE,148,567,82,165,28,3,7,59,57,62,19,6,.291,.353,.388,.741
Bernie B Williams C,NYY,148,561,105,147,29,1,22,70,85,96,1,5,.262,.360,.435,.795
Barry B Bonds L,SF,147,373,129,135,27,3,45,101,232,41,6,1,.362,.609,.812,1.422
Jason J Kendall,PIT,147,574,86,183,32,0,3,51,60,41,11,8,.319,.399,.390,.789
Phil P Nevin,SD,147,547,78,158,31,1,26,105,66,121,0,0,.289,.368,.492,.859
Sean S Casey,CIN,146,571,101,185,44,2,24,99,46,36,2,0,.324,.381,.534,.915
Royce R Clayton S,COL,146,574,95,160,36,4,8,54,48,125,10,5,.279,.338,.397,.735
J. D. J Drew R,ATL,145,518,118,158,28,8,31,93,118,116,12,3,.305,.436,.569,1.006
Marquis M Grissom C,SF,145,562,78,157,26,2,22,90,37,83,3,1,.279,.323,.450,.773
Cristian C Guzman S,MIN,145,576,84,158,31,4,8,46,30,64,10,5,.274,.309,.384,.693
Jeff J Kent,HOU,145,540,96,156,34,8,27,107,49,96,7,3,.289,.348,.531,.880
Aramis A Ramirez,CHC,145,547,99,174,32,1,36,103,49,62,0,2,.318,.373,.578,.951
Alfonso A Soriano,TEX,145,608,77,170,32,4,28,91,33,121,18,5,.280,.324,.484,.807
Mark M Teixeira,TEX,145,545,101,153,34,2,38,112,68,117,4,1,.281,.370,.560,.929
Tony T Womack,STL,145,553,91,170,22,3,5,38,36,60,26,5,.307,.349,.385,.735
Joe J Crede,CWS,144,490,67,117,25,0,21,69,34,81,1,2,.239,.299,.418,.717
Pedro P Feliz,SF,144,503,72,139,33,3,22,84,23,85,5,2,.276,.305,.485,.790
Richard R Hidalgo,NYM,144,523,67,125,26,3,25,82,44,129,4,4,.239,.301,.444,.745
Adam A Kennedy,ANA,144,468,70,130,20,5,10,48,41,92,15,5,.278,.351,.406,.757
Ty T Wigginton,PIT,144,494,63,129,30,2,17,66,45,82,7,1,.261,.324,.433,.757
David D Bell,PHI,143,533,67,155,33,1,18,77,57,75,1,1,.291,.363,.458,.820
Eric E Byrnes L,OAK,143,569,91,161,39,3,20,73,46,111,17,1,.283,.347,.467,.814
Ryan R Freel,CIN,143,505,74,140,21,8,3,28,67,88,37,10,.277,.375,.368,.743
Rafael R Furcal S,ATL,143,563,103,157,24,5,14,59,58,71,29,6,.279,.344,.414,.758
Paul P Lo Duca,FLA,143,535,68,153,29,2,13,80,36,49,4,5,.286,.338,.421,.758
Jay J Payton C,SD,143,458,57,119,17,4,8,55,43,56,2,0,.260,.326,.367,.693
Jim J Thome,PHI,143,508,97,139,28,1,42,105,104,144,0,2,.274,.396,.581,.977
Chad C Tracy,ARI,143,481,45,137,29,3,8,53,45,60,2,3,.285,.343,.407,.750
Erubiel E Durazo D,OAK,142,511,80,164,35,1,22,88,56,104,3,2,.321,.396,.523,.919
David D Eckstein S,ANA,142,566,92,156,24,1,2,35,42,49,16,5,.276,.339,.332,.671
Omar O Infante,DET,142,503,69,133,27,9,16,55,40,112,13,7,.264,.317,.449,.766
Carlos C Pena,DET,142,481,89,116,22,4,27,82,70,146,7,1,.241,.338,.472,.810
Scott S Rolen,STL,142,500,109,157,32,4,34,124,72,92,4,3,.314,.409,.598,1.007
Danny D Bautista R,ARI,141,539,64,154,27,1,11,65,35,66,6,2,.286,.332,.401,.733
Milton M Bradley C,LA,141,516,72,138,24,0,19,67,71,123,15,11,.267,.362,.424,.786
Reed R Johnson L,TOR,141,537,68,145,25,2,10,61,28,98,6,3,.270,.320,.380,.699
Edgar E Martinez D,SEA,141,486,45,128,23,0,12,63,58,107,1,0,.263,.342,.385,.727
Victor V Martinez,CLE,141,520,77,147,38,1,23,108,60,69,0,1,.283,.359,.492,.851
Mike M Cameron C,NYM,140,493,76,114,30,1,30,76,57,143,22,6,.231,.319,.479,.798
Jeff J Conine L,FLA,140,521,55,146,35,1,14,83,48,78,5,5,.280,.340,.432,.772
Craig C Counsell S,MIL,140,473,59,114,19,5,2,23,59,88,17,4,.241,.330,.315,.645
Travis T Hafner D,CLE,140,482,96,150,41,3,28,109,68,111,3,2,.311,.410,.583,.993
Melvin M Mora,BAL,140,550,111,187,41,0,27,104,66,95,11,6,.340,.419,.562,.981
Aaron A Rowand C,CWS,140,487,94,151,38,2,24,69,30,91,17,5,.310,.361,.544,.905
Michael M Tucker R,SF,140,464,77,119,21,6,13,62,70,106,5,2,.256,.353,.412,.765
Edgardo E Alfonzo,SF,139,519,66,150,26,1,11,77,46,40,1,1,.289,.350,.407,.757
Larry L Bigbie,BAL,139,478,76,134,23,1,15,68,45,113,8,3,.280,.341,.427,.768
Ben B Broussard,CLE,139,418,57,115,28,5,17,82,52,95,4,2,.275,.370,.488,.858
Coco C Crisp,CLE,139,491,78,146,24,2,15,71,36,69,20,13,.297,.344,.446,.790
Khalil K Greene S,SD,139,484,67,132,31,4,15,65,53,94,4,2,.273,.349,.446,.795
Mark M Bellhorn,BOS,138,523,93,138,37,3,17,82,88,177,6,1,.264,.373,.444,.817
Brady B Clark R,MIL,138,353,41,99,18,1,7,46,53,48,15,8,.280,.385,.397,.782
Alex A Cora,LA,138,405,47,107,9,4,10,47,47,41,3,4,.264,.364,.380,.745
Torii T Hunter C,MIN,138,520,79,141,37,0,23,81,40,101,21,7,.271,.330,.475,.805
Tino T Martinez,TB,138,458,63,120,20,1,23,76,66,72,3,1,.262,.362,.461,.823
Jose J Vizcaino S,HOU,138,358,34,98,21,3,3,33,20,39,1,1,.274,.311,.374,.685
Jermaine J Dye R,OAK,137,532,87,141,29,4,23,80,49,128,4,2,.265,.329,.464,.793
Chipper C Jones,ATL,137,472,69,117,20,1,30,96,84,96,2,0,.248,.362,.485,.847
Jorge J Posada,NYY,137,449,72,122,31,0,21,81,88,92,1,3,.272,.400,.481,.881
Marco M Scutaro,OAK,137,455,50,124,32,1,7,43,16,58,0,0,.273,.297,.393,.690
Jason J Varitek,BOS,137,463,67,137,30,1,18,73,62,126,10,3,.296,.390,.482,.872
Todd T Zeile,NYM,137,348,30,81,16,0,9,35,44,83,0,0,.233,.319,.356,.675
Rocco R Baldelli C,TB,136,518,79,145,27,3,16,74,30,88,17,4,.280,.326,.436,.762
Carlos C Guillen S,DET,136,522,97,166,37,10,20,97,52,87,12,5,.318,.379,.542,.922
Gabe G Kapler R,BOS,136,290,51,79,14,1,6,33,15,49,5,4,.272,.311,.390,.700
Terrence T Long L,SD,136,288,31,85,19,4,3,28,19,51,3,2,.295,.335,.420,.756
Juan J Encarnacion R,FLA,135,484,63,114,30,2,16,62,38,86,5,4,.236,.299,.405,.704
Orlando O Hudson,TOR,135,489,73,132,32,7,12,58,51,98,7,3,.270,.341,.438,.779
Ivan I Rodriguez,DET,135,527,72,176,32,2,19,86,41,91,7,4,.334,.383,.510,.893
Reggie R Sanders,STL,135,446,64,116,27,3,22,67,33,118,21,5,.260,.315,.482,.797
Brian B Schneider,MON,135,436,40,112,20,3,12,49,42,63,0,1,.257,.325,.399,.724
Michael M Barrett,CHC,134,456,55,131,32,6,16,65,33,64,1,4,.287,.337,.489,.826
Angel A Berroa S,KC,134,512,72,134,27,6,8,43,23,87,14,8,.262,.308,.385,.693
Johnny J Estrada,ATL,134,462,56,145,36,0,9,76,39,66,0,0,.314,.378,.450,.828
Jody J Gerut R,CLE,134,481,72,121,31,5,11,51,54,59,13,6,.252,.334,.405,.739
Aaron A Miles,COL,134,522,75,153,15,3,6,47,29,53,12,7,.293,.329,.368,.697
Juan J Rivera R,MON,134,391,48,120,24,1,12,49,34,45,6,2,.307,.364,.465,.829
Juan J Uribe,CWS,134,502,82,142,31,6,23,74,32,96,9,11,.283,.327,.506,.832
Vernon V Wells C,TOR,134,536,82,146,34,2,23,67,51,83,9,2,.272,.337,.472,.809
Terrmel T Sledge L,MON,133,398,45,107,20,6,15,62,40,66,3,3,.269,.336,.462,.799
Endy E Chavez C,MON,132,502,65,139,20,6,5,34,30,40,32,7,.277,.318,.371,.688
Morgan M Ensberg,HOU,131,411,51,113,20,3,10,66,36,46,6,4,.275,.330,.411,.742
Bobby B Higginson R,DET,131,448,63,110,24,2,12,64,70,84,5,2,.246,.353,.388,.742
Brandon B Inge,DET,131,408,43,117,15,7,13,64,32,72,5,4,.287,.340,.453,.793
Mike M Lieberthal,PHI,131,476,58,129,31,1,17,61,37,69,1,1,.271,.335,.447,.783
A. J. A Pierzynski,SF,131,471,45,128,28,2,11,77,19,27,0,1,.272,.319,.410,.729
Sean S Burroughs,SD,130,523,76,156,23,3,2,47,31,52,5,4,.298,.348,.365,.713
Eric E Valent,NYM,130,270,39,72,15,2,13,34,28,61,0,1,.267,.337,.481,.818
Brad B Ausmus,HOU,129,403,38,100,14,1,5,31,33,56,2,2,.248,.306,.325,.631
Jose J Castillo,PIT,129,383,44,98,15,2,8,39,23,92,3,2,.256,.298,.368,.666
Willie W Harris,CWS,129,409,68,107,15,2,2,27,51,79,19,7,.262,.343,.323,.665
Mike M Piazza,NYM,129,455,47,121,21,0,20,54,68,78,0,0,.266,.362,.444,.806
Todd T Walker,CHC,129,372,60,102,19,4,15,50,43,52,0,3,.274,.352,.468,.820
Carlos C Delgado,TOR,128,458,74,123,26,0,32,99,69,115,0,1,.269,.372,.535,.907
Craig C Monroe L,DET,128,447,65,131,27,3,18,72,29,79,3,4,.293,.337,.488,.824
Jason J Phillips,NYM,128,362,34,79,18,0,7,34,35,42,0,1,.218,.298,.326,.624
Joe J Randa,KC,128,485,65,139,31,2,8,56,40,77,0,1,.287,.343,.408,.752
Pat P Burrell L,PHI,127,448,66,115,17,0,24,84,78,130,2,0,.257,.365,.455,.820
Deivi D Cruz S,SF,127,397,46,116,30,2,7,55,17,32,1,3,.292,.322,.431,.752
Ryan R Klesko L,SD,127,402,58,117,32,2,9,66,73,67,3,2,.291,.399,.448,.846
Doug D Mientkiewicz,BOS,127,391,47,93,24,1,6,35,48,56,2,3,.238,.326,.350,.676
John J Olerud,NYY,127,425,45,110,20,1,9,48,61,61,0,0,.259,.359,.374,.733
Hee- Seop H Choi,LA,126,343,53,86,21,1,15,46,63,96,1,0,.251,.370,.449,.818
Bill B Hall,MIL,126,390,43,93,20,3,9,53,20,119,12,6,.238,.276,.374,.650
Bobby B Hill,PIT,126,233,28,62,7,2,2,27,20,39,0,3,.266,.353,.339,.692
Neifi N Perez S,CHC,126,381,40,97,17,1,4,39,24,41,1,1,.255,.296,.336,.632
Placido P Polanco,PHI,126,503,74,150,21,0,17,55,27,39,7,4,.298,.345,.441,.786
Sammy S Sosa R,CHC,126,478,69,121,21,0,35,80,56,133,0,0,.253,.332,.517,.849
Matt M Stairs R,KC,126,439,48,117,21,3,18,66,49,92,1,0,.267,.345,.451,.796
Eric E Chavez,OAK,125,475,87,131,20,0,29,77,95,99,6,3,.276,.397,.501,.898
Darin D Erstad,ANA,125,495,79,146,29,1,7,69,37,74,16,1,.295,.346,.400,.746
Julio J Franco,ATL,125,320,37,99,18,3,6,57,36,68,4,2,.309,.378,.441,.818
Kevin K Mench R,TEX,125,438,69,122,30,3,26,71,33,63,0,0,.279,.335,.539,.874
Jose J Valentin S,CWS,125,450,73,97,20,3,30,70,43,139,8,6,.216,.287,.473,.760
Rich R Aurilia,SD,124,399,49,98,21,2,6,44,37,71,1,0,.246,.314,.353,.667
Ben B Grieve,CHC,123,250,30,65,17,0,8,35,39,70,0,0,.260,.361,.424,.784
Raul R Ibanez L,SEA,123,481,67,146,31,1,16,62,36,72,1,2,.304,.353,.472,.825
Miguel M Cairo,NYY,122,360,48,105,17,5,6,42,18,49,11,3,.292,.346,.417,.763
Mike M Matheny,STL,122,385,28,95,22,1,5,50,23,83,0,2,.247,.292,.348,.640
Mark M Sweeney,COL,122,177,25,47,12,2,9,40,32,51,1,0,.266,.377,.508,.885
Matt M Holliday L,COL,121,400,65,116,31,3,14,57,31,86,3,3,.290,.349,.488,.837
Rondell R White L,DET,121,448,76,121,21,2,19,67,39,77,1,2,.270,.337,.453,.790
Jason J Bay L,PIT,120,411,61,116,24,4,26,82,41,129,4,6,.282,.358,.550,.908
Ray R Durham,SF,120,471,95,133,28,8,17,65,57,60,10,4,.282,.364,.484,.848
Ken K Harvey,KC,120,456,47,131,20,1,13,55,28,89,1,1,.287,.338,.421,.759
Toby T Hall,TB,119,404,35,103,21,0,8,60,24,41,0,2,.255,.300,.366,.666
Mark M De Rosa,ATL,118,309,33,74,16,0,3,31,23,53,1,3,.239,.293,.320,.614
Corey C Koskie,MIN,118,422,68,106,24,2,25,71,49,103,9,3,.251,.342,.495,.838
Dustan D Mohr R,SF,117,263,52,72,20,1,7,28,46,64,0,3,.274,.394,.437,.831
Abraham M. A Nunez R,KC,117,285,40,61,10,1,6,34,34,69,1,3,.214,.297,.319,.616
Michael M Cuddyer,MIN,115,339,49,89,22,1,12,45,37,74,5,5,.263,.339,.440,.779
Jason J Michaels C,PHI,115,299,44,82,12,0,10,40,42,80,2,2,.274,.364,.415,.779
Laynce L Nix C,TEX,115,371,58,92,20,4,14,46,23,113,1,1,.248,.293,.437,.730
Henry H Blanco,MIN,114,315,36,65,19,1,10,37,21,56,0,3,.206,.260,.368,.628
Jason J La Rue,CIN,114,390,46,98,24,2,14,55,26,108,0,2,.251,.334,.431,.765
Kazuo K Matsui S,NYM,114,460,65,125,32,2,7,44,40,97,14,3,.272,.331,.396,.727
Desi D Relaford,KC,114,380,45,84,14,0,6,34,34,56,5,4,.221,.296,.305,.601
Marlon M Anderson,STL,113,253,31,60,12,0,8,28,12,38,6,2,.237,.269,.379,.649
Jolbert J Cabrera,SEA,113,359,38,97,19,2,6,47,16,70,10,3,.270,.312,.384,.696
Cliff C Floyd L,NYM,113,396,55,103,26,0,18,63,47,103,11,4,.260,.352,.462,.814
Keith K Ginter,MIL,113,386,47,101,23,2,19,60,37,100,8,1,.262,.333,.479,.812
Jason J Grabowski,LA,113,173,18,38,7,0,7,20,19,50,0,0,.220,.297,.382,.678
Dave D Roberts L,BOS,113,319,64,81,14,7,4,35,38,48,38,3,.254,.337,.379,.716
Garret G Anderson C,ANA,112,442,57,133,20,1,14,75,29,75,2,1,.301,.343,.446,.789
Geoff G Blum,TB,112,339,38,73,21,0,8,35,24,58,2,3,.215,.266,.348,.614
Mike M Lamb,HOU,112,278,38,80,14,3,14,58,31,63,1,1,.288,.356,.511,.867
Abraham O. A Nunez,PIT,112,182,17,43,9,0,2,13,10,36,1,3,.236,.275,.319,.593
Scott S Spiezio,SEA,112,367,38,79,12,3,10,41,36,60,4,1,.215,.288,.346,.634
Juan J Castro,CIN,111,299,36,73,21,2,5,26,14,51,1,0,.244,.277,.378,.655
Ramon R Hernandez,SD,111,384,45,106,23,0,18,63,35,45,1,0,.276,.341,.477,.818
Barry B Larkin S,CIN,111,346,55,100,15,3,8,44,34,39,2,0,.289,.352,.419,.771
Alex A Rios R,TOR,111,426,55,122,24,7,1,28,31,84,15,3,.286,.338,.383,.720
Ross R Gload,CWS,110,234,28,75,16,0,7,44,20,37,0,3,.321,.375,.479,.853
Adam A La Roche,ATL,110,324,45,90,27,1,13,45,27,78,0,0,.278,.333,.488,.821
Damian D Miller,OAK,110,397,39,108,25,0,9,58,39,87,0,1,.272,.339,.403,.742
Bill B Mueller,BOS,110,399,75,113,27,1,12,57,51,56,2,2,.283,.365,.446,.811
Wily Mo W Peña Pena R,CIN,110,336,45,87,10,1,26,66,22,108,5,2,.259,.316,.527,.843
Jose J Vidro,MON,110,412,51,121,24,0,14,60,49,43,3,1,.294,.367,.454,.821
Chris C Gomez S,TOR,109,341,41,96,11,1,3,37,28,41,3,2,.282,.337,.346,.683
Charles C Johnson,COL,109,305,42,72,20,0,13,47,49,91,2,1,.236,.350,.430,.780
Eric E Munson,DET,109,321,36,68,14,2,19,49,29,90,1,1,.212,.289,.445,.735
Luis L Rivas,MIN,109,336,44,86,19,5,10,34,13,53,15,1,.256,.283,.432,.715
So S Taguchi L,STL,109,179,26,52,10,2,3,25,12,23,6,3,.291,.337,.419,.756
Rod R Barajas,TEX,108,358,50,89,26,1,15,58,13,63,0,1,.249,.276,.453,.728
Jeff J Da Vanon C,ANA,108,285,41,79,11,4,7,34,46,54,18,3,.277,.372,.418,.790
David D Dellucci L,TEX,107,331,59,80,13,1,17,61,47,88,9,4,.242,.342,.441,.783
Jason J Lane,HOU,107,136,21,37,10,2,4,19,16,33,1,0,.272,.348,.463,.812
Ruben R Sierra D,NYY,107,307,40,75,12,1,17,65,25,55,1,0,.244,.296,.456,.752
J. T. J Snow,SF,107,346,62,113,32,1,12,60,58,61,4,0,.327,.429,.529,.958
Gregg G Zaun,TOR,107,338,46,91,24,0,6,36,47,61,0,2,.269,.367,.393,.761
Marlon M Byrd C,PHI,106,346,48,79,13,2,5,33,22,68,2,2,.228,.287,.321,.608
Tony T Clark,NYY,106,253,37,56,12,0,16,49,26,92,0,0,.221,.297,.458,.755
Mike M Sweeney,KC,106,411,56,118,23,0,22,79,33,44,3,2,.287,.347,.504,.851
Luis L Gonzalez,ARI,105,379,69,98,28,5,17,48,68,58,2,2,.259,.373,.493,.866
Adam A Everett S,HOU,104,384,66,105,15,2,8,31,17,56,13,2,.273,.317,.385,.703
Ricky R Ledee,SF,104,176,25,41,9,0,7,30,27,47,3,0,.233,.337,.403,.740
Dmitri D Young,DET,104,389,72,106,23,2,18,60,33,71,0,1,.272,.336,.481,.816
Eric E Young Sr. L,TEX,104,344,55,99,25,2,1,27,43,28,14,9,.288,.377,.381,.758
Timo T Perez R,CWS,103,293,38,72,12,0,5,40,15,29,3,1,.246,.285,.338,.623
Josh J Phelps D,CLE,103,371,51,93,19,2,17,61,22,93,0,0,.251,.304,.450,.754
Dan D Wilson,SEA,103,319,23,80,13,0,2,33,26,57,0,1,.251,.305,.310,.615
Jamey J Carroll,MON,102,218,36,63,14,2,0,16,32,21,5,1,.289,.378,.372,.750
Marcus M Giles,ATL,102,379,61,118,22,2,8,48,36,70,17,4,.311,.378,.443,.822
Luis L Gonzalez,COL,102,322,42,94,17,2,12,40,15,67,1,5,.292,.330,.469,.799
Ramon R Martinez S,CHC,102,260,22,64,15,1,3,30,26,40,1,0,.246,.313,.346,.659
Orlando O Palmeiro,HOU,102,133,19,32,5,0,3,12,18,19,2,1,.241,.344,.346,.690
Robin R Ventura,LA,102,152,19,37,3,0,5,28,22,31,0,0,.243,.337,.362,.699
Scott S Hairston,ARI,101,339,39,84,15,6,13,29,21,88,3,3,.248,.293,.442,.735
Chad C Moeller,MIL,101,317,25,66,13,1,5,27,21,74,0,1,.208,.265,.303,.568
B. J. B Surhoff R,BAL,100,343,49,106,12,1,8,50,30,46,2,0,.309,.365,.420,.785
Damion D Easley,FLA,98,223,26,53,20,1,9,43,24,36,4,1,.238,.331,.457,.788
Jose J Macias,CHC,98,194,23,52,6,3,3,22,5,38,4,1,.268,.292,.376,.668
Jay J Gibbons R,BAL,97,346,36,85,14,1,10,47,29,64,1,1,.246,.303,.379,.682
Bengie B Molina,ANA,97,337,36,93,13,0,10,54,18,35,0,1,.276,.313,.404,.717
Jacob J Cruz,CIN,96,147,22,33,8,0,3,28,16,43,0,0,.224,.317,.340,.658
David D De Jesus C,KC,96,363,58,104,15,3,7,39,33,53,8,11,.287,.360,.402,.763
Miguel M Olivo,SEA,96,301,46,70,15,4,13,40,20,84,7,6,.233,.286,.439,.725
Pokey P Reese S,BOS,96,244,32,54,7,2,3,29,17,60,6,2,.221,.271,.303,.574
Roger R Cedeno,STL,95,200,22,53,9,2,3,23,19,41,5,1,.265,.327,.375,.702
Nick N Green,ATL,95,264,40,72,15,3,3,26,12,63,1,2,.273,.312,.386,.698
Jose J Hernandez,LA,95,211,32,61,12,1,13,29,26,61,3,1,.289,.370,.540,.910
David D Newhan,BAL,95,373,66,116,15,7,8,54,27,72,11,1,.311,.361,.453,.814
Chase C Utley,PHI,94,267,36,71,11,2,13,57,15,40,4,1,.266,.308,.468,.776
Willie W Bloomquist,SEA,93,188,27,46,10,0,2,18,10,48,13,2,.245,.283,.330,.613
Enrique E Wilson,NYY,93,240,19,51,9,0,6,31,15,20,1,2,.213,.254,.325,.579
Wes W Helms,MIL,92,274,24,72,13,1,4,28,24,60,0,1,.263,.331,.361,.692
Ray R Lankford L,STL,92,200,36,51,14,1,6,22,29,55,2,2,.255,.349,.425,.774
Shannon S Stewart L,MIN,92,378,46,115,17,2,11,47,47,44,6,3,.304,.380,.447,.827
Rey R Sanchez,TB,91,285,23,70,14,3,2,26,12,28,0,1,.246,.281,.337,.617
Eli E Marrero L,ATL,90,250,37,80,18,1,10,40,23,50,4,1,.320,.374,.520,.894
Robert R Fick,SD,89,226,14,45,5,2,6,26,22,36,0,0,.199,.277,.319,.595
Luis L Matos C,BAL,89,330,36,74,18,0,6,28,19,60,12,4,.224,.275,.333,.609
Dave D Mc Carty,BOS,89,151,24,39,8,1,4,17,14,40,1,0,.258,.327,.404,.731
Jayson J Werth L,LA,89,290,56,76,11,3,16,47,30,85,4,1,.262,.338,.486,.825
Matthew M Le Croy D,MIN,88,264,25,71,14,0,9,39,16,60,0,0,.269,.321,.424,.745
Doug D Glanville C,PHI,87,162,21,34,1,1,2,14,8,21,8,0,.210,.244,.265,.510
John J Mabry L,STL,87,240,32,71,11,0,13,40,26,63,0,1,.296,.363,.504,.867
Gary G Matthews R,TEX,87,280,37,77,17,1,11,36,33,64,5,1,.275,.350,.461,.811
Jerry J Hairston R,BAL,86,287,43,87,19,1,2,24,29,29,13,8,.303,.378,.397,.775
Dave D Hansen,SD,86,106,15,26,5,0,2,12,21,21,0,0,.245,.367,.349,.716
Tomas T Perez,PHI,86,176,22,38,13,2,6,21,9,44,0,0,.216,.257,.415,.672
Jim J Brower,SF,85,2,1,1,0,0,0,0,1,1,0,0,.500,.667,.500,1.167
Karim K Garcia C,BAL,85,258,33,59,7,2,10,33,14,50,3,0,.229,.265,.388,.653
Ray R King,STL,84,2,0,0,0,0,0,0,0,0,0,0,.000,.000,.000,.000
Frank F Menechino,TOR,84,269,40,74,13,4,9,26,37,52,0,2,.275,.371,.454,.824
Alex A Gonzalez S,SD,83,285,36,64,18,1,7,27,14,64,2,2,.225,.263,.368,.632
Ken K Griffey C,CIN,83,300,49,76,18,0,20,60,44,67,1,0,.253,.351,.513,.864
Bobby B Kielty L,OAK,83,238,29,51,14,1,7,31,35,47,1,0,.214,.321,.370,.691
Kenny K Lofton C,NYY,83,276,51,76,10,7,3,18,31,27,7,3,.275,.346,.395,.741
Hector H Luna,STL,83,173,25,43,7,2,3,22,13,37,6,3,.249,.304,.364,.668
Brent B Mayne,LA,83,190,14,42,6,1,0,15,27,41,1,0,.221,.314,.263,.577
Charles C Thomas L,ATL,83,236,35,68,8,4,7,31,21,45,3,1,.288,.368,.445,.813
Carl C Everett D,CWS,82,281,29,73,17,1,7,35,16,45,1,0,.260,.319,.402,.722
Salomon S Torres,PIT,82,2,0,1,1,0,0,0,0,1,0,0,.500,.500,1.000,1.500
Javier J Valentin,CIN,82,202,18,47,10,1,6,20,17,36,0,0,.233,.293,.381,.674
Larry L Walker R,STL,82,258,51,77,16,4,17,47,49,57,6,0,.298,.424,.589,1.013
Nomar N Garciaparra S,CHC,81,321,52,99,21,3,9,41,24,30,4,1,.308,.365,.477,.842
Mark M Grudzielanek,CHC,81,257,32,79,12,1,6,23,15,32,1,1,.307,.347,.432,.779
Mike M Redmond,FLA,81,246,19,63,15,0,2,25,14,28,1,0,.256,.315,.341,.656
Jason J Giambi,NYY,80,264,33,55,9,0,12,40,47,62,0,1,.208,.342,.379,.720
Chris C Reitsma,ATL,80,0,0,0,0,0,0,0,0,0,0,0,.000,.000,.000,.000
Kerry K Robinson L,SD,80,92,20,27,4,0,0,5,5,8,11,4,.293,.330,.337,.667
Luis L Ayala,MON,79,9,0,3,1,0,0,0,0,3,0,0,.333,.333,.444,.778
Carlos C Baerga,ARI,79,85,6,20,2,0,2,11,6,12,0,0,.235,.309,.329,.638
Rheal R Cormier,PHI,79,1,0,0,0,0,0,0,0,1,0,0,.000,.000,.000,.000
Lenny L Harris,FLA,79,95,7,20,5,0,1,17,3,8,0,0,.211,.232,.295,.527
Felipe F Lopez S,CIN,79,264,35,64,18,2,7,31,25,81,1,1,.242,.314,.405,.719
Alex A Sanchez C,DET,79,332,41,107,9,3,2,26,7,50,19,13,.322,.335,.386,.721
Mike M Stanton,NYM,79,2,0,1,0,0,0,1,0,1,0,0,.500,.500,.500,1.000
Daryle D Ward,PIT,79,293,39,73,17,2,15,57,22,45,0,0,.249,.305,.474,.780
Vance V Wilson,NYM,79,157,18,43,10,1,4,21,11,24,1,0,.274,.335,.427,.762
Cody C Ransom S,SF,78,68,13,17,6,0,1,11,6,20,2,2,.250,.320,.382,.702
Scott S Eyre,SF,77,2,0,0,0,0,0,0,0,1,0,0,.000,.000,.000,.000
Tom T Goodwin,CHC,77,105,11,21,8,0,0,3,8,22,5,0,.200,.254,.276,.531
Brad B Lidge,HOU,77,1,0,0,0,0,0,0,0,0,0,0,.000,.000,.000,.000
Mark M Mc Lemore,OAK,77,250,29,62,14,0,2,21,41,33,0,2,.248,.355,.328,.683
Jose J Offerman,MIN,77,172,22,44,14,2,2,22,29,31,1,1,.256,.363,.395,.758
Olmedo O Saenz,LA,77,111,17,31,1,0,8,22,12,33,0,0,.279,.352,.505,.856
Dewayne D Wise L,ATL,77,162,24,37,9,4,6,17,9,28,6,1,.228,.272,.444,.716
Antonio A Alfonseca,ATL,76,1,0,0,0,0,0,0,0,1,0,0,.000,.000,.000,.000
Brad B Fullmer D,TEX,76,258,41,60,19,1,11,33,27,30,1,2,.233,.310,.442,.752
Gary G Bennett,MIL,75,219,18,49,14,0,3,20,22,32,1,0,.224,.297,.329,.626
Frank F Catalanotto L,TOR,75,249,27,73,19,1,1,26,17,33,1,0,.293,.344,.390,.734
Tony T Graffanino,KC,75,278,37,73,11,0,3,26,27,38,10,2,.263,.332,.335,.667
Todd T Greene,COL,75,195,23,55,14,0,10,35,13,38,0,0,.282,.325,.508,.833
Brooks B Kieschnick,MIL,75,63,2,17,3,0,1,7,5,16,0,0,.270,.324,.365,.689
Joe J Mc Ewing,NYM,75,138,17,35,3,1,1,16,9,32,4,1,.254,.297,.312,.609
Guillermo G Mota,FLA,75,12,1,2,1,0,0,1,0,7,0,0,.167,.167,.250,.417
Julian J Tavarez,STL,75,0,0,0,0,0,0,0,0,0,0,0,.000,.000,.000,.000
La Troy L Hawkins,CHC,74,0,0,0,0,0,0,0,0,0,0,0,.000,.000,.000,.000
Todd T Jones,PHI,74,0,0,0,0,0,0,0,1,0,0,0,.000,1.000,.000,1.000
Quinton Q Mc Cracken L,ARI,74,176,26,48,11,1,2,13,15,27,3,5,.273,.328,.381,.709
Justin J Morneau,MIN,74,280,39,76,17,0,19,58,28,54,0,0,.271,.340,.536,.876
Eddie E Pérez Perez,ATL,74,170,14,39,12,0,3,13,11,29,0,0,.229,.286,.353,.639
Shane S Spencer L,NYM,74,185,21,52,10,1,4,26,13,37,6,0,.281,.332,.411,.742
Chris C Stynes,PIT,74,162,16,35,10,0,1,16,9,23,0,0,.216,.266,.296,.562
Frank F Thomas D,CWS,74,240,53,65,16,0,18,49,64,57,0,2,.271,.434,.563,.997
Alfredo A Amezaga S,ANA,73,93,12,15,2,0,2,11,3,24,3,2,.161,.212,.247,.459
Nick N Johnson,MON,73,251,35,63,16,0,7,33,40,58,6,3,.251,.359,.398,.758
Tom T Martin,ATL,73,0,0,0,0,0,0,0,0,0,0,0,.000,.000,.000,.000
Jose J Molina,ANA,73,203,26,53,10,2,3,25,10,52,4,1,.261,.296,.374,.670
Tim T Worrell,PHI,73,0,0,0,0,0,0,0,0,0,0,0,.000,.000,.000,.000
Mike M Koplove,ARI,72,0,0,0,0,0,0,0,0,0,0,0,.000,.000,.000,.000
Dan D Miceli,HOU,72,2,0,1,0,0,0,0,0,1,0,0,.500,.500,.500,1.000
Kevin K Youkilis,BOS,72,208,38,54,11,0,7,35,33,45,0,1,.260,.367,.413,.780
John J Buck,KC,71,238,36,56,9,0,12,30,15,79,1,1,.235,.280,.424,.704
Jason J Isringhausen,STL,71,3,1,1,0,0,0,2,0,2,0,0,.333,.333,.333,.667
Lou L Merloni,CLE,71,190,25,55,12,1,4,28,14,41,1,2,.289,.343,.426,.769
Felix F Rodriguez,PHI,71,1,0,0,0,0,0,0,0,1,0,0,.000,.000,.000,.000
David D Ross,LA,70,165,13,28,3,1,5,15,15,62,0,0,.170,.253,.291,.544
Luis L Vizcaino,MIL,70,0,0,0,0,0,0,0,0,0,0,0,.000,.000,.000,.000
Randy R Choate,ARI,69,1,0,0,0,0,0,0,0,1,0,0,.000,.000,.000,.000
Braden B Looper,NYM,69,2,0,0,0,0,0,0,0,1,0,0,.000,.000,.000,.000
Adam A Melhuse,OAK,69,214,23,55,11,0,11,31,16,47,0,1,.257,.309,.463,.771
Mike M Mordecai,FLA,69,84,7,19,3,0,1,5,6,18,0,1,.226,.278,.298,.575
Akinori A Otsuka,SD,69,1,0,0,0,0,0,0,0,0,0,0,.000,.000,.000,.000
Randall R Simon D,TB,69,192,16,36,6,0,3,14,18,19,0,0,.188,.266,.266,.532
John J Smoltz,ATL,69,2,0,0,0,0,0,0,0,2,0,0,.000,.000,.000,.000
Chris C Woodward S,TOR,69,213,21,50,13,4,1,24,14,46,1,2,.235,.283,.347,.630
David D Wright,NYM,69,263,41,77,17,1,14,40,14,40,6,0,.293,.332,.525,.857
Ben B Davis,CWS,68,193,22,40,9,0,6,18,12,49,1,1,.207,.256,.347,.603
Scott S Linebrink,SD,68,2,0,0,0,0,0,0,0,2,0,0,.000,.000,.000,.000
Jose J Mesa,PIT,68,0,0,0,0,0,0,0,0,0,0,0,.000,.000,.000,.000
Chad C Cordero,MON,67,2,0,0,0,0,0,0,0,2,0,0,.000,.000,.000,.000
Kyle K Farnsworth,CHC,67,1,0,0,0,0,0,0,0,0,0,0,.000,.000,.000,.000
Eric E Gagne,LA,67,3,0,0,0,0,0,0,0,3,0,0,.000,.000,.000,.000
Mike M Gallo,HOU,67,1,0,0,0,0,0,0,0,0,0,0,.000,.000,.000,.000
Kevin K Gryboski,ATL,67,0,0,0,0,0,0,0,0,0,0,0,.000,.000,.000,.000
Matt M Herges,SF,67,0,0,0,0,0,0,0,0,0,0,0,.000,.000,.000,.000
John J Riedling,CIN,67,3,0,0,0,0,0,0,0,1,0,0,.000,.000,.000,.000
Danny D Graves,CIN,66,0,0,0,0,0,0,0,0,0,0,0,.000,.000,.000,.000
John J Mc Donald S,CLE,66,93,17,19,5,1,2,7,4,11,0,0,.204,.237,.344,.581
Kent K Mercker,CHC,66,2,0,0,0,0,0,0,0,0,0,0,.000,.000,.000,.000
Brian B Meadows,PIT,65,3,0,0,0,0,0,1,1,3,0,0,.000,.250,.000,.250
Phil P Norton,CIN,65,0,0,0,0,0,0,0,0,0,0,0,.000,.000,.000,.000
Jose J Bautista,PIT,64,88,6,18,3,0,0,2,7,40,0,1,.205,.263,.239,.502
Raul R Chavez,HOU,64,162,9,34,8,0,0,23,10,38,0,1,.210,.256,.259,.515
John J Grabow,PIT,64,1,0,0,0,0,0,0,0,0,0,0,.000,.000,.000,.000
Austin A Kearns R,CIN,64,217,28,50,10,2,9,32,28,71,2,1,.230,.321,.419,.740
Steve S Kline,STL,64,0,1,0,0,0,0,0,0,0,0,0,.000,.000,.000,.000
Matt M Perisho,FLA,64,0,0,0,0,0,0,0,0,0,0,0,.000,.000,.000,.000
Yorvit Y Torrealba,SF,64,172,19,39,7,3,6,23,17,31,2,0,.227,.302,.407,.709
Joe J Borchard R,CWS,63,201,26,35,4,1,9,20,19,57,1,0,.174,.249,.338,.587
Duaner D Sanchez,LA,63,4,1,1,1,0,0,2,0,1,0,0,.250,.250,.500,.750
Armando A Benitez,FLA,62,1,0,0,0,0,0,0,0,1,0,0,.000,.000,.000,.000
Shawn S Chacon,COL,62,0,0,0,0,0,0,0,0,0,0,0,.000,.000,.000,.000
Robby R Hammock,ARI,62,195,22,47,16,2,4,18,13,39,3,3,.241,.287,.405,.692
Dan D Kolb,MIL,62,0,0,0,0,0,0,0,0,0,0,0,.000,.000,.000,.000
Miguel M Ojeda,SD,62,156,23,40,3,0,8,26,15,34,0,0,.256,.322,.429,.751
Luis L Terrero C,ARI,62,229,21,56,14,0,4,14,20,78,10,2,.245,.319,.358,.677
David D Weathers,FLA,62,3,0,0,0,0,0,0,0,1,0,0,.000,.000,.000,.000
Brian B Jordan R,TEX,61,212,27,47,13,1,5,23,16,35,2,2,.222,.275,.363,.638
Steve S Reed,COL,61,2,0,1,0,0,0,0,0,1,0,0,.500,.500,.500,1.000
Jason J Smith,DET,61,155,20,37,7,4,5,19,8,37,1,2,.239,.280,.432,.713
Marcus M Thames L,DET,61,165,24,42,12,0,10,33,16,42,0,1,.255,.326,.509,.835
Kevin K Cash,TOR,60,181,18,35,9,0,4,21,10,59,0,0,.193,.249,.309,.558
Tim T Salmon D,ANA,60,186,15,47,7,0,2,23,14,41,1,0,.253,.306,.323,.628
Dee D Brown L,KC,59,195,19,49,7,0,4,24,11,50,2,2,.251,.293,.349,.642
Doug D Mirabelli,BOS,59,160,27,45,12,0,9,32,19,46,0,0,.281,.368,.525,.893
Kit K Pellow R,COL,59,121,15,29,5,1,2,10,8,43,1,0,.240,.308,.347,.655
Junior J Spivey,MIL,59,228,33,62,13,0,7,28,25,48,5,3,.272,.359,.421,.780
Dave D Berg L,TOR,58,154,13,39,4,0,3,23,4,27,0,1,.253,.278,.338,.615
Danny D Garcia,NYM,58,138,23,32,7,1,3,17,22,34,3,0,.232,.371,.362,.733
Troy T Glaus D,ANA,58,207,47,52,11,1,18,42,31,52,2,3,.251,.355,.575,.930
Javier J López Lopez,COL,58,2,0,0,0,0,0,0,0,2,0,0,.000,.000,.000,.000
Preston P Wilson C,COL,58,202,24,50,11,0,6,29,17,49,2,1,.248,.315,.391,.706
Jeff J Bennett,MIL,57,2,0,0,0,0,0,0,0,2,0,0,.000,.000,.000,.000
Ricky R Bottalico,NYM,57,2,0,0,0,0,0,0,0,0,0,0,.000,.000,.000,.000
Jamie J Burke,CWS,57,120,22,40,9,0,0,15,10,13,0,0,.333,.386,.408,.795
Jason J Christiansen,SF,57,0,0,0,0,0,0,0,0,0,0,0,.000,.000,.000,.000
Roberto R Hernandez,PHI,57,0,0,0,0,0,0,0,0,0,0,0,.000,.000,.000,.000
Todd T Hollandsworth R,CHC,57,148,28,47,6,2,8,22,17,26,1,1,.318,.392,.547,.939
Jose J Lopez S,SEA,57,207,28,48,13,0,5,22,8,31,0,1,.232,.263,.367,.630
Gerald G Williams C,NYM,57,129,17,30,8,2,4,11,8,26,2,1,.233,.277,.419,.696
Roberto R Alomar,CWS,56,171,18,45,6,2,4,24,14,31,0,2,.263,.321,.392,.713
Tim T Hummel,CIN,56,110,10,24,4,0,1,7,8,17,1,0,.218,.281,.282,.563
Luis L Lopez,BAL,56,88,7,16,5,0,1,8,3,20,0,0,.182,.211,.273,.483
Chris C Magruder,MIL,56,89,11,21,6,1,2,10,8,21,0,1,.236,.310,.393,.703
Robb R Quinlan,ANA,56,160,23,55,14,0,5,23,14,26,3,1,.344,.401,.525,.926
Bubba B Crosby R,NYY,55,53,8,8,2,0,2,7,2,13,2,0,.151,.196,.302,.498
Einar E Díaz Diaz,MON,55,139,9,31,6,1,1,11,11,10,2,0,.223,.293,.302,.595
Darren D Dreifort,LA,55,1,0,0,0,0,0,0,0,1,0,0,.000,.000,.000,.000
Denny D Hocking L,COL,55,94,7,19,2,0,0,4,7,20,0,1,.202,.257,.223,.481
Juan J Brito,ARI,54,171,17,35,7,0,3,12,9,41,1,0,.205,.246,.298,.544
Brook B Fordyce,TB,54,151,14,31,6,0,2,9,9,34,0,0,.205,.259,.285,.544
Chad C Harville,HOU,54,1,0,0,0,0,0,0,0,1,0,0,.000,.000,.000,.000
Trent T Durrington,MIL,53,82,13,19,2,3,2,4,4,23,4,0,.232,.267,.402,.670
Trevor T Hoffman,SD,53,0,0,0,0,0,0,0,0,0,0,0,.000,.000,.000,.000
Jose J Reyes,NYM,53,220,33,56,16,2,2,14,5,31,19,2,.255,.271,.373,.644
Damian D Rolls,TB,53,117,12,19,5,0,0,9,10,36,2,1,.162,.231,.205,.436
Cesar C Crespo S,BOS,52,79,6,13,2,1,0,2,0,20,2,0,.165,.165,.215,.380
Billy B Mc Millon,OAK,52,92,10,17,4,0,3,11,8,22,0,1,.185,.255,.326,.581
Magglio M Ordonez R,CWS,52,202,32,59,8,2,9,37,16,22,0,2,.292,.351,.485,.836
Ramon R Vázquez Vazquez S,SD,52,115,12,27,3,2,1,13,11,24,1,1,.235,.297,.322,.619
Russell R Branyan,MIL,51,158,21,37,11,1,11,27,20,68,1,0,.234,.324,.525,.850
Cal C Eldred,STL,51,5,0,0,0,0,0,0,0,3,0,0,.000,.000,.000,.000
Tim T Harikkala,COL,51,3,0,0,0,0,0,0,0,3,0,0,.000,.000,.000,.000
Ruben R Mateo,KC,51,126,13,26,4,3,3,14,8,26,1,1,.206,.270,.357,.627
Yadier Y Molina,STL,51,135,12,36,6,0,2,15,13,20,0,1,.267,.329,.356,.684
T. J. T Tucker,MON,51,12,1,1,0,0,0,0,0,4,0,0,.083,.083,.083,.167
Sandy S Alomar,CWS,50,146,15,35,4,0,2,14,11,13,0,0,.240,.298,.308,.606
Hiram H Bocachica C,SEA,50,90,9,22,5,0,3,6,12,27,5,4,.244,.337,.400,.736
Jorge J Cantu,TB,50,173,25,52,20,1,2,17,9,44,0,0,.301,.341,.462,.803
Doug D De Vore,ARI,50,107,5,24,3,2,3,13,7,31,1,1,.224,.272,.374,.646
John J Franco,NYM,50,0,0,0,0,0,0,0,0,0,0,0,.000,.000,.000,.000
Jesse J Garcia S,ATL,50,115,14,29,4,1,1,10,1,16,1,2,.252,.265,.330,.595
Paul P Bako,CHC,49,138,13,28,8,0,1,10,15,29,1,0,.203,.288,.283,.571
Nate N Bump,FLA,49,5,0,0,0,0,0,0,0,2,0,0,.000,.000,.000,.000
Dave D Burba,SF,49,4,0,0,0,0,0,0,0,1,0,0,.000,.000,.000,.000
Gerald G Laird,TEX,49,147,20,33,6,0,1,16,12,35,0,1,.224,.287,.286,.572
Ryan R Madson,PHI,49,3,0,0,0,0,0,0,0,2,0,0,.000,.000,.000,.000
Herbert H Perry D,TEX,49,134,13,30,2,1,5,17,14,19,0,0,.224,.307,.366,.673
Benito B Santiago,KC,49,175,15,48,10,0,6,23,8,32,1,2,.274,.312,.434,.746
Ryan R Wagner,CIN,49,0,0,0,0,0,0,0,0,0,0,0,.000,.000,.000,.000
Elmer E Dessens,LA,48,22,0,4,2,0,0,0,3,3,0,0,.182,.280,.273,.553
Trot T Nixon R,BOS,48,149,24,47,9,1,6,23,15,24,0,0,.315,.377,.510,.887
Tim T Olson,ARI,48,97,8,18,7,0,2,5,16,18,1,0,.186,.301,.320,.620
Tim T Raines C,BAL,48,94,14,24,6,0,0,5,4,16,7,3,.255,.293,.319,.612
Tyler T Walker,SF,48,7,0,0,0,0,0,0,0,5,0,0,.000,.000,.000,.000
Darren D Bragg C,CIN,47,101,13,19,3,1,4,9,10,31,1,0,.188,.261,.356,.618
Juan J Cruz,ATL,47,5,1,1,1,0,0,0,1,3,0,0,.200,.333,.400,.733
John J Flaherty,NYY,47,127,11,32,9,0,6,16,5,25,0,2,.252,.286,.465,.750
Brian B Fuentes,COL,47,0,0,0,0,0,0,0,0,0,0,0,.000,.000,.000,.000
Nook N Logan C,DET,47,133,12,37,5,2,0,10,13,24,8,2,.278,.340,.346,.686
Todd T Van Poppel,CIN,47,17,1,3,0,0,0,1,1,6,0,0,.176,.222,.176,.399
Ronald R Calloway,MON,46,84,4,14,2,0,1,10,5,22,2,0,.167,.211,.226,.437
Alex A Escobar C,CLE,46,152,20,32,8,2,1,12,23,42,1,1,.211,.318,.309,.627
Andy A Fox,TEX,46,55,4,5,0,0,1,1,1,19,0,0,.091,.107,.145,.253
Andy A Green,ARI,46,109,13,22,2,1,1,4,5,17,1,1,.202,.241,.266,.507
Shane S Halter,ANA,46,114,10,23,5,0,4,13,7,30,1,1,.202,.248,.351,.599
Josh J Paul,ANA,46,70,11,17,3,0,2,10,7,17,2,1,.243,.308,.371,.679
Mike M Remlinger,CHC,46,1,0,0,0,0,0,0,0,1,0,0,.000,.000,.000,.000
Eric E Bruntlett S,HOU,45,52,14,13,2,0,4,8,7,13,4,0,.250,.328,.519,.847
Choo C Freeman,COL,45,90,15,17,3,2,1,11,14,21,1,1,.189,.298,.300,.598
Ricky R Gutierrez,BOS,45,103,8,22,3,0,0,8,8,14,1,0,.214,.277,.243,.520
Dustin D Hermanson,SF,45,30,2,3,0,0,0,1,0,12,0,0,.100,.129,.100,.229
Joe J Horgan,MON,45,4,0,1,0,0,0,1,0,1,0,0,.250,.250,.250,.500
Todd T Pratt,PHI,45,128,16,33,5,0,3,16,18,38,0,0,.258,.351,.367,.718
Stephen S Randolph,ARI,45,12,4,5,3,0,0,3,0,3,0,0,.417,.417,.667,1.083
B. J. B Upton S,TB,45,159,19,41,8,2,4,12,15,46,4,1,.258,.324,.409,.733
Rocky R Biddle,MON,44,11,0,0,0,0,0,0,0,7,0,0,.000,.000,.000,.000
Michael M Gonzalez,PIT,44,1,0,1,1,0,0,2,0,0,0,0,1.000,1.000,2.000,3.000
Ruben R Gotay,KC,44,152,17,41,7,3,1,16,9,36,0,1,.270,.315,.375,.690
Gabe G Gross L,TOR,44,129,18,27,4,0,3,16,19,31,2,2,.209,.311,.310,.621
Dan D Wheeler,HOU,44,5,1,1,0,0,0,0,0,1,0,0,.200,.200,.200,.400
Mike M Adams,MIL,43,0,0,0,0,0,0,0,0,0,0,0,.000,.000,.000,.000
Tim T Laker,CLE,43,117,12,25,2,0,3,17,7,28,0,0,.214,.262,.308,.570
Grady G Sizemore C,CLE,43,138,15,34,6,2,4,24,14,34,2,0,.246,.333,.406,.739
Francis F Beltran,MON,42,3,0,1,0,0,0,0,0,0,0,0,.333,.333,.333,.667
Wilson W Delgado S,NYM,42,130,11,38,4,1,2,13,15,29,1,0,.292,.366,.385,.750
Aaron A Guiel L,KC,42,135,15,21,4,0,5,13,17,42,1,1,.156,.263,.296,.559
Brad B Hawpe R,COL,42,105,12,26,3,2,3,9,11,34,1,1,.248,.322,.400,.722
Bucky B Jacobsen,SEA,42,160,17,44,9,0,9,28,14,47,0,0,.275,.335,.500,.835
Matt M Kata,ARI,42,162,17,40,9,2,2,13,13,29,4,1,.247,.301,.364,.665
Ricky R Stone,SD,42,1,0,0,0,0,0,0,0,0,0,0,.000,.000,.000,.000
John J Vander Wal,CIN,42,51,2,6,2,0,2,4,4,20,0,0,.118,.182,.275,.456
Claudio C Vargas,MON,42,22,0,1,0,0,0,0,0,8,0,0,.045,.045,.045,.091
Billy B Wagner,PHI,42,2,0,0,0,0,0,0,0,2,0,0,.000,.000,.000,.000
Giovanni G Carrara,LA,41,2,0,0,0,0,0,0,0,1,0,0,.000,.000,.000,.000
Wayne W Franklin,SF,41,3,2,1,0,0,0,2,1,0,0,0,.333,.400,.333,.733
Sun- Woo S Kim,MON,41,28,1,6,2,0,0,5,0,9,1,0,.214,.214,.286,.500
Greg G Norton,DET,41,86,9,15,1,0,2,2,12,21,0,0,.174,.276,.256,.531
Amaury A Telemaco,PHI,41,4,0,0,0,0,0,0,0,1,0,0,.000,.000,.000,.000
Gabe G White,CIN,41,0,0,0,0,0,0,0,0,0,0,0,.000,.000,.000,.000
Jay J Witasick,SD,41,5,0,0,0,0,0,0,0,1,0,0,.000,.000,.000,.000
Brian B Buchanan,NYM,40,63,7,12,2,0,2,6,7,20,0,0,.190,.278,.317,.595
Howie H Clark R,TOR,40,115,17,25,6,0,3,12,13,15,0,0,.217,.292,.348,.640
Jeffrey J Hammonds R,SF,40,95,14,20,5,0,3,6,15,22,1,0,.211,.336,.358,.694
Eric E Karros,OAK,40,103,8,20,6,0,2,11,7,16,1,0,.194,.243,.311,.554
Brandon B Larson,CIN,40,118,13,25,6,0,3,14,14,35,1,0,.212,.304,.339,.643
Henry H Mateo,MON,40,44,3,12,2,0,0,0,1,9,2,3,.273,.289,.318,.607
Dontrelle D Willis,FLA,40,74,5,15,2,1,1,3,4,17,0,0,.203,.244,.297,.541
Wilson W Alvarez,LA,39,31,4,5,0,0,0,0,1,14,0,0,.161,.188,.161,.349
Scott S Dohmann,COL,39,1,0,0,0,0,0,0,0,1,0,0,.000,.500,.000,.500
Blaine B Neal,SD,39,0,0,0,0,0,0,0,0,0,0,0,.000,.000,.000,.000
Jose J Acevedo,CIN,38,43,0,2,0,0,0,1,3,26,0,0,.047,.106,.047,.153
Pat P Borders,MIN,38,95,9,22,6,0,1,10,1,22,3,1,.232,.247,.326,.574
Kiko K Calero,STL,38,1,0,0,0,0,0,0,0,1,0,0,.000,.000,.000,.000
Jeff J Fassero,ARI,38,21,3,4,0,0,0,1,1,9,0,0,.190,.227,.190,.418
Casey C Kotchman,ANA,38,116,7,26,6,0,0,15,7,11,3,0,.224,.289,.276,.565
Jorge J Piedra C,COL,38,91,15,27,8,0,3,10,5,19,0,1,.297,.340,.484,.824
Nick N Punto,MIN,38,91,17,23,0,0,2,12,12,19,6,0,.253,.340,.319,.658
Jose J Lima,LA,37,48,1,9,0,0,0,2,1,19,0,0,.188,.204,.188,.392
Robert R Machado,BAL,37,73,5,11,3,0,1,3,4,18,0,0,.151,.195,.233,.428
J D Closser,COL,36,113,5,36,6,0,1,10,6,22,0,0,.319,.364,.398,.762
Humberto H Cota,PIT,36,66,10,15,1,1,5,8,3,20,0,0,.227,.271,.500,.771
Adam A Eaton,SD,36,64,9,13,7,0,0,8,6,16,2,0,.203,.282,.313,.594
Michael M Ryan,MIN,36,71,9,17,2,1,0,7,4,16,1,1,.239,.280,.296,.576
Chad C Bentz,MON,35,2,0,1,0,0,0,0,0,0,0,0,.500,.500,.500,1.000
Shawn S Estes,COL,35,72,13,17,3,1,0,2,1,11,0,0,.236,.247,.306,.552
Mike M Hampton,ATL,35,64,7,11,3,0,2,7,3,23,0,0,.172,.209,.313,.522
Jason J Jennings,COL,35,71,3,17,4,0,1,6,2,16,0,0,.239,.260,.338,.598
Joe J Mauer,MIN,35,107,18,33,8,1,6,17,11,14,1,0,.308,.369,.570,.939
Cody C Mc Kay,STL,35,74,7,17,2,0,0,6,2,14,0,0,.230,.269,.257,.526
Roy R Oswalt,HOU,35,71,1,10,1,0,0,6,3,16,0,0,.141,.184,.155,.339
Calvin C Pickering D,KC,35,122,21,30,8,1,7,26,18,42,0,0,.246,.338,.500,.838
Curtis C Pride L,ANA,35,40,5,10,3,0,0,3,0,11,1,0,.250,.268,.325,.593
Greg G Aquino,ARI,34,1,0,0,0,0,0,0,0,0,0,0,.000,.000,.000,.000
Brandon B Backe,HOU,34,16,3,5,0,0,1,6,1,8,0,0,.313,.389,.500,.889
Livan L Hernandez,MON,34,81,2,20,7,0,1,10,1,8,0,0,.247,.256,.370,.626
Brian B Lawrence,SD,34,62,5,6,1,0,0,2,3,25,0,0,.097,.138,.113,.251
Jason J Marquis,STL,34,72,6,21,6,0,0,9,1,17,1,0,.292,.297,.375,.672
Raul R Mondesi C,ANA,34,133,10,32,9,0,3,15,13,31,0,3,.241,.313,.376,.689
Xavier X Nady L,SD,34,77,7,19,4,0,3,9,5,13,0,0,.247,.301,.416,.717
Jeff J Cirillo,SD,33,75,12,16,3,0,1,7,5,14,0,0,.213,.259,.293,.553
Doug D Davis,MIL,33,64,0,1,0,0,0,0,1,43,0,0,.016,.031,.016,.046
Tom T Glavine,NYM,33,54,5,11,2,0,0,8,10,10,0,0,.204,.328,.241,.569
Juan J Gonzalez R,KC,33,127,17,35,4,1,5,17,9,19,0,1,.276,.326,.441,.767
Randy R Johnson,ARI,33,80,1,10,3,0,0,6,4,37,0,0,.125,.167,.163,.329
Jeff J Keppinger,NYM,33,116,9,33,2,0,3,9,6,7,2,1,.284,.317,.379,.696
Eric E Milton,PHI,33,65,4,10,1,0,0,5,4,29,0,0,.154,.200,.169,.369
Ben B Sheets,MIL,33,67,2,9,0,0,0,1,5,22,0,0,.134,.194,.134,.329
Brett B Tomko,SF,33,62,3,7,1,0,0,0,2,27,0,0,.113,.141,.129,.270
Steve S Trachsel,NYM,33,59,6,11,1,0,0,5,1,17,0,0,.186,.200,.203,.403
Jeff J Weaver,LA,33,70,3,15,2,1,0,2,1,26,0,0,.214,.225,.271,.497
Brandon B Webb,ARI,33,64,3,6,0,0,0,4,3,36,0,0,.094,.134,.094,.228
Shawn S Wooten,PHI,33,53,2,9,3,0,0,2,2,9,0,0,.170,.228,.226,.454
Ramon R Castro,FLA,32,96,9,13,3,0,3,8,11,30,0,0,.135,.231,.260,.492
Matt M Cepicky,MON,32,60,4,13,4,0,1,3,1,18,1,0,.217,.230,.333,.563
Roger R Clemens,HOU,32,72,1,12,1,0,0,7,3,24,0,0,.167,.200,.181,.381
Lou L Collier,PHI,32,36,7,10,1,0,1,4,5,10,1,0,.278,.381,.389,.770
Octavio O Dotel,OAK,32,0,0,0,0,0,0,0,0,0,0,0,.000,.000,.000,.000
Maicer M Izturis S,MON,32,107,10,22,5,2,1,4,10,20,4,0,.206,.286,.318,.604
Cory C Lidle,PHI,32,62,3,9,4,0,1,6,5,36,0,0,.145,.209,.258,.467
Greg G Maddux,CHC,32,69,5,11,0,0,0,5,1,12,1,0,.159,.171,.159,.331
Orber O Moreno,NYM,32,1,0,0,0,0,0,0,0,0,0,0,.000,.000,.000,.000
Russ R Ortiz,ATL,32,59,1,6,2,0,0,1,1,17,0,0,.102,.131,.136,.267
Valentino V Pascucci R,MON,32,62,6,11,1,0,2,6,10,22,1,0,.177,.297,.290,.588
Kirk K Rueter,SF,32,61,4,8,2,0,0,2,3,7,0,0,.131,.172,.164,.336
Glendon G Rusch,CHC,32,39,3,6,1,0,2,3,0,11,0,0,.154,.154,.333,.487
Ismael I Valdez,FLA,32,52,6,10,4,0,0,5,3,13,0,0,.192,.232,.269,.501
Ryan R Vogelsong,PIT,32,31,2,7,2,0,0,3,2,13,0,0,.226,.265,.290,.555
Woody W Williams,STL,32,61,3,11,4,0,0,2,1,22,0,0,.180,.200,.246,.446
Yhency Y Brazoban,LA,31,1,0,0,0,0,0,0,0,1,0,0,.000,.000,.000,.000
Josh J Fogg,PIT,31,53,1,4,1,0,0,3,0,13,0,0,.075,.075,.094,.170
Esteban E German,OAK,31,60,9,15,1,1,0,7,4,13,0,1,.250,.297,.300,.597
Matt M Kinney,MIL,31,9,0,2,0,0,0,1,0,1,0,0,.222,.222,.222,.444
Jose J Leon,BAL,31,66,4,12,2,0,2,8,2,19,0,0,.182,.203,.303,.506
Justin J Leone,SEA,31,102,15,22,5,0,6,13,9,32,1,0,.216,.298,.441,.739
Mike M Matthews,CIN,31,0,0,0,0,0,0,0,0,0,0,0,.000,.000,.000,.000
Matt M Morris,STL,31,62,4,10,1,0,0,6,4,26,0,0,.161,.209,.177,.386
Allan A Simpson,COL,31,1,0,0,0,0,0,0,0,0,0,0,.000,.000,.000,.000
John J Thomson,ATL,31,66,3,13,1,0,0,4,0,24,0,0,.197,.197,.212,.409
Kris K Benson,NYM,30,58,3,8,0,0,0,5,2,26,0,0,.138,.167,.138,.305
Brian B Bruney,ARI,30,0,0,0,0,0,0,0,0,0,0,0,.000,.000,.000,.000
Ryan R Church,MON,30,63,6,11,1,0,1,6,7,16,0,0,.175,.257,.238,.495
Brian B Daubach,BOS,30,75,9,17,8,0,2,8,10,21,0,0,.227,.326,.413,.739
Jon J Leicester,CHC,30,1,0,0,0,0,0,0,0,0,0,0,.000,.000,.000,.000
Augie A Ojeda,MIN,30,59,16,20,1,0,2,7,10,3,1,1,.339,.429,.458,.886
Odalis O Perez,LA,30,62,5,7,2,0,0,2,2,17,0,0,.113,.141,.145,.286
Oliver O Pérez Perez,PIT,30,58,2,11,0,0,0,0,4,22,0,0,.190,.242,.190,.432
Jason J Schmidt,SF,30,66,4,9,0,0,2,3,4,30,0,0,.136,.197,.227,.424
Jeff J Suppan,STL,30,57,3,4,0,0,0,0,1,11,0,0,.070,.086,.070,.156
Matt M Wise,MIL,30,4,0,0,0,0,0,0,0,1,0,0,.000,.000,.000,.000
Jaret J Wright,ATL,30,57,4,6,1,0,1,4,2,33,0,0,.105,.136,.175,.311
Michael M Wuertz,CHC,30,1,0,0,0,0,0,0,0,1,0,0,.000,.000,.000,.000
Carlos C Zambrano,CHC,30,70,8,16,1,0,1,5,3,29,0,0,.229,.257,.286,.542
Chris C Aguila R,FLA,29,45,10,10,2,1,3,5,2,12,0,0,.222,.255,.511,.766
Alberto A Castillo,KC,29,89,12,24,6,0,1,11,14,10,0,2,.270,.365,.371,.736
Matt M Clement,CHC,29,55,2,8,1,0,0,2,1,29,0,0,.145,.158,.164,.322
Geoff G Geary,PHI,29,1,0,0,0,0,0,0,0,0,0,0,.000,.000,.000,.000
Jerry J Gil S,ARI,29,86,3,15,2,1,0,8,0,33,2,0,.174,.182,.221,.403
Mike M Hessman,ATL,29,69,8,9,3,0,2,5,1,24,0,0,.130,.155,.261,.416
Ben B Howard,FLA,29,3,0,0,0,0,0,0,0,0,0,0,.000,.000,.000,.000
Kaz K Ishii,LA,29,55,7,7,0,0,1,6,1,24,0,0,.127,.143,.182,.325
Brett B Myers,PHI,29,51,6,10,4,0,0,1,2,17,0,0,.196,.226,.275,.501
Antonio A Osuna,SD,29,0,0,0,0,0,0,0,0,0,0,0,.000,.000,.000,.000
Carl C Pavano,FLA,29,68,4,13,3,0,2,6,1,24,0,0,.191,.214,.324,.538
Michael M Restovich L,MIN,29,47,9,12,3,0,2,6,4,10,0,0,.255,.314,.447,.760
Victor V Santos,MIL,29,39,0,2,1,0,0,1,2,20,0,0,.051,.098,.077,.174
Chris C Snyder,ARI,29,96,10,23,6,0,5,15,13,25,0,0,.240,.327,.458,.786
Matt M Treanor,FLA,29,55,7,13,2,0,0,1,4,13,0,0,.236,.311,.273,.584
Fernando F Vina,DET,29,115,21,26,5,0,0,7,9,9,2,1,.226,.308,.270,.577
David D Wells,SD,29,57,2,6,0,0,0,3,3,24,0,0,.105,.164,.105,.269
Aaron A Harang,CIN,28,57,1,4,1,0,0,0,0,33,0,0,.070,.070,.088,.158
Al A Leiter,NYM,28,54,0,5,1,0,0,0,3,30,0,0,.093,.140,.111,.252
Rene R Reyes C,COL,28,61,5,9,2,0,0,1,5,17,0,0,.148,.212,.180,.392
Paul P Wilson,CIN,28,60,2,6,2,0,0,2,2,37,0,0,.100,.143,.133,.276
Alan A Zinter,ARI,28,34,2,7,2,0,1,6,5,15,0,0,.206,.300,.353,.653
Chris C Carpenter,STL,27,62,1,5,0,0,0,1,1,21,0,0,.081,.095,.081,.176
Wil W Cordero,FLA,27,66,6,13,3,0,1,6,3,19,1,0,.197,.250,.288,.538
Mark M Corey,PIT,27,1,0,0,0,0,0,0,0,1,0,0,.000,.000,.000,.000
Casey C Fossum,ARI,27,42,3,4,0,0,0,0,1,16,0,0,.095,.116,.095,.212
Fred F Mc Griff D,TB,27,72,7,13,3,0,2,7,9,19,0,0,.181,.272,.306,.577
Jake J Peavy,SD,27,59,5,10,1,0,0,3,4,17,0,0,.169,.222,.186,.409
Rudy R Seanez,FLA,27,0,0,0,0,0,0,0,0,0,0,0,.000,.000,.000,.000
Chris C Shelton D,DET,27,46,6,9,1,0,1,3,9,14,0,0,.196,.321,.283,.604
Steve S Sparks,ARI,27,31,0,4,0,0,0,1,0,14,0,0,.129,.129,.129,.258
Josh J Beckett,FLA,26,44,2,7,1,0,0,2,2,18,0,0,.159,.196,.182,.378
Kirk K Bullinger,HOU,26,3,0,0,0,0,0,0,1,2,0,0,.000,.250,.000,.250
Tim T Redding,HOU,26,29,1,4,0,0,0,0,0,13,0,0,.138,.138,.138,.276
Jason J Romano,CIN,26,34,3,5,0,0,1,4,2,12,0,0,.147,.194,.235,.430
Jose J Valverde,ARI,26,0,0,0,0,0,0,0,0,0,0,0,.000,.000,.000,.000
J. J Davis R,PIT,25,35,4,5,1,0,0,3,4,10,2,0,.143,.225,.171,.396
Joe J Kennedy,COL,25,48,2,6,1,1,0,4,2,14,0,0,.125,.160,.188,.348
Josias J Manzanillo,FLA,25,1,0,0,0,0,0,0,0,1,0,0,.000,.000,.000,.000
Darren D Oliver,HOU,25,22,0,3,0,0,0,1,0,9,0,0,.136,.136,.136,.273
Chad C Qualls,HOU,25,1,0,0,0,0,0,0,0,1,0,0,.000,.000,.000,.000
Jae Weong J Seo,NYM,25,32,2,5,1,0,0,1,2,9,1,0,.156,.229,.188,.416
Tony T Alvarez R,PIT,24,38,5,8,2,0,1,8,4,7,0,0,.211,.289,.342,.631
Craig C Brazell,NYM,24,34,3,9,2,0,1,3,1,7,0,0,.265,.286,.412,.698
Wilton W Guerrero,KC,24,32,7,7,0,1,0,1,0,4,1,0,.219,.219,.281,.500
Ken K Huckaby,TEX,24,50,4,7,3,0,0,0,5,12,0,0,.140,.218,.200,.418
Kevin K Millwood,PHI,24,46,0,8,2,0,0,1,2,26,0,0,.174,.208,.217,.426
Damon D Minor,SF,24,58,8,14,2,0,0,6,12,18,0,0,.241,.405,.276,.681
Wes W Obermueller,MIL,24,39,2,15,3,0,0,5,1,14,0,0,.385,.400,.462,.862
Randy R Wolf,PHI,24,45,6,12,2,0,3,8,1,10,0,0,.267,.277,.511,.788
Ryan R Dempster,CHC,23,1,0,0,0,0,0,0,0,1,0,0,.000,.000,.000,.000
Mike M Fetters,ARI,23,0,0,0,0,0,0,0,0,0,0,0,.000,.000,.000,.000
Brendan B Harris,MON,23,59,4,10,3,0,1,3,3,12,0,0,.169,.222,.271,.493
Jason J Kubel R,MIN,23,60,10,18,2,0,2,7,6,9,1,1,.300,.358,.433,.792
Rey R Ordonez S,CHC,23,61,2,10,3,0,1,5,2,14,0,0,.164,.190,.262,.453
Brad B Penny,LA,23,51,1,3,0,0,0,1,0,15,0,0,.059,.059,.059,.118
Colin C Porter,STL,23,35,3,11,1,0,1,2,0,13,0,0,.314,.314,.429,.743
Humberto H Quintero,SD,23,72,7,18,3,0,2,10,5,16,0,2,.250,.295,.375,.670
Richie R Sexson,ARI,23,90,20,21,4,0,9,23,14,21,0,0,.233,.337,.578,.914
Joe J Valentine,CIN,23,1,0,0,0,0,0,0,0,0,0,0,.000,.000,.000,.000
Kip K Wells,PIT,23,43,4,8,3,1,0,0,3,20,0,0,.186,.239,.302,.542
Russ R Adams S,TOR,22,72,10,22,2,1,4,10,5,5,1,0,.306,.359,.528,.887
Rod R Beck,SD,22,0,0,0,0,0,0,0,0,0,0,0,.000,.000,.000,.000
Wilson W Betemit S,ATL,22,47,2,8,0,0,0,3,4,16,0,1,.170,.231,.170,.401
Joe J Borowski,CHC,22,0,0,0,0,0,0,0,0,0,0,0,.000,.000,.000,.000
Jason J Conti C,TEX,22,55,6,10,3,0,0,4,5,19,0,2,.182,.250,.236,.486
Midre M Cummings D,TB,22,54,10,15,4,0,2,7,5,12,1,0,.278,.361,.463,.824
Joey J Eischen,MON,22,3,2,2,0,0,0,0,0,0,0,0,.667,.667,.667,1.333
Pedro P Feliciano,NYM,22,0,0,0,0,0,0,0,0,0,0,0,.000,.000,.000,.000
Billy B Koch,FLA,22,0,0,0,0,0,0,0,0,0,0,0,.000,.000,.000,.000
Josh J Kroeger L,ARI,22,54,5,9,3,0,0,2,1,21,0,1,.167,.182,.222,.404
Vladimir V Nunez,COL,22,0,0,0,0,0,0,0,0,0,0,0,.000,.000,.000,.000
Kerry K Wood,CHC,22,45,2,6,1,0,1,3,2,11,0,0,.133,.167,.222,.389
Manny M Alexander,TEX,21,21,3,5,2,0,0,3,1,7,0,0,.238,.273,.333,.606
Brian B Boehringer,PIT,21,1,0,0,0,0,0,0,0,1,0,0,.000,.000,.000,.000
Mike M De Jean,NYM,21,1,0,0,0,0,0,0,0,1,0,0,.000,.000,.000,.000
Byron B Gettis L,KC,21,39,7,7,1,1,0,1,8,14,0,1,.179,.327,.256,.583
Damian D Jackson,KC,21,30,2,3,2,0,1,3,4,12,0,0,.100,.206,.267,.472
Pete P Munro,HOU,21,29,4,2,0,0,0,1,2,10,0,0,.069,.125,.069,.194
Tyler T Yates,NYM,21,11,0,1,0,0,0,0,0,5,0,0,.091,.091,.091,.182
Chad C Allen L,TEX,20,58,4,14,4,1,0,6,2,13,0,1,.241,.262,.345,.607
Clint C Barmes,COL,20,71,14,20,3,1,2,10,3,10,0,1,.282,.320,.437,.757
Greg G Colbrunn,ARI,20,27,1,3,0,0,0,1,1,5,0,0,.111,.143,.111,.254
Brian B Dallimore,SF,20,43,8,12,2,0,1,7,4,7,0,1,.279,.347,.395,.742
Jason J Dubois,CHC,20,23,2,5,0,1,1,5,1,7,0,0,.217,.240,.435,.675
Freddy F Guzman C,SD,20,76,8,16,3,0,0,5,3,13,5,2,.211,.250,.250,.500
Mike M Johnston,PIT,20,0,0,0,0,0,0,0,0,0,0,0,.000,.000,.000,.000
C. J. C Nitkowski,ATL,20,0,0,0,0,0,0,0,0,0,0,0,.000,.000,.000,.000
Vicente V Padilla,PHI,20,35,2,4,0,0,0,3,2,17,0,0,.114,.162,.114,.276
Mark M Prior,CHC,20,36,5,5,0,0,0,0,2,20,0,0,.139,.184,.139,.323
Brian B Reith,CIN,20,0,0,0,0,0,0,0,0,0,0,0,.000,.000,.000,.000
Kelly K Stinnett,KC,20,59,10,18,0,0,3,7,5,16,0,0,.305,.379,.458,.836
Nick N Swisher L,OAK,20,60,11,15,4,0,2,8,8,11,0,0,.250,.352,.417,.769
Todd T Wellemeyer,CHC,20,0,0,0,0,0,0,0,0,0,0,0,.000,.000,.000,.000
Jerome J Williams,SF,20,36,1,5,0,0,0,0,1,14,0,1,.139,.162,.139,.301
Andres A Blanco S,KC,19,60,9,19,2,2,0,5,5,6,1,2,.317,.379,.417,.796
Ben B Ford,MIL,19,0,0,0,0,0,0,0,0,0,0,0,.000,.000,.000,.000
Joey J Gathright C,TB,19,52,11,13,0,0,0,1,2,14,6,1,.250,.316,.250,.566
Ryan R Howard,PHI,19,39,5,11,5,0,2,5,2,13,0,0,.282,.333,.564,.897
Shane S Nance,ARI,19,0,0,0,0,0,0,0,0,0,0,0,.000,.000,.000,.000
John J Patterson,MON,19,33,0,4,0,0,0,1,1,17,0,0,.121,.147,.121,.268
Ramon R Santiago S,SEA,19,39,8,7,1,0,0,2,3,3,0,0,.179,.256,.205,.461
Scott S Service,ARI,19,1,0,0,0,0,0,0,0,0,0,0,.000,.000,.000,.000
Wilson W Valdez S,CWS,19,43,8,10,1,0,1,4,2,5,1,2,.233,.267,.326,.592
Justin J Wayne,FLA,19,3,0,0,0,0,0,0,0,1,0,0,.000,.000,.000,.000
A. J. A Burnett,FLA,18,29,4,4,0,0,0,1,0,11,0,0,.138,.138,.138,.276
Paul P Byrd,ATL,18,30,2,6,0,0,0,4,5,7,0,0,.200,.314,.200,.514
Roman R Colon,ATL,18,0,0,0,0,0,0,0,0,0,0,0,.000,.000,.000,.000
Greg G Dobbs,SEA,18,53,4,12,1,0,1,9,1,14,0,0,.226,.250,.302,.552
Brandon B Duckworth,HOU,18,9,1,2,0,0,0,1,1,2,0,0,.222,.300,.222,.522
Jeremy J Fikac,MON,18,0,0,0,0,0,0,0,0,0,0,0,.000,.000,.000,.000
Mendy M Lopez,KC,18,38,4,4,0,0,1,4,4,9,0,0,.105,.209,.184,.394
Tommy T Phelps,FLA,18,6,0,0,0,0,0,0,0,2,0,0,.000,.000,.000,.000
Jeremy J Reed C,SEA,18,58,11,23,4,0,0,5,7,4,3,1,.397,.470,.466,.935
Donnie D Sadler,ARI,18,23,1,3,2,0,0,0,1,7,0,0,.130,.167,.217,.384
David D Segui,BAL,18,59,8,20,3,0,1,7,5,13,0,1,.339,.400,.441,.841
Heath H Bell,NYM,17,1,0,0,0,0,0,0,0,0,0,0,.000,.000,.000,.000
Rob R Bowen,MIN,17,27,1,3,0,0,1,2,4,10,0,0,.111,.226,.222,.448
Chris C Burke,HOU,17,17,2,1,0,0,0,0,3,3,0,0,.059,.200,.059,.259
Chris C Capuano,MIL,17,30,0,6,2,0,0,2,1,10,0,0,.200,.250,.267,.517
Lance L Cormier,ARI,17,8,1,2,1,0,0,1,1,2,0,0,.250,.333,.375,.708
Zach Z Day,MON,17,29,1,1,0,0,1,1,0,17,0,0,.034,.034,.138,.172
Mike M Di Felice,CHC,17,25,3,3,0,1,0,2,3,4,0,0,.120,.214,.200,.414
Adam A Hyzdu L,BOS,17,10,3,3,2,0,1,2,1,2,0,0,.300,.364,.800,1.164
Anderson A Machado S,CIN,17,56,6,15,5,1,0,4,10,26,3,1,.268,.379,.393,.772
Darnell D Mc Donald R,BAL,17,32,3,5,1,0,0,1,2,6,1,0,.156,.206,.188,.393
Guillermo G Quiroz,TOR,17,52,2,11,2,0,0,6,2,8,1,0,.212,.263,.250,.513
Joe J Thurston,LA,17,17,1,3,1,1,0,1,0,5,0,0,.176,.167,.353,.520
Terry T Tiffee,MIN,17,44,7,12,4,0,2,8,3,3,0,0,.273,.333,.500,.833
Mike M Venafro,LA,17,0,0,0,0,0,0,0,0,0,0,0,.000,.000,.000,.000
Oscar O Villarreal,ARI,17,0,0,0,0,0,0,0,0,0,0,0,.000,.000,.000,.000
Adam A Bernero,COL,16,5,1,0,0,0,0,0,0,3,0,0,.000,.000,.000,.000
Toby T Borland,FLA,16,0,0,0,0,0,0,0,0,0,0,0,.000,.000,.000,.000
Bartolome B Fortunato,NYM,16,0,0,0,0,0,0,0,0,0,0,0,.000,.000,.000,.000
Adrian A González,TEX,16,42,7,10,3,0,1,7,2,6,0,0,.238,.273,.381,.654
Andrew A Good,ARI,16,5,0,0,0,0,0,1,0,2,0,0,.000,.000,.000,.000
Josh J Hancock,CIN,16,17,1,2,0,0,0,1,3,12,0,0,.118,.250,.118,.368
Dave D Krynzel R,MIL,16,41,6,9,1,0,0,3,3,15,0,0,.220,.319,.244,.563
Jeff J Liefer,MIL,16,28,2,6,2,0,1,5,2,8,0,0,.214,.258,.393,.651
Todd T Linden L,SF,16,32,6,5,1,0,0,1,5,7,0,0,.156,.289,.188,.477
Gary G Majewski,MON,16,2,0,0,0,0,0,0,0,2,0,0,.000,.000,.000,.000
Dallas D Mc Pherson,ANA,16,40,5,9,1,0,3,6,3,17,1,0,.225,.279,.475,.754
Hideo H Nomo,LA,16,26,2,3,0,0,1,1,0,17,0,0,.115,.115,.231,.346
Eddie E Oropesa,SD,16,0,0,0,0,0,0,0,0,0,0,0,.000,.000,.000,.000
Simon S Pond L,TOR,16,49,4,8,2,0,1,6,5,12,0,0,.163,.250,.265,.515
Brian B Powell,PHI,16,8,0,1,0,0,0,0,0,5,0,0,.125,.125,.125,.250
Alex A Prieto,MIN,16,32,4,8,1,0,1,4,3,9,0,1,.250,.306,.375,.681
Adam A Riggs L,ANA,16,36,2,7,3,0,0,3,1,10,1,0,.194,.216,.278,.494
Russ R Springer,HOU,16,0,0,0,0,0,0,0,0,0,0,0,.000,.000,.000,.000
Tony T Armas,MON,15,16,0,0,0,0,0,0,0,5,0,0,.000,.000,.000,.000
Garrett G Atkins,COL,15,28,3,10,2,0,1,8,4,3,0,0,.357,.424,.536,.960
Aaron A Cook,COL,15,34,1,4,0,0,0,1,1,10,0,0,.118,.143,.118,.260
Victor V Diaz R,NYM,15,51,8,15,3,0,3,8,1,15,0,0,.294,.321,.529,.850
Kelly K Dransfeldt S,CWS,15,30,5,10,0,0,0,4,0,6,0,0,.333,.333,.333,.667
Ryan R Ludwick,CLE,15,50,3,11,2,0,2,4,2,14,0,0,.220,.278,.380,.658
Andy A Pettitte,HOU,15,23,0,4,1,0,0,2,3,5,0,0,.174,.269,.217,.487
Andy A Tracy,COL,15,16,1,3,1,0,0,1,1,8,0,0,.188,.235,.250,.485
Brandon B Villafuerte,ARI,15,1,0,0,0,0,0,0,0,1,0,0,.000,.000,.000,.000
Jermaine J Clark R,CIN,14,30,4,4,1,0,0,2,1,8,1,0,.133,.212,.167,.379
Brandon B Claussen,CIN,14,19,1,2,0,0,0,0,1,6,0,0,.105,.150,.105,.255
Eric E Crozier D,TOR,14,33,5,5,2,0,2,4,6,19,0,0,.152,.282,.394,.676
Dan D Haren,STL,14,12,1,0,0,0,0,0,0,6,0,0,.000,.000,.000,.000
Noah N Lowry,SF,14,33,2,6,2,0,0,0,0,10,0,0,.182,.182,.242,.424
Wade W Miller,HOU,14,27,2,7,0,0,0,3,0,6,0,0,.259,.259,.259,.518
Tomo T Ohka,MON,14,25,0,2,0,0,0,0,1,8,1,0,.080,.115,.080,.195
Jason J Simontacchi,STL,14,2,1,1,0,0,0,0,0,0,0,0,.500,.500,.500,1.000
Travis T Smith,ATL,14,8,0,1,0,0,0,0,0,1,0,0,.125,.125,.125,.250
Jamey J Wright,COL,14,19,1,1,1,0,0,0,0,12,0,0,.053,.053,.105,.158
Sean S Burnett,PIT,13,23,0,0,0,0,0,0,2,6,0,0,.000,.080,.000,.080
Jeff J Duncan,NYM,13,15,2,1,0,0,0,1,1,5,3,0,.067,.125,.067,.192
Jason J Ellison,SF,13,4,4,2,0,0,1,3,0,1,2,0,.500,.500,1.250,1.750
Matt M Ginter,NYM,13,14,1,3,1,0,0,1,2,5,0,0,.214,.313,.286,.598
Alexis A Gomez L,KC,13,29,1,8,1,0,0,4,2,8,0,0,.276,.323,.310,.633
Koyie K Hill,ARI,13,36,3,9,1,0,1,6,2,6,1,0,.250,.289,.361,.651
Mike M Lincoln,STL,13,0,0,0,0,0,0,0,0,0,0,0,.000,.000,.000,.000
Corky C Miller,CIN,13,39,2,1,0,0,0,3,6,12,0,0,.026,.204,.026,.230
Sergio S Mitre,CHC,13,15,0,1,1,0,0,0,1,8,0,0,.067,.125,.133,.258
Antonio A Perez,LA,13,13,5,3,1,0,0,0,0,5,1,0,.231,.286,.308,.593
Eduardo E Perez,TB,13,38,2,8,2,0,1,7,4,9,0,0,.211,.286,.342,.628
Brandon B Puffer,SD,13,0,0,0,0,0,0,0,0,0,0,0,.000,.000,.000,.000
Tony T Torcato,SF,13,9,1,5,0,0,0,2,1,0,0,0,.556,.583,.556,1.139
Tom T Wilson,LA,13,12,1,2,0,0,0,0,1,5,0,0,.167,.231,.167,.397
Jason J Boyd,PIT,12,0,0,0,0,0,0,0,0,0,0,0,.000,.000,.000,.000
Kevin K Correia,SF,12,3,1,1,1,0,0,0,1,1,0,0,.333,.500,.667,1.167
Tim T Drew,ATL,12,2,1,0,0,0,0,0,1,1,0,0,.000,.333,.000,.333
Bobby B Estalella,TOR,12,27,3,5,0,0,2,4,3,11,0,0,.185,.290,.407,.698
Chad C Fox,FLA,12,0,0,0,0,0,0,0,0,0,0,0,.000,.000,.000,.000
Geronimo G Gil,BAL,12,32,1,9,2,0,0,4,3,5,0,0,.281,.343,.344,.687
Matt M Mantei,ARI,12,0,0,0,0,0,0,0,0,0,0,0,.000,.000,.000,.000
Juan J Padilla,CIN,12,0,0,0,0,0,0,0,0,0,0,0,.000,.000,.000,.000
Ryan R Raburn,DET,12,29,4,4,1,0,0,1,2,15,1,0,.138,.194,.172,.366
Al A Reyes,STL,12,1,0,1,0,0,0,0,0,0,0,0,1.000,1.000,1.000,2.000
Turk T Wendell,COL,12,2,0,0,0,0,0,0,0,0,0,0,.000,.000,.000,.000
Josh J Willingham,FLA,12,25,2,5,0,0,1,1,4,8,0,0,.200,.310,.320,.630
David D Aardsma,SF,11,0,0,0,0,0,0,0,0,0,0,0,.000,.000,.000,.000
Armando A Almanza,ATL,11,0,0,0,0,0,0,0,0,0,0,0,.000,.000,.000,.000
Brandon B Berger L,KC,11,35,5,7,2,0,0,2,0,7,1,1,.200,.200,.257,.457
Peter P Bergeron C,MON,11,42,2,9,0,0,0,1,2,16,0,1,.214,.250,.214,.464
Frank F Brooks,PIT,11,1,0,0,0,0,0,0,0,0,0,0,.000,.000,.000,.000
Ellis E Burks D,BOS,11,33,6,6,0,0,1,1,3,8,2,0,.182,.270,.273,.543
Casey C Daigle,ARI,11,17,2,2,2,0,0,0,0,7,0,0,.118,.118,.235,.353
Scott S Downs,MON,11,15,1,1,0,0,0,0,1,7,0,0,.067,.125,.067,.192
Bo B Hart,STL,11,13,0,2,0,0,0,2,1,3,0,0,.154,.214,.154,.368
Pedro P Liriano,MIL,11,1,0,0,0,0,0,0,0,0,0,0,.000,.000,.000,.000
Mark M Little C,CLE,11,20,0,4,0,0,0,2,0,7,0,0,.200,.261,.200,.461
Luis L Lopez,MON,11,26,0,4,0,0,0,0,0,9,0,0,.154,.185,.154,.339
Calvin C Murray,CHC,11,5,2,1,0,0,0,1,1,0,0,0,.200,.333,.200,.533
Keith K Osik,BAL,11,25,0,2,0,0,0,0,0,7,0,0,.080,.080,.080,.160
Jose J Parra,NYM,11,0,0,0,0,0,0,0,0,0,0,0,.000,.000,.000,.000
Horacio H Ramirez,ATL,11,21,0,2,0,0,0,1,0,5,0,0,.095,.095,.095,.190
Scott S Stewart,LA,11,0,0,0,0,0,0,0,0,0,0,0,.000,.000,.000,.000
Steve S Watkins,SD,11,0,0,0,0,0,0,0,0,0,0,0,.000,.000,.000,.000
Carmen C Cali,STL,10,0,0,0,0,0,0,0,0,0,0,0,.000,.000,.000,.000
Matt M Diaz L,TB,10,21,3,4,1,1,1,3,1,6,0,0,.190,.292,.476,.768
Scott S Elarton,CLE,10,12,2,3,0,0,0,0,1,3,0,0,.250,.308,.250,.558
Nelson N Figueroa,PIT,10,7,0,1,0,0,0,1,0,2,0,0,.143,.143,.143,.286
Edgar E Gonzalez,ARI,10,13,0,2,0,0,0,0,0,2,0,0,.154,.214,.154,.368
Ben B Hendrickson,MIL,10,16,0,2,0,0,0,0,0,9,0,0,.125,.125,.125,.250
Willy W Taveras,HOU,10,1,2,0,0,0,0,0,0,1,1,0,.000,.000,.000,.000
Chin-hui C Tsao,COL,10,0,0,0,0,0,0,0,0,0,0,0,.000,.000,.000,.000
Dave D Williams,PIT,10,9,0,1,0,0,0,0,0,3,0,0,.111,.111,.111,.222
Homer H Bush,NYY,9,7,2,0,0,0,0,0,0,2,1,0,.000,.125,.000,.125
Ramon R Castro,OAK,9,15,2,2,1,0,0,3,1,3,0,0,.133,.188,.200,.388
Will W Cunnane,ATL,9,0,0,0,0,0,0,0,0,0,0,0,.000,.000,.000,.000
Jose J Flores,LA,9,4,0,1,0,0,0,0,1,2,0,0,.250,.400,.250,.650
Randy R Flores,STL,9,2,0,0,0,0,0,0,0,1,0,0,.000,.000,.000,.000
Curtis C Granderson,DET,9,25,2,6,1,1,0,0,3,8,0,0,.240,.321,.360,.681
Carlos C Hernández Hernandez,HOU,9,12,0,1,0,0,0,1,0,4,0,0,.083,.083,.083,.167
Luke L Hudson,CIN,9,16,1,2,0,0,0,2,1,3,0,0,.125,.167,.125,.292
Jon J Knott,SD,9,14,1,3,2,0,0,1,1,5,0,0,.214,.267,.357,.624
Val V Majewski C,BAL,9,13,3,2,1,0,0,1,0,1,0,0,.154,.154,.231,.385
Jon J Rauch,MON,9,6,1,1,0,0,1,2,0,4,0,0,.167,.167,.667,.833
Willis W Roberts,PIT,9,1,0,0,0,0,0,0,0,1,0,0,.000,.000,.000,.000
Freddy F Sanchez S,PIT,9,19,2,3,0,0,0,2,0,3,0,0,.158,.158,.158,.316
Paul P Abbott,PHI,8,11,1,2,0,0,0,2,0,4,0,0,.182,.182,.182,.364
Jason J Bartlett S,MIN,8,12,2,1,0,0,0,1,1,1,2,0,.083,.154,.083,.237
Chin- Feng C Chen,LA,8,8,1,0,0,0,0,0,2,3,0,0,.000,.200,.000,.200
David D Kelton,CHC,8,10,1,1,1,0,0,0,0,3,0,0,.100,.100,.200,.300
Sam S Mc Connell,ATL,8,1,0,0,0,0,0,0,0,0,0,0,.000,.000,.000,.000
Greg G Myers,TOR,8,18,0,4,2,0,0,1,2,4,0,0,.222,.300,.333,.633
Ray R Olmedo S,CIN,8,1,0,0,0,0,0,0,1,0,0,0,.000,.500,.000,.500
Jhonny J Peralta S,CLE,8,25,2,6,1,0,0,2,3,6,0,1,.240,.321,.280,.601
Larry L Sutton,FLA,8,5,0,1,0,0,0,1,1,2,0,0,.200,.333,.200,.533
Dennis D Tankersley,SD,8,8,0,2,0,0,0,1,1,4,0,0,.250,.333,.250,.583
Jason J Alfaro,HOU,7,11,1,2,0,0,0,0,0,5,0,0,.182,.182,.182,.364
Jimmy J Anderson,BOS,7,1,0,0,0,0,0,0,0,0,0,0,.000,.000,.000,.000
Josh J Bard,CLE,7,19,5,8,2,0,1,4,3,0,0,0,.421,.478,.684,1.162
Andy A Dominique,BOS,7,11,0,2,0,0,0,1,0,3,0,0,.182,.182,.182,.364
Chad C Durbin,ARI,7,1,0,0,0,0,0,0,0,0,0,0,.000,.000,.000,.000
Jeff J Francis,COL,7,10,1,0,0,0,0,0,0,4,0,0,.000,.000,.000,.000
Andres A Galarraga,ANA,7,10,1,3,0,0,1,2,0,3,0,0,.300,.364,.600,.964
Justin J Germano,SD,7,7,0,0,0,0,0,0,0,3,0,0,.000,.000,.000,.000
Raul R Gonzalez,CLE,7,11,0,1,0,0,0,0,0,4,0,0,.091,.091,.091,.182
Franklyn F Gracesqui,FLA,7,0,0,0,0,0,0,0,0,0,0,0,.000,.000,.000,.000
Brad B Hennessey,SF,7,13,1,3,0,0,0,2,1,4,0,0,.231,.267,.231,.497
Damon D Hollins L,ATL,7,22,3,8,2,0,0,5,0,4,0,0,.364,.364,.455,.818
Edwin E Jackson,LA,7,4,0,1,0,0,0,1,0,1,0,0,.250,.250,.250,.500
Mark M Johnson,MIL,7,11,1,1,0,0,0,2,3,2,0,0,.091,.267,.091,.358
Josh J Labandeira S,MON,7,14,0,0,0,0,0,0,0,4,0,0,.000,.000,.000,.000
Travis T Lee,NYY,7,19,1,2,1,0,0,2,1,3,0,0,.105,.150,.158,.308
Donnie D Murphy,KC,7,27,1,5,3,0,0,3,0,7,1,0,.185,.185,.296,.482
Ramon R Nivar C,TEX,7,18,3,4,0,0,0,4,0,7,1,1,.222,.211,.222,.433
Carlos C Rivera,PIT,7,15,1,3,0,0,0,1,1,3,0,0,.200,.250,.200,.450
Aaron A Small,FLA,7,2,0,0,0,0,0,0,0,2,0,0,.000,.000,.000,.000
Jason J Szuminski,SD,7,1,0,0,0,0,0,0,0,1,0,0,.000,.000,.000,.000
Carlos C Almanzar,TEX,6,0,0,0,0,0,0,0,0,0,0,0,.000,.000,.000,.000
Danny D Ardoin,TEX,6,8,1,1,0,0,0,1,3,2,0,0,.125,.364,.125,.489
Jesus J Colome,TB,6,1,0,0,0,0,0,0,0,1,0,0,.000,.000,.000,.000
Brian B Falkenborg,LA,6,2,1,0,0,0,0,0,1,2,0,0,.000,.333,.000,.333
Gavin G Floyd,PHI,6,10,0,0,0,0,0,0,0,5,0,0,.000,.000,.000,.000
Mike M Gosling,ARI,6,6,0,0,0,0,0,0,1,4,0,0,.000,.143,.000,.143
Adrian A Hernandez,MIL,6,4,0,0,0,0,0,0,0,3,0,0,.000,.000,.000,.000
Al A Levine,DET,6,0,0,0,0,0,0,0,0,0,0,0,.000,.000,.000,.000
Mickey M Lopez,SEA,6,4,1,1,0,0,0,0,1,0,0,0,.250,.500,.250,.750
Chad C Mottola L,BAL,6,14,2,2,1,0,1,3,2,3,0,0,.143,.250,.429,.679
John J Parrish,BAL,6,1,0,0,0,0,0,0,0,0,0,0,.000,.000,.000,.000
Brandon B Phillips,CLE,6,22,1,4,2,0,0,1,2,5,0,2,.182,.250,.273,.523
Paul P Quantrill,NYY,6,1,0,0,0,0,0,0,0,0,0,0,.000,.000,.000,.000
Elizardo E Ramirez,PHI,6,0,0,0,0,0,0,0,1,0,0,0,.000,1.000,.000,1.000
Brian B Shouse,TEX,6,0,0,0,0,0,0,0,0,0,0,0,.000,.000,.000,.000
Justin J Speier,TOR,6,1,0,0,0,0,0,0,0,1,0,0,.000,.000,.000,.000
Denny D Stark,COL,6,8,0,0,0,0,0,0,1,3,0,0,.000,.111,.000,.111
Brian B Sweeney,SD,6,4,0,0,0,0,0,0,0,2,0,0,.000,.000,.000,.000
Rich R Thompson,KC,6,1,1,0,0,0,0,0,0,0,1,0,.000,.000,.000,.000
John J Van Benschoten,PIT,6,8,2,1,0,0,1,2,1,3,0,0,.125,.222,.500,.722
Rick R White,CLE,6,0,0,0,0,0,0,0,0,0,0,0,.000,.000,.000,.000
Victor V Zambrano,NYM,6,11,1,2,1,0,0,1,0,2,0,0,.182,.182,.273,.454
Terry T Adams,TOR,5,0,0,0,0,0,0,0,0,0,0,0,.000,.000,.000,.000
Rick R Ankiel,STL,5,1,0,0,0,0,0,0,1,1,0,0,.000,.500,.000,.500
Danys D Baez,TB,5,0,0,0,0,0,0,0,0,0,0,0,.000,.000,.000,.000
Chad C Bradford,OAK,5,0,0,0,0,0,0,0,0,0,0,0,.000,.000,.000,.000
Adrian A Brown L,KC,5,11,0,3,0,0,0,0,0,2,0,0,.273,.273,.273,.546
Brian B Cooper,SF,5,3,0,0,0,0,0,0,0,1,0,0,.000,.000,.000,.000
Roy R Corcoran,MON,5,0,0,0,0,0,0,0,0,0,0,0,.000,.000,.000,.000
Vic V Darensbourg,NYM,5,0,0,0,0,0,0,0,0,0,0,0,.000,.000,.000,.000
Jorge J De La Rosa,MIL,5,6,0,0,0,0,0,0,0,6,0,0,.000,.000,.000,.000
Craig C Dingman,DET,5,0,0,0,0,0,0,0,0,0,0,0,.000,.000,.000,.000
Brendan B Donnelly,ANA,5,0,0,0,0,0,0,0,0,0,0,0,.000,.000,.000,.000
Travis T Driskill,COL,5,1,0,0,0,0,0,0,0,1,0,0,.000,.000,.000,.000
Alan A Embree,BOS,5,0,0,0,0,0,0,0,0,0,0,0,.000,.000,.000,.000
Felix F Escalona S,NYY,5,8,1,0,0,0,0,0,0,2,0,0,.000,.111,.000,.111
Frank F Francisco,TEX,5,0,0,0,0,0,0,0,0,0,0,0,.000,.000,.000,.000
Charles C Gipson S,TB,5,4,1,2,0,0,0,0,0,1,1,0,.500,.500,.500,1.000
Chris C Gissell,COL,5,1,0,0,0,0,0,0,0,0,0,0,.000,.000,.000,.000
Jonny J Gomes D,TB,5,14,0,1,0,0,0,1,1,6,0,0,.071,.133,.071,.205
Kevin K Gregg,ANA,5,0,0,0,0,0,0,0,0,0,0,0,.000,.000,.000,.000
Jason J Grimsley,BAL,5,0,0,0,0,0,0,0,0,0,0,0,.000,.000,.000,.000
Buddy B Groom,BAL,5,0,0,0,0,0,0,0,0,0,0,0,.000,.000,.000,.000
Jimmy J Haynes,CIN,5,4,0,0,0,0,0,0,0,4,0,0,.000,.000,.000,.000
Aaron A Heilman,NYM,5,7,0,0,0,0,0,0,0,3,0,0,.000,.000,.000,.000
Felix F Heredia,NYY,5,0,0,0,0,0,0,0,0,0,0,0,.000,.000,.000,.000
J. R. J House,PIT,5,9,1,1,1,0,0,0,0,2,0,0,.111,.111,.222,.333
Logan L Kensing,FLA,5,2,0,0,0,0,0,0,0,1,0,0,.000,.000,.000,.000
Mike M Myers,SEA,5,0,0,0,0,0,0,0,0,0,0,0,.000,.000,.000,.000
Aaron A Myette,CIN,5,0,0,0,0,0,0,0,0,0,0,0,.000,.000,.000,.000
Dioner D Navarro,NYY,5,7,2,3,0,0,0,1,0,0,0,0,.429,.429,.429,.857
Andy A Phillips,NYY,5,8,1,2,0,0,1,2,0,1,0,0,.250,.250,.625,.875
B. J. B Ryan,BAL,5,0,0,0,0,0,0,0,0,0,0,0,.000,.000,.000,.000
Jamie J Walker,DET,5,0,0,0,0,0,0,0,0,0,0,0,.000,.000,.000,.000
Kevin K Walker,SF,5,0,0,0,0,0,0,0,0,0,0,0,.000,.000,.000,.000
Grant G Balfour,MIN,4,0,0,0,0,0,0,0,0,0,0,0,.000,.000,.000,.000
Doug D Brocail,TEX,4,0,0,0,0,0,0,0,0,0,0,0,.000,.000,.000,.000
Vinnie V Chulk,TOR,4,0,0,0,0,0,0,0,0,0,0,0,.000,.000,.000,.000
Steve S Colyer,DET,4,0,0,0,0,0,0,0,0,0,0,0,.000,.000,.000,.000
Francisco F Cordero,TEX,4,0,0,0,0,0,0,0,0,0,0,0,.000,.000,.000,.000
Jim J Crowell,PHI,4,0,0,0,0,0,0,0,0,0,0,0,.000,.000,.000,.000
Matt M Erickson,MIL,4,6,0,1,0,0,0,0,0,1,0,0,.167,.167,.167,.333
Nate N Field,KC,4,0,0,0,0,0,0,0,0,0,0,0,.000,.000,.000,.000
Jason J Frasor,TOR,4,0,0,0,0,0,0,0,0,0,0,0,.000,.000,.000,.000
Aaron A Fultz,MIN,4,0,0,0,0,0,0,0,0,0,0,0,.000,.000,.000,.000
Gary G Glover,MIL,4,7,0,0,0,0,0,0,0,4,0,0,.000,.000,.000,.000
Tom T Gordon,NYY,4,1,0,0,0,0,0,0,0,0,0,0,.000,.000,.000,.000
Eddie E Guardado,SEA,4,1,0,0,0,0,0,0,0,0,0,0,.000,.000,.000,.000
Shigetoshi S Hasegawa,SEA,4,0,0,0,0,0,0,0,0,0,0,0,.000,.000,.000,.000
Matt M Hensley,ANA,4,1,0,0,0,0,0,0,0,1,0,0,.000,.000,.000,.000
Chad C Hermansen L,TOR,4,7,0,0,0,0,0,0,0,3,0,0,.000,.000,.000,.000
A. J. A Hinch,PHI,4,11,1,2,1,0,0,0,0,4,0,0,.182,.182,.273,.454
Sterling S Hitchcock,SD,4,7,0,0,0,0,0,0,0,4,0,0,.000,.000,.000,.000
Jorge J Julio,BAL,4,0,0,0,0,0,0,0,0,0,0,0,.000,.000,.000,.000
Marc M Kroon,COL,4,0,0,0,0,0,0,0,0,0,0,0,.000,.000,.000,.000
Ron R Mahay,TEX,4,1,0,0,0,0,0,0,0,0,0,0,.000,.000,.000,.000
Damaso D Marte,CWS,4,0,0,0,0,0,0,0,0,0,0,0,.000,.000,.000,.000
Sandy S Martinez,BOS,4,6,0,0,0,0,0,0,0,3,0,0,.000,.000,.000,.000
Julio J Mateo,SEA,4,0,0,0,0,0,0,0,0,0,0,0,.000,.000,.000,.000
Jim J Mecir,OAK,4,0,0,0,0,0,0,0,0,0,0,0,.000,.000,.000,.000
Terry T Mulholland,MIN,4,2,0,0,0,0,0,0,0,0,0,0,.000,.000,.000,.000
Joe J Nathan,MIN,4,1,0,0,0,0,0,0,0,0,0,0,.000,.000,.000,.000
Danny D Patterson,DET,4,0,0,0,0,0,0,0,0,0,0,0,.000,.000,.000,.000
Travis T Phelps,MIL,4,1,0,0,0,0,0,0,0,1,0,0,.000,.000,.000,.000
Paul P Phillips,KC,4,5,2,1,0,0,0,0,0,1,0,0,.200,.333,.200,.533
Cliff C Politte,CWS,4,0,0,0,0,0,0,0,0,0,0,0,.000,.000,.000,.000
Andy A Pratt,CHC,4,0,0,0,0,0,0,0,0,0,0,0,.000,.000,.000,.000
Bret B Prinz,NYY,4,0,0,0,0,0,0,0,0,0,0,0,.000,.000,.000,.000
Ricardo R Rincon,OAK,4,0,0,0,0,0,0,0,0,0,0,0,.000,.000,.000,.000
David D Riske,CLE,4,0,0,0,0,0,0,0,0,0,0,0,.000,.000,.000,.000
Grant G Roberts,NYM,4,0,0,0,0,0,0,0,0,0,0,0,.000,.000,.000,.000
Scott S Sullivan,KC,4,0,0,0,0,0,0,0,0,0,0,0,.000,.000,.000,.000
Mike M Timlin,BOS,4,0,0,0,0,0,0,0,0,0,0,0,.000,.000,.000,.000
Jon J Adkins,CWS,3,0,0,0,0,0,0,0,0,0,0,0,.000,.000,.000,.000
Bronson B Arroyo,BOS,3,6,0,0,0,0,0,0,0,5,0,0,.000,.000,.000,.000
Rafael R Betancourt,CLE,3,0,0,0,0,0,0,0,0,0,0,0,.000,.000,.000,.000
Jeremy J Bonderman,DET,3,7,0,0,0,0,0,0,0,4,0,0,.000,.000,.000,.000
Daniel D Cabrera,BAL,3,4,0,0,0,0,0,0,0,4,0,0,.000,.000,.000,.000
Jose J Capellan,ATL,3,2,0,0,0,0,0,0,0,1,0,0,.000,.000,.000,.000
Jaime J Cerda,KC,3,0,0,0,0,0,0,0,0,0,0,0,.000,.000,.000,.000
Bartolo B Colon,ANA,3,3,0,0,0,0,0,0,0,1,0,0,.000,.000,.000,.000
Jose J Contreras,NYY,3,8,0,0,0,0,0,0,0,5,0,0,.000,.000,.000,.000
Neal N Cotts,CWS,3,1,0,1,1,0,0,0,0,0,0,0,1.000,1.000,2.000,3.000
Lenny L Di Nardo,BOS,3,0,0,0,0,0,0,0,0,0,0,0,.000,.000,.000,.000
Bob B File,TOR,3,1,0,0,0,0,0,0,0,1,0,0,.000,.000,.000,.000
Keith K Foulke,BOS,3,0,0,0,0,0,0,0,0,0,0,0,.000,.000,.000,.000
Chad C Gaudin,TB,3,1,0,0,0,0,0,0,0,0,0,0,.000,.000,.000,.000
Franklyn F German,DET,3,1,0,0,0,0,0,0,0,1,0,0,.000,.000,.000,.000
Shawn S Hill,MON,3,2,0,0,0,0,0,0,0,2,0,0,.000,.000,.000,.000
Michael M Jackson,CWS,3,0,0,0,0,0,0,0,0,0,0,0,.000,.000,.000,.000
Masao M Kida,LA,3,0,0,0,0,0,0,0,0,0,0,0,.000,.000,.000,.000
Ted T Lilly,TOR,3,3,0,0,0,0,0,0,0,2,0,0,.000,.000,.000,.000
Marty M Mc Leary,SD,3,0,0,0,0,0,0,0,0,0,0,0,.000,.000,.000,.000
Matt M Miller,CLE,3,0,0,0,0,0,0,0,0,0,0,0,.000,.000,.000,.000
Josh J Pearce,STL,3,0,0,0,0,0,0,0,0,0,0,0,.000,.000,.000,.000
Troy T Percival,ANA,3,0,0,0,0,0,0,0,0,0,0,0,.000,.000,.000,.000
J. J Putz,SEA,3,0,0,0,0,0,0,0,0,0,0,0,.000,.000,.000,.000
Dennys D Reyes,KC,3,6,0,0,0,0,0,0,0,3,0,0,.000,.000,.000,.000
Juan J Rincon,MIN,3,1,0,0,0,0,0,0,0,1,0,0,.000,.000,.000,.000
Joe J Roa,MIN,3,0,0,0,0,0,0,0,0,0,0,0,.000,.000,.000,.000
Eddy E Rodriguez,BAL,3,1,0,0,0,0,0,0,0,1,0,0,.000,.000,.000,.000
Francisco F Rodríguez Rodriguez,ANA,3,0,0,0,0,0,0,0,0,0,0,0,.000,.000,.000,.000
Jesus J Sanchez,CIN,3,4,0,0,0,0,0,0,0,3,0,0,.000,.000,.000,.000
Scot S Shields,ANA,3,1,0,0,0,0,0,0,0,1,0,0,.000,.000,.000,.000
Ian I Snell,PIT,3,2,0,0,0,0,0,0,0,2,0,0,.000,.000,.000,.000
Jorge J Sosa,TB,3,0,0,0,0,0,0,0,0,0,0,0,.000,.000,.000,.000
Tanyon T Sturtze,NYY,3,3,0,0,0,0,0,0,0,1,0,0,.000,.000,.000,.000
Shingo S Takatsu,CWS,3,0,0,0,0,0,0,0,0,0,0,0,.000,.000,.000,.000
Andres A Torres,DET,3,0,1,0,0,0,0,0,0,0,1,0,.000,.000,.000,.000
Derrick D Turnbow,ANA,3,1,0,0,0,0,0,0,0,0,0,0,.000,.000,.000,.000
Ugueth U Urbina,DET,3,0,0,0,0,0,0,0,0,0,0,0,.000,.000,.000,.000
Ron R Villone,SEA,3,0,0,0,0,0,0,0,0,0,0,0,.000,.000,.000,.000
Jarrod J Washburn,ANA,3,5,0,2,0,0,0,1,0,0,0,0,.400,.400,.400,.800
Scott S Williamson,BOS,3,0,0,0,0,0,0,0,0,0,0,0,.000,.000,.000,.000
Esteban E Yan,DET,3,0,0,0,0,0,0,0,0,0,0,0,.000,.000,.000,.000
Ernie E Young,CLE,3,4,0,2,0,0,0,0,1,2,0,0,.500,.600,.500,1.100
Jeremy J Affeldt,KC,2,0,0,0,0,0,0,0,0,0,0,0,.000,.000,.000,.000
Brian B Anderson,KC,2,1,0,0,0,0,0,0,0,0,0,0,.000,.000,.000,.000
Andy A Ashby,SD,2,0,0,0,0,0,0,0,0,0,0,0,.000,.000,.000,.000
James J Baldwin,NYM,2,2,0,0,0,0,0,0,0,1,0,0,.000,.000,.000,.000
Cliff C Bartosh,CLE,2,0,0,0,0,0,0,0,0,0,0,0,.000,.000,.000,.000
Miguel M Batista,TOR,2,5,0,0,0,0,0,0,0,3,0,0,.000,.000,.000,.000
Erik E Bedard,BAL,2,4,0,0,0,0,0,0,1,3,0,0,.000,.200,.000,.200
Rob R Bell,TB,2,5,1,1,1,0,0,0,0,2,0,0,.200,.200,.400,.600
Rigo R Beltran,MON,2,0,0,0,0,0,0,0,0,0,0,0,.000,.000,.000,.000
Joaquin J Benoit,TEX,2,6,1,0,0,0,0,0,0,4,0,0,.000,.000,.000,.000
Jung Keun J Bong,CIN,2,4,0,0,0,0,0,0,0,3,0,0,.000,.000,.000,.000
Mark M Buehrle,CWS,2,3,0,0,0,0,0,0,0,2,0,0,.000,.000,.000,.000
Mike M Bynum,SD,2,0,0,0,0,0,0,0,0,0,0,0,.000,.000,.000,.000
Lance L Carter,TB,2,0,0,0,0,0,0,0,0,0,0,0,.000,.000,.000,.000
Jason J Davis,CLE,2,5,1,1,0,0,1,1,0,2,0,0,.200,.200,.800,1.000
Ryan R Drese,TEX,2,4,1,2,1,0,0,0,0,2,0,0,.500,.500,.750,1.250
Justin J Duchscherer,OAK,2,0,0,0,0,0,0,0,0,0,0,0,.000,.000,.000,.000
Scott S Erickson,NYM,2,3,0,0,0,0,0,0,0,2,0,0,.000,.000,.000,.000
Leo L Estrella,SF,2,0,0,0,0,0,0,0,0,0,0,0,.000,.000,.000,.000
Jared J Fernandez,HOU,2,0,0,0,0,0,0,0,0,0,0,0,.000,.000,.000,.000
Ryan R Franklin,SEA,2,3,0,0,0,0,0,0,1,2,0,0,.000,.250,.000,.250
Freddy F Garcia,SEA,2,4,0,0,0,0,0,0,0,3,0,0,.000,.000,.000,.000
Jon J Garland,CWS,2,4,0,1,0,0,0,0,0,0,0,0,.250,.250,.250,.500
John J Halama,TB,2,3,0,0,0,0,0,0,0,1,0,0,.000,.000,.000,.000
Roy R Halladay,TOR,2,6,0,0,0,0,0,0,0,3,0,0,.000,.000,.000,.000
Rich R Harden,OAK,2,5,0,0,0,0,0,0,0,3,0,0,.000,.000,.000,.000
Travis T Harper,TB,2,0,0,0,0,0,0,0,0,0,0,0,.000,.000,.000,.000
Mark M Hendrickson,TB,2,5,0,1,0,0,0,0,1,4,0,0,.200,.333,.200,.533
Pat P Hentgen,TOR,2,1,0,0,0,0,0,0,0,0,0,0,.000,.000,.000,.000
Jose J Jimenez,CLE,2,0,0,0,0,0,0,0,0,0,0,0,.000,.000,.000,.000
Gary G Knotts,DET,2,3,2,1,0,0,0,0,1,1,0,0,.333,.500,.333,.833
John J Lackey,ANA,2,2,0,0,0,0,0,0,0,1,0,0,.000,.000,.000,.000
Kerry K Ligtenberg,TOR,2,0,0,0,0,0,0,0,0,0,0,0,.000,.000,.000,.000
Esteban E Loaiza,CWS,2,5,0,0,0,0,0,0,0,2,0,0,.000,.000,.000,.000
Kyle K Lohse,MIN,2,3,0,0,0,0,0,0,0,3,0,0,.000,.000,.000,.000
Derek D Lowe,BOS,2,4,0,1,1,0,0,1,0,1,0,0,.250,.250,.500,.750
Mike M Maroth,DET,2,4,0,0,0,0,0,1,0,3,0,0,.000,.000,.000,.000
Anastacio A Martinez,BOS,2,0,0,0,0,0,0,0,0,0,0,0,.000,.000,.000,.000
Darrell D May,KC,2,4,0,0,0,0,0,0,0,1,0,0,.000,.000,.000,.000
Dan D Meyer,ATL,2,0,0,0,0,0,0,0,0,0,0,0,.000,.000,.000,.000
Jamie J Moyer,SEA,2,2,0,1,0,0,0,2,0,1,0,0,.500,.500,.500,1.000
Mark M Mulder,OAK,2,4,2,0,0,0,0,0,1,3,0,0,.000,.333,.000,.333
Joel J Pineiro,SEA,2,5,0,1,1,0,0,0,0,1,0,0,.200,.200,.400,.600
Sidney S Ponson,BAL,2,5,0,0,0,0,0,0,0,4,0,0,.000,.000,.000,.000
Mark M Redman,OAK,2,5,0,0,0,0,0,0,0,3,0,0,.000,.000,.000,.000
Arthur A Rhodes,OAK,2,0,0,0,0,0,0,0,0,0,0,0,.000,.000,.000,.000
Matt M Riley,BAL,2,2,0,0,0,0,0,0,0,2,0,0,.000,.000,.000,.000
Mariano M Rivera,NYY,2,0,0,0,0,0,0,0,0,0,0,0,.000,.000,.000,.000
Rene R Rivera,SEA,2,3,0,0,0,0,0,0,0,1,0,0,.000,.000,.000,.000
Jeriome J Robertson,CLE,2,0,0,0,0,0,0,0,0,0,0,0,.000,.000,.000,.000
Kenny K Rogers,TEX,2,5,1,0,0,0,0,0,0,3,0,0,.000,.000,.000,.000
Mike M Rose,OAK,2,2,1,0,0,0,0,0,0,2,0,0,.000,.000,.000,.000
Johan J Santana,MIN,2,8,0,3,0,0,0,2,0,1,0,0,.375,.375,.375,.750
Curt C Schilling,BOS,2,7,0,1,0,0,0,0,0,2,0,0,.143,.143,.143,.286
Carlos C Silva,MIN,2,3,0,0,0,0,0,0,0,1,0,0,.000,.000,.000,.000
Kazuhito K Tadano,CLE,2,3,1,1,0,0,0,0,0,1,0,0,.333,.333,.333,.667
Mike M Tonis,KC,2,6,0,0,0,0,0,0,1,0,0,0,.000,.143,.000,.143
Merkin M Valdez,SF,2,0,0,0,0,0,0,0,0,0,0,0,.000,.000,.000,.000
Javier J Vazquez,NYY,2,4,1,1,1,0,0,0,0,0,0,0,.250,.250,.500,.750
Jake J Westbrook,CLE,2,3,0,0,0,0,0,0,0,2,0,0,.000,.000,.000,.000
Jason J Young,COL,2,2,0,0,0,0,0,1,0,0,0,0,.000,.000,.000,.000
Barry B Zito,OAK,2,4,0,0,0,0,0,0,0,3,0,0,.000,.000,.000,.000
Rick R Bauer,BAL,1,0,0,0,0,0,0,0,0,0,0,0,.000,.000,.000,.000
Nick N Bierbrodt,TEX,1,2,0,0,0,0,0,0,0,2,0,0,.000,.000,.000,.000
Dewon D Brazelton,TB,1,1,0,0,0,0,0,0,0,0,0,0,.000,.000,.000,.000
Dave D Bush,TOR,1,2,0,0,0,0,0,0,0,0,0,0,.000,.000,.000,.000
Shawn S Camp,KC,1,0,0,0,0,0,0,0,0,0,0,0,.000,.000,.000,.000
Jack J Cust,BAL,1,1,0,0,0,0,0,0,0,1,0,0,.000,.000,.000,.000
Felix F Diaz,CWS,1,1,0,0,0,0,0,0,0,0,0,0,.000,.000,.000,.000
R. A. R Dickey,TEX,1,0,0,0,0,0,0,0,0,0,0,0,.000,.000,.000,.000
Eric E Du Bose,BAL,1,2,0,0,0,0,0,0,0,2,0,0,.000,.000,.000,.000
Kelvim K Escobar,ANA,1,2,0,0,0,0,0,0,0,0,0,0,.000,.000,.000,.000
Jesse J Foppert,SF,1,0,0,0,0,0,0,0,0,0,0,0,.000,.000,.000,.000
Chris C George,KC,1,2,0,0,0,0,0,0,1,0,0,0,.000,.333,.000,.333
Jimmy J Gobble,KC,1,2,0,0,0,0,0,0,0,1,0,0,.000,.000,.000,.000
Zack Z Greinke,KC,1,2,0,0,0,0,0,0,0,1,0,0,.000,.000,.000,.000
Jeremy J Griffiths,HOU,1,1,0,0,0,0,0,0,1,1,0,0,.000,.500,.000,.500
Matt M Guerrier,MIN,1,1,0,0,0,0,0,0,0,1,0,0,.000,.000,.000,.000
Brad B Halsey,NYY,1,2,0,1,0,0,0,0,0,1,0,0,.500,.500,.500,1.000
Corey C Hart,MIL,1,1,0,0,0,0,0,0,0,1,0,0,.000,.000,.000,.000
Joe J Hietpas,NYM,1,0,0,0,0,0,0,0,0,0,0,0,.000,.000,.000,.000
Bob B Howry,CLE,1,0,0,0,0,0,0,0,0,0,0,0,.000,.000,.000,.000
Tim T Hudson,OAK,1,3,0,0,0,0,0,0,0,1,0,0,.000,.000,.000,.000
Justin J Huisman,KC,1,0,0,0,0,0,0,0,0,0,0,0,.000,.000,.000,.000
Kevin K Jarvis,COL,1,0,0,0,0,0,0,0,0,0,0,0,.000,.000,.000,.000
Jason J Johnson,DET,1,3,0,0,0,0,0,0,0,2,0,0,.000,.000,.000,.000
Steve S Karsay,NYY,1,0,0,0,0,0,0,0,0,0,0,0,.000,.000,.000,.000
Jason J Kershner,TOR,1,0,0,0,0,0,0,0,0,0,0,0,.000,.000,.000,.000
Justin J Knoedler,SF,1,1,0,0,0,0,0,0,0,0,0,0,.000,.000,.000,.000
Cliff C Lee,CLE,1,3,0,1,0,0,0,0,0,0,0,0,.333,.333,.333,.667
Justin J Lehr,OAK,1,0,0,0,0,0,0,0,0,0,0,0,.000,.000,.000,.000
Curt C Leskanic,BOS,1,0,0,0,0,0,0,0,0,0,0,0,.000,.000,.000,.000
Jon J Lieber,NYY,1,3,0,1,0,0,0,0,0,0,0,0,.333,.333,.333,.667
Rodrigo R Lopez,BAL,1,0,0,0,0,0,0,0,0,0,0,0,.000,.000,.000,.000
Mark M Malaska,BOS,1,0,0,0,0,0,0,0,0,0,0,0,.000,.000,.000,.000
Pedro P Martinez,BOS,1,2,0,0,0,0,0,0,0,1,0,0,.000,.000,.000,.000
Trever T Miller,TB,1,0,0,0,0,0,0,0,0,0,0,0,.000,.000,.000,.000
Arnie A Munoz,CWS,1,1,0,0,0,0,0,0,0,0,0,0,.000,.000,.000,.000
Mike M Mussina,NYY,1,1,0,0,0,0,0,0,0,0,0,0,.000,.000,.000,.000
Rodney R Myers,LA,1,0,0,0,0,0,0,0,0,0,0,0,.000,.000,.000,.000
Clint C Nageotte,SEA,1,2,0,0,0,0,0,0,0,2,0,0,.000,.000,.000,.000
Ramon R Ortiz,ANA,1,3,0,0,0,0,0,0,0,0,0,0,.000,.000,.000,.000
Brad B Radke,MIN,1,2,0,0,0,0,0,0,0,1,0,0,.000,.000,.000,.000
Erasmo E Ramirez,TEX,1,0,0,0,0,0,0,0,0,0,0,0,.000,.000,.000,.000
Shane S Reynolds,ARI,1,0,0,0,0,0,0,0,0,0,0,0,.000,.000,.000,.000
Nate N Robertson,DET,1,3,0,0,0,0,0,0,0,1,0,0,.000,.000,.000,.000
Ricardo R Rodriguez,TEX,1,2,0,0,0,0,0,0,0,2,0,0,.000,.000,.000,.000
J. C. J Romero,MIN,1,0,0,0,0,0,0,0,0,0,0,0,.000,.000,.000,.000
C Sabathia,CLE,1,4,0,1,0,0,0,0,0,2,0,0,.250,.250,.250,.500
Chris C Saenz,MIL,1,2,0,0,0,0,0,0,0,1,0,0,.000,.000,.000,.000
Scott S Schoeneweis,CWS,1,2,0,1,1,0,0,0,0,0,0,0,.500,.500,1.000,1.500
Aaron A Sele,ANA,1,1,0,0,0,0,0,0,0,1,0,0,.000,.000,.000,.000
Esix E Snead L,NYM,1,0,1,0,0,0,0,0,0,0,0,0,.000,.000,.000,.000
Earl E Snyder,BOS,1,4,0,1,0,0,0,0,0,1,0,0,.250,.250,.250,.500
Aaron A Taylor,SEA,1,0,0,0,0,0,0,0,0,0,0,0,.000,.000,.000,.000
Michael M Tejera,FLA,1,0,0,0,0,0,0,0,0,0,0,0,.000,.000,.000,.000
Matt M Thornton,SEA,1,0,0,0,0,0,0,0,0,0,0,0,.000,.000,.000,.000
Josh J Towers,TOR,1,1,0,0,0,0,0,0,0,0,0,0,.000,.000,.000,.000
Chris C Tremie,HOU,1,0,0,0,0,0,0,0,0,0,0,0,.000,.000,.000,.000
Tim T Wakefield,BOS,1,2,0,0,0,0,0,0,0,1,0,0,.000,.000,.000,.000
John J Wasdin,TEX,1,3,0,0,0,0,0,0,0,3,0,0,.000,.000,.000,.000
Mike M Wood,KC,1,2,0,0,0,0,0,0,0,1,0,0,.000,.000,.000,.000
