PLAYER,TEAM,AB,R,H,2B,3B,HR,RBI,BB,SO,SB,CS,AVG,OBP,SLG,OPS
Prince P Fielder,MIL,162,569,95,170,36,1,38,120,107,106,1,1,.299,.415,.566,.981
Miguel M Cabrera,DET,161,572,111,197,48,0,30,105,108,89,2,1,.344,.448,.586,1.033
Matt M Kemp C,LAD,161,602,115,195,33,4,39,126,74,159,40,11,.324,.399,.586,.986
Ichiro I Suzuki R,SEA,161,677,80,184,22,3,5,47,39,69,40,7,.272,.310,.335,.645
Dan D Uggla,ATL,161,600,88,140,22,1,36,82,62,156,1,3,.233,.311,.453,.764
Joey J Votto,CIN,161,599,101,185,40,3,29,103,110,129,8,6,.309,.416,.531,.947
Nick N Markakis R,BAL,160,641,72,182,31,1,15,73,62,75,12,3,.284,.351,.406,.756
Billy B Butler D,KC,159,597,74,174,44,0,19,95,66,95,2,1,.291,.361,.461,.822
Robinson R Canó,NYY,159,623,104,188,46,7,28,118,38,96,8,2,.302,.349,.533,.882
Brett B Gardner L,NYY,159,510,87,132,19,8,7,36,60,93,49,13,.259,.345,.369,.714
Adrian A González,BOS,159,630,108,213,45,3,27,117,74,119,1,0,.338,.410,.548,.957
Jon J Jay C,STL,159,455,56,135,24,2,10,37,28,81,6,7,.297,.344,.424,.768
Dustin D Pedroia,BOS,159,635,102,195,37,3,21,91,86,85,26,8,.307,.387,.474,.861
Gaby G Sanchez,FLA,159,572,72,152,35,0,19,78,74,97,3,1,.266,.352,.427,.779
Justin J Upton R,ARI,159,592,105,171,39,5,31,88,59,126,21,9,.289,.369,.529,.898
Neil N Walker,PIT,159,596,76,163,36,4,12,83,54,112,9,6,.273,.334,.408,.742
Michael M Young D,TEX,159,631,88,213,41,6,11,106,47,78,6,2,.338,.380,.474,.854
Michael M Bourn C,ATL,158,656,94,193,34,10,2,50,53,140,61,14,.294,.349,.386,.734
Starlin S Castro,CHC,158,674,91,207,36,9,10,66,35,96,22,9,.307,.341,.432,.773
Jacoby J Ellsbury C,BOS,158,660,119,212,46,5,32,105,52,98,39,15,.321,.376,.552,.928
Alcides A Escobar S,KC,158,548,69,139,21,8,4,46,25,73,26,9,.254,.290,.343,.633
Danny D Espinosa,WSH,158,573,72,135,29,5,21,66,57,166,17,6,.236,.323,.414,.737
James J Loney,LAD,158,531,56,153,30,1,12,65,42,67,4,0,.288,.339,.416,.755
Andrew A Mc Cutchen C,PIT,158,572,87,148,34,5,23,89,89,126,23,10,.259,.364,.456,.820
Juan J Pierre L,CWS,158,639,80,178,17,4,2,50,43,41,27,17,.279,.329,.327,.657
Alexei A Ramirez S,CWS,158,614,81,165,31,2,15,70,51,84,7,5,.269,.328,.399,.727
Drew D Stubbs C,CIN,158,604,92,147,22,3,15,44,63,205,40,10,.243,.321,.364,.686
Jay J Bruce R,CIN,157,585,84,150,27,2,32,97,71,158,8,7,.256,.341,.474,.814
Freddie F Freeman,ATL,157,571,67,161,32,0,21,76,53,142,4,4,.282,.346,.448,.795
Curtis C Granderson,NYY,156,583,136,153,26,10,41,119,85,169,25,10,.262,.364,.552,.916
Torii T Hunter R,LAA,156,580,80,152,24,2,23,82,62,125,5,7,.262,.336,.429,.765
Mark M Teixeira,NYY,156,589,90,146,26,1,39,111,76,110,4,1,.248,.341,.494,.835
Chris C Young,ARI,156,567,89,134,38,3,20,71,80,139,22,9,.236,.331,.420,.751
Ben B Zobrist,TB,156,588,99,158,46,6,20,91,77,128,19,6,.269,.353,.469,.822
Melky M Cabrera C,KC,155,658,102,201,44,5,18,87,35,94,20,10,.305,.339,.470,.809
Ian I Kinsler,TEX,155,620,121,158,34,4,32,77,89,71,30,4,.255,.355,.477,.832
Carlos C Lee,HOU,155,585,66,161,38,4,18,94,59,60,4,3,.275,.342,.446,.788
Casey C Mc Gehee,MIL,155,546,46,122,24,2,13,67,45,104,0,3,.223,.280,.346,.626
Mark M Reynolds,BAL,155,534,84,118,27,1,37,86,75,196,6,4,.221,.323,.483,.806
Carlos C Santana,CLE,155,552,84,132,35,2,27,79,97,133,5,3,.239,.351,.457,.808
Ian I Desmond S,WSH,154,584,65,148,27,5,8,49,35,139,25,10,.253,.298,.358,.656
Hunter H Pence R,PHI,154,606,84,190,38,5,22,97,56,124,8,2,.314,.370,.502,.871
Danny D Valencia,MIN,154,564,63,139,28,2,15,72,40,102,2,6,.246,.294,.383,.677
Jeff J Francoeur R,KC,153,601,77,171,47,4,20,87,37,123,22,10,.285,.329,.476,.805
Austin A Jackson C,DET,153,591,90,147,22,11,10,45,56,181,22,5,.249,.317,.374,.690
Carlos C Pena,CHC,153,493,72,111,27,3,28,80,101,161,2,2,.225,.357,.462,.820
B. J. B Upton C,TB,153,560,82,136,27,4,23,81,71,161,36,12,.243,.331,.429,.759
Yuniesky Y Betancourt S,MIL,152,556,51,140,27,3,13,68,16,63,4,4,.252,.271,.381,.652
Emilio E Bonifácio Bonifacio S,FLA,152,565,78,167,26,7,5,36,59,129,40,11,.296,.360,.393,.753
Ryan R Howard,PHI,152,557,81,141,30,1,33,116,75,172,1,0,.253,.346,.488,.835
Asdrubal A Cabrera S,CLE,151,604,87,165,32,3,25,92,44,119,17,5,.273,.332,.460,.792
Alex A Gordon L,KC,151,611,101,185,45,4,23,87,67,139,17,8,.303,.376,.502,.879
Adam A Jones C,BAL,151,567,68,159,26,2,25,83,29,113,12,4,.280,.319,.466,.785
Elvis E Andrus S,TEX,150,587,96,164,27,3,5,60,56,74,37,12,.279,.347,.361,.708
Gordon G Beckham,CWS,150,499,60,115,23,0,10,44,35,111,5,3,.230,.296,.337,.633
Ryan R Braun L,MIL,150,563,109,187,38,6,33,111,58,93,33,6,.332,.397,.597,.994
Johnny J Damon D,TB,150,582,79,152,29,7,16,73,51,92,19,6,.261,.326,.418,.743
Aubrey A Huff,SF,150,521,45,128,27,1,12,59,47,90,5,3,.246,.306,.370,.676
Brandon B Phillips,CIN,150,610,94,183,38,2,18,82,44,85,14,9,.300,.353,.457,.810
Giancarlo G Stanton R,FLA,150,516,79,135,30,5,34,87,70,166,5,5,.262,.356,.537,.893
Nick N Swisher R,NYY,150,526,81,137,30,0,23,85,95,125,2,2,.260,.374,.449,.822
Jayson J Werth R,WSH,150,561,69,130,26,1,20,58,74,160,19,3,.232,.330,.389,.718
Jose J Bautista R,TOR,149,513,105,155,24,2,43,103,132,111,9,5,.302,.447,.608,1.056
Alex A Gonzalez S,ATL,149,564,59,136,27,1,15,56,22,126,2,0,.241,.270,.372,.642
Paul P Konerko,CWS,149,543,69,163,25,0,31,105,77,89,1,1,.300,.388,.517,.906
Aramis A Ramirez,CHC,149,565,80,173,35,1,26,93,43,69,1,1,.306,.361,.510,.871
Mark M Trumbo,LAA,149,539,65,137,31,1,29,87,25,120,9,4,.254,.291,.477,.768
Daniel D Descalso,STL,148,326,35,86,20,3,1,28,33,65,2,2,.264,.334,.353,.687
Omar O Infante,FLA,148,579,55,160,24,8,7,49,34,67,4,2,.276,.315,.382,.696
Garrett G Jones R,PIT,148,423,51,103,30,1,16,58,48,104,6,3,.243,.321,.433,.753
Cliff C Pennington S,OAK,148,515,57,136,26,2,8,58,42,104,14,9,.264,.319,.369,.687
Peter P Bourjos C,LAA,147,502,72,136,26,11,12,43,32,124,22,9,.271,.327,.438,.765
Kelly K Johnson,TOR,147,545,75,121,27,7,21,58,60,163,16,6,.222,.304,.413,.717
Albert A Pujols,STL,147,579,105,173,29,0,37,99,61,58,9,1,.299,.366,.541,.906
Seth S Smith R,COL,147,476,67,135,32,9,15,59,46,93,10,2,.284,.347,.483,.830
Jamey J Carroll,LAD,146,452,52,131,14,6,0,17,47,58,10,0,.290,.359,.347,.706
Kosuke K Fukudome R,CLE,146,530,59,139,27,3,8,35,61,110,4,6,.262,.342,.370,.712
Casey C Kotchman,TB,146,500,44,153,24,2,10,48,48,66,2,2,.306,.378,.422,.800
Michael M Morse,WSH,146,522,73,158,36,0,31,95,36,126,2,3,.303,.360,.550,.910
David D Ortiz,BOS,146,525,84,162,40,1,29,96,78,83,1,1,.309,.398,.554,.953
Jhonny J Peralta S,DET,146,525,68,157,25,3,21,86,40,95,0,2,.299,.345,.478,.824
Lance L Berkman R,STL,145,488,90,147,23,2,31,94,92,93,2,6,.301,.412,.547,.959
Vladimir V Guerrero D,BAL,145,562,60,163,30,1,13,63,17,56,2,2,.290,.317,.416,.733
Victor V Martinez D,DET,145,540,76,178,40,0,12,103,46,51,1,0,.330,.380,.470,.850
Alex A Rios C,CWS,145,537,64,122,22,2,13,44,27,68,11,6,.227,.265,.348,.613
Raul R Ibanez L,PHI,144,535,65,131,31,1,20,84,33,106,2,0,.245,.289,.419,.707
Erick E Aybar S,LAA,143,556,71,155,33,8,10,59,31,68,30,6,.279,.322,.421,.743
Darwin D Barney,CHC,143,529,66,146,23,6,2,43,22,67,9,2,.276,.313,.353,.666
Ryan R Roberts,ARI,143,482,86,120,25,2,19,65,66,98,18,9,.249,.341,.427,.768
Troy T Tulowitzki S,COL,143,537,81,162,36,2,30,105,59,79,9,3,.302,.372,.544,.916
Bobby B Abreu D,LAA,142,502,54,127,30,1,8,60,78,113,21,5,.253,.353,.365,.717
Carlos C Beltrán Beltran R,SF,142,520,78,156,39,6,22,84,71,88,4,2,.300,.385,.525,.910
Jimmy J Rollins S,PHI,142,567,87,152,22,2,16,63,58,59,30,8,.268,.338,.399,.736
Alex A Avila,DET,141,464,63,137,33,4,19,82,73,131,3,1,.295,.389,.506,.895
Alberto A Callaspo,LAA,141,475,54,137,23,0,6,46,58,48,8,1,.288,.366,.375,.740
Matt M Joyce R,TB,141,462,69,128,32,2,19,75,49,106,13,1,.277,.347,.478,.825
Hideki H Matsui D,OAK,141,517,58,130,28,0,12,72,56,84,1,1,.251,.321,.375,.696
Gerardo G Parra L,ARI,141,445,55,130,20,8,8,46,43,82,15,1,.292,.357,.427,.784
John J Buck,FLA,140,466,41,106,15,1,16,57,54,115,0,1,.227,.316,.367,.683
Howie H Kendrick,LAA,140,537,86,153,30,6,18,63,33,119,14,6,.285,.338,.464,.802
Miguel M Montero,ARI,140,493,65,139,36,1,18,86,47,97,1,1,.282,.351,.469,.820
Robert R Andino,BAL,139,457,63,120,22,0,5,36,41,83,13,3,.263,.327,.344,.670
Jason J Bartlett S,SD,139,554,61,136,22,3,2,40,48,98,23,10,.245,.308,.307,.615
Michael M Cuddyer R,MIN,139,529,70,150,29,2,20,70,48,95,11,1,.284,.346,.459,.805
Ryan R Ludwick L,PIT,139,490,56,116,23,0,13,75,51,124,1,1,.237,.310,.363,.674
Yadier Y Molina,STL,139,475,55,145,32,1,14,65,33,44,4,5,.305,.349,.465,.814
Matt M Wieters,BAL,139,500,72,131,28,0,22,68,48,84,1,0,.262,.328,.450,.778
Aaron A Hill,ARI,137,520,61,128,27,3,8,61,35,72,21,7,.246,.299,.356,.654
Cameron C Maybin,SD,137,516,82,136,24,8,9,40,44,125,40,8,.264,.323,.393,.716
Alfonso A Soriano L,CHC,137,475,50,116,27,1,26,88,27,113,2,1,.244,.289,.469,.759
Coco C Crisp,OAK,136,531,69,140,27,5,8,54,41,65,49,9,.264,.314,.379,.693
Tony A Gwynn Jr. L,LAD,136,312,37,80,12,6,2,22,23,61,22,6,.256,.308,.353,.660
Jonathan J Lucroy,MIL,136,430,45,114,16,1,12,59,29,99,2,1,.265,.313,.391,.703
Aaron A Miles,LAD,136,454,49,125,17,3,3,45,25,49,4,3,.275,.314,.346,.660
Josh J Willingham L,OAK,136,488,69,120,26,0,29,98,56,150,4,1,.246,.332,.477,.810
Andre A Ethier R,LAD,135,487,67,142,30,0,11,62,58,103,0,1,.292,.368,.421,.789
Greg G Dobbs,FLA,134,411,38,113,23,0,8,49,22,83,0,0,.275,.311,.389,.700
Edwin E Encarnación Encarnacion D,TOR,134,481,70,131,36,0,17,55,43,77,8,2,.272,.334,.453,.787
Mitch M Moreland,TEX,134,464,60,120,22,1,16,51,39,92,2,2,.259,.320,.414,.733
Kurt K Suzuki,OAK,134,460,54,109,26,0,14,44,38,64,2,2,.237,.301,.385,.686
Yunel Y Escobar S,TOR,133,513,77,149,24,3,11,48,61,70,3,3,.290,.369,.413,.782
Evan E Longoria,TB,133,483,78,118,26,1,31,99,80,93,3,2,.244,.355,.495,.850
Corey C Patterson,STL,133,368,49,88,20,3,6,36,17,77,13,9,.239,.273,.359,.632
Mark M Ellis,COL,132,480,55,119,24,1,7,41,22,75,14,5,.248,.288,.346,.634
Juan J Rivera L,LAD,132,466,46,120,23,1,11,74,43,76,5,3,.258,.319,.382,.701
Carlos C Ruiz,PHI,132,410,49,116,23,0,6,40,48,48,1,0,.283,.371,.383,.754
Ryan R Theriot S,STL,132,442,46,120,26,1,1,47,29,41,4,6,.271,.321,.342,.662
Shane S Victorino C,PHI,132,519,95,145,27,16,17,61,55,63,19,3,.279,.355,.491,.846
David D De Jesus R,OAK,131,442,60,106,20,5,10,46,45,86,4,3,.240,.323,.376,.698
Derek D Jeter S,NYY,131,546,84,162,24,4,6,61,46,81,16,6,.297,.355,.388,.743
Sean S Rodríguez Rodriguez,TB,131,373,45,83,20,3,8,36,38,87,11,7,.223,.323,.357,.679
Vernon V Wells L,LAA,131,505,60,110,15,4,25,66,20,86,9,4,.218,.248,.412,.660
Orlando O Cabrera S,SF,130,450,39,107,16,0,5,51,17,57,8,4,.238,.267,.307,.574
Carl C Crawford L,BOS,130,506,65,129,29,7,11,56,23,104,18,6,.255,.289,.405,.694
Corey C Hart R,MIL,130,492,80,140,25,4,26,63,51,114,7,6,.285,.356,.510,.866
Miguel M Olivo,SEA,130,477,54,107,19,1,19,62,20,140,6,5,.224,.253,.388,.641
Ty T Wigginton,COL,130,401,52,97,21,2,15,47,38,84,8,1,.242,.315,.416,.731
J. P. J Arencibia,TOR,129,443,47,97,20,4,23,78,36,133,1,1,.219,.282,.438,.720
J. J Hardy S,BAL,129,527,76,142,27,0,30,80,31,92,0,0,.269,.310,.491,.801
A. J. A Pierzynski,CWS,129,464,38,133,29,1,8,48,23,33,0,0,.287,.323,.405,.728
Martin M Prado L,ATL,129,551,66,143,26,2,13,57,34,52,4,8,.260,.302,.385,.687
Colby C Rasmus,TOR,129,471,75,106,24,6,14,53,50,116,5,2,.225,.298,.391,.688
Ronny R Cedeno S,PIT,128,413,43,103,25,3,2,32,30,93,2,5,.249,.297,.339,.636
Jason J Heyward R,ATL,128,396,50,90,18,2,14,42,51,93,9,2,.227,.319,.389,.708
Eric E Hosmer,KC,128,523,66,153,27,3,19,78,34,82,11,5,.293,.334,.465,.799
Brian B Mc Cann,ATL,128,466,51,126,19,0,24,71,57,89,3,2,.270,.351,.466,.817
Xavier X Paul R,PIT,128,243,30,62,6,5,2,20,13,62,16,6,.255,.292,.346,.638
Carlos C González Gonzalez L,COL,127,481,92,142,27,3,26,92,48,105,20,5,.295,.363,.526,.890
Willie W Harris,NYM,126,240,36,59,11,0,2,23,36,62,5,4,.246,.351,.317,.668
Chipper C Jones,ATL,126,455,56,125,33,1,18,70,51,80,2,2,.275,.344,.470,.814
Brent B Morel,CWS,126,413,44,101,18,1,10,41,22,57,5,4,.245,.287,.366,.653
Jose J Reyes S,NYM,126,537,101,181,31,16,7,44,43,41,39,7,.337,.384,.493,.877
Dexter D Fowler C,COL,125,481,84,128,35,15,5,45,68,130,12,9,.266,.363,.432,.796
Adam A Lind,TOR,125,499,56,125,16,0,26,87,32,107,1,1,.251,.295,.439,.734
Russell R Martin,NYY,125,417,57,99,17,0,18,65,50,81,8,2,.237,.324,.408,.732
Geovany G Soto,CHC,125,421,46,96,26,0,17,54,45,124,0,0,.228,.310,.411,.721
Adrian A Beltré,TEX,124,487,82,144,33,0,32,105,25,53,1,1,.296,.331,.561,.892
Nelson N Cruz R,TEX,124,475,64,125,28,1,29,87,33,116,9,5,.263,.312,.509,.821
Todd T Helton,COL,124,421,59,127,27,0,14,69,59,71,0,1,.302,.385,.466,.850
Matt M Holliday L,STL,124,446,83,132,36,0,22,75,60,93,2,1,.296,.388,.525,.912
Laynce L Nix,WSH,124,324,38,81,15,1,16,44,23,82,2,2,.250,.299,.451,.750
Delmon D Young L,DET,124,473,54,127,21,1,12,64,23,85,1,0,.268,.302,.393,.695
Clint C Barmes S,HOU,123,446,47,109,27,0,12,39,38,88,3,1,.244,.312,.386,.698
Jason J Bay L,NYM,123,444,59,109,19,1,12,57,56,109,11,1,.245,.329,.374,.703
Logan L Morrison,FLA,123,462,54,114,25,4,23,72,54,99,2,1,.247,.330,.468,.797
Angel A Pagán Pagan C,NYM,123,478,68,125,24,4,7,56,44,62,32,7,.262,.322,.372,.694
Brendan B Ryan S,SEA,123,436,51,108,19,3,3,39,34,87,13,3,.248,.313,.326,.639
Justin J Smoak,SEA,123,427,38,100,24,0,15,55,55,105,0,0,.234,.323,.396,.719
Rick R Ankiel C,WSH,122,380,46,91,20,0,9,37,29,96,10,3,.239,.296,.363,.659
Adam A Dunn D,CWS,122,415,36,66,16,0,11,42,75,177,0,1,.159,.292,.277,.569
Maicer M Izturis,LAA,122,449,51,124,35,0,5,38,33,65,9,6,.276,.334,.388,.722
Placido P Polanco,PHI,122,469,46,130,14,0,5,50,42,44,3,0,.277,.335,.339,.674
Blake B De Witt,CHC,121,230,21,61,11,4,5,26,12,31,1,0,.265,.305,.413,.718
Josh J Hamilton L,TEX,121,487,80,145,31,5,25,94,39,93,8,1,.298,.346,.536,.882
Lyle L Overbay,ARI,121,394,43,92,21,1,9,47,42,88,2,1,.234,.310,.360,.670
Ryan R Raburn,DET,121,387,53,99,22,2,14,49,21,114,1,1,.256,.297,.432,.729
Cody C Ross L,SF,121,405,54,97,25,0,14,52,49,96,5,2,.240,.325,.405,.730
Will W Venable R,SD,121,370,49,91,14,7,9,44,31,92,26,3,.246,.310,.395,.704
Jonny J Gomes L,WSH,120,311,41,65,12,1,14,43,48,105,7,3,.209,.325,.389,.714
Jerry J Hairston,MIL,120,337,43,91,21,1,5,31,33,46,3,2,.270,.344,.383,.727
Chris C Heisey L,CIN,120,279,44,71,9,1,18,50,19,78,6,1,.254,.309,.487,.797
David D Murphy L,TEX,120,404,46,111,14,2,11,46,33,61,11,6,.275,.328,.401,.729
Kevin K Youkilis,BOS,120,431,68,111,32,2,17,80,68,100,3,0,.258,.373,.459,.833
Marlon M Byrd C,CHC,119,446,51,123,22,2,9,35,25,78,3,2,.276,.324,.395,.719
Orlando O Hudson,SD,119,398,54,98,15,3,7,43,49,84,19,3,.246,.329,.352,.681
Nyjer N Morgan C,MIL,119,378,61,115,20,6,4,37,19,70,13,4,.304,.357,.421,.778
Chris C Getz,KC,118,380,50,97,6,3,0,26,30,45,21,7,.255,.313,.287,.600
Carlos C Quentin R,CWS,118,421,53,107,31,0,24,77,34,84,1,1,.254,.340,.499,.838
Rickie R Weeks Jr.,MIL,118,453,77,122,26,2,20,49,50,107,9,2,.269,.350,.468,.818
Eric E Hinske,ATL,117,236,24,55,10,0,10,28,26,71,0,1,.233,.311,.403,.713
Ben B Revere C,MIN,117,450,56,120,9,5,0,30,26,41,34,9,.267,.310,.309,.618
Pablo P Sandoval,SF,117,426,55,134,26,3,23,70,32,63,2,4,.315,.357,.552,.909
Skip S Schumaker,STL,117,367,34,104,19,0,2,38,27,50,0,2,.283,.333,.351,.685
Justin J Turner,NYM,117,435,49,113,30,0,4,51,39,59,7,2,.260,.334,.356,.690
Matt M Diaz R,ATL,116,251,16,66,13,1,0,20,12,52,5,2,.263,.302,.323,.625
Brennan B Boesch L,DET,115,428,75,121,25,1,16,54,35,83,5,3,.283,.341,.458,.799
Jorge J Posada D,NYY,115,344,34,81,14,0,14,44,39,76,0,2,.235,.315,.398,.714
Nate N Schierholtz R,SF,115,335,42,93,22,1,9,41,21,61,7,4,.278,.326,.430,.756
Brett B Wallace,HOU,115,336,37,87,22,0,5,29,36,91,1,1,.259,.334,.369,.703
Michael M Brantley L,CLE,114,451,63,120,24,4,7,46,34,76,13,5,.266,.318,.384,.702
Conor C Jackson,BOS,114,352,32,86,17,1,5,43,32,53,3,1,.244,.310,.341,.651
Paul P Janish S,CIN,114,336,27,72,14,1,0,23,18,46,3,2,.214,.259,.262,.521
Adam A Kennedy,SEA,114,380,36,89,23,1,7,38,22,67,8,2,.234,.277,.355,.632
Josh J Thole,NYM,114,340,22,91,17,0,3,40,38,47,0,2,.268,.345,.344,.690
Chase C Headley,SD,113,381,43,110,28,1,4,44,52,92,13,2,.289,.374,.399,.773
Derrek D Lee,PIT,113,435,55,116,17,2,19,59,33,110,2,1,.267,.325,.446,.771
Mike M Napoli,TEX,113,369,72,118,25,0,30,75,58,85,4,2,.320,.414,.631,1.046
Wilson W Ramos,WSH,113,389,48,104,22,1,15,52,38,76,0,2,.267,.334,.445,.779
Marco M Scutaro S,BOS,113,395,59,118,26,1,7,54,38,36,4,2,.299,.358,.423,.781
Yorvit Y Torrealba,TEX,113,396,40,108,27,1,7,37,20,65,0,2,.273,.306,.399,.705
Chris C Iannetta,COL,112,345,51,82,17,1,14,55,70,89,6,3,.238,.370,.414,.785
Don D Kelly,DET,112,257,35,63,8,3,7,28,14,32,2,1,.245,.291,.381,.672
Eduardo E Núñez Nunez S,NYY,112,309,38,82,18,2,5,30,22,37,22,6,.265,.313,.385,.698
Andres A Torres C,SF,112,348,50,77,24,1,4,19,42,95,19,6,.221,.312,.330,.643
Chris C Denorfia R,SD,111,307,38,85,13,2,5,19,28,49,11,6,.277,.337,.381,.718
Reed R Johnson,CHC,111,246,33,76,22,1,5,28,5,63,2,1,.309,.348,.467,.816
Jack J Hannahan,CLE,110,320,38,80,16,2,8,40,38,80,2,1,.250,.331,.388,.719
Angel A Sanchez S,HOU,110,288,35,69,10,0,1,28,27,44,3,0,.240,.305,.285,.590
Scott S Sizemore,OAK,110,368,50,90,22,1,11,56,53,112,5,3,.245,.342,.399,.741
Daniel D Murphy,NYM,109,391,49,125,28,2,6,49,24,42,5,5,.320,.362,.448,.810
Aaron A Rowand C,SF,108,331,34,77,22,2,4,21,10,84,2,3,.233,.274,.347,.621
Ryan R Sweeney L,OAK,108,264,34,70,11,3,1,25,33,48,1,1,.265,.346,.341,.686
Craig C Counsell,MIL,107,157,19,28,2,1,1,9,20,21,2,1,.178,.280,.223,.503
Chris C Johnson,HOU,107,378,32,95,21,3,7,42,16,97,2,2,.251,.291,.378,.670
Matt M La Porta,CLE,107,352,34,87,23,1,11,53,23,87,1,0,.247,.299,.412,.711
Matt M Downs,HOU,106,199,29,55,18,0,10,41,17,47,0,0,.276,.347,.518,.864
Sam S Fuld L,TB,105,308,41,74,18,5,3,27,32,49,20,8,.240,.313,.360,.673
Brandon B Wood,PIT,105,250,26,54,10,0,7,31,19,73,0,0,.216,.270,.340,.610
Jonathan J Herrera,COL,104,281,28,68,5,1,3,14,28,40,4,4,.242,.313,.299,.612
Mark M Kotsay,MIL,104,233,18,63,13,1,3,31,21,27,3,0,.270,.329,.373,.703
John J Mayberry,PHI,104,267,37,73,17,1,15,49,26,55,8,3,.273,.341,.513,.854
Jarrod J Saltalamacchia,BOS,103,358,52,84,23,3,16,56,24,119,1,0,.235,.288,.450,.737
Chase C Utley,PHI,103,398,54,103,21,6,11,44,39,47,14,0,.259,.344,.425,.769
Miguel M Cairo,CIN,102,245,33,65,8,2,8,33,18,36,3,4,.265,.330,.412,.742
Alberto A Gonzalez,SD,102,247,18,53,10,2,1,32,13,37,1,2,.215,.256,.283,.539
Brandon B Inge,DET,102,269,29,53,10,2,3,23,24,74,1,1,.197,.265,.283,.548
David D Wright,NYM,102,389,60,99,23,1,14,61,52,97,13,2,.254,.345,.427,.771
Jason J Pridie C,NYM,101,208,28,48,11,3,4,20,24,64,7,1,.231,.309,.370,.679
Ramon R Santiago,DET,101,258,29,67,11,3,5,30,17,38,0,0,.260,.311,.384,.695
Ryan R Zimmerman,WSH,101,395,52,114,21,2,12,49,41,73,3,1,.289,.355,.443,.798
Lucas L Duda,NYM,100,301,38,88,21,3,10,50,33,57,1,0,.292,.370,.482,.852
Ben B Francisco R,PHI,100,250,24,61,10,1,6,34,33,42,4,4,.244,.340,.364,.704
Jeff J Keppinger,SF,99,379,39,105,20,0,6,35,12,24,0,1,.277,.300,.377,.677
Jason J Kubel R,MIN,99,366,37,100,21,1,12,58,32,86,1,1,.273,.332,.434,.766
Alex A Rodriguez,NYY,99,373,67,103,21,0,16,62,47,80,4,1,.276,.362,.461,.823
Wilson W Valdez,PHI,99,273,39,68,14,4,1,30,18,41,3,3,.249,.294,.341,.634
Rod R Barajas,LAD,98,305,29,70,13,0,16,47,22,71,0,0,.230,.287,.430,.717
Ryan R Spilborghs,COL,98,200,22,42,8,1,3,22,19,49,2,2,.210,.283,.305,.588
Wilson W Betemit,DET,97,323,40,92,22,4,8,46,31,105,4,1,.285,.343,.452,.795
Willie W Bloomquist S,ARI,97,350,44,93,10,2,4,26,23,51,20,10,.266,.317,.340,.657
Alexi A Casilla,MIN,97,323,52,84,21,4,2,21,28,45,15,4,.260,.322,.368,.690
David D Freese,STL,97,333,41,99,16,1,10,55,24,75,1,0,.297,.350,.441,.791
Brent B Lillibridge R,CWS,97,186,38,48,5,1,13,29,17,62,10,6,.258,.340,.505,.845
Jemile J Weeks,OAK,97,406,50,123,26,8,2,36,21,62,22,11,.303,.340,.421,.761
Luke L Hughes,MIN,96,287,31,64,12,0,7,30,24,79,3,2,.223,.289,.338,.627
Edgar E Renteria S,CIN,96,299,34,75,14,0,5,36,24,65,4,2,.251,.306,.348,.654
Ruben R Tejada,NYM,96,328,31,93,15,1,0,36,35,50,5,1,.284,.360,.335,.696
Tony T Campana L,CHC,95,143,24,37,3,0,1,6,8,30,24,2,.259,.303,.301,.603
Rajai R Davis C,TOR,95,320,44,76,21,6,1,29,15,63,34,11,.238,.273,.350,.623
Eric E Thames L,TOR,95,362,58,95,24,5,12,37,23,88,2,1,.262,.313,.456,.769
Casper C Wells L,SEA,95,215,30,51,11,0,11,27,18,71,3,2,.237,.317,.442,.758
Carlos C Gómez Gomez,MIL,94,231,37,52,11,3,8,24,15,64,16,2,.225,.276,.403,.679
Travis T Hafner D,CLE,94,325,41,91,16,0,13,57,36,78,0,0,.280,.361,.449,.811
Jason J Bourgeois L,HOU,93,238,30,70,8,2,1,16,10,24,31,6,.294,.323,.357,.680
Drew D Butera,MIN,93,234,19,39,9,1,2,23,11,42,0,0,.167,.210,.239,.449
Ross R Gload,PHI,93,113,3,29,8,0,0,8,3,23,0,0,.257,.276,.327,.603
Jeff J Mathis,LAA,93,247,18,43,12,0,3,22,15,75,1,2,.174,.225,.259,.484
Jim J Thome D,CLE,93,277,32,71,16,0,15,50,46,92,0,0,.256,.361,.477,.838
Reid R Brignac S,TB,92,249,18,48,4,0,1,15,10,63,3,1,.193,.227,.221,.448
Pat P Burrell L,SF,92,183,17,42,9,1,7,21,33,67,0,0,.230,.352,.404,.756
Brooks B Conrad,ATL,92,103,11,23,5,0,4,13,15,41,2,0,.223,.325,.388,.713
Franklin F Gutierrez C,SEA,92,322,26,72,13,0,1,19,16,56,13,2,.224,.261,.273,.534
Magglio M Ordonez R,DET,92,329,33,84,10,0,5,32,23,41,2,1,.255,.303,.331,.634
Hanley H Ramirez S,FLA,92,338,55,82,16,0,10,45,44,66,20,10,.243,.333,.379,.712
Mike M Aviles,BOS,91,286,31,73,17,3,7,39,13,44,14,4,.255,.289,.409,.698
Roger R Bernadina C,WSH,91,309,40,75,12,2,7,27,22,63,17,3,.243,.301,.362,.664
Alex A Cora,WSH,91,156,12,35,6,1,0,6,12,23,2,0,.224,.287,.276,.562
Ryan R Hanigan,CIN,91,266,27,71,6,0,6,31,35,32,0,0,.267,.356,.357,.714
Ramon R Hernandez,CIN,91,298,28,84,13,0,12,36,23,41,0,0,.282,.341,.446,.788
Jose J Tabata L,PIT,91,334,53,89,18,1,4,21,40,61,16,7,.266,.349,.362,.711
Miguel M Tejada,SF,91,322,28,77,16,0,4,26,12,35,4,4,.239,.270,.326,.596
Dustin D Ackley,SEA,90,333,39,91,16,7,6,36,40,79,6,0,.273,.348,.417,.766
John J Jaso,TB,89,246,26,55,15,1,5,27,25,36,1,2,.224,.298,.354,.652
Jason J Michaels,HOU,89,156,10,31,9,0,2,10,11,31,1,0,.199,.256,.295,.551
Mike M Moustakas,KC,89,338,26,89,18,1,5,30,22,51,2,0,.263,.309,.367,.675
Jed J Lowrie S,BOS,88,309,40,78,14,4,6,36,23,60,1,1,.252,.303,.382,.685
Michael M Martinez,PHI,88,209,25,41,5,2,3,24,18,35,3,0,.196,.258,.282,.540
Brian B Bogusevic R,HOU,87,164,22,47,14,1,4,15,15,40,4,2,.287,.348,.457,.805
Rafael R Furcal S,STL,87,333,44,77,15,0,8,28,28,39,9,5,.231,.298,.348,.646
Josh J Reddick R,BOS,87,254,41,71,18,3,7,28,19,50,1,2,.280,.327,.457,.784
Nolan N Reimold L,BAL,87,267,40,66,10,3,13,45,28,57,7,2,.247,.328,.453,.781
Kelly K Shoppach,TB,87,221,23,39,3,0,11,22,19,79,0,0,.176,.268,.339,.607
Matt M Tolbert,MIN,87,207,22,41,10,2,0,11,11,31,3,2,.198,.252,.266,.518
Stephen S Drew,ARI,86,321,44,81,21,5,5,45,30,74,4,4,.252,.317,.396,.713
Shin- Soo S Choo R,CLE,85,313,37,81,11,3,8,36,36,78,12,5,.259,.344,.390,.733
Mike M Fontenot S,SF,85,220,22,50,15,3,4,21,25,48,5,1,.227,.304,.377,.681
Felix F Pie L,BAL,85,164,15,36,8,1,0,7,10,32,3,2,.220,.264,.280,.545
John J Mc Donald S,ARI,84,227,21,52,10,1,2,22,12,27,2,4,.229,.269,.308,.577
Endy E Chavez C,TEX,83,256,37,77,11,3,5,27,10,30,10,5,.301,.323,.426,.749
Nick N Hundley,SD,82,281,34,81,16,5,9,29,22,74,1,1,.288,.347,.477,.824
Jose J Lopez,FLA,82,231,23,50,12,0,8,21,7,28,2,0,.216,.245,.372,.617
Joe J Mauer,MIN,82,296,38,85,15,0,3,30,32,38,0,0,.287,.360,.368,.729
Xavier X Nady,ARI,82,206,26,51,11,0,4,35,10,46,2,0,.248,.287,.359,.646
Jordan J Schafer C,HOU,82,302,46,73,10,3,2,13,28,70,22,4,.242,.309,.315,.624
Jonny J Venters,ATL,82,0,0,0,0,0,0,0,0,0,0,0,.000,.000,.000,.000
Eli E Whiteside,SF,82,213,14,42,8,2,4,17,18,59,2,1,.197,.264,.310,.574
Jeff J Baker,CHC,81,201,20,54,12,1,3,23,10,46,0,0,.269,.302,.383,.685
J. D. J Drew R,BOS,81,248,23,55,6,1,4,22,33,58,0,1,.222,.315,.302,.617
Chone C Figgins,SEA,81,288,24,54,11,1,1,15,21,42,11,6,.188,.241,.243,.484
Fred F Lewis L,CIN,81,183,20,42,7,0,3,19,22,38,2,5,.230,.321,.317,.638
Nate N Mc Louth C,ATL,81,267,35,61,12,2,4,16,44,52,4,2,.228,.344,.333,.677
Trevor T Plouffe S,MIN,81,286,47,68,18,1,8,31,25,71,3,3,.238,.305,.392,.697
Tyler T Colvin R,CHC,80,206,17,31,8,3,6,20,14,58,0,0,.150,.204,.306,.509
Mike M Mc Coy S,TOR,80,197,26,39,8,0,2,10,25,41,12,2,.198,.291,.269,.560
Brian B Bixler L,WSH,79,83,9,17,1,2,0,2,7,19,4,3,.205,.267,.265,.532
Mike M Carp,SEA,79,290,27,80,17,1,12,46,19,81,0,2,.276,.326,.466,.791
Scott S Hairston,NYM,79,132,20,31,8,1,7,24,11,34,1,1,.235,.303,.470,.773
Lou L Marson,CLE,79,243,26,56,9,2,1,19,24,68,4,2,.230,.300,.296,.596
Darnell D Mc Donald R,BOS,79,157,26,37,6,1,6,24,14,33,2,3,.236,.303,.401,.704
Humberto H Quintero,HOU,79,262,22,63,12,1,2,25,6,53,1,0,.240,.258,.317,.575
Jack J Wilson S,ATL,79,214,25,52,9,0,0,11,10,39,5,2,.243,.274,.285,.559
Sean S Burroughs,ARI,78,110,8,30,4,0,1,8,3,15,1,0,.273,.289,.336,.626
Mike M Cameron C,FLA,78,237,27,48,10,0,9,27,28,59,1,0,.203,.285,.359,.643
Andy A Dirks L,DET,78,219,34,55,13,0,7,28,11,36,5,2,.251,.296,.406,.702
Ronny R Paulino,NYM,78,228,19,61,13,0,2,19,15,38,0,0,.268,.312,.351,.663
Mark M Teahen,TOR,78,160,14,32,4,0,4,14,16,45,0,1,.200,.273,.300,.573
Ryan R Doumit,PIT,77,218,17,66,12,1,8,30,16,35,0,1,.303,.353,.477,.830
Andruw A Jones L,NYY,77,190,27,47,8,0,13,33,29,62,0,0,.247,.356,.495,.851
Juan J Uribe,LAD,77,270,21,55,12,0,4,28,17,60,2,0,.204,.264,.293,.557
Eric E Young Jr. L,COL,77,198,34,49,4,3,0,10,26,38,27,4,.247,.342,.298,.640
Shelley S Duncan L,CLE,76,223,29,58,17,0,11,47,19,56,0,1,.260,.324,.484,.808
Jesus J Guzman,SD,76,247,33,77,22,2,5,44,22,43,9,2,.312,.369,.478,.847
Allen A Craig L,STL,75,200,33,63,15,0,11,40,15,40,5,0,.315,.362,.555,.917
Craig C Kimbrel,ATL,75,0,0,0,0,0,0,0,0,0,0,0,.000,.000,.000,.000
Sean S Marshall,CHC,75,0,0,0,0,0,0,0,0,0,0,0,.000,.000,.000,.000
Eric E O' Flaherty,ATL,75,0,0,0,0,0,0,0,0,0,0,0,.000,.000,.000,.000
Jose J Veras,PIT,75,0,1,0,0,0,0,0,1,0,0,0,.000,1.000,.000,1.000
Pedro P Álvarez,PIT,74,235,18,45,9,1,4,19,24,80,1,0,.191,.272,.289,.561
Bill B Bray,CIN,74,0,0,0,0,0,0,0,0,0,0,0,.000,.000,.000,.000
Jason J Motte,STL,74,1,0,0,0,0,0,0,0,1,0,0,.000,.000,.000,.000
Bryan B Petersen C,FLA,74,204,18,54,13,3,2,10,26,49,7,1,.265,.357,.387,.744
Kevin K Kouzmanoff,COL,73,234,24,55,11,0,7,33,12,46,2,0,.235,.284,.372,.656
Daniel D Mc Cutchen,PIT,73,5,0,0,0,0,0,0,0,0,0,0,.000,.000,.000,.000
Chad C Qualls,SD,73,0,0,0,0,0,0,0,0,0,0,0,.000,.000,.000,.000
Carlos C Marmol,CHC,72,0,0,0,0,0,0,0,0,0,0,0,.000,.000,.000,.000
Nick N Masset,CIN,72,0,0,0,0,0,0,0,0,0,0,0,.000,.000,.000,.000
Brayan B Peña Pena,KC,72,222,17,55,11,0,3,24,12,24,0,0,.248,.288,.338,.625
Chris C Resop,PIT,72,0,0,0,0,0,0,0,0,0,0,0,.000,.000,.000,.000
Matt M Treanor,TEX,72,196,24,42,6,0,3,22,34,53,2,2,.214,.338,.291,.628
John J Axford,MIL,71,0,0,0,0,0,0,0,0,0,0,0,.000,.000,.000,.000
Matt M Belisle,COL,71,2,0,1,1,0,0,0,0,0,0,0,.500,.500,1.000,1.500
Jeff J Samardzija,CHC,71,4,0,0,0,0,0,0,0,3,0,0,.000,.000,.000,.000
Grady G Sizemore C,CLE,71,268,34,60,21,1,10,32,18,85,0,2,.224,.285,.422,.706
Drew D Storen,WSH,71,0,0,0,0,0,0,0,0,0,0,0,.000,.000,.000,.000
Elliot E Johnson S,TB,70,160,20,31,7,2,4,17,14,53,6,7,.194,.257,.338,.595
Wilton W Lopez,HOU,70,0,0,0,0,0,0,0,0,0,0,0,.000,.000,.000,.000
Francisco F Rodríguez Rodriguez,MIL,70,2,0,1,0,0,0,0,0,1,0,0,.500,.500,.500,1.000
Denard D Span C,MIN,70,284,37,75,11,5,2,16,27,36,6,1,.264,.328,.359,.687
Mike M Dunn,FLA,69,1,0,0,0,0,0,0,0,0,0,0,.000,.000,.000,.000
Matt M Guerrier,LAD,69,0,0,0,0,0,0,1,1,0,0,0,.000,1.000,.000,1.000
Joel J Hanrahan,PIT,69,0,0,0,0,0,0,0,0,0,0,0,.000,.000,.000,.000
Wes W Helms,FLA,69,110,10,21,5,0,0,6,11,35,0,0,.191,.276,.236,.513
David D Hernandez,ARI,69,0,0,0,0,0,0,0,0,0,0,0,.000,.000,.000,.000
Kameron K Loe,MIL,69,1,0,0,0,0,0,0,0,1,0,0,.000,.000,.000,.000
Justin J Morneau,MIN,69,264,19,60,16,0,4,30,19,44,0,0,.227,.285,.333,.618
Matt M Reynolds,COL,69,2,0,0,0,0,0,0,0,1,0,0,.000,.000,.000,.000
Dewayne D Wise C,TOR,69,99,10,20,2,1,2,7,3,36,6,2,.202,.231,.303,.534
Russell R Branyan,LAA,68,127,11,25,7,0,5,14,18,41,2,0,.197,.295,.370,.665
Tim T Byrdak,NYM,68,0,0,0,0,0,0,0,0,0,0,0,.000,.000,.000,.000
Ezequiel E Carrera C,CLE,68,202,27,49,8,3,0,14,16,35,10,5,.243,.301,.312,.613
Tyler T Clippard,WSH,68,2,0,0,0,0,0,0,0,0,0,0,.000,.000,.000,.000
Tsuyoshi T Nishioka S,MIN,68,221,14,50,5,0,0,19,15,43,2,4,.226,.278,.249,.527
Jason J Varitek,BOS,68,222,32,49,10,1,11,36,21,67,0,0,.221,.300,.423,.723
Daric D Barton,OAK,67,236,27,50,13,0,0,21,39,47,2,1,.212,.325,.267,.592
Jack J Cust D,SEA,67,225,19,48,15,1,3,23,44,87,0,0,.213,.344,.329,.673
Rob R Johnson,SD,67,179,9,34,6,1,3,16,14,58,3,0,.190,.259,.285,.544
Javier J López Lopez,SF,67,2,0,0,0,0,0,0,0,1,0,0,.000,.000,.000,.000
Mike M Mac Dougal,LAD,67,0,0,0,0,0,0,0,0,0,0,0,.000,.000,.000,.000
Mark M Melancon,HOU,67,0,0,0,0,0,0,0,1,0,0,0,.000,1.000,.000,1.000
Jason J Repko R,MIN,67,133,21,30,2,0,2,11,6,38,7,2,.226,.270,.286,.555
Chris C Stewart,SF,67,162,20,33,8,0,3,10,16,18,0,0,.204,.283,.309,.592
Sean S Burnett,WSH,66,1,1,1,0,0,0,0,1,0,0,0,1.000,1.000,1.000,2.000
Lonnie L Chisenhall,CLE,66,212,27,54,13,0,7,22,8,49,1,0,.255,.284,.415,.699
Brandon B Crawford S,SF,66,196,22,40,5,2,3,21,23,31,1,3,.204,.288,.296,.584
Rafael R Betancourt,COL,65,0,0,0,0,0,0,0,0,0,0,0,.000,.000,.000,.000
Todd T Coffey,WSH,65,0,0,0,0,0,0,0,0,0,0,0,.000,.000,.000,.000
Chris C Coghlan,FLA,65,269,33,62,20,1,5,22,22,49,7,6,.230,.296,.368,.664
Francisco F Cordero,CIN,65,0,0,0,0,0,0,0,0,0,0,0,.000,.000,.000,.000
Josh J Harrison,PIT,65,195,21,53,13,2,1,16,3,24,4,1,.272,.281,.374,.656
Juan J Miranda,ARI,65,174,18,37,8,2,7,23,23,48,0,1,.213,.315,.402,.717
Juan Carlos J Oviedo,FLA,65,1,0,0,0,0,0,0,0,0,0,0,.000,.000,.000,.000
Ramon E R Ramirez,SF,65,1,0,0,0,0,0,0,0,0,0,0,.000,.000,.000,.000
Scott S Rolen,CIN,65,252,31,61,20,2,5,36,10,36,1,0,.242,.279,.397,.676
Jeremy J Affeldt,SF,64,1,0,0,0,0,0,0,1,1,0,0,.000,.500,.000,.500
Craig C Gentry,TEX,64,133,26,36,5,1,1,13,10,27,18,0,.271,.347,.346,.692
Jason J Giambi,COL,64,131,20,34,6,0,13,32,17,45,0,0,.260,.355,.603,.958
Brett B Hayes,FLA,64,130,19,30,9,0,5,16,11,39,0,0,.231,.291,.415,.706
Edward E Mujica,FLA,64,1,0,0,0,0,0,0,0,0,0,0,.000,.000,.000,.000
Dioner D Navarro,LAD,64,176,13,34,6,1,5,17,20,35,0,0,.193,.276,.324,.600
Luke L Scott,BAL,64,209,24,46,11,0,9,22,24,54,1,1,.220,.301,.402,.703
Brandon B Belt,SF,63,187,21,42,6,1,9,18,20,57,3,2,.225,.306,.412,.718
Casey C Blake,LAD,63,202,32,51,10,1,4,26,26,50,1,2,.252,.342,.371,.713
Desmond D Jennings L,TB,63,247,44,64,9,4,10,25,31,59,20,6,.259,.356,.449,.805
Chris C Nelson,COL,63,180,20,45,10,1,4,16,7,35,3,1,.250,.280,.383,.664
Nick N Punto,STL,63,133,21,37,8,4,1,20,25,21,1,1,.278,.388,.421,.809
Sergio S Romo,SF,63,0,0,0,0,0,0,0,0,0,0,0,.000,.000,.000,.000
Fernando F Salas,STL,63,1,0,0,0,0,0,0,0,0,0,0,.000,.000,.000,.000
Antonio A Bastardo,PHI,62,0,0,0,0,0,0,0,0,0,0,0,.000,.000,.000,.000
Heath H Bell,SD,62,0,0,0,0,0,0,0,0,0,0,0,.000,.000,.000,.000
Logan L Forsythe,SD,62,150,12,32,9,1,0,12,12,33,3,1,.213,.281,.287,.568
Bill B Hall,SF,62,185,24,39,9,2,2,14,11,63,3,2,.211,.261,.314,.575
Brad B Hawpe,SD,62,195,19,45,10,0,4,19,19,68,0,0,.231,.301,.344,.644
Scott S Linebrink,ATL,62,0,0,0,0,0,0,0,0,0,0,0,.000,.000,.000,.000
Luke L Gregerson,SD,61,0,0,0,0,0,0,0,0,0,0,0,.000,.000,.000,.000
Matt M Lindstrom,COL,61,0,0,0,0,0,0,0,0,0,0,0,.000,.000,.000,.000
Ryan R Madson,PHI,61,0,0,0,0,0,0,0,0,0,0,0,.000,.000,.000,.000
Trent T Oeltjen,LAD,61,71,10,14,1,1,2,6,13,30,6,0,.197,.322,.324,.646
Logan L Ondrusek,CIN,61,0,0,0,0,0,0,0,0,0,0,0,.000,.000,.000,.000
Joe J Paterson,ARI,61,0,0,0,0,0,0,0,0,0,0,0,.000,.000,.000,.000
Jerry J Sands L,LAD,61,198,20,50,15,0,4,26,25,51,3,3,.253,.338,.389,.727
Chris C Dickerson R,NYY,60,50,9,13,2,0,1,7,2,17,4,0,.260,.296,.360,.656
Freddy F Sanchez,SF,60,239,21,69,15,1,3,24,13,35,0,1,.289,.332,.397,.730
Rene R Tosoni L,MIN,60,172,20,35,7,1,5,22,14,42,0,2,.203,.275,.343,.618
Josh J Wilson,MIL,60,85,13,19,5,0,2,5,4,22,1,0,.224,.258,.353,.611
Emmanuel E Burriss,SF,59,137,14,28,1,0,0,4,6,17,11,3,.204,.253,.212,.465
Hank H Conger,LAA,59,177,14,37,8,0,6,19,17,37,0,0,.209,.282,.356,.638
Chris C Davis,BAL,59,199,25,53,12,0,5,19,11,63,1,0,.266,.305,.402,.707
Nick N Evans,NYM,59,176,26,45,10,2,4,25,15,48,0,1,.256,.314,.403,.718
James J Russell,CHC,59,8,0,1,0,0,0,0,0,3,0,0,.125,.125,.125,.250
Huston H Street,COL,59,1,0,0,0,0,0,0,0,0,0,0,.000,.000,.000,.000
Eric E Chavez,NYY,58,160,16,42,7,1,2,26,14,34,0,0,.263,.320,.356,.676
Tyler T Greene,STL,58,104,22,22,5,0,1,11,13,31,11,0,.212,.322,.288,.611
Michael M Mc Kenry,PIT,58,180,17,40,12,0,2,11,14,49,0,1,.222,.276,.322,.598
Michael M Saunders C,SEA,58,161,16,24,5,0,2,8,12,56,6,2,.149,.207,.217,.424
Omar O Vizquel,CWS,58,167,18,42,7,1,0,8,9,18,1,2,.251,.287,.305,.592
Jose J Altuve,HOU,57,221,26,61,10,1,2,12,5,29,7,3,.276,.297,.357,.654
Jorge J Cantu,SD,57,144,8,28,4,0,3,16,7,28,0,0,.194,.232,.285,.517
Austin A Kearns L,CLE,57,150,18,30,5,1,2,7,18,48,0,4,.200,.302,.287,.589
Bobby B Parnell,NYM,57,0,0,0,0,0,0,0,0,0,0,0,.000,.000,.000,.000
J. J Putz,ARI,57,0,0,0,0,0,0,0,0,0,0,0,.000,.000,.000,.000
Bobby B Wilson,LAA,57,111,5,21,8,0,1,8,10,16,0,2,.189,.252,.288,.540
Pedro P Beato,NYM,56,0,0,0,0,0,0,0,0,0,0,0,.000,.000,.000,.000
Domonic D Brown R,PHI,56,184,28,45,10,1,5,19,25,35,3,1,.245,.333,.391,.725
Matt M Stairs,WSH,56,65,4,10,1,0,0,2,9,23,0,0,.154,.257,.169,.426
Dee D Strange- Gordon S,LAD,56,224,34,68,9,2,0,11,7,27,24,7,.304,.325,.362,.686
Brian B Wilson,SF,56,0,0,0,0,0,0,0,0,0,0,0,.000,.000,.000,.000
Kyle K Blanks L,SD,55,170,21,39,7,1,7,26,16,51,2,0,.229,.300,.406,.706
Ernesto E Frieri,SD,55,0,0,0,0,0,0,0,0,0,0,0,.000,.000,.000,.000
John J Grabow,CHC,55,0,0,0,0,0,0,0,0,0,0,0,.000,.000,.000,.000
Jose J Molina,TOR,55,171,19,48,12,1,3,15,15,44,2,1,.281,.342,.415,.758
Henry Alberto H Rodriguez,WSH,55,2,0,0,0,0,0,0,0,2,0,0,.000,.000,.000,.000
Michael M Stutes,PHI,55,0,0,0,0,0,0,0,0,0,0,0,.000,.000,.000,.000
Alejandro A De Aza R,CWS,54,152,29,50,11,3,4,23,17,34,12,5,.329,.400,.520,.920
J. R. J Towles,HOU,54,147,11,27,7,0,3,11,13,26,0,0,.184,.256,.293,.549
J. D. J Martinez L,HOU,53,208,29,57,13,0,6,35,13,48,0,1,.274,.319,.423,.742
Kyle K Seager,SEA,53,182,22,47,13,0,3,13,13,36,3,1,.258,.312,.379,.691
Kerry K Wood,CHC,53,0,0,0,0,0,0,0,0,0,0,0,.000,.000,.000,.000
Brandon B Allen,OAK,52,175,23,35,9,2,6,18,18,68,3,0,.200,.277,.377,.654
Aroldis A Chapman,CIN,52,0,0,0,0,0,0,0,0,0,0,0,.000,.000,.000,.000
Carlos C Corporán Corporan,HOU,52,154,9,29,8,1,0,11,10,49,0,0,.188,.253,.253,.506
Aaron A Cunningham,SD,52,90,12,16,6,1,3,9,9,17,1,0,.178,.257,.367,.624
Enerio E Del Rosario,HOU,52,0,0,0,0,0,0,0,0,0,0,0,.000,.000,.000,.000
Alex A Presley L,PIT,52,215,27,64,12,6,4,20,13,40,9,3,.298,.339,.465,.804
David D Ross,ATL,52,152,14,40,7,0,6,23,16,51,0,1,.263,.333,.428,.761
Ryan R Webb,FLA,51,0,0,0,0,0,0,0,0,0,0,0,.000,.000,.000,.000
Jose J Arredondo,CIN,50,2,0,1,0,0,0,0,0,1,0,0,.500,.500,.500,1.000
Mitchell M Boggs,STL,50,2,0,0,0,0,0,0,0,2,0,0,.000,.000,.000,.000
Travis T Buck L,CLE,50,149,18,34,11,0,2,18,8,30,1,1,.228,.275,.342,.617
Randy R Choate,FLA,50,0,0,0,0,0,0,0,0,0,0,0,.000,.000,.000,.000
Jason J Isringhausen,NYM,50,0,0,0,0,0,0,0,0,0,0,0,.000,.000,.000,.000
Guillermo G Mota,SF,50,10,0,1,1,0,0,0,0,2,0,0,.100,.100,.200,.300
Steve S Pearce,PIT,50,94,8,19,2,0,1,10,7,21,0,0,.202,.260,.255,.515
La Troy L Hawkins,MIL,49,0,0,0,0,0,0,0,0,0,0,0,.000,.000,.000,.000
George G Kottaras,MIL,49,111,15,28,6,1,5,17,10,26,0,1,.252,.311,.459,.771
Anthony A Rizzo,SD,49,128,9,18,8,1,1,9,21,46,2,1,.141,.281,.242,.523
Travis T Snider L,TOR,49,187,23,42,14,0,3,30,11,56,9,3,.225,.269,.348,.616
Santiago S Casilla,SF,48,0,0,0,0,0,0,0,1,0,0,0,.000,1.000,.000,1.000
Scott S Cousins,FLA,48,52,5,7,1,0,1,4,6,21,1,1,.135,.224,.212,.436
Paul P Goldschmidt,ARI,48,156,28,39,9,1,8,26,20,53,4,0,.250,.333,.474,.808
Kenley K Jansen,LAD,48,0,0,0,0,0,0,0,0,0,0,0,.000,.000,.000,.000
Felipe F Lopez,MIL,48,141,12,29,4,0,2,11,8,35,1,1,.206,.247,.277,.523
Ian I Stewart,COL,48,122,14,19,6,1,0,6,14,37,3,2,.156,.243,.221,.464
Chase Cd' Arnaudd' Arnaud S,PIT,48,143,17,31,6,2,0,6,4,36,12,2,.217,.242,.287,.528
Yonder Y Alonso,CIN,47,88,9,29,4,0,5,15,10,21,0,0,.330,.398,.545,.943
Mark M De Rosa,SF,47,86,9,24,2,0,0,12,8,18,1,1,.279,.351,.302,.653
Blake B Hawksworth,LAD,47,1,0,0,0,0,0,0,0,1,0,0,.000,.000,.000,.000
Eric E Patterson,SD,47,89,8,16,2,1,2,8,12,22,8,2,.180,.272,.292,.564
George G Sherrill,ATL,47,0,0,0,0,0,0,0,0,0,0,0,.000,.000,.000,.000
Mike M Adams,TEX,46,0,0,0,0,0,0,0,0,0,0,0,.000,.000,.000,.000
Sergio S Escalona,HOU,46,0,0,0,0,0,0,0,0,0,0,0,.000,.000,.000,.000
Johnny J Giavotella,KC,46,178,20,44,9,4,2,21,6,32,5,2,.247,.273,.376,.649
Koyie K Hill,CHC,46,134,15,26,3,1,2,9,14,40,1,0,.194,.268,.276,.545
Jayson J Nix,TOR,46,136,15,23,5,1,4,16,12,42,4,1,.169,.245,.309,.554
Pete P Orr,PHI,46,96,7,21,3,0,0,4,6,19,3,0,.219,.279,.250,.529
Jimmy J Paredes,HOU,46,168,16,48,8,2,2,18,9,47,5,4,.286,.320,.393,.713
Carlos C Peguero L,SEA,46,143,14,28,3,2,6,19,8,54,0,1,.196,.252,.371,.622
Fernando F Rodriguez Jr.,HOU,46,1,0,0,0,0,0,0,0,1,0,0,.000,.000,.000,.000
Justin J Ruggiano L,TB,46,105,11,26,4,0,4,13,4,26,1,1,.248,.273,.400,.673
Burke B Badenhop,FLA,45,7,1,2,1,0,0,1,1,5,0,0,.286,.375,.429,.804
Rex R Brothers,COL,45,1,0,0,0,0,0,0,0,1,0,0,.000,.000,.000,.000
Javy J Guerra,LAD,45,0,0,0,0,0,0,0,1,0,0,0,.000,1.000,.000,1.000
Ryota R Igarashi,NYM,45,0,0,0,0,0,0,0,0,0,0,0,.000,.000,.000,.000
Cristhian C Martinez,ATL,45,6,0,2,1,0,0,2,0,1,0,0,.333,.333,.500,.833
Buster B Posey,SF,45,162,17,46,5,0,4,21,18,30,3,0,.284,.368,.389,.756
Rene R Rivera,MIN,45,104,9,15,3,0,1,5,8,32,0,0,.144,.211,.202,.412
Scott S Elbert,LAD,44,0,0,0,0,0,0,0,0,0,0,0,.000,.000,.000,.000
Cory C Luebke,SD,44,33,3,7,0,0,0,0,2,16,0,0,.212,.257,.212,.469
Mitch M Maier,KC,44,95,19,22,4,3,0,7,16,32,1,0,.232,.345,.337,.682
Trayvon T Robinson L,SEA,44,143,12,30,12,0,2,14,8,61,1,0,.210,.250,.336,.586
Ivan I Rodriguez,WSH,44,124,14,27,7,0,2,19,10,28,0,0,.218,.281,.323,.604
Luis Antonio L Rodriguez S,SEA,44,117,10,23,10,0,2,14,16,21,1,2,.197,.299,.333,.633
Francisco F Cervelli,NYY,43,124,17,33,4,0,4,22,9,29,4,1,.266,.324,.395,.719
Steve S Cishek,FLA,43,0,0,0,0,0,0,0,0,0,0,0,.000,.000,.000,.000
David D Herndon,PHI,43,4,0,0,0,0,0,0,0,3,0,0,.000,.000,.000,.000
Adam A La Roche,WSH,43,151,15,26,4,0,3,15,25,37,1,0,.172,.288,.258,.546
Brett B Lawrie,TOR,43,150,26,44,8,4,9,25,16,31,7,1,.293,.373,.580,.953
Kyle K Mc Clellan,STL,43,35,3,5,1,0,0,4,1,12,0,0,.143,.167,.171,.338
Jose J Constanza L,ATL,42,109,21,33,1,1,2,10,6,14,7,4,.303,.339,.385,.724
Melvin M Mora,ARI,42,127,5,29,6,0,0,16,2,24,0,1,.228,.244,.276,.520
Manny M Acosta,NYM,41,0,0,0,0,0,0,0,0,0,0,0,.000,.000,.000,.000
Todd T Frazier,CIN,41,112,17,26,5,0,6,15,7,27,1,0,.232,.289,.438,.727
Aneury A Rodriguez,HOU,41,9,0,0,0,0,0,0,0,5,0,0,.000,.000,.000,.000
Brian B Schneider,PHI,41,125,11,22,4,0,2,9,11,35,0,0,.176,.246,.256,.502
Alfredo A Amezaga,FLA,40,77,6,14,1,0,0,4,7,14,0,0,.182,.247,.195,.442
Marco M Estrada,MIL,40,12,1,3,1,0,0,0,0,5,0,0,.250,.250,.333,.583
Andy A La Roche,OAK,40,93,10,23,6,1,0,5,8,19,0,0,.247,.320,.333,.654
Sam S Le Cure,CIN,40,9,0,1,1,0,0,0,1,5,0,0,.111,.200,.222,.422
Mike M Trout C,LAA,40,123,20,27,6,0,5,16,9,30,4,0,.220,.281,.390,.672
Jason J Donald,CLE,39,132,13,42,6,1,1,8,7,35,3,2,.318,.364,.402,.765
Jeff J Fulchino,SD,39,0,0,0,0,0,0,0,0,0,0,0,.000,.000,.000,.000
Wily Mo W Peña Pena D,SEA,39,113,15,23,3,0,7,15,5,39,0,0,.204,.250,.416,.666
Salvador S Perez,KC,39,148,20,49,8,2,3,21,7,20,0,0,.331,.361,.473,.834
Brian B Roberts,BAL,39,163,18,36,7,1,3,19,12,21,6,1,.221,.273,.331,.604
Josh J Spence,SD,39,0,0,0,0,0,0,0,0,0,0,0,.000,.000,.000,.000
Tony T Watson,PIT,39,1,0,0,0,0,0,0,0,1,0,0,.000,.000,.000,.000
D. J. D Carrasco,NYM,38,0,0,0,0,0,0,0,0,0,0,0,.000,.000,.000,.000
Tony T Cruz,STL,38,65,8,17,5,0,0,6,6,13,0,1,.262,.333,.338,.672
Tyler T Flowers,CWS,38,110,13,23,5,1,5,16,14,38,0,1,.209,.310,.409,.719
Mark M Hamilton,STL,38,47,5,10,3,0,0,4,4,16,0,0,.213,.275,.277,.551
Hung- Chih H Kuo,LAD,38,0,0,0,0,0,0,0,0,0,0,0,.000,.000,.000,.000
Dave D Sappelt L,CIN,38,107,14,26,8,0,0,5,7,17,1,1,.243,.289,.318,.607
Henry H Blanco,ARI,37,100,12,25,3,1,8,12,12,21,0,1,.250,.330,.540,.870
Clay C Hensley,FLA,37,14,0,0,0,0,0,0,1,5,0,0,.000,.067,.000,.067
Gerald G Laird,STL,37,95,11,22,7,1,1,12,9,19,1,1,.232,.302,.358,.660
D J Le Mahieu,CHC,37,60,3,15,2,0,0,4,1,12,0,0,.250,.262,.283,.546
Mike M Leake,CIN,37,55,7,11,2,0,0,2,1,23,0,0,.200,.214,.236,.451
Brian B Sanches,FLA,37,5,0,1,0,0,0,0,0,2,0,0,.200,.200,.200,.400
J B Shuck R,HOU,37,81,9,22,2,1,0,3,11,7,2,0,.272,.359,.321,.680
Andres A Blanco S,TEX,36,76,9,17,3,0,2,3,4,14,0,1,.224,.263,.342,.605
Collin C Cowgill L,ARI,36,92,8,22,3,0,1,9,8,28,4,2,.239,.300,.304,.604
Ike I Davis,NYM,36,129,20,39,8,1,7,25,17,31,0,0,.302,.383,.543,.925
Jason J Kipnis,CLE,36,136,24,37,9,1,7,19,11,34,5,0,.272,.333,.507,.841
Joe J Mather R,ATL,36,75,4,16,4,0,1,9,6,23,0,1,.213,.272,.307,.578
Luis L Montanez R,CHC,36,54,6,12,4,0,1,9,2,9,0,1,.222,.263,.352,.615
Donnie D Murphy S,FLA,36,92,10,17,4,1,2,9,4,21,0,0,.185,.240,.315,.555
Kyle K Phillips,SD,36,76,9,13,3,0,2,10,8,19,0,0,.171,.259,.289,.548
Landon L Powell,OAK,36,111,10,19,3,0,1,4,11,32,0,0,.171,.246,.225,.471
J. C. J Romero,COL,36,0,0,0,0,0,0,0,0,0,0,0,.000,.000,.000,.000
Justin J Sellers S,LAD,36,123,20,25,9,0,1,13,12,21,1,0,.203,.283,.301,.583
Marcus M Thames,LAD,36,66,4,13,1,1,2,7,4,16,0,0,.197,.243,.333,.576
Bronson B Arroyo,CIN,35,57,1,6,2,0,0,2,1,27,0,0,.105,.121,.140,.261
Joe J Beimel,PIT,35,1,0,0,0,0,0,0,0,1,0,0,.000,.000,.000,.000
Greg G Halman L,SEA,35,87,7,20,2,1,2,6,2,32,5,1,.230,.256,.345,.600
Trever T Miller,STL,35,0,0,0,0,0,0,0,0,0,0,0,.000,.000,.000,.000
Cord C Phelps,CLE,35,71,10,11,2,1,1,6,8,17,1,0,.155,.241,.254,.494
Miguel M Batista,NYM,34,6,1,0,0,0,0,0,0,2,0,0,.000,.000,.000,.000
Madison M Bumgarner,SF,34,59,5,7,4,0,0,3,5,18,0,0,.119,.188,.186,.374
Matt M Cain,SF,34,66,5,9,1,0,1,6,3,30,0,0,.136,.171,.197,.368
Chris C Capuano,NYM,34,56,2,4,2,0,0,0,0,33,0,0,.071,.071,.107,.179
David D Carpenter,HOU,34,0,0,0,0,0,0,0,0,0,0,0,.000,.000,.000,.000
Ryan R Dempster,CHC,34,58,1,5,0,0,0,0,1,19,0,0,.086,.102,.086,.188
Adam A Everett,CLE,34,60,9,13,1,0,0,1,5,14,1,0,.217,.277,.233,.510
Kyle K Kendrick,PHI,34,24,1,5,0,0,0,0,2,9,0,0,.208,.269,.208,.478
Cliff C Lee,PHI,34,75,6,15,2,0,2,7,1,26,1,0,.200,.208,.307,.514
Chris C Snyder,PIT,34,96,13,26,3,0,3,17,17,23,0,1,.271,.376,.396,.772
Javier J Vazquez,FLA,34,56,5,10,1,0,0,2,2,10,0,0,.179,.207,.196,.403
Eugenio E Velez,LAD,34,37,5,0,0,0,0,1,2,11,1,0,.000,.075,.000,.075
Sam S Demel,ARI,33,0,0,0,0,0,0,0,0,0,0,0,.000,.000,.000,.000
Kyle K Lohse,STL,33,63,3,11,2,0,0,3,1,17,0,0,.175,.188,.206,.394
Jake J Westbrook,STL,33,47,2,5,2,0,1,8,3,23,0,0,.106,.160,.213,.373
Julio J Borbon C,TEX,32,89,10,24,1,3,0,11,3,9,6,2,.270,.305,.348,.654
Chris C Carpenter,STL,32,71,2,11,3,0,0,5,2,25,0,0,.155,.178,.197,.375
Jhoulys J Chacín Chacin,COL,32,61,3,10,1,0,0,4,1,12,0,0,.164,.190,.180,.371
Octavio O Dotel,STL,32,2,0,0,0,0,0,0,0,1,0,0,.000,.000,.000,.000
Cole C Hamels,PHI,32,69,2,11,0,1,0,3,3,33,0,1,.159,.194,.188,.383
Jason J Hammel,COL,32,46,3,7,1,0,1,4,1,15,0,0,.152,.170,.239,.409
Daniel D Hudson,ARI,32,65,5,18,3,0,1,14,3,21,0,0,.277,.309,.369,.678
Tim T Hudson,ATL,32,69,4,8,1,0,1,4,4,20,0,0,.116,.164,.174,.338
Ian I Kennedy,ARI,32,61,3,8,3,0,0,4,4,24,0,0,.131,.197,.180,.377
Clayton C Kershaw,LAD,32,71,10,16,0,0,0,4,3,13,0,0,.225,.267,.225,.492
Ted T Lilly,LAD,32,58,0,5,2,0,0,4,0,13,1,1,.086,.086,.121,.207
Tim T Lincecum,SF,32,61,0,5,0,0,0,1,3,30,0,0,.082,.125,.082,.207
Derek D Lowe,ATL,32,52,4,9,4,0,1,7,4,18,0,0,.173,.232,.308,.540
Brett B Myers,HOU,32,63,3,10,1,0,0,0,4,22,0,0,.159,.209,.175,.384
Marc M Rzepczynski,STL,32,0,0,0,0,0,0,0,0,0,0,0,.000,.000,.000,.000
Matt M Angle C,BAL,31,79,12,14,4,0,1,7,12,13,11,1,.177,.293,.266,.559
John J Bowker,PHI,31,30,0,4,1,0,0,2,2,11,0,1,.133,.188,.167,.354
R. A. R Dickey,NYM,31,59,0,8,0,0,0,2,1,11,0,0,.136,.150,.136,.286
A. J. A Ellis,LAD,31,85,8,23,1,1,2,11,14,16,0,1,.271,.392,.376,.769
Juan J Francisco,CIN,31,93,10,24,7,1,3,15,4,24,1,0,.258,.289,.452,.740
Yovani Y Gallardo,MIL,31,68,10,15,4,0,1,4,3,24,0,0,.221,.254,.324,.577
Roy R Halladay,PHI,31,74,3,9,2,0,0,3,2,35,0,0,.122,.145,.149,.293
Dan D Johnson,TB,31,84,7,10,1,0,2,4,6,18,0,0,.119,.187,.202,.389
John J Lannan,WSH,31,57,3,5,0,0,1,5,3,24,0,0,.088,.133,.140,.274
Shaun S Marcum,MIL,31,59,4,9,2,0,1,6,4,21,0,0,.153,.219,.237,.456
Chris C Marrero,WSH,31,109,6,27,5,0,0,10,4,27,0,0,.248,.274,.294,.567
Ryan R Mattheus,WSH,31,0,0,0,0,0,0,0,0,0,0,0,.000,.000,.000,.000
James J Mc Donald,PIT,31,55,3,5,1,0,0,3,3,29,0,0,.091,.138,.109,.247
Ricky R Nolasco,FLA,31,56,5,5,2,0,0,1,3,22,0,0,.089,.150,.125,.275
Bud B Norris,HOU,31,53,3,7,2,0,0,5,1,25,0,0,.132,.145,.170,.315
Micah M Owings,ARI,31,19,2,4,0,0,0,1,0,8,0,0,.211,.211,.211,.421
Mike M Pelfrey,NYM,31,55,1,6,2,0,0,4,4,14,0,0,.109,.169,.145,.315
Dan D Runzler,SF,31,0,0,0,0,0,0,0,1,0,0,0,.000,1.000,.000,1.000
Anibal A Sánchez Sanchez,FLA,31,57,1,7,0,0,0,3,4,23,0,0,.123,.180,.123,.303
Bryan B Shaw,ARI,31,0,0,0,0,0,0,0,0,0,0,0,.000,.000,.000,.000
Tim T Stauffer,SD,31,54,2,8,0,0,0,6,1,19,0,0,.148,.161,.148,.309
Drew D Sutton,BOS,31,54,11,17,7,0,0,7,3,13,0,0,.315,.362,.444,.806
Craig C Tatum,BAL,31,87,7,17,3,0,0,7,6,21,1,0,.195,.245,.230,.475
Randy R Wolf,MIL,31,61,2,10,3,0,0,0,0,25,0,0,.164,.177,.213,.390
Chad C Billingsley,LAD,30,56,4,9,3,0,1,4,4,23,0,0,.161,.217,.268,.484
Jesus J Flores,WSH,30,86,5,18,6,0,1,2,5,27,0,0,.209,.253,.314,.567
Jaime J García Garcia,STL,30,62,3,6,0,0,1,6,1,18,0,0,.097,.111,.145,.256
Matt M Garza,CHC,30,64,2,6,0,0,0,1,1,42,0,0,.094,.121,.094,.215
Jeremy J Hermida R,SD,30,58,5,11,2,1,2,9,7,26,0,0,.190,.288,.362,.650
Livan L Hernandez,WSH,30,46,3,10,1,0,0,7,0,2,0,0,.217,.217,.239,.456
Hiroki H Kuroda,LAD,30,61,2,7,0,0,0,1,4,20,0,0,.115,.169,.115,.284
Daniel D Moskos,PIT,30,0,0,0,0,0,0,0,0,0,0,0,.000,.000,.000,.000
Joe J Saunders,ARI,30,61,2,12,1,0,0,4,2,15,0,0,.197,.222,.213,.435
Doug D Slaten,WSH,30,0,0,0,0,0,0,0,0,0,0,0,.000,.000,.000,.000
Ryan R Vogelsong,SF,30,53,7,12,1,0,0,2,2,15,0,0,.226,.268,.245,.513
Danny D Worth,DET,30,37,6,10,2,0,0,3,2,9,0,0,.270,.308,.324,.632
Ryan R Adams,BAL,29,89,9,25,4,0,0,7,6,25,0,0,.281,.333,.326,.659
Josh J Collmenter,ARI,29,40,2,6,0,0,0,1,2,16,0,0,.150,.209,.150,.359
Dillon D Gee,NYM,29,46,3,5,0,0,0,4,2,22,0,0,.109,.160,.109,.269
Tom T Gorzelanny,WSH,29,28,2,3,0,0,0,1,2,13,0,0,.107,.167,.107,.274
Mat M Latos,SD,29,56,3,4,1,0,1,1,1,28,0,0,.071,.103,.143,.246
Charlie C Morton,PIT,29,50,0,4,3,0,0,2,1,29,0,0,.080,.094,.140,.234
Chris C Narveson,MIL,29,49,2,8,2,0,0,5,3,19,0,0,.163,.212,.204,.416
Will W Rhymes,DET,29,85,13,20,3,0,0,2,11,12,1,0,.235,.323,.271,.594
Wandy W Rodriguez,HOU,29,61,1,11,3,0,0,5,0,12,0,0,.180,.180,.230,.410
Takashi T Saito,MIL,29,0,0,0,0,0,0,0,0,0,0,0,.000,.000,.000,.000
Esmerling E Vasquez,ARI,29,0,0,0,0,0,0,0,0,0,0,0,.000,.000,.000,.000
Dayan D Viciedo R,CWS,29,102,11,26,3,0,1,6,9,23,1,0,.255,.327,.314,.641
Fernando F Abad,HOU,28,0,0,0,0,0,0,0,0,0,0,0,.000,.000,.000,.000
Danys D Baez,PHI,28,2,0,0,0,0,0,0,0,1,0,0,.000,.000,.000,.000
Milton M Bradley L,SEA,28,101,12,22,6,1,2,13,13,31,4,0,.218,.313,.356,.670
Jason J Grilli,PIT,28,1,0,0,0,0,0,0,0,1,0,0,.000,.000,.000,.000
Carlos C Guillen,DET,28,95,8,22,2,1,3,13,5,16,1,1,.232,.265,.368,.633
J. A. J Happ,HOU,28,43,3,7,1,0,1,4,3,17,0,0,.163,.217,.256,.473
Aaron A Harang,SD,28,56,3,5,1,0,0,1,0,23,0,0,.089,.089,.107,.196
Aaron A Heilman,ARI,28,1,0,0,0,0,0,0,0,0,0,0,.000,.000,.000,.000
Jeff J Karstens,PIT,28,48,2,5,1,0,0,2,3,28,0,0,.104,.157,.125,.282
Jonathon J Niese,NYM,28,49,1,3,0,1,0,0,4,33,0,0,.061,.132,.102,.234
Scott S Proctor,ATL,28,2,0,0,0,0,0,1,0,0,0,0,.000,.000,.000,.000
Charlie C Blackmon L,COL,27,98,9,25,1,0,1,8,3,8,5,1,.255,.277,.296,.573
David D Cooper,TOR,27,71,9,15,7,0,2,12,7,14,0,0,.211,.284,.394,.678
Jake J Fox,BAL,27,61,8,15,4,1,2,6,4,8,0,0,.246,.313,.443,.756
Zack Z Greinke,MIL,27,49,6,7,0,0,1,1,3,9,1,0,.143,.192,.204,.396
Josh J Lindblom,LAD,27,1,0,0,0,0,0,0,0,1,0,0,.000,.000,.000,.000
Eric E Sogard S,OAK,27,70,7,14,3,0,2,4,4,13,0,0,.200,.243,.329,.572
Chris C Volstad,FLA,27,46,3,9,2,0,0,2,1,19,0,0,.196,.213,.239,.452
Brad B Ziegler,ARI,27,0,0,0,0,0,0,0,0,0,0,0,.000,.000,.000,.000
Josh J Bard,SEA,26,81,5,17,4,0,2,11,5,20,0,0,.210,.256,.333,.589
Anthony A Bass,SD,26,5,0,0,0,0,0,0,0,3,0,0,.000,.000,.000,.000
Josh J Bell,BAL,26,61,6,10,0,0,0,6,4,25,0,0,.164,.215,.164,.379
Jarrod J Dyson C,KC,26,44,8,9,1,0,0,3,7,14,11,1,.205,.308,.227,.535
Darren D Ford C,SF,26,14,7,4,0,0,0,0,1,5,7,5,.286,.375,.286,.661
Jason J Marquis,ARI,26,46,3,8,1,0,0,3,0,14,0,0,.174,.174,.196,.370
Jordan J Zimmermann,WSH,26,43,1,9,1,0,0,3,2,12,0,0,.209,.244,.233,.477
Eliezer E Alfonzo,COL,25,75,2,20,1,0,1,9,3,13,0,0,.267,.304,.320,.624
Kevin K Correia,PIT,25,46,0,4,2,0,0,3,1,19,0,0,.087,.106,.130,.237
Blake B Davis,BAL,25,59,6,15,3,1,1,6,6,13,1,1,.254,.323,.390,.713
Brad B Lidge,PHI,25,0,0,0,0,0,0,0,0,0,0,0,.000,.000,.000,.000
Rodrigo R Lopez,CHC,25,30,1,2,0,0,0,0,1,11,0,0,.067,.097,.067,.163
Russell R Mitchell,LAD,25,51,5,8,1,0,2,3,7,10,0,0,.157,.259,.294,.553
Eduardo E Sanchez,STL,25,2,0,0,0,0,0,0,0,1,0,0,.000,.000,.000,.000
Travis T Wood,CIN,25,30,2,2,0,0,1,3,0,14,0,0,.067,.067,.167,.233
Brandon B Beachy,ATL,24,43,0,3,0,0,0,1,1,22,0,0,.070,.091,.070,.161
Jay J Gibbons L,LAD,24,55,5,14,2,0,1,5,5,14,0,0,.255,.323,.345,.668
Chris C Gimenez,SEA,24,59,6,12,1,0,1,6,10,13,0,1,.203,.314,.271,.586
Paul P Maholm,PIT,24,46,1,5,0,0,0,1,3,22,0,0,.109,.163,.109,.272
Evan E Meek,PIT,24,0,0,0,0,0,0,0,0,0,0,0,.000,.000,.000,.000
Andy A Parrino,SD,24,44,3,8,1,0,0,4,9,17,1,0,.182,.327,.205,.532
Adam A Rosales S,OAK,24,61,5,6,0,0,2,8,4,13,0,0,.098,.162,.197,.358
Vance V Worley,PHI,24,45,4,10,1,0,0,5,1,14,0,0,.222,.239,.244,.484
Alexi A Amarista,LAA,23,52,2,8,3,1,0,5,2,8,0,0,.154,.182,.250,.432
Geoff G Blum,ARI,23,49,8,11,3,0,2,10,5,9,0,0,.224,.309,.408,.717
Ramon R Castro,CWS,23,68,6,16,3,0,4,10,7,23,0,0,.235,.307,.456,.762
Pedro P Ciriaco,PIT,23,33,4,10,2,1,0,6,1,6,2,1,.303,.324,.424,.748
Johnny J Cueto,CIN,23,47,3,3,0,0,0,0,2,11,0,0,.064,.102,.064,.166
Brian B Dinkelman,MIN,23,73,5,22,1,0,0,4,4,14,2,0,.301,.346,.315,.661
Jason J Jaramillo,PIT,23,43,1,14,3,0,0,6,2,12,1,0,.326,.356,.395,.751
Jair J Jurrjens,ATL,23,47,0,5,0,0,0,1,1,13,0,0,.106,.125,.106,.231
Kila K Ka'aihue,KC,23,82,6,16,4,0,2,6,12,26,0,0,.195,.295,.317,.612
Chris C Leroux,PIT,23,0,0,0,0,0,0,0,0,0,0,0,.000,.000,.000,.000
Marcos M Mateo,CHC,23,1,0,0,0,0,0,0,0,0,0,0,.000,.000,.000,.000
Roy R Oswalt,PHI,23,38,2,3,0,0,0,2,4,14,0,0,.079,.167,.079,.246
Ramiro R Pena,NYY,23,40,5,4,0,0,1,4,2,11,0,0,.100,.159,.175,.334
Arthur A Rhodes,STL,23,1,0,0,0,0,0,0,0,1,0,0,.000,.000,.000,.000
Mike M Baxter R,NYM,22,34,6,8,2,1,1,4,5,9,0,0,.235,.350,.441,.791
Taylor T Buchholz,NYM,22,2,0,0,0,0,0,0,0,0,0,0,.000,.000,.000,.000
Aaron A Cook,COL,22,34,1,5,0,0,0,2,0,11,0,0,.147,.147,.147,.294
Diory D Hernandez,ATL,22,33,4,7,1,0,1,4,0,5,0,0,.212,.212,.333,.546
Chin- Lung C Hu,NYM,22,20,2,1,0,0,0,1,1,11,1,0,.050,.091,.050,.141
Julio J Lugo,ATL,22,44,3,6,0,0,0,3,4,11,0,0,.136,.208,.136,.345
Luis L Martinez,SD,22,59,7,12,1,1,1,10,8,14,1,0,.203,.309,.305,.614
Sergio S Mitre,NYY,22,2,0,0,0,0,0,0,0,0,0,0,.000,.000,.000,.000
Jose J Morales,COL,22,60,6,16,3,0,0,7,9,12,0,1,.267,.352,.317,.669
Yamaico Y Navarro,KC,22,60,8,15,3,0,1,9,5,14,0,0,.250,.303,.350,.653
Pat P Neshek,SD,22,0,0,0,0,0,0,0,0,0,0,0,.000,.000,.000,.000
Ramon R Ortiz,CHC,22,2,0,0,0,0,0,0,0,2,0,0,.000,.000,.000,.000
Esmil E Rogers,COL,22,27,2,7,1,0,0,0,0,12,0,0,.259,.259,.296,.556
Randy R Wells,CHC,22,43,2,6,0,0,0,1,1,13,0,0,.140,.159,.140,.299
Reggie R Willits L,LAA,22,22,0,1,1,0,0,1,4,7,0,0,.045,.192,.091,.283
Carlos C Zambrano,CHC,22,44,8,14,2,0,2,5,2,14,0,0,.318,.348,.500,.848
Homer H Bailey,CIN,21,39,7,11,2,0,0,2,1,11,0,0,.282,.300,.333,.633
Collin C Balester,WSH,21,4,0,0,0,0,0,0,0,0,0,0,.000,.000,.000,.000
Joe J Benson L,MIN,21,71,3,17,6,1,0,2,3,21,2,2,.239,.270,.352,.622
Zach Z Braddock,MIL,21,0,0,0,0,0,0,0,0,0,0,0,.000,.000,.000,.000
Casey C Coleman,CHC,21,25,1,4,1,1,0,0,0,6,0,0,.160,.160,.280,.440
Tim T Dillard,MIL,21,0,0,0,0,0,0,0,0,0,0,0,.000,.000,.000,.000
Mike M Nickeas,NYM,21,53,4,10,1,0,1,6,4,11,0,1,.189,.246,.264,.510
Jordan J Pacheco,COL,21,84,5,24,1,0,2,14,3,9,0,0,.286,.318,.369,.687
Chris C Parmelee,MIN,21,76,8,27,6,0,4,14,12,13,0,0,.355,.443,.592,1.035
Wesley W Wright,HOU,21,1,0,0,0,0,0,0,0,1,0,0,.000,.000,.000,.000
Robinson R Chirinos,TB,20,55,4,12,2,0,1,7,5,13,0,0,.218,.283,.309,.592
Zach Z Duke,ARI,20,20,3,6,0,0,2,6,1,7,0,0,.300,.333,.600,.933
Taylor T Green,MIL,20,37,2,10,3,0,0,1,0,6,0,0,.270,.270,.351,.622
Juan J Gutierrez,ARI,20,0,0,0,0,0,0,0,0,0,0,0,.000,.000,.000,.000
Tommy T Hanson,ATL,20,39,0,2,0,0,0,0,0,15,0,0,.051,.051,.051,.103
Joe J Inglett,HOU,20,27,3,6,1,0,0,1,0,7,0,0,.222,.222,.259,.482
Ubaldo U Jiménez Jimenez,COL,20,35,0,4,0,0,0,3,2,18,0,0,.114,.162,.114,.276
Bryan B La Hair R,CHC,20,59,9,17,5,1,2,6,9,18,0,0,.288,.377,.508,.885
Ozzie O Martínez Martinez,FLA,20,23,0,3,0,0,0,1,0,9,0,0,.130,.130,.130,.261
Wil W Nieves,MIL,20,50,2,7,2,0,0,0,3,12,0,0,.140,.189,.180,.369
Felipe F Paulino,KC,20,1,0,0,0,0,0,1,0,1,0,0,.000,.000,.000,.000
Wilkin W Ramirez,ATL,20,26,5,6,2,0,0,2,4,11,0,2,.231,.333,.308,.641
Matt M Young L,ATL,20,48,4,10,1,0,0,1,4,6,0,1,.208,.269,.229,.498
Ryan R Franklin,STL,19,2,0,0,0,0,0,0,0,1,0,0,.000,.000,.000,.000
Ryan R Langerhans C,SEA,19,52,6,9,0,0,3,6,11,22,0,1,.173,.317,.346,.664
Jordan J Lyles,HOU,19,25,2,3,0,0,0,0,2,9,0,0,.120,.185,.120,.305
Josh J Roenicke,COL,19,0,0,0,0,0,0,0,0,0,0,0,.000,.000,.000,.000
Blake B Tekotte,SD,19,34,1,6,1,1,0,1,4,21,2,1,.176,.263,.265,.528
Adron A Chambers L,STL,18,8,2,3,0,1,0,4,0,1,0,0,.375,.375,.625,1.000
Justin J Christian C,SF,18,47,6,12,5,0,0,4,2,8,3,2,.255,.286,.362,.647
James J Darnell,SD,18,45,2,10,2,0,1,7,5,7,1,0,.222,.294,.333,.628
Cory C Gearrin,ATL,18,0,0,0,0,0,0,0,0,0,0,0,.000,.000,.000,.000
Cesar C Izturis S,BAL,18,30,4,6,0,0,0,1,2,10,0,0,.200,.250,.200,.450
Devin D Mesoraco,CIN,18,50,5,9,3,0,2,6,3,10,0,0,.180,.226,.360,.586
Jesus J Montero D,NYY,18,61,9,20,4,0,4,12,7,17,0,0,.328,.406,.590,.996
Dustin D Moseley,SD,18,29,0,4,0,0,0,0,1,11,0,0,.138,.167,.138,.305
Clayton C Richard,SD,18,28,0,3,1,0,0,2,1,12,0,0,.107,.138,.143,.281
Jonathan J Sánchez Sanchez,SF,18,29,2,6,4,0,0,1,1,12,0,0,.207,.233,.345,.578
Joe J Thatcher,SD,18,0,0,0,0,0,0,0,0,0,0,0,.000,.000,.000,.000
Anthony A Varvaro,ATL,18,0,0,0,0,0,0,0,0,0,0,0,.000,.000,.000,.000
Edinson E Vólquez Volquez,CIN,18,26,2,3,0,0,0,0,1,13,0,0,.115,.148,.115,.264
Ivan I De Jesús,LAD,17,32,2,6,0,0,0,1,2,11,0,0,.188,.235,.188,.423
Matt M Dominguez,FLA,17,45,2,11,4,0,0,2,2,8,0,0,.244,.292,.333,.625
Carlos C Fisher,CIN,17,2,0,0,0,0,0,0,0,1,0,0,.000,.000,.000,.000
Daniel D Herrera,NYM,17,0,0,0,0,0,0,0,0,0,0,0,.000,.000,.000,.000
Brandon B Hicks,ATL,17,21,1,1,0,0,0,1,1,9,0,0,.048,.091,.048,.138
Ryan R Lavarnway D,BOS,17,39,5,9,2,0,2,8,4,10,0,0,.231,.302,.436,.738
Franklin F Morales,BOS,17,0,0,0,0,0,0,0,0,0,0,0,.000,.000,.000,.000
Luis L Valbuena,CLE,17,43,4,9,0,0,1,1,1,9,1,0,.209,.227,.279,.506
Arodys A Vizcaíno Vizcaino,ATL,17,0,0,0,0,0,0,0,0,0,0,0,.000,.000,.000,.000
Erick E Almonte,MIL,16,29,1,3,0,0,1,3,0,4,0,0,.103,.103,.207,.310
John J Baker,FLA,16,13,0,2,0,0,0,1,2,3,0,0,.154,.267,.154,.420
Brandon B Boggs,MIL,16,19,4,3,0,0,2,2,3,8,1,0,.158,.273,.474,.746
Alberto A Castillo,ARI,16,0,0,0,0,0,0,0,0,0,0,0,.000,.000,.000,.000
Jose J Ceda,FLA,16,0,0,0,0,0,0,0,0,0,0,0,.000,.000,.000,.000
Tommy T Field S,COL,16,48,4,13,0,0,0,3,3,14,0,0,.271,.314,.271,.585
Pete P Kozma,STL,16,17,2,3,1,0,0,1,4,4,0,0,.176,.333,.235,.569
Lance L Lynn,STL,16,4,0,0,0,0,0,0,1,1,0,0,.000,.200,.000,.200
Wilin W Rosario,COL,16,54,6,11,3,1,3,8,2,20,0,0,.204,.228,.463,.691
Jordan J Smith,CIN,16,2,0,0,0,0,0,0,0,0,0,0,.000,.000,.000,.000
Mitch M Stetter,MIL,16,0,0,0,0,0,0,0,0,0,0,0,.000,.000,.000,.000
Brian B Tallet,STL,16,0,0,0,0,0,0,0,0,0,0,0,.000,.000,.000,.000
Ramon R Troncoso,LAD,16,1,0,0,0,0,0,0,0,1,0,0,.000,.000,.000,.000
Dontrelle D Willis,CIN,16,31,2,12,3,1,1,4,0,4,0,0,.387,.387,.645,1.032
Chris C Carter,OAK,15,44,2,6,0,0,0,0,2,20,0,0,.136,.174,.136,.310
Jose J Contreras,PHI,15,0,0,0,0,0,0,0,0,0,0,0,.000,.000,.000,.000
Michael M Crotta,PIT,15,0,0,0,0,0,0,0,0,0,0,0,.000,.000,.000,.000
Trevor T Crowe L,CLE,15,28,6,6,1,0,0,2,4,9,3,0,.214,.313,.250,.562
Ross R Detwiler,WSH,15,19,0,2,0,0,0,1,0,3,0,0,.105,.105,.105,.210
Conor C Gillaspie,SF,15,19,2,5,0,0,1,2,2,1,0,0,.263,.333,.421,.754
Brandon B Guyer R,TB,15,41,7,8,1,0,2,3,1,9,0,0,.195,.214,.366,.580
Edwin E Jackson,STL,15,30,2,8,0,0,0,2,1,9,0,1,.267,.281,.267,.548
Alex A Liddi,SEA,15,40,7,9,3,0,3,6,3,17,1,0,.225,.295,.525,.820
Jose J Lobatón Lobaton,TB,15,34,2,4,1,0,0,0,4,8,0,0,.118,.231,.147,.378
Brandon B Lyon,HOU,15,1,0,1,1,0,0,1,0,0,0,0,1.000,1.000,2.000,3.000
Mike M Minor,ATL,15,27,1,3,2,0,0,0,3,15,0,0,.111,.200,.185,.385
Clayton C Mortensen,COL,15,13,1,0,0,0,0,1,1,9,0,0,.000,.067,.000,.067
Brett B Pill,SF,15,50,7,15,3,2,2,9,2,8,0,1,.300,.321,.560,.881
Dane D Sardinha,PHI,15,32,8,7,1,0,0,1,10,13,0,0,.219,.419,.250,.669
Josh J Satin,NYM,15,25,3,5,1,0,0,2,1,11,0,0,.200,.259,.240,.499
Jonathan J Broxton,LAD,14,0,0,0,0,0,0,0,0,0,0,0,.000,.000,.000,.000
Brad B Emaus,NYM,14,37,2,6,0,0,0,1,4,9,0,0,.162,.262,.162,.424
Edgmer E Escalona,COL,14,3,0,0,0,0,0,0,0,3,0,0,.000,.000,.000,.000
Sean S Green,MIL,14,0,0,0,0,0,0,0,0,0,0,0,.000,.000,.000,.000
Erik E Hamren,SD,14,0,0,0,0,0,0,0,0,0,0,0,.000,.000,.000,.000
Kyle K Hudson L,BAL,14,28,3,4,0,0,0,2,0,6,2,0,.143,.143,.143,.286
Adam A Loewen R,TOR,14,32,4,6,1,0,1,4,3,13,0,0,.188,.297,.313,.610
Josh J Stinson,NYM,14,0,0,0,0,0,0,0,1,0,0,0,.000,1.000,.000,1.000
Taylor T Teagarden,TEX,14,34,3,8,2,0,0,2,2,13,0,0,.235,.278,.294,.572
Chris C Valaika,CIN,14,25,3,7,1,1,0,0,2,3,0,0,.280,.333,.400,.733
Steve S Edlefsen,SF,13,1,0,0,0,0,0,0,0,1,0,0,.000,.000,.000,.000
Wade W Le Blanc,SD,13,22,3,8,0,0,0,1,1,4,0,0,.364,.391,.364,.755
Brad B Lincoln,PIT,13,12,1,1,1,0,0,1,1,5,0,0,.083,.154,.167,.320
Steve S Lombardozzi,WSH,13,31,3,6,1,0,0,1,1,4,0,0,.194,.219,.226,.445
Peter P Moylan,ATL,13,0,0,0,0,0,0,0,0,0,0,0,.000,.000,.000,.000
Greg G Reynolds,COL,13,8,0,1,0,0,0,0,0,4,0,0,.125,.125,.125,.250
Hector H Sánchez Sanchez,SF,13,31,0,8,2,0,0,1,3,6,0,0,.258,.324,.323,.646
Drew D Carpenter,SD,12,0,0,0,0,0,0,0,0,0,0,0,.000,.000,.000,.000
Ryan R Cook,ARI,12,0,0,0,0,0,0,0,0,0,0,0,.000,.000,.000,.000
Rubby R De La Rosa,LAD,12,14,1,3,0,0,0,0,1,1,0,0,.214,.267,.214,.481
Chris C Hatcher,FLA,12,0,0,0,0,0,0,0,0,0,0,0,.000,.000,.000,.000
Jeremy J Horst,CIN,12,1,0,1,0,0,0,1,0,0,0,0,1.000,1.000,1.000,2.000
Jared J Hughes,PIT,12,0,0,0,0,0,0,0,0,0,0,0,.000,.000,.000,.000
Matt M Pagnozzi,PIT,12,29,2,8,0,0,0,3,1,10,0,0,.276,.323,.276,.598
Cody C Ransom S,ARI,12,33,3,5,2,0,1,4,3,9,1,0,.152,.243,.303,.546
Michael M Schwimer,PHI,12,1,0,0,0,0,0,0,0,1,0,0,.000,.000,.000,.000
Barry B Zito,SF,12,13,0,0,0,0,0,0,1,5,0,0,.000,.071,.000,.071
Joe J Blanton,PHI,11,11,1,2,0,0,0,2,0,3,0,0,.182,.182,.182,.364
Brian B Broderick,WSH,11,0,0,0,0,0,0,0,0,0,0,0,.000,.000,.000,.000
Andrew A Brown R,STL,11,22,1,4,1,0,0,3,0,8,0,0,.182,.182,.227,.409
Dusty D Brown,PIT,11,28,2,3,0,0,0,0,1,10,1,0,.107,.138,.107,.245
Zack Z Cozart S,CIN,11,37,6,12,0,0,2,3,0,6,0,0,.324,.324,.486,.811
Frankie F De La Cruz,MIL,11,0,0,0,0,0,0,0,0,0,0,0,.000,.000,.000,.000
Esteban E German,TEX,11,11,6,5,1,0,1,4,1,1,1,0,.455,.462,.818,1.280
Cole C Kimball,WSH,11,1,1,0,0,0,0,0,1,1,0,0,.000,.500,.000,.500
Brandon B Laird,NYY,11,21,3,4,0,0,0,1,3,4,0,0,.190,.292,.190,.482
Fernando F Martinez,NYM,11,22,3,5,2,0,1,2,1,7,0,0,.227,.261,.455,.715
Dallas D Mc Pherson,CWS,11,15,1,2,0,0,0,0,0,7,0,0,.133,.133,.133,.267
Juan J Nicasio,COL,11,22,0,3,2,0,0,0,0,16,0,0,.136,.136,.227,.364
Omar O Quintanilla,TEX,11,22,3,1,0,1,0,2,0,9,0,0,.045,.045,.136,.182
Omir O Santos,DET,11,22,1,5,0,0,0,0,0,4,0,0,.227,.227,.227,.454
Michael M Taylor R,OAK,11,30,4,6,0,0,1,1,5,11,0,0,.200,.314,.300,.614
Dale D Thayer,NYM,11,0,0,0,0,0,0,0,0,0,0,0,.000,.000,.000,.000
Jose G. J Valdez,HOU,11,0,0,0,0,0,0,0,0,0,0,0,.000,.000,.000,.000
Chien- Ming C Wang,WSH,11,19,0,1,0,0,0,1,1,10,0,0,.053,.100,.053,.153
Chris C Woodward,TOR,11,10,3,0,0,0,0,0,0,4,0,0,.000,.000,.000,.000
Jorge J De La Rosa,COL,10,21,1,5,0,0,0,3,0,10,0,0,.238,.238,.238,.476
Nathan N Eovaldi,LAD,10,11,1,1,0,0,0,0,1,9,0,0,.091,.167,.091,.258
Eric E Fryer,PIT,10,26,5,7,0,0,0,0,3,7,1,1,.269,.345,.269,.614
Mat M Gamel,MIL,10,26,1,3,1,0,0,2,1,4,0,0,.115,.148,.154,.302
Chad C Gaudin,WSH,10,0,0,0,0,0,0,0,0,0,0,0,.000,.000,.000,.000
Brad B Hand,FLA,10,17,1,2,0,0,0,1,0,7,0,0,.118,.118,.118,.235
Jerad J Head L,CLE,10,24,2,3,1,0,0,1,0,5,1,0,.125,.160,.167,.327
Jose J Iglesias S,BOS,10,6,3,2,0,0,0,0,0,2,0,0,.333,.333,.333,.667
Yunesky Y Maya,WSH,10,8,0,0,0,0,0,0,0,5,0,0,.000,.000,.000,.000
Valentino V Pascucci,NYM,10,11,1,3,0,0,1,2,0,3,0,0,.273,.273,.545,.818
Andrew An Romine S,LAA,10,16,2,2,0,0,0,0,1,6,1,0,.125,.176,.125,.302
Henry H Sosa,HOU,10,15,3,1,1,0,0,0,2,8,0,0,.067,.176,.133,.310
Tim T Wood,PIT,10,0,0,0,0,0,0,0,0,0,0,0,.000,.000,.000,.000
Brad B Brach,SD,9,0,0,0,0,0,0,0,0,0,0,0,.000,.000,.000,.000
Eduardo E Escobar,CWS,9,7,0,2,0,0,0,0,0,1,0,0,.286,.286,.286,.571
Greg G Golson L,NYY,9,11,1,2,0,0,0,0,1,2,1,0,.182,.250,.182,.432
Josh J Johnson,FLA,9,19,1,3,0,0,0,4,2,10,0,0,.158,.238,.158,.396
Brandon B Kintzler,MIL,9,1,0,0,0,0,0,0,0,1,0,0,.000,.000,.000,.000
Mike M Mc Clendon,MIL,9,0,0,0,0,0,0,0,0,0,0,0,.000,.000,.000,.000
Kevin K Millwood,COL,9,19,3,3,0,0,2,3,1,8,0,0,.158,.200,.474,.674
Ross R Ohlendorf,PIT,9,14,2,3,0,0,1,4,0,7,0,0,.214,.214,.429,.643
Vicente V Padilla,LAD,9,0,0,0,0,0,0,0,0,0,0,0,.000,.000,.000,.000
Antoan A Richardson,ATL,9,4,2,2,0,0,0,0,0,0,1,0,.500,.500,.500,1.000
Mariano M Rivera,NYY,9,0,0,0,0,0,0,0,0,0,0,0,.000,.000,.000,.000
Shane S Robinson C,STL,9,7,0,0,0,0,0,0,1,2,0,0,.000,.125,.000,.125
Austin Au Romine,NYY,9,19,2,3,0,0,0,0,1,5,0,0,.158,.200,.158,.358
Evan E Scribner,SD,9,0,0,0,0,0,0,0,0,0,0,0,.000,.000,.000,.000
Jose J Ascanio,PIT,8,0,0,0,0,0,0,0,0,0,0,0,.000,.000,.000,.000
Lance L Cormier,LAD,8,1,0,0,0,0,0,0,0,0,0,0,.000,.000,.000,.000
Barry B Enright,ARI,8,12,1,2,0,0,1,2,2,2,0,0,.167,.286,.417,.702
Nelson N Figueroa,HOU,8,9,0,2,0,0,0,0,0,2,0,0,.222,.222,.222,.444
Armando A Galarraga,ARI,8,15,0,0,0,0,0,1,0,7,0,0,.000,.000,.000,.000
Jon J Garland,LAD,8,11,1,0,0,0,0,0,1,3,0,0,.000,.083,.000,.083
Matt M Maloney,CIN,8,4,0,0,0,0,0,0,0,0,0,0,.000,.000,.000,.000
Leonys L Martin C,TEX,8,8,2,3,1,0,0,0,0,1,0,0,.375,.375,.500,.875
Wade W Miley,ARI,8,13,1,1,0,0,0,1,2,2,0,0,.077,.200,.077,.277
Jeremy J Moore R,LAA,8,8,3,1,0,0,0,0,0,2,0,0,.125,.125,.125,.250
Efren E Navarro,LAA,8,10,1,2,1,0,0,0,1,1,0,0,.200,.273,.300,.573
Michael M O' Connor,NYM,8,0,0,0,0,0,0,0,0,0,0,0,.000,.000,.000,.000
Juan Pablo J Perez,PHI,8,0,0,0,0,0,0,0,0,0,0,0,.000,.000,.000,.000
David D Robertson,NYY,8,0,0,0,0,0,0,0,0,0,0,0,.000,.000,.000,.000
Vinny V Rottino,FLA,8,12,1,2,0,0,0,0,2,4,0,0,.167,.286,.167,.452
Logan L Schafer,MIL,8,3,1,1,0,0,0,0,1,1,0,0,.333,.500,.333,.833
Brad B Snyder,CHC,8,9,1,1,0,0,0,0,0,6,0,0,.111,.111,.111,.222
Mike M Wilson L,SEA,8,27,0,4,1,0,0,3,1,7,0,0,.148,.179,.185,.364
Juan J Abreu,HOU,7,0,0,0,0,0,0,0,0,0,0,0,.000,.000,.000,.000
Luis L Ayala,NYY,7,0,0,0,0,0,0,0,0,0,0,0,.000,.000,.000,.000
Justin J Berg,CHC,7,2,0,0,0,0,0,0,0,1,0,0,.000,.000,.000,.000
Alex A Burnett,MIN,7,0,0,0,0,0,0,0,0,0,0,0,.000,.000,.000,.000
Chris C Carpenter,CHC,7,0,0,0,0,0,0,0,0,0,0,0,.000,.000,.000,.000
Matt M Carpenter,STL,7,15,0,1,1,0,0,0,4,4,0,0,.067,.263,.133,.396
Andrew A Cashner,CHC,7,1,0,0,0,0,0,0,0,1,0,0,.000,.000,.000,.000
Juan J Castro,LAD,7,14,2,4,0,0,0,1,1,4,0,0,.286,.333,.286,.619
Matt M Daley,COL,7,0,0,0,0,0,0,0,0,0,0,0,.000,.000,.000,.000
Doug D Davis,CHC,7,10,0,0,0,0,0,0,0,4,0,0,.000,.000,.000,.000
Randall R Delgado,ATL,7,10,0,0,0,0,0,0,0,6,0,0,.000,.000,.000,.000
Tim T Federowicz,LAD,7,13,0,2,0,0,0,1,2,4,0,0,.154,.313,.154,.466
Joey J Gathright,BOS,7,0,1,0,0,0,0,0,1,0,1,1,.000,1.000,.000,1.000
Jai J Miller C,OAK,7,12,2,3,0,0,1,2,0,5,0,0,.250,.250,.500,.750
Jeremy J Reed,MIL,7,7,0,0,0,0,0,0,0,2,0,0,.000,.000,.000,.000
Josh J Rodriguez S,PIT,7,12,1,1,0,0,0,1,1,8,0,0,.083,.214,.083,.298
Craig C Stammen,WSH,7,2,1,1,0,0,0,0,0,0,0,0,.500,.500,.500,1.000
Alex A White,COL,7,13,1,1,1,0,0,0,0,6,0,0,.077,.077,.154,.231
Lars L Anderson,BOS,6,5,2,0,0,0,0,0,0,3,0,0,.000,.000,.000,.000
Jared J Burton,CIN,6,0,0,0,0,0,0,0,0,0,0,0,.000,.000,.000,.000
Lorenzo L Cain R,KC,6,22,4,6,1,0,0,1,1,4,0,0,.273,.304,.318,.622
Scott S Downs,LAA,6,0,0,0,0,0,0,0,0,0,0,0,.000,.000,.000,.000
Kyle K Farnsworth,TB,6,0,0,0,0,0,0,0,0,0,0,0,.000,.000,.000,.000
Lucas L Harrell,HOU,6,3,0,0,0,0,0,0,0,3,0,0,.000,.000,.000,.000
Steve S Holm,MIN,6,17,1,2,1,0,0,0,1,4,0,0,.118,.167,.176,.343
Cedric C Hunter,SD,6,4,1,1,0,0,0,0,1,0,0,1,.250,.400,.250,.650
Donny D Lucy,CWS,6,10,1,2,1,0,0,1,1,5,0,0,.200,.273,.300,.573
Kam K Mickolio,ARI,6,1,0,0,0,0,0,0,0,0,0,0,.000,.000,.000,.000
Jim J Miller,COL,6,0,0,0,0,0,0,0,0,0,0,0,.000,.000,.000,.000
Hector H Noesí Noesi,NYY,6,0,0,0,0,0,0,0,0,0,0,0,.000,.000,.000,.000
Will W Ohman,CWS,6,0,0,0,0,0,0,0,0,0,0,0,.000,.000,.000,.000
Cesar C Ramos,TB,6,0,0,0,0,0,0,0,0,0,0,0,.000,.000,.000,.000
Atahualpa A Severino,WSH,6,0,0,0,0,0,0,0,0,0,0,0,.000,.000,.000,.000
Brandon B Snyder,BAL,6,13,2,3,1,0,0,1,3,4,0,0,.231,.412,.308,.720
Eric E Stults,COL,6,2,0,1,1,0,0,0,0,0,0,0,.500,.500,1.000,1.500
Eric E Surkamp,SF,6,8,0,1,0,0,0,1,1,5,0,0,.125,.222,.125,.347
Jairo J Asencio,ATL,5,0,0,0,0,0,0,0,0,0,0,0,.000,.000,.000,.000
Bryan B Augenstein,STL,5,1,0,1,0,0,0,0,0,0,0,0,1.000,1.000,1.000,2.000
Daniel D Bard,BOS,5,0,0,0,0,0,0,0,0,0,0,0,.000,.000,.000,.000
Blaine B Boyer,NYM,5,0,0,0,0,0,0,0,0,0,0,0,.000,.000,.000,.000
Yhency Y Brazoban,ARI,5,0,0,0,0,0,0,0,0,0,0,0,.000,.000,.000,.000
Craig C Breslow,OAK,5,0,0,0,0,0,0,0,0,0,0,0,.000,.000,.000,.000
Brian B Bruney,CWS,5,0,0,0,0,0,0,0,0,0,0,0,.000,.000,.000,.000
Brian B Burres,PIT,5,3,0,0,0,0,0,0,0,1,0,0,.000,.000,.000,.000
Tim T Collins,KC,5,0,0,0,0,0,0,0,0,0,0,0,.000,.000,.000,.000
Justin J De Fratus,PHI,5,0,0,0,0,0,0,0,0,0,0,0,.000,.000,.000,.000
John J Ely,LAD,5,3,0,0,0,0,0,0,1,2,0,1,.000,.250,.000,.250
Dana D Eveland,LAD,5,9,0,0,0,0,0,0,1,7,0,0,.000,.100,.000,.100
Neftali N Feliz,TEX,5,0,0,0,0,0,0,0,0,0,0,0,.000,.000,.000,.000
Brian B Fuentes,OAK,5,0,0,0,0,0,0,0,0,0,0,0,.000,.000,.000,.000
Cole C Gillespie L,ARI,5,6,2,2,0,0,1,4,1,1,0,0,.333,.429,.833,1.262
Waldis W Joaquin,SF,5,0,0,0,0,0,0,0,0,0,0,0,.000,.000,.000,.000
Scott S Maine,CHC,5,0,0,0,0,0,0,0,0,0,0,0,.000,.000,.000,.000
Tommy T Milone,WSH,5,6,1,1,0,0,1,3,0,1,0,0,.167,.167,.667,.833
Pat P Misch,NYM,5,0,0,0,0,0,0,0,0,0,0,0,.000,.000,.000,.000
Brandon B Moss,PHI,5,6,0,0,0,0,0,0,0,2,0,0,.000,.000,.000,.000
Jonathan J Papelbon,BOS,5,0,0,0,0,0,0,0,0,0,0,0,.000,.000,.000,.000
David D Pauley,SEA,5,0,0,0,0,0,0,0,0,0,0,0,.000,.000,.000,.000
Manny M Ramirez D,TB,5,17,0,1,0,0,0,1,0,4,0,0,.059,.059,.059,.118
Anthony A Recker,OAK,5,17,3,3,1,0,0,0,4,7,0,0,.176,.333,.235,.569
Adam A Russell,TB,5,0,0,0,0,0,0,0,0,0,0,0,.000,.000,.000,.000
Sergio S Santos,CWS,5,0,0,0,0,0,0,0,0,0,0,0,.000,.000,.000,.000
Joe J Smith,CLE,5,0,0,0,0,0,0,0,0,0,0,0,.000,.000,.000,.000
Stephen S Strasburg,WSH,5,6,1,0,0,0,0,0,0,3,0,0,.000,.000,.000,.000
Julio J Teheran,ATL,5,4,0,0,0,0,0,0,0,1,0,0,.000,.000,.000,.000
Koji K Uehara,BAL,5,0,0,0,0,0,0,0,0,0,0,0,.000,.000,.000,.000
Raul R Valdes,STL,5,0,0,0,0,0,0,0,0,0,0,0,.000,.000,.000,.000
J. C. J Boscan,ATL,4,9,0,3,0,0,0,0,0,5,0,0,.333,.333,.333,.667
Welington W Castillo,CHC,4,13,0,2,0,0,0,0,0,4,0,0,.154,.154,.154,.308
Jesse J Crain,CWS,4,0,0,0,0,0,0,0,0,0,0,0,.000,.000,.000,.000
Joey J Devine,OAK,4,0,0,0,0,0,0,0,0,0,0,0,.000,.000,.000,.000
Phil P Dumatrait,MIN,4,0,0,0,0,0,0,0,0,0,0,0,.000,.000,.000,.000
Pedro P Florimón Florimon S,BAL,4,8,1,1,1,0,0,2,1,6,0,0,.125,.222,.250,.472
Frank F Francisco,TOR,4,0,0,0,0,0,0,0,0,0,0,0,.000,.000,.000,.000
Jason J Frasor,CWS,4,0,0,0,0,0,0,0,0,0,0,0,.000,.000,.000,.000
Cole C Garner L,COL,4,9,1,2,0,0,0,3,1,6,0,0,.222,.300,.222,.522
John J Gaub,CHC,4,0,0,0,0,0,0,0,0,0,0,0,.000,.000,.000,.000
Hector H Gimenez,LAD,4,7,0,1,0,0,0,0,0,3,0,0,.143,.143,.143,.286
J. P. J Howell,TB,4,0,0,0,0,0,0,0,0,0,0,0,.000,.000,.000,.000
Zach Z Kroenke,ARI,4,0,0,0,0,0,0,0,0,0,0,0,.000,.000,.000,.000
Jeff J Locke,PIT,4,5,0,0,0,0,0,0,0,4,0,0,.000,.000,.000,.000
Boone B Logan,NYY,4,0,0,0,0,0,0,0,0,0,0,0,.000,.000,.000,.000
Scott S Mathieson,PHI,4,0,0,0,0,0,0,0,0,0,0,0,.000,.000,.000,.000
Jose J Mijares,MIN,4,0,0,0,0,0,0,0,0,0,0,0,.000,.000,.000,.000
Garrett G Olson,PIT,4,0,0,0,0,0,0,0,0,0,0,0,.000,.000,.000,.000
Lance L Pendleton,HOU,4,0,0,0,0,0,0,0,0,0,0,0,.000,.000,.000,.000
Joel J Peralta,TB,4,0,0,0,0,0,0,0,0,0,0,0,.000,.000,.000,.000
Rafael R Perez,CLE,4,0,0,0,0,0,0,0,0,0,0,0,.000,.000,.000,.000
Glen G Perkins,MIN,4,0,0,0,0,0,0,0,0,0,0,0,.000,.000,.000,.000
Vinnie V Pestano,CLE,4,0,0,0,0,0,0,0,0,0,0,0,.000,.000,.000,.000
Manny M Piña Pina,KC,4,14,2,3,2,0,0,0,1,2,0,0,.214,.267,.357,.624
Drew D Pomeranz,COL,4,5,0,1,0,0,0,0,0,3,0,0,.200,.200,.200,.400
Sandy S Rosario,FLA,4,0,0,0,0,0,0,0,0,0,0,0,.000,.000,.000,.000
Joe J Savery,PHI,4,0,0,0,0,0,0,0,0,0,0,0,.000,.000,.000,.000
Daniel D Schlereth,DET,4,0,0,0,0,0,0,0,0,0,0,0,.000,.000,.000,.000
Chris C Schwinden,NYM,4,6,1,1,0,0,0,0,1,2,0,0,.167,.286,.167,.452
Tony T Sipp,CLE,4,0,0,0,0,0,0,0,0,0,0,0,.000,.000,.000,.000
Jeff J Stevens,CHC,4,2,0,0,0,0,0,0,0,1,0,0,.000,.000,.000,.000
Hisanori H Takahashi,LAA,4,0,0,0,0,0,0,0,0,0,0,0,.000,.000,.000,.000
Yoshinori Y Tateyama,TEX,4,0,0,0,0,0,0,0,0,0,0,0,.000,.000,.000,.000
Aaron A Thompson,PIT,4,0,0,0,0,0,0,0,1,0,0,0,.000,1.000,.000,1.000
Matt M Thornton,CWS,4,0,0,0,0,0,0,0,0,0,0,0,.000,.000,.000,.000
Gil G Velazquez,LAA,4,6,0,3,0,0,0,1,0,0,0,0,.500,.429,.500,.929
Cory C Wade,NYY,4,0,0,0,0,0,0,0,0,0,0,0,.000,.000,.000,.000
Jordan J Walden,LAA,4,0,0,0,0,0,0,0,0,0,0,0,.000,.000,.000,.000
P. J. P Walters,STL,4,0,0,0,0,0,0,0,0,0,0,0,.000,.000,.000,.000
Blake B Wood,KC,4,1,0,0,0,0,0,0,0,1,0,0,.000,.000,.000,.000
Michael M Wuertz,OAK,4,0,0,0,0,0,0,0,0,0,0,0,.000,.000,.000,.000
Chris C Young,NYM,4,9,1,3,0,0,0,2,0,4,0,0,.333,.333,.333,.667
Mike M Zagurski,PHI,4,0,0,0,0,0,0,0,0,0,0,0,.000,.000,.000,.000
Matt M Albers,BOS,3,0,0,0,0,0,0,0,0,0,0,0,.000,.000,.000,.000
Al A Alburquerque,DET,3,0,0,0,0,0,0,0,0,0,0,0,.000,.000,.000,.000
Grant G Balfour,OAK,3,0,0,0,0,0,0,0,0,0,0,0,.000,.000,.000,.000
Trevor T Bell,LAA,3,0,0,0,0,0,0,0,0,0,0,0,.000,.000,.000,.000
Joaquin J Benoit,DET,3,0,0,0,0,0,0,0,0,0,0,0,.000,.000,.000,.000
Brad B Bergesen,BAL,3,0,0,0,0,0,0,0,0,0,0,0,.000,.000,.000,.000
Jason J Berken,BAL,3,0,0,0,0,0,0,0,0,0,0,0,.000,.000,.000,.000
Zack Z Britton,BAL,3,8,3,5,1,0,1,2,0,1,0,0,.625,.625,1.125,1.750
Corey C Brown,WSH,3,3,0,0,0,0,0,0,0,2,0,0,.000,.000,.000,.000
Dave D Bush,TEX,3,0,0,0,0,0,0,0,0,0,0,0,.000,.000,.000,.000
Shawn S Camp,TOR,3,0,0,0,0,0,0,0,0,0,0,0,.000,.000,.000,.000
Russ R Canzler,TB,3,3,0,1,0,0,0,1,1,1,0,0,.333,.400,.333,.733
Bobby B Cassevah,LAA,3,0,0,0,0,0,0,0,0,0,0,0,.000,.000,.000,.000
Xavier X Cedeño Cedeno,HOU,3,0,0,0,0,0,0,0,0,0,0,0,.000,.000,.000,.000
Maikel M Cleto,STL,3,1,0,0,0,0,0,0,0,1,0,0,.000,.000,.000,.000
Louis L Coleman,KC,3,1,0,0,0,0,0,0,0,1,0,0,.000,.000,.000,.000
Aaron A Crow,KC,3,0,0,0,0,0,0,0,0,0,0,0,.000,.000,.000,.000
Brandon B Dickson,STL,3,3,2,2,0,0,0,0,0,1,0,0,.667,.667,.667,1.333
Brian B Duensing,MIN,3,4,0,0,0,0,0,0,0,2,0,0,.000,.000,.000,.000
Chad C Durbin,CLE,3,0,0,0,0,0,0,0,0,0,0,0,.000,.000,.000,.000
Freddy F Garcia,NYY,3,5,0,0,0,0,0,0,0,0,0,0,.000,.000,.000,.000
Brandon B Gomes,TB,3,0,0,0,0,0,0,0,0,0,0,0,.000,.000,.000,.000
Michael M Gonzalez,BAL,3,0,0,0,0,0,0,0,0,0,0,0,.000,.000,.000,.000
Jeremy J Guthrie,BAL,3,5,0,1,1,0,0,0,0,2,0,0,.200,.200,.400,.600
Matt M Harrison,TEX,3,9,0,0,0,0,0,0,0,6,0,0,.000,.000,.000,.000
Greg G Holland,KC,3,0,0,0,0,0,0,0,0,0,0,0,.000,.000,.000,.000
Bobby B Jenks,BOS,3,0,0,0,0,0,0,0,0,0,0,0,.000,.000,.000,.000
Jim J Johnson,BAL,3,0,0,0,0,0,0,0,0,0,0,0,.000,.000,.000,.000
Michael M Kohn,LAA,3,0,0,0,0,0,0,0,0,0,0,0,.000,.000,.000,.000
Brandon B League,SEA,3,0,0,0,0,0,0,0,0,0,0,0,.000,.000,.000,.000
Colby C Lewis,TEX,3,8,0,1,1,0,0,0,0,2,0,0,.125,.125,.250,.375
Mark M Lowe,TEX,3,0,0,0,0,0,0,0,0,0,0,0,.000,.000,.000,.000
Martin M Maldonado,MIL,3,1,0,0,0,0,0,0,0,1,0,0,.000,.000,.000,.000
Jake J Mc Gee,TB,3,0,0,0,0,0,0,0,0,0,0,0,.000,.000,.000,.000
Gustavo G Molina,NYY,3,6,0,1,1,0,0,0,0,0,0,0,.167,.167,.333,.500
Brad B Peacock,WSH,3,4,0,0,0,0,0,0,0,2,0,0,.000,.000,.000,.000
Rick R Porcello,DET,3,6,0,1,0,0,0,0,0,3,0,0,.167,.167,.167,.333
Jon J Rauch,TOR,3,0,0,0,0,0,0,0,0,0,0,0,.000,.000,.000,.000
Chris C Ray,SEA,3,0,0,0,0,0,0,0,0,0,0,0,.000,.000,.000,.000
Chris C Sale,CWS,3,0,0,0,0,0,0,0,0,0,0,0,.000,.000,.000,.000
Alex A Sanabia,FLA,3,3,0,0,0,0,0,0,0,3,0,0,.000,.000,.000,.000
James J Shields,TB,3,8,0,0,0,0,0,1,0,5,0,0,.000,.000,.000,.000
Nate N Spears,BOS,3,4,0,0,0,0,0,0,0,1,0,0,.000,.000,.000,.000
Wyatt W Toregas,PIT,3,4,0,0,0,0,0,0,0,1,0,0,.000,.000,.000,.000
Jose J Valverde,DET,3,0,0,0,0,0,0,0,0,0,0,0,.000,.000,.000,.000
Dan D Wheeler,BOS,3,0,0,0,0,0,0,0,0,0,0,0,.000,.000,.000,.000
Alfredo A Aceves,BOS,2,0,0,0,0,0,0,0,0,0,0,0,.000,.000,.000,.000
Jake J Arrieta,BAL,2,4,0,1,0,0,0,1,0,1,0,0,.250,.250,.250,.500
Scott S Baker,MIN,2,5,0,2,1,0,0,0,0,1,0,0,.400,.400,.600,1.000
Josh J Beckett,BOS,2,5,0,0,0,0,0,0,0,1,0,0,.000,.000,.000,.000
Erik E Bedard,SEA,2,5,0,1,0,0,0,0,0,1,0,0,.200,.200,.200,.400
A. J. A Burnett,NYY,2,2,0,0,0,0,0,0,0,2,0,0,.000,.000,.000,.000
Everth E Cabrera S,SD,2,8,1,1,0,0,0,0,1,3,2,0,.125,.222,.125,.347
Trevor T Cahill,OAK,2,5,0,0,0,0,0,0,0,2,0,0,.000,.000,.000,.000
Robinson R Cancel,HOU,2,6,0,0,0,0,0,0,1,4,0,0,.000,.143,.000,.143
Carlos C Carrasco,CLE,2,5,0,0,0,0,0,0,0,3,0,0,.000,.000,.000,.000
Brett B Carroll C,MIL,2,3,0,0,0,0,0,0,0,1,0,0,.000,.000,.000,.000
Tyler T Chatwood,LAA,2,3,1,2,0,0,0,0,0,0,0,0,.667,.667,.667,1.333
Steve S Clevenger,CHC,2,4,1,1,1,0,0,0,0,0,0,0,.250,.400,.500,.900
Juan J Cruz,TB,2,0,0,0,0,0,0,0,0,0,0,0,.000,.000,.000,.000
Wade W Davis,TB,2,2,0,1,0,0,0,0,0,1,0,0,.500,.500,.500,1.000
Samuel S Deduno,SD,2,0,0,0,0,0,0,0,0,0,0,0,.000,.000,.000,.000
Mark M Di Felice,MIL,2,0,0,0,0,0,0,0,0,0,0,0,.000,.000,.000,.000
Danny D Duffy,KC,2,3,0,0,0,0,0,0,0,2,0,0,.000,.000,.000,.000
Luis L Durango C,HOU,2,6,0,1,0,0,0,1,1,1,0,0,.167,.286,.167,.452
Mike M Fiers,MIL,2,0,0,0,0,0,0,0,0,0,0,0,.000,.000,.000,.000
Doug D Fister,SEA,2,6,1,2,1,0,0,1,0,1,0,0,.333,.333,.500,.833
Gavin G Floyd,CWS,2,3,0,0,0,0,0,0,1,1,0,0,.000,.250,.000,.250
Charlie C Furbush,DET,2,0,0,0,0,0,0,0,0,0,0,0,.000,.000,.000,.000
Hector H Gómez Gomez S,COL,2,6,1,2,0,0,0,0,1,2,0,0,.333,.429,.333,.762
Gio G Gonzalez,OAK,2,3,0,0,0,0,0,0,0,1,0,0,.000,.000,.000,.000
Kevin K Gregg,BAL,2,0,0,0,0,0,0,0,0,0,0,0,.000,.000,.000,.000
Robby R Hammock L,ARI,2,2,0,0,0,0,0,0,0,0,0,0,.000,.000,.000,.000
Dan D Haren,LAA,2,3,0,1,0,0,0,1,0,1,0,0,.333,.333,.333,.667
Felix F Hernández Hernandez,SEA,2,7,0,1,0,0,0,0,0,2,0,0,.143,.143,.143,.286
Roberto R Hernandez,CLE,2,3,0,0,0,0,0,0,0,2,0,0,.000,.000,.000,.000
Jamie J Hoffmann L,LAD,2,4,0,0,0,0,0,0,0,1,0,0,.000,.000,.000,.000
Philip P Humber,CWS,2,5,0,0,0,0,0,0,0,2,0,0,.000,.000,.000,.000
Chris C Jakubauskas,BAL,2,3,0,2,0,0,0,0,0,0,0,0,.667,.667,.667,1.333
Erik E Kratz,PHI,2,6,0,2,1,0,0,0,0,1,0,0,.333,.333,.500,.833
Jon J Lester,BOS,2,5,0,0,0,0,0,0,0,3,0,0,.000,.000,.000,.000
Francisco F Liriano,MIN,2,2,0,1,0,0,0,1,1,0,0,0,.500,.667,.500,1.167
Justin J Masterson,CLE,2,6,0,1,0,0,0,0,0,2,0,0,.167,.167,.167,.333
Kris K Medlen,ATL,2,0,0,0,0,0,0,0,0,0,0,0,.000,.000,.000,.000
Lastings L Milledge,CWS,2,4,1,1,1,0,0,0,0,1,0,0,.250,.250,.500,.750
Andrew A Miller,BOS,2,4,0,0,0,0,0,0,0,4,0,0,.000,.000,.000,.000
Adam A Moore,SEA,2,6,0,1,1,0,0,0,0,2,0,0,.167,.167,.333,.500
Brandon B Morrow,TOR,2,6,0,0,0,0,0,0,0,2,0,0,.000,.000,.000,.000
Joe J Nathan,MIN,2,0,0,0,0,0,0,0,0,0,0,0,.000,.000,.000,.000
Jeff J Niemann,TB,2,3,0,1,0,0,0,0,0,2,0,0,.333,.333,.333,.667
Ivan I Nova,NYY,2,4,0,0,0,0,0,0,0,4,0,0,.000,.000,.000,.000
Darren D Oliver,TEX,2,0,0,0,0,0,0,0,0,0,0,0,.000,.000,.000,.000
Josh J Outman,OAK,2,5,0,0,0,0,0,0,0,1,0,0,.000,.000,.000,.000
Carl C Pavano,MIN,2,6,0,0,0,0,0,0,0,4,0,0,.000,.000,.000,.000
Brad B Penny,DET,2,4,0,0,0,0,0,0,0,3,0,0,.000,.000,.000,.000
Chris C Perez,CLE,2,0,0,0,0,0,0,0,0,0,0,0,.000,.000,.000,.000
Luis L Perez,TOR,2,0,0,0,0,0,0,0,0,0,0,0,.000,.000,.000,.000
Michael M Pineda,SEA,2,5,0,1,0,0,0,0,0,2,0,0,.200,.200,.200,.400
Joel J Pineiro,LAA,2,5,0,0,0,0,0,0,0,4,0,0,.000,.000,.000,.000
David D Price,TB,2,4,0,0,0,0,0,0,1,2,0,0,.000,.200,.000,.200
David D Purcey,DET,2,0,0,0,0,0,0,0,0,0,0,0,.000,.000,.000,.000
Clay C Rapada,BAL,2,0,0,0,0,0,0,0,0,0,0,0,.000,.000,.000,.000
Chad C Reineke,CIN,2,2,0,0,0,0,0,0,0,1,0,0,.000,.000,.000,.000
Jo- Jo J Reyes,TOR,2,4,0,1,0,0,0,0,0,2,0,0,.250,.250,.250,.500
Ricky R Romero,TOR,2,6,0,1,0,0,0,2,0,2,0,0,.167,.167,.167,.333
Max M Scherzer,DET,2,4,0,0,0,0,0,0,0,0,0,0,.000,.000,.000,.000
Andy A Sonnanstine,TB,2,2,0,0,0,0,0,0,0,2,0,0,.000,.000,.000,.000
Joakim J Soria,KC,2,0,0,0,0,0,0,0,0,0,0,0,.000,.000,.000,.000
Rafael R Soriano,NYY,2,0,0,0,0,0,0,0,0,0,0,0,.000,.000,.000,.000
Zach Z Stewart,CWS,2,2,0,0,0,0,0,0,0,2,0,0,.000,.000,.000,.000
Mitch M Talbot,CLE,2,2,0,0,0,0,0,0,0,1,0,0,.000,.000,.000,.000
Josh J Tomlin,CLE,2,2,1,2,0,0,0,1,0,0,0,0,1.000,1.000,1.000,2.000
Carlos C Villanueva,TOR,2,4,1,0,0,0,0,0,1,2,0,0,.000,.200,.000,.200
Tim T Wakefield,BOS,2,4,0,0,0,0,0,0,0,4,0,0,.000,.000,.000,.000
Jered J Weaver,LAA,2,4,0,0,0,0,0,0,0,1,0,0,.000,.000,.000,.000
C. J. C Wilson,TEX,2,4,1,1,0,1,0,0,0,0,0,0,.250,.250,.750,1.000
Jamey J Wright,SEA,2,0,0,0,0,0,0,0,0,0,0,0,.000,.000,.000,.000
Jeremy J Accardo,BAL,1,0,0,0,0,0,0,0,0,0,0,0,.000,.000,.000,.000
Nate N Adcock,KC,1,0,0,0,0,0,0,0,0,0,0,0,.000,.000,.000,.000
Brett B Anderson,OAK,1,1,0,0,0,0,0,0,0,0,0,0,.000,.000,.000,.000
Andrew A Bailey,OAK,1,0,0,0,0,0,0,0,0,0,0,0,.000,.000,.000,.000
Bruce B Billings,COL,1,0,0,0,0,0,0,0,0,0,0,0,.000,.000,.000,.000
Nick N Blackburn,MIN,1,2,0,0,0,0,0,0,0,0,0,0,.000,.000,.000,.000
Jerry J Blevins,OAK,1,0,0,0,0,0,0,0,0,0,0,0,.000,.000,.000,.000
Mark M Buehrle,CWS,1,2,0,1,1,0,0,0,0,1,0,0,.500,.500,1.000,1.500
Jay J Buente,FLA,1,1,0,0,0,0,0,0,0,1,0,0,.000,.000,.000,.000
Matt M Capps,MIN,1,0,0,0,0,0,0,0,0,0,0,0,.000,.000,.000,.000
Joel J Carreno,TOR,1,0,0,0,0,0,0,0,0,0,0,0,.000,.000,.000,.000
Bruce B Chen,KC,1,1,0,0,0,0,0,0,0,1,0,0,.000,.000,.000,.000
Phil P Coke,DET,1,2,0,0,0,0,0,0,0,2,0,0,.000,.000,.000,.000
Bartolo B Colon,NYY,1,1,0,0,0,0,0,0,0,1,0,0,.000,.000,.000,.000
John J Danks,CWS,1,3,0,0,0,0,0,0,0,0,0,0,.000,.000,.000,.000
Kyle K Davies,KC,1,1,0,0,0,0,0,0,0,1,0,0,.000,.000,.000,.000
Rafael R Dolis,CHC,1,0,0,0,0,0,0,0,0,0,0,0,.000,.000,.000,.000
Eric E Farris,MIL,1,1,0,0,0,0,0,0,0,0,0,0,.000,.000,.000,.000
Jeff J Francis,KC,1,2,0,0,0,0,0,0,0,1,0,0,.000,.000,.000,.000
Graham G Godfrey,OAK,1,2,0,0,0,0,0,0,0,1,0,0,.000,.000,.000,.000
Edgar E Gonzalez,COL,1,0,0,0,0,0,0,0,0,0,0,0,.000,.000,.000,.000
Brian B Gordon,NYY,1,1,0,0,0,0,0,0,1,1,0,0,.000,.500,.000,.500
Jeremy J Hellickson,TB,1,2,0,0,0,0,0,0,0,2,0,0,.000,.000,.000,.000
Frank F Herrmann,CLE,1,1,0,0,0,0,0,0,0,0,0,0,.000,.000,.000,.000
Luke L Hochevar,KC,1,2,0,0,0,0,0,0,0,1,0,0,.000,.000,.000,.000
Jim J Hoey,MIN,1,0,0,0,0,0,0,0,0,0,0,0,.000,.000,.000,.000
Tommy T Hottovy,BOS,1,0,0,0,0,0,0,0,0,0,0,0,.000,.000,.000,.000
Dusty D Hughes,MIN,1,0,0,0,0,0,0,0,0,0,0,0,.000,.000,.000,.000
Alan A Johnson,COL,1,1,0,0,0,0,0,0,0,1,0,0,.000,.000,.000,.000
Josh J Judy,CLE,1,0,0,0,0,0,0,0,0,0,0,0,.000,.000,.000,.000
Michael M Kirkman,TEX,1,0,0,0,0,0,0,0,0,0,0,0,.000,.000,.000,.000
John J Lackey,BOS,1,3,0,1,1,0,0,1,0,1,0,0,.333,.333,.667,1.000
Aaron A Laffey,SEA,1,0,0,0,0,0,0,0,0,0,0,0,.000,.000,.000,.000
Jesse J Litsch,TOR,1,0,0,0,0,0,0,0,0,0,0,0,.000,.000,.000,.000
Jeff J Marquez,NYY,1,0,0,0,0,0,0,0,0,0,0,0,.000,.000,.000,.000
Darin D Mastroianni C,TOR,1,2,0,0,0,0,0,0,0,1,0,0,.000,.000,.000,.000
Brian B Matusz,BAL,1,2,0,0,0,0,0,0,0,0,0,0,.000,.000,.000,.000
Vin V Mazzaro,KC,1,2,0,0,0,0,0,0,0,2,0,0,.000,.000,.000,.000
Guillermo G Moscoso,OAK,1,2,0,0,0,0,0,0,0,2,0,0,.000,.000,.000,.000
Alexi A Ogando,TEX,1,2,0,1,0,0,0,0,0,1,0,0,.500,.500,.500,1.000
Jarrod J Parker,ARI,1,2,0,1,1,0,0,0,0,1,0,0,.500,.500,1.000,1.500
Jake J Peavy,CWS,1,1,0,0,0,0,0,0,1,0,0,0,.000,.500,.000,.500
Ryan R Perry,DET,1,0,0,0,0,0,0,0,0,0,0,0,.000,.000,.000,.000
Chris C Pettit,LAA,1,0,0,0,0,0,0,0,0,0,0,0,.000,.000,.000,.000
Mike M Rivera,MIL,1,6,0,2,0,0,0,0,0,1,0,0,.333,.333,.333,.667
Ryan R Rohlinger,SF,1,1,0,0,0,0,0,0,0,1,0,0,.000,.000,.000,.000
C Sabathia,NYY,1,3,0,0,0,0,0,0,0,1,0,0,.000,.000,.000,.000
Ervin E Santana,LAA,1,2,0,1,0,0,0,0,0,1,0,0,.500,.500,.500,1.000
Kevin K Slowey,MIN,1,0,0,0,0,0,0,0,0,0,0,0,.000,.000,.000,.000
Anthony A Swarzak,MIN,1,0,0,0,0,0,0,0,0,0,0,0,.000,.000,.000,.000
Daryl D Thompson,CIN,1,1,0,0,0,0,0,0,0,1,0,0,.000,.000,.000,.000
Rich R Thompson,LAA,1,0,0,0,0,0,0,0,0,0,0,0,.000,.000,.000,.000
Joe J Thurston,FLA,1,4,0,1,0,0,0,0,0,1,1,0,.250,.250,.250,.500
Brett B Tomko,TEX,1,0,0,0,0,0,0,0,0,0,0,0,.000,.000,.000,.000
Jason J Vargas,SEA,1,2,0,0,0,0,0,0,0,0,0,0,.000,.000,.000,.000
Justin J Verlander,DET,1,4,0,0,0,0,0,0,0,3,0,0,.000,.000,.000,.000
Elih E Villanueva,FLA,1,1,0,0,0,0,0,0,0,1,0,0,.000,.000,.000,.000
Brayan B Villarreal,DET,1,0,0,0,0,0,0,0,0,0,0,0,.000,.000,.000,.000
Pedro P Viola,BAL,1,0,0,0,0,0,0,0,0,0,0,0,.000,.000,.000,.000
Adam A Wilk,DET,1,1,0,0,0,0,0,0,0,1,0,0,.000,.000,.000,.000
