PLAYER,TEAM,AB,R,H,2B,3B,HR,RBI,BB,SO,SB,CS,AVG,OBP,SLG,OPS
Prince P Fielder,MIL,162,591,103,177,35,3,46,141,110,138,2,3,.299,.412,.602,1.014
Robinson R Canó,NYY,161,637,103,204,48,2,25,85,30,63,5,7,.320,.352,.520,.871
Brandon B Inge,DET,161,562,71,129,16,1,27,84,54,170,2,5,.230,.314,.406,.720
Nick N Markakis R,BAL,161,642,94,188,45,2,18,101,56,98,6,2,.293,.347,.453,.801
Miguel M Cabrera,DET,160,611,96,198,34,0,34,103,68,107,6,2,.324,.396,.547,.942
Orlando O Cabrera S,MIN,160,656,83,186,36,3,9,77,36,71,13,4,.284,.316,.389,.705
Andre A Ethier R,LAD,160,596,92,162,42,3,31,106,72,116,6,4,.272,.361,.508,.869
Adrian A González,SD,160,552,90,153,27,2,40,99,119,109,1,1,.277,.407,.551,.958
Curtis C Granderson,DET,160,631,91,157,23,8,30,71,72,141,20,6,.249,.327,.453,.780
Ryan R Howard,PHI,160,616,105,172,37,4,45,141,75,186,8,1,.279,.360,.571,.931
Carlos C Lee L,HOU,160,610,65,183,35,1,26,102,41,51,5,3,.300,.343,.489,.831
Albert A Pujols,STL,160,568,124,186,45,1,47,135,115,64,16,4,.327,.443,.658,1.101
Billy B Butler,KC,159,608,78,183,51,1,21,93,58,103,1,0,.301,.362,.492,.853
Adam A Dunn,WSH,159,546,81,146,29,0,38,105,116,177,0,1,.267,.398,.529,.928
Matt M Kemp C,LAD,159,606,97,180,25,7,26,101,52,139,34,8,.297,.352,.490,.842
Hunter H Pence R,HOU,159,585,76,165,26,5,25,72,58,109,14,11,.282,.346,.472,.818
Brian B Roberts,BAL,159,632,110,179,56,1,16,79,74,112,30,7,.283,.356,.451,.807
Jayson J Werth R,PHI,159,571,98,153,26,1,36,99,91,156,20,3,.268,.373,.506,.879
Ryan R Braun L,MIL,158,635,113,203,39,6,32,114,57,121,20,6,.320,.386,.551,.937
Pedro P Feliz,PHI,158,580,62,154,30,2,12,82,35,68,0,1,.266,.308,.386,.694
Chone C Figgins,LAA,158,615,114,183,30,7,5,54,101,114,42,17,.298,.395,.393,.789
Aaron A Hill,TOR,158,682,103,195,37,0,36,108,42,98,6,2,.286,.330,.499,.829
James J Loney,LAD,158,576,73,162,25,2,13,90,70,68,7,3,.281,.357,.399,.756
Miguel M Tejada S,HOU,158,635,83,199,46,1,14,86,19,48,5,2,.313,.340,.455,.795
Dan D Uggla,FLA,158,564,84,137,27,1,31,90,92,150,2,1,.243,.354,.459,.813
Vernon V Wells C,TOR,158,630,84,164,37,3,15,66,48,86,17,4,.260,.311,.400,.711
Michael M Bourn C,HOU,157,606,97,173,27,12,3,35,63,140,61,12,.285,.354,.384,.738
Jeff J Francoeur R,NYM,157,593,72,166,32,4,15,76,23,92,6,4,.280,.309,.423,.732
Evan E Longoria,TB,157,584,100,164,44,0,33,113,72,140,9,0,.281,.364,.526,.889
Ryan R Zimmerman,WSH,157,610,110,178,37,3,33,106,72,119,2,0,.292,.364,.525,.888
Shin- Soo S Choo R,CLE,156,583,87,175,38,6,20,86,78,151,21,2,.300,.394,.489,.883
Carl C Crawford L,TB,156,606,96,185,28,8,15,68,51,99,60,16,.305,.364,.452,.816
Chase C Headley L,SD,156,543,62,142,31,2,12,64,62,133,10,2,.262,.342,.392,.734
Matt M Holliday L,STL,156,581,94,182,39,3,24,109,72,101,14,7,.313,.394,.515,.909
Mark M Teixeira,NYY,156,609,103,178,43,3,39,122,81,114,2,0,.292,.383,.565,.948
Chase C Utley,PHI,156,571,112,161,28,4,31,93,88,110,23,0,.282,.397,.508,.905
Shane S Victorino C,PHI,156,620,102,181,39,13,10,62,60,71,25,8,.292,.358,.445,.803
Alberto A Callaspo,KC,155,576,79,173,41,8,11,73,52,51,2,1,.300,.356,.457,.813
Victor V Martinez,BOS,155,588,88,178,33,1,23,108,75,74,1,0,.303,.381,.480,.860
Daniel D Murphy,NYM,155,508,60,135,38,4,12,63,38,69,4,2,.266,.313,.427,.741
Mark M Reynolds,ARI,155,578,98,150,30,1,44,102,76,223,24,9,.260,.349,.543,.892
Jimmy J Rollins S,PHI,155,672,100,168,43,5,21,77,44,70,31,8,.250,.296,.423,.719
Clint C Barmes,COL,154,550,69,135,32,3,23,76,31,121,12,10,.245,.294,.440,.734
Melky M Cabrera C,NYY,154,485,66,133,28,1,13,68,43,59,10,2,.274,.336,.416,.752
Dustin D Pedroia,BOS,154,626,115,185,48,1,15,72,74,45,20,8,.296,.371,.447,.819
Ryan R Theriot S,CHC,154,602,81,171,20,5,7,54,51,93,21,10,.284,.343,.369,.712
Michael M Cuddyer R,MIN,153,588,93,162,34,7,32,94,54,118,6,1,.276,.342,.520,.862
Jacoby J Ellsbury C,BOS,153,624,94,188,27,10,8,60,49,74,70,12,.301,.355,.415,.770
Franklin F Gutierrez C,SEA,153,565,85,160,24,1,18,70,46,122,16,5,.283,.339,.425,.764
Derek D Jeter S,NYY,153,634,107,212,27,1,18,66,72,90,30,5,.334,.406,.465,.871
Jose J Lopez,SEA,153,613,69,167,42,0,25,96,24,69,3,3,.272,.303,.463,.766
Brandon B Phillips,CIN,153,584,78,161,30,5,20,98,44,75,25,9,.276,.329,.447,.776
Placido P Polanco,DET,153,618,82,176,31,4,10,72,36,46,7,2,.285,.331,.396,.727
Pablo P Sandoval,SF,153,572,79,189,44,5,25,90,52,83,5,5,.330,.387,.556,.943
Skip S Schumaker,STL,153,532,85,161,34,1,4,35,52,69,2,2,.303,.364,.393,.757
Bobby B Abreu R,LAA,152,563,96,165,29,3,15,103,94,113,30,8,.293,.390,.435,.825
Paul P Konerko,CWS,152,546,75,151,30,1,28,88,58,89,1,0,.277,.353,.489,.842
Kendrys K Morales,LAA,152,566,86,173,43,2,34,108,46,117,3,7,.306,.355,.569,.924
Ben B Zobrist,TB,152,501,91,149,28,7,27,91,91,104,17,6,.297,.405,.543,.948
Jason J Bay L,BOS,151,531,103,142,29,3,36,119,94,162,13,3,.267,.384,.537,.921
Todd T Helton,COL,151,544,79,177,38,3,15,86,89,73,0,1,.325,.416,.489,.904
Adam A Lind D,TOR,151,587,93,179,46,0,35,114,58,110,1,1,.305,.370,.562,.932
Felipe F Lopez,MIL,151,604,88,187,38,3,9,57,71,100,6,6,.310,.383,.427,.810
Jhonny J Peralta,CLE,151,582,57,148,35,1,11,83,51,134,0,2,.254,.316,.375,.690
Hanley H Ramirez S,FLA,151,576,101,197,42,1,24,106,61,101,27,8,.342,.410,.543,.954
Cody C Ross,FLA,151,559,73,151,37,1,24,90,34,122,5,2,.270,.321,.469,.790
Troy T Tulowitzki S,COL,151,543,101,161,25,9,32,92,73,112,20,11,.297,.377,.552,.930
Rafael R Furcal S,LAD,150,613,92,165,28,5,9,47,61,89,12,6,.269,.335,.375,.710
Aubrey A Huff D,DET,150,536,59,129,30,1,15,85,51,87,0,6,.241,.310,.384,.694
Andy A La Roche,PIT,150,524,64,135,29,5,12,64,50,84,3,1,.258,.330,.401,.731
Adam A La Roche,ATL,150,555,78,154,38,2,25,83,69,142,2,2,.277,.355,.488,.843
David D Ortiz,BOS,150,541,77,129,35,1,28,99,74,134,0,2,.238,.332,.462,.794
Nick N Swisher R,NYY,150,498,84,124,35,1,29,82,97,126,0,0,.249,.371,.498,.869
Mike M Cameron C,MIL,149,544,78,136,32,3,24,70,75,156,7,3,.250,.342,.452,.795
Jorge J Cantu,FLA,149,585,67,169,42,0,16,100,47,81,3,1,.289,.345,.443,.788
Jack J Cust D,OAK,149,513,88,123,16,0,25,70,93,185,4,1,.240,.356,.417,.773
Orlando O Hudson,LAD,149,551,74,156,35,6,9,62,62,99,8,1,.283,.357,.417,.774
Alex A Rios C,CWS,149,582,63,144,31,2,17,71,37,107,24,5,.247,.296,.395,.691
Randy R Winn,SF,149,538,65,141,33,5,2,51,47,93,16,2,.262,.318,.353,.671
Alexei A Ramirez S,CWS,148,542,71,150,14,1,15,68,49,66,14,5,.277,.333,.389,.723
Colby C Rasmus,STL,147,474,72,119,22,2,16,52,36,95,3,1,.251,.307,.407,.714
Ian I Stewart,COL,147,425,74,97,19,3,25,70,56,138,7,4,.228,.322,.464,.785
Kurt K Suzuki,OAK,147,570,74,156,37,1,15,88,28,59,8,2,.274,.313,.421,.734
Marlon M Byrd C,TEX,146,547,66,155,43,2,20,89,32,98,8,4,.283,.329,.479,.808
Kosuke K Fukudome C,CHC,146,499,79,129,38,5,11,54,93,112,6,10,.259,.375,.421,.796
Jason J Kubel D,MIN,146,514,73,154,35,2,28,103,56,106,1,1,.300,.369,.539,.907
Ichiro I Suzuki R,SEA,146,639,88,225,31,4,11,46,32,71,26,9,.352,.386,.465,.851
Elvis E Andrus S,TEX,145,480,72,128,17,8,6,40,40,77,33,6,.267,.329,.373,.702
Brad B Hawpe R,COL,145,501,82,143,42,3,23,86,79,145,1,3,.285,.384,.519,.903
Juan J Pierre L,LAD,145,380,57,117,16,8,0,31,27,27,30,12,.308,.365,.392,.758
Denard D Span C,MIN,145,578,97,180,16,10,8,68,70,89,23,10,.311,.392,.415,.807
David D De Jesus L,KC,144,558,74,157,28,9,13,71,51,87,4,9,.281,.347,.434,.781
Ian I Kinsler,TEX,144,566,101,143,32,4,31,86,59,77,31,5,.253,.327,.488,.814
Aaron A Rowand C,SF,144,499,61,130,30,2,15,64,30,125,4,1,.261,.319,.419,.738
Marco M Scutaro S,TOR,144,574,100,162,35,1,12,60,90,75,14,5,.282,.379,.409,.789
Mark M Teahen,KC,144,524,69,142,34,1,12,50,37,123,8,1,.271,.325,.408,.734
B. J. B Upton C,TB,144,560,79,135,33,4,11,55,57,152,42,14,.241,.313,.373,.686
David D Wright,NYM,144,535,88,164,39,3,10,72,74,140,27,9,.307,.390,.447,.837
Johnny J Damon L,NYY,143,550,107,155,36,3,24,82,71,98,12,0,.282,.365,.489,.854
Chipper C Jones,ATL,143,488,80,129,23,2,18,71,101,89,4,1,.264,.388,.430,.818
Russell R Martin,LAD,143,505,63,126,19,0,7,53,69,80,11,6,.250,.352,.329,.680
Luis L Castillo,NYM,142,486,77,147,12,3,1,40,69,58,20,6,.302,.387,.346,.732
Hideki H Matsui D,NYY,142,456,62,125,21,1,28,90,64,75,0,1,.274,.367,.509,.876
Jermaine J Dye R,CWS,141,503,78,126,19,1,27,81,64,108,0,2,.250,.340,.453,.793
Yunel Y Escobar S,ATL,141,528,89,158,26,2,14,76,57,62,5,4,.299,.377,.436,.812
Kevin K Kouzmanoff,SD,141,529,50,135,31,1,18,88,27,106,1,0,.255,.302,.420,.722
Derrek D Lee,CHC,141,532,91,163,36,2,35,111,76,109,1,0,.306,.393,.579,.972
Yadier Y Molina,STL,140,481,45,141,23,1,6,54,50,39,9,3,.293,.366,.383,.749
Casey C Blake,LAD,139,485,84,136,25,6,18,79,63,116,3,4,.280,.363,.468,.832
Mark M De Rosa,STL,139,515,78,129,23,1,23,78,47,121,3,2,.250,.319,.433,.752
Ryan R Ludwick,STL,139,486,63,129,20,1,22,97,41,106,4,2,.265,.329,.447,.776
Joe J Mauer,MIN,138,523,94,191,30,1,28,96,76,63,4,1,.365,.444,.587,1.031
Brian B Mc Cann,ATL,138,488,63,137,35,1,21,94,49,83,4,1,.281,.349,.486,.834
A. J. A Pierzynski,CWS,138,504,57,151,22,1,13,49,24,52,1,1,.300,.331,.425,.755
Juan J Rivera L,LAA,138,529,72,152,24,1,25,88,36,57,0,1,.287,.332,.478,.810
Justin J Upton R,ARI,138,526,84,158,30,7,26,86,55,137,20,5,.300,.366,.532,.899
Erick E Aybar S,LAA,137,504,70,157,23,9,5,58,30,54,14,7,.312,.353,.423,.776
Jason J Bartlett S,TB,137,500,90,160,29,7,14,66,54,89,30,7,.320,.389,.490,.879
J. D. J Drew R,BOS,137,452,84,126,30,4,24,68,82,109,2,6,.279,.392,.522,.914
Carlos C Gómez Gomez,MIN,137,315,51,72,15,5,3,28,22,72,14,7,.229,.287,.337,.623
Willie W Harris C,WSH,137,323,47,76,18,6,7,27,57,62,11,4,.235,.364,.393,.757
Lance L Berkman,HOU,136,460,73,126,31,1,25,80,97,98,7,4,.274,.399,.509,.907
David D Eckstein,SD,136,503,64,131,27,2,2,51,39,46,3,1,.260,.323,.334,.656
Kevin K Youkilis,BOS,136,491,99,150,36,1,27,94,77,125,7,2,.305,.413,.548,.961
Garret G Anderson L,ATL,135,496,52,133,27,0,13,61,27,73,1,0,.268,.303,.401,.705
Stephen S Drew,ARI,135,533,71,139,29,12,12,65,49,87,5,1,.261,.320,.428,.748
Mike M Fontenot,CHC,135,377,38,89,22,2,9,43,35,83,4,1,.236,.301,.377,.677
Dexter D Fowler C,COL,135,433,73,115,29,10,4,34,67,116,27,10,.266,.363,.406,.770
Cristian C Guzman S,WSH,135,531,74,151,24,7,6,52,16,75,4,5,.284,.306,.390,.696
Gerald G Laird,DET,135,413,49,93,23,2,4,33,40,68,5,0,.225,.306,.320,.626
Justin J Morneau,MIN,135,508,85,139,31,1,30,100,72,86,0,0,.274,.363,.516,.878
Carlos C Pena,TB,135,471,91,107,25,2,39,100,87,163,3,3,.227,.356,.537,.893
Michael M Young,TEX,135,541,76,174,36,2,22,68,47,90,8,3,.322,.374,.518,.892
Yuniesky Y Betancourt S,KC,134,470,40,115,20,6,6,49,21,44,3,3,.245,.274,.351,.625
Raul R Ibanez L,PHI,134,500,93,136,32,3,34,93,56,119,4,0,.272,.347,.552,.899
Jason J Kendall,MIL,134,452,48,109,19,2,2,43,46,58,7,2,.241,.331,.305,.636
Ryan R Sweeney,OAK,134,484,68,142,31,3,6,53,40,67,6,5,.293,.348,.407,.755
Chris C Young,ARI,134,433,54,92,28,4,15,42,59,133,11,4,.212,.311,.400,.711
Nick N Johnson,FLA,133,457,71,133,24,2,8,62,99,84,2,4,.291,.426,.405,.831
Brandon B Moss R,PIT,133,385,47,91,20,4,7,41,34,84,1,5,.236,.304,.364,.668
Seth S Smith L,COL,133,335,61,98,20,4,15,55,46,67,4,1,.293,.378,.510,.889
Ryan R Spilborghs L,COL,133,352,55,85,24,3,8,48,34,79,9,5,.241,.310,.395,.705
Josh J Willingham L,WSH,133,427,70,111,29,0,24,61,61,104,4,3,.260,.367,.496,.863
Kazuo K Matsui,HOU,132,476,56,119,20,2,9,46,34,85,19,3,.250,.302,.357,.659
Bengie B Molina,SF,132,491,52,130,25,1,20,80,13,68,0,0,.265,.285,.442,.727
Lyle L Overbay,TOR,132,423,57,112,35,1,16,64,74,95,0,0,.265,.372,.466,.838
Scott S Podsednik L,CWS,132,537,75,163,25,6,7,48,39,74,30,13,.304,.353,.412,.764
Asdrubal A Cabrera S,CLE,131,523,81,161,42,4,6,68,44,89,17,4,.308,.361,.438,.799
Jerry J Hairston,NYY,131,383,62,96,23,1,10,39,32,54,7,4,.251,.315,.394,.710
Magglio M Ordonez R,DET,131,465,54,144,24,2,9,50,51,65,3,1,.310,.376,.428,.804
Joey J Votto,CIN,131,469,82,151,38,1,25,84,70,106,4,1,.322,.414,.567,.981
Craig C Counsell,MIL,130,404,61,115,22,8,4,39,42,54,3,4,.285,.357,.408,.766
Jeremy J Hermida R,FLA,129,429,48,111,14,2,13,47,56,101,5,2,.259,.348,.392,.740
Adam A Kennedy,OAK,129,529,65,153,29,1,11,63,45,86,20,6,.289,.348,.410,.758
Nate N Mc Louth C,ATL,129,507,86,130,27,2,20,70,68,99,19,6,.256,.352,.436,.788
Brendan B Ryan S,STL,129,390,55,114,19,7,3,37,24,56,14,7,.292,.340,.400,.740
Chris C Coghlan L,FLA,128,504,84,162,31,6,9,47,53,77,8,5,.321,.390,.460,.850
Nelson N Cruz R,TEX,128,462,75,120,21,1,33,76,49,118,20,4,.260,.332,.524,.856
Mike M Jacobs D,KC,128,434,46,99,16,1,19,61,41,132,0,0,.228,.297,.401,.698
Miguel M Montero,ARI,128,425,61,125,30,0,16,59,38,78,1,2,.294,.355,.478,.832
David D Murphy L,TEX,128,432,61,116,24,1,17,57,49,106,9,4,.269,.338,.447,.785
Martin M Prado,ATL,128,450,64,138,38,0,11,49,36,59,1,3,.307,.358,.464,.822
Scott S Rolen,CIN,128,475,76,145,36,1,11,67,45,62,5,4,.305,.368,.455,.823
Luke L Scott D,BAL,128,449,61,116,26,1,25,77,55,104,0,0,.258,.340,.488,.828
Emilio E Bonifácio,FLA,127,461,72,116,11,6,1,27,34,95,21,9,.252,.303,.308,.611
Mitch M Maier C,KC,127,341,42,83,15,3,3,31,43,76,9,2,.243,.333,.331,.665
Garrett G Atkins,COL,126,354,37,80,12,1,9,48,41,58,0,0,.226,.308,.342,.650
Ben B Francisco,PHI,126,405,58,104,30,1,15,46,38,83,14,7,.257,.332,.447,.779
Casey C Kotchman,BOS,126,385,37,103,23,0,7,48,39,42,1,0,.268,.339,.382,.721
Jeremy J Reed,NYM,126,161,9,39,6,2,0,9,14,36,0,3,.242,.301,.304,.606
Rod R Barajas,TOR,125,429,43,97,19,0,19,71,20,76,1,0,.226,.258,.403,.662
Willie W Bloomquist R,KC,125,434,52,115,11,8,4,29,27,73,25,6,.265,.308,.355,.663
Rajai R Davis C,OAK,125,390,65,119,27,5,3,48,29,70,41,12,.305,.360,.423,.784
Matt M Diaz R,ATL,125,371,56,116,18,4,13,58,35,90,12,5,.313,.390,.488,.878
Ross R Gload,FLA,125,230,33,60,10,2,6,30,23,30,0,0,.261,.329,.400,.730
Melvin M Mora,BAL,125,450,44,117,20,0,8,48,34,60,3,3,.260,.321,.358,.679
Nick N Punto,MIN,125,359,56,82,15,1,1,38,61,70,16,3,.228,.337,.284,.621
Fernando F Tatis,NYM,125,340,42,96,21,4,8,48,22,54,4,1,.282,.339,.438,.777
Milton M Bradley R,CHC,124,393,61,101,17,1,12,40,66,95,2,3,.257,.378,.397,.775
Edgar E Renteria S,SF,124,460,50,115,19,1,5,48,39,69,7,2,.250,.307,.328,.635
Alex A Rodriguez,NYY,124,444,78,127,17,1,30,100,80,97,14,2,.286,.402,.532,.933
Jim J Thome,LAD,124,362,55,90,15,0,23,77,69,123,0,0,.249,.366,.481,.847
Joe J Thurston,STL,124,267,27,60,17,4,1,25,33,56,4,2,.225,.316,.330,.645
Delwyn D Young,PIT,124,354,40,94,16,2,7,43,29,90,2,0,.266,.326,.381,.707
Hank H Blalock,TEX,123,462,62,108,21,4,25,66,26,108,2,0,.234,.277,.459,.736
Brendan B Harris S,MIN,123,414,44,108,22,1,6,37,29,78,0,2,.261,.310,.362,.672
Anderson A Hernandez S,NYM,123,366,39,92,15,4,3,37,33,63,7,5,.251,.312,.339,.650
Rick R Ankiel C,STL,122,372,50,86,21,2,11,38,26,99,4,3,.231,.285,.387,.672
Pat P Burrell D,TB,122,412,45,91,16,1,14,64,57,119,2,0,.221,.315,.367,.682
Jody J Gerut,MIL,122,274,40,63,13,0,9,35,19,43,6,2,.230,.279,.376,.654
Fred F Lewis L,SF,122,295,49,76,21,3,4,20,36,84,8,4,.258,.348,.390,.738
Juan J Uribe,SF,122,398,50,115,26,4,16,55,25,82,3,1,.289,.329,.495,.824
Ty T Wigginton,BAL,122,410,44,112,19,0,11,41,23,57,1,2,.273,.314,.400,.714
Ivan I Rodriguez,TEX,121,425,55,106,23,2,10,47,18,92,1,2,.249,.280,.384,.663
Geoff G Blum,HOU,120,381,34,94,14,1,10,49,33,61,0,1,.247,.314,.367,.681
Travis T Ishikawa,SF,120,326,49,85,10,2,9,39,30,89,2,2,.261,.329,.387,.715
Nyjer N Morgan C,WSH,120,469,74,144,15,7,3,39,40,74,42,17,.307,.369,.388,.757
Gerardo G Parra L,ARI,120,455,59,132,21,8,5,60,25,89,5,7,.290,.324,.404,.729
Tony A Gwynn Jr. C,SD,119,393,59,106,11,6,2,21,48,65,11,7,.270,.350,.344,.693
Torii T Hunter C,LAA,119,451,74,135,26,1,22,90,47,92,18,4,.299,.366,.508,.873
Adam A Jones C,BAL,119,473,83,131,22,3,19,70,36,93,10,4,.277,.335,.457,.792
Mike M Lowell,BOS,119,445,54,129,29,1,17,75,33,61,2,1,.290,.337,.474,.811
Josh J Anderson C,KC,118,283,42,68,7,4,1,24,13,43,25,5,.240,.276,.304,.580
Adam A Everett S,DET,118,345,43,82,21,0,3,44,22,61,5,2,.238,.288,.325,.613
Ryan R Garko,SF,118,354,39,95,13,1,13,51,29,50,0,0,.268,.344,.421,.765
Ken K Griffey D,SEA,117,387,44,83,19,0,19,57,63,80,0,0,.214,.324,.411,.735
Alfonso A Soriano L,CHC,117,477,64,115,25,1,20,55,40,118,9,2,.241,.303,.423,.726
Russell R Branyan,SEA,116,431,64,108,21,1,31,76,58,149,2,0,.251,.347,.520,.867
Scott S Hairston L,OAK,116,430,50,114,27,2,17,64,25,83,11,3,.265,.307,.456,.762
Casey C Mc Gehee,MIL,116,355,58,107,20,1,16,66,34,67,0,2,.301,.360,.499,.859
Laynce L Nix,CIN,116,309,42,74,26,1,15,46,22,81,0,1,.239,.291,.476,.766
Nate N Schierholtz R,SF,116,285,33,76,19,2,5,29,16,58,3,1,.267,.302,.400,.702
Gabe G Gross R,TB,115,282,31,64,16,1,6,36,42,79,6,3,.227,.326,.355,.681
J. J Hardy S,MIL,115,414,53,95,16,2,11,47,43,85,0,1,.229,.302,.357,.659
Corey C Hart R,MIL,115,419,64,109,24,3,12,48,43,92,11,6,.260,.335,.418,.753
Dioner D Navarro,TB,115,376,38,82,15,0,8,32,18,51,5,2,.218,.261,.322,.583
Cesar C Izturis S,BAL,114,387,34,99,14,4,2,30,18,38,12,4,.256,.294,.328,.622
Maicer M Izturis,LAA,114,387,74,116,22,3,8,65,35,41,13,5,.300,.359,.434,.794
Mike M Napoli,LAA,114,382,60,104,22,1,20,56,40,103,3,3,.272,.350,.492,.842
Miguel M Olivo,KC,114,390,51,97,15,5,23,65,19,126,5,2,.249,.292,.490,.781
Jose J Bautista L,TOR,113,336,54,79,13,3,13,40,56,85,4,0,.235,.349,.408,.757
Chris C Davis,TEX,113,391,48,93,15,1,21,59,24,150,0,0,.238,.284,.442,.726
Wes W Helms,FLA,113,214,18,58,11,0,3,33,13,54,1,1,.271,.318,.364,.682
Ryan R Raburn L,DET,113,261,44,76,11,2,16,45,26,60,5,4,.291,.359,.533,.891
John J Baker,FLA,112,373,59,101,25,0,9,50,41,89,0,0,.271,.349,.410,.759
Alex A Gonzalez S,BOS,112,391,42,93,22,0,8,41,20,65,2,1,.238,.279,.355,.635
Adrian A Beltré,SEA,111,449,54,119,27,0,8,44,19,74,13,2,.265,.304,.379,.683
Ryan R Church,ATL,111,359,46,98,28,0,4,40,33,58,6,2,.273,.338,.384,.722
Jorge J Posada,NYY,111,383,55,109,25,0,22,81,48,101,1,0,.285,.363,.522,.885
Freddy F Sanchez,SF,111,457,56,134,29,3,7,41,22,76,5,1,.293,.326,.416,.742
Ronnie R Belliard,LAD,110,264,39,73,14,1,10,39,20,56,3,0,.277,.325,.451,.776
Bill B Hall L,SEA,110,334,32,67,20,1,8,36,27,120,2,2,.201,.258,.338,.596
Ryan R Roberts,ARI,110,305,41,85,17,2,7,25,40,55,7,3,.279,.367,.416,.783
Jason J Varitek,BOS,109,364,41,76,24,0,14,51,54,90,0,0,.209,.313,.390,.703
Brett B Gardner C,NYY,108,248,48,67,6,6,3,23,26,40,26,5,.270,.345,.379,.724
Andrew A Mc Cutchen C,PIT,108,433,74,124,26,9,12,54,54,83,22,5,.286,.365,.471,.836
Delmon D Young L,MIN,108,395,50,112,16,2,12,60,12,92,2,5,.284,.308,.425,.733
Elijah E Dukes R,WSH,107,364,38,91,20,4,8,58,46,74,3,10,.250,.337,.393,.729
Darin D Erstad,HOU,107,134,13,26,8,2,2,11,14,31,0,2,.194,.268,.328,.597
Chris C Getz,CWS,107,375,49,98,18,4,2,31,30,54,25,2,.261,.324,.347,.670
Jeff J Keppinger,HOU,107,305,35,78,13,3,7,29,27,33,0,2,.256,.320,.387,.707
Mark M Loretta,LAD,107,181,19,42,8,0,0,25,20,21,1,1,.232,.309,.276,.585
Carlos C Ruiz,PHI,107,322,32,82,26,1,9,43,47,39,3,2,.255,.355,.425,.780
Kelly K Johnson,ATL,106,303,47,68,20,3,8,29,32,54,7,2,.224,.303,.389,.692
Grady G Sizemore C,CLE,106,436,73,108,20,6,18,64,60,92,13,8,.248,.343,.445,.788
Jack J Wilson S,SEA,106,373,37,95,23,1,5,39,21,48,3,1,.255,.292,.362,.654
Willy W Aybar,TB,105,296,38,75,12,0,12,41,34,54,1,0,.253,.331,.416,.747
Ronny R Cedeno S,PIT,105,341,32,71,8,3,10,38,19,79,5,2,.208,.256,.337,.593
Mark M Ellis,OAK,105,377,52,99,23,0,10,61,23,54,10,3,.263,.305,.403,.708
Alberto A Gonzalez,WSH,105,291,31,77,16,3,1,33,14,27,1,1,.265,.299,.351,.650
Micah M Hoffpauir,CHC,105,234,28,56,12,1,10,35,20,46,1,0,.239,.300,.427,.727
Howie H Kendrick,LAA,105,374,61,109,21,3,10,61,20,71,11,4,.291,.334,.444,.778
Manny M Ramirez L,LAD,104,352,62,102,24,2,19,63,71,81,0,1,.290,.418,.531,.949
Nolan N Reimold L,BAL,104,358,49,100,18,2,15,45,47,77,8,2,.279,.365,.466,.831
Gordon G Beckham,CWS,103,378,58,102,28,1,14,63,41,65,7,4,.270,.347,.460,.808
Everth E Cabrera S,SD,103,377,59,96,18,8,2,31,46,88,25,8,.255,.342,.361,.703
Nick N Green S,BOS,103,276,35,65,18,0,6,35,20,69,1,4,.236,.303,.366,.669
Jack J Hannahan,SEA,103,267,27,57,14,2,4,19,30,71,1,1,.213,.297,.326,.622
Gary G Matthews C,LAA,103,316,44,79,19,2,4,50,40,74,4,1,.250,.336,.361,.697
Augie A Ojeda,ARI,103,264,38,65,17,3,1,16,32,28,3,1,.246,.340,.345,.685
Luis L Valbuena,CLE,103,368,52,92,25,3,10,31,26,83,2,3,.250,.298,.416,.714
Jason J Giambi,COL,102,293,43,59,14,0,13,51,57,80,0,0,.201,.343,.382,.725
Jason J Michaels,HOU,102,135,17,32,12,1,4,16,16,38,1,2,.237,.322,.430,.752
Geovany G Soto,CHC,102,331,27,72,19,1,11,47,50,77,1,0,.218,.321,.381,.702
Willy W Taveras C,CIN,102,404,56,97,11,2,1,15,18,58,25,6,.240,.275,.285,.559
Clete C Thomas R,DET,102,275,46,66,13,3,7,39,33,77,3,0,.240,.324,.385,.709
Jay J Bruce R,CIN,101,345,47,77,15,2,22,58,38,75,3,3,.223,.303,.470,.773
Felix F Pie L,BAL,101,252,38,67,10,3,9,29,24,58,1,3,.266,.326,.437,.763
Ramon R Vázquez Vazquez,PIT,101,204,17,47,7,0,1,16,31,47,1,0,.230,.335,.279,.614
Vladimir V Guerrero D,LAA,100,383,59,113,16,1,15,50,19,56,2,1,.295,.334,.460,.794
Gary G Sheffield L,NYM,100,268,44,74,13,2,10,43,40,46,2,1,.276,.372,.451,.823
Gabe G Kapler R,TB,99,205,26,49,15,1,8,32,29,39,5,2,.239,.329,.439,.768
Carlos C Quentin L,CWS,99,351,47,83,14,0,21,56,31,52,3,0,.236,.323,.456,.779
Matt M Stairs,PHI,99,103,15,20,4,0,5,17,23,30,0,0,.194,.357,.379,.735
Jonny J Gomes L,CIN,98,281,39,75,17,0,20,51,26,85,3,1,.267,.338,.541,.878
Chad C Tracy,ARI,98,257,29,61,15,0,8,39,26,38,1,0,.237,.306,.389,.695
Bobby B Crosby,OAK,97,238,35,53,10,2,6,29,24,44,2,1,.223,.295,.357,.652
Chris C Dickerson L,CIN,97,255,31,70,13,3,2,15,39,66,11,3,.275,.370,.373,.743
Greg G Dobbs,PHI,97,154,15,38,6,0,5,20,11,29,1,0,.247,.296,.383,.679
Wladimir W Balentien L,CIN,96,265,30,62,17,1,7,24,28,70,2,1,.234,.305,.385,.690
Omir O Santos,NYM,96,281,28,73,14,1,7,40,15,44,0,0,.260,.296,.391,.688
Matt M Wieters,BAL,96,354,35,102,15,1,9,43,28,86,0,0,.288,.340,.412,.753
Greg G Norton,ATL,95,76,3,11,2,0,0,7,20,20,0,0,.145,.330,.171,.501
Will W Venable R,SD,95,293,38,75,14,2,12,38,25,89,6,1,.256,.323,.440,.763
Travis T Hafner D,CLE,94,338,46,92,19,0,16,49,41,67,0,0,.272,.355,.470,.826
Jayson J Nix,CWS,94,255,36,57,11,0,12,32,28,64,10,2,.224,.308,.408,.716
Jamey J Carroll,CLE,93,315,53,87,10,2,2,26,36,63,4,2,.276,.355,.340,.695
Eric E Hinske R,NYY,93,190,31,46,12,0,8,25,27,52,1,0,.242,.348,.432,.780
Chris C Iannetta,COL,93,289,41,66,15,2,16,52,43,75,0,1,.228,.344,.460,.804
Luis Antonio L Rodriguez S,SD,93,208,18,42,6,0,2,16,37,23,1,0,.202,.319,.260,.578
Ramon R Santiago S,DET,93,262,29,70,6,2,7,35,17,57,1,2,.267,.318,.385,.704
Brett B Carroll R,FLA,92,141,18,33,8,2,3,18,11,33,0,0,.234,.306,.383,.689
Josh J Bard,WSH,90,274,20,63,18,0,6,31,24,50,0,1,.230,.293,.361,.655
Joe J Crede,MIN,90,333,42,75,16,1,15,48,29,56,0,0,.225,.289,.414,.703
Ryan R Hanigan,CIN,90,251,22,66,6,1,3,11,37,31,0,0,.263,.361,.331,.692
Paul P Janish S,CIN,90,256,36,54,21,0,1,16,26,40,2,0,.211,.296,.305,.601
Gregg G Zaun,TB,90,262,34,68,17,0,8,27,31,48,0,2,.260,.345,.416,.761
Carlos C González Gonzalez L,COL,89,278,53,79,14,7,13,29,28,70,16,4,.284,.353,.525,.878
Josh J Hamilton C,TEX,89,336,43,90,19,2,10,54,24,79,8,3,.268,.315,.426,.741
Kelly K Shoppach,CLE,89,271,33,58,14,0,12,40,33,98,0,0,.214,.335,.399,.734
Chris C Coste,HOU,88,205,15,46,13,0,2,18,22,55,0,0,.224,.301,.317,.618
Julio J Lugo,STL,88,257,40,72,13,5,3,21,29,45,9,0,.280,.352,.405,.756
Angel A Pagán Pagan C,NYM,88,343,54,105,22,11,6,32,25,56,14,7,.306,.350,.487,.837
Chris C Duncan L,STL,87,260,25,59,15,2,5,32,41,67,0,1,.227,.329,.358,.687
Adam A Rosales,CIN,87,230,23,49,10,1,4,19,26,46,1,2,.213,.303,.317,.620
Marcus M Thames D,DET,87,258,33,65,11,1,13,36,29,72,0,2,.252,.323,.453,.777
Brian B Anderson R,BOS,86,202,32,49,9,0,4,18,23,54,3,6,.243,.328,.347,.674
Edwin E Encarnación,TOR,85,293,35,66,11,2,13,39,37,67,2,1,.225,.320,.410,.729
Eric E Byrnes L,ARI,84,239,26,54,14,1,8,31,12,30,9,3,.226,.270,.393,.663
Jeff J Mathis,LAA,84,237,26,50,8,0,5,28,22,73,2,3,.211,.288,.308,.596
Jarrod J Saltalamacchia,TEX,84,283,34,66,12,0,9,34,22,97,0,2,.233,.290,.371,.661
Eugenio E Velez L,SF,84,285,40,76,13,5,5,31,16,55,11,5,.267,.308,.400,.708
Dewayne D Wise C,CWS,84,142,17,32,8,3,2,11,3,27,4,5,.225,.262,.366,.628
Koyie K Hill,CHC,83,253,26,60,12,2,2,24,27,78,0,0,.237,.312,.324,.636
Peter P Moylan,ATL,83,3,0,0,0,0,0,0,0,3,0,0,.000,.000,.000,.000
Alex A Cora S,NYM,82,271,31,68,11,1,1,18,25,28,8,3,.251,.320,.310,.630
Pedro P Feliciano,NYM,82,0,0,0,0,0,0,0,1,0,0,0,.000,1.000,.000,1.000
Jake J Fox,CHC,82,216,23,56,12,0,11,44,14,47,0,0,.259,.311,.468,.779
Edgar E Gonzalez,SD,82,153,16,33,8,2,4,18,11,36,1,2,.216,.278,.373,.651
Andruw A Jones D,TEX,82,281,43,60,18,0,17,43,45,72,5,1,.214,.323,.459,.782
Garrett G Jones R,PIT,82,314,45,92,21,1,21,44,40,76,10,2,.293,.372,.567,.938
Aramis A Ramirez,CHC,82,306,46,97,14,1,15,65,28,43,2,1,.317,.389,.516,.905
Jeff J Baker,CHC,81,226,27,65,15,2,4,24,18,53,1,0,.288,.343,.425,.768
Carlos C Beltrán Beltran,NYM,81,308,50,100,22,1,10,48,47,43,11,1,.325,.415,.500,.915
Carlos C Guillen L,DET,81,277,36,67,10,3,11,41,39,56,1,3,.242,.339,.419,.757
Jose J Guillen R,KC,81,281,30,68,8,0,9,40,22,50,1,0,.242,.314,.367,.681
Ramon R Hernandez,CIN,81,287,25,74,13,1,5,37,33,34,1,0,.258,.336,.362,.699
Alexi A Casilla,MIN,80,228,25,46,7,3,0,17,22,36,11,0,.202,.280,.259,.538
Rob R Johnson,SEA,80,258,21,55,19,2,2,27,26,60,1,1,.213,.289,.326,.615
Austin A Kearns R,WSH,80,174,20,34,6,2,3,17,32,51,1,1,.195,.336,.305,.641
Ronny R Paulino,FLA,80,239,24,65,10,1,8,27,25,48,1,0,.272,.340,.423,.762
Josh J Fields,CWS,79,239,29,53,5,2,7,30,25,76,2,3,.222,.301,.347,.648
Robert R Andino S,BAL,78,198,31,44,7,0,2,10,15,47,3,3,.222,.274,.288,.562
Nick N Hundley,SD,78,256,23,61,15,2,8,30,28,76,5,1,.238,.313,.406,.719
Kevin K Millar,TOR,78,251,29,56,14,0,7,29,31,49,0,0,.223,.311,.363,.674
Frank F Catalanotto,MIL,77,144,18,40,6,3,1,9,14,23,2,0,.278,.346,.382,.728
Michael M Gonzalez,ATL,77,0,0,0,0,0,0,0,0,0,0,0,.000,.000,.000,.000
Khalil K Greene,STL,77,170,21,34,7,0,6,24,15,35,2,1,.200,.272,.347,.619
Travis T Snider L,TOR,77,241,34,58,14,1,9,29,29,78,1,1,.241,.328,.419,.748
Tim T Byrdak,HOU,75,3,0,0,0,0,0,0,0,1,0,0,.000,.000,.000,.000
Todd T Coffey,MIL,75,3,0,0,0,0,0,0,0,2,0,0,.000,.000,.000,.000
Ryan R Doumit,PIT,75,280,31,70,16,0,10,38,20,49,4,0,.250,.299,.414,.714
Carlos C Marmol,CHC,75,0,0,0,0,0,0,0,0,0,0,0,.000,.000,.000,.000
Rafael R Soriano,ATL,75,0,0,0,0,0,0,0,0,0,0,0,.000,.000,.000,.000
Andres A Torres C,SF,75,152,30,41,6,8,6,23,16,45,6,1,.270,.343,.533,.876
Sean S Green,NYM,74,1,0,0,0,0,0,0,0,1,0,0,.000,.000,.000,.000
Ryan R Madson,PHI,74,0,0,0,0,0,0,0,0,0,0,0,.000,.000,.000,.000
Aaron A Miles,CHC,74,157,17,29,7,1,0,5,8,21,3,0,.185,.224,.242,.466
Eric E O' Flaherty,ATL,74,1,0,0,0,0,0,0,0,1,0,0,.000,.000,.000,.000
Mike M Sweeney D,SEA,74,242,25,68,15,0,8,34,17,31,0,0,.281,.335,.442,.777
Jeremy J Affeldt,SF,73,2,0,1,0,0,0,0,0,0,0,0,.500,.500,.500,1.000
John J Grabow,CHC,73,1,0,0,0,0,0,0,0,0,0,0,.000,.000,.000,.000
John J Mc Donald S,TOR,73,151,18,39,7,0,4,13,1,18,0,2,.258,.271,.384,.655
Eric E Bruntlett,PHI,72,105,15,18,7,0,0,7,5,26,2,0,.171,.224,.238,.462
Luke L Gregerson,SD,72,1,0,0,0,0,0,0,0,0,0,0,.000,.000,.000,.000
Wil W Nieves,WSH,72,224,20,58,6,0,1,26,17,45,1,0,.259,.313,.299,.612
Juan Carlos J Oviedo,FLA,72,0,0,0,0,0,0,0,0,0,0,0,.000,.000,.000,.000
Renyel R Pinto,FLA,72,1,0,0,0,0,0,0,0,1,0,0,.000,.000,.000,.000
Dennys D Reyes,STL,72,0,0,0,0,0,0,0,0,0,0,0,.000,.000,.000,.000
Oscar O Salazar,SD,72,139,16,42,8,2,5,25,14,20,0,0,.302,.364,.496,.860
Josh J Wilson S,SEA,72,192,19,42,11,1,3,13,12,44,1,2,.219,.279,.333,.612
Jesse J Chavez,PIT,71,1,0,0,0,0,0,0,0,1,0,0,.000,.000,.000,.000
Kenji K Johjima,SEA,71,239,24,59,11,0,9,22,12,28,2,2,.247,.296,.406,.702
Nick N Masset,CIN,71,1,0,0,0,0,0,0,0,1,0,0,.000,.000,.000,.000
Matt M Tolbert,MIN,71,198,28,46,7,1,2,19,21,37,6,2,.232,.303,.308,.611
Sean S Burnett,WSH,70,2,0,0,0,0,0,0,0,1,0,0,.000,.000,.000,.000
Kevin K Gregg,CHC,70,0,0,0,0,0,0,0,0,0,0,0,.000,.000,.000,.000
Omar O Infante,ATL,70,203,24,62,9,1,2,27,19,28,2,0,.305,.361,.389,.750
Akinori A Iwamura,TB,69,231,28,67,16,2,1,22,24,44,9,1,.290,.355,.390,.745
Dan D Meyer,FLA,69,2,0,0,0,0,0,0,0,2,0,0,.000,.000,.000,.000
Ramiro R Pena S,NYY,69,115,17,33,6,1,1,10,5,20,4,1,.287,.317,.383,.699
Jonathan J Broxton,LAD,68,1,0,0,0,0,0,0,0,0,0,0,.000,.000,.000,.000
Trevor T Crowe L,CLE,68,183,22,43,9,3,1,17,11,39,6,0,.235,.278,.333,.611
Aaron A Heilman,CHC,68,1,0,0,0,0,0,0,0,0,0,0,.000,.000,.000,.000
Trever T Miller,STL,68,0,0,0,0,0,0,0,0,0,0,0,.000,.000,.000,.000
Ramon R Troncoso,LAD,68,5,0,0,0,0,0,0,0,5,0,0,.000,.000,.000,.000
Henry H Blanco,SD,67,204,21,48,12,0,6,16,26,50,0,0,.235,.320,.382,.703
Daniel D Herrera,CIN,67,2,0,0,0,0,0,0,1,1,0,0,.000,.333,.000,.333
Mark M Kotsay,CWS,67,187,16,52,9,0,4,23,15,21,3,2,.278,.327,.390,.717
Mitch M Stetter,MIL,67,0,0,0,0,0,0,0,0,0,0,0,.000,.000,.000,.000
Brian B Wilson,SF,67,2,0,0,0,0,0,0,0,0,0,0,.000,.000,.000,.000
Ronald R Belisario,LAD,66,4,0,0,0,0,0,0,0,3,0,0,.000,.000,.000,.000
Francisco F Cordero,CIN,66,0,0,0,0,0,0,0,0,0,0,0,.000,.000,.000,.000
Jason J Motte,STL,66,1,0,0,0,0,0,0,0,1,0,0,.000,.000,.000,.000
Alex A Romero,ARI,66,145,14,36,6,2,1,18,11,23,2,0,.248,.306,.338,.644
Brian B Stokes,NYM,66,0,0,0,0,0,0,0,0,0,0,0,.000,.000,.000,.000
David D Weathers,MIL,66,0,0,0,0,0,0,0,0,0,0,0,.000,.000,.000,.000
Joe J Beimel,COL,65,0,0,0,0,0,0,0,0,0,0,0,.000,.000,.000,.000
Heath H Bell,SD,65,0,0,0,0,0,0,0,0,0,0,0,.000,.000,.000,.000
Kiko K Calero,FLA,65,0,0,0,0,0,0,0,0,0,0,0,.000,.000,.000,.000
Sam S Fuld L,CHC,65,97,17,29,6,1,1,2,17,10,2,1,.299,.409,.412,.821
Nomar N Garciaparra,OAK,65,160,17,45,8,0,3,16,8,28,2,0,.281,.314,.388,.701
Joel J Hanrahan,PIT,65,1,0,0,0,0,0,0,0,0,0,0,.000,.000,.000,.000
Reed R Johnson C,CHC,65,165,23,42,10,2,4,22,13,27,2,1,.255,.330,.412,.742
Lastings L Milledge,PIT,65,244,21,68,11,0,4,21,13,47,7,4,.279,.323,.373,.696
Bobby B Parnell,NYM,65,8,1,1,0,0,0,0,0,3,0,0,.125,.125,.125,.250
Francisco F Rodríguez Rodriguez,NYM,65,0,0,0,0,0,0,0,0,0,0,0,.000,.000,.000,.000
Kyle K Mc Clellan,STL,64,3,0,0,0,0,0,0,0,1,0,0,.000,.000,.000,.000
Brayan B Peña Pena,KC,64,165,17,45,10,0,6,18,12,18,0,0,.273,.318,.442,.761
Cory C Sullivan L,NYM,64,136,17,34,2,5,2,15,19,22,7,1,.250,.338,.382,.720
Yorvit Y Torrealba,COL,64,213,27,62,11,1,2,31,21,42,1,1,.291,.351,.380,.732
Jason J Jaramillo,PIT,63,206,20,52,14,0,3,26,17,33,1,0,.252,.309,.364,.674
Brad B Lidge,PHI,63,0,0,0,0,0,0,0,0,0,0,0,.000,.000,.000,.000
Edward E Mujica,SD,63,8,1,2,0,0,0,0,0,2,0,0,.250,.250,.250,.500
Arthur A Rhodes,CIN,63,1,0,0,0,0,0,0,0,1,0,0,.000,.000,.000,.000
Rocco R Baldelli,BOS,62,150,23,38,4,1,7,23,11,37,1,0,.253,.311,.433,.744
Juan J Gutierrez,ARI,62,0,0,0,0,0,0,0,0,0,0,0,.000,.000,.000,.000
La Troy L Hawkins,HOU,62,0,0,0,0,0,0,0,0,0,0,0,.000,.000,.000,.000
Omar O Vizquel S,TEX,62,177,17,47,7,2,1,14,13,27,4,0,.266,.316,.345,.660
Emmanuel E Burriss,SF,61,202,18,48,6,0,0,13,14,34,11,4,.238,.292,.267,.560
Brian B Buscher,MIN,61,136,14,32,3,1,2,12,24,35,0,0,.235,.360,.316,.676
Mat M Gamel,MIL,61,128,11,31,6,1,5,20,18,54,1,0,.242,.338,.422,.760
Brian B Giles R,SD,61,225,18,43,10,1,2,23,26,31,1,0,.191,.277,.271,.548
Bob B Howry,SF,61,2,0,0,0,0,0,0,0,1,0,0,.000,.000,.000,.000
Chris C Snyder,ARI,61,165,20,33,7,0,6,22,32,47,0,0,.200,.333,.352,.685
Carlos C Villanueva,MIL,61,11,0,1,0,0,0,0,1,7,0,0,.091,.167,.091,.258
Rich R Aurilia,SF,60,122,10,26,2,0,2,16,8,24,0,0,.213,.256,.279,.534
Ryan R Franklin,STL,60,0,0,0,0,0,0,0,0,0,0,0,.000,.000,.000,.000
Jeff J Fulchino,HOU,60,3,0,1,1,0,0,0,0,0,0,0,.333,.333,.667,1.000
Brandon B Medders,SF,60,2,0,0,0,0,0,0,0,1,0,0,.000,.000,.000,.000
Steve S Pearce,PIT,60,165,19,34,13,1,4,16,21,43,1,0,.206,.296,.370,.665
Cliff C Pennington S,OAK,60,208,27,58,11,3,4,21,19,46,7,5,.279,.342,.418,.760
Humberto H Quintero,HOU,60,157,11,37,8,1,4,14,7,41,0,0,.236,.286,.376,.662
Huston H Street,COL,60,0,0,0,0,0,0,0,0,0,0,0,.000,.000,.000,.000
Taylor T Teagarden,TEX,60,198,26,43,13,0,6,24,14,76,0,0,.217,.270,.374,.644
John J Buck,KC,59,186,16,46,12,4,8,36,13,55,1,1,.247,.299,.484,.782
Brian B Schneider,NYM,59,170,11,37,11,0,3,24,18,21,0,0,.218,.292,.335,.627
Guillermo G Mota,LAD,58,3,0,1,0,0,0,1,0,1,0,0,.333,.333,.333,.667
Omar O Quintanilla,COL,58,58,7,10,2,0,0,2,8,27,0,0,.172,.273,.207,.480
Ron R Villone,WSH,58,0,0,0,0,0,0,0,0,0,0,0,.000,.000,.000,.000
Juan J Castro S,LAD,57,112,18,31,4,0,1,9,6,25,0,0,.277,.311,.339,.650
Ramon R Castro,CWS,57,155,13,34,8,0,7,25,16,39,0,0,.219,.292,.406,.699
Matt M Capps,PIT,56,0,0,0,0,0,0,0,0,0,0,0,.000,.000,.000,.000
Chad C Durbin,PHI,56,7,0,1,0,0,0,0,0,3,0,0,.143,.143,.143,.286
Jason J Bergmann,WSH,55,2,0,0,0,0,0,0,0,0,0,0,.000,.000,.000,.000
Matt M Daley,COL,55,0,0,0,0,0,0,0,0,0,0,0,.000,.000,.000,.000
Angel A Guzman,CHC,55,3,0,0,0,0,0,0,0,1,0,0,.000,.000,.000,.000
Jon J Rauch,ARI,55,0,0,0,0,0,0,0,0,0,0,0,.000,.000,.000,.000
Daric D Barton,OAK,54,160,31,43,12,1,3,24,26,25,0,2,.269,.372,.413,.784
Kyle K Blanks R,SD,54,148,24,37,9,0,10,22,18,55,1,1,.250,.355,.514,.868
Endy E Chavez L,SEA,54,161,17,44,3,1,2,13,14,22,9,1,.273,.328,.342,.669
Mark M Di Felice,MIL,54,1,0,0,0,0,0,0,0,1,0,0,.000,.000,.000,.000
Cameron C Maybin,FLA,54,176,30,44,12,2,4,13,17,51,1,3,.250,.318,.409,.727
Jose J Morales,MIN,54,119,14,37,6,0,0,7,14,22,0,0,.311,.381,.361,.742
Robb R Quinlan,LAA,54,115,13,28,5,0,2,14,5,30,1,1,.243,.275,.339,.614
David D Ross,ATL,54,128,18,35,9,0,7,20,21,39,0,0,.273,.380,.508,.888
Andres A Blanco,CHC,53,123,15,31,8,0,1,12,8,14,0,2,.252,.303,.341,.644
Trevor T Hoffman,MIL,53,0,0,0,0,0,0,0,0,0,0,0,.000,.000,.000,.000
Matt M Lindstrom,FLA,53,0,0,0,0,0,0,0,0,0,0,0,.000,.000,.000,.000
Brian B Barden,STL,52,103,13,24,3,0,4,10,6,21,0,0,.233,.286,.379,.664
Matt M La Porta L,CLE,52,181,29,46,13,0,7,21,12,37,2,0,.254,.308,.442,.750
Jose J Molina,NYY,52,138,15,30,4,0,1,11,14,28,0,0,.217,.292,.268,.560
Raul R Chavez,TOR,51,159,10,41,8,0,2,15,6,23,1,1,.258,.285,.346,.631
Jason J La Rue,STL,51,104,10,25,3,0,2,6,3,22,1,0,.240,.288,.327,.615
Drew D Macias,SD,51,76,8,15,6,0,1,7,13,15,0,1,.197,.322,.316,.638
Sean S Marshall,CHC,51,13,2,3,0,0,0,2,1,5,0,0,.231,.286,.231,.516
Bobby B Scales L,CHC,51,124,15,30,8,2,3,15,11,32,0,0,.242,.312,.411,.723
Jared J Burton,CIN,50,1,0,0,0,0,0,0,0,1,0,0,.000,.000,.000,.000
Jordan J Schafer C,ATL,50,167,18,34,8,0,2,8,27,63,2,1,.204,.313,.287,.600
Esmerling E Vasquez,ARI,50,0,0,0,0,0,0,0,0,0,0,0,.000,.000,.000,.000
Coco C Crisp,KC,49,180,30,41,8,5,3,14,29,23,13,2,.228,.336,.378,.714
Alex A Gordon,KC,49,164,28,38,6,0,6,22,21,43,5,0,.232,.324,.378,.702
Joe J Thatcher,SD,49,0,0,0,0,0,0,0,0,0,0,0,.000,.000,.000,.000
Eli E Whiteside,SF,49,127,15,29,6,1,2,13,4,30,0,0,.228,.269,.339,.607
Reggie R Willits L,LAA,49,80,16,17,2,0,0,6,5,17,5,1,.213,.256,.238,.493
Tyler T Greene S,STL,48,108,9,24,5,0,2,7,4,32,3,0,.222,.270,.324,.594
Chad C Qualls,ARI,48,2,0,0,0,0,0,0,0,2,0,0,.000,.000,.000,.000
Jose J Valverde,HOU,48,0,0,0,0,0,0,0,0,0,0,0,.000,.000,.000,.000
Wesley W Wright,HOU,48,4,2,1,0,0,0,0,0,1,0,0,.250,.250,.250,.500
Blaine B Boyer,ARI,47,4,0,0,0,0,0,0,0,4,0,0,.000,.000,.000,.000
Mike M Mac Dougal,WSH,47,0,0,0,0,0,0,0,0,0,0,0,.000,.000,.000,.000
Andy A Marte,CLE,47,155,20,36,6,1,6,25,14,30,0,0,.232,.293,.400,.693
Darnell D Mc Donald L,CIN,47,105,12,28,6,1,2,10,5,31,1,0,.267,.306,.400,.706
Julio J Borbon D,TEX,46,157,30,49,4,0,4,20,15,28,19,4,.312,.376,.414,.790
Brent B Lillibridge,CWS,46,95,9,15,2,0,0,3,14,26,6,3,.158,.273,.179,.452
Landon L Powell,OAK,46,140,19,32,7,0,7,30,14,36,0,0,.229,.297,.429,.725
Chris C Sampson,HOU,46,2,0,0,0,0,0,0,0,1,0,0,.000,.000,.000,.000
Michael M Saunders L,SEA,46,122,13,27,1,3,0,4,6,40,4,1,.221,.258,.279,.536
Merkin M Valdez,SF,46,0,0,0,0,0,0,0,0,0,0,0,.000,.000,.000,.000
Josh J Whitesell,ARI,46,108,7,21,7,0,1,14,24,29,0,0,.194,.346,.287,.633
Chris C Gimenez,CLE,45,111,12,16,2,0,3,7,17,36,1,1,.144,.256,.243,.499
George G Kottaras,BOS,45,93,15,22,11,0,1,10,11,25,0,0,.237,.308,.387,.696
Mike M Redmond,MIN,45,135,9,32,5,1,0,7,11,19,0,0,.237,.299,.289,.588
Clay C Zavada,ARI,45,0,0,0,0,0,0,0,0,0,0,0,.000,.000,.000,.000
Paul P Bako,PHI,44,116,12,26,4,0,3,9,13,32,0,1,.224,.308,.336,.644
Greg G Burke,SD,44,0,0,0,0,0,0,0,0,0,0,0,.000,.000,.000,.000
Clay C Condrey,PHI,44,0,0,0,0,0,0,0,0,0,0,0,.000,.000,.000,.000
James J Mc Donald,LAD,44,9,0,0,0,0,0,0,0,6,0,0,.000,.000,.000,.000
Sergio S Romo,SF,44,1,0,0,0,0,0,0,0,1,0,0,.000,.000,.000,.000
Brian B Sanches,FLA,43,4,1,0,0,0,0,1,0,0,0,0,.000,.000,.000,.000
Francisco F Cervelli,NYY,42,94,13,28,4,0,1,11,2,11,0,3,.298,.309,.372,.682
Justin J Miller,SF,42,3,0,0,0,0,0,0,0,2,0,0,.000,.000,.000,.000
Chan Ho C Park,PHI,42,14,1,2,0,0,1,1,3,5,0,0,.143,.294,.357,.651
Scott S Schoeneweis,ARI,42,0,0,0,0,0,0,0,0,0,0,0,.000,.000,.000,.000
Drew D Stubbs C,CIN,42,180,27,48,5,1,8,17,15,49,10,4,.267,.323,.439,.762
Drew D Sutton,CIN,42,66,10,14,4,1,1,9,7,20,0,2,.212,.297,.348,.646
Tyler T Clippard,WSH,41,7,0,0,0,0,0,0,0,4,0,0,.000,.000,.000,.000
Robinzon R Diaz,PIT,41,129,9,36,7,0,1,19,3,9,0,1,.279,.307,.357,.663
Scott S Eyre,PHI,41,0,0,0,0,0,0,0,0,0,0,0,.000,.000,.000,.000
Ryan R Freel,KC,41,88,11,17,2,0,0,5,11,23,1,0,.193,.290,.216,.506
Mike M Rivera,MIL,41,114,10,26,7,0,2,14,15,32,1,0,.228,.326,.342,.668
Wilson W Valdez S,NYM,41,86,11,22,3,2,0,7,8,10,0,1,.256,.326,.337,.664
Alberto A Arias,HOU,40,1,0,0,0,0,0,0,1,1,0,0,.000,.500,.000,.500
Matt M Kata,HOU,40,50,2,10,1,0,0,5,0,5,1,0,.200,.212,.220,.432
Justin J Maxwell C,WSH,40,89,13,22,4,1,4,9,12,32,6,1,.247,.343,.449,.793
Franklin F Morales,COL,40,5,0,2,0,0,0,1,0,2,0,0,.400,.400,.400,.800
Tony T Pena S,KC,40,51,3,5,1,0,0,2,2,13,0,0,.098,.132,.118,.250
Steven S Jackson,PIT,39,1,0,0,0,0,0,0,0,0,0,0,.000,.000,.000,.000
John J Mayberry L,PHI,39,57,8,12,3,0,4,8,2,23,0,0,.211,.250,.474,.724
Edwin E Maysonet,HOU,39,69,9,20,2,0,1,7,5,19,0,0,.290,.333,.362,.696
Evan E Meek,PIT,39,0,0,0,0,0,0,0,0,0,0,0,.000,.000,.000,.000
Micah M Owings,CIN,39,54,7,14,4,1,3,10,1,19,0,0,.259,.281,.537,.818
Eric E Patterson L,OAK,39,94,15,27,5,1,1,11,14,25,6,1,.287,.373,.394,.766
Nick N Stavinoha,STL,39,87,6,20,7,0,2,17,2,15,1,0,.230,.242,.379,.621
Adam A Wainwright,STL,39,89,7,16,5,1,2,4,1,26,0,0,.180,.189,.326,.515
Alcides A Escobar S,MIL,38,125,20,38,3,1,1,11,4,18,4,2,.304,.333,.368,.701
Ryan R Langerhans L,SEA,38,101,12,22,6,1,3,10,14,28,0,1,.218,.311,.386,.697
Seth S Mc Clung,MIL,38,7,0,0,0,0,0,0,0,4,0,0,.000,.000,.000,.000
Kris K Medlen,ATL,38,13,0,0,0,0,0,0,0,7,0,0,.000,.000,.000,.000
Julian J Tavarez,WSH,38,1,0,0,0,0,0,0,0,0,0,0,.000,.000,.000,.000
Eliezer E Alfonzo,SD,37,114,6,20,3,0,2,8,3,34,0,0,.175,.197,.254,.451
Joey J Gathright L,BOS,37,30,9,8,0,0,0,0,2,8,2,2,.267,.313,.267,.579
Luis L Hernandez S,KC,37,73,4,15,1,0,0,4,4,18,1,0,.205,.256,.219,.476
Jeff J Karstens,PIT,37,22,2,1,0,0,0,0,2,12,0,0,.045,.160,.045,.206
George G Sherrill,LAD,37,0,0,0,0,0,0,0,0,0,0,0,.000,.000,.000,.000
Javier J Vazquez,ATL,37,68,6,12,3,0,0,3,3,14,0,0,.176,.211,.221,.432
Rickie R Weeks Jr.,MIL,37,147,28,40,5,2,9,24,12,39,2,2,.272,.340,.517,.856
Brad B Ausmus,LAD,36,95,9,28,4,0,1,9,5,21,1,0,.295,.343,.368,.712
Mike M Aviles S,KC,36,120,10,22,3,1,1,8,4,26,1,0,.183,.208,.250,.458
Travis T Buck R,OAK,36,105,11,23,3,0,3,10,10,20,1,1,.219,.287,.333,.620
Tony T Clark,ARI,36,66,7,12,4,0,4,11,11,24,0,0,.182,.295,.424,.719
Kevin K Correia,SD,36,55,2,8,1,0,0,0,2,21,0,1,.145,.175,.164,.339
Joe J Inglett L,TOR,36,89,11,25,4,1,0,6,8,21,3,1,.281,.347,.348,.695
Jason J Marquis,COL,36,64,7,11,3,0,0,8,2,14,0,0,.172,.197,.219,.416
Jose J Reyes S,NYM,36,147,18,41,7,2,2,15,18,19,11,2,.279,.355,.395,.750
Claudio C Vargas,MIL,36,0,0,0,0,0,0,0,0,0,0,0,.000,.000,.000,.000
Angel A Berroa S,NYM,35,49,10,7,2,0,0,3,3,12,0,0,.143,.208,.184,.391
Carlos C Fisher,CIN,35,1,0,0,0,0,0,0,0,1,0,0,.000,.000,.000,.000
Dan D Haren,ARI,35,73,6,18,5,0,1,10,3,22,0,0,.247,.269,.356,.625
Michel M Hernandez,TB,35,99,12,24,3,1,1,12,7,12,2,1,.242,.292,.323,.616
Jair J Jurrjens,ATL,35,65,7,8,2,0,0,4,8,24,0,0,.123,.219,.154,.373
Hung- Chih H Kuo,LAD,35,0,0,0,0,0,0,0,0,0,0,0,.000,.000,.000,.000
Corky C Miller,CIN,35,95,9,18,4,0,1,15,12,23,0,0,.189,.284,.263,.548
Manny M Acosta,ATL,34,1,0,0,0,0,0,0,1,1,0,0,.000,.500,.000,.500
Mike M Adams,SD,34,0,0,0,0,0,0,0,0,0,0,0,.000,.000,.000,.000
Bronson B Arroyo,CIN,34,62,4,7,3,0,0,0,0,27,0,0,.113,.113,.161,.274
Rafael R Betancourt,COL,34,0,0,0,0,0,0,0,0,0,0,0,.000,.000,.000,.000
Alan A Embree,COL,34,0,0,0,0,0,0,0,0,0,0,0,.000,.000,.000,.000
Brent B Leach,LAD,34,0,0,0,0,0,0,0,0,0,0,0,.000,.000,.000,.000
Craig C Monroe,PIT,34,79,8,17,2,0,3,16,7,21,0,0,.215,.287,.354,.642
Ramon R Pena,ARI,34,1,0,0,0,0,0,0,0,0,0,0,.000,.000,.000,.000
Luis L Perdomo,SD,34,6,0,0,0,0,0,0,0,5,0,0,.000,.000,.000,.000
Chris C Smith,MIL,34,2,0,0,0,0,0,0,1,1,0,0,.000,.333,.000,.333
Manny M Corpas,COL,33,0,0,0,0,0,0,0,0,0,0,0,.000,.000,.000,.000
J. A. J Happ,PHI,33,43,2,4,1,0,0,1,1,15,0,0,.093,.114,.116,.230
Diory D Hernandez S,ATL,33,85,6,12,3,0,1,6,6,22,0,1,.141,.198,.212,.410
Cla C Meredith,SD,33,0,0,0,0,0,0,0,0,0,0,0,.000,.000,.000,.000
Leo L Rosales,ARI,33,3,0,0,0,0,0,0,0,2,0,0,.000,.000,.000,.000
Randy R Ruiz D,TOR,33,115,25,36,7,0,10,17,10,35,1,1,.313,.385,.635,1.019
Kip K Wells,CIN,33,11,1,1,0,0,0,0,0,4,0,0,.091,.091,.091,.182
Randy R Wolf,LAD,33,68,5,11,4,0,1,11,2,22,1,0,.162,.194,.265,.459
Chris C Woodward,BOS,33,79,7,17,1,0,0,5,7,19,1,0,.215,.292,.228,.520
Carlos C Zambrano,CHC,33,69,7,15,5,0,4,11,1,28,0,0,.217,.225,.464,.689
Barry B Zito,SF,33,51,2,6,0,0,0,0,4,16,0,0,.118,.182,.118,.300
Brandon B Allen,ARI,32,104,13,21,7,0,4,14,12,40,0,0,.202,.284,.385,.669
Burke B Badenhop,FLA,32,10,0,0,0,0,0,1,0,5,0,0,.000,.000,.000,.000
Chris C Burke S,SD,32,82,8,17,5,0,1,5,6,16,4,1,.207,.270,.305,.574
Matt M Cain,SF,32,60,2,9,2,1,0,3,4,31,0,0,.150,.203,.217,.420
Doug D Davis,ARI,32,63,2,10,1,1,0,3,0,21,0,0,.159,.159,.206,.365
Jorge J De La Rosa,COL,32,57,3,7,2,0,0,3,1,30,0,0,.123,.138,.158,.296
Jon J Garland,LAD,32,70,3,6,0,0,0,1,1,34,0,0,.086,.111,.086,.197
Jason J Hammel,COL,32,55,1,6,1,0,0,0,2,25,0,0,.109,.140,.127,.268
Josh J Johnson,FLA,32,62,8,12,1,0,3,10,6,33,0,0,.194,.265,.355,.620
Kenshin K Kawakami,ATL,32,41,0,4,0,0,0,0,3,13,0,0,.098,.159,.098,.257
Logan L Kensing,WSH,32,2,0,0,0,0,0,0,0,0,0,0,.000,.000,.000,.000
Jeff J Larish D,DET,32,74,13,16,3,1,4,7,15,25,0,1,.216,.344,.446,.790
Tim T Lincecum,SF,32,66,8,10,1,0,0,3,6,36,0,0,.152,.219,.167,.386
Braden B Looper,MIL,32,60,3,12,0,0,0,8,2,18,0,0,.200,.226,.200,.426
Derek D Lowe,ATL,32,54,6,12,0,0,0,1,4,16,0,0,.222,.276,.222,.498
Jed J Lowrie S,BOS,32,68,5,10,2,0,2,11,6,20,0,0,.147,.211,.265,.475
Michael M Morse,WSH,32,52,4,13,3,0,3,10,3,16,0,0,.250,.291,.481,.772
Joel J Pineiro,STL,32,66,4,9,2,0,0,4,4,33,1,0,.136,.186,.167,.352
Wandy W Rodriguez,HOU,32,63,4,8,3,0,0,4,1,19,0,0,.127,.141,.175,.315
Michael M Aubrey,BAL,31,90,12,26,7,0,4,14,5,10,0,0,.289,.326,.500,.826
Jeff J Bennett,TB,31,2,0,0,0,0,0,0,0,1,0,0,.000,.000,.000,.000
John J Bowker L,SF,31,67,7,13,2,2,2,7,4,18,1,0,.194,.247,.373,.620
Reid R Brignac S,TB,31,90,10,25,8,2,1,6,3,20,2,2,.278,.301,.444,.746
Blake B De Witt,LAD,31,49,4,10,3,0,2,4,3,7,0,0,.204,.245,.388,.633
Zach Z Duke,PIT,31,60,1,12,2,0,0,5,4,18,0,0,.200,.246,.233,.480
Reid R Gorecki L,ATL,31,25,6,5,0,0,0,3,1,12,1,0,.200,.222,.200,.422
Ubaldo U Jiménez Jimenez,COL,31,59,5,13,0,0,0,2,6,15,0,0,.220,.292,.220,.513
Don D Kelly L,DET,31,56,8,14,3,1,0,3,4,10,1,0,.250,.311,.339,.651
John J Lannan,WSH,31,58,1,9,1,0,0,0,2,21,0,0,.155,.183,.172,.356
Cody C Ransom,NYY,31,79,11,15,9,1,0,10,7,25,2,0,.190,.256,.329,.585
Jonathan J Sánchez Sanchez,SF,31,41,2,3,0,0,0,0,4,27,0,0,.073,.174,.073,.247
Brad B Thompson,STL,31,12,0,1,0,0,0,0,0,7,0,0,.083,.083,.083,.167
Chad C Billingsley,LAD,30,56,2,10,2,0,1,4,4,24,0,0,.179,.233,.268,.501
Joe J Blanton,PHI,30,55,4,7,0,0,0,1,4,21,0,0,.127,.200,.127,.327
Brooks B Conrad,ATL,30,54,7,11,1,2,2,8,3,14,0,0,.204,.259,.407,.666
Ryan R Dempster,CHC,30,64,2,8,1,0,0,5,4,20,0,0,.125,.176,.141,.317
Brendan B Donnelly,FLA,30,0,0,0,0,0,0,0,0,0,0,0,.000,.000,.000,.000
Nick N Evans,NYM,30,65,5,15,5,1,1,7,4,20,0,0,.231,.275,.385,.660
Cole C Hamels,PHI,30,61,6,9,3,0,0,5,1,29,1,0,.148,.161,.197,.358
Livan L Hernandez,WSH,30,54,1,8,2,0,0,0,2,6,0,0,.148,.179,.185,.364
Conor C Jackson L,ARI,30,99,8,18,4,0,1,14,11,16,5,0,.182,.264,.253,.516
Clayton C Kershaw,LAD,30,48,2,5,0,0,0,2,3,16,0,0,.104,.157,.104,.261
Paul P Maholm,PIT,30,58,1,4,1,0,1,2,3,36,0,0,.069,.115,.138,.253
Chad C Moeller,BAL,30,89,6,23,8,1,2,10,7,16,0,0,.258,.313,.438,.751
Saul S Rivera,WSH,30,3,2,1,0,0,0,0,1,0,0,0,.333,.500,.333,.833
Rusty R Ryal,ARI,30,59,11,16,6,2,3,9,6,21,0,0,.271,.353,.593,.946
Max M Scherzer,ARI,30,53,4,12,2,0,0,3,3,17,0,0,.226,.268,.264,.532
Todd T Wellemeyer,STL,30,39,1,5,0,0,0,0,0,16,0,0,.128,.128,.128,.256
Eric E Young Jr.,COL,30,57,7,14,1,0,1,1,4,12,4,4,.246,.295,.316,.611
Alex A Avila,DET,29,61,9,17,4,0,5,14,10,18,0,0,.279,.375,.590,.965
Kevin K Barker,CIN,29,32,2,9,3,0,0,3,3,9,0,0,.281,.333,.375,.708
Jesus J Flores,WSH,29,93,13,28,3,2,4,15,11,26,0,0,.301,.371,.505,.877
Yovani Y Gallardo,MIL,29,58,6,10,2,0,2,8,2,23,0,0,.172,.197,.310,.507
Sammy S Gervacio,HOU,29,0,0,0,0,0,0,0,0,0,0,0,.000,.000,.000,.000
Fernando F Martinez L,NYM,29,91,11,16,6,0,1,8,5,14,2,0,.176,.242,.275,.517
Luis L Montanez,BAL,29,82,5,15,5,0,1,6,5,16,0,1,.183,.244,.280,.525
Matt M Murton,COL,29,52,7,13,5,0,1,6,4,14,2,0,.250,.304,.404,.707
Ricky R Nolasco,FLA,29,50,1,7,0,0,0,3,2,25,0,0,.140,.173,.140,.313
Roy R Oswalt,HOU,29,49,4,6,0,0,0,2,2,8,0,0,.122,.173,.122,.296
Jorge J Padilla,WSH,29,25,3,3,0,0,0,0,1,8,0,0,.120,.154,.120,.274
Mike M Pelfrey,NYM,29,52,4,5,1,0,0,4,2,12,0,0,.096,.143,.115,.258
Jeff J Suppan,MIL,29,42,4,6,1,0,0,5,4,12,0,0,.143,.217,.167,.384
Tyler T Walker,PHI,29,0,0,0,0,0,0,0,0,0,0,0,.000,.000,.000,.000
Michael M Brantley C,CLE,28,112,10,35,4,0,0,11,8,19,4,4,.313,.358,.348,.706
Johnny J Cueto,CIN,28,46,5,6,0,0,0,1,3,17,0,0,.130,.184,.130,.314
Elmer E Dessens,NYM,28,0,0,0,0,0,0,0,0,0,0,0,.000,.000,.000,.000
Blake B Hawksworth,STL,28,0,0,0,0,0,0,0,0,0,0,0,.000,.000,.000,.000
Garrett G Mock,WSH,28,23,1,2,0,0,0,0,0,13,0,0,.087,.087,.087,.174
Brian B Moehler,HOU,28,42,0,1,0,0,0,0,1,18,0,0,.024,.068,.024,.092
Jamie J Moyer,PHI,28,42,2,5,0,0,0,2,6,21,0,0,.119,.240,.119,.359
Ross R Ohlendorf,PIT,28,59,1,4,0,0,0,0,1,23,0,0,.068,.083,.068,.151
Chris C Perez,STL,28,0,0,0,0,0,0,0,0,0,0,0,.000,.000,.000,.000
J. J Putz,NYM,28,0,0,0,0,0,0,0,0,0,0,0,.000,.000,.000,.000
Tim T Redding,NYM,28,29,0,2,0,0,0,0,0,9,0,0,.069,.069,.069,.138
Chris C Volstad,FLA,28,47,5,6,1,0,0,3,1,23,0,0,.128,.146,.149,.295
Ryan R Webb,SD,28,0,0,0,0,0,0,0,0,0,0,0,.000,.000,.000,.000
Alfredo A Amezaga C,FLA,27,69,6,15,3,0,0,5,5,16,1,1,.217,.267,.261,.528
Miguel M Cairo,PHI,27,45,6,12,2,1,1,2,0,4,0,0,.267,.283,.422,.705
Luis Alfonso L Cruz S,PIT,27,70,5,15,1,0,0,2,6,7,0,0,.214,.282,.229,.511
Pete P Orr,WSH,27,75,5,19,2,1,1,10,3,15,2,1,.253,.272,.347,.618
Josh J Reddick L,BOS,27,59,5,10,4,0,2,4,2,17,0,0,.169,.210,.339,.549
Jeff J Bailey,BOS,26,77,14,16,3,2,3,9,10,21,0,0,.208,.330,.416,.745
Chris C Carpenter,STL,26,63,3,11,3,0,1,7,2,13,0,0,.175,.212,.270,.482
Aaron A Cook,COL,26,44,3,5,1,0,0,6,7,14,0,0,.114,.245,.136,.382
Carlos C Delgado,NYM,26,94,15,28,7,1,4,23,12,20,0,0,.298,.393,.521,.914
Rich R Harden,CHC,26,43,3,8,1,0,0,0,1,15,0,0,.186,.205,.209,.414
Ted T Lilly,CHC,26,57,2,5,1,1,0,2,2,27,0,1,.088,.119,.140,.259
Manny M Parra,MIL,26,45,4,6,2,0,0,4,1,22,0,0,.133,.167,.178,.344
Ken K Takahashi,NYM,26,2,0,0,0,0,0,0,0,2,0,0,.000,.000,.000,.000
Craig C Tatum,CIN,26,68,3,11,1,0,1,6,7,10,0,0,.162,.250,.221,.471
Jeff J Weaver,LAD,26,13,1,3,0,0,0,0,0,6,0,0,.231,.231,.231,.462
Randy R Wells,CHC,26,47,5,9,3,0,0,2,2,7,0,0,.191,.224,.255,.480
Aaron A Harang,CIN,25,47,1,7,1,0,1,6,1,12,0,0,.149,.167,.234,.401
Pat P Misch,NYM,25,13,0,0,0,0,0,0,2,5,0,0,.000,.133,.000,.133
Joel J Peralta,COL,25,0,0,0,0,0,0,0,0,0,0,0,.000,.000,.000,.000
Cory C Wade,LAD,25,2,0,0,0,0,0,0,0,1,0,0,.000,.000,.000,.000
Matt M Belisle,COL,24,3,0,0,0,0,0,0,0,2,0,0,.000,.000,.000,.000
Gregor G Blanco C,ATL,24,43,5,8,0,1,0,1,4,9,2,0,.186,.255,.233,.488
Jason J Bourgeois,MIL,24,37,6,7,0,0,1,3,3,7,3,0,.189,.250,.270,.520
Tommy T Everidge,OAK,24,85,13,19,6,0,2,7,8,17,0,0,.224,.302,.365,.667
Jeff J Fiorentino C,BAL,24,64,8,18,1,0,0,8,8,16,2,0,.281,.351,.297,.648
Trent T Oeltjen L,ARI,24,70,11,17,4,1,3,4,1,13,3,1,.243,.250,.457,.707
Russ R Ortiz,HOU,24,28,2,5,0,0,1,2,1,9,0,0,.179,.207,.286,.493
Juan J Rincon,COL,24,1,0,0,0,0,0,0,0,0,0,0,.000,.000,.000,.000
Aaron A Cunningham R,OAK,23,53,6,8,2,0,1,6,3,16,0,0,.151,.211,.245,.456
Randy R Flores,COL,23,0,0,0,0,0,0,0,0,0,0,0,.000,.000,.000,.000
Josh J Fogg,COL,23,9,0,1,0,0,0,0,1,1,0,0,.111,.200,.111,.311
Kevin K Frandsen,SF,23,50,3,7,2,0,0,1,3,4,0,0,.140,.204,.180,.384
Kyle K Lohse,STL,23,37,3,8,0,0,0,2,1,7,0,0,.216,.275,.216,.491
Felipe F Paulino,HOU,23,25,0,1,0,0,0,0,0,16,0,0,.040,.040,.040,.080
Yusmeiro Y Petit,ARI,23,27,0,1,0,0,0,0,1,8,0,0,.037,.071,.037,.108
Johan J Santana,NYM,23,42,1,7,3,0,0,4,5,14,0,0,.167,.255,.238,.493
Jack J Taschner,PHI,23,1,0,0,0,0,0,0,0,0,0,0,.000,.000,.000,.000
Alejandro A De Aza,FLA,22,20,6,5,1,0,0,3,5,5,0,0,.250,.385,.300,.685
David D Dellucci L,TOR,22,65,5,12,4,0,0,3,5,19,0,0,.185,.270,.246,.516
Tom T Gorzelanny,CHC,22,14,0,2,0,0,0,2,1,5,0,0,.143,.200,.143,.343
Jason J Grilli,TEX,22,2,0,0,0,0,0,0,0,0,0,0,.000,.000,.000,.000
Homer H Bailey,CIN,21,38,0,3,0,0,0,2,0,17,0,0,.079,.079,.079,.158
Mike M Carp,SEA,21,54,7,17,3,1,1,5,8,10,0,0,.315,.415,.463,.878
Alex A Cintron,WSH,21,26,1,2,0,0,0,0,2,7,0,0,.077,.143,.077,.220
Ian I Desmond S,WSH,21,82,9,23,7,2,4,12,5,14,1,0,.280,.318,.561,.879
Mike M Hampton,HOU,21,37,6,12,1,0,1,7,2,8,0,0,.324,.350,.432,.782
Lou L Marson,CLE,21,61,9,15,7,0,0,4,10,21,0,0,.246,.347,.361,.708
Will W Ohman,LAD,21,2,0,1,0,0,0,1,0,1,0,0,.500,.500,.500,1.000
Jeff J Salazar,PIT,21,23,1,1,0,0,0,1,3,7,1,0,.043,.154,.043,.197
Gaby G Sanchez,FLA,21,21,2,5,0,0,2,3,2,3,0,0,.238,.304,.524,.828
Daniel D Schlereth,ARI,21,0,0,0,0,0,0,0,0,0,0,0,.000,.000,.000,.000
Jason J Smith,HOU,21,25,1,0,0,0,0,1,0,9,0,0,.000,.000,.000,.000
Wilson W Betemit,CWS,20,45,2,9,5,0,0,3,5,13,0,0,.200,.280,.311,.591
Doug D Brocail,HOU,20,0,0,0,0,0,0,0,0,0,0,0,.000,.000,.000,.000
Tommy T Hanson,ATL,20,37,2,2,0,0,0,1,1,20,0,0,.054,.079,.054,.133
Randy R Johnson,SF,20,26,1,2,0,0,0,0,1,16,0,0,.077,.111,.077,.188
Boone B Logan,ATL,20,0,0,0,0,0,0,0,0,0,0,0,.000,.000,.000,.000
Doug D Mientkiewicz,LAD,20,18,0,6,1,0,0,3,1,6,0,0,.333,.400,.389,.789
Jeff J Samardzija,CHC,20,5,1,1,0,0,1,1,0,1,0,0,.200,.200,.800,1.000
Jamie J Burke,WSH,19,51,1,6,0,0,1,2,3,18,0,0,.118,.164,.176,.340
Dave D Bush,MIL,19,34,2,4,0,0,0,0,4,16,0,0,.118,.211,.118,.328
Jesus J Colome,MIL,19,0,0,0,0,0,0,0,0,0,0,0,.000,.000,.000,.000
Neal N Cotts,CHC,19,0,0,0,0,0,0,0,0,0,0,0,.000,.000,.000,.000
Chris C Duffy,MIL,19,32,3,4,1,0,0,3,4,12,0,0,.125,.222,.156,.378
Scott S Elbert,LAD,19,5,1,1,1,0,0,1,0,2,0,0,.200,.200,.400,.600
Esteban E German,TEX,19,46,9,14,4,0,0,4,4,7,1,0,.304,.360,.391,.751
Hiroki H Kuroda,LAD,19,28,1,4,0,0,0,0,2,11,0,0,.143,.200,.143,.343
Chris C Narveson,MIL,19,8,0,1,0,0,0,0,0,5,0,0,.125,.125,.125,.250
Brad B Nelson,MIL,19,21,0,0,0,0,0,0,2,9,0,0,.000,.087,.000,.087
David D Patton,CHC,19,0,0,0,0,0,0,0,0,0,0,0,.000,.000,.000,.000
J. C. J Romero,PHI,19,0,0,0,0,0,0,0,0,0,0,0,.000,.000,.000,.000
Wyatt W Toregas,CLE,19,51,1,9,1,0,0,6,6,12,0,0,.176,.267,.196,.463
Donnie D Veal,PIT,19,0,0,0,0,0,0,0,0,0,0,0,.000,.000,.000,.000
Sean S West,FLA,19,31,2,2,1,0,0,0,0,19,0,0,.065,.065,.097,.161
Brian B Bixler S,PIT,18,44,5,10,5,0,0,3,2,26,1,0,.227,.261,.341,.602
Chad C Gaudin,NYY,18,28,0,1,0,0,0,0,1,14,0,0,.036,.069,.036,.105
Mike M Lincoln,CIN,18,2,0,0,0,0,0,0,0,2,0,0,.000,.000,.000,.000
Andrew A Miller,FLA,18,24,0,2,0,0,0,0,0,8,0,0,.083,.083,.083,.167
Charlie C Morton,PIT,18,31,1,4,0,0,0,1,0,15,0,0,.129,.129,.129,.258
Fernando F Perez C,TB,18,34,4,7,0,0,0,2,0,11,0,2,.206,.206,.206,.412
Jorge J Sosa,WSH,18,0,0,0,0,0,0,0,0,0,0,0,.000,.000,.000,.000
Craig C Stammen,WSH,18,31,1,6,3,0,0,4,2,10,0,0,.194,.242,.290,.533
Brandon B Wood,LAA,18,41,5,8,1,0,1,3,3,19,0,0,.195,.267,.293,.559
Josh J Barfield,CLE,17,20,5,8,1,0,0,2,0,7,0,1,.400,.400,.450,.850
Buddy B Carlyle,ATL,17,2,0,0,0,0,0,0,0,1,0,0,.000,.000,.000,.000
Matt M Downs,SF,17,53,6,9,2,0,1,2,6,13,1,0,.170,.250,.264,.514
David D Freese,STL,17,31,3,10,2,0,1,7,2,7,0,0,.323,.353,.484,.837
Josh J Geer,SD,17,24,2,4,1,0,0,1,2,10,0,0,.167,.231,.208,.439
Josh J Kinney,STL,17,1,0,0,0,0,0,0,0,1,0,0,.000,.000,.000,.000
Edwin E Moreno,SD,17,0,0,0,0,0,0,0,0,0,0,0,.000,.000,.000,.000
Brett B Myers,PHI,17,18,2,4,1,0,0,0,1,4,0,0,.222,.263,.278,.541
Paul P Phillips,COL,17,45,5,14,2,0,1,9,7,3,0,0,.311,.396,.422,.818
Josh J Thole,NYM,17,53,2,17,2,1,0,9,4,5,1,0,.321,.356,.396,.752
Neil N Walker,PIT,17,36,5,7,1,0,0,0,4,11,1,0,.194,.275,.222,.497
Tim T Wood,FLA,17,2,0,1,0,0,0,0,0,0,0,0,.500,.500,.500,1.000
Mitchell M Boggs,STL,16,14,1,1,1,0,0,0,0,6,0,0,.071,.071,.143,.214
Nelson N Figueroa,NYM,16,22,1,3,0,1,0,3,1,8,0,0,.136,.174,.227,.401
Geoff G Geary,HOU,16,0,0,0,0,0,0,0,0,0,0,0,.000,.000,.000,.000
Kevin K Hart,PIT,16,25,3,4,0,0,0,2,3,7,0,0,.160,.250,.160,.410
John J Maine,NYM,16,27,0,4,0,0,0,2,0,11,0,0,.148,.148,.148,.296
J. D. J Martin,WSH,16,25,3,4,0,0,0,0,1,13,0,0,.160,.192,.160,.352
Corey C Patterson,MIL,16,29,0,3,0,0,0,0,0,13,2,1,.103,.103,.103,.207
Hayden H Penn,FLA,16,0,0,0,0,0,0,0,1,0,0,0,.000,1.000,.000,1.000
Anibal A Sánchez Sanchez,FLA,16,23,0,0,0,0,0,0,3,8,0,0,.000,.115,.000,.115
J. R. J Towles,HOU,16,48,7,9,2,0,2,3,3,16,0,0,.188,.250,.354,.604
Mike M Burns,MIL,15,13,1,1,0,0,0,2,2,7,0,0,.077,.200,.077,.277
Daniel D Cabrera,ARI,15,12,0,0,0,0,0,0,2,10,0,0,.000,.200,.000,.200
Joe J Dillon D,TB,15,30,4,9,0,0,1,2,3,4,0,0,.300,.400,.400,.800
Phil P Dumatrait,PIT,15,0,0,0,0,0,0,0,0,0,0,0,.000,.000,.000,.000
John J Hester,ARI,15,28,4,7,2,0,1,4,2,7,0,0,.250,.300,.429,.729
Tug T Hulett,KC,15,18,4,2,0,0,0,1,1,6,0,0,.111,.158,.111,.269
Cliff C Lee,PHI,15,38,2,7,2,0,0,1,1,14,0,0,.184,.205,.237,.442
Wilkin W Ramirez,DET,15,11,6,4,0,1,1,3,1,3,0,0,.364,.385,.818,1.203
Clayton C Richard,SD,15,23,2,2,1,0,0,2,0,10,0,0,.087,.083,.130,.214
Adam A Russell,SD,15,1,0,0,0,0,0,0,0,0,0,0,.000,.000,.000,.000
Ian I Snell,PIT,15,23,0,4,0,0,0,1,0,10,0,0,.174,.174,.174,.348
Tyler T Yates,PIT,15,0,0,0,0,0,0,0,0,0,0,0,.000,.000,.000,.000
Jordan J Zimmermann,WSH,15,27,1,4,0,0,0,2,1,11,0,0,.148,.179,.148,.327
Jose J Ascanio,PIT,14,2,0,0,0,0,0,0,0,1,0,0,.000,.000,.000,.000
Denny D Bautista,PIT,14,0,0,0,0,0,0,0,0,0,0,0,.000,.000,.000,.000
Billy B Buckner,ARI,14,21,0,5,2,0,0,6,0,8,0,0,.238,.238,.333,.571
Esmailin E Caridad,CHC,14,2,0,0,0,0,0,0,0,0,0,0,.000,.000,.000,.000
Juan J Francisco,CIN,14,21,4,9,1,0,1,7,3,7,0,0,.429,.520,.619,1.139
Troy T Glaus,STL,14,29,2,5,2,0,0,2,3,8,0,0,.172,.250,.241,.491
Andy A Gonzalez,FLA,14,12,1,1,0,1,0,0,0,4,0,0,.083,.083,.250,.333
Brett B Hayes,FLA,14,11,5,3,1,0,1,2,0,4,0,0,.273,.333,.636,.970
Matt M Herges,COL,14,0,0,0,0,0,0,0,0,0,0,0,.000,.000,.000,.000
Mike M Hinckley,WSH,14,1,0,0,0,0,0,0,0,1,0,0,.000,.000,.000,.000
Jamie J Hoffmann,LAD,14,22,2,4,2,0,1,7,0,5,0,0,.182,.167,.409,.576
Cristhian C Martinez,FLA,14,2,0,0,0,0,0,0,0,0,0,0,.000,.000,.000,.000
Oliver O Pérez Perez,NYM,14,22,1,6,0,0,0,0,1,7,0,0,.273,.304,.273,.577
Tim T Stauffer,SD,14,23,1,4,0,0,0,0,1,13,0,0,.174,.240,.174,.414
Virgil V Vasquez,PIT,14,10,0,0,0,0,0,0,0,4,0,0,.000,.000,.000,.000
Luis L Ayala,FLA,13,0,0,0,0,0,0,0,0,0,0,0,.000,.000,.000,.000
Chris C Bootcheck,PIT,13,2,0,0,0,0,0,0,0,2,0,0,.000,.000,.000,.000
Ross R Detwiler,WSH,13,19,1,1,0,0,0,1,0,12,0,0,.053,.053,.053,.105
Sergio S Escalona,PHI,13,0,0,0,0,0,0,0,0,0,0,0,.000,.000,.000,.000
Jorge J Julio,MIL,13,1,0,0,0,0,0,0,0,1,0,0,.000,.000,.000,.000
Shairon S Martis,WSH,13,24,4,5,1,0,0,2,0,6,0,0,.208,.208,.250,.458
Jake J Peavy,SD,13,23,2,2,0,0,0,0,1,4,0,0,.087,.125,.087,.212
Chris C Richard,TB,13,19,1,2,0,0,0,0,4,7,0,0,.105,.261,.105,.366
Duaner D Sanchez,SD,13,0,0,0,0,0,0,0,0,0,0,0,.000,.000,.000,.000
Chris C Young,SD,13,23,2,6,0,0,0,2,2,7,0,0,.261,.320,.261,.581
Mike M Ekstrom,SD,12,1,0,0,0,0,0,0,0,0,0,0,.000,.000,.000,.000
Jesus J Guzman,SF,12,20,0,5,0,0,0,0,0,3,0,0,.250,.250,.250,.500
Hernan H Iribarren,MIL,12,13,1,3,2,0,0,1,1,5,0,0,.231,.286,.385,.670
Ramon R Martinez S,NYM,12,42,1,7,2,0,0,4,1,9,1,0,.167,.182,.214,.396
Mike M Mc Coy,COL,12,5,1,0,0,0,0,0,0,2,2,0,.000,.000,.000,.000
Jerry J Owens,CWS,12,12,0,1,0,0,0,0,3,3,1,0,.083,.267,.083,.350
Sean S Rodríguez,LAA,12,25,4,5,0,0,2,4,3,7,0,0,.200,.276,.440,.716
Ryan R Rohlinger,SF,12,19,0,3,1,0,0,4,1,6,0,0,.158,.200,.211,.410
Dusty D Ryan,DET,12,26,1,4,1,0,0,4,4,12,0,1,.154,.267,.192,.459
Dane D Sardinha,DET,12,31,1,3,1,0,0,3,0,16,0,0,.097,.091,.129,.220
Justin J Turner,BAL,12,18,2,3,0,0,0,3,4,3,0,0,.167,.318,.167,.485
Bobby B Wilson,LAA,12,5,0,1,1,0,0,0,0,1,0,0,.200,.200,.400,.600
Justin J Berg,CHC,11,0,0,0,0,0,0,0,0,0,0,0,.000,.000,.000,.000
Shelley S Duncan R,NYY,11,15,1,3,0,0,0,1,0,5,0,0,.200,.200,.200,.400
Terry T Evans,LAA,11,7,2,2,0,0,0,1,0,2,0,0,.286,.286,.286,.571
Craig C Gentry,TEX,11,17,4,2,1,0,0,1,2,5,0,0,.118,.211,.176,.387
Chris C Johnson,HOU,11,22,1,2,0,0,0,1,1,6,0,0,.091,.130,.091,.221
Matt M Joyce R,TB,11,32,3,6,1,0,3,7,3,7,1,0,.188,.270,.500,.770
Justin J Lehr,CIN,11,22,1,2,1,0,0,1,1,8,0,0,.091,.130,.136,.267
Bud B Norris,HOU,11,16,1,3,0,0,0,0,0,4,0,0,.188,.235,.188,.423
Scott S Olsen,WSH,11,15,1,2,0,0,0,1,3,7,0,0,.133,.278,.133,.411
Xavier X Paul,LAD,11,14,3,3,1,0,1,1,2,4,0,1,.214,.313,.500,.812
Gregorio G Petit,OAK,11,31,2,7,1,0,0,1,0,6,0,0,.226,.226,.258,.484
Ramon R Ramirez,CIN,11,0,0,0,0,0,0,0,0,0,0,0,.000,.000,.000,.000
Shane S Robinson R,STL,11,25,1,6,1,0,0,1,0,2,1,0,.240,.231,.280,.511
Dan D Runzler,SF,11,0,0,0,0,0,0,0,0,0,0,0,.000,.000,.000,.000
Glendon G Rusch,COL,11,6,0,2,1,0,0,0,0,2,0,0,.333,.333,.500,.833
Jeff J Stevens,CHC,11,0,0,0,0,0,0,0,0,0,0,0,.000,.000,.000,.000
Eric E Stults,LAD,11,15,1,1,0,0,0,2,3,8,0,0,.067,.211,.067,.277
Rick R Van Den Hurk,FLA,11,21,0,0,0,0,0,0,0,17,0,0,.000,.000,.000,.000
Yorman Y Bazardo,HOU,10,10,0,0,0,0,0,0,0,3,0,0,.000,.000,.000,.000
Aaron A Boone,HOU,10,13,0,0,0,0,0,0,0,2,0,0,.000,.071,.000,.071
Luke L Carlin,ARI,10,18,3,3,0,0,0,1,3,3,0,0,.167,.286,.167,.452
Matt M Carson R,OAK,10,21,1,6,0,0,1,5,0,7,0,0,.286,.273,.429,.701
Kevin K Cash,NYY,10,26,1,6,2,0,0,3,0,5,0,0,.231,.250,.308,.558
Tyler T Flowers,CWS,10,16,3,3,1,0,0,0,3,8,0,0,.188,.350,.250,.600
Cliff C Floyd,SD,10,16,0,2,0,0,0,0,1,7,0,0,.125,.176,.125,.302
Freddy F Guzman,NYY,10,6,2,1,0,0,0,1,0,1,4,1,.167,.143,.167,.310
Waldis W Joaquin,SF,10,0,0,0,0,0,0,0,0,0,0,0,.000,.000,.000,.000
Mat M Latos,SD,10,19,0,1,0,0,0,0,0,9,0,0,.053,.053,.053,.105
Joe J Martinez,SF,10,8,2,2,1,0,0,0,0,1,0,0,.250,.250,.375,.625
Chris C Pettit,LAA,10,7,2,2,0,0,0,0,0,1,0,0,.286,.286,.286,.571
Jason J Repko C,LAD,10,5,1,0,0,0,0,1,0,2,1,0,.000,.143,.000,.143
Niuman N Romero,CLE,10,14,2,2,0,0,0,0,1,5,0,0,.143,.200,.143,.343
Doug D Slaten,ARI,10,0,0,0,0,0,0,0,0,0,0,0,.000,.000,.000,.000
Brandon B Boggs L,TEX,9,17,0,1,1,0,0,0,1,8,0,0,.059,.111,.118,.229
Jhoulys J Chacín Chacin,COL,9,0,0,0,0,0,0,0,0,0,0,0,.000,.000,.000,.000
Jose J Contreras,COL,9,9,0,0,0,0,0,0,0,5,0,0,.000,.000,.000,.000
Luis L Durango,SD,9,11,3,6,0,0,0,0,2,2,2,1,.545,.615,.545,1.161
Alex A Hinshaw,SF,9,0,0,0,0,0,0,0,0,0,0,0,.000,.000,.000,.000
Kyle K Kendrick,PHI,9,8,0,2,0,0,0,0,0,5,0,0,.250,.250,.250,.500
Pedro P Martinez,PHI,9,14,0,1,0,0,0,1,1,6,0,0,.071,.133,.071,.205
Darren D O' Day,TEX,9,0,0,0,0,0,0,0,0,0,0,0,.000,.000,.000,.000
Vicente V Padilla,LAD,9,15,0,3,0,0,0,2,0,8,0,0,.200,.200,.200,.400
Argenis A Reyes,NYM,9,17,0,2,0,0,0,0,1,4,1,0,.118,.167,.118,.284
Josh J Roenicke,CIN,9,0,0,0,0,0,0,0,0,0,0,0,.000,.000,.000,.000
Chris C Shelton,SEA,9,26,1,6,2,0,0,4,2,11,0,0,.231,.286,.308,.593
Andy A Tracy,PHI,9,12,1,5,0,1,0,1,0,3,0,0,.417,.417,.583,1.000
Pedro P Viola,CIN,9,0,0,0,0,0,0,0,0,0,0,0,.000,.000,.000,.000
Edinson E Vólquez Volquez,CIN,9,16,0,1,0,0,0,0,0,8,0,0,.063,.063,.063,.125
Russ R Adams L,TOR,8,20,2,4,0,0,0,0,1,1,0,0,.200,.238,.200,.438
Lance L Broadway,NYM,8,0,0,0,0,0,0,0,0,0,0,0,.000,.000,.000,.000
Eric E Chavez,OAK,8,30,0,3,1,0,0,1,1,7,0,0,.100,.129,.133,.262
Phil P Coke,NYY,8,1,0,0,0,0,0,0,0,1,0,0,.000,.000,.000,.000
A. J. A Ellis,LAD,8,10,0,1,0,0,0,1,0,1,0,0,.100,.100,.100,.200
Sean S Gallagher,SD,8,0,0,0,0,0,0,0,0,0,0,0,.000,.000,.000,.000
Jarrett J Hoffpauir,STL,8,12,1,3,2,0,0,2,4,2,0,0,.250,.438,.417,.854
Mitch M Jones,LAD,8,13,1,4,1,0,0,0,0,6,0,0,.308,.400,.385,.785
Wade W Le Blanc,SD,8,13,0,1,0,0,0,0,1,3,0,0,.077,.143,.077,.220
Wilton W Lopez,HOU,8,5,0,0,0,0,0,0,0,2,0,0,.000,.000,.000,.000
Juan J Miranda,NYY,8,9,2,3,0,0,1,3,0,4,0,0,.333,.333,.667,1.000
James J Parr,ATL,8,1,0,0,0,0,0,0,0,1,0,0,.000,.000,.000,.000
Brad B Penny,SF,8,19,0,2,0,0,0,0,0,6,0,0,.105,.105,.105,.210
Zack Z Segovia,WSH,8,0,0,0,0,0,0,0,0,0,0,0,.000,.000,.000,.000
John J Smoltz,STL,8,15,1,1,0,0,0,0,1,7,0,0,.067,.125,.067,.192
P. J. P Walters,STL,8,3,0,0,0,0,0,0,0,1,0,0,.000,.000,.000,.000
Bryan B Augenstein,ARI,7,3,1,0,0,0,0,0,1,1,0,0,.000,.250,.000,.250
John J Axford,MIL,7,0,0,0,0,0,0,0,0,0,0,0,.000,.000,.000,.000
Collin C Balester,WSH,7,8,0,1,0,0,0,0,1,2,0,0,.125,.222,.125,.347
Grant G Balfour,TB,7,0,0,0,0,0,0,0,0,0,0,0,.000,.000,.000,.000
Michael M Barrett,TOR,7,18,3,3,0,0,1,2,1,5,0,0,.167,.211,.333,.544
Craig C Breslow,OAK,7,0,0,0,0,0,0,0,0,0,0,0,.000,.000,.000,.000
Brian B Fuentes,LAA,7,0,0,0,0,0,0,0,0,0,0,0,.000,.000,.000,.000
Tony T Graffanino,CLE,7,23,1,3,1,0,0,0,1,5,0,0,.130,.167,.174,.341
Matt M Guerrier,MIN,7,0,0,0,0,0,0,0,0,0,0,0,.000,.000,.000,.000
Tim T Hudson,ATL,7,12,2,4,0,0,1,2,2,1,0,0,.333,.429,.583,1.012
Phil P Hughes,NYY,7,0,0,0,0,0,0,0,0,0,0,0,.000,.000,.000,.000
Jose J Lobatón Lobaton,SD,7,17,0,3,0,0,0,0,0,5,0,0,.176,.176,.176,.353
Rodrigo R Lopez,PHI,7,9,0,0,0,0,0,0,0,4,0,0,.000,.000,.000,.000
Matt M Maloney,CIN,7,12,1,3,0,0,0,0,1,5,0,0,.250,.308,.250,.558
Tommy T Manzella,HOU,7,5,0,1,0,0,0,0,0,4,0,0,.200,.200,.200,.400
Xavier X Nady R,NYY,7,28,4,8,4,0,0,2,1,6,0,0,.286,.310,.429,.739
Joe J Nathan,MIN,7,0,0,0,0,0,0,0,0,0,0,0,.000,.000,.000,.000
Fernando F Nieve,NYM,7,9,0,3,0,0,0,1,0,3,0,0,.333,.333,.333,.667
Buster B Posey,SF,7,17,1,2,0,0,0,0,0,4,0,0,.118,.118,.118,.235
Danny D Richar,CIN,7,8,1,2,0,0,0,0,1,1,0,0,.250,.333,.250,.583
Shawn S Riggans,TB,7,14,2,2,0,0,1,1,0,3,0,0,.143,.143,.357,.500
Guillermo G Rodriguez,BAL,7,5,1,0,0,0,0,1,2,1,0,0,.000,.286,.000,.286
Matt M Tuiasosopo,SEA,7,22,2,5,1,0,1,2,2,5,0,0,.227,.280,.409,.689
Jonathan J Van Every R,BOS,7,11,1,4,0,0,1,3,2,5,0,0,.364,.462,.636,1.098
Luis L Vizcaino,CLE,7,0,0,0,0,0,0,0,0,0,0,0,.000,.000,.000,.000
Tony T Abreu,LAD,6,8,0,2,0,0,0,1,3,2,0,1,.250,.455,.250,.704
Dusty D Brown,BOS,6,3,1,1,0,0,1,1,1,0,0,0,.333,.500,1.333,1.833
Brian B Bruney,NYY,6,0,0,0,0,0,0,0,0,0,0,0,.000,.000,.000,.000
Jesse J Carlson,TOR,6,0,0,0,0,0,0,0,0,0,0,0,.000,.000,.000,.000
Tyler T Colvin C,CHC,6,17,1,3,0,0,0,2,2,5,0,0,.176,.250,.176,.426
Charlie C Haeger,LAD,6,4,0,0,0,0,0,0,0,4,0,0,.000,.000,.000,.000
J. P. J Howell,TB,6,0,0,0,0,0,0,0,0,0,0,0,.000,.000,.000,.000
Daniel D Mc Cutchen,PIT,6,11,1,1,0,0,0,1,1,3,0,0,.091,.167,.091,.258
Eric E Milton,LAD,6,8,0,0,0,0,0,0,0,3,0,0,.000,.111,.000,.111
Adam A Moore,SEA,6,23,4,5,1,0,1,2,0,7,1,0,.217,.250,.391,.641
Kevin K Mulvey,ARI,6,7,0,1,0,0,0,0,0,3,0,1,.143,.143,.143,.286
Matt M Pagnozzi,STL,6,3,1,0,0,0,0,0,1,0,0,0,.000,.250,.000,.250
Chad C Paronto,HOU,6,0,0,0,0,0,0,0,0,0,0,0,.000,.000,.000,.000
Aaron A Poreda,SD,6,0,0,0,0,0,0,0,0,0,0,0,.000,.000,.000,.000
Jo- Jo J Reyes,ATL,6,9,1,1,0,0,0,0,2,7,0,0,.111,.273,.111,.384
Mariano M Rivera,NYY,6,1,0,0,0,0,0,1,1,0,0,0,.000,.500,.000,.500
David D Robertson,NYY,6,0,0,0,0,0,0,0,0,0,0,0,.000,.000,.000,.000
Ryan R Sadowski,SF,6,10,0,1,0,0,0,0,0,6,0,0,.100,.100,.100,.200
Clint C Sammons,ATL,6,11,1,2,0,0,0,0,1,3,0,0,.182,.250,.182,.432
Andy A Sonnanstine,TB,6,11,3,3,1,0,0,1,1,6,0,0,.273,.333,.364,.697
Justin J Speier,LAA,6,0,0,0,0,0,0,0,0,0,0,0,.000,.000,.000,.000
Russ R Springer,TB,6,0,0,0,0,0,0,0,0,0,0,0,.000,.000,.000,.000
So S Taguchi L,CHC,6,11,1,3,1,0,0,0,1,4,0,0,.273,.333,.364,.697
Gil G Velazquez S,BOS,6,2,0,0,0,0,0,0,0,0,0,0,.000,.333,.000,.333
Dan D Wheeler,TB,6,0,0,0,0,0,0,0,0,0,0,0,.000,.000,.000,.000
Andrew A Bailey,OAK,5,0,0,0,0,0,0,0,0,0,0,0,.000,.000,.000,.000
Josh J Banks,SD,5,4,1,0,0,0,0,0,2,0,0,0,.000,.333,.000,.333
Daniel D Bard,BOS,5,0,0,0,0,0,0,0,0,0,0,0,.000,.000,.000,.000
Antonio A Bastardo,PHI,5,6,0,0,0,0,0,0,0,3,0,0,.000,.000,.000,.000
Aaron A Bates,BOS,5,11,2,4,2,0,0,2,1,4,0,0,.364,.417,.545,.962
Miguel M Batista,SEA,5,1,0,0,0,0,0,0,0,1,0,0,.000,.000,.000,.000
Jason J Bulger,LAA,5,0,0,0,0,0,0,0,0,0,0,0,.000,.000,.000,.000
Shawn S Camp,TOR,5,0,0,0,0,0,0,0,0,0,0,0,.000,.000,.000,.000
Jorge J Campillo,ATL,5,0,0,0,0,0,0,0,0,0,0,0,.000,.000,.000,.000
Barbaro B Canizares,ATL,5,21,1,4,1,0,0,0,0,6,0,0,.190,.190,.238,.429
Brent B Dlugach,DET,5,3,1,0,0,0,0,0,0,2,0,0,.000,.000,.000,.000
Jason J Frasor,TOR,5,0,0,0,0,0,0,0,0,0,0,0,.000,.000,.000,.000
Craig C Hansen,PIT,5,0,0,0,0,0,0,0,0,0,0,0,.000,.000,.000,.000
Chin- Lung C Hu S,LAD,5,5,2,2,1,0,0,2,0,2,0,0,.400,.333,.600,.933
Jim J Johnson,BAL,5,0,0,0,0,0,0,0,0,0,0,0,.000,.000,.000,.000
Brandon B Jones L,ATL,5,13,2,4,0,0,0,1,4,3,0,0,.308,.471,.308,.778
Bobby B Korecky,ARI,5,0,0,0,0,0,0,0,0,0,0,0,.000,.000,.000,.000
Brandon B League,TOR,5,0,0,0,0,0,0,0,0,0,0,0,.000,.000,.000,.000
Wilfredo W Ledezma,WSH,5,0,0,0,0,0,0,0,0,0,0,0,.000,.000,.000,.000
Chris C Leroux,FLA,5,0,0,0,0,0,0,0,0,0,0,0,.000,.000,.000,.000
Scott S Linebrink,CWS,5,0,0,0,0,0,0,0,0,0,0,0,.000,.000,.000,.000
Osiris O Matos,SF,5,1,0,1,0,0,0,1,0,0,0,0,1.000,1.000,1.000,2.000
Jonathon J Niese,NYM,5,8,0,1,0,0,0,0,0,3,0,0,.125,.125,.125,.250
Hideki H Okajima,BOS,5,1,0,0,0,0,0,0,0,0,0,0,.000,.000,.000,.000
Darren D Oliver,LAA,5,0,0,0,0,0,0,0,0,0,0,0,.000,.000,.000,.000
Kyle K Phillips,TOR,5,18,1,5,3,0,0,2,0,4,0,0,.278,.278,.444,.722
Cesar C Ramos,SD,5,4,0,0,0,0,0,0,0,2,0,0,.000,.000,.000,.000
B. J. B Ryan,TOR,5,0,0,0,0,0,0,0,0,0,0,0,.000,.000,.000,.000
Takashi T Saito,BOS,5,0,0,0,0,0,0,0,0,0,0,0,.000,.000,.000,.000
Freddy F Sandoval,LAA,5,11,1,2,1,0,0,0,0,3,0,0,.182,.182,.273,.454
Jason J Schmidt,LAD,5,6,1,1,0,0,0,0,0,0,0,0,.167,.167,.167,.333
Walter W Silva,SD,5,8,2,3,0,0,0,0,0,3,0,0,.375,.375,.375,.750
Ryan R Speier,COL,5,0,0,0,0,0,0,0,0,0,0,0,.000,.000,.000,.000
Matt M Thornton,CWS,5,0,0,0,0,0,0,0,0,0,0,0,.000,.000,.000,.000
Matt M Albers,BAL,4,1,0,0,0,0,0,0,0,1,0,0,.000,.000,.000,.000
Marlon M Anderson,NYM,4,4,0,0,0,0,0,0,0,1,0,0,.000,.000,.000,.000
Brandon B Backe,HOU,4,1,0,0,0,0,0,0,1,1,0,0,.000,.500,.000,.500
John J Bale,KC,4,0,0,0,0,0,0,0,0,0,0,0,.000,.000,.000,.000
Madison M Bumgarner,SF,4,2,0,0,0,0,0,0,0,1,0,0,.000,.000,.000,.000
Chris C Carter,BOS,4,5,0,0,0,0,0,1,0,4,0,0,.000,.000,.000,.000
Wilkin W Castillo,CIN,4,3,0,2,0,0,0,1,0,0,0,0,.667,.667,.667,1.333
Randy R Choate,TB,4,0,0,0,0,0,0,0,0,0,0,0,.000,.000,.000,.000
Lance L Cormier,TB,4,0,0,0,0,0,0,0,0,0,0,0,.000,.000,.000,.000
Chris C Denorfia L,OAK,4,2,1,0,0,0,0,1,0,0,0,0,.000,.000,.000,.000
R. A. R Dickey,MIN,4,0,0,0,0,0,0,0,0,0,0,0,.000,.000,.000,.000
Octavio O Dotel,CWS,4,0,0,0,0,0,0,0,0,0,0,0,.000,.000,.000,.000
Adam A Eaton,COL,4,0,1,0,0,0,0,1,1,0,0,0,.000,1.000,.000,1.000
Marco M Estrada,WSH,4,0,0,0,0,0,0,0,0,0,0,0,.000,.000,.000,.000
Frank F Francisco,TEX,4,0,0,0,0,0,0,0,0,0,0,0,.000,.000,.000,.000
Victor V Garate,WSH,4,0,0,0,0,0,0,0,0,0,0,0,.000,.000,.000,.000
Andy A Green,NYM,4,4,0,1,0,0,0,0,1,1,0,0,.250,.400,.250,.650
Eddie E Guardado,TEX,4,0,0,0,0,0,0,0,0,0,0,0,.000,.000,.000,.000
Mark M Hendrickson,BAL,4,0,0,0,0,0,0,0,0,0,0,0,.000,.000,.000,.000
Rich R Hill,BAL,4,8,0,1,0,0,0,1,0,3,0,0,.125,.125,.125,.250
Steve S Holm,SF,4,7,1,2,0,0,0,0,2,0,0,0,.286,.444,.286,.730
Bobby B Jenks,CWS,4,0,0,0,0,0,0,0,0,0,0,0,.000,.000,.000,.000
Jason J Jennings,TEX,4,1,0,0,0,0,0,0,0,0,0,0,.000,.000,.000,.000
Jensen J Lewis,CLE,4,1,0,0,0,0,0,0,0,1,0,0,.000,.000,.000,.000
Arturo A Lopez,SD,4,0,0,0,0,0,0,0,0,0,0,0,.000,.000,.000,.000
Mark M Lowe,SEA,4,0,0,0,0,0,0,0,0,0,0,0,.000,.000,.000,.000
Justin J Masterson,BOS,4,0,0,0,0,0,0,0,0,0,0,0,.000,.000,.000,.000
Joe J Nelson,TB,4,0,0,0,0,0,0,0,0,0,0,0,.000,.000,.000,.000
Jonathan J Papelbon,BOS,4,0,0,0,0,0,0,0,0,0,0,0,.000,.000,.000,.000
Rafael R Perez,CLE,4,1,0,0,0,0,0,0,0,1,0,0,.000,.000,.000,.000
Guillermo G Quiroz,SEA,4,14,0,4,0,0,0,2,0,3,0,0,.286,.286,.286,.571
Kevin K Richardson,TEX,4,6,2,3,0,0,0,0,0,2,0,0,.500,.500,.500,1.000
Nate N Robertson,DET,4,0,0,0,0,0,0,0,0,0,0,0,.000,.000,.000,.000
Bobby B Seay,DET,4,0,0,0,0,0,0,0,0,0,0,0,.000,.000,.000,.000
Steven S Shell,WSH,4,0,0,0,0,0,0,0,0,0,0,0,.000,.000,.000,.000
Joe J Smith,CLE,4,0,0,0,0,0,0,0,0,0,0,0,.000,.000,.000,.000
Joakim J Soria,KC,4,0,0,0,0,0,0,0,0,0,0,0,.000,.000,.000,.000
Tobi T Stoner,NYM,4,0,0,0,0,0,0,0,0,0,0,0,.000,.000,.000,.000
R. J. R Swindle,MIL,4,0,0,0,0,0,0,0,0,0,0,0,.000,.000,.000,.000
Matt M Treanor,DET,4,13,0,0,0,0,0,0,1,4,0,0,.000,.071,.000,.071
C. J. C Wilson,TEX,4,0,0,0,0,0,0,0,0,0,0,0,.000,.000,.000,.000
Kerry K Wood,CLE,4,0,0,0,0,0,0,0,0,0,0,0,.000,.000,.000,.000
Michael M Wuertz,OAK,4,0,0,0,0,0,0,0,0,0,0,0,.000,.000,.000,.000
Brad B Ziegler,OAK,4,0,0,0,0,0,0,0,0,0,0,0,.000,.000,.000,.000
David D Aardsma,SEA,3,0,0,0,0,0,0,0,0,0,0,0,.000,.000,.000,.000
Jeremy J Accardo,TOR,3,0,0,0,0,0,0,0,0,0,0,0,.000,.000,.000,.000
Alfredo A Aceves,NYY,3,2,0,0,0,0,0,0,0,1,0,0,.000,.000,.000,.000
Joaquin J Arias,TEX,3,8,0,0,0,0,0,0,0,3,0,0,.000,.000,.000,.000
Jairo J Asencio,ATL,3,0,0,0,0,0,0,0,0,0,0,0,.000,.000,.000,.000
Danys D Baez,BAL,3,1,1,1,0,0,0,0,0,0,0,0,1.000,1.000,1.000,2.000
Brian B Bass,BAL,3,1,0,0,0,0,0,0,0,1,0,0,.000,.000,.000,.000
Roger R Bernadina L,WSH,3,4,1,1,1,0,0,0,1,1,1,0,.250,.400,.500,.900
Emil E Brown,NYM,3,5,0,1,0,0,0,0,1,0,0,0,.200,.333,.200,.533
Ryan R Budde,LAA,3,3,0,0,0,0,0,0,0,2,0,0,.000,.000,.000,.000
Josh J Butler,MIL,3,0,0,0,0,0,0,0,0,0,0,0,.000,.000,.000,.000
Drew D Carpenter,PHI,3,3,0,0,0,0,0,0,0,1,0,0,.000,.000,.000,.000
D. J. D Carrasco,CWS,3,0,0,0,0,0,0,0,0,0,0,0,.000,.000,.000,.000
Cesar C Carrillo,SD,3,3,0,0,0,0,0,0,0,1,0,0,.000,.000,.000,.000
Roman R Colon,KC,3,0,0,0,0,0,0,0,0,0,0,0,.000,.000,.000,.000
Roy R Corcoran,SEA,3,0,0,0,0,0,0,0,0,0,0,0,.000,.000,.000,.000
Juan J Cruz,KC,3,0,0,0,0,0,0,0,0,0,0,0,.000,.000,.000,.000
Frankie F De La Cruz,SD,3,0,0,0,0,0,0,0,0,0,0,0,.000,.000,.000,.000
Manny M Delcarmen,BOS,3,0,0,0,0,0,0,0,0,0,0,0,.000,.000,.000,.000
Scott S Feldman,TEX,3,5,0,0,0,0,0,0,0,1,0,0,.000,.000,.000,.000
Casey C Fossum,NYM,3,0,0,0,0,0,0,0,0,0,0,0,.000,.000,.000,.000
Edgar E Gonzalez,OAK,3,2,0,2,0,0,0,0,0,0,0,0,1.000,1.000,1.000,2.000
Tom T Gordon,ARI,3,0,0,0,0,0,0,0,0,0,0,0,.000,.000,.000,.000
Jeremy J Guthrie,BAL,3,2,2,0,0,0,0,0,0,2,0,0,.000,.000,.000,.000
Eric E Hacker,PIT,3,0,0,0,0,0,0,0,0,0,0,0,.000,.000,.000,.000
Sean S Henn,MIN,3,0,0,0,0,0,0,0,0,0,0,0,.000,.000,.000,.000
Shawn S Hill,SD,3,4,0,0,0,0,0,0,0,1,0,0,.000,.000,.000,.000
Paul P Hoover,PHI,3,4,0,3,0,0,0,1,0,1,0,0,.750,.750,.750,1.500
Kevin K Jepsen,LAA,3,0,0,0,0,0,0,0,0,0,0,0,.000,.000,.000,.000
John J Lackey,LAA,3,8,1,1,0,0,0,1,0,2,0,0,.125,.125,.125,.250
Brandon B Lyon,DET,3,0,0,0,0,0,0,0,0,0,0,0,.000,.000,.000,.000
Robert R Manuel,CIN,3,0,0,0,0,0,0,0,0,0,0,0,.000,.000,.000,.000
Jose J Mijares,MIN,3,0,0,0,0,0,0,0,0,0,0,0,.000,.000,.000,.000
Zach Z Miner,DET,3,1,0,0,0,0,0,0,0,1,0,0,.000,.000,.000,.000
Brandon B Morrow,SEA,3,2,0,0,0,0,0,0,0,1,0,0,.000,.000,.000,.000
Jeff J Niemann,TB,3,5,0,0,0,0,0,0,0,4,0,0,.000,.000,.000,.000
Matt M Palmer,LAA,3,6,1,1,0,0,0,0,0,3,0,0,.167,.167,.167,.333
Ramon E R Ramirez,BOS,3,1,0,0,0,0,0,0,0,1,0,0,.000,.000,.000,.000
Chris C Ray,BAL,3,0,0,0,0,0,0,0,0,0,0,0,.000,.000,.000,.000
Scott S Richmond,TOR,3,6,0,0,0,0,0,0,0,5,0,0,.000,.000,.000,.000
Fernando F Rodney,DET,3,0,0,0,0,0,0,0,0,0,0,0,.000,.000,.000,.000
Graham G Taylor,FLA,3,3,0,0,0,0,0,0,0,2,0,0,.000,.000,.000,.000
Brett B Tomko,NYY,3,1,0,0,0,0,0,0,0,1,0,0,.000,.000,.000,.000
Jason J Waddell,CHC,3,0,0,0,0,0,0,0,0,0,0,0,.000,.000,.000,.000
Sean S White,SEA,3,0,0,0,0,0,0,0,0,0,0,0,.000,.000,.000,.000
Jamey J Wright,KC,3,0,0,0,0,0,0,0,0,0,0,0,.000,.000,.000,.000
Joel J Zumaya,DET,3,0,0,0,0,0,0,0,0,0,0,0,.000,.000,.000,.000
Brett B Anderson,OAK,2,3,0,0,0,0,0,0,0,2,0,0,.000,.000,.000,.000
Greg G Aquino,CLE,2,0,0,0,0,0,0,0,0,0,0,0,.000,.000,.000,.000
Jose J Arredondo,LAA,2,0,0,0,0,0,0,0,0,0,0,0,.000,.000,.000,.000
Mitch M Atkins,CHC,2,0,0,0,0,0,0,0,0,0,0,0,.000,.000,.000,.000
Scott S Baker,MIN,2,6,0,0,0,0,0,0,0,1,0,0,.000,.000,.000,.000
Brian B Bannister,KC,2,5,0,1,0,0,0,1,0,2,0,0,.200,.200,.200,.400
Josh J Beckett,BOS,2,5,1,1,0,0,1,1,0,3,0,0,.200,.200,.800,1.000
Edwin E Bellorin,COL,2,8,1,2,0,0,0,0,1,1,0,0,.250,.333,.250,.583
Brad B Bergesen,BAL,2,5,1,1,0,0,0,0,0,0,0,0,.200,.200,.200,.400
Dallas D Braden,OAK,2,3,0,0,0,0,0,0,0,2,0,0,.000,.000,.000,.000
Mark M Buehrle,CWS,2,4,1,1,0,0,1,1,0,1,0,0,.250,.250,1.000,1.250
A. J. A Burnett,NYY,2,5,0,1,0,0,0,0,0,1,0,0,.200,.200,.200,.400
Tim T Dillard,MIL,2,1,0,0,0,0,0,0,0,1,0,0,.000,.000,.000,.000
Freddy F Dolsi,DET,2,0,0,0,0,0,0,0,0,0,0,0,.000,.000,.000,.000
Kyle K Farnsworth,KC,2,0,0,0,0,0,0,0,0,0,0,0,.000,.000,.000,.000
Chad C Fox,CHC,2,0,0,0,0,0,0,0,0,0,0,0,.000,.000,.000,.000
Ernesto E Frieri,SD,2,0,0,0,0,0,0,0,0,0,0,0,.000,.000,.000,.000
Zack Z Greinke,KC,2,6,0,1,1,0,0,0,0,2,0,0,.167,.167,.333,.500
Dirk D Hayhurst,TOR,2,0,0,0,0,0,0,0,0,0,0,0,.000,.000,.000,.000
Felix F Hernández Hernandez,SEA,2,6,1,0,0,0,0,0,1,3,0,0,.000,.143,.000,.143
Luke L Hochevar,KC,2,5,0,0,0,0,0,0,0,4,0,0,.000,.000,.000,.000
Derek D Holland,TEX,2,5,0,0,0,0,0,0,0,2,0,0,.000,.000,.000,.000
David D Huff,CLE,2,2,0,0,0,0,0,0,0,1,0,0,.000,.000,.000,.000
Edwin E Jackson,DET,2,4,0,0,0,0,0,0,0,3,0,0,.000,.000,.000,.000
Chris C Jakubauskas,SEA,2,2,0,0,0,0,0,0,0,1,0,0,.000,.000,.000,.000
Bob B Keppel,MIN,2,0,0,0,0,0,0,0,1,0,0,0,.000,1.000,.000,1.000
John J Koronka,FLA,2,1,0,0,0,0,0,0,0,1,0,0,.000,.000,.000,.000
Jon J Lester,BOS,2,3,0,0,0,0,0,0,0,2,0,0,.000,.000,.000,.000
Francisco F Liriano,MIN,2,5,0,0,0,0,0,0,0,3,0,0,.000,.000,.000,.000
Carlos C Martinez,FLA,2,0,0,0,0,0,0,0,0,0,0,0,.000,.000,.000,.000
Vin V Mazzaro,OAK,2,0,0,0,0,0,0,0,0,0,0,0,.000,.000,.000,.000
Garrett G Olson,SEA,2,3,0,0,0,0,0,0,0,2,0,0,.000,.000,.000,.000
Josh J Outman,OAK,2,2,0,0,0,0,0,0,0,1,0,0,.000,.000,.000,.000
Ryan R Perry,DET,2,0,0,0,0,0,0,0,0,0,0,0,.000,.000,.000,.000
Andy A Pettitte,NYY,2,5,1,1,1,0,0,1,0,2,0,0,.200,.200,.400,.600
Rick R Porcello,DET,2,5,0,2,0,0,0,2,0,1,0,0,.400,.400,.400,.800
Horacio H Ramirez,KC,2,0,0,0,0,0,0,0,0,0,0,0,.000,.000,.000,.000
Ricky R Romero,TOR,2,6,0,0,0,0,0,0,0,4,0,0,.000,.000,.000,.000
C Sabathia,NYY,2,4,1,1,0,0,0,1,0,1,0,0,.250,.250,.250,.500
James J Shields,TB,2,4,0,0,0,0,0,0,1,2,0,0,.000,.200,.000,.200
Kevin K Slowey,MIN,2,3,0,0,0,0,0,0,0,1,0,0,.000,.000,.000,.000
Jon J Switzer,NYM,2,0,0,0,0,0,0,0,0,0,0,0,.000,.000,.000,.000
Koji K Uehara,BAL,2,2,0,0,0,0,0,0,1,1,0,0,.000,.333,.000,.333
Jason J Vargas,SEA,2,4,0,1,0,0,0,0,0,2,0,0,.250,.250,.250,.500
Justin J Verlander,DET,2,2,0,0,0,0,0,0,0,1,0,0,.000,.000,.000,.000
Billy B Wagner,NYM,2,0,0,0,0,0,0,0,0,0,0,0,.000,.000,.000,.000
Chien- Ming C Wang,NYY,2,3,0,0,0,0,0,0,0,0,0,0,.000,.000,.000,.000
Jered J Weaver,LAA,2,4,1,0,0,0,0,1,1,1,0,0,.000,.200,.000,.200
Winston W Abreu,TB,1,0,0,0,0,0,0,0,0,0,0,0,.000,.000,.000,.000
Jonathan J Albaladejo,NYY,1,0,0,0,0,0,0,0,0,0,0,0,.000,.000,.000,.000
Brian B Barton R,ATL,1,0,0,0,0,0,0,0,0,0,0,1,.000,.000,.000,.000
Jason J Berken,BAL,1,1,0,0,0,0,0,0,0,1,0,0,.000,.000,.000,.000
Nick N Blackburn,MIN,1,4,0,0,0,0,0,0,0,2,0,0,.000,.000,.000,.000
Clay C Buchholz,BOS,1,0,0,0,0,0,0,0,0,0,0,0,.000,.000,.000,.000
Trevor T Cahill,OAK,1,2,1,1,0,0,0,0,0,0,0,0,.500,.500,.500,1.000
Robinson R Cancel,NYM,1,1,0,0,0,0,0,0,0,0,0,0,.000,.000,.000,.000
Santiago S Casilla,OAK,1,0,0,0,0,0,0,0,0,0,0,0,.000,.000,.000,.000
Brett B Cecil,TOR,1,2,0,0,0,0,0,0,0,2,0,0,.000,.000,.000,.000
Joba J Chamberlain,NYY,1,2,0,0,0,0,0,0,0,0,0,0,.000,.000,.000,.000
Bruce B Chen,KC,1,1,0,1,0,0,0,0,1,0,0,0,1.000,1.000,1.000,2.000
Anthony A Claggett,PIT,1,0,0,0,0,0,0,0,0,0,0,0,.000,.000,.000,.000
Carlos C Corporán Corporan,MIL,1,1,1,1,0,0,0,0,0,0,0,0,1.000,1.000,1.000,2.000
Jesse J Crain,MIN,1,0,0,0,0,0,0,0,0,0,0,0,.000,.000,.000,.000
John J Danks,CWS,1,2,0,0,0,0,0,0,0,1,0,0,.000,.000,.000,.000
David D Davidson,FLA,1,1,0,1,0,0,0,0,0,0,0,0,1.000,1.000,1.000,2.000
Kyle K Davies,KC,1,1,0,0,0,0,0,0,0,0,0,0,.000,.000,.000,.000
Scott S Downs,TOR,1,1,0,0,0,0,0,0,0,0,0,0,.000,.000,.000,.000
Alfredo A Figaro,DET,1,2,0,0,0,0,0,0,0,2,0,0,.000,.000,.000,.000
Gavin G Floyd,CWS,1,1,0,0,0,0,0,0,0,1,0,0,.000,.000,.000,.000
Armando A Galarraga,DET,1,1,0,0,0,0,0,0,0,1,0,0,.000,.000,.000,.000
Matt M Garza,TB,1,2,0,0,0,0,0,0,0,2,0,0,.000,.000,.000,.000
Jimmy J Gobble,CWS,1,0,0,0,0,0,0,0,0,0,0,0,.000,.000,.000,.000
Greg G Golson C,TEX,1,1,0,0,0,0,0,0,0,1,0,0,.000,.000,.000,.000
Mike M Gosling,CLE,1,0,0,0,0,0,0,0,0,0,0,0,.000,.000,.000,.000
Roy R Halladay,TOR,1,1,0,0,0,0,0,0,0,1,0,0,.000,.000,.000,.000
Matt M Harrison,TEX,1,1,1,0,0,0,0,0,1,1,0,0,.000,.500,.000,.500
Justin J Huber,MIN,1,2,0,1,0,0,0,0,0,0,0,0,.500,.500,.500,1.000
Jason J Isringhausen,TB,1,0,0,0,0,0,0,0,0,0,0,0,.000,.000,.000,.000
Casey C Janssen,TOR,1,1,0,0,0,0,0,0,0,0,0,0,.000,.000,.000,.000
Aaron A Laffey,CLE,1,0,0,0,0,0,0,0,0,0,0,0,.000,.000,.000,.000
Javier J López Lopez,BOS,1,0,0,0,0,0,0,0,0,0,0,0,.000,.000,.000,.000
Ron R Mahay,KC,1,0,0,0,0,0,0,0,0,0,0,0,.000,.000,.000,.000
Doug D Mathis,TEX,1,0,0,0,0,0,0,0,0,0,0,0,.000,.000,.000,.000
Daisuke D Matsuzaka,BOS,1,2,0,0,0,0,0,0,0,0,0,0,.000,.000,.000,.000
Brandon B Mc Carthy,TEX,1,4,0,0,0,0,0,0,0,0,0,0,.000,.000,.000,.000
Gil G Meche,KC,1,2,0,0,0,0,0,0,0,1,0,0,.000,.000,.000,.000
Mark M Melancon,NYY,1,0,0,0,0,0,0,0,0,0,0,0,.000,.000,.000,.000
Kam K Mickolio,BAL,1,0,0,0,0,0,0,0,0,0,0,0,.000,.000,.000,.000
Brad B Mills,TOR,1,1,0,0,0,0,0,0,0,0,0,0,.000,.000,.000,.000
Kevin K Millwood,TEX,1,2,0,0,0,0,0,0,0,1,0,0,.000,.000,.000,.000
Clayton C Mortensen,STL,1,1,0,0,0,0,0,0,0,0,0,0,.000,.000,.000,.000
Eric E Munson,OAK,1,1,0,0,0,0,0,0,0,0,0,0,.000,.000,.000,.000
Vladimir V Nunez,ATL,1,0,0,0,0,0,0,0,0,0,0,0,.000,.000,.000,.000
Sean S O' Sullivan,LAA,1,3,1,1,0,0,0,0,0,1,0,0,.333,.333,.333,.667
Tomo T Ohka,CLE,1,2,0,0,0,0,0,0,0,1,0,0,.000,.000,.000,.000
Carl C Pavano,CLE,1,2,0,0,0,0,0,0,0,0,0,0,.000,.000,.000,.000
Troy T Percival,TB,1,0,0,0,0,0,0,0,0,0,0,0,.000,.000,.000,.000
Glen G Perkins,MIN,1,1,0,0,0,0,0,0,0,1,0,0,.000,.000,.000,.000
David D Price,TB,1,3,0,1,0,0,0,0,0,0,0,0,.333,.333,.333,.667
Jason J Pridie,MIN,1,0,0,0,0,0,0,0,0,0,0,0,.000,.000,.000,.000
Steven S Register,PHI,1,0,0,0,0,0,0,0,0,0,0,0,.000,.000,.000,.000
Anthony A Reyes,CLE,1,1,0,0,0,0,0,0,0,0,0,0,.000,.000,.000,.000
David D Riske,MIL,1,0,0,0,0,0,0,0,0,0,0,0,.000,.000,.000,.000
Esmil E Rogers,COL,1,1,0,0,0,0,0,0,0,0,0,0,.000,.000,.000,.000
Billy B Sadler,HOU,1,1,0,0,0,0,0,0,0,0,0,0,.000,.000,.000,.000
Travis T Schlichting,LAD,1,0,0,0,0,0,0,0,0,0,0,0,.000,.000,.000,.000
Scot S Shields,LAA,1,0,0,0,0,0,0,0,0,0,0,0,.000,.000,.000,.000
Brian B Shouse,TB,1,0,0,0,0,0,0,0,0,0,0,0,.000,.000,.000,.000
Tony T Sipp,CLE,1,0,0,0,0,0,0,0,0,0,0,0,.000,.000,.000,.000
Jeremy J Sowers,CLE,1,2,0,0,0,0,0,0,0,0,0,0,.000,.000,.000,.000
Craig C Stansberry,SD,1,1,0,0,0,0,0,0,0,0,0,0,.000,.000,.000,.000
Anthony A Swarzak,MIN,1,2,0,0,0,0,0,0,0,2,0,0,.000,.000,.000,.000
Brian B Tallet,TOR,1,2,0,0,0,0,0,0,0,1,0,0,.000,.000,.000,.000
Dale D Thayer,TB,1,1,0,0,0,0,0,0,0,0,0,0,.000,.000,.000,.000
Jess J Todd,STL,1,0,0,0,0,0,0,0,0,0,0,0,.000,.000,.000,.000
Carlos C Torres,CWS,1,3,0,0,0,0,0,0,0,3,0,0,.000,.000,.000,.000
Tim T Wakefield,BOS,1,2,0,1,0,0,0,0,0,1,0,0,.500,.500,.500,1.000
Jamie J Walker,BAL,1,0,0,0,0,0,0,0,0,0,0,0,.000,.000,.000,.000
Jarrod J Washburn,SEA,1,3,1,0,0,0,0,0,0,2,0,0,.000,.000,.000,.000
Brandon B Webb,ARI,1,2,0,0,0,0,0,0,0,1,0,0,.000,.000,.000,.000
Dontrelle D Willis,DET,1,1,0,0,0,0,0,0,0,0,0,0,.000,.000,.000,.000
Brian B Wolfe,TOR,1,0,0,0,0,0,0,0,0,0,0,0,.000,.000,.000,.000
