PLAYER,TEAM,W,L,ERA,GS,CG,SHO,SV,SVO,IP,H,R,ER,HR,HB,BB,SO,WHIP,AVG
Bryan B Shaw,CLE,5,5,2.59,80,0,0,0,2,9,76.1,61,26,22,6,2,22,64,1.09,.216
Will W Smith,MIL,1,3,3.70,78,0,0,0,1,6,65.2,62,31,27,6,3,31,86,1.42,.248
Tony T Watson,PIT,10,2,1.63,78,0,0,0,2,9,77.1,64,16,14,5,6,15,81,1.02,.232
Cody C Allen,CLE,6,4,2.07,76,0,0,0,24,28,69.2,48,21,16,7,1,26,91,1.06,.194
Jeurys J Familia,NYM,2,5,2.21,76,0,0,0,5,10,77.1,59,26,19,3,2,32,73,1.18,.209
Joe J Smith,LAA,7,2,1.81,76,0,0,0,15,19,74.2,45,16,15,4,6,15,68,0.80,.172
Tyler T Clippard,WSH,7,4,2.18,75,0,0,0,1,7,70.1,47,22,17,5,1,23,82,1.00,.188
Mike M Dunn,MIA,10,6,3.16,75,0,0,0,1,4,57.0,47,25,20,4,4,22,67,1.21,.220
Adam A Ottavino,COL,1,4,3.60,75,0,0,0,1,6,65.0,67,26,26,6,4,16,70,1.28,.271
Rex R Brothers,COL,4,6,5.59,74,0,0,0,0,6,56.1,65,38,35,7,2,39,55,1.85,.288
Zach Z Duke,MIL,5,1,2.45,74,0,0,0,0,4,58.2,49,19,16,3,0,17,74,1.13,.223
Kevin K Jepsen,LAA,0,2,2.63,74,0,0,0,2,4,65.0,45,19,19,4,2,23,75,1.05,.192
Neal N Cotts,TEX,2,9,4.32,73,0,0,0,2,9,66.2,66,33,32,6,3,23,63,1.34,.257
Jake J Diekman,PHI,5,5,3.80,73,0,0,0,0,4,71.0,66,36,30,4,3,35,100,1.42,.248
Casey C Fien,MIN,5,6,3.98,73,0,0,0,1,5,63.1,64,29,28,7,0,10,51,1.17,.262
Justin J Grimm,CHC,5,2,3.78,73,0,0,0,0,1,69.0,59,32,29,4,4,27,70,1.25,.230
Seth S Maness,STL,6,4,2.91,73,0,0,0,3,3,80.1,77,29,26,7,2,11,55,1.10,.261
Jake J Mc Gee,TB,5,2,1.89,73,0,0,0,19,23,71.1,48,15,15,2,2,16,90,0.90,.189
Andrew A Miller,BAL,5,5,2.02,73,0,0,0,1,2,62.1,33,16,14,3,5,17,103,0.80,.153
Marc M Rzepczynski,CLE,0,3,2.74,73,0,0,0,1,3,46.0,42,19,14,1,3,19,46,1.33,.246
Carlos C Torres,NYM,8,6,3.06,73,1,0,0,2,5,97.0,89,35,33,11,2,38,96,1.31,.246
Al A Alburquerque,DET,3,1,2.51,72,0,0,0,1,1,57.1,46,16,16,7,3,21,63,1.17,.219
Luke L Gregerson,OAK,5,5,2.12,72,0,0,0,3,11,72.1,58,20,17,6,1,15,59,1.01,.220
Mark M Melancon,PIT,3,5,1.90,72,0,0,0,33,37,71.0,51,15,15,2,3,11,71,0.87,.195
Dan D Otero,OAK,8,2,2.28,72,0,0,0,1,4,86.2,80,24,22,4,2,15,45,1.10,.247
Trevor T Rosenthal,STL,2,6,3.20,72,0,0,0,45,51,70.1,57,25,25,2,4,42,87,1.41,.223
Zack Z Britton,BAL,3,2,1.65,71,0,0,0,37,41,76.1,46,17,14,4,1,23,62,0.90,.178
Wade W Davis,KC,9,2,1.00,71,0,0,0,3,6,72.0,38,8,8,0,3,23,109,0.85,.151
Aaron A Loup,TOR,4,4,3.15,71,0,0,0,4,9,68.2,50,25,24,4,6,30,56,1.17,.207
Jean J Machi,SF,7,1,2.58,71,0,0,0,2,5,66.1,45,19,19,5,1,18,51,0.95,.201
Pat P Neshek,STL,7,2,1.87,71,0,0,0,6,10,67.1,44,14,14,4,2,9,68,0.79,.183
Junichi J Tazawa,BOS,4,3,2.86,71,0,0,0,0,5,63.0,58,23,20,5,0,17,64,1.19,.240
Scott S Atchison,CLE,6,0,2.75,70,0,0,0,2,7,72.0,60,24,22,4,0,14,49,1.03,.227
Burke B Badenhop,BOS,0,3,2.29,70,0,0,0,1,4,70.2,70,20,18,1,2,19,40,1.26,.268
Dellin D Betances,NYY,5,0,1.40,70,0,0,0,1,5,90.0,46,15,14,4,4,24,135,0.78,.149
Kelvin K Herrera,KC,4,3,1.41,70,0,0,0,0,1,70.0,54,12,11,0,3,26,59,1.14,.214
Dale D Thayer,SD,4,5,2.34,70,0,0,0,0,1,65.1,53,19,17,9,2,16,62,1.06,.215
Alex A Torres,SD,2,1,3.33,70,0,0,0,0,1,54.0,46,25,20,2,3,33,51,1.46,.230
Justin J Wilson,PIT,3,4,4.20,70,0,0,0,0,3,60.0,49,30,28,4,3,30,61,1.32,.220
Fernando F Abad,OAK,2,4,1.57,69,0,0,0,0,2,57.1,34,11,10,4,4,15,51,0.85,.175
Joba J Chamberlain,DET,2,5,3.57,69,0,0,0,2,6,63.0,57,26,25,3,3,24,59,1.29,.245
Joel J Peralta,TB,3,4,4.41,69,0,0,0,1,7,63.1,60,31,31,9,1,15,74,1.18,.244
Fernando F Rodney,SEA,1,6,2.85,69,0,0,0,48,51,66.1,61,24,21,3,3,28,76,1.34,.244
Francisco F Rodríguez Rodriguez,MIL,5,5,3.04,69,0,0,0,44,49,68.0,49,23,23,14,1,18,73,0.99,.198
Adam A Warren,NYY,3,6,2.97,69,0,0,0,3,6,78.2,63,27,26,4,3,24,76,1.11,.219
Jared J Burton,MIN,3,5,4.36,68,0,0,0,3,4,64.0,58,34,31,6,3,25,46,1.30,.241
J. P. J Howell,LAD,3,3,2.39,68,0,0,0,0,0,49.0,31,14,13,2,1,25,48,1.14,.183
Kenley K Jansen,LAD,2,3,2.76,68,0,0,0,44,49,65.1,55,20,20,5,0,19,101,1.13,.224
Darren D O' Day,BAL,5,2,1.70,68,0,0,0,4,8,68.2,42,14,13,6,8,19,73,0.89,.174
Oliver O Pérez Perez,ARI,3,4,2.91,68,0,0,0,0,1,58.2,50,25,19,5,7,24,76,1.26,.226
A J Ramos,MIA,7,0,2.11,68,0,0,0,0,3,64.0,36,16,15,1,3,43,73,1.23,.164
Brad B Ziegler,ARI,5,3,3.49,68,0,0,0,1,9,67.0,60,29,26,5,3,24,54,1.25,.243
Antonio A Bastardo,PHI,5,7,3.94,67,0,0,0,0,2,64.0,43,31,28,4,2,34,81,1.20,.188
Steve S Cishek,MIA,4,5,3.17,67,0,0,0,39,43,65.1,58,26,23,3,1,21,84,1.21,.237
Aaron A Crow,KC,6,1,4.12,67,0,0,0,3,6,59.0,52,32,27,10,0,24,34,1.29,.240
Charlie C Furbush,SEA,1,5,3.61,67,0,0,0,1,1,42.1,40,17,17,4,3,9,51,1.16,.247
Jake J Petricka,CWS,1,6,2.96,67,0,0,0,14,18,73.0,67,24,24,3,2,33,55,1.37,.253
Matt M Belisle,COL,4,7,4.87,66,1,0,0,0,2,64.2,74,35,35,5,1,19,43,1.44,.292
Brett B Cecil,TOR,2,3,2.70,66,0,0,0,5,7,53.1,46,16,16,2,1,27,76,1.37,.227
Danny D Farquhar,SEA,3,1,2.66,66,0,0,0,1,3,71.0,58,23,21,5,4,22,81,1.13,.221
Yoervis Y Medina,SEA,5,3,2.68,66,0,0,0,0,1,57.0,48,18,17,3,5,28,60,1.33,.229
Jonathan J Papelbon,PHI,2,3,2.04,66,0,0,0,39,43,66.1,45,15,15,2,5,15,63,0.90,.191
James J Russell,ATL,0,2,2.97,66,1,0,0,1,3,57.2,45,20,19,3,1,20,42,1.13,.215
Grant G Balfour,TB,2,6,4.91,65,0,0,0,12,15,62.1,49,34,34,3,1,41,57,1.44,.217
David D Carpenter,ATL,6,4,3.54,65,0,0,0,3,6,61.0,61,27,24,5,3,16,67,1.26,.256
Greg G Holland,KC,1,3,1.44,65,0,0,0,46,48,62.1,37,13,10,3,0,20,90,0.91,.170
Javier J López Lopez,SF,1,1,3.11,65,0,0,0,0,2,37.2,31,14,13,2,2,19,22,1.33,.220
Drew D Storen,WSH,2,1,1.12,65,0,0,0,11,14,56.1,44,8,7,2,3,11,46,0.98,.215
Pedro P Strop,CHC,2,4,2.21,65,0,0,0,2,6,61.0,40,19,15,2,4,25,71,1.07,.187
Jerry J Blevins,WSH,2,3,4.87,64,0,0,0,0,0,57.1,48,31,31,3,1,23,66,1.24,.229
Brandon B Kintzler,MIL,3,3,3.24,64,0,0,0,0,3,58.1,62,22,21,8,0,16,31,1.34,.284
Edward E Mujica,BOS,2,4,3.90,64,0,0,0,8,9,60.0,69,28,26,6,0,14,43,1.38,.294
Sergio S Romo,SF,6,4,3.72,64,0,0,0,23,28,58.0,43,24,24,9,4,12,59,0.95,.203
Hector H Rondón Rondon,CHC,4,4,2.42,64,0,0,0,29,33,63.1,52,21,17,2,0,15,63,1.06,.218
Rafael R Soriano,WSH,4,1,3.19,64,0,0,0,32,39,62.0,51,23,22,4,2,19,59,1.13,.223
Matt M Thornton,WSH,1,3,1.75,64,0,0,0,0,4,36.0,33,9,7,0,5,8,28,1.14,.244
Shawn S Tolleson,TEX,3,1,2.76,64,0,0,0,0,0,71.2,56,23,22,10,1,28,69,1.17,.214
Koji K Uehara,BOS,6,5,2.52,64,0,0,0,26,31,64.1,51,18,18,10,1,8,80,0.92,.216
Brad B Boxberger,TB,5,2,2.37,63,0,0,0,2,5,64.2,34,17,17,9,4,20,104,0.84,.155
Jared J Hughes,PIT,7,5,1.96,63,0,0,0,0,2,64.1,51,21,14,4,6,19,36,1.09,.229
Craig C Kimbrel,ATL,0,3,1.61,63,0,0,0,47,51,61.2,30,13,11,2,2,26,95,0.91,.142
Brandon B League,LAD,2,3,2.57,63,0,0,0,0,1,63.0,65,23,18,0,4,27,38,1.46,.278
Brian B Matusz,BAL,2,3,3.48,63,0,0,0,0,3,51.2,51,23,20,7,3,17,53,1.32,.250
Jenrry J Mejia,NYM,6,6,3.65,63,7,0,0,28,31,93.2,98,41,38,9,4,41,98,1.48,.265
Glen G Perkins,MIN,4,3,3.65,63,0,0,0,34,41,61.2,62,29,25,7,2,11,66,1.18,.258
David D Robertson,NYY,4,5,3.08,63,0,0,0,39,44,64.1,45,23,22,7,1,23,96,1.06,.192
Nick N Vincent,SD,1,2,3.60,63,0,0,0,0,2,55.0,44,22,22,5,2,11,62,1.00,.221
Jeremy J Affeldt,SF,4,2,2.28,62,0,0,0,0,3,55.1,47,14,14,1,4,14,41,1.10,.229
Luis L Avilán Avilan,ATL,4,1,4.57,62,0,0,0,0,2,43.1,47,22,22,2,3,21,25,1.57,.287
John J Axford,PIT,2,4,3.95,62,0,0,0,10,13,54.2,43,26,24,6,2,36,63,1.45,.217
Ronald R Belisario,CWS,4,8,5.56,62,0,0,0,8,12,66.1,78,46,41,4,5,18,47,1.45,.295
Jonathan J Broxton,MIL,4,3,2.30,62,0,0,0,7,15,58.2,41,15,15,4,1,19,49,1.02,.197
Phil P Coke,DET,5,2,3.88,62,0,0,0,1,2,58.0,69,28,25,5,2,20,41,1.53,.299
Brian B Duensing,MIN,3,3,3.31,62,0,0,0,0,4,54.1,52,20,20,6,1,20,33,1.33,.254
Jason J Grilli,LAA,1,5,4.00,62,0,0,0,12,17,54.0,51,26,24,4,4,21,57,1.33,.252
Sam S Le Cure,CIN,1,4,3.81,62,0,0,0,0,1,56.2,62,27,24,6,3,24,48,1.52,.283
Joe J Nathan,DET,5,4,4.81,62,0,0,0,35,42,58.0,60,32,31,5,1,29,54,1.53,.265
Addison A Reed,ARI,1,7,4.25,62,0,0,0,32,38,59.1,57,31,28,11,1,15,69,1.21,.244
Randy R Choate,STL,2,2,4.50,61,0,0,0,0,0,36.0,27,18,18,2,5,13,32,1.11,.213
Sean S Doolittle,OAK,2,4,2.73,61,0,0,0,22,26,62.2,38,19,19,5,0,8,89,0.73,.169
Jason J Frasor,KC,4,1,2.66,61,0,0,0,0,2,47.1,40,17,14,3,2,18,46,1.23,.234
Juan J Gutierrez,SF,1,2,3.96,61,0,0,0,0,1,63.2,60,30,28,7,2,16,44,1.19,.247
Brian B Schlitter,CHC,2,3,4.15,61,0,0,0,0,4,56.1,58,29,26,2,2,19,31,1.37,.270
Huston H Street,LAA,2,2,1.37,61,0,0,0,41,44,59.1,42,9,9,4,0,14,57,0.94,.196
Anthony A Varvaro,ATL,3,3,2.63,61,0,0,0,0,1,54.2,46,18,16,5,0,13,50,1.08,.228
Brian B Wilson,LAD,2,4,4.66,61,0,0,0,1,5,48.1,49,26,25,5,4,29,54,1.61,.259
Jamey J Wright,LAD,5,4,4.35,61,1,0,0,1,2,70.1,72,35,34,3,4,27,54,1.41,.271
Craig C Breslow,BOS,2,4,5.96,60,0,0,0,1,2,54.1,73,40,36,8,2,28,37,1.86,.319
Tommy T Hunter,BAL,3,2,2.97,60,0,0,0,11,17,60.2,55,22,20,4,1,12,45,1.10,.244
Mike M Morin,LAA,4,4,2.90,60,0,0,0,0,2,59.0,51,22,19,3,3,19,54,1.19,.234
Bryan B Morris,MIA,8,1,1.82,60,0,0,0,0,7,64.1,58,17,13,6,4,24,50,1.27,.248
Shawn S Kelley,NYY,3,6,4.53,59,0,0,0,4,7,51.2,45,26,26,5,1,20,67,1.26,.231
Chad C Qualls,HOU,1,5,3.33,58,0,0,0,19,25,51.1,54,22,19,5,2,5,43,1.15,.265
Jordan J Walden,ATL,0,2,2.88,58,0,0,0,3,5,50.0,33,17,16,2,0,27,62,1.20,.186
Wesley W Wright,CHC,0,3,3.17,58,0,0,0,0,2,48.1,48,19,17,2,2,19,37,1.39,.262
La Troy L Hawkins,COL,4,3,3.31,57,0,0,0,23,26,54.1,52,23,20,3,0,13,32,1.20,.246
Dominic D Leone,SEA,8,2,2.17,57,0,0,0,0,2,66.1,52,18,16,4,3,25,70,1.16,.217
Evan E Marshall,ARI,4,4,2.74,57,0,0,0,0,1,49.1,50,17,15,3,2,17,54,1.36,.266
Carlos C Martínez Martinez,STL,2,4,4.03,57,7,0,0,1,6,89.1,90,41,40,4,4,36,84,1.41,.266
Fernando F Salas,LAA,5,0,3.38,57,0,0,0,0,1,58.2,50,22,22,5,1,14,61,1.09,.228
Daniel D Webb,CWS,6,5,3.99,57,0,0,0,0,2,67.2,59,31,30,6,2,42,58,1.49,.238
Tom T Wilhelmsen,SEA,3,2,2.27,57,2,0,0,1,3,79.1,47,22,20,6,2,36,72,1.05,.171
Joe J Beimel,SEA,3,1,2.20,56,0,0,0,0,0,45.0,39,12,11,4,1,14,25,1.18,.236
Kevin K Quackenbush,SD,3,3,2.48,56,0,0,0,6,7,54.1,42,15,15,2,2,18,56,1.10,.212
Tony T Sipp,HOU,4,3,3.38,56,0,0,0,4,6,50.2,28,19,19,5,0,17,63,0.89,.157
Scott S Downs,KC,0,4,4.97,55,0,0,0,1,2,38.0,36,24,21,2,0,20,25,1.47,.248
Santiago S Casilla,SF,3,3,1.70,54,0,0,0,19,23,58.1,35,13,11,3,3,15,45,0.86,.177
Aroldis A Chapman,CIN,0,3,2.00,54,0,0,0,36,38,54.0,21,12,12,1,2,24,106,0.83,.121
Ryan R Cook,OAK,1,3,3.42,54,0,0,0,1,3,50.0,32,19,19,3,2,22,50,1.08,.184
Justin J De Fratus,PHI,3,1,2.39,54,0,0,0,0,2,52.2,45,19,14,4,3,12,49,1.08,.223
Josh J Fields,HOU,4,6,4.45,54,0,0,0,4,8,54.2,50,29,27,2,2,17,70,1.23,.242
J. J Hoover,CIN,1,10,4.88,54,0,0,0,0,4,62.2,56,36,34,13,1,31,75,1.39,.236
Jim J Johnson,DET,5,2,7.09,54,0,0,0,2,3,53.1,69,46,42,5,6,35,42,1.95,.318
Tommy T Kahnle,COL,2,1,4.19,54,0,0,0,0,1,68.2,51,39,32,7,1,31,63,1.19,.206
Caleb C Thielbar,MIN,2,1,3.40,54,0,0,0,0,1,47.2,51,19,18,3,1,16,35,1.41,.280
Joaquin J Benoit,SD,4,2,1.49,53,0,0,0,11,12,54.1,28,10,9,3,1,14,64,0.77,.151
Dustin D Mc Gowan,TOR,5,3,4.17,53,8,0,0,1,5,82.0,80,41,38,13,3,33,61,1.38,.253
Manny M Parra,CIN,0,3,4.66,53,0,0,0,1,2,36.2,39,20,19,4,1,18,34,1.55,.277
Joe J Thatcher,LAA,2,1,3.86,53,0,0,0,0,1,30.1,36,16,13,3,4,4,27,1.32,.293
Chris C Hatcher,MIA,0,3,3.38,52,0,0,0,0,2,56.0,55,22,21,4,0,12,60,1.20,.252
Nick N Masset,COL,2,0,5.80,51,0,0,0,0,2,45.0,56,31,29,3,5,24,36,1.78,.316
Ryan R Webb,BAL,3,3,3.83,51,0,0,0,0,0,49.1,50,21,21,2,1,12,37,1.26,.259
Aaron A Barrett,WSH,3,0,2.66,50,0,0,0,0,0,40.2,33,17,12,1,1,20,49,1.30,.220
Mario M Hollands,PHI,2,2,4.40,50,0,0,0,0,1,47.0,45,25,23,3,1,21,35,1.40,.253
Casey C Janssen,TOR,3,3,3.94,50,0,0,0,25,30,45.2,47,22,20,6,1,7,28,1.18,.261
Neil N Ramírez Ramirez,CHC,3,3,1.44,50,0,0,0,3,4,43.2,29,11,7,2,2,17,53,1.05,.184
Anthony A Swarzak,MIN,3,2,4.60,50,4,0,0,0,1,86.0,100,48,44,5,0,28,47,1.49,.288
Chris C Perez,LAD,1,3,4.27,49,0,0,0,1,2,46.1,38,23,22,6,5,25,39,1.36,.228
Zach Z Putnam,CWS,5,3,1.98,49,0,0,0,6,7,54.2,39,14,12,2,1,20,46,1.08,.205
Craig C Stammen,WSH,4,5,3.84,49,0,0,0,0,0,72.2,78,34,31,5,3,14,56,1.27,.276
Ernesto E Frieri,PIT,1,4,7.34,48,0,0,0,11,14,41.2,47,34,34,11,2,14,48,1.46,.280
Joakim J Soria,DET,2,4,3.25,48,0,0,0,18,20,44.1,38,19,16,2,2,6,48,0.99,.222
Randall R Delgado,ARI,4,4,4.87,47,4,0,0,0,0,77.2,71,44,42,6,3,35,86,1.36,.239
Ross R Detwiler,WSH,2,3,4.00,47,0,0,0,1,2,63.0,68,34,28,5,5,21,39,1.41,.282
Josh J Edgin,NYM,1,0,1.32,47,0,0,0,0,1,27.1,19,6,4,2,0,6,28,0.91,.196
Dan D Jennings,MIA,0,2,1.34,47,0,0,0,0,2,40.1,45,11,6,3,0,17,38,1.54,.281
Brad B Brach,BAL,7,1,3.18,46,0,0,0,0,0,62.1,48,24,22,6,1,25,54,1.17,.216
David D Huff,NYY,4,1,3.36,46,0,0,0,0,0,59.0,61,25,22,5,1,23,39,1.42,.263
Jose J Veras,HOU,4,1,4.50,46,0,0,0,1,6,46.0,37,25,23,6,3,27,50,1.39,.218
Darin D Downs,HOU,2,1,5.45,45,0,0,0,0,0,34.2,28,22,21,2,3,19,27,1.36,.226
David D Hale,ATL,4,5,3.30,45,6,0,0,0,0,87.1,89,38,32,5,3,39,44,1.47,.264
Ian I Krol,DET,0,0,4.96,45,0,0,0,1,4,32.2,42,23,18,6,2,13,28,1.68,.304
Sam S Freeman,STL,2,0,2.61,44,0,0,0,0,0,38.0,34,13,11,2,4,19,35,1.39,.236
Ken K Giles,PHI,3,1,1.18,44,0,0,0,1,1,45.2,25,7,6,1,0,11,64,0.79,.164
Jeanmar J Gómez Gomez,PIT,2,2,3.19,44,0,0,0,1,1,62.0,70,24,22,6,2,23,38,1.50,.292
Tim T Stauffer,SD,6,2,3.50,44,3,0,0,0,0,64.1,67,25,25,4,2,23,67,1.40,.273
Kyle K Crockett,CLE,4,1,1.80,43,0,0,0,0,0,30.0,26,6,6,2,3,8,28,1.13,.239
Cesar C Ramos,TB,2,6,3.70,43,7,0,0,0,0,82.2,73,39,34,8,1,39,66,1.35,.233
Javy J Guerra,CWS,2,4,2.91,42,0,0,0,1,6,46.1,41,15,15,3,5,20,38,1.32,.246
Todd T Redmond,TOR,1,4,3.24,42,0,0,0,1,1,75.0,73,33,27,5,2,27,60,1.33,.263
Carlos C Villanueva,CHC,5,7,4.64,42,5,0,0,2,2,77.2,89,42,40,6,3,19,72,1.39,.282
Vic V Black,NYM,2,3,2.60,41,0,0,0,0,0,34.2,26,12,10,2,1,19,32,1.30,.206
Chris C Capuano,NYY,3,4,4.35,40,12,0,0,0,1,97.1,101,51,47,10,4,34,84,1.39,.264
Carlos C Carrasco,CLE,8,7,2.55,40,14,1,1,1,1,134.0,103,40,38,7,3,29,140,0.99,.209
Logan L Ondrusek,CIN,3,3,5.49,40,0,0,0,0,3,41.0,50,26,25,5,1,16,42,1.61,.296
Josh J Outman,NYY,4,0,2.86,40,0,0,0,0,1,28.1,24,10,9,4,0,16,26,1.41,.229
Rob R Wooten,MIL,1,4,4.72,40,0,0,0,0,0,34.1,42,18,18,1,1,8,29,1.46,.307
Marco M Estrada,MIL,7,6,4.36,39,18,0,0,0,0,150.2,137,77,73,29,3,44,127,1.20,.241
Yusmeiro Y Petit,SF,5,5,3.69,39,12,1,0,0,0,117.0,97,51,48,12,1,22,133,1.02,.223
Blaine B Hardy,DET,2,1,2.54,38,0,0,0,0,1,39.0,34,12,11,1,1,20,31,1.38,.238
Brandon B Maurer,SEA,1,4,4.65,38,7,0,0,0,1,69.2,74,39,36,6,0,19,55,1.33,.267
Franklin F Morales,COL,6,9,5.37,38,22,0,0,0,0,142.1,166,90,85,24,6,65,100,1.62,.296
C. C Lee,CLE,1,1,4.50,37,0,0,0,0,1,28.0,30,15,14,3,3,12,26,1.50,.275
T. J. T Mc Farland,BAL,4,2,2.76,37,1,0,0,0,0,58.2,70,22,18,2,4,13,34,1.41,.300
Kevin K Siegrist,STL,1,4,6.82,37,0,0,0,0,1,30.1,32,23,23,5,2,16,37,1.58,.267
Matt M Stites,ARI,0,0,5.73,37,0,0,0,0,0,33.0,33,23,21,6,1,16,26,1.48,.260
Jerome J Williams,PHI,6,7,4.77,37,11,0,0,0,3,115.0,125,64,61,12,6,36,82,1.40,.278
Kirby K Yates,TB,0,2,3.75,37,0,0,0,1,2,36.0,33,16,15,4,3,15,42,1.33,.241
Jumbo J Diaz,CIN,0,1,3.38,36,0,0,0,0,1,34.2,29,13,13,3,0,14,37,1.24,.230
Samuel S Deduno,HOU,2,6,4.47,35,9,0,0,0,0,100.2,97,53,50,9,10,46,83,1.42,.255
Kyle K Farnsworth,HOU,0,3,4.40,35,0,0,0,3,5,28.2,32,14,14,2,0,15,18,1.64,.294
Nick N Hagadone,CLE,1,0,2.70,35,0,0,0,0,0,23.1,18,7,7,3,0,6,27,1.03,.214
Matt M Lindstrom,CWS,2,2,5.03,35,0,0,0,6,10,34.0,47,23,19,3,1,12,18,1.74,.338
Boone B Logan,COL,2,3,6.84,35,0,0,0,0,4,25.0,31,20,19,6,1,11,32,1.68,.310
Eric E Surkamp,CWS,2,0,4.81,35,0,0,0,0,0,24.1,22,14,13,3,1,13,20,1.44,.244
Alex A Wood,ATL,11,11,2.78,35,24,1,0,0,0,171.2,151,58,53,16,6,45,170,1.14,.239
A. J. A Burnett,PHI,8,18,4.59,34,34,1,0,0,0,213.2,205,122,109,20,16,96,190,1.41,.256
Johnny J Cueto,CIN,20,9,2.25,34,34,4,2,0,0,243.2,169,69,61,22,15,65,242,0.96,.194
R. A. R Dickey,TOR,14,13,3.71,34,34,1,0,0,0,215.2,191,101,89,26,14,74,173,1.23,.233
Felix F Hernández Hernandez,SEA,15,6,2.14,34,34,0,0,0,0,236.0,170,68,56,16,5,46,248,0.92,.200
Corey C Kluber,CLE,18,9,2.44,34,34,3,1,0,0,235.2,207,72,64,14,6,51,269,1.09,.233
Daisuke D Matsuzaka,NYM,3,3,3.89,34,9,0,0,1,2,83.1,62,38,36,6,6,50,78,1.34,.209
David D Price,DET,15,12,3.26,34,34,3,0,0,0,248.1,230,100,90,25,5,38,271,1.08,.240
Esmil E Rogers,NYY,2,0,5.72,34,1,0,0,0,1,45.2,50,30,29,8,2,17,44,1.47,.276
James J Shields,KC,14,8,3.21,34,34,1,1,0,0,227.0,224,95,81,23,11,44,180,1.18,.256
Stephen S Strasburg,WSH,14,11,3.14,34,34,0,0,0,0,215.0,198,86,75,23,5,43,242,1.12,.245
Chris C Tillman,BAL,13,6,3.34,34,34,1,1,0,0,207.1,189,83,77,21,4,66,150,1.23,.238
Jered J Weaver,LAA,18,9,3.59,34,34,1,0,0,0,213.1,193,87,85,27,6,65,169,1.21,.239
Madison M Bumgarner,SF,18,10,2.98,33,33,4,2,0,0,217.1,194,81,72,21,6,43,219,1.09,.240
Josh J Collmenter,ARI,11,9,3.46,33,28,1,1,1,1,179.1,163,75,69,18,4,39,115,1.13,.246
Nathan N Eovaldi,MIA,6,14,4.37,33,33,0,0,0,0,199.2,223,107,97,14,7,43,142,1.33,.282
Sonny S Gray,OAK,14,10,3.08,33,33,2,2,0,0,219.0,187,84,75,15,7,74,183,1.19,.232
Aaron A Harang,ATL,12,12,3.57,33,33,0,0,0,0,204.1,215,88,81,15,1,71,161,1.40,.273
Ian I Kennedy,SD,13,13,3.63,33,33,0,0,0,0,201.0,189,85,81,16,4,70,207,1.29,.250
Mike M Leake,CIN,11,13,3.70,33,33,0,0,0,0,214.1,217,93,88,23,13,50,164,1.25,.263
Tim T Lincecum,SF,12,9,4.74,33,26,1,1,1,1,155.2,154,86,82,19,5,63,134,1.39,.258
Lance L Lynn,STL,15,10,2.74,33,33,2,1,0,0,203.2,185,72,62,13,7,72,181,1.26,.238
Wade W Miley,ARI,8,12,4.34,33,33,0,0,0,0,201.1,207,103,97,23,4,75,183,1.40,.269
Juan J Nicasio,COL,6,6,5.38,33,14,0,0,0,0,93.2,107,59,56,19,1,31,63,1.47,.289
Hector H Noesí Noesi,CWS,8,12,4.75,33,27,1,0,0,0,172.1,180,98,91,28,2,56,123,1.37,.271
Jeff J Samardzija,OAK,7,13,2.99,33,33,2,0,0,0,219.2,191,86,73,20,10,43,202,1.07,.234
Max M Scherzer,DET,18,5,3.15,33,33,1,1,0,0,220.1,196,80,77,18,6,63,252,1.18,.238
Julio J Teheran,ATL,14,13,2.89,33,33,4,2,0,0,221.0,188,82,71,22,4,51,186,1.08,.232
Chris C Archer,TB,10,9,3.33,32,32,0,0,0,0,194.2,177,85,72,12,8,72,173,1.28,.243
Blaine B Boyer,SD,0,1,3.57,32,0,0,0,0,0,40.1,34,16,16,2,0,8,29,1.04,.228
Mark M Buehrle,TOR,13,10,3.39,32,32,0,0,0,0,202.0,228,83,76,15,4,46,119,1.36,.287
Trevor T Cahill,ARI,3,12,5.61,32,17,0,0,1,2,110.2,123,76,69,9,4,55,105,1.61,.285
Jesse J Chavez,OAK,8,8,3.45,32,21,0,0,0,0,146.0,142,64,56,17,5,49,136,1.31,.253
Kevin K Correia,LAD,7,17,5.44,32,26,0,0,0,0,154.0,191,104,93,20,5,40,79,1.50,.301
John J Danks,CWS,11,11,4.74,32,32,0,0,0,0,193.2,205,106,102,25,9,74,129,1.44,.269
Jorge J De La Rosa,COL,14,11,4.10,32,32,0,0,0,0,184.1,161,90,84,21,9,67,139,1.24,.238
Yovani Y Gallardo,MIL,8,11,3.51,32,32,0,0,0,0,192.1,195,86,75,21,4,54,146,1.29,.261
Zack Z Greinke,LAD,17,8,2.71,32,32,0,0,0,0,202.1,190,69,61,19,2,43,207,1.15,.247
Jeremy J Guthrie,KC,13,11,4.13,32,32,1,0,0,0,202.2,215,100,93,23,14,49,124,1.30,.272
Brad B Hand,MIA,3,8,4.38,32,16,0,0,1,1,111.0,112,56,54,10,2,39,67,1.36,.264
Dan D Haren,LAD,13,11,4.02,32,32,0,0,0,0,186.0,183,101,83,27,3,36,145,1.18,.252
Roberto R Hernandez,LAD,8,11,4.10,32,29,0,0,0,1,164.2,156,84,75,19,9,73,105,1.39,.250
Phil P Hughes,MIN,16,10,3.52,32,32,1,0,0,0,209.2,221,88,82,16,5,16,186,1.13,.268
Drew D Hutchison,TOR,11,13,4.48,32,32,1,1,0,0,184.2,173,92,92,23,7,60,184,1.26,.245
Jeremy J Jeffress,MIL,1,1,2.81,32,0,0,0,0,1,32.0,35,10,10,1,2,10,29,1.41,.294
Scott S Kazmir,OAK,15,9,3.55,32,32,2,0,0,0,190.1,171,81,75,16,4,50,164,1.16,.238
Kyle K Kendrick,PHI,10,13,4.61,32,32,0,0,0,0,199.0,214,108,102,25,11,57,121,1.36,.276
Tom T Koehler,MIA,10,10,3.81,32,32,0,0,0,0,191.1,177,84,81,16,7,71,153,1.30,.248
Hiroki H Kuroda,NYY,11,9,3.71,32,32,0,0,0,0,199.0,191,91,82,20,7,35,146,1.14,.249
Jon J Lester,OAK,16,11,2.46,32,32,1,1,0,0,219.2,194,76,60,16,5,48,220,1.10,.236
Brandon B Mc Carthy,NYY,10,15,4.05,32,32,1,1,0,0,200.0,222,100,90,25,3,33,175,1.28,.280
Shelby S Miller,STL,10,9,3.74,32,31,1,1,0,0,183.0,160,78,76,22,2,73,127,1.27,.236
Juan Carlos J Oviedo,TB,3,3,3.69,32,0,0,0,1,2,31.2,27,14,13,3,3,16,26,1.36,.225
Jake J Peavy,SF,7,13,3.73,32,32,0,0,0,0,202.2,196,91,84,23,9,63,158,1.28,.258
Wily W Peralta,MIL,17,11,3.53,32,32,0,0,0,0,198.2,198,88,78,23,7,61,154,1.30,.261
David D Phelps,NYY,5,5,4.38,32,17,1,0,1,1,113.0,115,62,55,13,7,46,92,1.42,.263
Rick R Porcello,DET,15,13,3.43,32,31,3,3,0,0,204.2,211,89,78,18,4,41,129,1.23,.268
Jose J Quintana,CWS,9,11,3.32,32,32,0,0,0,0,200.1,197,87,74,10,2,52,178,1.24,.257
Evan E Reed,DET,0,1,4.18,32,0,0,0,0,0,32.1,39,19,15,2,3,12,26,1.58,.302
Scott S Rice,NYM,1,2,5.93,32,0,0,0,0,2,13.2,15,9,9,1,1,12,13,1.98,.288
Alfredo A Simon,CIN,15,10,3.44,32,32,0,0,0,0,196.1,181,80,75,22,12,56,127,1.21,.245
Eric E Stults,SD,8,17,4.30,32,32,0,0,0,0,176.0,197,93,84,26,4,45,111,1.38,.283
Justin J Verlander,DET,15,12,4.54,32,32,0,0,0,0,206.0,223,114,104,18,5,65,159,1.40,.275
Ryan R Vogelsong,SF,8,13,4.00,32,32,1,0,0,0,184.2,178,86,82,18,9,58,151,1.28,.254
Edinson E Vólquez Volquez,PIT,13,7,3.04,32,31,1,0,0,0,192.2,166,75,65,17,14,71,140,1.23,.235
Adam A Wainwright,STL,20,9,2.38,32,32,5,3,0,0,227.0,184,64,60,10,7,50,179,1.03,.222
Zack Z Wheeler,NYM,11,11,3.54,32,32,1,1,0,0,185.1,167,84,73,14,11,79,187,1.33,.240
Jordan J Zimmermann,WSH,14,5,2.66,32,32,3,2,0,0,199.2,185,67,59,13,6,29,182,1.07,.244
Wei- Yin W Chen,BAL,16,6,3.54,31,31,0,0,0,0,185.2,193,77,73,23,3,35,136,1.23,.266
Louis L Coleman,KC,1,0,5.56,31,0,0,0,1,1,34.0,39,21,21,6,1,18,24,1.68,.291
Bartolo B Colon,NYM,15,13,4.09,31,31,0,0,0,0,202.1,218,97,92,22,5,30,151,1.23,.273
Danny D Duffy,KC,9,12,2.53,31,25,0,0,0,0,149.1,113,52,42,12,5,53,113,1.11,.209
Sam S Dyson,MIA,3,1,2.14,31,0,0,0,0,1,42.0,41,14,10,1,3,15,33,1.33,.255
Kyle K Gibson,MIN,13,12,4.47,31,31,0,0,0,0,179.1,178,91,89,12,2,57,107,1.31,.258
Tim T Hudson,SF,9,13,3.57,31,31,1,0,0,0,189.1,199,86,75,15,7,34,120,1.23,.270
John J Lackey,STL,14,10,3.82,31,31,1,0,0,0,198.0,206,94,84,24,1,47,164,1.28,.265
Kyle K Lohse,MIL,13,9,3.54,31,31,2,2,0,0,198.1,183,87,78,22,8,45,141,1.15,.246
Vidal V Nuño Nuno,ARI,2,12,4.56,31,28,0,0,0,0,161.2,157,89,82,25,6,46,129,1.26,.254
Jake J Odorizzi,TB,11,13,4.13,31,31,0,0,0,0,168.0,156,79,77,20,5,59,174,1.28,.242
Tanner T Roark,WSH,15,10,2.85,31,31,1,1,0,0,198.2,178,64,63,16,6,39,138,1.09,.239
Tyson T Ross,SD,13,14,2.81,31,31,2,1,0,0,195.2,165,75,61,13,9,72,195,1.21,.230
Ervin E Santana,ATL,14,10,3.95,31,31,0,0,0,0,196.0,193,90,86,16,4,63,179,1.31,.266
Yordano Y Ventura,KC,14,10,3.20,31,30,0,0,0,0,183.0,168,70,65,14,5,69,159,1.30,.240
C. J. C Wilson,LAA,13,10,4.51,31,31,1,1,0,0,175.2,169,95,88,17,11,85,151,1.45,.258
Travis T Wood,CHC,8,13,5.03,31,31,0,0,0,0,173.2,190,110,97,20,7,76,146,1.53,.277
Henderson H Alvarez,MIA,12,7,2.65,30,30,3,3,0,0,187.0,198,65,55,14,8,33,111,1.24,.275
Jeff J Beliveau,TB,0,0,2.63,30,0,0,0,1,1,24.0,19,7,7,1,2,7,28,1.08,.213
Francisley F Bueno,KC,0,0,4.18,30,0,0,0,0,1,32.1,36,16,15,3,1,7,20,1.33,.277
Jarred J Cosart,MIA,13,11,3.69,30,30,0,0,0,0,180.1,173,80,74,9,3,73,115,1.36,.255
Steve S Delabar,TOR,3,0,4.91,30,0,0,0,0,0,25.2,19,14,14,3,3,19,21,1.48,.211
Dana D Eveland,NYM,1,1,2.63,30,0,0,0,1,2,27.1,24,8,8,2,4,6,27,1.10,.229
Neftali N Feliz,TEX,2,1,1.99,30,0,0,0,13,14,31.2,20,7,7,5,0,11,21,0.98,.183
Cole C Hamels,PHI,9,9,2.46,30,30,0,0,0,0,204.2,176,60,56,14,8,59,198,1.15,.235
Jason J Hammel,OAK,10,11,3.47,30,29,0,0,0,0,176.1,154,70,68,23,8,44,158,1.12,.235
J. A. J Happ,TOR,11,11,4.22,30,26,0,0,0,0,158.0,160,79,74,22,2,51,133,1.34,.261
Tommy T Layne,BOS,2,1,0.95,30,0,0,0,0,1,19.0,14,4,2,0,1,8,14,1.16,.212
Paul P Maholm,LAD,1,5,4.84,30,8,0,0,0,0,70.2,82,44,38,8,3,28,34,1.56,.297
Roman R Mendez,TEX,0,1,2.18,30,0,0,0,0,0,33.0,20,8,8,2,2,17,22,1.12,.174
Jonathon J Niese,NYM,9,11,3.40,30,30,0,0,0,0,187.2,193,80,71,17,7,45,138,1.27,.268
Cory C Rasmus,LAA,3,2,2.57,30,6,0,0,0,0,56.0,42,17,16,5,0,17,57,1.05,.204
Hector H Santiago,LAA,6,9,3.75,30,24,0,0,0,0,127.1,120,63,53,15,3,53,108,1.36,.248
Jason J Vargas,KC,11,10,3.71,30,30,1,1,0,0,187.0,197,82,77,19,6,41,128,1.27,.267
Chris C Young,SEA,12,9,3.65,30,29,0,0,0,0,165.0,143,70,67,26,3,60,108,1.23,.234
Roenis R Elías Elias,SEA,10,12,3.85,29,29,1,1,0,0,163.2,151,77,70,16,11,64,143,1.31,.248
Scott S Feldman,HOU,8,12,3.74,29,29,2,1,0,0,180.1,185,86,75,16,11,50,107,1.30,.266
Brandon B Gomes,TB,2,2,3.71,29,0,0,0,0,0,34.0,28,14,14,5,0,11,24,1.15,.222
Will W Harris,ARI,0,3,4.34,29,0,0,0,0,2,29.0,27,14,14,3,2,9,35,1.24,.252
Dallas D Keuchel,HOU,12,9,2.93,29,29,5,1,0,0,200.0,187,71,65,11,7,48,146,1.18,.252
Colby C Lewis,TEX,10,14,5.18,29,29,2,1,0,0,170.1,211,107,98,25,8,48,133,1.52,.304
Francisco F Liriano,PIT,7,10,3.38,29,29,0,0,0,0,162.1,130,68,61,13,4,81,175,1.30,.218
Nick N Martínez Martinez,TEX,5,12,4.55,29,24,0,0,0,0,140.1,150,79,71,18,3,55,77,1.46,.275
Jason J Motte,STL,1,0,4.68,29,0,0,0,0,0,25.0,29,14,13,7,0,9,17,1.52,.293
Brooks B Brown,COL,0,1,2.77,28,0,0,0,0,0,26.0,20,9,8,3,1,5,21,0.96,.208
Clay C Buchholz,BOS,8,11,5.34,28,28,2,2,0,0,170.1,182,108,101,17,10,54,132,1.39,.273
Maikel M Cleto,CWS,0,1,4.60,28,0,0,0,0,0,29.1,24,18,15,3,3,23,32,1.60,.214
Hisashi H Iwakuma,SEA,15,9,3.52,28,28,0,0,0,0,179.0,167,70,70,20,2,21,154,1.05,.244
Edwin E Jackson,CHC,6,15,6.33,28,27,0,0,0,0,140.2,168,105,99,18,3,63,123,1.64,.302
Justin J Masterson,STL,7,9,5.88,28,25,0,0,0,0,128.2,141,90,84,12,15,69,116,1.63,.283
Bud B Norris,BAL,15,8,3.65,28,28,0,0,0,0,165.1,149,68,67,20,14,52,139,1.22,.242
Brad B Peacock,HOU,4,9,4.72,28,24,0,0,0,0,131.2,136,80,69,20,4,70,119,1.56,.267
Drew D Smyly,TB,9,10,3.24,28,25,1,1,0,0,153.0,136,57,55,18,1,42,133,1.16,.238
Jacob J Turner,CHC,6,11,6.13,28,18,0,0,0,0,113.0,148,81,77,12,1,33,71,1.60,.324
Buddy B Carlyle,NYM,1,1,1.45,27,0,0,0,0,0,31.0,23,6,5,2,0,5,28,0.90,.204
Alex A Cobb,TB,10,9,2.87,27,27,0,0,0,0,166.1,142,56,53,11,10,47,149,1.14,.231
Matt M Garza,MIL,8,8,3.64,27,27,1,1,0,0,163.1,143,77,66,12,4,50,126,1.18,.233
Gio G Gonzalez,WSH,10,10,3.57,27,27,0,0,0,0,158.2,134,66,63,10,3,56,162,1.20,.230
Miguel M González Gonzalez,BAL,10,9,3.23,27,26,1,1,0,0,159.0,155,61,57,25,8,51,111,1.30,.255
Matt M Guerrier,MIN,0,1,3.86,27,0,0,0,0,1,28.0,30,12,12,1,1,10,12,1.43,.273
Clayton C Kershaw,LAD,21,3,1.77,27,27,6,2,0,0,198.1,139,42,39,9,2,31,239,0.86,.196
Ricky R Nolasco,MIN,6,12,5.38,27,27,1,0,0,0,159.0,203,96,95,22,5,38,115,1.52,.316
Alexi A Ogando,TEX,2,3,6.84,27,0,0,0,1,2,25.0,33,19,19,1,1,15,22,1.92,.314
Robbie R Ross,TEX,3,6,6.20,27,12,0,0,0,0,78.1,103,65,54,9,7,30,51,1.70,.319
Matt M Shoemaker,LAA,16,4,3.04,27,20,0,0,0,0,136.0,122,49,46,14,4,24,124,1.07,.241
Tyler T Thornburg,MIL,3,1,4.25,27,0,0,0,0,0,29.2,24,14,14,1,0,21,28,1.52,.222
Trevor T Bauer,CLE,5,8,4.18,26,26,0,0,0,0,153.0,151,76,71,16,11,60,143,1.38,.259
Scott S Carroll,CWS,5,10,4.80,26,19,0,0,0,0,129.1,147,81,69,13,12,45,64,1.48,.289
Charlie C Morton,PIT,6,12,3.72,26,26,0,0,0,0,157.1,143,76,65,9,19,57,126,1.27,.247
Aaron A Poreda,TEX,2,1,5.91,26,0,0,0,0,1,21.1,30,14,14,2,1,7,21,1.73,.337
Garrett G Richards,LAA,13,4,2.61,26,26,1,1,0,0,168.2,124,51,49,5,7,51,164,1.04,.201
Hyun Jin H Ryu,LAD,14,7,3.38,26,26,0,0,0,0,152.0,152,60,57,8,3,29,139,1.19,.257
Chris C Sale,CWS,12,4,2.17,26,26,2,0,0,0,174.0,129,48,42,13,11,39,208,0.97,.205
Sergio S Santos,TOR,0,3,8.57,26,0,0,0,5,8,21.0,28,22,20,5,0,18,29,2.19,.326
Shae S Simmons,ATL,1,2,2.91,26,0,0,0,1,1,21.2,15,8,7,1,0,11,23,1.20,.197
Marcus M Stroman,TOR,11,6,3.65,26,20,1,1,1,1,130.2,125,56,53,7,3,28,111,1.17,.250
Jake J Arrieta,CHC,10,5,2.53,25,25,1,1,0,0,156.2,114,46,44,5,3,41,167,0.99,.203
Scott S Baker,TEX,3,4,5.47,25,8,0,0,0,0,80.2,82,49,49,15,2,14,55,1.19,.262
Eury E De La Rosa,ARI,2,0,2.95,25,0,0,0,0,1,36.2,37,12,12,2,3,14,32,1.39,.262
Doug D Fister,WSH,16,6,2.41,25,25,1,1,0,0,164.0,153,52,44,18,7,24,98,1.08,.246
Gonzalez G Germen,NYM,0,0,4.75,25,0,0,0,0,1,30.1,30,16,16,7,1,14,31,1.45,.256
Ubaldo U Jiménez Jimenez,BAL,6,9,4.81,25,22,0,0,0,0,125.1,113,68,67,14,4,77,116,1.52,.241
Michael M Kohn,LAA,2,1,3.04,25,0,0,0,0,0,23.2,11,9,8,1,2,20,26,1.31,.141
Josh J Lueke,TB,1,2,5.64,25,0,0,0,0,0,30.1,38,20,19,7,1,5,19,1.42,.299
Collin C Mc Hugh,HOU,11,9,2.73,25,25,0,0,0,0,154.2,117,53,47,13,6,41,157,1.02,.208
Mike M Minor,ATL,6,12,4.77,25,25,0,0,0,0,145.1,165,77,77,21,6,44,120,1.44,.285
Vinnie V Pestano,LAA,0,1,2.89,25,0,0,0,0,0,18.2,18,8,6,3,0,5,26,1.23,.250
Ryan R Pressly,MIN,2,0,2.86,25,0,0,0,0,1,28.1,30,10,9,3,1,8,14,1.34,.278
Josh J Tomlin,CLE,6,9,4.76,25,16,1,1,0,0,104.0,120,66,55,18,1,14,94,1.29,.281
Michael M Tonkin,MIN,0,0,4.74,25,0,0,0,0,0,19.0,23,13,10,2,2,6,16,1.53,.307
George G Kontos,SF,4,0,2.78,24,0,0,0,0,0,32.1,24,10,10,1,0,11,27,1.08,.211
Brett B Oberholtzer,HOU,5,13,4.39,24,24,0,0,0,0,143.2,170,73,70,12,3,28,94,1.38,.295
Aaron A Sanchez,TOR,2,2,1.09,24,0,0,0,3,3,33.0,14,5,4,1,1,9,27,0.70,.128
Chase C Whitley,NYY,4,3,5.23,24,12,0,0,0,0,75.2,94,44,44,10,4,18,60,1.48,.308
Homer H Bailey,CIN,9,5,3.71,23,23,1,1,0,0,145.2,134,60,60,16,7,45,124,1.23,.247
Tom T Gorzelanny,MIL,0,0,0.86,23,0,0,0,0,0,21.0,22,3,2,1,2,8,23,1.43,.259
Evan E Meek,BAL,0,4,5.79,23,0,0,0,0,1,23.1,26,16,15,3,2,11,16,1.59,.289
Nick N Tepesch,TEX,5,11,4.36,23,22,0,0,0,0,126.0,128,66,61,15,7,44,56,1.37,.267
Josh J Zeid,HOU,0,0,6.97,23,0,0,0,0,0,20.2,30,18,16,6,1,7,18,1.79,.345
Mike M Adams,PHI,2,1,2.89,22,0,0,0,0,2,18.2,16,8,6,1,0,8,21,1.29,.232
Gerrit G Cole,PIT,11,5,3.65,22,22,0,0,0,0,138.0,127,58,56,11,9,40,138,1.21,.248
Tim T Collins,KC,0,3,3.86,22,0,0,0,0,1,21.0,18,9,9,2,2,11,15,1.38,.247
Yu Y Darvish,TEX,10,7,3.06,22,22,2,1,0,0,144.1,133,54,49,13,2,49,182,1.26,.241
Dillon D Gee,NYM,7,8,4.00,22,22,0,0,0,0,137.1,128,61,61,18,5,43,94,1.25,.250
Jordan J Lyles,COL,7,4,4.33,22,22,0,0,0,0,126.2,127,64,61,12,8,46,90,1.37,.262
Zach Z Mc Allister,CLE,4,7,5.23,22,15,0,0,0,0,86.0,96,54,50,7,0,28,74,1.44,.280
Tommy T Milone,MIN,6,4,4.19,22,21,0,0,0,0,118.0,128,63,55,16,5,37,75,1.40,.270
Anibal A Sánchez Sanchez,DET,8,5,3.43,22,21,0,0,0,0,126.0,108,55,48,4,3,30,102,1.10,.228
Jacob Jde Gromde Grom,NYM,9,6,2.69,22,22,0,0,0,0,140.1,117,44,42,7,1,43,144,1.14,.228
Chase C Anderson,ARI,9,7,4.01,21,21,0,0,0,0,114.1,117,56,51,16,2,40,105,1.37,.268
Anthony A Bass,HOU,1,1,6.33,21,0,0,0,2,4,27.0,32,20,19,6,2,7,7,1.44,.294
Chad C Bettis,COL,0,2,9.12,21,0,0,0,0,1,24.2,42,26,25,4,1,10,13,2.11,.378
Kevin K Chapman,HOU,2,0,4.64,21,0,0,0,0,1,21.1,22,11,11,3,0,11,19,1.55,.268
Felix F Doubront,CHC,4,5,5.54,21,14,0,0,0,0,79.2,91,54,49,12,2,33,51,1.56,.281
Chad C Jenkins,TOR,1,1,2.56,21,0,0,0,0,0,31.2,34,10,9,2,1,6,18,1.26,.264
Jeff J Locke,PIT,7,6,3.91,21,21,0,0,0,0,131.1,127,63,57,16,4,40,89,1.27,.257
Eric E O' Flaherty,OAK,1,0,2.25,21,0,0,0,1,2,20.0,15,5,5,3,2,4,15,0.95,.205
Jose J Valverde,NYM,1,1,5.66,21,0,0,0,2,4,20.2,24,16,13,4,0,10,23,1.65,.282
Pedro P Báez Baez,LAD,0,0,2.63,20,0,0,0,0,0,24.0,16,7,7,3,0,5,18,0.88,.188
Josh J Beckett,LAD,6,6,2.88,20,20,1,1,0,0,115.2,96,41,37,17,5,39,107,1.17,.226
David D Buchanan,PHI,6,8,3.75,20,20,0,0,0,0,117.2,120,55,49,12,8,32,71,1.29,.264
Kevin K Gausman,BAL,7,7,3.57,20,20,1,0,0,0,113.1,111,48,45,7,1,38,88,1.31,.260
Yoslan Y Herrera,LAA,1,1,2.70,20,0,0,0,0,0,16.2,22,5,5,0,0,9,13,1.86,.324
Jeff J Manship,PHI,1,2,6.65,20,0,0,0,0,0,23.0,24,17,17,1,0,14,16,1.65,.273
Tyler T Matzek,COL,6,11,4.05,20,19,1,1,0,0,117.2,120,53,53,9,3,44,91,1.39,.267
Stolmy S Pimentel,PIT,2,1,5.23,20,0,0,0,0,0,32.2,34,19,19,5,2,16,38,1.53,.264
Drew D Pomeranz,OAK,5,4,2.35,20,10,0,0,0,0,69.0,51,22,18,7,1,26,64,1.12,.204
Danny D Salazar,CLE,6,8,4.25,20,20,1,1,0,0,110.0,117,57,52,13,3,35,120,1.38,.272
Masahiro M Tanaka,NYY,13,5,2.77,20,20,3,1,0,0,136.1,123,47,42,15,4,21,141,1.06,.240
Chris C Withrow,LAD,0,0,2.95,20,0,0,0,0,1,21.1,10,8,7,1,1,18,28,1.31,.143
Andrew A Cashner,SD,5,7,2.55,19,19,2,2,0,0,123.1,110,42,35,7,1,29,93,1.13,.235
Rubby R De La Rosa,BOS,4,8,4.43,19,18,0,0,0,0,101.2,116,51,50,12,2,35,74,1.49,.293
Nick N Greenwood,STL,2,1,4.75,19,1,0,0,0,0,36.0,36,19,19,5,1,5,17,1.14,.259
T J House,CLE,5,3,3.35,19,18,0,0,0,0,102.0,113,41,38,10,7,22,80,1.32,.284
Paco P Rodríguez Rodriguez,LAD,1,0,3.86,19,0,0,0,0,1,14.0,12,6,6,1,0,4,14,1.14,.250
Michael M Wacha,STL,5,6,3.20,19,19,0,0,0,0,107.0,95,41,38,6,5,33,94,1.20,.234
Brandon B Workman,BOS,1,10,5.17,19,15,0,0,0,0,87.0,88,57,50,11,1,36,70,1.43,.263
Preston P Claiborne,NYY,3,0,3.00,18,0,0,0,0,1,21.0,24,9,7,1,0,10,16,1.62,.286
Blake B Parker,CHC,1,1,5.14,18,0,0,0,0,0,21.0,24,13,12,3,0,4,24,1.33,.279
J. J Putz,ARI,1,1,6.59,18,0,0,0,0,0,13.2,17,10,10,1,1,6,14,1.68,.315
Andre A Rienzo,CWS,4,5,6.82,18,11,0,0,0,0,64.2,82,54,49,12,5,33,51,1.78,.304
Zac Z Rosscup,CHC,1,0,9.45,18,0,0,0,0,0,13.1,14,14,14,2,0,12,21,1.95,.259
Tyler T Skaggs,LAA,5,5,4.30,18,18,0,0,0,0,113.0,107,59,54,9,4,30,86,1.21,.253
Alex A Wilson,BOS,1,0,1.91,18,0,0,0,0,1,28.1,20,8,6,3,2,5,19,0.88,.198
Vance V Worley,PIT,8,4,2.85,18,17,1,1,0,0,110.2,112,43,35,9,3,22,79,1.21,.265
Erik E Bedard,TB,4,6,4.76,17,15,0,0,0,0,75.2,84,46,40,10,2,29,64,1.49,.275
Cam C Bedrosian,LAA,0,1,6.52,17,0,0,0,0,1,19.1,23,17,14,2,0,12,20,1.81,.288
Jake J Buchanan,HOU,1,3,4.58,17,2,0,0,0,0,35.1,41,19,18,4,1,12,20,1.50,.297
Carter C Capps,MIA,0,0,3.98,17,0,0,0,0,0,20.1,19,9,9,1,2,5,25,1.18,.244
Carlos C Contreras,CIN,0,1,6.52,17,0,0,0,0,1,19.1,19,16,14,2,0,17,19,1.86,.250
Joe J Kelly,BOS,6,4,4.20,17,17,0,0,0,0,96.1,88,48,45,8,7,42,66,1.35,.244
Phil P Klein,TEX,1,2,2.84,17,0,0,0,0,0,19.0,11,6,6,3,2,10,23,1.11,.164
Michael M Mariot,KC,1,0,6.48,17,0,0,0,0,0,25.0,31,21,18,2,0,12,21,1.72,.298
Troy T Patton,SD,0,1,5.14,17,0,0,0,0,0,14.0,16,8,8,2,0,5,13,1.50,.276
Erasmo E Ramírez Ramirez,SEA,1,6,5.26,17,14,0,0,0,0,75.1,82,44,44,13,6,34,60,1.54,.277
Kevin K Slowey,MIA,1,1,5.30,17,2,0,0,0,0,37.1,53,23,22,3,2,9,24,1.66,.353
Brandon B Cumpton,PIT,3,4,4.89,16,10,0,0,0,0,70.0,82,41,38,2,6,18,46,1.43,.295
Odrisamer O Despaigne,SD,4,7,3.36,16,16,0,0,0,0,96.1,85,44,36,6,5,32,65,1.21,.237
Yohan Y Flande,COL,0,6,5.19,16,10,0,0,0,0,59.0,55,34,34,5,2,16,34,1.20,.257
Mike M Foltynewicz,HOU,0,1,5.30,16,0,0,0,0,0,18.2,23,11,11,3,0,7,14,1.61,.299
Christian C Friedrich,COL,0,4,5.92,16,3,0,0,0,0,24.1,25,21,16,3,2,10,27,1.44,.263
Rich R Hill,NYY,0,0,3.38,16,0,0,0,0,0,5.1,7,2,2,0,1,6,9,2.44,.318
Juan J Jaime,ATL,0,0,5.84,16,0,0,0,0,0,12.1,14,8,8,1,1,9,18,1.86,.280
Cesar C Jimenez,PHI,0,0,1.69,16,0,0,0,0,0,16.0,14,3,3,1,0,7,8,1.31,.246
Mat M Latos,CIN,5,5,3.25,16,16,0,0,0,0,102.1,92,42,37,9,2,26,74,1.15,.240
Chris C Martin,COL,0,0,6.89,16,0,0,0,0,0,15.2,22,12,12,2,0,4,14,1.66,.338
Donn D Roach,SD,1,0,4.75,16,1,0,0,0,0,30.1,36,17,16,2,4,15,17,1.68,.308
Ian I Thomas,ATL,1,2,4.22,16,0,0,0,0,0,10.2,10,5,5,0,0,6,13,1.50,.250
Matt M Cain,SF,2,7,4.18,15,15,0,0,0,0,90.1,81,47,42,13,2,32,70,1.25,.242
Alex A Claudio,TEX,0,0,2.92,15,0,0,0,0,0,12.1,14,4,4,0,0,4,14,1.46,.280
Carlos C Frías Frias,LAD,1,1,6.12,15,2,0,0,0,0,32.1,33,22,22,4,0,7,29,1.24,.254
Kyuji K Fujikawa,CHC,0,0,4.85,15,0,0,0,0,0,13.0,18,8,7,2,2,6,17,1.85,.327
Frank F Garces,SD,0,0,2.00,15,0,0,0,0,1,9.0,8,2,2,1,1,1,10,1.00,.229
Shane S Greene,NYY,5,4,3.78,15,14,0,0,0,0,78.2,81,38,33,8,6,29,81,1.40,.262
Carlos C Marmol,MIA,0,3,8.10,15,0,0,0,0,1,13.1,16,12,12,3,1,10,14,1.95,.291
Sean S Marshall,CIN,0,0,7.71,15,0,0,0,0,0,14.0,23,14,12,1,2,12,14,2.50,.354
Gus G Schlosser,ATL,0,1,7.64,15,0,0,0,0,1,17.2,23,16,15,2,1,6,8,1.64,.329
Chasen C Shreve,ATL,0,0,0.73,15,0,0,0,0,0,12.1,10,1,1,0,0,3,15,1.05,.217
Blake B Treinen,WSH,2,3,2.49,15,7,0,0,0,0,50.2,57,17,14,1,2,13,30,1.38,.286
Bronson B Arroyo,ARI,7,4,4.08,14,14,1,0,0,0,86.0,92,40,39,10,3,19,47,1.29,.279
Mike M Fiers,MIL,6,5,2.13,14,10,0,0,0,0,71.2,46,19,17,7,0,17,76,0.88,.181
Jesse J Hahn,SD,7,4,3.07,14,12,0,0,0,0,73.1,57,26,25,4,4,32,70,1.21,.214
Jim J Henderson,MIL,2,1,7.15,14,0,0,0,0,0,11.1,14,10,9,3,0,4,17,1.59,.311
Patrick P Mc Coy,DET,0,0,3.86,14,0,0,0,0,0,14.0,21,6,6,0,0,13,11,2.43,.344
Jimmy J Nelson,MIL,2,9,4.93,14,12,0,0,0,0,69.1,82,42,38,6,8,19,57,1.46,.292
Joe J Saunders,BAL,0,5,6.70,14,8,0,0,0,0,43.0,65,37,32,9,2,24,23,2.07,.349
Dan D Straily,CHC,1,3,6.75,14,8,0,0,0,0,52.0,53,41,39,10,2,24,47,1.48,.260
Wei- Chung W Wang,MIL,0,0,10.90,14,0,0,0,0,0,17.1,30,23,21,6,1,8,13,2.19,.361
Heath H Bell,TB,1,1,7.27,13,0,0,0,0,0,17.1,24,16,14,1,4,8,12,1.85,.324
Bruce B Chen,KC,2,4,7.45,13,7,0,0,0,0,48.1,69,40,40,7,1,16,36,1.76,.343
Tony T Cingrani,CIN,2,8,4.55,13,11,0,0,0,0,63.1,62,33,32,12,1,35,61,1.53,.258
Paul P Clemens,HOU,0,1,5.84,13,0,0,0,0,0,24.2,28,20,16,5,1,13,16,1.66,.275
Matt M Daley,NYY,0,1,5.02,13,0,0,0,0,0,14.1,12,11,8,4,1,6,10,1.26,.222
Anthony A De Sclafani,MIA,2,2,6.27,13,5,0,0,0,0,33.0,40,23,23,4,2,5,26,1.36,.303
Robbie R Erlin,SD,4,5,4.99,13,11,0,0,0,0,61.1,71,34,34,6,1,15,46,1.40,.293
Luis L García Garcia,PHI,1,0,6.43,13,0,0,0,0,0,14.0,14,12,10,2,0,13,12,1.93,.255
Jeremy J Hellickson,TB,1,5,4.52,13,13,0,0,0,0,63.2,71,35,32,8,2,21,54,1.45,.276
Kyle K Hendricks,CHC,7,2,2.46,13,13,0,0,0,0,80.1,72,24,22,4,4,15,47,1.08,.242
Cliff C Lee,PHI,4,5,3.65,13,13,1,0,0,0,81.1,100,40,33,7,1,12,72,1.38,.304
Brandon B Morrow,TOR,1,3,5.67,13,6,0,0,0,0,33.1,37,21,21,2,0,18,30,1.65,.287
James J Paxton,SEA,6,4,3.04,13,13,0,0,0,0,74.0,60,29,25,3,1,29,59,1.20,.223
Michael M Pineda,NYY,5,5,1.89,13,13,0,0,0,0,76.1,56,18,16,5,0,7,59,0.83,.200
B. J. B Rosenberg,PHI,1,0,6.75,13,0,0,0,0,0,12.0,20,10,9,5,0,7,9,2.25,.385
Evan E Scribner,OAK,1,0,4.63,13,0,0,0,0,0,11.2,11,6,6,4,1,0,11,0.94,.239
Tsuyoshi T Wada,CHC,4,4,3.25,13,13,0,0,0,0,69.1,67,28,25,7,3,19,57,1.24,.254
Jeff J Francis,NYY,1,2,5.85,12,1,0,0,1,1,20.0,18,13,13,3,1,3,15,1.05,.237
Kevin K Gregg,MIA,0,0,10.00,12,0,0,0,0,2,9.0,11,10,10,2,0,5,6,1.78,.306
Michael M Kirkman,TEX,0,1,1.59,12,0,0,0,0,0,5.2,5,1,1,0,2,1,3,1.06,.263
Lucas L Luetge,SEA,0,0,5.00,12,0,0,0,0,0,9.0,6,5,5,3,0,5,7,1.22,.182
Rob R Scahill,COL,1,0,4.80,12,0,0,0,0,1,15.0,17,8,8,3,1,9,11,1.73,.283
Pedro P Villarreal,CIN,0,2,4.30,12,0,0,0,0,0,14.2,11,7,7,1,1,7,12,1.23,.208
Jhoulys J Chacín Chacin,COL,1,7,5.40,11,11,0,0,0,0,63.1,63,38,38,8,1,28,42,1.44,.265
Steve S Geltz,TB,0,1,3.24,11,0,0,0,0,1,8.1,6,3,3,3,2,5,14,1.32,.200
Wade W Le Blanc,LAA,1,1,3.94,11,3,0,0,0,0,29.2,27,13,13,2,2,7,21,1.15,.245
Tyler T Lyons,STL,0,4,4.42,11,4,0,0,0,0,36.2,33,23,18,4,2,11,36,1.20,.236
Nick N Maronde,LAA,0,0,12.79,11,0,0,0,0,0,6.1,12,9,9,0,1,7,7,3.00,.429
Yohan Y Pino,MIN,2,5,5.07,11,11,0,0,0,0,60.1,66,37,34,8,1,14,50,1.33,.278
Allen A Webster,BOS,5,3,5.03,11,11,0,0,0,0,59.0,58,35,33,3,7,28,36,1.46,.264
Alfredo A Aceves,NYY,1,2,6.52,10,0,0,0,0,0,19.1,23,14,14,6,1,4,16,1.40,.288
R. J. R Alvarez,SD,0,0,1.13,10,0,0,0,0,0,8.0,3,1,1,0,1,5,9,1.00,.115
Christian C Bergman,COL,3,5,5.93,10,10,0,0,0,0,54.2,75,37,36,9,1,10,31,1.55,.318
Mike M Bolsinger,ARI,1,6,5.50,10,9,0,0,0,0,52.1,66,36,32,7,0,17,48,1.59,.308
Nick N Christiani,CIN,0,1,5.54,10,0,0,0,0,0,13.0,12,8,8,2,0,6,8,1.38,.240
Casey C Coleman,KC,1,0,5.25,10,0,0,0,0,0,12.0,16,8,7,0,0,6,5,1.83,.327
Pedro P Figueroa,TEX,2,1,4.00,10,0,0,0,0,0,9.0,10,7,4,1,2,3,3,1.44,.278
Marco M Gonzales,STL,4,2,4.15,10,5,0,0,0,0,34.2,32,16,16,4,1,21,31,1.53,.241
Preston P Guilmet,BAL,0,1,5.23,10,0,0,0,0,0,10.1,8,6,6,2,0,2,12,0.97,.200
Trevor T May,MIN,3,6,7.88,10,9,0,0,0,0,45.2,59,41,40,7,2,22,44,1.77,.314
Miles M Mikolas,TEX,2,5,6.44,10,10,0,0,0,0,57.1,64,43,41,8,4,18,38,1.43,.278
Rafael R Montero,NYM,1,3,4.06,10,8,0,0,0,0,44.1,44,21,20,8,0,23,42,1.51,.257
Rob R Rasmussen,TOR,0,0,3.18,10,0,0,0,0,0,11.1,8,4,4,1,2,7,13,1.32,.195
Chad C Smith,DET,0,0,5.40,10,0,0,0,0,0,11.2,15,7,7,1,0,3,9,1.54,.319
Neil N Wagner,TOR,0,0,8.10,10,0,0,0,0,0,10.0,12,9,9,1,1,4,6,1.60,.279
Xavier X Cedeño Cedeno,WSH,0,0,3.86,9,0,0,0,0,0,7.0,10,4,3,1,0,0,5,1.43,.333
Jon J Edwards,TEX,0,0,4.32,9,0,0,0,0,0,8.1,13,5,4,0,1,5,9,2.16,.351
Gavin G Floyd,ATL,2,2,2.65,9,9,0,0,0,0,54.1,55,23,16,6,3,13,45,1.25,.266
Liam L Hendriks,KC,1,2,5.23,9,6,0,0,0,0,32.2,38,21,19,3,3,7,23,1.38,.290
John J Holdzkom,PIT,1,0,2.00,9,0,0,0,1,2,9.0,4,2,2,1,0,2,14,0.67,.133
Spencer S Patton,TEX,1,0,0.96,9,0,0,0,0,0,9.1,6,1,1,0,0,2,8,0.86,.182
Robbie R Ray,DET,1,4,8.16,9,6,0,0,0,0,28.2,43,26,26,5,0,11,19,1.88,.350
Carson C Smith,SEA,1,0,0.00,9,0,0,0,0,0,8.1,2,0,0,0,0,3,10,0.60,.077
Hunter H Strickland,SF,1,0,0.00,9,0,0,0,1,1,7.0,5,0,0,0,0,0,9,0.71,.200
Matt M Albers,HOU,0,0,0.90,8,0,0,0,0,1,10.0,10,1,1,0,1,3,8,1.30,.263
Brett B Anderson,COL,1,3,2.91,8,8,0,0,0,0,43.1,44,18,14,1,0,13,29,1.32,.267
Jorge J De Leon,HOU,0,0,4.91,8,0,0,0,0,0,7.1,9,4,4,2,0,3,4,1.64,.310
Ryan R Dennick,CIN,0,0,11.57,8,0,0,0,0,0,4.2,7,7,6,2,0,4,3,2.36,.350
Jose J Fernández Fernandez,MIA,4,2,2.44,8,8,0,0,0,0,51.2,36,19,14,4,0,13,70,0.95,.188
Eric E Fornataro,STL,0,0,4.66,8,0,0,0,0,0,9.2,11,6,5,0,1,1,3,1.24,.282
Yimi Y García Garcia,LAD,0,0,1.80,8,0,0,0,0,0,10.0,6,2,2,2,0,1,9,0.70,.171
Corey C Knebel,DET,0,0,6.23,8,0,0,0,0,0,8.2,11,7,6,0,0,3,11,1.62,.306
Justin J Miller,DET,1,0,5.11,8,0,0,0,0,0,12.1,14,9,7,2,0,2,5,1.30,.292
Brad B Penny,MIA,2,1,6.58,8,4,0,0,0,0,26.0,34,20,19,3,1,13,13,1.81,.327
Martin M Pérez Perez,TEX,4,3,4.38,8,8,2,2,0,0,51.1,50,25,25,3,1,19,35,1.34,.269
Jose J Ramírez Ramirez,NYY,0,2,5.40,8,0,0,0,0,0,10.0,11,6,6,2,2,7,10,1.80,.275
Ben B Rowen,TEX,0,0,4.15,8,0,0,0,0,0,8.2,10,4,4,0,0,4,7,1.62,.313
C Sabathia,NYY,3,4,5.28,8,8,0,0,0,0,46.0,58,31,27,10,4,10,48,1.48,.301
Tanner T Scheppers,TEX,0,1,9.00,8,4,0,0,0,0,23.0,31,24,23,6,3,10,17,1.78,.320
Josh J Stinson,BAL,0,0,6.23,8,0,0,0,0,0,13.0,16,9,9,2,2,6,6,1.69,.302
Raul R Valdes,HOU,0,0,12.27,8,0,0,0,1,2,3.2,5,5,5,2,0,3,4,2.18,.313
Taijuan T Walker,SEA,2,3,2.61,8,5,1,0,0,0,38.0,31,12,11,2,3,18,34,1.29,.223
A. J. A Achter,MIN,1,0,3.27,7,0,0,0,0,0,11.0,14,7,4,2,0,3,5,1.55,.304
Nate N Adcock,TEX,0,0,4.50,7,0,0,0,0,0,10.0,11,5,5,2,2,5,9,1.60,.289
Drake D Britton,BOS,0,0,0.00,7,0,0,0,0,0,6.2,5,0,0,0,0,2,4,1.05,.200
Erik E Cordier,SF,0,0,1.50,7,0,0,0,0,0,6.0,5,4,1,0,3,2,9,1.17,.217
Logan L Darnell,MIN,0,2,7.13,7,4,0,0,0,0,24.0,31,20,19,5,1,8,22,1.63,.307
Scott S Elbert,LAD,1,0,2.08,7,0,0,0,0,0,4.1,4,1,1,0,0,1,2,1.15,.235
Brandon B Finnegan,KC,0,1,1.29,7,0,0,0,0,0,7.0,6,1,1,0,0,1,10,1.00,.222
Jaime J García Garcia,STL,3,1,4.12,7,7,0,0,0,0,43.2,39,20,20,6,3,7,39,1.05,.234
Andrew A Heaney,MIA,0,3,5.83,7,5,0,0,0,0,29.1,32,19,19,6,3,7,20,1.33,.281
David D Holmberg,CIN,2,2,4.80,7,5,0,0,0,0,30.0,27,16,16,8,6,16,18,1.43,.243
Kyle K Lobstein,DET,1,2,4.35,7,6,0,0,0,0,39.1,35,20,19,3,0,14,27,1.25,.236
Mark M Lowe,CLE,0,1,3.86,7,0,0,0,0,0,7.0,10,7,3,2,0,6,6,2.29,.313
Ryan R Mattheus,WSH,0,0,1.04,7,0,0,0,0,0,8.2,7,1,1,0,1,4,4,1.27,.233
Lester L Oliveros,MIN,0,1,7.11,7,0,0,0,0,0,6.1,6,5,5,2,0,3,5,1.42,.261
Anthony A Ranaudo,BOS,4,3,4.81,7,7,0,0,0,0,39.1,39,21,21,10,0,16,15,1.40,.260
C. J. C Riefenhauser,TB,0,0,8.44,7,0,0,0,0,0,5.1,6,5,5,0,0,3,2,1.69,.286
Fernando F Rodriguez Jr.,OAK,1,0,1.00,7,0,0,0,0,0,9.0,4,1,1,0,0,2,4,0.67,.129
Michael M Roth,LAA,1,0,8.76,7,0,0,0,0,0,12.1,16,12,12,2,3,9,9,2.03,.340
Aaron A Thompson,MIN,0,0,2.45,7,0,0,0,0,0,7.1,8,2,2,0,0,2,6,1.36,.286
Donnie D Veal,CWS,0,0,7.50,7,0,0,0,0,0,6.0,6,5,5,0,1,7,6,2.17,.261
Blake B Wood,CLE,0,1,7.11,7,0,0,0,0,0,6.1,4,5,5,0,1,7,7,1.74,.182
Austin A Adams,CLE,0,0,9.00,6,0,0,0,0,0,7.0,9,7,7,1,0,1,4,1.43,.310
Chris C Bassitt,CWS,1,1,3.94,6,5,0,0,0,0,29.2,34,13,13,0,3,13,21,1.58,.286
Arquimedes A Caminero,MIA,0,1,10.80,6,0,0,0,0,0,6.2,8,8,8,2,0,4,8,1.80,.296
Leonel L Campos,SD,0,0,5.14,6,0,0,0,0,0,7.0,9,5,4,0,0,4,9,1.86,.310
Ryan R Feierabend,TEX,0,0,6.14,6,0,0,0,0,0,7.1,12,5,5,0,0,2,4,1.91,.375
Alfredo A Figaro,MIL,0,1,7.27,6,0,0,0,0,0,8.2,11,7,7,2,0,1,8,1.38,.297
Erik E Goeddel,NYM,0,0,2.70,6,0,0,0,0,0,6.2,3,2,2,0,0,4,6,1.05,.136
Miguel Alfredo M Gonzalez,PHI,0,1,6.75,6,0,0,0,0,0,5.1,9,4,4,1,0,3,5,2.25,.346
Heath H Hembree,BOS,0,0,4.50,6,0,0,0,0,0,10.0,11,5,5,1,0,5,6,1.60,.289
Derek D Holland,TEX,2,0,1.46,6,5,0,0,0,0,37.0,34,8,6,0,0,5,25,1.05,.248
Bobby B La Fromboise,PIT,0,0,2.45,6,0,0,0,0,0,3.2,3,1,1,1,0,0,4,0.82,.214
Curtis C Partch,CIN,1,0,0.00,6,0,0,0,0,0,7.0,2,0,0,0,0,7,6,1.29,.087
Wandy W Rodriguez,PIT,0,2,6.75,6,6,0,0,0,0,26.2,37,25,20,10,0,8,20,1.69,.325
Ryan R Rowland- Smith,ARI,0,0,4.91,6,0,0,0,0,0,7.1,7,5,4,0,0,4,9,1.50,.269
Kyle K Ryan,DET,2,0,2.61,6,1,0,0,0,0,10.1,10,3,3,0,0,2,4,1.16,.256
Casey C Sadler,PIT,0,1,7.84,6,0,0,0,0,0,10.1,12,9,9,0,1,5,7,1.65,.293
Zeke Z Spruill,ARI,1,1,3.57,6,1,0,0,0,0,22.2,27,11,9,0,1,4,14,1.37,.300
Randy R Wolf,MIA,1,3,5.26,6,4,0,0,1,1,25.2,33,17,15,4,0,6,19,1.52,.311
Steven S Wright,BOS,0,1,2.57,6,1,0,0,0,0,21.0,21,8,6,2,0,4,22,1.19,.256
Phillippe P Aumont,PHI,0,1,19.06,5,0,0,0,0,0,5.2,14,12,12,3,0,5,6,3.35,.483
Dylan D Axelrod,CIN,2,1,2.95,5,4,0,0,0,0,18.1,14,6,6,5,0,4,20,0.98,.206
Matt M Barnes,BOS,0,0,4.00,5,0,0,0,0,0,9.0,11,4,4,1,0,2,8,1.44,.306
Lisalverto L Bonilla,TEX,3,0,3.05,5,3,0,0,0,0,20.2,13,8,7,2,1,12,17,1.21,.186
Jose J Cisnero,HOU,0,0,9.64,5,0,0,0,0,1,4.2,8,5,5,0,0,4,5,2.57,.400
Alex A Colomé Colome,TB,2,0,2.66,5,3,0,0,0,0,23.2,19,7,7,1,0,10,13,1.23,.221
Daniel D Corcino,CIN,0,2,4.34,5,3,0,0,0,0,18.2,13,9,9,2,1,10,15,1.23,.188
Danny D Coulombe,LAD,0,0,4.15,5,0,0,0,0,0,4.1,5,3,2,1,0,2,4,1.62,.250
Jairo J Díaz Diaz,LAA,0,0,3.18,5,0,0,0,0,0,5.2,4,2,2,0,0,3,8,1.24,.200
Jose J Domínguez Dominguez,LAD,0,0,11.37,5,0,0,0,0,0,6.1,7,8,8,2,1,3,8,1.58,.269
Kendall K Graveman,TOR,0,0,3.86,5,0,0,0,0,0,4.2,4,2,2,0,0,0,4,0.86,.222
Erik E Johnson,CWS,1,1,6.46,5,5,0,0,0,0,23.2,27,18,17,1,2,15,18,1.77,.297
Taylor T Jordan,WSH,0,3,5.61,5,5,0,0,0,0,25.2,34,20,16,3,2,8,17,1.64,.309
John J Lannan,NYM,1,0,15.75,5,0,0,0,0,0,4.0,7,7,7,3,0,2,2,2.25,.368
Vin V Mazzaro,PIT,0,0,3.48,5,0,0,0,0,0,10.1,8,4,4,2,1,5,7,1.26,.205
Brad B Mills,TOR,1,1,9.15,5,3,0,0,0,0,20.2,29,22,21,5,2,11,19,1.94,.333
Daniel D Norris,TOR,0,0,5.40,5,1,0,0,0,0,6.2,5,4,4,1,0,5,4,1.50,.208
Mike M Pelfrey,MIN,0,3,7.99,5,5,0,0,0,0,23.2,29,23,21,5,2,18,10,1.99,.305
Taylor T Thompson,CWS,0,0,10.13,5,0,0,0,0,0,5.1,9,6,6,1,1,4,4,2.44,.391
Arodys A Vizcaíno Vizcaino,CHC,0,0,5.40,5,0,0,0,0,0,5.0,5,3,3,1,0,3,4,1.60,.263
Dario D Alvarez,NYM,0,0,13.50,4,0,0,0,0,1,1.1,4,2,2,1,0,0,1,3.00,.500
Cesar C Cabral,NYY,0,0,27.00,4,0,0,0,0,0,1.0,4,3,3,0,3,2,2,6.00,.571
Tyler T Chatwood,COL,1,0,4.50,4,4,0,0,0,0,24.0,21,13,12,4,2,8,20,1.21,.236
Buck B Farmer,DET,0,1,11.57,4,2,0,0,0,0,9.1,12,12,12,2,2,5,11,1.82,.308
Frank F Francisco,CWS,0,0,12.27,4,0,0,0,0,0,3.2,7,6,5,2,0,3,5,2.73,.368
Matt M Harrison,TEX,1,1,4.15,4,4,0,0,0,0,17.1,20,8,8,1,1,12,10,1.85,.286
Eric E Jokisch,CHC,0,0,1.88,4,1,0,0,0,0,14.1,18,6,3,3,0,4,10,1.53,.290
Wilton W Lopez,COL,0,0,11.37,4,0,0,0,0,0,6.1,18,8,8,3,0,0,4,2.84,.514
Ivan I Nova,NYY,2,2,8.27,4,4,0,0,0,0,20.2,32,19,19,6,2,6,12,1.84,.372
Felipe F Paulino,CWS,0,2,11.29,4,4,0,0,0,0,18.1,35,24,23,6,1,12,14,2.56,.389
Chris C Rusin,CHC,0,0,7.11,4,0,0,0,0,0,12.2,16,10,10,1,0,5,8,1.66,.308
Bo B Schultz,ARI,0,1,7.88,4,0,0,0,0,0,8.0,13,7,7,1,0,1,5,1.75,.382
Scott S Snodgress,CWS,0,0,15.43,4,0,0,0,0,0,2.1,8,7,4,1,0,3,1,4.71,.500
Nick N Tropeano,HOU,1,3,4.57,4,4,0,0,0,0,21.2,19,12,11,0,1,9,13,1.29,.241
Joe J Wieland,SD,1,0,7.15,4,2,0,0,0,0,11.1,16,9,9,3,0,5,8,1.85,.333
Pedro P Beato,ATL,0,0,0.00,3,0,0,0,0,0,4.1,3,0,0,0,0,3,3,1.38,.188
Brett B Bochy,SF,0,0,5.40,3,0,0,0,0,0,3.1,1,2,2,1,1,2,3,0.90,.091
Sean S Burnett,LAA,0,0,13.50,3,0,0,0,0,0,0.2,1,1,1,0,0,0,0,1.50,.333
Eddie E Butler,COL,1,1,6.75,3,3,0,0,0,0,16.0,23,12,12,2,0,7,3,1.88,.343
Shawn S Camp,PHI,0,0,5.40,3,0,0,0,0,0,3.1,7,2,2,1,0,0,1,2.10,.467
Andrew A Chafin,ARI,0,1,3.86,3,3,0,0,0,0,14.0,13,6,6,0,1,8,10,1.50,.265
Dane D De La Rosa,LAA,0,0,11.57,3,0,0,0,0,0,2.1,3,3,3,0,0,3,0,2.57,.375
Lucas L Harrell,HOU,0,3,9.49,3,3,0,0,0,0,12.1,19,14,13,2,0,9,9,2.27,.345
Chris C Heston,SF,0,0,5.06,3,1,0,0,0,0,5.1,6,3,3,0,0,3,4,1.69,.300
Taylor T Hill,WSH,0,1,9.00,3,1,0,0,0,0,9.0,16,9,9,0,2,3,5,2.11,.410
Daniel D Hudson,ARI,0,1,13.50,3,0,0,0,0,0,2.2,4,4,4,0,0,0,2,1.50,.308
Kris K Johnson,MIN,0,1,4.73,3,3,0,0,0,0,13.1,17,7,7,2,0,9,12,1.95,.315
Jason J Lane,SD,0,1,0.87,3,1,0,0,0,0,10.1,7,1,1,1,0,0,6,0.68,.179
David D Martinez,HOU,0,0,5.14,3,0,0,0,0,0,7.0,5,4,4,1,0,2,6,1.00,.192
Bryan B Mitchell,NYY,0,1,2.45,3,1,0,0,0,0,11.0,10,3,3,0,2,3,7,1.18,.256
Sean S O' Sullivan,PHI,0,1,6.39,3,2,0,0,0,0,12.2,15,9,9,3,0,2,7,1.34,.306
Joe J Paterson,ARI,0,0,33.75,3,0,0,0,0,0,1.1,4,5,5,0,1,1,0,3.75,.571
Bryan B Price,CLE,0,0,20.25,3,0,0,0,0,0,2.2,8,6,6,3,2,1,1,3.38,.500
Chaz C Roe,NYY,0,0,9.00,3,0,0,0,0,0,2.0,3,3,2,0,0,3,4,3.00,.333
Seth S Rosin,TEX,1,0,6.75,3,0,0,0,0,0,4.0,6,3,3,0,0,1,3,1.75,.333
Drew D Rucinski,LAA,0,0,4.91,3,0,0,0,0,0,7.1,9,4,4,0,1,2,8,1.50,.290
Joe J Savery,OAK,0,0,0.00,3,0,0,0,0,0,4.0,3,0,0,0,0,1,0,1.00,.214
Matt M West,TEX,0,0,6.75,3,0,0,0,0,0,4.0,6,3,3,0,0,1,3,1.75,.353
Jose J Álvarez Alvarez,LAA,0,0,0.00,2,0,0,0,0,0,0.2,1,0,0,0,0,0,1,1.50,.333
Dallas D Beeler,CHC,0,2,3.27,2,2,0,0,0,0,11.0,10,5,4,0,0,7,6,1.55,.263
Trevor T Bell,CIN,0,0,67.50,2,0,0,0,0,0,0.2,5,5,5,0,0,2,0,10.50,.714
Aaron A Brooks,KC,0,1,43.88,2,1,0,0,0,0,2.2,12,13,13,1,2,3,2,5.63,.667
Drew D Butera,LAD,0,0,10.80,2,0,0,0,0,0,1.2,2,2,2,1,0,0,2,1.20,.286
Keith K Butler,STL,0,0,27.00,2,0,0,0,0,0,2.0,6,6,6,0,1,1,2,3.50,.500
Kyle K Drabek,TOR,0,0,0.00,2,0,0,0,0,0,3.0,2,0,0,0,0,2,5,1.33,.182
Edwin E Escobar,BOS,0,0,4.50,2,0,0,0,0,0,2.0,1,1,1,0,1,0,2,0.50,.143
Brian B Flynn,MIA,0,1,9.00,2,1,0,0,0,0,7.0,12,7,7,0,0,3,6,2.14,.375
Justin J Germano,TEX,0,0,11.81,2,0,0,0,0,0,5.1,8,7,7,1,1,3,3,2.06,.348
Bradin B Hagens,ARI,0,1,3.38,2,0,0,0,0,0,2.2,4,1,1,0,0,3,2,2.63,.400
Nate N Jones,CWS,0,0,-.--,2,0,0,0,0,1,0.0,2,4,4,0,0,3,0,-.--,1.000
Jair J Jurrjens,COL,0,1,10.61,2,2,0,0,0,0,9.1,20,11,11,4,1,3,9,2.46,.435
Nate N Karns,TB,1,1,4.50,2,2,0,0,0,0,12.0,7,6,6,3,2,4,13,0.92,.163
Mike M Kickham,SF,0,0,22.50,2,0,0,0,0,0,2.0,8,5,5,1,0,1,1,4.50,.533
Bobby B Korecky,TOR,0,0,8.10,2,0,0,0,0,0,3.1,4,3,3,0,0,1,2,1.50,.308
Chris C Leroux,NYY,0,1,22.50,2,0,0,0,0,0,2.0,7,5,5,0,0,2,3,4.50,.538
Brad B Lincoln,PHI,0,0,11.57,2,0,0,0,0,0,2.1,5,3,3,1,1,0,2,2.14,.417
Ethan E Martin,PHI,0,0,4.50,2,0,0,0,0,0,4.0,1,2,2,1,0,3,4,1.00,.071
Jim J Miller,NYY,0,0,20.25,2,0,0,0,0,0,2.2,7,6,6,3,0,2,2,3.38,.500
Matt M Moore,TB,0,2,2.70,2,2,0,0,0,0,10.0,10,3,3,1,0,5,6,1.50,.256
Jonathan J Pettibone,PHI,0,1,9.00,2,2,0,0,0,0,9.0,17,10,9,2,0,3,6,2.22,.395
Luke L Putkonen,DET,0,0,27.00,2,0,0,0,0,0,2.2,6,8,8,2,1,2,1,3.00,.400
Henry Alberto H Rodriguez,MIA,0,0,10.80,2,0,0,0,0,0,1.2,2,2,2,0,0,5,1,4.20,.333
Wilking W Rodriguez,KC,0,0,0.00,2,0,0,0,0,0,2.0,1,0,0,0,0,1,1,1.00,.167
Steve S Tolleson,TOR,0,0,0.00,2,0,0,0,0,0,1.0,1,0,0,0,0,0,1,1.00,.250
Sam S Tuivailala,STL,0,0,36.00,2,0,0,0,0,0,1.0,5,4,4,2,0,2,1,7.00,.625
Josh J Wall,LAA,0,0,54.00,2,0,0,0,0,0,1.0,5,6,6,0,0,3,0,8.00,.714
Danny D Worth,DET,0,0,4.50,2,0,0,0,0,0,2.0,4,1,1,0,0,0,2,2.00,.400
Hector H Ambriz,SD,0,0,4.50,1,0,0,0,0,0,2.0,2,2,1,0,0,2,1,2.00,.286
Dean D Anna S,NYY,0,0,18.00,1,0,0,0,0,0,1.0,3,2,2,0,0,0,0,3.00,.500
J. P. J Arencibia,TEX,0,0,0.00,1,0,0,0,0,0,1.0,1,0,0,0,0,0,0,1.00,.250
John J Baker,CHC,1,0,0.00,1,0,0,0,0,0,1.0,0,0,0,0,0,1,0,1.00,.000
Blake B Beavan,SEA,0,1,4.50,1,1,0,0,0,0,4.0,6,2,2,2,0,0,1,1.50,.375
Bruce B Billings,NYY,0,0,9.00,1,0,0,0,0,0,4.0,4,4,4,2,0,1,7,1.25,.250
Ryan R Buchter,ATL,1,0,0.00,1,0,0,0,0,0,1.0,0,0,0,0,0,1,1,1.00,.000
Billy B Buckner,SD,0,1,4.76,1,1,0,0,0,0,5.2,6,3,3,1,0,4,4,1.76,.273
Mike M Carp,BOS,0,0,9.00,1,0,0,0,0,0,1.0,0,1,1,0,0,5,0,5.00,.000
David D Carpenter,LAA,0,0,0.00,1,0,0,0,0,0,3.0,1,0,0,0,2,0,0,0.33,.100
Daniel D Descalso,STL,0,0,0.00,1,0,0,0,0,0,0.1,0,0,0,0,0,0,0,0.00,.000
Adam A Dunn L,CWS,0,0,9.00,1,0,0,0,0,0,1.0,2,1,1,0,0,1,0,3.00,.400
Jake J Dunning,SF,0,0,0.00,1,0,0,0,0,0,0.2,0,0,0,0,0,1,0,1.50,.000
Stephen S Fife,LAD,0,0,6.00,1,1,0,0,0,0,6.0,7,4,4,3,1,1,5,1.33,.280
Leury L García Garcia C,CWS,0,1,18.00,1,0,0,0,0,0,1.0,1,2,2,0,0,2,0,3.00,.250
Chris C Gimenez,TEX,0,0,0.00,1,0,0,0,0,0,1.0,0,0,0,0,0,0,1,0.00,.000
Jarrett J Grube,LAA,0,0,13.50,1,0,0,0,0,0,0.2,1,1,1,1,0,0,0,1.50,.333
Pedro P Hernandez,COL,0,1,4.76,1,1,0,0,0,0,5.2,6,3,3,0,1,2,2,1.41,.316
Phil P Irwin,TEX,0,1,6.75,1,1,0,0,0,0,4.0,6,3,3,1,1,2,2,2.00,.353
Donnie D Joseph,KC,0,0,81.00,1,0,0,0,0,0,0.2,5,6,6,1,0,1,2,9.00,.714
Charlie C Leesman,CWS,0,1,20.25,1,1,0,0,0,0,2.2,9,6,6,1,0,1,0,3.75,.600
Josh J Lindblom,OAK,0,0,3.86,1,1,0,0,0,0,4.2,5,2,2,1,1,2,2,1.50,.263
Martin M Maldonado,MIL,0,0,0.00,1,0,0,0,0,0,1.0,1,0,0,0,0,0,0,1.00,.250
Justin J Marks,KC,0,0,13.50,1,0,0,0,0,0,2.0,4,3,3,0,0,3,2,3.50,.400
Daniel D Mc Cutchen,TEX,0,0,7.71,1,0,0,0,0,0,2.1,4,3,2,1,0,2,0,2.57,.333
Melvin M Mercedes,DET,0,0,0.00,1,0,0,0,0,0,2.0,0,0,0,0,0,0,2,0.00,.000
Mitch M Moreland,TEX,0,0,0.00,1,0,0,0,0,0,1.0,0,0,0,0,0,0,0,0.00,.000
Hector H Neris,PHI,1,0,0.00,1,0,0,0,0,0,1.0,0,0,0,0,0,0,1,0.00,.000
Sean S Nolin,TOR,0,0,9.00,1,0,0,0,0,0,1.0,1,1,1,1,0,0,0,1.00,.250
Jose J Ortega,DET,0,1,27.00,1,0,0,0,0,0,1.1,0,4,4,0,1,4,1,3.00,.000
Lyle L Overbay,MIL,0,0,0.00,1,0,0,0,0,0,0.1,0,0,0,0,0,0,0,0.00,.000
Rudy R Owens,HOU,0,1,7.94,1,1,0,0,0,0,5.2,9,5,5,1,1,2,1,1.94,.360
Bobby B Parnell,NYM,0,0,9.00,1,0,0,0,0,1,1.0,2,1,1,0,0,1,1,3.00,.400
Red R Patterson,LAD,0,0,1.93,1,1,0,0,0,0,4.2,2,1,1,0,0,3,1,1.07,.133
Stephen S Pryor,SEA,0,0,0.00,1,0,0,0,0,0,1.2,1,1,0,0,0,2,1,1.80,.200
Ramon E R Ramirez,BAL,0,0,0.00,1,0,0,0,0,0,1.0,0,0,0,0,0,1,2,1.00,.000
Andrew An Romine,DET,0,0,27.00,1,0,0,0,0,0,1.0,4,3,3,2,0,0,1,4.00,.571
Jorge J Rondon,STL,0,0,0.00,1,0,0,0,0,0,1.0,0,0,0,0,0,1,0,1.00,.000
Skip S Schumaker,CIN,0,0,0.00,1,0,0,0,0,0,1.0,0,0,0,0,0,1,0,1.00,.000
Travis T Snider O,PIT,0,0,18.00,1,0,0,0,0,0,1.0,1,2,2,0,0,2,1,3.00,.250
Drew D Ver Hagen,DET,0,1,5.40,1,1,0,0,0,0,5.0,5,3,3,0,0,3,4,1.60,.294
Kevin K Whelan,DET,0,0,13.50,1,0,0,0,0,0,1.1,3,2,2,2,0,2,1,3.75,.429
