PLAYER,TEAM,AB,R,H,2B,3B,HR,RBI,BB,SO,SB,CS,AVG,OBP,SLG,OPS
Bobby B Abreu R,PHI,162,588,104,168,37,1,24,102,117,134,31,9,.286,.405,.474,.879
Jason J Bay L,PIT,162,599,110,183,44,6,32,101,95,142,21,1,.306,.402,.559,.961
Raul R Ibanez D,SEA,162,614,92,172,32,2,20,89,71,99,9,4,.280,.355,.436,.792
Carlos C Lee L,MIL,162,618,85,164,41,0,32,114,57,87,13,4,.265,.324,.487,.811
Hideki H Matsui L,NYY,162,629,108,192,45,3,23,116,63,78,2,2,.305,.367,.496,.863
Juan J Pierre C,FLA,162,656,96,181,19,13,2,47,41,45,57,17,.276,.326,.354,.680
Alex A Rodriguez,NYY,162,605,124,194,29,1,48,130,91,139,21,6,.321,.421,.610,1.031
Ichiro I Suzuki R,SEA,162,679,111,206,21,12,15,68,48,66,33,8,.303,.350,.436,.786
Mark M Teixeira,TEX,162,644,112,194,41,3,43,144,72,124,4,0,.301,.379,.575,.954
Miguel M Tejada S,BAL,162,654,89,199,50,5,26,98,40,83,5,1,.304,.349,.515,.865
Hank H Blalock,TEX,161,647,80,170,34,0,25,92,51,132,1,0,.263,.318,.431,.749
Albert A Pujols,STL,161,591,129,195,38,2,41,117,97,65,16,2,.330,.430,.609,1.039
Jose J Reyes S,NYM,161,696,99,190,24,17,7,58,27,78,60,15,.273,.300,.386,.687
Jeromy J Burnitz R,CHC,160,605,84,156,31,2,24,87,57,109,5,4,.258,.322,.435,.757
Eric E Chavez,OAK,160,625,92,168,40,1,27,101,58,129,6,0,.269,.329,.466,.794
Adam A Dunn L,CIN,160,543,107,134,35,2,40,101,114,168,4,2,.247,.387,.540,.927
Brandon B Inge,DET,160,616,75,161,31,9,16,72,63,140,7,6,.261,.330,.419,.749
Andruw A Jones C,ATL,160,586,95,154,24,3,51,128,64,112,5,3,.263,.347,.575,.922
Randy R Winn C,SF,160,617,85,189,47,6,20,63,48,91,19,11,.306,.360,.499,.859
David D Wright,NYM,160,575,99,176,42,1,27,102,72,113,17,7,.306,.388,.523,.912
Angel A Berroa S,KC,159,608,68,164,21,5,11,55,18,108,7,5,.270,.305,.375,.680
Derek D Jeter S,NYY,159,654,122,202,25,5,19,70,77,117,14,5,.309,.389,.450,.839
David D Ortiz,BOS,159,601,119,180,40,1,47,148,102,124,1,0,.300,.397,.604,1.001
Michael M Young S,TEX,159,668,114,221,40,5,24,91,58,91,5,2,.331,.385,.513,.899
Miguel M Cabrera L,FLA,158,613,106,198,43,2,33,116,64,125,1,0,.323,.385,.561,.947
David D Eckstein S,STL,158,630,90,185,26,7,8,61,58,44,11,8,.294,.363,.395,.758
Chone C Figgins,LAA,158,642,113,186,25,10,8,57,64,101,62,17,.290,.352,.397,.749
Brian B Giles R,SD,158,545,92,164,38,8,15,83,119,64,13,5,.301,.423,.483,.905
Shawn S Green R,ARI,158,581,87,166,37,4,22,73,62,95,8,4,.286,.355,.477,.832
Paul P Konerko,CWS,158,575,98,163,24,0,40,100,81,109,0,0,.283,.375,.534,.909
Derrek D Lee,CHC,158,594,120,199,50,3,46,107,85,109,15,3,.335,.418,.662,1.080
Julio J Lugo S,TB,158,616,89,182,36,6,6,57,61,72,39,11,.295,.362,.403,.765
Lyle L Overbay,MIL,158,537,80,148,34,1,19,72,78,98,1,0,.276,.367,.449,.816
Jimmy J Rollins S,PHI,158,677,115,196,38,11,12,54,47,71,41,6,.290,.338,.431,.770
Grady G Sizemore C,CLE,158,640,111,185,37,11,22,81,52,132,22,10,.289,.348,.484,.832
Jack J Wilson S,PIT,158,587,60,151,24,7,8,52,31,58,7,3,.257,.299,.363,.662
Craig C Monroe R,DET,157,567,69,157,30,3,20,89,40,95,8,3,.277,.322,.446,.768
Aaron A Rowand C,CWS,157,578,77,156,30,5,13,69,32,116,16,5,.270,.329,.407,.736
Adrian A Beltré,SEA,156,603,69,154,36,1,19,87,38,108,3,1,.255,.303,.413,.716
Carl C Crawford L,TB,156,644,101,194,33,15,15,81,27,84,46,8,.301,.331,.469,.800
Pedro P Feliz,SF,156,569,69,142,30,4,20,81,38,102,0,2,.250,.295,.422,.717
Richie R Sexson,SEA,156,558,99,147,36,1,39,121,89,167,1,1,.263,.369,.541,.910
Alfonso A Soriano,TEX,156,637,102,171,43,2,36,104,33,125,30,2,.268,.309,.512,.821
Vernon V Wells C,TOR,156,620,78,167,30,3,28,97,47,86,8,3,.269,.320,.463,.783
Craig C Biggio,HOU,155,590,94,156,40,1,26,69,37,90,11,1,.264,.325,.468,.792
Luis L Gonzalez,ARI,155,579,90,157,37,0,24,79,78,90,4,1,.271,.366,.459,.826
Pat P Burrell L,PHI,154,562,78,158,27,1,32,117,99,160,0,0,.281,.389,.504,.892
Rafael R Furcal S,ATL,154,616,100,175,31,11,12,58,62,78,46,10,.284,.348,.429,.776
Aubrey A Huff R,TB,154,575,70,150,26,2,22,92,49,88,8,7,.261,.321,.428,.749
Neifi N Perez S,CHC,154,572,59,157,33,1,9,54,18,47,8,4,.274,.298,.383,.681
Gary G Sheffield R,NYY,154,584,104,170,27,0,34,123,78,76,10,2,.291,.379,.512,.891
Darin D Erstad,LAA,153,609,86,166,33,3,7,66,47,109,10,3,.273,.325,.371,.696
Edgar E Renteria S,BOS,153,623,100,172,36,4,8,70,55,100,9,4,.276,.335,.385,.720
Adam A Everett S,HOU,152,549,58,136,27,2,11,54,26,103,21,7,.248,.290,.364,.654
Marcus M Giles,ATL,152,577,104,168,45,4,15,63,64,108,16,3,.291,.365,.461,.826
Shea S Hillenbrand,TOR,152,594,91,173,36,2,18,82,26,79,5,1,.291,.343,.449,.792
Manny M Ramirez L,BOS,152,554,112,162,30,1,45,144,80,119,1,0,.292,.388,.594,.982
Willy W Taveras C,HOU,152,592,82,172,13,4,3,29,25,103,34,11,.291,.325,.341,.666
Omar O Vizquel S,SF,152,568,66,154,28,4,3,45,56,58,24,10,.271,.341,.350,.691
Carlos C Beltrán Beltran,NYM,151,582,83,155,34,2,16,78,56,96,17,6,.266,.330,.414,.744
David D Bell,PHI,150,557,53,138,31,1,10,61,47,69,0,1,.248,.310,.361,.671
Emil E Brown R,KC,150,545,75,156,31,5,17,86,48,108,10,1,.286,.349,.455,.804
Jorge J Cantu,TB,150,598,73,171,40,1,28,117,19,83,1,0,.286,.311,.497,.808
Craig C Counsell,ARI,150,578,85,148,34,4,9,42,78,69,26,7,.256,.350,.375,.726
Morgan M Ensberg,HOU,150,526,86,149,30,3,36,101,85,119,6,7,.283,.388,.557,.945
Cliff C Floyd L,NYM,150,550,85,150,22,2,34,98,63,98,12,2,.273,.358,.505,.863
Jason J Kendall,OAK,150,601,70,163,28,1,0,53,50,39,8,3,.271,.345,.321,.666
Mike M Lowell,FLA,150,500,56,118,36,1,8,58,46,58,4,0,.236,.298,.360,.658
Kevin K Mench L,TEX,150,557,71,147,33,3,25,73,50,68,4,3,.264,.328,.469,.797
Bill B Mueller,BOS,150,519,69,153,34,3,10,62,59,74,0,0,.295,.369,.430,.799
Joe J Randa,SD,150,555,71,153,43,2,17,68,47,81,0,1,.276,.335,.452,.787
Troy T Glaus,ARI,149,538,78,139,29,1,37,97,84,145,4,2,.258,.363,.522,.885
Jeff J Kent,LAD,149,553,100,160,36,0,29,105,72,85,6,2,.289,.377,.512,.888
Melvin M Mora,BAL,149,593,86,168,30,1,27,88,50,112,7,4,.283,.348,.474,.821
Johnny J Damon C,BOS,148,624,117,197,35,6,10,75,53,69,18,1,.316,.366,.439,.805
Jose J Guillen R,WSH,148,551,81,156,32,2,24,76,31,102,1,1,.283,.338,.479,.817
Geoff G Jenkins R,MIL,148,538,87,157,42,1,25,86,56,138,0,0,.292,.375,.513,.888
Felipe F Lopez S,CIN,148,580,97,169,34,5,23,85,57,111,15,7,.291,.352,.486,.838
Brad B Wilkerson C,WSH,148,565,76,140,42,7,11,57,84,147,8,10,.248,.351,.405,.756
Casey C Blake R,CLE,147,523,72,126,32,1,23,58,43,116,4,5,.241,.308,.438,.746
Lew L Ford C,MIN,147,522,70,138,30,4,7,53,45,85,13,6,.264,.338,.377,.716
Eric E Hinske,TOR,147,477,79,125,31,2,15,68,46,121,8,4,.262,.333,.430,.763
Victor V Martinez,CLE,147,547,73,167,33,0,20,80,63,78,0,1,.305,.378,.475,.853
Chase C Utley,PHI,147,543,93,158,39,6,28,105,69,109,16,3,.291,.376,.540,.915
Bill B Hall S,MIL,146,501,69,146,39,6,17,62,39,103,18,6,.291,.342,.495,.837
Alex A Rios R,TOR,146,481,71,126,23,6,10,59,28,101,14,9,.262,.306,.397,.703
Juan J Uribe S,CWS,146,481,58,121,23,3,16,71,34,77,4,6,.252,.301,.412,.712
Ronnie R Belliard,CLE,145,536,71,152,36,1,17,78,35,72,2,2,.284,.325,.450,.774
Brady B Clark C,MIL,145,599,94,183,31,1,13,53,47,55,10,13,.306,.372,.426,.798
Coco C Crisp L,CLE,145,594,86,178,42,4,16,69,44,81,15,6,.300,.345,.465,.810
Jermaine J Dye R,CWS,145,529,74,145,29,2,31,86,39,99,11,4,.274,.333,.512,.846
Jason J Lane R,HOU,145,517,65,138,34,4,26,78,32,105,6,2,.267,.316,.499,.814
Chad C Tracy,ARI,145,503,73,155,34,4,27,72,35,78,3,1,.308,.359,.553,.911
Carlos C Delgado,FLA,144,521,81,157,41,3,33,115,72,121,0,0,.301,.399,.582,.981
Todd T Helton,COL,144,509,92,163,45,2,20,79,106,80,3,0,.320,.445,.534,.979
Aaron A Boone,CLE,143,511,61,124,19,1,16,60,35,92,9,3,.243,.299,.378,.677
Royce R Clayton S,ARI,143,522,59,141,28,4,2,44,38,105,13,3,.270,.320,.351,.670
Brian B Roberts,BAL,143,561,92,176,45,7,18,73,67,83,27,10,.314,.387,.515,.903
So S Taguchi R,STL,143,396,45,114,21,2,8,53,20,62,11,2,.288,.322,.412,.734
Garret G Anderson L,LAA,142,575,68,163,34,1,17,96,23,84,1,1,.283,.308,.435,.743
Ben B Broussard,CLE,142,466,59,119,30,5,19,68,32,98,2,2,.255,.307,.464,.770
Vinny V Castilla,WSH,142,494,53,125,36,1,12,66,43,82,4,2,.253,.319,.403,.722
Ray R Durham,SF,142,497,67,144,33,0,12,62,48,59,6,3,.290,.356,.429,.785
Jim J Edmonds C,STL,142,467,88,123,37,1,29,89,91,139,5,5,.263,.385,.533,.918
Cristian C Guzman S,WSH,142,456,39,100,19,6,4,31,25,76,7,4,.219,.260,.314,.574
Reed R Johnson L,TOR,142,398,55,107,21,6,8,58,22,82,5,6,.269,.332,.412,.744
Jacque J Jones R,MIN,142,523,74,130,22,4,23,73,51,120,13,4,.249,.319,.438,.757
Rob R Mackowiak,PIT,142,463,57,126,21,3,9,58,43,100,8,4,.272,.337,.389,.726
Jorge J Posada,NYY,142,474,67,124,23,0,19,71,66,94,1,0,.262,.352,.430,.782
Orlando O Cabrera S,LAA,141,540,70,139,28,3,8,57,38,50,21,2,.257,.309,.365,.674
Juan J Encarnacion R,FLA,141,506,59,145,27,3,16,76,41,104,6,5,.287,.349,.447,.796
Vladimir V Guerrero R,LAA,141,520,95,165,29,2,32,108,61,48,13,1,.317,.394,.565,.959
Adam A La Roche,ATL,141,451,53,117,28,0,20,78,39,87,0,2,.259,.320,.455,.774
Matt M Lawton R,NYY,141,500,67,127,30,1,13,53,69,77,18,9,.254,.356,.396,.752
Justin J Morneau,MIN,141,490,62,117,23,4,22,79,44,94,0,2,.239,.304,.437,.741
Jhonny J Peralta S,CLE,141,504,82,147,35,4,24,78,58,128,0,2,.292,.366,.520,.885
Jeremy J Reed C,SEA,141,488,61,124,33,3,3,45,48,74,12,11,.254,.322,.352,.675
Bernie B Williams C,NYY,141,485,53,121,19,1,12,64,53,75,1,2,.249,.321,.367,.688
Russ R Adams S,TOR,139,481,68,123,27,5,8,63,50,57,11,2,.256,.325,.383,.707
Jason J Giambi,NYY,139,417,74,113,14,0,32,87,108,109,0,0,.271,.440,.535,.975
Jay J Gibbons R,BAL,139,488,72,135,33,3,26,79,28,56,0,0,.277,.317,.516,.833
Mark M Kotsay C,OAK,139,582,75,163,35,1,15,82,40,51,5,5,.280,.325,.421,.746
Abraham O. A Nunez,STL,139,421,64,120,13,2,5,44,37,63,0,1,.285,.343,.361,.704
Cory C Sullivan,COL,139,378,64,111,15,4,4,30,28,83,12,3,.294,.343,.386,.729
Preston P Wilson C,WSH,139,520,73,135,29,2,25,90,45,148,6,6,.260,.325,.467,.792
Garrett G Atkins,COL,138,519,62,149,31,1,13,89,45,72,0,2,.287,.347,.426,.773
Sean S Casey,CIN,137,529,75,165,32,0,9,58,48,48,2,0,.312,.371,.423,.795
Mark M Grudzielanek,STL,137,528,64,155,30,3,8,59,26,81,8,6,.294,.334,.407,.741
Travis T Hafner D,CLE,137,486,94,148,42,0,33,108,79,123,0,0,.305,.408,.595,1.003
Ryan R Klesko L,SD,137,443,61,110,19,1,18,58,75,80,3,4,.248,.358,.418,.775
Terrence T Long L,KC,137,455,62,127,21,3,6,53,30,56,3,3,.279,.321,.378,.699
Carl C Everett D,CWS,135,490,58,123,17,2,23,87,42,99,4,5,.251,.311,.435,.746
Toby T Hall,TB,135,432,28,124,20,0,5,48,16,39,0,0,.287,.315,.368,.683
Tadahito T Iguchi,CWS,135,511,74,142,25,6,15,71,47,114,15,5,.278,.342,.438,.780
Tike T Redman C,PIT,135,319,33,80,12,4,2,26,19,27,4,1,.251,.292,.332,.625
Mark M Sweeney,SD,135,221,31,65,12,1,8,40,40,58,4,0,.294,.395,.466,.861
Brad B Ausmus,HOU,134,387,35,100,19,0,3,47,51,48,5,3,.258,.351,.331,.682
Scott S Hatteberg D,OAK,134,464,52,119,19,0,7,59,51,54,0,1,.256,.334,.343,.677
Mike M Matheny,SF,134,443,42,107,34,0,13,59,29,91,0,2,.242,.295,.406,.701
Quinton Q Mc Cracken,ARI,134,215,23,51,4,3,1,13,23,35,4,0,.237,.313,.298,.610
Kevin K Millar,BOS,134,449,57,122,28,1,9,50,54,74,0,1,.272,.355,.399,.753
Michael M Barrett,CHC,133,424,48,117,32,3,16,61,40,61,0,3,.276,.345,.479,.824
Hee- Seop H Choi,LAD,133,320,40,81,15,2,15,42,34,80,1,3,.253,.336,.453,.789
Jason J Varitek,BOS,133,470,70,132,30,1,22,70,62,117,2,0,.281,.366,.489,.856
Daryle D Ward,PIT,133,407,46,106,21,1,12,63,37,60,0,2,.260,.318,.405,.723
Gregg G Zaun,TOR,133,434,61,109,18,1,11,61,73,70,2,3,.251,.355,.373,.729
Lance L Berkman,HOU,132,468,76,137,34,1,24,82,91,72,4,1,.293,.411,.524,.934
Robinson R Canó,NYY,132,522,78,155,34,4,14,62,16,68,1,3,.297,.320,.458,.778
Joe J Crede,CWS,132,432,54,109,21,0,22,62,25,66,1,1,.252,.303,.454,.756
Paul P Lo Duca,FLA,132,445,45,126,23,1,6,57,34,31,4,3,.283,.334,.380,.714
Freddy F Sanchez,PIT,132,453,54,132,26,4,5,35,27,36,2,2,.291,.336,.400,.736
Shannon S Stewart L,MIN,132,551,69,151,27,3,10,56,34,73,7,5,.274,.323,.388,.711
Jeff J Conine,FLA,131,335,42,102,20,2,3,33,38,58,2,0,.304,.374,.403,.777
Jason J Ellison C,SF,131,352,49,93,18,2,4,24,24,44,14,6,.264,.316,.361,.677
Todd T Hollandsworth,ATL,131,303,26,74,17,2,6,36,23,66,4,5,.244,.298,.373,.671
Orlando O Hudson,TOR,131,461,62,125,25,5,10,63,30,65,7,1,.271,.315,.412,.728
Nick N Johnson,WSH,131,453,66,131,35,3,15,74,80,87,3,8,.289,.408,.479,.887
Tino T Martinez,NYY,131,303,43,73,9,0,17,49,38,54,2,0,.241,.328,.439,.766
Gary G Matthews C,TEX,131,475,72,121,25,5,17,55,47,90,9,2,.255,.320,.436,.756
Joe J Mauer,MIN,131,489,61,144,26,2,9,55,61,64,13,1,.294,.372,.411,.783
Nick N Swisher R,OAK,131,462,66,109,32,1,21,74,55,110,0,1,.236,.322,.446,.768
Frank F Catalanotto L,TOR,130,419,56,126,29,5,8,59,37,53,0,2,.301,.367,.451,.818
Tony T Clark,ARI,130,349,47,106,22,2,30,87,37,88,0,0,.304,.366,.636,1.003
Alex A Gonzalez S,FLA,130,435,45,115,30,0,5,45,31,81,5,3,.264,.319,.368,.686
Mark M Teahen,KC,130,447,60,110,29,4,7,55,40,107,7,2,.246,.309,.376,.685
Adam A Kennedy,LAA,129,416,49,125,23,0,2,37,29,64,19,4,.300,.354,.370,.724
Travis T Lee,TB,129,404,54,110,22,2,12,49,35,66,7,4,.272,.331,.426,.757
Nook N Logan C,DET,129,322,47,83,12,5,1,17,21,52,23,6,.258,.305,.335,.641
Scott S Podsednik L,CWS,129,507,80,147,28,1,0,25,47,75,59,23,.290,.351,.349,.700
Placido P Polanco,DET,129,501,84,166,27,2,9,56,33,25,4,3,.331,.383,.447,.830
Jason J Repko C,LAD,129,276,43,61,15,3,8,30,16,80,5,0,.221,.281,.384,.665
Ivan I Rodriguez,DET,129,504,71,139,33,5,14,50,11,93,7,3,.276,.290,.444,.734
David D Dellucci,TEX,128,435,97,109,17,5,29,65,76,121,5,3,.251,.367,.513,.879
Luis L Gonzalez,COL,128,404,51,118,25,0,9,44,20,63,3,4,.292,.333,.421,.753
Ken K Griffey C,CIN,128,491,85,148,30,0,35,92,54,93,0,1,.301,.369,.576,.946
Ryan R Langerhans L,ATL,128,326,48,87,22,3,8,42,37,75,0,2,.267,.348,.426,.774
A. J. A Pierzynski,CWS,128,460,61,118,21,0,18,56,23,68,0,2,.257,.308,.420,.728
Matt M Stairs,KC,127,396,55,109,26,1,13,66,60,69,1,2,.275,.373,.444,.818
Eric E Byrnes L,BAL,126,412,49,93,24,3,10,40,32,71,7,2,.226,.294,.371,.665
Michael M Cuddyer,MIN,126,422,55,111,25,3,12,42,41,93,3,4,.263,.330,.422,.752
Corey C Patterson,CHC,126,451,47,97,15,3,13,34,23,118,15,5,.215,.254,.348,.602
Michael M Tucker,PHI,126,268,35,64,16,1,5,36,31,52,4,0,.239,.318,.362,.680
Dmitri D Young,DET,126,469,61,127,25,3,21,72,29,100,1,0,.271,.325,.471,.796
Matt M Holliday L,COL,125,479,68,147,24,7,19,87,36,79,14,3,.307,.361,.505,.866
Mike M Lamb,HOU,125,322,41,76,13,5,12,53,22,65,1,1,.236,.284,.419,.703
J. J Hardy S,MIL,124,372,46,92,22,1,9,50,44,48,0,0,.247,.327,.384,.711
Xavier X Nady,SD,124,326,40,85,15,2,13,43,22,67,2,1,.261,.321,.439,.760
Trot T Nixon R,BOS,124,408,64,112,29,1,13,67,53,59,2,1,.275,.357,.446,.804
Jay J Payton L,OAK,124,408,62,109,16,1,18,63,24,47,0,1,.267,.306,.444,.749
Moises M Alou L,SF,123,427,67,137,21,3,19,63,56,43,5,1,.321,.400,.518,.918
Marlon M Anderson,NYM,123,235,31,62,9,0,7,19,18,45,6,1,.264,.316,.391,.708
Aramis A Ramirez,CHC,123,463,72,140,30,0,31,92,35,60,0,1,.302,.358,.568,.926
Luis L Castillo,FLA,122,439,72,132,12,4,4,30,65,32,10,7,.301,.391,.374,.765
Alex A Cintron,ARI,122,330,36,90,19,2,8,48,12,33,1,2,.273,.298,.415,.713
David D De Jesus C,KC,122,461,69,135,31,6,9,56,42,76,5,5,.293,.359,.445,.804
Mark M Ellis,OAK,122,434,76,137,21,5,13,52,44,51,1,3,.316,.384,.477,.861
Mike M Sweeney D,KC,122,470,63,141,39,0,21,83,33,61,3,0,.300,.347,.517,.864
Khalil K Greene S,SD,121,436,51,109,30,2,15,70,25,93,5,0,.250,.296,.431,.727
Omar O Infante,DET,121,406,36,90,28,2,9,43,16,73,8,0,.222,.254,.367,.620
Luis L Matos C,BAL,121,389,53,109,20,2,4,32,27,58,17,9,.280,.340,.373,.712
Jason J Phillips,LAD,121,399,38,95,20,0,10,55,25,50,0,1,.238,.287,.363,.650
Rod R Barajas,TEX,120,410,53,104,24,0,21,60,26,70,0,0,.254,.306,.466,.772
Damon D Hollins C,TB,120,342,44,85,17,1,13,46,23,63,8,1,.249,.296,.418,.714
Bengie B Molina,LAA,119,410,45,121,17,0,15,69,27,41,0,2,.295,.336,.446,.782
John J Buck,KC,118,401,40,97,21,1,12,47,23,94,2,2,.242,.287,.389,.676
Damian D Jackson L,SD,118,275,44,70,9,0,5,23,30,45,15,2,.255,.335,.342,.677
Mike M Lieberthal,PHI,118,392,48,103,25,0,12,47,35,35,0,0,.263,.336,.418,.755
Marco M Scutaro S,OAK,118,381,48,94,22,3,9,37,36,48,5,2,.247,.310,.391,.701
J. T. J Snow,SF,117,367,40,101,17,2,4,40,32,61,1,0,.275,.343,.365,.708
Bobby B Kielty L,OAK,116,377,55,99,20,0,10,57,50,67,3,2,.263,.350,.395,.746
Brian B Schneider,WSH,116,369,38,99,20,1,10,44,29,48,1,0,.268,.330,.409,.739
Wilson W Betemit,ATL,115,246,36,75,12,4,4,20,22,55,1,3,.305,.359,.435,.794
Jose J Cruz R,LAD,115,370,46,93,24,2,18,50,66,101,0,2,.251,.364,.473,.837
Dave D Roberts C,SD,115,411,65,113,19,10,8,38,53,59,23,12,.275,.356,.428,.784
Chris C Snyder,ARI,115,326,24,66,14,0,6,28,40,87,0,1,.202,.297,.301,.598
Rich R Aurilia,CIN,114,426,61,120,23,2,14,68,37,67,2,0,.282,.338,.444,.782
Jerry J Hairston C,CHC,114,380,51,99,25,2,4,30,31,46,8,9,.261,.336,.368,.704
Damian D Miller,MIL,114,385,50,105,25,1,9,43,37,94,0,1,.273,.340,.413,.753
Yadier Y Molina,STL,114,385,36,97,15,1,8,49,23,30,2,3,.252,.295,.358,.654
Orlando O Palmeiro,HOU,114,204,22,58,17,2,3,20,15,23,3,1,.284,.341,.431,.772
Jamey J Carroll,WSH,113,303,44,76,8,1,0,22,34,55,3,4,.251,.333,.284,.617
Lance L Niekro,SF,113,278,32,70,16,3,12,46,17,53,0,2,.252,.295,.460,.755
Mike M Piazza,NYM,113,398,41,100,23,0,19,62,41,67,0,0,.251,.326,.452,.778
Steve S Finley C,LAA,112,406,41,90,20,3,12,54,26,71,8,4,.222,.271,.374,.646
Austin A Kearns R,CIN,112,387,62,93,26,1,18,67,48,107,0,0,.240,.333,.452,.785
John J Mabry R,STL,112,246,26,59,15,1,8,32,20,63,0,0,.240,.295,.407,.701
Jose J Macias,CHC,112,177,15,45,8,0,1,13,6,24,4,3,.254,.274,.316,.591
Pete P Orr,ATL,112,150,32,45,8,1,1,8,6,23,7,1,.300,.331,.387,.718
Nick N Punto,MIN,112,394,45,94,18,4,4,26,36,86,13,8,.239,.301,.335,.636
Nick N Green,TB,111,318,53,76,15,2,5,29,33,86,3,1,.239,.329,.346,.675
Jacob J Cruz,CIN,110,127,12,30,10,0,4,18,16,46,0,0,.236,.324,.409,.734
Tony T Graffanino,BOS,110,379,68,117,17,3,7,38,31,51,7,2,.309,.366,.425,.791
Jason J La Rue,CIN,110,361,38,94,27,0,14,60,41,101,0,0,.260,.355,.452,.806
Kenny K Lofton C,PHI,110,367,67,123,15,5,2,36,32,41,22,3,.335,.392,.420,.811
Rafael R Palmeiro,BAL,110,369,47,98,13,0,18,60,43,43,2,0,.266,.339,.447,.786
Oscar O Robles S,LAD,110,364,44,99,18,1,5,34,31,33,0,8,.272,.332,.368,.700
Todd T Walker,CHC,110,397,50,121,25,3,12,40,31,40,1,1,.305,.355,.474,.828
Edgardo E Alfonzo,SF,109,368,36,102,17,1,2,43,27,34,2,0,.277,.327,.345,.672
Geoff G Blum,CWS,109,319,32,73,15,2,6,25,28,43,3,3,.229,.296,.345,.641
Alex A Gonzalez,TB,109,349,47,94,20,1,9,38,26,74,2,1,.269,.323,.410,.733
Dan D Johnson,OAK,109,375,54,103,21,0,15,58,50,52,0,1,.275,.355,.451,.806
Chipper C Jones,ATL,109,358,66,106,30,0,21,72,72,56,5,1,.296,.412,.556,.968
Olmedo O Saenz,LAD,109,319,39,84,24,0,15,63,27,63,0,1,.263,.325,.480,.804
Chris C Burke L,HOU,108,318,49,79,19,2,5,26,23,62,11,6,.248,.309,.368,.676
Jeff J Da Vanon D,LAA,108,225,42,52,10,1,2,15,39,44,11,6,.231,.347,.311,.658
Julio J Franco,ATL,108,233,30,64,12,1,9,42,27,57,4,0,.275,.348,.451,.799
Tony T Womack,NYY,108,329,46,82,8,1,0,15,12,49,27,5,.249,.276,.280,.556
Chris C Shelton,DET,107,388,61,116,22,3,18,59,34,87,0,0,.299,.360,.510,.870
Cesar C Izturis S,LAD,106,444,48,114,19,2,2,31,25,51,8,8,.257,.302,.322,.624
Juan J Rivera R,LAA,106,350,46,95,17,1,15,59,23,44,1,9,.271,.316,.454,.770
Johnny J Estrada,ATL,105,357,31,93,26,0,4,39,20,38,0,0,.261,.303,.367,.670
Aaron A Hill D,TOR,105,361,49,99,25,3,3,40,34,41,2,1,.274,.342,.385,.727
Mark M Loretta,SD,105,404,54,113,16,1,3,38,45,34,8,4,.280,.360,.347,.707
Jason J Michaels C,PHI,105,289,54,88,16,2,4,31,44,45,3,3,.304,.399,.415,.814
Ryan R Freel,CIN,103,369,69,100,19,3,4,21,51,59,36,10,.271,.371,.371,.743
Javy J Lopez,BAL,103,395,47,110,24,1,15,49,19,68,0,1,.278,.322,.458,.780
Ryan R Church L,WSH,102,268,41,77,15,3,9,42,24,70,3,2,.287,.353,.466,.820
Damion D Easley,FLA,102,267,37,64,19,1,9,30,26,47,4,1,.240,.312,.419,.732
Ricky R Ledee L,LAD,102,237,31,66,16,1,7,39,20,55,0,0,.278,.335,.443,.778
Phil P Nevin D,TEX,102,380,46,90,16,1,12,55,27,97,3,0,.237,.287,.379,.666
Sammy S Sosa R,BAL,102,380,39,84,15,1,14,45,39,84,1,1,.221,.295,.376,.671
Jayson J Werth L,LAD,102,337,46,79,22,2,7,43,48,114,11,2,.234,.338,.374,.712
Jose J Castillo,PIT,101,370,49,99,16,3,11,53,23,59,2,3,.268,.307,.416,.724
Deivi D Cruz,WSH,101,260,28,69,11,1,5,20,11,34,0,1,.265,.298,.373,.671
Jonny J Gomes D,TB,101,348,61,98,13,6,21,54,39,113,9,5,.282,.372,.534,.906
Brad B Hawpe R,COL,101,305,38,80,10,3,9,47,43,70,2,2,.262,.350,.403,.754
Matthew M Le Croy D,MIN,101,304,33,79,5,0,17,50,41,85,0,0,.260,.354,.444,.798
Chris C Magruder,MIL,101,138,16,28,9,0,2,13,7,33,3,0,.203,.265,.312,.576
Miguel M Cairo,NYM,100,327,31,82,18,0,2,19,19,31,13,3,.251,.296,.324,.620
Larry L Walker R,STL,100,315,66,91,20,1,15,52,41,64,2,1,.289,.384,.502,.886
Ramon R Castro,NYM,99,209,26,51,16,0,8,41,25,58,1,0,.244,.321,.435,.756
Ramon R Hernandez,SD,99,369,36,107,19,2,12,58,18,40,1,0,.290,.322,.450,.772
Aaron A Miles,COL,99,324,37,91,12,3,2,28,8,38,4,2,.281,.306,.355,.661
Wily Mo W Peña Pena R,CIN,99,311,42,79,17,0,19,51,20,116,2,1,.254,.304,.492,.796
Endy E Chavez,PHI,98,116,19,25,4,3,0,11,7,14,2,2,.216,.260,.302,.562
Torii T Hunter C,MIN,98,372,63,100,24,1,14,56,34,65,23,7,.269,.337,.452,.788
Dustan D Mohr R,COL,98,266,34,57,10,3,17,38,23,94,1,2,.214,.280,.466,.746
Antonio A Perez,LAD,98,259,28,77,13,2,3,23,21,61,11,4,.297,.360,.398,.758
Jose J Vizcaino,HOU,98,187,15,46,10,2,1,23,15,40,2,0,.246,.299,.337,.636
Juan J Castro S,MIN,97,272,27,70,18,1,5,33,9,39,0,1,.257,.279,.386,.665
Corey C Koskie,TOR,97,354,49,88,20,0,11,36,44,90,4,1,.249,.337,.398,.735
Rondell R White L,DET,97,374,49,117,24,3,12,53,17,48,1,0,.313,.348,.489,.837
Alex A Cora,BOS,96,250,25,58,8,4,3,24,11,30,7,2,.232,.275,.332,.607
David D Newhan C,BAL,96,218,31,44,9,0,5,21,22,45,9,2,.202,.279,.312,.591
Rickie R Weeks Jr.,MIL,96,360,56,86,13,2,13,42,40,96,15,2,.239,.333,.394,.727
Wes W Helms,MIL,95,168,18,50,13,1,4,24,14,30,0,1,.298,.356,.458,.815
Mark M Bellhorn,NYY,94,300,43,63,20,0,8,30,52,112,3,0,.210,.324,.357,.681
Tomas T Perez,PHI,94,159,17,37,7,0,0,22,11,27,1,0,.233,.289,.277,.566
Carlos C Baerga,WSH,93,158,18,40,7,0,2,19,7,17,0,0,.253,.318,.335,.653
Sean S Burroughs,SD,93,284,20,71,7,2,1,17,24,41,4,0,.250,.318,.299,.618
Humberto H Cota,PIT,93,297,29,72,20,1,7,43,17,80,0,0,.242,.285,.387,.672
Robert R Fick,SD,93,230,25,61,10,2,3,30,26,33,0,2,.265,.340,.365,.705
Reggie R Sanders L,STL,93,295,49,80,14,2,21,54,28,75,14,1,.271,.340,.546,.886
J D Closser,COL,92,237,31,52,12,2,7,27,32,48,1,0,.219,.314,.376,.689
Eric E Bruntlett,HOU,91,109,19,24,5,2,4,14,10,25,7,2,.220,.292,.413,.704
Miguel M Olivo,SD,91,267,30,58,11,1,9,34,8,80,7,2,.217,.246,.367,.614
B. J. B Surhoff L,BAL,91,303,30,78,11,2,5,34,11,32,0,0,.257,.282,.356,.639
Larry L Bigbie C,COL,90,272,27,65,10,2,5,23,24,67,5,3,.239,.301,.346,.647
Victor V Diaz R,NYM,89,280,41,72,17,3,12,38,30,82,6,2,.257,.329,.468,.797
Chris C Gomez,BAL,89,219,27,61,11,0,1,18,27,17,2,1,.279,.359,.342,.701
Bret B Boone,MIN,88,326,33,72,15,3,7,37,28,65,4,2,.221,.290,.350,.639
Mike M Edwards,LAD,88,239,23,59,9,2,3,15,16,34,1,1,.247,.300,.339,.638
Richard R Hidalgo,TEX,88,308,43,68,12,0,16,43,26,74,1,2,.221,.289,.416,.705
Ryan R Howard,PHI,88,312,52,90,17,2,22,63,33,100,0,1,.288,.356,.567,.924
Luis L Terrero C,ARI,88,161,23,37,6,1,4,20,14,40,3,2,.230,.313,.354,.667
Carlos C Guillen S,DET,87,334,48,107,15,4,5,23,24,45,2,3,.320,.368,.434,.803
Kelly K Johnson L,ATL,87,290,46,70,12,3,9,40,40,75,2,1,.241,.334,.397,.731
Kazuo K Matsui,NYM,87,267,31,68,9,4,3,24,14,43,6,1,.255,.300,.352,.652
Doug D Mientkiewicz,NYM,87,275,36,66,13,0,11,29,32,39,0,1,.240,.322,.407,.729
John J Olerud,BOS,87,173,18,50,7,0,7,37,16,20,0,0,.289,.344,.451,.795
Jose J Vidro,WSH,87,309,38,85,21,2,7,32,31,30,0,0,.275,.339,.424,.763
Ruben R Gotay,KC,86,282,32,64,14,2,5,29,22,51,2,2,.227,.288,.344,.632
Jose J Offerman,NYM,86,105,11,24,3,1,2,13,11,17,0,0,.229,.308,.333,.641
Russell R Branyan,MIL,85,202,23,52,11,0,12,31,39,80,1,0,.257,.378,.490,.868
Bobby B Crosby S,OAK,84,333,66,92,25,4,9,38,35,54,0,0,.276,.346,.456,.802
Jose J Hernandez,CLE,84,234,28,54,7,0,6,31,14,60,1,3,.231,.277,.338,.614
Scott S Eyre,SF,83,2,0,0,0,0,0,0,1,2,0,0,.000,.333,.000,.333
Lenny L Harris,FLA,83,70,5,22,4,0,1,13,7,11,0,1,.314,.385,.414,.799
Joe J Mc Ewing,KC,83,180,16,43,7,0,1,6,6,35,4,4,.239,.263,.294,.558
Willie W Bloomquist,SEA,82,249,27,64,15,2,0,22,11,38,14,1,.257,.289,.333,.622
Magglio M Ordonez R,DET,82,305,38,92,17,0,8,46,30,35,0,0,.302,.359,.436,.795
Clint C Barmes S,COL,81,350,55,101,19,1,10,46,16,36,6,4,.289,.330,.434,.764
Chris C Woodward,NYM,81,173,16,49,10,0,3,18,13,46,0,0,.283,.337,.393,.730
Danny D Ardoin,COL,80,210,28,48,10,0,6,22,20,69,1,1,.229,.320,.362,.681
Marlon M Byrd L,WSH,79,229,20,61,15,2,2,26,19,50,5,1,.266,.323,.376,.698
Carlos C Pena,DET,79,260,37,61,9,0,18,44,31,95,0,1,.235,.325,.477,.802
Luis Antonio L Rodriguez,MIN,79,175,21,47,10,2,2,20,18,23,2,2,.269,.335,.383,.718
Jeff J Cirillo,MIL,77,185,29,52,15,0,4,23,23,22,4,2,.281,.373,.427,.800
Maicer M Izturis,LAA,77,191,18,47,8,4,1,15,17,21,9,3,.246,.306,.346,.652
Eduardo E Perez,TB,77,161,23,41,6,0,11,28,26,30,0,2,.255,.368,.497,.865
Junior J Spivey,WSH,77,259,37,60,15,1,7,24,29,83,9,3,.232,.315,.378,.693
Mike M Cameron R,NYM,76,308,47,84,23,2,12,39,29,85,13,1,.273,.342,.477,.819
Bubba B Crosby C,NYY,76,98,15,27,0,1,1,6,4,14,4,1,.276,.304,.327,.630
Brian B Fuentes,COL,76,0,0,0,0,0,0,0,0,0,0,0,.000,.000,.000,.000
Joey J Gathright C,TB,76,203,29,56,7,3,0,13,10,39,20,5,.276,.316,.340,.656
Brian B Jordan L,ATL,76,231,25,57,8,2,3,24,14,46,2,0,.247,.295,.338,.632
Timo T Perez,CWS,76,179,13,39,8,0,2,15,12,25,2,2,.218,.266,.296,.562
Yorvit Y Torrealba,SEA,76,201,32,47,12,0,3,15,16,50,1,0,.234,.297,.338,.635
Javier J Valentin,CIN,76,221,36,62,11,0,14,50,30,37,0,0,.281,.362,.520,.883
Milton M Bradley C,LAD,75,283,49,82,14,1,13,38,25,47,6,1,.290,.350,.484,.835
Ryan R Doumit,PIT,75,231,25,59,13,1,6,35,11,48,2,1,.255,.324,.398,.722
Ryan R Madson,PHI,75,6,0,0,0,0,0,0,1,0,0,0,.000,.143,.000,.143
Gary G Majewski,WSH,75,6,0,0,0,0,0,0,0,3,0,0,.000,.000,.000,.000
Kent K Mercker,CIN,75,0,0,0,0,0,0,0,0,0,0,0,.000,.000,.000,.000
Jose J Molina,LAA,75,184,14,42,4,0,6,25,13,41,2,0,.228,.286,.348,.634
Chad C Qualls,HOU,75,1,0,0,0,0,0,0,0,1,0,0,.000,.000,.000,.000
Duaner D Sanchez,LAD,75,4,0,0,0,0,0,0,0,0,0,0,.000,.000,.000,.000
Salomon S Torres,PIT,75,4,0,2,0,0,0,0,0,2,0,0,.500,.500,.500,1.000
Jason J Bartlett S,MIN,74,224,33,54,10,1,3,16,21,37,4,0,.241,.316,.335,.651
Ray R King,STL,74,0,0,0,0,0,0,0,0,0,0,0,.000,.000,.000,.000
Chris C Reitsma,ATL,74,1,0,0,0,0,0,0,0,0,0,0,.000,.000,.000,.000
Billy B Wagner,PHI,74,3,0,1,0,0,0,0,0,2,0,0,.333,.333,.333,.667
Yhency Y Brazoban,LAD,73,2,0,0,0,0,0,0,0,1,0,0,.000,.000,.000,.000
Desi D Relaford S,COL,73,210,24,47,13,2,1,16,22,42,3,3,.224,.308,.319,.627
Michael M Wuertz,CHC,73,2,0,0,0,0,0,0,0,2,0,0,.000,.000,.000,.000
Chad C Cordero,WSH,72,0,0,0,0,0,0,0,0,0,0,0,.000,.000,.000,.000
J. D. J Drew R,LAD,72,252,48,72,12,1,15,36,51,50,1,1,.286,.412,.520,.931
Michael M Morse S,SEA,72,230,27,64,10,1,3,23,18,50,3,1,.278,.349,.370,.718
Julian J Tavarez,STL,71,0,0,0,0,0,0,0,0,0,0,0,.000,.000,.000,.000
Jeff J Francoeur R,ATL,70,257,41,77,20,1,14,45,11,58,3,2,.300,.336,.549,.884
Scott S Linebrink,SD,70,1,0,0,0,0,0,0,0,0,0,0,.000,.000,.000,.000
Frank F Menechino D,TOR,70,148,22,32,7,0,4,13,25,33,0,1,.216,.352,.345,.696
Pablo P Ozuna,CWS,70,203,27,56,7,2,0,11,7,26,14,7,.276,.313,.330,.643
David D Weathers,CIN,70,0,0,0,0,0,0,0,0,0,0,0,.000,.000,.000,.000
Jim J Brower,ATL,69,2,0,0,0,0,0,0,0,1,0,0,.000,.000,.000,.000
Giovanni G Carrara,LAD,69,1,0,0,0,0,0,0,0,1,0,0,.000,.000,.000,.000
Edwin E Encarnación,CIN,69,211,25,49,16,0,9,31,20,60,3,0,.232,.308,.436,.744
Gary G Bennett,WSH,68,199,11,44,7,0,1,21,21,37,0,1,.221,.298,.271,.569
John J Mc Donald S,DET,68,166,18,46,6,1,0,16,11,24,6,1,.277,.326,.325,.651
Dan D Wheeler,HOU,68,0,0,0,0,0,0,0,0,0,0,0,.000,.000,.000,.000
Rick R White,PIT,68,2,0,0,0,0,0,0,0,0,0,0,.000,.000,.000,.000
Brad B Lidge,HOU,67,0,0,0,0,0,0,0,0,0,0,0,.000,.000,.000,.000
Will W Ohman,CHC,67,0,0,0,0,0,0,0,0,0,0,0,.000,.000,.000,.000
Mark M De Rosa R,TEX,66,148,26,36,5,0,8,20,16,35,1,0,.243,.325,.439,.764
Jason J Dubois D,CLE,66,187,21,44,12,0,9,24,12,74,0,1,.235,.292,.444,.736
La Troy L Hawkins,SF,66,0,0,0,0,0,0,0,0,0,0,0,.000,.000,.000,.000
Chad C Moeller,MIL,66,199,23,41,9,1,7,23,13,48,0,0,.206,.257,.367,.624
Michael M Restovich,PIT,66,115,15,27,5,1,3,8,11,29,0,0,.235,.302,.374,.676
Chris C Aguila L,FLA,65,78,11,19,3,0,0,4,3,19,0,1,.244,.272,.282,.554
Luis L Ayala,WSH,65,3,0,1,0,0,0,0,0,0,0,0,.333,.333,.333,.667
Lance L Cormier,ARI,65,6,0,2,0,0,0,1,0,1,0,0,.333,.333,.333,.667
Jason J Grabowski,LAD,65,112,14,18,0,0,4,12,10,29,1,0,.161,.228,.268,.496
Mike M De Jean,COL,64,0,0,0,0,0,0,0,0,0,0,0,.000,.000,.000,.000
Sal S Fasano,BAL,64,160,25,40,3,0,11,20,9,41,0,0,.250,.310,.475,.785
Geronimo G Gil,BAL,64,125,7,24,3,0,4,17,5,23,0,0,.192,.220,.312,.532
Roberto R Hernandez,NYM,64,0,0,0,0,0,0,0,0,0,0,0,.000,.000,.000,.000
Todd T Jones,FLA,64,3,0,1,0,0,0,0,0,2,0,0,.333,.333,.333,.667
Hector H Luna R,STL,64,137,26,39,10,2,1,18,9,25,10,2,.285,.344,.409,.753
Derrick D Turnbow,MIL,64,0,0,0,0,0,0,0,0,0,0,0,.000,.000,.000,.000
Dan D Kolb,ATL,63,1,0,0,0,0,0,0,0,1,0,0,.000,.000,.000,.000
Brian B Meadows,PIT,63,1,0,0,0,0,0,0,0,0,0,0,.000,.000,.000,.000
Laynce L Nix C,TEX,63,229,28,55,12,3,6,32,9,45,2,0,.240,.267,.397,.664
Al A Reyes,STL,63,1,0,0,0,0,0,0,1,1,0,0,.000,.500,.000,.500
Tyler T Walker,SF,63,1,0,0,0,0,0,0,0,0,0,0,.000,.000,.000,.000
Nomar N Garciaparra,CHC,62,230,28,65,12,0,9,30,12,24,0,0,.283,.320,.452,.772
Akinori A Otsuka,SD,62,1,0,0,0,0,0,0,0,1,0,0,.000,.000,.000,.000
Alex A Sanchez,SF,62,176,32,57,11,1,2,16,8,34,8,5,.324,.353,.432,.785
Hector H Carrasco,WSH,61,8,1,0,0,0,0,0,0,7,0,0,.000,.000,.000,.000
Ryan R Dempster,CHC,61,14,0,1,0,0,0,0,0,5,0,0,.071,.071,.071,.143
John J Grabow,PIT,61,0,0,0,0,0,0,0,0,0,0,0,.000,.000,.000,.000
Dallas D Mc Pherson,LAA,61,205,29,50,14,2,8,26,14,64,3,3,.244,.295,.449,.744
Jorge J Piedra,COL,61,112,19,35,8,1,6,16,10,15,2,1,.313,.371,.563,.934
Ruben R Sierra D,NYY,61,170,14,39,12,0,4,29,9,41,0,0,.229,.265,.371,.636
Vance V Wilson,DET,61,152,18,30,4,0,3,19,11,26,0,0,.197,.275,.283,.558
Matt M Belisle,CIN,60,7,0,1,0,0,0,0,0,3,0,0,.143,.143,.143,.286
Yuniesky Y Betancourt S,SEA,60,211,24,54,11,5,1,15,11,24,1,3,.256,.296,.370,.666
Dave D Hansen,SEA,60,75,5,13,0,0,2,11,9,19,1,0,.173,.256,.253,.509
Trevor T Hoffman,SD,60,0,0,0,0,0,0,0,0,0,0,0,.000,.000,.000,.000
Todd T Linden R,SF,60,171,20,37,8,0,4,13,10,54,3,0,.216,.280,.333,.613
Todd T Pratt,PHI,60,175,17,44,4,0,7,23,19,50,0,0,.251,.332,.394,.726
Greg G Dobbs,SEA,59,142,8,35,7,1,1,20,9,25,1,0,.246,.288,.331,.619
John J Foster,ATL,59,0,0,0,0,0,0,0,0,0,0,0,.000,.000,.000,.000
Jody J Gerut R,PIT,59,170,15,43,11,1,1,14,20,20,1,1,.253,.330,.347,.677
Brian B Mc Cann,ATL,59,180,20,50,7,0,5,23,18,26,1,1,.278,.345,.400,.745
Miguel M Ojeda,SEA,59,102,8,15,3,1,1,9,15,24,1,2,.147,.256,.225,.482
Luis L Rivas,MIN,59,136,21,35,3,1,1,12,9,17,4,0,.257,.311,.316,.627
Scott S Seabol,STL,59,105,11,23,5,0,1,10,8,23,0,0,.219,.272,.295,.567
Russ R Springer,HOU,59,0,0,0,0,0,0,0,0,0,0,0,.000,.000,.000,.000
Kelly K Stinnett,ARI,59,129,15,32,4,0,6,12,12,32,0,0,.248,.317,.419,.736
Jim J Thome,PHI,59,193,26,40,7,0,7,30,45,59,0,0,.207,.360,.352,.712
Craig C Wilson R,PIT,59,197,23,52,14,1,5,22,30,69,3,0,.264,.387,.421,.808
Einar E Díaz Diaz,STL,58,130,14,27,6,0,1,17,5,12,0,0,.208,.248,.277,.525
Joey J Eischen,WSH,58,3,0,1,0,0,0,0,0,2,0,0,.333,.333,.333,.667
Aaron A Fultz,PHI,58,3,1,1,0,0,0,0,0,2,0,0,.333,.333,.333,.667
Bobby B Hill,PIT,58,93,12,25,6,0,0,11,9,17,0,0,.269,.343,.333,.676
Jason J Isringhausen,STL,58,0,0,0,0,0,0,0,0,0,0,0,.000,.000,.000,.000
Matt M Treanor,FLA,58,134,10,27,8,0,0,13,16,28,0,0,.201,.301,.261,.562
Jose J Valverde,ARI,58,0,0,0,0,0,0,0,0,0,0,0,.000,.000,.000,.000
Braden B Looper,NYM,57,0,0,0,0,0,0,0,0,0,0,0,.000,.000,.000,.000
Michael M Ryan,MIN,57,117,7,27,5,0,2,13,9,22,1,2,.231,.283,.325,.608
Ty T Wigginton,PIT,57,155,20,40,9,1,7,25,14,30,0,1,.258,.324,.465,.788
Tony T Blanco,WSH,56,62,7,11,3,0,1,7,2,19,1,0,.177,.215,.274,.490
Willie W Harris,CWS,56,121,17,31,2,1,1,8,13,25,10,3,.256,.333,.314,.647
John J Rodriguez L,STL,56,149,15,44,6,0,5,24,19,45,2,0,.295,.382,.436,.818
Scott S Rolen,STL,56,196,28,46,12,1,5,28,25,28,1,2,.235,.323,.383,.706
Jose J Valentin,LAD,56,147,17,25,4,2,2,14,31,38,3,1,.170,.326,.265,.591
Eric E Young Sr.,SD,56,142,22,39,9,0,2,12,18,12,7,6,.275,.356,.380,.736
Brad B Eldred,PIT,55,190,23,42,9,0,12,27,13,77,1,1,.221,.279,.458,.737
Ugueth U Urbina,PHI,55,0,0,0,0,0,0,0,0,0,0,0,.000,.000,.000,.000
Henry H Blanco,CHC,54,161,16,39,6,0,6,25,11,24,0,0,.242,.287,.391,.679
Todd T Coffey,CIN,54,3,0,0,0,0,0,0,0,3,0,0,.000,.000,.000,.000
Jose J Lopez,SEA,54,190,18,47,19,0,2,25,6,25,4,2,.247,.282,.379,.661
Eli E Marrero L,BAL,54,138,19,25,7,2,7,19,11,38,1,0,.181,.239,.413,.652
Ray R Olmedo,CIN,54,77,10,17,4,1,1,4,6,22,4,0,.221,.282,.338,.620
Robb R Quinlan,LAA,54,134,17,31,8,0,5,14,7,26,0,1,.231,.273,.403,.676
Terry T Tiffee,MIN,54,150,9,31,8,1,1,15,8,15,1,0,.207,.245,.293,.539
Chip C Ambres,KC,53,145,25,35,8,0,4,9,16,32,3,2,.241,.323,.379,.702
Jason J Christiansen,SF,53,0,0,0,0,0,0,0,0,0,0,0,.000,.000,.000,.000
Jose J Mesa,PIT,53,1,0,0,0,0,0,0,0,1,0,0,.000,.000,.000,.000
Guillermo G Mota,FLA,53,3,0,0,0,0,0,0,0,3,0,0,.000,.000,.000,.000
Rudy R Seanez,SD,53,0,0,0,0,0,0,0,0,0,0,0,.000,.000,.000,.000
Rheal R Cormier,PHI,52,1,0,0,0,0,0,0,0,1,0,0,.000,.000,.000,.000
Chris C Hammond,SD,52,3,0,0,0,0,0,0,0,1,0,0,.000,.000,.000,.000
Ramon R Martinez,PHI,52,112,11,31,3,0,1,14,6,11,0,0,.277,.309,.330,.639
Keith K Ginter,OAK,51,137,12,22,5,0,3,25,13,25,0,0,.161,.234,.263,.496
Matt M Murton L,CHC,51,140,19,45,3,2,7,14,16,22,2,1,.321,.386,.521,.908
David D Ross,SD,51,125,11,30,8,1,3,15,6,28,0,0,.240,.279,.392,.671
Wilson W Valdez S,SD,51,139,9,28,7,1,0,9,8,26,2,2,.201,.245,.266,.511
Tim T Worrell,ARI,51,1,0,0,0,0,0,0,0,1,0,0,.000,.000,.000,.000
Doug D Mirabelli,BOS,50,136,16,31,7,0,6,18,14,48,2,0,.228,.309,.412,.721
Dioner D Navarro,LAD,50,176,21,48,9,0,3,14,20,21,0,0,.273,.354,.375,.728
Michael M Gonzalez,PIT,49,0,0,0,0,0,0,0,0,0,0,0,.000,.000,.000,.000
Aaron A Heilman,NYM,49,14,0,0,0,0,0,0,1,7,0,0,.000,.067,.000,.067
Jim J Mecir,FLA,48,0,0,0,0,0,0,0,0,0,0,0,.000,.000,.000,.000
Roberto R Novoa,CHC,48,1,0,0,0,0,0,0,0,0,0,0,.000,.000,.000,.000
Steve S Schmoll,LAD,48,1,0,0,0,0,0,0,0,0,0,0,.000,.000,.000,.000
David D Cortes,COL,47,2,0,0,0,0,0,0,0,0,0,0,.000,.000,.000,.000
John J Flaherty,NYY,47,127,10,21,5,0,2,11,6,26,0,0,.165,.206,.252,.458
Randy R Flores,STL,47,1,0,0,0,0,0,0,0,0,0,0,.000,.000,.000,.000
Curtis C Granderson,DET,47,162,18,44,6,3,8,20,10,43,1,1,.272,.314,.494,.808
Casey C Kotchman D,LAA,47,126,16,35,5,0,7,22,15,18,1,1,.278,.352,.484,.836
Josh J Phelps D,TB,47,158,21,42,10,0,5,26,12,48,0,0,.266,.328,.424,.752
Sandy S Alomar,TEX,46,128,11,35,7,0,0,14,5,12,0,0,.273,.306,.328,.634
Matt M Wise,MIL,46,1,0,1,0,0,0,1,0,0,0,0,1.000,1.000,1.000,2.000
Mike M Redmond,MIN,45,148,17,46,9,0,1,26,6,14,0,0,.311,.350,.392,.742
Glendon G Rusch,CHC,45,41,2,6,2,0,0,0,1,9,0,0,.146,.186,.195,.381
Chris C Widger,CWS,45,141,18,34,8,0,4,11,10,22,0,2,.241,.296,.383,.679
Brian B Bruney,ARI,44,1,0,0,0,0,0,0,0,0,0,0,.000,.000,.000,.000
Jeff J Fassero,SF,44,13,0,0,0,0,0,0,0,6,0,0,.000,.000,.000,.000
Marquis M Grissom C,SF,44,137,8,29,4,0,2,15,7,18,1,1,.212,.248,.285,.533
Mike M Koplove,ARI,44,2,0,0,0,0,0,0,0,1,0,0,.000,.000,.000,.000
Kelly K Wunsch,LAD,44,1,0,0,0,0,0,0,0,1,0,0,.000,.000,.000,.000
Kevin K Youkilis,BOS,44,79,11,22,7,0,1,9,14,19,0,1,.278,.400,.405,.805
Adrian A González Gonzalez D,TEX,43,150,17,34,7,1,6,17,10,37,0,0,.227,.272,.407,.678
Jason J Marquis,STL,43,87,10,27,8,1,1,10,2,11,0,0,.310,.326,.460,.786
Jorge J Sosa,ATL,43,31,1,3,0,0,0,0,1,15,0,0,.097,.125,.097,.222
Eddy E Garabito,COL,42,88,15,27,5,0,1,8,8,12,3,2,.307,.384,.398,.782
Blaine B Boyer,ATL,41,0,0,0,0,0,0,0,0,0,0,0,.000,.000,.000,.000
Ronny R Cedeno S,CHC,41,80,13,24,3,0,1,6,5,11,1,0,.300,.356,.375,.731
Erubiel E Durazo D,OAK,41,152,15,36,6,1,4,16,14,24,1,0,.237,.305,.368,.674
Nate N Mc Louth C,PIT,41,109,20,28,6,0,5,12,3,20,2,0,.257,.305,.450,.755
Raul R Mondesi,ATL,41,142,17,30,7,1,4,17,12,35,0,1,.211,.271,.359,.630
Ryan R Vogelsong,PIT,41,9,0,1,1,0,0,0,0,4,0,0,.111,.200,.222,.422
Gabe G Gross R,TOR,40,92,11,23,4,1,1,7,10,21,1,1,.250,.324,.348,.671
Conor C Jackson,ARI,40,85,8,17,3,0,2,8,12,11,0,0,.200,.303,.306,.609
Matt M Kata,PHI,40,37,7,7,2,1,0,0,5,6,0,1,.189,.286,.297,.583
Scott S Munter,SF,40,0,0,0,0,0,0,0,0,0,0,0,.000,.000,.000,.000
Julio J Santana,MIL,40,1,0,0,0,0,0,0,0,0,0,0,.000,.000,.000,.000
Ryan R Wagner,CIN,40,1,1,0,0,0,0,0,0,1,0,0,.000,.000,.000,.000
Jeff J Bagwell,HOU,39,100,11,25,4,0,3,19,18,21,0,0,.250,.358,.380,.738
Heath H Bell,NYM,39,3,0,0,0,0,0,0,0,1,0,0,.000,.000,.000,.000
Pat P Borders,SEA,39,117,12,23,5,0,1,7,4,22,0,0,.197,.228,.265,.493
Chris C Duffy,PIT,39,126,22,43,4,2,1,9,7,22,2,2,.341,.385,.429,.814
Prince P Fielder,MIL,39,59,2,17,4,0,2,10,2,17,0,0,.288,.306,.458,.764
Byung- Hyun B Kim,COL,39,38,0,3,0,0,0,2,2,6,0,0,.079,.122,.079,.201
Adam A Melhuse,OAK,39,97,11,24,7,0,2,12,5,28,0,0,.247,.284,.381,.666
Omar O Quintanilla S,COL,39,128,16,28,1,1,0,7,9,15,2,1,.219,.270,.242,.512
Ramon R Vázquez,CLE,39,85,7,18,5,0,0,5,5,17,0,0,.212,.256,.271,.526
Gerald G Williams L,NYM,39,30,9,7,2,0,1,3,1,7,2,0,.233,.258,.400,.658
Dontrelle D Willis,FLA,39,92,14,24,4,0,1,11,3,13,0,0,.261,.289,.337,.626
Ricky R Bottalico,MIL,38,0,0,0,0,0,0,0,0,0,0,0,.000,.000,.000,.000
Todd T Greene,COL,38,126,10,32,4,0,7,23,7,21,0,0,.254,.299,.452,.751
Marcus M Thames L,DET,38,107,11,21,2,0,7,16,9,38,0,0,.196,.263,.411,.674
Brad B Thompson,STL,38,6,0,1,0,0,0,0,0,2,0,0,.167,.167,.167,.333
Marcos M Carvajal,COL,37,4,0,1,0,0,0,2,0,3,0,0,.250,.250,.250,.500
Roger R Cedeno,STL,37,57,4,9,1,0,0,8,2,6,0,2,.158,.197,.175,.372
Raul R Chavez,HOU,37,99,6,17,3,0,2,6,4,18,1,0,.172,.210,.263,.472
Geoff G Geary,PHI,37,6,0,1,0,0,0,0,0,4,0,0,.167,.167,.167,.333
Danny D Graves,NYM,37,0,0,0,0,0,0,0,0,0,0,0,.000,.000,.000,.000
Jose J Acevedo,COL,36,8,0,1,0,0,0,0,1,6,0,0,.125,.300,.125,.425
Jorge J De La Rosa,MIL,36,0,0,0,0,0,0,0,0,0,0,0,.000,.000,.000,.000
Mike M Gallo,HOU,36,0,0,0,0,0,0,0,0,0,0,0,.000,.000,.000,.000
Gabe G Kapler R,BOS,36,97,15,24,7,0,1,9,3,15,1,0,.247,.282,.351,.632
Brian B Moehler,FLA,36,40,1,3,1,0,0,3,1,15,0,0,.075,.119,.100,.219
Brian B Shackelford,CIN,36,1,0,0,0,0,0,0,0,1,0,0,.000,.000,.000,.000
Ryan R Shealy,COL,36,91,14,30,7,0,2,16,13,22,1,0,.330,.413,.473,.886
Adam A Stern,BOS,36,15,4,2,0,0,1,2,0,4,1,1,.133,.188,.333,.521
Jeff J Weaver,LAD,36,70,6,16,2,0,0,7,2,19,0,0,.229,.250,.257,.507
Alberto A Castillo,OAK,35,101,13,21,5,1,1,14,12,22,1,0,.208,.289,.307,.596
Ken K Huckaby,TOR,35,87,8,18,4,0,0,6,5,19,0,0,.207,.250,.253,.503
D' Angelo D Jimenez,CIN,35,105,14,24,7,0,0,5,14,23,2,1,.229,.319,.295,.615
Mike M Stanton,WSH,35,1,1,0,0,0,0,0,0,0,0,0,.000,.000,.000,.000
Greg G Aquino,ARI,34,0,0,0,0,0,0,0,0,0,0,0,.000,.000,.000,.000
Josh J Bard,CLE,34,83,6,16,4,0,1,9,9,11,0,0,.193,.266,.277,.543
Matt M Diaz L,KC,34,89,7,25,4,2,1,9,4,15,0,1,.281,.323,.404,.727
Chad C Harville,HOU,34,1,0,0,0,0,0,0,0,1,0,0,.000,.000,.000,.000
Livan L Hernandez,WSH,34,82,7,20,2,1,2,7,0,8,0,0,.244,.253,.366,.619
Koyie K Hill,ARI,34,78,6,17,5,0,0,6,11,27,0,1,.218,.308,.282,.590
D. J. D Houlton,LAD,34,30,1,3,1,0,0,1,3,18,0,0,.100,.182,.133,.315
Jon J Lieber,PHI,34,73,7,7,2,0,0,4,1,29,0,0,.096,.107,.123,.230
Greg G Maddux,CHC,34,76,4,13,0,0,1,5,0,15,1,0,.171,.171,.211,.382
Josh J Paul,LAA,34,37,4,7,1,0,2,4,2,9,0,0,.189,.231,.378,.609
Horacio H Ramirez,ATL,34,73,4,16,3,0,0,2,1,17,0,0,.219,.230,.260,.490
Mike M Remlinger,CHC,34,0,0,0,0,0,0,0,0,0,0,0,.000,.000,.000,.000
Luke L Scott,HOU,34,80,6,15,4,2,0,4,9,23,1,1,.188,.270,.288,.557
Frank F Thomas D,CWS,34,105,19,23,3,0,12,26,16,31,0,0,.219,.315,.590,.905
Jamey J Wright,COL,34,55,2,8,1,0,0,3,1,21,0,0,.145,.161,.164,.324
Antonio A Alfonseca,FLA,33,0,0,0,0,0,0,0,0,0,0,0,.000,.000,.000,.000
Adam A Bernero,ATL,33,1,0,1,0,0,0,0,0,0,0,0,1.000,1.000,1.000,2.000
Chris C Capuano,MIL,33,71,5,12,3,0,0,9,2,33,0,0,.169,.189,.211,.400
Doug D Davis,MIL,33,73,2,10,3,1,0,3,1,34,0,0,.137,.149,.205,.354
Josh J Fogg,PIT,33,47,3,5,1,0,0,3,3,14,0,0,.106,.160,.128,.288
Aaron A Guiel C,KC,33,109,18,32,5,0,4,7,6,21,1,0,.294,.355,.450,.805
Dae- Sung D Koo,NYM,33,2,1,1,1,0,0,0,0,1,0,0,.500,.500,1.000,1.500
Esteban E Loaiza,WSH,33,74,3,12,2,0,0,4,0,23,0,1,.162,.162,.189,.351
Derek D Lowe,LAD,33,65,3,10,2,0,0,4,2,17,1,0,.154,.179,.185,.364
Brett B Myers,PHI,33,65,1,10,1,0,0,5,4,19,0,0,.154,.203,.169,.372
Roy R Oswalt,HOU,33,73,1,13,0,0,0,2,2,19,0,0,.178,.211,.178,.389
Dennys D Reyes,SD,33,5,0,1,0,0,0,0,0,2,0,0,.200,.200,.200,.400
Carlos C Zambrano,CHC,33,80,8,24,6,2,1,6,0,25,0,0,.300,.300,.463,.762
Chris C Carpenter,STL,32,77,7,5,2,0,0,2,5,23,0,1,.065,.120,.091,.211
Scott S Dohmann,COL,32,1,0,0,0,0,0,0,0,0,0,0,.000,.000,.000,.000
Kyle K Farnsworth,ATL,32,0,0,0,0,0,0,0,0,0,0,0,.000,.000,.000,.000
Javier J López Lopez,ARI,32,0,0,0,0,0,0,0,0,0,0,0,.000,.000,.000,.000
Noah N Lowry,SF,32,59,6,16,6,0,0,7,3,12,0,0,.271,.302,.373,.674
Brandon B Lyon,ARI,32,0,0,0,0,0,0,0,0,0,0,0,.000,.000,.000,.000
Eric E Milton,CIN,32,56,7,8,1,0,2,4,3,25,0,0,.143,.186,.268,.454
Donnie D Murphy,KC,32,77,4,12,5,0,1,8,9,23,0,1,.156,.241,.260,.501
Andy A Pettitte,HOU,32,62,1,5,0,0,0,3,1,19,0,0,.081,.094,.081,.174
John J Smoltz,ATL,32,68,1,10,2,1,0,3,3,26,0,0,.147,.183,.206,.389
Jason J Standridge,CIN,32,0,0,0,0,0,0,0,0,0,0,0,.000,.000,.000,.000
Kip K Wells,PIT,32,57,4,9,1,0,1,2,0,26,0,0,.158,.172,.228,.400
Randy R Williams,COL,32,1,0,0,0,0,0,0,0,0,0,0,.000,.000,.000,.000
A. J. A Burnett,FLA,31,68,3,10,2,2,1,2,1,34,0,0,.147,.171,.279,.451
Roger R Clemens,HOU,31,58,2,12,2,0,0,4,5,18,0,0,.207,.281,.241,.523
Jeff J Francis,COL,31,58,7,6,2,0,0,4,7,27,0,0,.103,.200,.138,.338
Ben B Johnson L,SD,31,75,10,16,8,1,3,13,11,23,0,2,.213,.310,.467,.777
Brian B Lawrence,SD,31,59,2,5,0,0,0,1,2,29,0,0,.085,.113,.085,.198
Tomo T Ohka,MIL,31,54,2,6,0,0,0,3,2,25,0,0,.111,.143,.111,.254
Paul P Quantrill,FLA,31,1,0,0,0,0,0,0,0,0,0,0,.000,.000,.000,.000
Brett B Tomko,SF,31,55,3,9,1,0,0,5,2,22,0,0,.164,.193,.182,.375
Javier J Vazquez,ARI,31,63,2,15,1,0,1,2,3,10,0,0,.238,.273,.302,.574
Ron R Villone,FLA,31,1,0,0,0,0,0,0,0,1,0,0,.000,.000,.000,.000
Brandon B Webb,ARI,31,62,0,6,0,0,0,2,1,30,0,0,.097,.111,.097,.208
Armando A Benitez,SF,30,0,0,0,0,0,0,0,0,0,0,0,.000,.000,.000,.000
Nate N Bump,FLA,30,5,1,1,0,0,0,0,0,4,0,0,.200,.200,.200,.400
Cal C Eldred,STL,30,2,0,0,0,0,0,0,0,2,0,0,.000,.000,.000,.000
Tom T Glavine,NYM,30,64,2,13,0,0,0,3,2,13,0,0,.203,.227,.203,.430
Aaron A Harang,CIN,30,74,1,2,0,0,0,3,0,39,0,0,.027,.027,.027,.054
Mike M Jacobs,NYM,30,100,19,31,7,0,11,23,10,22,0,0,.310,.375,.710,1.085
Mark M Mulder,STL,30,62,3,9,0,0,0,3,3,25,0,0,.145,.182,.145,.327
Ramon R Ortiz,CIN,30,54,1,4,2,0,0,0,1,23,0,0,.074,.091,.111,.202
John J Patterson,WSH,30,59,2,6,3,0,0,0,0,23,0,0,.102,.117,.153,.269
Charles C Thomas L,OAK,30,46,4,5,0,0,0,1,5,8,0,1,.109,.255,.109,.363
Jay J Witasick,COL,30,0,0,0,0,0,0,0,0,0,0,0,.000,.000,.000,.000
Victor V Zambrano,NYM,30,53,2,7,0,1,0,2,0,22,0,0,.132,.132,.170,.302
Josh J Beckett,FLA,29,59,5,9,3,0,1,6,7,17,0,0,.153,.239,.254,.493
Brandon B Claussen,CIN,29,55,3,5,0,0,0,0,3,22,0,0,.091,.138,.091,.229
Wil W Cordero,WSH,29,51,2,6,2,0,0,2,3,14,0,0,.118,.161,.157,.318
Kevin K Gryboski,ATL,29,0,0,0,0,0,0,0,0,0,0,0,.000,.000,.000,.000
Adam A Hyzdu C,BOS,29,36,2,7,2,0,0,4,5,7,1,0,.194,.286,.250,.536
Cory C Lidle,PHI,29,58,2,8,0,0,0,2,1,30,0,0,.138,.153,.138,.290
Pedro P Martinez,NYM,29,69,2,6,0,0,0,1,1,26,0,0,.087,.100,.087,.187
Matt M Morris,STL,29,57,4,5,0,0,0,2,4,23,0,0,.088,.148,.088,.235
Mark M Redman,PIT,29,53,1,6,0,0,0,2,3,21,0,0,.113,.161,.113,.274
Scott S Spiezio,SEA,29,47,2,3,1,0,1,1,4,18,0,0,.064,.137,.149,.286
Jeff J Suppan,STL,29,58,5,12,2,0,1,5,3,9,0,0,.207,.246,.293,.539
Woody W Williams,SD,29,46,3,7,0,0,0,3,0,19,1,0,.152,.149,.152,.301
Jeremy J Accardo,SF,28,2,0,1,0,0,0,0,0,0,0,0,.500,.500,.500,1.000
Trent T Durrington,MIL,28,14,3,3,1,0,0,2,1,3,5,2,.214,.267,.286,.552
Ross R Gload,CWS,28,42,2,7,2,0,0,5,2,9,0,0,.167,.205,.214,.419
Randy R Messenger,FLA,28,3,0,1,0,0,0,0,1,1,0,0,.333,.500,.333,.833
Jake J Peavy,SD,28,53,5,10,1,0,0,2,4,16,0,0,.189,.259,.208,.466
John J Riedling,FLA,28,2,0,0,0,0,0,0,0,1,0,0,.000,.000,.000,.000
Victor V Santos,MIL,28,40,1,3,0,0,0,0,0,13,0,0,.075,.075,.075,.150
Jason J Schmidt,SF,28,53,2,5,0,0,1,2,0,32,0,0,.094,.111,.151,.262
Chris C Singleton,TB,28,59,9,16,5,0,0,11,6,14,0,0,.271,.348,.356,.704
Eric E Valent,NYM,28,43,4,8,3,0,0,1,7,17,0,0,.186,.300,.256,.556
Shane S Costa L,KC,27,81,13,19,2,0,2,7,5,11,0,0,.235,.287,.333,.621
Elmer E Dessens,LAD,27,10,0,0,0,0,0,0,0,6,0,0,.000,.000,.000,.000
Joe J Dillon,FLA,27,36,6,6,1,0,1,1,1,8,0,0,.167,.211,.278,.488
Dana D Eveland,MIL,27,1,0,0,0,0,0,0,0,0,0,0,.000,.000,.000,.000
Brad B Halsey,ARI,27,48,2,3,0,0,0,2,6,18,0,0,.063,.167,.063,.229
Matt M Herges,ARI,27,0,0,0,0,0,0,0,0,0,0,0,.000,.000,.000,.000
Tim T Hudson,ATL,27,65,2,9,2,1,0,6,3,26,0,0,.138,.176,.200,.376
Brandon B Medders,ARI,27,1,0,0,0,0,0,0,0,0,0,0,.000,.000,.000,.000
Brad B Penny,LAD,27,50,1,8,3,0,0,3,1,17,0,0,.160,.192,.220,.412
Andy A Phillips,NYY,27,40,7,6,4,0,1,4,1,13,0,0,.150,.171,.325,.496
Skip S Schumaker L,STL,27,24,9,6,1,0,0,1,2,2,1,0,.250,.308,.292,.599
Jason J Smith S,DET,27,58,4,11,1,2,0,2,0,16,2,1,.190,.203,.276,.479
Willy W Aybar,LAD,26,86,12,28,8,0,1,10,18,11,3,1,.326,.448,.453,.901
Kris K Benson,NYM,26,49,4,9,1,0,0,6,5,22,0,0,.184,.273,.204,.477
Andres A Blanco,KC,26,79,6,17,0,1,0,5,0,5,0,1,.215,.220,.241,.460
Buddy B Groom,ARI,26,0,0,0,0,0,0,0,0,0,0,0,.000,.000,.000,.000
Mike M Mahoney,STL,26,64,5,10,1,0,1,6,4,10,0,0,.156,.217,.219,.436
Tommy T Phelps,MIL,26,0,0,0,0,0,0,0,0,0,0,0,.000,.000,.000,.000
Mark M Prior,CHC,26,48,5,11,2,0,0,3,2,14,0,0,.229,.260,.271,.531
Brandon B Backe,HOU,25,45,5,10,2,2,0,6,3,12,1,0,.222,.271,.356,.626
Mike M Burns,HOU,25,0,0,0,0,0,0,0,0,0,0,0,.000,.000,.000,.000
Adam A Eaton,SD,25,46,2,8,0,1,0,2,3,18,0,1,.174,.224,.217,.442
John J Franco,HOU,25,0,0,0,0,0,0,0,0,0,0,0,.000,.000,.000,.000
Alejandro A Freire,BAL,25,65,7,16,3,0,1,4,6,17,0,0,.246,.319,.338,.658
Justin J Huber,KC,25,78,6,17,3,0,0,6,5,20,0,0,.218,.271,.256,.527
Pete P Laforest,TB,25,64,5,11,3,0,1,4,6,23,0,1,.172,.243,.266,.508
Vicente V Padilla,PHI,25,41,2,6,1,1,0,4,5,24,0,0,.146,.239,.220,.459
Robinson R Tejeda,PHI,25,20,1,2,0,1,0,0,0,9,0,0,.100,.100,.200,.300
Brandon B Watson L,WSH,25,40,8,7,1,1,1,5,4,8,0,2,.175,.250,.325,.575
Brent B Abernathy,MIN,24,67,5,16,1,0,1,6,7,9,2,0,.239,.316,.299,.614
Bernie B Castro D,BAL,24,80,14,23,3,1,0,7,9,10,6,2,.288,.360,.350,.710
Valerio V De Los Santos,FLA,24,0,0,0,0,0,0,0,0,0,0,0,.000,.000,.000,.000
Clay C Hensley,SD,24,6,0,1,1,0,0,0,0,3,0,0,.167,.167,.333,.500
Kenny K Kelly,WSH,24,13,5,4,1,0,0,2,1,6,1,2,.308,.357,.385,.742
Andy A Marte,ATL,24,57,3,8,2,1,0,4,7,13,0,1,.140,.227,.211,.438
Juan J Padilla,NYM,24,2,0,1,0,0,0,0,0,1,0,0,.500,.500,.500,1.000
Matt M Perisho,FLA,24,0,0,0,0,0,0,0,0,0,0,0,.000,.000,.000,.000
Wandy W Rodriguez,HOU,24,40,3,6,0,0,0,1,2,16,0,0,.150,.190,.150,.340
Dave D Williams,PIT,24,42,2,5,1,0,0,4,1,21,0,0,.119,.136,.143,.279
Ben B Grieve,CHC,23,20,1,5,0,0,0,1,5,7,0,0,.250,.400,.250,.650
Jeremy J Hermida R,FLA,23,41,9,12,2,0,4,11,6,12,2,0,.293,.383,.634,1.017
Denny D Hocking,KC,23,60,14,16,1,0,0,7,10,10,0,1,.267,.371,.283,.655
Randy R Keisler,CIN,23,15,3,4,2,0,1,2,0,4,0,0,.267,.267,.600,.867
Justin J Lehr,MIL,23,3,0,0,0,0,0,0,0,2,0,0,.000,.000,.000,.000
Macay M Mc Bride,ATL,23,0,0,0,0,0,0,0,0,0,0,0,.000,.000,.000,.000
Russ R Ortiz,ARI,23,34,1,7,1,0,0,1,3,9,0,0,.206,.270,.235,.506
Paul P Phillips,KC,23,67,6,18,4,1,1,9,0,5,0,0,.269,.269,.403,.672
Rey R Sanchez S,NYY,23,43,7,12,1,0,0,2,2,3,0,1,.279,.326,.302,.628
Manny M Aybar,NYM,22,0,0,0,0,0,0,0,0,0,0,0,.000,.000,.000,.000
John J Gall,STL,22,37,5,10,3,0,2,10,1,8,0,0,.270,.282,.514,.796
Aaron A Holbert,CIN,22,27,3,6,3,0,0,2,3,8,1,0,.222,.290,.333,.624
Russ R Johnson,NYY,22,18,5,4,2,0,0,0,1,4,0,0,.222,.300,.333,.633
Sun- Woo S Kim,COL,22,19,2,2,0,0,0,3,0,5,0,0,.105,.100,.105,.205
Paul P Mc Anulty,SD,22,24,4,5,0,0,0,0,3,7,1,0,.208,.321,.208,.530
Wes W Obermueller,MIL,22,15,1,3,1,1,0,0,0,2,0,0,.200,.200,.400,.600
Franquelis F Osoria,LAD,22,3,0,0,0,0,0,0,0,2,0,0,.000,.000,.000,.000
Ryan R Speier,COL,22,2,0,0,0,0,0,0,0,0,0,0,.000,.000,.000,.000
Jack J Taschner,SF,22,0,0,0,0,0,0,0,0,0,0,0,.000,.000,.000,.000
Claudio C Vargas,ARI,22,36,1,4,0,0,0,3,2,7,0,0,.111,.158,.111,.269
Chad C Allen D,TEX,21,53,5,15,1,1,0,5,2,13,0,1,.283,.309,.340,.649
Wilson W Alvarez,LAD,21,2,0,0,0,0,0,0,0,1,0,0,.000,.000,.000,.000
Ezequiel E Astacio,HOU,21,21,0,3,0,0,0,0,0,12,0,0,.143,.143,.143,.286
Roman R Colon,ATL,21,7,0,0,0,0,0,0,0,5,0,0,.000,.000,.000,.000
Corey C Hart,MIL,21,57,9,11,2,1,2,7,6,11,2,0,.193,.270,.368,.638
Brad B Hennessey,SF,21,39,3,9,1,0,2,5,0,12,0,0,.231,.231,.410,.641
Jason J Jennings,COL,21,38,0,6,1,0,0,1,2,12,0,0,.158,.200,.184,.384
Todd T Self R,HOU,21,45,7,9,2,0,1,4,3,9,0,0,.200,.250,.311,.561
Ben B Sheets,MIL,21,45,0,1,0,0,0,0,1,17,0,0,.022,.043,.022,.066
Ricky R Stone,CIN,21,2,0,0,0,0,0,0,0,1,0,0,.000,.000,.000,.000
Shane S Victorino,PHI,21,17,5,5,0,0,2,8,0,3,0,0,.294,.263,.647,.910
Jerome J Williams,CHC,21,34,1,3,1,0,0,0,0,16,0,0,.088,.088,.118,.206
Kerry K Wood,CHC,21,18,0,2,2,0,0,2,1,6,0,0,.111,.158,.222,.380
Kirk K Rueter,SF,20,30,1,5,1,0,0,1,1,2,0,0,.167,.194,.200,.394
Terrmel T Sledge L,WSH,20,37,7,9,0,1,1,8,7,8,2,1,.243,.348,.378,.726
Todd T Wellemeyer,CHC,20,4,1,1,0,0,0,0,0,2,0,0,.250,.250,.250,.500
Ryan R Zimmerman,WSH,20,58,6,23,10,0,0,6,3,12,0,0,.397,.419,.569,.988
Kyle K Davies,ATL,19,15,0,3,0,0,0,4,2,3,0,0,.200,.278,.200,.478
Charles C Gipson L,HOU,19,11,2,2,1,0,0,1,1,3,1,1,.182,.250,.273,.523
Luke L Hudson,CIN,19,25,7,8,2,0,0,3,2,9,0,0,.320,.370,.400,.770
Charles C Johnson,TB,19,46,5,9,4,0,0,5,9,11,0,0,.196,.327,.283,.610
Jeff J Liefer D,CLE,19,56,5,11,2,0,1,8,1,15,0,0,.196,.211,.286,.496
Ryan R Ludwick L,CLE,19,41,8,9,0,0,4,5,7,13,0,1,.220,.333,.512,.846
Dan D Miceli,COL,19,0,0,0,0,0,0,0,0,0,0,0,.000,.000,.000,.000
Sergio S Mitre,CHC,19,11,2,4,1,0,0,1,0,1,0,0,.364,.364,.455,.818
Brian B Myrow,LAD,19,20,2,4,1,0,0,0,5,8,0,0,.200,.360,.250,.610
Odalis O Perez,LAD,19,33,2,4,0,0,0,0,1,10,0,0,.121,.147,.121,.268
Oliver O Pérez Perez,PIT,19,33,1,6,0,0,0,3,1,11,1,0,.182,.200,.182,.382
Jason J Romano L,CIN,19,30,3,8,2,0,1,3,3,9,0,0,.267,.353,.433,.786
Matt M Watson L,OAK,19,48,4,9,3,0,0,5,2,4,0,0,.188,.220,.250,.470
Cliff C Bartosh,CHC,18,1,0,1,0,0,0,0,0,0,0,0,1.000,1.000,1.000,2.000
Chris C Denorfia,CIN,18,38,8,10,3,0,1,2,6,9,1,0,.263,.364,.421,.785
Shawn S Estes,ARI,18,29,2,2,0,1,0,0,0,7,1,0,.069,.069,.138,.207
Choo C Freeman,COL,18,22,6,6,1,1,0,0,0,5,0,0,.273,.273,.409,.682
Kaz K Ishii,NYM,18,25,1,5,0,0,0,2,1,12,0,0,.200,.231,.200,.431
Darrell D May,SD,18,9,0,1,0,0,0,0,0,5,0,0,.111,.111,.111,.222
Marshall M Mc Dougall,TEX,18,18,3,3,1,0,0,0,0,10,0,0,.167,.167,.222,.389
Brayan B Peña Pena,ATL,18,39,2,7,2,0,0,4,1,7,0,0,.179,.200,.231,.431
Roberto R Petagine,BOS,18,32,4,9,2,0,1,9,4,5,0,0,.281,.361,.438,.799
Humberto H Quintero,HOU,18,54,6,10,1,0,1,8,1,10,0,0,.185,.200,.259,.459
Jason J Tyner L,MIN,18,56,8,18,1,1,0,5,4,4,2,0,.321,.367,.375,.742
Jason J Vargas,FLA,18,26,3,8,2,0,0,2,1,7,0,0,.308,.333,.385,.718
Robert R Andino S,FLA,17,44,4,7,4,0,0,1,5,8,1,0,.159,.245,.250,.495
Tony T Armas,WSH,17,32,1,4,0,0,0,0,1,13,0,0,.125,.152,.125,.276
William W Bergolla,CIN,17,38,3,5,0,0,0,1,0,10,0,0,.132,.132,.132,.263
Jose J Capellan,MIL,17,0,0,0,0,0,0,0,0,0,0,0,.000,.000,.000,.000
Scott S Erickson,LAD,17,13,0,2,0,0,0,0,0,5,0,0,.154,.154,.154,.308
Andy A Green,ARI,17,31,5,7,1,0,0,2,7,3,0,0,.226,.359,.258,.617
Yamid Y Haad,SF,17,28,0,2,1,0,0,1,3,7,0,0,.071,.156,.107,.263
Luis L Lopez,CIN,17,27,0,6,3,0,0,2,1,6,0,0,.222,.250,.333,.583
Norihiro N Nakamura,LAD,17,39,1,5,2,0,0,3,2,7,0,0,.128,.171,.179,.350
John J Thomson,ATL,17,25,2,5,2,0,0,2,2,12,0,0,.200,.259,.280,.539
Scott S Williamson,CHC,17,0,0,0,0,0,0,0,0,0,0,0,.000,.000,.000,.000
Kevin K Correia,SF,16,14,0,1,0,0,0,0,3,5,0,0,.071,.235,.071,.307
Zach Z Day,COL,16,11,1,2,0,0,0,0,0,3,0,0,.182,.182,.182,.364
Jesse J Garcia S,SD,16,36,4,6,0,0,2,4,3,11,0,0,.167,.231,.333,.564
Eddie E Pérez Perez,ATL,16,38,3,8,2,0,2,6,1,5,0,0,.211,.231,.421,.652
Rene R Rivera,SEA,16,48,3,19,3,0,1,6,1,11,0,0,.396,.408,.521,.929
Jamal J Strong,SEA,16,20,6,5,0,1,0,2,2,6,0,0,.250,.333,.350,.683
Joe J Valentine,CIN,16,0,0,0,0,0,0,0,0,0,0,0,.000,.000,.000,.000
Josh J Willingham,FLA,16,23,3,7,1,0,0,4,2,5,0,0,.304,.407,.348,.755
Jason J Bergmann,WSH,15,3,2,1,0,0,0,0,1,0,0,0,.333,.500,.333,.833
Brian B Daubach,NYM,15,25,4,3,2,0,1,3,7,5,0,0,.120,.324,.320,.644
Kane K Davis,MIL,15,0,0,0,0,0,0,0,0,0,0,0,.000,.000,.000,.000
Tony T Giarratano S,DET,15,42,4,6,0,0,1,4,5,7,1,0,.143,.234,.214,.448
Scott S Hairston,ARI,15,20,0,2,1,0,0,0,0,6,0,0,.100,.100,.150,.250
Rick R Helling,MIL,15,13,0,0,0,0,0,0,0,9,0,0,.000,.000,.000,.000
Joe J Kennedy,COL,15,29,1,5,0,0,0,1,1,8,0,0,.172,.200,.172,.372
Al A Leiter,FLA,15,18,0,0,0,0,0,0,0,12,0,0,.000,.000,.000,.000
Daniel D Ortmeier,SF,15,22,1,3,0,0,0,1,3,5,1,0,.136,.269,.136,.406
Chris C Resop,FLA,15,1,0,0,0,0,0,0,0,1,0,0,.000,.000,.000,.000
Mike M Rose,LAD,15,43,2,9,2,0,1,1,3,6,0,0,.209,.261,.326,.586
Ian I Snell,PIT,15,8,0,0,0,0,0,0,0,3,0,0,.000,.000,.000,.000
Chris C Snelling L,SEA,15,29,4,8,2,0,1,1,5,2,0,2,.276,.382,.448,.831
Enrique E Wilson,CHC,15,22,1,3,2,0,0,0,3,1,0,0,.136,.240,.227,.467
Terry T Adams,PHI,14,0,0,0,0,0,0,0,0,0,0,0,.000,.000,.000,.000
Barry B Bonds L,SF,14,42,8,12,1,0,5,10,9,6,0,0,.286,.404,.667,1.071
Craig C Breslow,SD,14,1,0,0,0,0,0,0,0,0,0,0,.000,.000,.000,.000
Jonathan J Broxton,LAD,14,0,0,0,0,0,0,0,0,0,0,0,.000,.000,.000,.000
J. J Davis L,WSH,14,26,0,6,0,0,0,2,2,7,1,1,.231,.286,.231,.516
Zach Z Duke,PIT,14,28,1,4,0,0,0,1,2,10,0,0,.143,.194,.143,.336
Eric E Gagne,LAD,14,0,0,0,0,0,0,0,0,0,0,0,.000,.000,.000,.000
Gary G Glover,MIL,14,20,3,2,0,0,0,1,2,9,0,0,.100,.217,.100,.317
Wiki W Gonzalez,SEA,14,45,7,12,5,0,0,2,2,3,0,0,.267,.298,.378,.676
John J Halama,WSH,14,5,0,1,0,0,0,0,0,1,0,0,.200,.200,.200,.400
Jon J Rauch,WSH,14,7,1,1,0,0,0,1,0,5,0,0,.143,.143,.143,.286
Cody C Ross R,LAD,14,25,1,4,1,0,0,1,1,10,0,0,.160,.192,.200,.392
Bobby B Seay,COL,14,0,0,0,0,0,0,0,0,0,0,0,.000,.000,.000,.000
Jae Weong J Seo,NYM,14,29,2,3,1,0,0,4,3,11,0,0,.103,.188,.138,.325
Ismael I Valdez,FLA,14,13,0,2,0,0,0,0,0,2,0,0,.154,.154,.154,.308
Randy R Wolf,PHI,14,26,2,4,2,0,0,1,1,8,0,0,.154,.185,.231,.416
Walter W Young,BAL,14,33,2,10,1,0,1,3,4,7,0,0,.303,.378,.424,.803
Brian B Anderson L,CWS,13,34,3,6,1,0,2,3,0,12,1,0,.176,.176,.382,.559
Pedro P Astacio,SD,13,17,1,1,0,0,0,1,1,5,0,0,.059,.111,.059,.170
Paul P Bako,LAD,13,40,1,10,2,0,0,4,7,12,0,0,.250,.362,.300,.662
Kevin K Cash,TB,13,31,4,5,1,0,2,2,1,13,0,0,.161,.212,.387,.599
Shawn S Chacon,COL,13,20,0,3,0,0,0,1,2,8,0,0,.150,.227,.150,.377
Aaron A Cook,COL,13,30,3,5,0,1,0,0,1,12,0,0,.167,.194,.233,.427
Jeff J Fiorentino C,BAL,13,44,7,11,2,0,1,5,2,10,1,0,.250,.277,.364,.640
J. J Furmaniak,PIT,13,26,3,5,1,1,0,1,4,4,0,0,.192,.300,.308,.608
Mike M Gosling,ARI,13,6,0,0,0,0,0,0,0,4,0,0,.000,.000,.000,.000
Jeffrey J Hammonds L,WSH,13,32,3,7,1,0,0,1,2,4,0,0,.219,.286,.250,.536
Travis T Hughes,WSH,13,0,0,0,0,0,0,0,0,0,0,0,.000,.000,.000,.000
Gerald G Laird,TEX,13,40,7,9,2,0,1,4,2,7,0,0,.225,.262,.350,.612
Dave D Mc Carty,BOS,13,4,2,2,0,0,0,2,2,0,0,0,.500,.667,.500,1.167
Scott S Mc Clain,CHC,13,14,1,2,1,0,0,1,2,2,0,0,.143,.250,.214,.464
Tim T Stauffer,SD,13,24,1,3,1,0,0,1,0,10,0,0,.125,.125,.167,.292
Glenn G Williams,MIN,13,40,3,17,1,0,0,3,2,7,1,2,.425,.452,.450,.902
Mike M Adams,MIL,12,0,0,0,0,0,0,0,0,0,0,0,.000,.000,.000,.000
Jeff J Baker,COL,12,38,6,8,4,0,1,4,5,12,0,0,.211,.302,.395,.697
Ryan R Drese,WSH,12,15,0,1,0,0,0,0,0,11,0,0,.067,.067,.067,.133
Mike M Hampton,ATL,12,25,4,8,1,0,1,1,0,9,0,0,.320,.346,.480,.826
Ken K Harvey D,KC,12,45,4,10,3,0,1,5,3,13,0,0,.222,.271,.356,.626
Chan Ho C Park,SD,12,19,2,5,0,0,0,2,0,7,0,0,.263,.263,.263,.526
Guillermo G Quiroz,TOR,12,36,3,7,2,0,0,4,2,13,0,0,.194,.256,.250,.506
Julio J Ramirez,SF,12,4,3,1,0,0,0,1,0,1,0,0,.250,.250,.250,.500
Travis T Smith,FLA,12,0,0,0,0,0,0,0,0,0,0,0,.000,.000,.000,.000
Zach Z Sorensen,LAA,12,12,3,2,1,0,0,0,0,2,0,0,.167,.167,.250,.417
Shingo S Takatsu,NYM,12,0,0,0,0,0,0,0,0,0,0,0,.000,.000,.000,.000
Jose J Bautista,PIT,11,28,3,4,1,0,0,1,3,7,1,0,.143,.226,.179,.404
Jaime J Bubela C,SEA,11,19,3,2,0,0,0,0,1,4,1,0,.105,.150,.105,.255
Matt M Cepicky L,WSH,11,25,1,6,3,0,0,3,1,8,0,1,.240,.269,.360,.629
Mike M Di Felice,NYM,11,17,0,2,0,0,0,0,2,5,0,0,.118,.211,.118,.328
Chad C Fox,CHC,11,0,0,0,0,0,0,0,0,0,0,0,.000,.000,.000,.000
Josh J Hancock,CIN,11,0,0,0,0,0,0,0,0,0,0,0,.000,.000,.000,.000
Aquilino A Lopez,PHI,11,1,1,0,0,0,0,0,0,0,0,0,.000,.000,.000,.000
Eric E Munson,TB,11,18,2,3,1,0,0,2,4,3,0,0,.167,.333,.222,.556
Curtis C Pride L,LAA,11,11,2,1,1,0,0,0,0,4,0,0,.091,.091,.182,.273
Royce R Ring,NYM,11,0,0,0,0,0,0,0,0,0,0,0,.000,.000,.000,.000
Rick R Short,WSH,11,15,4,6,2,0,2,4,1,1,0,0,.400,.471,.933,1.404
Allan A Simpson,CIN,11,0,0,0,0,0,0,0,0,0,0,0,.000,.000,.000,.000
Reggie R Taylor C,TB,11,22,2,4,2,0,0,1,2,7,2,0,.182,.250,.273,.523
Tony T Torcato,SF,11,11,1,3,0,0,0,0,1,2,0,0,.273,.333,.273,.606
T. J. T Tucker,WSH,11,0,0,0,0,0,0,0,0,0,0,0,.000,.000,.000,.000
Oscar O Villarreal,ARI,11,0,0,0,0,0,0,0,0,0,0,0,.000,.000,.000,.000
Dan D Wilson,SEA,11,27,2,5,0,0,0,2,0,10,0,1,.185,.214,.185,.400
Josh J Wilson S,FLA,11,10,2,1,1,0,0,0,0,4,0,0,.100,.182,.200,.382
Manny M Alexander,SD,10,18,0,2,1,0,0,0,2,5,0,0,.111,.238,.167,.405
Matt M Anderson,COL,10,0,0,0,0,0,0,0,0,0,0,0,.000,.000,.000,.000
Jason J Botts L,TEX,10,27,4,8,0,0,0,3,3,13,0,0,.296,.367,.296,.663
Buddy B Carlyle,LAD,10,0,0,0,0,0,0,0,0,0,0,0,.000,.000,.000,.000
Scott S Cassidy,SD,10,1,0,0,0,0,0,0,1,1,0,0,.000,.500,.000,.500
Angel A Chavez,SF,10,19,1,5,1,0,0,1,0,3,0,0,.263,.263,.316,.579
Shin- Soo S Choo C,SEA,10,18,1,1,0,0,0,1,3,4,0,0,.056,.190,.056,.246
Felix F Escalona S,NYY,10,14,0,4,1,0,0,2,1,4,0,0,.286,.375,.357,.732
Brian B Falkenborg,SD,10,0,0,0,0,0,0,0,0,0,0,0,.000,.000,.000,.000
Bobby B Higginson R,DET,10,26,1,2,0,0,0,1,1,5,0,0,.077,.111,.077,.188
Edwin E Jackson,LAD,10,10,0,2,0,0,0,1,1,2,0,0,.200,.273,.200,.473
Alejandro A Machado,BOS,10,5,4,1,1,0,0,0,1,1,0,0,.200,.333,.400,.733
Blaine B Neal,COL,10,1,0,0,0,0,0,0,0,1,0,0,.000,.000,.000,.000
Chin-hui C Tsao,COL,10,0,0,0,0,0,0,0,0,0,0,0,.000,.000,.000,.000
Ben B Weber,CIN,10,0,0,0,0,0,0,0,0,0,0,0,.000,.000,.000,.000
Hiram H Bocachica R,OAK,9,19,2,2,0,0,0,0,0,7,0,0,.105,.105,.105,.210
Joe J Borowski,CHC,9,0,0,0,0,0,0,0,0,0,0,0,.000,.000,.000,.000
Jason J Bulger,ARI,9,0,0,0,0,0,0,0,0,0,0,0,.000,.000,.000,.000
Chris C Duncan,STL,9,10,2,2,1,0,1,3,0,5,0,0,.200,.200,.600,.800
Alexis A Gomez L,DET,9,16,2,3,0,0,0,1,2,2,0,0,.188,.278,.188,.465
Rich R Hill,CHC,9,6,1,2,0,0,0,0,0,2,0,0,.333,.333,.333,.667
Hung- Chih H Kuo,LAD,9,0,0,0,0,0,0,0,0,0,0,0,.000,.000,.000,.000
Al A Levine,SF,9,2,0,0,0,0,0,0,0,0,0,0,.000,.000,.000,.000
Tim T Redding,SD,9,8,0,0,0,0,0,0,0,5,0,0,.000,.000,.000,.000
Kelly K Shoppach,BOS,9,15,1,0,0,0,0,0,0,7,0,0,.000,.063,.000,.062
Ryan R Theriot,CHC,9,13,3,2,1,0,0,0,1,2,0,0,.154,.214,.231,.445
Eli E Whiteside,BAL,9,12,1,3,0,0,0,1,0,2,0,0,.250,.250,.250,.500
Paul P Wilson,CIN,9,17,1,3,0,0,0,1,0,11,0,0,.176,.176,.176,.353
Randy R Choate,ARI,8,0,0,0,0,0,0,0,0,0,0,0,.000,.000,.000,.000
Doug D Clark,SF,8,5,2,0,0,0,0,0,1,2,0,0,.000,.167,.000,.167
Brian B Cooper,SF,8,2,0,1,0,0,0,0,0,0,0,0,.500,.500,.500,1.000
Fernando F Cortez,TB,8,13,0,1,0,0,0,1,1,3,0,0,.077,.143,.077,.220
Nelson N Cruz R,MIL,8,5,1,1,1,0,0,0,2,0,0,0,.200,.429,.400,.829
Chris C Heintz,MIN,8,25,1,5,3,0,0,2,1,6,0,0,.200,.231,.320,.551
Joe J Horgan,WSH,8,0,0,0,0,0,0,0,0,0,0,0,.000,.000,.000,.000
Justin J Knoedler,SF,8,10,0,1,0,0,0,0,0,1,0,0,.100,.182,.100,.282
Ed E Rogers,BAL,8,1,4,1,0,0,1,2,0,0,0,2,1.000,1.000,4.000,5.000
Ramon R Santiago,SEA,8,8,2,1,0,0,0,0,1,2,0,0,.125,.417,.125,.542
Andres A Torres C,TEX,8,19,2,3,1,0,0,1,1,6,1,0,.158,.190,.211,.401
Joe J Borchard,CWS,7,12,0,5,2,0,0,0,0,4,0,1,.417,.417,.583,1.000
Freddie F Bynum,OAK,7,7,0,2,1,0,0,1,0,3,0,0,.286,.286,.429,.714
Matt M Cain,SF,7,15,1,1,1,0,0,0,0,6,0,0,.067,.067,.133,.200
Chin- Feng C Chen,LAD,7,8,1,2,0,0,0,2,0,4,0,0,.250,.250,.250,.500
Brian B Dallimore,SF,7,7,1,1,1,0,0,0,0,0,0,0,.143,.143,.286,.429
Brandon B Duckworth,HOU,7,3,1,2,1,0,0,0,0,0,0,0,.667,.667,1.000,1.667
Gavin G Floyd,PHI,7,9,0,1,0,0,0,0,0,5,0,0,.111,.111,.111,.222
Mike M Fontenot,CHC,7,2,4,0,0,0,0,0,2,0,0,0,.000,.600,.000,.600
John- Ford J Griffin D,TOR,7,13,3,4,2,0,1,6,0,4,0,0,.308,.308,.692,1.000
Franklin F Gutierrez,CLE,7,1,2,0,0,0,0,0,1,0,0,0,.000,.500,.000,.500
Anthony A Lerew,ATL,7,0,0,0,0,0,0,0,0,0,0,0,.000,.000,.000,.000
Kerry K Ligtenberg,ARI,7,1,0,0,0,0,0,0,0,1,0,0,.000,.000,.000,.000
Trever T Miller,TB,7,0,0,0,0,0,0,0,0,0,0,0,.000,.000,.000,.000
C. J. C Nitkowski,WSH,7,0,0,0,0,0,0,0,0,0,0,0,.000,.000,.000,.000
Ramon R Nivar C,BAL,7,13,1,4,0,0,0,1,0,2,0,1,.308,.357,.308,.665
Calvin C Pickering D,KC,7,27,4,4,0,0,1,3,3,14,0,0,.148,.226,.259,.485
Amaury A Telemaco,PHI,7,0,0,0,0,0,0,0,0,0,0,0,.000,.000,.000,.000
Armando A Almanza,ARI,6,0,0,0,0,0,0,0,0,0,0,0,.000,.000,.000,.000
Eude E Brito,PHI,6,7,1,1,0,0,0,0,0,2,0,0,.143,.143,.143,.286
Melky M Cabrera C,NYY,6,19,1,4,0,0,0,0,0,2,0,0,.211,.211,.211,.421
Carmen C Cali,STL,6,0,0,0,0,0,0,0,0,0,0,0,.000,.000,.000,.000
Raul R Casanova,CWS,6,5,0,1,0,0,0,0,0,1,0,0,.200,.200,.200,.400
Brendan B Donnelly,LAA,6,1,0,0,0,0,0,0,0,0,0,0,.000,.000,.000,.000
Alan A Embree,BOS,6,0,0,0,0,0,0,0,0,0,0,0,.000,.000,.000,.000
Tim T Hamulack,NYM,6,0,0,0,0,0,0,0,0,0,0,0,.000,.000,.000,.000
Anderson A Hernandez,NYM,6,18,1,1,0,0,0,0,1,4,0,1,.056,.105,.056,.161
Kevin K Hooper L,DET,6,5,0,1,0,0,0,0,0,1,0,0,.200,.200,.200,.400
Bob B Howry,CLE,6,1,0,0,0,0,0,0,0,0,0,0,.000,.000,.000,.000
Steve S Kline,BAL,6,0,0,0,0,0,0,0,0,0,0,0,.000,.000,.000,.000
Jon J Leicester,CHC,6,0,0,0,0,0,0,0,0,0,0,0,.000,.000,.000,.000
Anderson A Machado S,COL,6,12,1,0,0,0,0,2,2,6,0,0,.000,.133,.000,.133
Paul P Maholm,PIT,6,15,1,2,0,0,0,0,1,6,0,0,.133,.188,.133,.321
Mike M Matthews,NYM,6,0,0,0,0,0,0,0,0,0,0,0,.000,.000,.000,.000
Greg G Myers,TOR,6,12,0,1,0,0,0,1,1,1,0,0,.083,.154,.083,.237
Keith K Osik,WSH,6,4,0,0,0,0,0,0,0,2,0,0,.000,.000,.000,.000
Brandon B Phillips,CLE,6,9,1,0,0,0,0,0,0,4,0,0,.000,.000,.000,.000
Elizardo E Ramirez,CIN,6,8,0,0,0,0,0,0,0,3,0,0,.000,.000,.000,.000
Keith K Reed R,BAL,6,5,1,1,0,0,0,1,1,2,0,0,.200,.333,.200,.533
Benito B Santiago,PIT,6,23,1,6,1,1,0,0,0,3,0,0,.261,.261,.391,.652
Adam A Shabala L,SF,6,15,1,3,0,0,0,4,1,5,0,0,.200,.235,.200,.435
Chris C Spurling,DET,6,0,0,0,0,0,0,0,0,0,0,0,.000,.000,.000,.000
Steve S Trachsel,NYM,6,15,0,1,0,0,0,0,0,7,0,0,.067,.067,.067,.133
Jermaine J Van Buren,CHC,6,0,0,0,0,0,0,0,0,0,0,0,.000,.000,.000,.000
Alfredo A Amezaga S,PIT,5,6,2,1,0,0,0,0,1,0,1,0,.167,.286,.167,.452
James J Baldwin,BAL,5,1,0,0,0,0,0,0,0,0,0,0,.000,.000,.000,.000
Miguel M Batista,TOR,5,0,0,0,0,0,0,0,0,0,0,0,.000,.000,.000,.000
Jesse J Crain,MIN,5,0,0,0,0,0,0,0,0,0,0,0,.000,.000,.000,.000
Joey J Devine,ATL,5,1,0,0,0,0,0,0,0,1,0,0,.000,.000,.000,.000
Esteban E German,TEX,5,4,3,3,1,0,0,1,0,1,2,0,.750,.750,1.000,1.750
Tom T Gordon,NYY,5,0,0,0,0,0,0,0,0,0,0,0,.000,.000,.000,.000
Tyler T Johnson,STL,5,0,0,0,0,0,0,0,0,0,0,0,.000,.000,.000,.000
Jimmy J Journell,STL,5,0,0,0,0,0,0,0,0,0,0,0,.000,.000,.000,.000
Matt M Kinney,SF,5,3,0,1,0,0,0,0,0,1,0,0,.333,.333,.333,.667
Dave D Krynzel,MIL,5,7,0,0,0,0,0,0,0,3,0,0,.000,.000,.000,.000
Pedro P Liriano,PHI,5,0,0,0,0,0,0,0,0,0,0,0,.000,.000,.000,.000
Kameron K Loe,TEX,5,0,0,0,0,0,0,0,0,0,0,0,.000,.000,.000,.000
Matt M Mantei,BOS,5,0,0,0,0,0,0,0,0,0,0,0,.000,.000,.000,.000
Jeff J Mathis D,LAA,5,3,1,1,0,0,0,0,0,1,0,0,.333,.333,.333,.667
Lou L Merloni,LAA,5,5,1,0,0,0,0,1,1,2,0,0,.000,.143,.000,.143
Corky C Miller,MIN,5,12,0,0,0,0,0,0,0,2,0,0,.000,.000,.000,.000
Juan Carlos J Oviedo,KC,5,0,0,0,0,0,0,0,0,0,0,0,.000,.000,.000,.000
Chris C Oxspring,SD,5,2,0,0,0,0,0,0,0,0,0,0,.000,.000,.000,.000
Cliff C Politte,CWS,5,1,1,1,0,0,0,1,0,0,0,0,1.000,1.000,1.000,2.000
Jay J Powell,ATL,5,0,0,0,0,0,0,0,0,0,0,0,.000,.000,.000,.000
Bill B Pulsipher,STL,5,0,0,0,0,0,0,0,0,0,0,0,.000,.000,.000,.000
Darrell D Rasner,WSH,5,0,0,0,0,0,0,0,0,0,0,0,.000,.000,.000,.000
Mariano M Rivera,NYY,5,0,0,0,0,0,0,0,0,0,0,0,.000,.000,.000,.000
Scot S Shields,LAA,5,1,0,0,0,0,0,0,0,1,0,0,.000,.000,.000,.000
Scott S Strickland,HOU,5,0,0,0,0,0,0,0,0,0,0,0,.000,.000,.000,.000
Matt M Thornton,SEA,5,0,0,0,0,0,0,0,0,0,0,0,.000,.000,.000,.000
Jorge J Vasquez,ATL,5,1,0,0,0,0,0,0,0,1,0,0,.000,.000,.000,.000
Jamie J Walker,DET,5,0,0,0,0,0,0,0,0,0,0,0,.000,.000,.000,.000
Gabe G White,STL,5,0,0,0,0,0,0,0,0,0,0,0,.000,.000,.000,.000
Todd T Williams,BAL,5,0,0,0,0,0,0,0,0,0,0,0,.000,.000,.000,.000
Chad C Bentz,FLA,4,0,0,0,0,0,0,0,0,0,0,0,.000,.000,.000,.000
Doug D Brocail,TEX,4,0,0,0,0,0,0,0,0,0,0,0,.000,.000,.000,.000
Napoleon N Calzado,BAL,4,5,0,1,0,0,0,0,0,1,0,0,.200,.200,.200,.400
Matt M Capps,PIT,4,0,0,0,0,0,0,0,0,0,0,0,.000,.000,.000,.000
Lance L Carter,TB,4,0,0,0,0,0,0,0,0,0,0,0,.000,.000,.000,.000
Vinnie V Chulk,TOR,4,0,0,0,0,0,0,0,0,0,0,0,.000,.000,.000,.000
Jermaine J Clark,OAK,4,0,2,0,0,0,0,0,1,0,0,0,.000,1.000,.000,1.000
Jim J Crowell,FLA,4,0,0,0,0,0,0,0,0,0,0,0,.000,.000,.000,.000
Juan J Dominguez,TEX,4,0,0,0,0,0,0,0,0,0,0,0,.000,.000,.000,.000
Justin J Duchscherer,OAK,4,0,0,0,0,0,0,0,0,0,0,0,.000,.000,.000,.000
Franklyn F German,DET,4,0,0,0,0,0,0,0,0,0,0,0,.000,.000,.000,.000
Matt M Guerrier,MIN,4,1,0,0,0,0,0,0,0,0,0,0,.000,.000,.000,.000
Travis T Harper,TB,4,1,0,0,0,0,0,0,0,1,0,0,.000,.000,.000,.000
Brendan B Harris,WSH,4,9,1,3,1,0,1,3,0,0,0,0,.333,.400,.778,1.178
Dustin D Hermanson,CWS,4,0,0,0,0,0,0,0,0,0,0,0,.000,.000,.000,.000
Kevin K Jarvis,STL,4,0,0,0,0,0,0,0,0,0,0,0,.000,.000,.000,.000
Josh J Johnson,FLA,4,4,1,1,0,0,0,0,0,2,0,0,.250,.250,.250,.500
Ryan R Jorgensen,FLA,4,4,0,0,0,0,0,0,0,3,0,0,.000,.000,.000,.000
Jorge J Julio,BAL,4,0,0,0,0,0,0,0,0,0,0,0,.000,.000,.000,.000
John J Koronka,CHC,4,4,0,0,0,0,0,0,1,3,0,0,.000,.200,.000,.200
Mike M Mac Dougal,KC,4,0,0,0,0,0,0,0,0,0,0,0,.000,.000,.000,.000
Tom T Martin,ATL,4,0,0,0,0,0,0,0,0,0,0,0,.000,.000,.000,.000
Julio J Mateo,SEA,4,0,0,0,0,0,0,0,0,0,0,0,.000,.000,.000,.000
Terry T Mulholland,MIN,4,0,0,0,0,0,0,0,0,0,0,0,.000,.000,.000,.000
Joe J Nathan,MIN,4,0,0,0,0,0,0,0,0,0,0,0,.000,.000,.000,.000
Jeff J Nelson,SEA,4,0,0,0,0,0,0,0,0,0,0,0,.000,.000,.000,.000
Scott S Olsen,FLA,4,3,0,0,0,0,0,0,0,1,0,0,.000,.000,.000,.000
Antonio A Osuna,WSH,4,0,0,0,0,0,0,0,0,0,0,0,.000,.000,.000,.000
John J Parrish,BAL,4,0,0,0,0,0,0,0,0,0,0,0,.000,.000,.000,.000
Steve S Reed,BAL,4,0,0,0,0,0,0,0,0,0,0,0,.000,.000,.000,.000
Anthony A Reyes,STL,4,4,0,0,0,0,0,0,0,1,0,0,.000,.000,.000,.000
Juan J Rincon,MIN,4,0,0,0,0,0,0,0,0,0,0,0,.000,.000,.000,.000
Francisco F Rodríguez Rodriguez,LAA,4,0,0,0,0,0,0,0,0,0,0,0,.000,.000,.000,.000
B. J. B Ryan,BAL,4,0,0,0,0,0,0,0,0,0,0,0,.000,.000,.000,.000
Jose J Santiago,NYM,4,0,0,0,0,0,0,0,0,0,0,0,.000,.000,.000,.000
Scott S Sauerbeck,CLE,4,0,0,0,0,0,0,0,0,0,0,0,.000,.000,.000,.000
Huston H Street,OAK,4,0,0,0,0,0,0,0,0,0,0,0,.000,.000,.000,.000
Tanyon T Sturtze,NYY,4,0,0,0,0,0,0,0,0,0,0,0,.000,.000,.000,.000
Derek D Thompson,LAD,4,4,0,0,0,0,0,0,0,2,0,0,.000,.000,.000,.000
Luis L Vizcaino,CWS,4,0,0,0,0,0,0,0,0,0,0,0,.000,.000,.000,.000
Bob B Wickman,CLE,4,0,0,0,0,0,0,0,0,0,0,0,.000,.000,.000,.000
Mike M Wood,KC,4,0,0,0,0,0,0,0,0,0,0,0,.000,.000,.000,.000
Jake J Woods,LAA,4,0,0,0,0,0,0,0,0,0,0,0,.000,.000,.000,.000
Jeremy J Affeldt,KC,3,0,0,0,0,0,0,0,0,0,0,0,.000,.000,.000,.000
Danys D Baez,TB,3,0,0,0,0,0,0,0,0,0,0,0,.000,.000,.000,.000
Jeremy J Bonderman,DET,3,6,0,0,0,0,0,0,0,2,0,0,.000,.000,.000,.000
Chris C Booker,CIN,3,0,0,0,0,0,0,0,0,0,0,0,.000,.000,.000,.000
Ambiorix A Burgos,KC,3,0,0,0,0,0,0,0,0,0,0,0,.000,.000,.000,.000
D. J. D Carrasco,KC,3,7,0,0,0,0,0,0,0,1,0,0,.000,.000,.000,.000
Gustavo G Chacin,TOR,3,7,1,0,0,0,0,0,0,2,0,0,.000,.000,.000,.000
Francisco F Cordero,TEX,3,0,0,0,0,0,0,0,0,0,0,0,.000,.000,.000,.000
Neal N Cotts,CWS,3,0,0,0,0,0,0,0,0,0,0,0,.000,.000,.000,.000
Juan J Cruz,OAK,3,0,0,0,0,0,0,0,0,0,0,0,.000,.000,.000,.000
Mike M Esposito,COL,3,5,0,1,0,0,0,0,0,0,0,0,.200,.200,.200,.400
Keith K Foulke,BOS,3,0,0,0,0,0,0,0,0,0,0,0,.000,.000,.000,.000
Jason J Frasor,TOR,3,0,0,0,0,0,0,0,0,0,0,0,.000,.000,.000,.000
Freddy F Garcia,CWS,3,7,0,0,0,0,0,0,0,1,0,0,.000,.000,.000,.000
Lee L Gardner,TB,3,0,0,0,0,0,0,0,0,0,0,0,.000,.000,.000,.000
Tyrell T Godwin,WSH,3,3,0,0,0,0,0,0,0,1,0,0,.000,.000,.000,.000
Tom T Gorzelanny,PIT,3,1,0,0,0,0,0,0,0,1,0,0,.000,.000,.000,.000
Shigetoshi S Hasegawa,SEA,3,0,0,0,0,0,0,0,0,0,0,0,.000,.000,.000,.000
Mark M Hendrickson,TB,3,7,1,1,0,0,0,0,0,3,0,0,.143,.143,.143,.286
Felix F Heredia,NYM,3,0,0,0,0,0,0,0,0,0,0,0,.000,.000,.000,.000
Randy R Johnson,NYY,3,8,0,0,0,0,0,0,0,2,0,0,.000,.000,.000,.000
Logan L Kensing,FLA,3,0,0,0,0,0,0,0,0,0,0,0,.000,.000,.000,.000
John J Lackey,LAA,3,6,0,0,0,0,0,0,0,1,0,0,.000,.000,.000,.000
Cliff C Lee,CLE,3,8,0,0,0,0,0,0,0,2,0,0,.000,.000,.000,.000
Mike M Maroth,DET,3,4,0,2,0,0,0,1,1,2,0,0,.500,.600,.500,1.100
Damaso D Marte,CWS,3,0,0,0,0,0,0,0,0,0,0,0,.000,.000,.000,.000
Mike M Myers,BOS,3,0,0,0,0,0,0,0,0,0,0,0,.000,.000,.000,.000
Wil W Nieves,NYY,3,4,0,0,0,0,0,0,0,1,0,0,.000,.000,.000,.000
Dustin D Nippert,ARI,3,4,0,1,0,0,0,0,1,3,0,0,.250,.400,.250,.650
Tim T Olson,COL,3,2,0,0,0,0,0,0,1,2,0,0,.000,.333,.000,.333
Chad C Orvella,TB,3,0,0,0,0,0,0,0,0,0,0,0,.000,.000,.000,.000
Carl C Pavano,NYY,3,7,0,0,0,0,0,0,0,4,0,0,.000,.000,.000,.000
Joel J Peralta,LAA,3,0,0,0,0,0,0,0,0,0,0,0,.000,.000,.000,.000
Troy T Percival,DET,3,0,0,0,0,0,0,0,0,0,0,0,.000,.000,.000,.000
J. J Putz,SEA,3,0,0,0,0,0,0,0,0,0,0,0,.000,.000,.000,.000
Brad B Radke,MIN,3,5,0,0,0,0,0,0,0,2,0,0,.000,.000,.000,.000
Ricardo R Rincon,OAK,3,0,0,0,0,0,0,0,0,0,0,0,.000,.000,.000,.000
David D Riske,CLE,3,0,0,0,0,0,0,0,0,0,0,0,.000,.000,.000,.000
J. C. J Romero,MIN,3,0,0,0,0,0,0,0,0,0,0,0,.000,.000,.000,.000
Ray R Sadler L,PIT,3,8,1,2,0,0,1,1,0,1,0,0,.250,.250,.625,.875
Danny D Sandoval,PHI,3,2,1,0,0,0,0,0,0,1,0,0,.000,.000,.000,.000
Scott S Schoeneweis,TOR,3,0,0,0,0,0,0,0,0,0,0,0,.000,.000,.000,.000
Justin J Speier,TOR,3,0,0,0,0,0,0,0,0,0,0,0,.000,.000,.000,.000
Michael M Tejera,TEX,3,0,0,0,0,0,0,0,0,0,0,0,.000,.000,.000,.000
Mike M Timlin,BOS,3,0,0,0,0,0,0,0,0,0,0,0,.000,.000,.000,.000
Josh J Towers,TOR,3,6,0,0,0,0,0,0,0,2,0,0,.000,.000,.000,.000
Adam A Wainwright,STL,3,0,0,0,0,0,0,0,0,0,0,0,.000,.000,.000,.000
Tim T Wakefield,BOS,3,8,1,2,0,0,0,1,0,2,0,0,.250,.250,.250,.500
Keiichi K Yabu,OAK,3,1,0,0,0,0,0,0,0,0,0,0,.000,.000,.000,.000
Esteban E Yan,LAA,3,0,0,0,0,0,0,0,0,0,0,0,.000,.000,.000,.000
Barry B Zito,OAK,3,7,0,1,0,0,0,0,0,2,0,0,.143,.143,.143,.286
Joaquin J Benoit,TEX,2,1,0,0,0,0,0,0,0,0,0,0,.000,.000,.000,.000
Rafael R Betancourt,CLE,2,0,0,0,0,0,0,0,0,0,0,0,.000,.000,.000,.000
Joe J Blanton,OAK,2,3,0,1,0,0,0,0,0,0,0,0,.333,.333,.333,.667
Paul P Byrd,LAA,2,4,0,1,0,0,0,0,0,0,0,0,.250,.250,.250,.500
Kiko K Calero,OAK,2,1,0,0,0,0,0,0,0,1,0,0,.000,.000,.000,.000
Bruce B Chen,BAL,2,3,0,1,0,0,0,0,1,0,0,0,.333,.500,.333,.833
Matt M Childers,ATL,2,0,0,0,0,0,0,0,0,0,0,0,.000,.000,.000,.000
Matt M Clement,BOS,2,3,0,0,0,0,0,0,1,2,0,0,.000,.250,.000,.250
Jesus J Colome,TB,2,0,0,0,0,0,0,0,0,0,0,0,.000,.000,.000,.000
Bartolo B Colon,LAA,2,3,0,1,0,0,0,1,0,2,0,0,.333,.333,.333,.667
Jose J Contreras,CWS,2,3,0,0,0,0,0,0,1,2,0,0,.000,.250,.000,.250
Doug D Creek,DET,2,0,0,0,0,0,0,0,0,0,0,0,.000,.000,.000,.000
Midre M Cummings L,BAL,2,2,0,0,0,0,0,0,0,1,0,0,.000,.000,.000,.000
Andy A Dominique,TOR,2,2,0,0,0,0,0,0,0,0,0,0,.000,.333,.000,.333
Casey C Fossum,TB,2,2,0,0,0,0,0,0,0,0,0,0,.000,.000,.000,.000
Ryan R Franklin,SEA,2,4,0,0,0,0,0,0,1,0,0,0,.000,.200,.000,.200
Kevin K Gregg,LAA,2,0,0,0,0,0,0,0,0,0,0,0,.000,.000,.000,.000
Eddie E Guardado,SEA,2,0,0,0,0,0,0,0,0,0,0,0,.000,.000,.000,.000
Dan D Haren,OAK,2,5,0,2,1,0,0,2,0,0,0,0,.400,.400,.600,1.000
Runelvys R Hernandez,KC,2,5,0,0,0,0,0,0,0,1,0,0,.000,.000,.000,.000
Chuck C James,ATL,2,1,0,1,0,0,0,1,0,0,0,0,1.000,1.000,1.000,2.000
Ryan R Jensen,KC,2,1,0,0,0,0,0,0,0,1,0,0,.000,.000,.000,.000
Ted T Lilly,TOR,2,3,0,0,0,0,0,0,0,2,0,0,.000,.000,.000,.000
Jose J Lima,KC,2,3,0,1,0,0,0,0,0,2,0,0,.333,.333,.333,.667
Kyle K Lohse,MIN,2,5,0,0,0,0,0,0,0,1,0,0,.000,.000,.000,.000
Pedro P Lopez,CWS,2,7,1,2,0,0,0,2,0,1,0,0,.286,.286,.286,.571
Rodrigo R Lopez,BAL,2,4,0,0,0,0,0,0,0,2,0,0,.000,.000,.000,.000
Ron R Mahay,TEX,2,0,0,0,0,0,0,0,0,0,0,0,.000,.000,.000,.000
Gil G Meche,SEA,2,4,0,1,0,0,0,1,0,1,0,0,.250,.250,.250,.500
Matt M Miller,CLE,2,0,0,0,0,0,0,0,0,0,0,0,.000,.000,.000,.000
Mike M Mordecai,FLA,2,2,0,0,0,0,0,0,0,1,0,0,.000,.000,.000,.000
Hideo H Nomo,TB,2,4,0,0,0,0,0,0,0,1,0,0,.000,.000,.000,.000
Ronny R Paulino,PIT,2,4,1,2,0,0,0,0,1,0,0,0,.500,.600,.500,1.100
Hayden H Penn,BAL,2,1,0,0,0,0,0,0,1,0,0,0,.000,.500,.000,.500
Miguel M Perez,CIN,2,3,0,0,0,0,0,0,0,1,0,0,.000,.000,.000,.000
Joel J Pineiro,SEA,2,4,0,0,0,0,0,0,0,1,0,0,.000,.000,.000,.000
Sidney S Ponson,BAL,2,4,0,1,1,0,0,0,0,0,0,0,.250,.250,.500,.750
Chris C Prieto,LAA,2,2,0,0,0,0,0,0,0,0,0,0,.000,.000,.000,.000
Hanley H Ramirez S,BOS,2,2,0,0,0,0,0,0,0,2,0,0,.000,.000,.000,.000
Kevin K Reese L,NYY,2,1,0,0,0,0,0,0,1,1,0,0,.000,.500,.000,.500
Arthur A Rhodes,CLE,2,0,0,0,0,0,0,0,0,0,0,0,.000,.000,.000,.000
Nate N Robertson,DET,2,3,0,0,0,0,0,0,0,1,0,0,.000,.000,.000,.000
Fernando F Rodney,DET,2,0,0,0,0,0,0,0,0,0,0,0,.000,.000,.000,.000
Ricardo R Rodriguez,TEX,2,3,0,1,0,0,0,1,0,1,0,0,.333,.333,.333,.667
Kirk K Saarloos,OAK,2,1,0,0,0,0,0,0,0,0,0,0,.000,.000,.000,.000
C Sabathia,CLE,2,6,1,2,1,0,1,4,0,1,0,0,.333,.333,1.000,1.333
Johan J Santana,MIN,2,6,1,1,0,0,0,0,0,0,0,0,.167,.167,.167,.333
Aaron A Sele,SEA,2,3,1,0,0,0,0,0,0,0,0,0,.000,.000,.000,.000
Brian B Shouse,TEX,2,0,0,0,0,0,0,0,0,0,0,0,.000,.000,.000,.000
Andrew A Sisco,KC,2,1,0,0,0,0,0,0,0,1,0,0,.000,.000,.000,.000
Steve S Stemle,KC,2,0,0,0,0,0,0,0,0,0,0,0,.000,.000,.000,.000
Mike M Vento R,NYY,2,2,0,0,0,0,0,0,0,1,0,0,.000,.000,.000,.000
Pete P Walker,TOR,2,0,0,0,0,0,0,0,0,0,0,0,.000,.000,.000,.000
John J Wasdin,TEX,2,1,0,0,0,0,0,0,0,0,0,0,.000,.000,.000,.000
Jarrod J Washburn,LAA,2,4,1,0,0,0,0,0,1,0,0,0,.000,.200,.000,.200
David D Wells,BOS,2,7,1,1,0,0,0,1,0,2,0,0,.143,.143,.143,.286
C. J. C Wilson,TEX,2,0,0,0,0,0,0,0,0,0,0,0,.000,.000,.000,.000
Chris C Young,TEX,2,5,0,0,0,0,0,0,0,3,0,0,.000,.000,.000,.000
Bronson B Arroyo,BOS,1,1,0,0,0,0,0,0,0,1,0,0,.000,.000,.000,.000
Jonah J Bayliss,KC,1,0,0,0,0,0,0,0,0,0,0,0,.000,.000,.000,.000
Yorman Y Bazardo,FLA,1,1,0,0,0,0,0,0,0,1,0,0,.000,.000,.000,.000
Frank F Brooks,ATL,1,0,0,0,0,0,0,0,0,0,0,0,.000,.000,.000,.000
Kevin K Brown,NYY,1,2,0,1,1,0,0,0,0,1,0,0,.500,.500,1.000,1.500
Mark M Buehrle,CWS,1,3,0,0,0,0,0,0,0,1,0,0,.000,.000,.000,.000
Bryan B Bullington,PIT,1,0,0,0,0,0,0,0,0,0,0,0,.000,.000,.000,.000
Jamie J Burke,CWS,1,1,0,0,0,0,0,0,0,0,0,0,.000,.000,.000,.000
Daniel D Cabrera,BAL,1,1,0,0,0,0,0,0,0,1,0,0,.000,.000,.000,.000
Frank F Castillo,FLA,1,1,0,0,0,0,0,0,0,0,0,0,.000,.000,.000,.000
Jason J Davis,CLE,1,2,0,0,0,0,0,0,0,2,0,0,.000,.000,.000,.000
Sean S Douglass,DET,1,2,0,0,0,0,0,0,0,0,0,0,.000,.000,.000,.000
Scott S Downs,TOR,1,0,0,0,0,0,0,0,0,0,0,0,.000,.000,.000,.000
Travis T Driskill,HOU,1,0,0,0,0,0,0,0,0,0,0,0,.000,.000,.000,.000
Scott S Elarton,CLE,1,2,0,0,0,0,0,0,0,1,0,0,.000,.000,.000,.000
Kelvim K Escobar,LAA,1,1,0,0,0,0,0,0,0,0,0,0,.000,.000,.000,.000
Wayne W Franklin,NYY,1,0,0,0,0,0,0,0,0,0,0,0,.000,.000,.000,.000
Ryan R Garko D,CLE,1,1,0,0,0,0,0,0,0,1,0,0,.000,.000,.000,.000
Jon J Garland,CWS,1,2,0,1,0,0,0,1,0,1,0,0,.500,.500,.500,1.000
Ryan R Glynn,OAK,1,1,0,0,0,0,0,0,0,1,0,0,.000,.000,.000,.000
Jimmy J Gobble,KC,1,0,0,0,0,0,0,0,0,0,0,0,.000,.000,.000,.000
Edgar E Gonzalez,ARI,1,0,0,0,0,0,0,0,0,0,0,0,.000,.000,.000,.000
Juan J Gonzalez R,CLE,1,1,0,0,0,0,0,0,0,0,0,0,.000,.000,.000,.000
Adam A Greenberg,CHC,1,0,0,0,0,0,0,0,0,0,0,0,.000,1.000,.000,1.000
Zack Z Greinke,KC,1,2,1,1,0,0,1,1,0,0,0,0,.500,.500,2.000,2.500
Seth S Greisinger,ATL,1,2,0,0,0,0,0,0,0,1,0,0,.000,.000,.000,.000
Roy R Halladay,TOR,1,2,0,0,0,0,0,0,0,1,0,0,.000,.000,.000,.000
Tim T Harikkala,OAK,1,0,0,0,0,0,0,0,0,0,0,0,.000,.000,.000,.000
Orlando O Hernandez,CWS,1,3,0,1,0,0,0,0,0,1,0,0,.333,.333,.333,.667
J. P. J Howell,KC,1,3,0,0,0,0,0,0,0,1,0,0,.000,.000,.000,.000
Charlton C Jimerson,HOU,1,0,0,0,0,0,0,0,0,0,0,0,.000,.000,.000,.000
Jason J Johnson,DET,1,2,1,1,0,0,1,1,0,0,0,0,.500,.500,2.000,2.500
Mike M Johnston,PIT,1,0,0,0,0,0,0,0,0,0,0,0,.000,.000,.000,.000
Greg G Jones,LAA,1,0,0,0,0,0,0,0,0,0,0,0,.000,.000,.000,.000
Steve S Karsay,TEX,1,0,0,0,0,0,0,0,0,0,0,0,.000,.000,.000,.000
Scott S Kazmir,TB,1,1,0,0,0,0,0,0,0,0,0,0,.000,.000,.000,.000
Tim T Laker,TB,1,1,0,0,0,0,0,0,0,1,0,0,.000,.000,.000,.000
Henry H Mateo,WSH,1,1,0,0,0,0,0,0,1,0,0,0,.000,.500,.000,.500
David D Matranga,LAA,1,1,0,0,0,0,0,0,0,0,0,0,.000,.000,.000,.000
Joe J Mays,MIN,1,3,0,1,0,0,0,0,0,0,0,0,.333,.333,.333,.667
Brandon B Mc Carthy,CWS,1,2,0,0,0,0,0,0,0,2,0,0,.000,.000,.000,.000
Seth S Mc Clung,TB,1,0,0,0,0,0,0,0,0,0,0,0,.000,.000,.000,.000
Wade W Miller,BOS,1,3,0,2,0,0,0,0,0,1,0,0,.667,.667,.667,1.333
Kevin K Millwood,CLE,1,2,0,0,0,0,0,0,0,1,0,0,.000,.000,.000,.000
Julio J Mosquera,MIL,1,1,0,0,0,0,0,0,0,0,0,0,.000,.000,.000,.000
Jamie J Moyer,SEA,1,1,0,0,0,0,0,0,0,0,0,0,.000,.000,.000,.000
Mike M Mussina,NYY,1,3,0,0,0,0,0,0,0,2,0,0,.000,.000,.000,.000
Franklin F Nunez,TB,1,0,0,0,0,0,0,0,0,0,0,0,.000,.000,.000,.000
Brandon B Puffer,SF,1,0,0,0,0,0,0,0,0,0,0,0,.000,.000,.000,.000
Chris C Ray,BAL,1,0,0,0,0,0,0,0,0,0,0,0,.000,.000,.000,.000
Nick N Regilio,TEX,1,0,0,0,0,0,0,0,0,0,0,0,.000,.000,.000,.000
Felix F Rodriguez,NYY,1,0,0,0,0,0,0,0,0,0,0,0,.000,.000,.000,.000
Kenny K Rogers,TEX,1,3,0,1,0,1,0,1,0,1,0,0,.333,.333,1.000,1.333
Dane D Sardinha,CIN,1,3,0,0,0,0,0,0,0,1,0,0,.000,.000,.000,.000
Carlos C Silva,MIN,1,2,0,0,0,0,0,0,0,2,0,0,.000,.000,.000,.000
Geovany G Soto,CHC,1,1,0,0,0,0,0,0,0,0,0,0,.000,.000,.000,.000
Ryan R Spilborghs,COL,1,4,0,2,0,0,0,1,0,1,0,0,.500,.500,.500,1.000
Doug D Waechter,TB,1,2,1,0,0,0,0,0,0,0,0,0,.000,.000,.000,.000
Chien- Ming C Wang,NYY,1,1,0,0,0,0,0,0,0,0,0,0,.000,.000,.000,.000
Jake J Westbrook,CLE,1,2,0,0,0,0,0,0,0,2,0,0,.000,.000,.000,.000
Matt M White,WSH,1,1,0,0,0,0,0,0,0,0,0,0,.000,.000,.000,.000
Shawn S Wooten,BOS,1,1,0,0,0,0,0,0,0,0,0,0,.000,.000,.000,.000
