PLAYER,TEAM,AB,R,H,2B,3B,HR,RBI,BB,SO,SB,CS,AVG,OBP,SLG,OPS
Alcides A Escobar S,KC,162,599,71,150,36,5,6,54,15,102,4,7,.250,.272,.357,.629
Freddy F Galvis S,PHI,162,608,71,155,29,6,12,61,45,111,14,5,.255,.309,.382,.690
Eric E Hosmer,KC,162,603,98,192,31,1,25,94,66,104,6,1,.318,.385,.498,.882
Rougned R Odor,TEX,162,607,79,124,21,3,30,75,32,162,15,6,.204,.252,.397,.649
Joey J Votto,CIN,162,559,106,179,34,1,36,100,134,83,5,1,.320,.454,.578,1.032
Nick N Markakis R,ATL,160,593,76,163,39,1,8,76,68,110,0,2,.275,.354,.384,.738
Jonathan J Schoop,BAL,160,622,92,182,35,0,32,105,35,142,1,0,.293,.338,.503,.841
Nolan N Arenado,COL,159,606,100,187,43,7,37,130,62,106,3,2,.309,.373,.586,.959
Josh J Bell,PIT,159,549,75,140,26,6,26,90,66,117,2,4,.255,.334,.466,.800
Charlie C Blackmon,COL,159,644,137,213,35,14,37,104,65,135,14,10,.331,.399,.601,1.000
Francisco F Lindor S,CLE,159,651,99,178,44,4,33,89,60,93,15,3,.273,.337,.505,.842
Marcell M Ozuna L,MIA,159,613,93,191,30,2,37,124,64,144,1,3,.312,.376,.548,.924
Giancarlo G Stanton R,MIA,159,597,123,168,32,0,59,132,85,163,2,2,.281,.376,.631,1.007
Elvis E Andrus S,TEX,158,643,100,191,44,4,20,88,38,101,25,10,.297,.337,.471,.808
Andrelton A Simmons S,LAA,158,589,77,164,38,2,14,69,47,67,19,6,.278,.331,.421,.752
Justin J Smoak,TOR,158,560,85,151,29,1,38,90,73,128,0,1,.270,.355,.529,.883
Dee D Strange- Gordon,MIA,158,653,114,201,20,9,2,33,25,93,60,16,.308,.341,.375,.716
Jose J Bautista R,TOR,157,587,92,119,27,0,23,65,84,170,6,3,.203,.308,.366,.674
Nick N Castellanos,DET,157,614,73,167,36,10,26,101,41,142,4,5,.272,.320,.490,.810
Adam A Duvall L,CIN,157,587,78,146,37,3,31,99,39,170,5,3,.249,.301,.480,.782
Edwin E Encarnación Encarnacion D,CLE,157,554,96,143,20,1,38,107,104,133,2,0,.258,.377,.504,.881
Ender E Inciarte C,ATL,157,662,93,201,27,5,11,57,49,94,22,9,.304,.350,.409,.759
Anthony A Rizzo,CHC,157,572,99,156,32,3,32,109,91,90,10,4,.273,.392,.507,.899
Jose J Abreu,CWS,156,621,95,189,43,6,33,102,35,119,3,0,.304,.354,.552,.906
Melky M Cabrera R,KC,156,620,78,177,30,2,17,85,36,74,1,2,.285,.324,.423,.746
Evan E Longoria,TB,156,613,71,160,36,2,20,86,46,109,6,1,.261,.313,.424,.737
Manny M Machado,BAL,156,630,81,163,33,1,33,95,50,115,9,4,.259,.310,.471,.782
Andrew A Mc Cutchen C,PIT,156,570,94,159,30,2,28,88,73,116,11,5,.279,.363,.486,.849
Eugenio E Suárez,CIN,156,534,87,139,25,2,26,82,84,147,4,5,.260,.367,.461,.828
Christian C Yelich,MIA,156,602,100,170,36,2,18,81,80,137,16,2,.282,.369,.439,.807
Alex A Bregman,HOU,155,556,88,158,39,5,19,71,55,97,17,5,.284,.352,.475,.827
Lorenzo L Cain C,KC,155,584,86,175,27,5,15,49,54,100,26,2,.300,.363,.440,.803
Kole K Calhoun R,LAA,155,569,77,139,23,2,19,71,71,134,5,1,.244,.333,.392,.725
Nelson N Cruz D,SEA,155,556,91,160,28,0,39,119,70,140,1,1,.288,.375,.549,.924
Paul P Goldschmidt,ARI,155,558,117,166,34,3,36,120,94,147,18,5,.297,.404,.563,.966
Aaron A Judge R,NYY,155,542,128,154,24,3,52,114,127,208,9,4,.284,.422,.627,1.049
D J Le Mahieu,COL,155,609,95,189,28,4,8,64,59,90,6,5,.310,.374,.409,.783
Wil W Myers,SD,155,567,80,138,29,3,30,74,70,180,20,6,.243,.328,.464,.792
Maikel M Franco,PHI,154,575,66,132,29,1,24,76,41,95,0,0,.230,.281,.409,.690
Kevin K Pillar C,TOR,154,587,72,150,37,1,16,42,33,95,15,6,.256,.300,.404,.704
Carlos C Santana,CLE,154,571,90,148,37,3,23,79,88,94,5,1,.259,.363,.455,.818
Kyle K Seager,SEA,154,578,72,144,33,1,27,88,58,110,2,1,.249,.323,.450,.773
Jose J Altuve,HOU,153,590,112,204,39,4,24,81,58,84,32,6,.346,.410,.547,.957
Orlando O Arcia S,MIL,153,506,56,140,17,2,15,53,36,100,14,7,.277,.324,.407,.731
Mookie M Betts R,BOS,153,628,101,166,46,2,24,102,77,79,26,3,.264,.344,.459,.803
Khris K Davis L,OAK,153,566,91,140,28,1,43,110,73,195,4,0,.247,.336,.528,.864
Jed J Lowrie,OAK,153,567,86,157,49,3,14,69,73,100,0,1,.277,.360,.448,.808
Brian B Dozier,MIN,152,617,106,167,30,4,34,93,78,141,16,7,.271,.359,.498,.856
Yasiel Y Puig R,LAD,152,499,72,131,24,2,28,74,64,100,15,6,.263,.346,.487,.833
Jose J Ramírez,CLE,152,585,107,186,56,6,29,83,52,69,17,5,.318,.374,.583,.956
Justin J Upton L,LAA,152,557,100,152,44,0,35,109,74,180,14,5,.273,.361,.540,.901
Andrew A Benintendi L,BOS,151,573,84,155,26,1,20,90,70,112,20,5,.271,.352,.424,.776
Kris K Bryant,CHC,151,549,111,162,38,4,29,73,95,128,7,5,.295,.409,.537,.946
Brett B Gardner L,NYY,151,594,96,157,26,4,21,63,72,122,23,5,.264,.350,.428,.778
Eddie E Rosario L,MIN,151,542,79,157,33,2,27,78,35,106,9,8,.290,.328,.507,.836
Domingo D Santana R,MIL,151,525,88,146,29,0,30,85,73,178,15,4,.278,.371,.505,.875
Robinson R Canó,SEA,150,592,79,166,33,0,23,97,49,85,1,0,.280,.338,.453,.791
Corey C Dickerson L,TB,150,588,84,166,33,4,27,62,35,152,4,3,.282,.325,.490,.815
Kendrys K Morales D,TOR,150,557,67,139,25,0,28,85,43,132,0,0,.250,.308,.445,.753
Shin- Soo S Choo R,TEX,149,544,96,142,20,1,22,78,77,134,12,3,.261,.357,.423,.780
Ryon R Healy D,OAK,149,576,66,156,29,0,25,78,23,142,0,1,.271,.302,.451,.754
Jake J Lamb,ARI,149,536,89,133,30,4,30,105,87,152,6,4,.248,.357,.487,.844
Mitch M Moreland,BOS,149,508,73,125,34,0,22,79,57,120,0,1,.246,.326,.443,.769
Logan L Morrison,TB,149,512,75,126,22,1,38,85,81,149,2,0,.246,.353,.516,.868
Albert A Pujols D,LAA,149,593,53,143,17,0,23,101,37,93,3,0,.241,.286,.386,.672
Xander X Bogaerts S,BOS,148,571,94,156,32,6,10,62,56,116,15,1,.273,.343,.403,.746
Alex A Gordon L,KC,148,476,52,99,20,2,9,45,45,126,7,4,.208,.293,.315,.608
Nomar N Mazara R,TEX,148,554,64,140,30,2,20,101,55,127,2,2,.253,.323,.422,.745
Mike M Moustakas,KC,148,555,75,151,24,0,38,85,34,94,0,0,.272,.314,.521,.835
Mark M Reynolds,COL,148,520,82,139,22,1,30,97,69,175,2,1,.267,.352,.487,.839
Steven S Souza Jr. R,TB,148,523,78,125,21,2,30,78,84,179,16,4,.239,.351,.459,.810
Todd T Frazier,NYY,147,474,74,101,19,1,27,76,83,125,4,3,.213,.344,.428,.772
Curtis C Granderson L,LAD,147,449,74,95,24,3,26,64,71,123,6,2,.212,.323,.452,.775
Chase C Headley,NYY,147,512,77,140,30,1,12,61,60,132,9,2,.273,.352,.406,.758
Adam A Jones C,BAL,147,597,82,170,28,1,26,73,27,113,2,1,.285,.322,.466,.787
Max M Kepler R,MIN,147,511,67,124,32,2,19,69,47,114,6,1,.243,.312,.425,.737
Trey T Mancini L,BAL,147,543,65,159,26,4,24,78,33,139,1,0,.293,.338,.488,.826
Anthony A Rendon,WSH,147,508,81,153,41,1,25,100,84,82,7,2,.301,.403,.533,.937
Tim T Anderson S,CWS,146,587,72,151,26,4,17,56,13,162,15,1,.257,.276,.402,.678
Jay J Bruce R,CLE,146,555,82,141,29,2,36,101,57,139,1,1,.254,.324,.508,.832
Mark M Trumbo D,BAL,146,559,79,131,22,0,23,65,42,149,1,0,.234,.289,.397,.686
Javier J Báez,CHC,145,469,75,128,24,2,23,75,30,144,10,3,.273,.317,.480,.796
Matt M Carpenter,STL,145,497,91,120,31,2,23,69,109,125,2,1,.241,.384,.451,.835
Joey J Gallo,TEX,145,449,85,94,18,3,41,80,75,196,7,2,.209,.333,.537,.870
Jordy J Mercer S,PIT,145,502,52,128,24,5,14,58,51,88,0,4,.255,.326,.406,.732
Whit W Merrifield,KC,145,587,80,169,32,6,19,78,29,88,34,8,.288,.324,.460,.784
Jose J Reyes S,NYM,145,501,75,123,25,7,15,58,50,79,24,6,.246,.315,.413,.728
Corey C Seager S,LAD,145,539,85,159,33,0,22,77,67,131,4,2,.295,.375,.479,.854
Trevor T Story S,COL,145,503,68,120,32,3,24,82,49,191,7,2,.239,.308,.457,.765
Brandon B Crawford S,SF,144,518,58,131,34,1,14,77,42,113,3,5,.253,.305,.403,.709
Daniel D Murphy,WSH,144,534,94,172,43,3,23,93,52,77,2,0,.322,.384,.543,.928
Brandon B Phillips,LAA,144,572,81,163,34,1,13,60,21,73,11,8,.285,.319,.416,.735
Travis T Shaw,MIL,144,538,84,147,34,1,31,101,60,138,10,0,.273,.349,.513,.862
Dansby D Swanson S,ATL,144,488,59,113,23,2,6,51,59,120,3,3,.232,.312,.324,.636
Ryan R Zimmerman,WSH,144,524,90,159,33,0,36,108,44,126,1,0,.303,.358,.573,.930
Keon K Broxton C,MIL,143,414,66,91,15,4,20,49,40,175,21,7,.220,.299,.420,.719
Ryan R Goins S,TOR,143,418,37,99,21,1,9,62,31,96,3,2,.237,.286,.356,.643
Jose J Peraza,CIN,143,487,50,126,9,4,5,37,20,70,23,8,.259,.297,.324,.622
Yonder Y Alonso,SEA,142,451,72,120,22,0,28,67,68,118,2,0,.266,.365,.501,.866
Tommy T Joseph,PHI,142,495,51,119,27,1,22,69,33,129,1,0,.240,.289,.432,.721
Scooter S Gennett,CIN,141,461,80,136,22,3,27,97,30,114,3,2,.295,.342,.531,.874
Jon J Jay L,CHC,141,379,65,112,18,3,2,34,37,80,6,2,.296,.374,.375,.749
Matt M Joyce R,OAK,141,469,78,114,33,0,25,68,66,113,4,1,.243,.335,.473,.808
Joe J Mauer,MIN,141,525,69,160,36,1,7,71,66,83,2,1,.305,.384,.417,.801
J. T. J Realmuto,MIA,141,532,68,148,31,5,17,65,36,106,8,2,.278,.332,.451,.783
Yolmer Y Sánchez,CWS,141,484,63,129,19,8,12,59,35,111,8,9,.267,.319,.413,.732
Scott S Schebler R,CIN,141,473,63,110,25,2,30,67,39,125,5,3,.233,.307,.484,.791
Byron B Buxton C,MIN,140,462,69,117,14,6,16,51,38,150,29,1,.253,.314,.413,.728
Enrique K Hernández Hernandez,LAD,140,297,46,64,24,2,11,37,41,80,3,0,.215,.308,.421,.729
David D Peralta R,ARI,140,525,82,154,31,3,14,57,43,94,8,4,.293,.352,.444,.796
Buster B Posey,SF,140,494,62,158,34,0,12,67,61,66,6,1,.320,.400,.462,.861
George G Springer C,HOU,140,548,112,155,29,0,34,85,64,111,5,7,.283,.367,.522,.889
Chris C Taylor,LAD,140,514,85,148,34,5,21,72,50,142,17,4,.288,.354,.496,.850
Yuli Y Gurriel,HOU,139,529,69,158,43,1,18,75,22,62,3,2,.299,.332,.486,.817
Billy B Hamilton C,CIN,139,582,85,144,17,11,4,38,44,133,59,13,.247,.299,.335,.634
Ian I Kinsler,DET,139,551,90,130,25,3,22,52,55,86,14,5,.236,.313,.412,.725
Odubel O Herrera C,PHI,138,526,67,148,42,3,14,56,31,126,8,5,.281,.325,.452,.778
Martin M Maldonado,LAA,138,429,43,95,19,1,14,38,15,119,0,2,.221,.276,.368,.645
Joe J Panik,SF,138,511,60,147,28,5,10,53,46,54,4,1,.288,.347,.421,.768
Eric E Thames,MIL,138,469,83,116,26,4,31,63,75,163,4,2,.247,.359,.518,.878
Tim T Beckham S,BAL,137,533,67,148,18,5,22,62,36,167,6,5,.278,.328,.454,.782
Avisail A García Garcia R,CWS,136,518,75,171,27,5,18,80,33,111,5,3,.330,.380,.506,.886
Carlos C González Gonzalez R,COL,136,470,72,123,34,0,14,57,56,119,3,0,.262,.339,.423,.762
Didi D Gregorius S,NYY,136,534,73,153,27,0,25,87,25,70,3,1,.287,.318,.478,.796
Yadier Y Molina,STL,136,501,60,137,27,1,18,82,28,74,9,4,.273,.312,.439,.751
Hernan H Pérez Perez L,MIL,136,432,47,112,19,3,14,51,20,79,13,4,.259,.289,.414,.704
Ichiro I Suzuki,MIA,136,196,19,50,6,0,3,20,17,35,1,1,.255,.318,.332,.649
Asdrubal A Cabrera,NYM,135,479,66,134,32,0,14,59,50,83,3,2,.280,.351,.434,.785
Derek D Dietrich,MIA,135,406,56,101,22,5,13,53,36,98,0,1,.249,.334,.424,.758
Brandon B Drury,ARI,135,445,41,119,37,2,13,63,28,103,1,1,.267,.317,.447,.764
Ben B Gamel L,SEA,134,509,68,140,27,5,11,59,36,122,4,1,.275,.322,.413,.735
Marwin M Gonzalez L,HOU,134,455,67,138,34,0,23,90,49,99,8,3,.303,.377,.530,.907
Hunter H Pence R,SF,134,493,55,128,13,5,13,67,40,102,2,3,.260,.315,.385,.701
Josh J Reddick R,HOU,134,477,77,150,34,4,13,82,43,72,7,3,.314,.363,.484,.847
Jesus J Aguilar,MIL,133,279,40,74,15,2,16,52,25,94,0,0,.265,.331,.505,.837
Jackie J Bradley C,BOS,133,482,58,118,19,3,17,63,48,124,8,3,.245,.323,.402,.726
Greg G Garcia,STL,133,241,27,61,9,2,2,20,37,64,2,1,.253,.365,.332,.697
Jorge J Polanco S,MIN,133,488,60,125,30,3,13,74,41,78,13,5,.256,.313,.410,.723
Hanley H Ramirez D,BOS,133,496,58,120,24,0,23,62,51,116,1,3,.242,.320,.429,.750
Albert A Almora C,CHC,132,299,39,89,18,1,8,46,19,53,1,0,.298,.338,.445,.782
Cody C Bellinger,LAD,132,480,87,128,26,4,39,97,64,146,10,3,.267,.352,.581,.933
Matt M Adams,ATL,131,339,46,93,22,1,20,65,23,88,0,0,.274,.319,.522,.841
Ezequiel E Carrera L,TOR,131,287,38,81,10,1,8,20,30,75,10,1,.282,.356,.408,.764
Miguel M Cabrera,DET,130,469,50,117,22,0,16,60,54,110,0,1,.249,.329,.399,.728
Daniel D Descalso,ARI,130,344,47,80,16,5,10,51,48,89,4,0,.233,.332,.395,.727
David D Freese,PIT,130,426,44,112,16,0,10,52,58,116,0,1,.263,.368,.371,.739
Jose J Iglesias S,DET,130,463,56,118,33,1,6,54,21,65,7,4,.255,.288,.369,.657
Justin J Turner,LAD,130,457,72,147,32,0,21,71,59,56,7,1,.322,.415,.530,.945
Danny D Valencia,SEA,130,450,54,115,19,3,15,66,40,122,2,2,.256,.314,.411,.725
Darwin D Barney,TOR,129,336,34,78,14,0,6,25,18,64,7,2,.232,.275,.327,.602
Carlos C Beltrán Beltran D,HOU,129,467,60,108,29,0,14,51,33,102,0,0,.231,.283,.383,.666
Eduardo E Escobar,MIN,129,457,62,116,16,5,21,73,33,98,5,1,.254,.309,.449,.758
Yasmani Y Grandal,LAD,129,438,50,108,27,0,22,58,40,130,0,1,.247,.308,.459,.767
Salvador S Perez,KC,129,471,57,126,24,1,27,80,17,95,1,0,.268,.297,.495,.792
Kyle K Schwarber L,CHC,129,422,67,89,16,1,30,59,59,150,1,1,.211,.315,.467,.782
Denard D Span C,SF,129,497,73,135,31,5,12,43,40,69,12,7,.272,.329,.427,.756
Cory C Spangenberg,SD,129,444,57,117,18,2,13,46,34,128,11,3,.264,.322,.401,.723
Chris C Davis,BAL,128,456,65,98,15,1,26,61,61,195,1,1,.215,.309,.423,.732
Josh J Harrison,PIT,128,486,66,132,26,2,16,47,28,90,12,4,.272,.339,.432,.771
Cesar C Hernández,PHI,128,511,85,150,26,6,9,34,61,104,15,5,.294,.373,.421,.793
Gorkys G Hernández Hernandez L,SF,128,310,40,79,20,1,0,22,31,73,12,4,.255,.327,.326,.652
Tommy T Pham L,STL,128,444,95,136,22,2,23,73,71,117,25,7,.306,.411,.520,.931
Yangervis Y Solarte,SD,128,466,49,119,21,0,18,64,37,61,3,0,.255,.314,.416,.731
Ben B Zobrist,CHC,128,435,58,101,20,3,12,50,54,71,2,2,.232,.318,.375,.692
Lucas L Duda,TB,127,423,50,92,28,0,30,64,60,135,0,0,.217,.322,.496,.818
Chase C Utley,LAD,127,309,43,73,20,4,8,34,32,57,6,1,.236,.324,.405,.728
Jason J Heyward R,CHC,126,432,59,112,15,4,11,59,41,67,4,4,.259,.326,.389,.715
John J Jaso,PIT,126,256,28,54,19,0,10,35,40,66,1,1,.211,.328,.402,.730
Manuel M Margot C,SD,126,487,53,128,18,7,13,39,35,106,17,7,.263,.313,.409,.721
Jedd J Gyorko,STL,125,426,52,116,21,2,20,67,47,105,6,2,.272,.341,.472,.813
Jean J Segura S,SEA,125,524,80,157,30,2,11,45,34,83,22,8,.300,.349,.427,.776
Wilmer W Difo S,WSH,124,332,47,90,10,4,5,21,24,74,10,1,.271,.319,.370,.690
Mike M Napoli,TEX,124,425,60,82,11,1,29,66,49,163,1,2,.193,.285,.428,.713
Andrew An Romine,DET,124,318,45,74,17,2,4,25,22,67,6,4,.233,.289,.336,.626
Mike M Zunino,SEA,124,387,52,97,25,0,25,64,39,160,1,0,.251,.331,.509,.840
Guillermo G Heredia C,SEA,123,386,43,96,16,0,6,24,27,64,1,5,.249,.315,.337,.652
Jonathan J Lucroy,COL,123,423,45,112,21,3,6,40,46,51,1,0,.265,.345,.371,.716
Matt M Wieters,WSH,123,422,43,95,20,0,10,52,38,94,1,0,.225,.288,.344,.632
Zack Z Cozart S,CIN,122,438,80,130,24,7,24,63,62,78,3,0,.297,.385,.548,.933
Randal R Grichuk L,STL,122,412,53,98,25,3,22,59,26,133,6,1,.238,.285,.473,.758
Hunter H Renfroe R,SD,122,445,51,103,25,1,26,58,27,140,3,0,.231,.284,.467,.751
Gary G Sánchez Sanchez,NYY,122,471,79,131,20,0,33,90,40,120,2,1,.278,.345,.531,.876
Jonathan J Villar,MIL,122,403,49,97,18,1,11,40,30,132,23,8,.241,.293,.372,.665
Tucker T Barnhart,CIN,121,370,26,100,24,2,7,44,42,68,4,0,.270,.347,.403,.750
Adam A Frazier L,PIT,121,406,55,112,20,6,6,53,36,57,9,5,.276,.344,.399,.743
Delino D De Shields L,TEX,120,376,75,101,15,2,6,22,44,109,29,8,.269,.347,.367,.714
Austin A Hedges,SD,120,387,36,83,17,0,18,55,23,122,4,1,.214,.262,.398,.660
Logan L Forsythe,LAD,119,361,56,81,19,0,6,36,69,109,3,2,.224,.351,.327,.678
Robbie R Grossman D,MIN,119,382,62,94,22,1,9,45,67,79,3,1,.246,.361,.380,.741
J. D. J Martinez R,ARI,119,432,85,131,26,3,45,104,53,128,4,0,.303,.376,.690,1.066
Matt M Szczur L,SD,119,195,28,44,12,2,3,18,34,44,0,2,.226,.350,.354,.704
Matt M Davidson D,CWS,118,414,43,91,16,1,26,68,19,165,0,1,.220,.260,.452,.711
Dexter D Fowler C,STL,118,420,68,111,22,9,18,64,63,101,7,3,.264,.363,.488,.851
Brandon B Moss D,KC,118,362,41,75,14,0,22,50,37,128,2,0,.207,.279,.428,.708
Michael A. M Taylor C,WSH,118,399,55,108,23,3,19,53,29,137,17,7,.271,.320,.486,.806
Willson W Contreras,CHC,117,377,50,104,21,0,21,74,45,98,5,4,.276,.356,.499,.855
Rajai R Davis,BOS,117,336,56,79,19,2,5,20,27,83,29,7,.235,.293,.348,.641
Freddie F Freeman,ATL,117,440,84,135,35,2,28,71,65,95,8,5,.307,.403,.586,.989
Luis L Valbuena,LAA,117,347,42,69,15,0,22,65,48,106,0,2,.199,.294,.432,.726
Adam A Lind,WSH,116,267,39,81,14,0,14,59,28,47,1,0,.303,.362,.513,.875
Ian I Happ C,CHC,115,364,62,92,17,3,24,68,39,129,8,4,.253,.328,.514,.842
Matt M Kemp L,ATL,115,438,47,121,23,1,19,64,27,99,0,2,.276,.318,.463,.781
Patrick P Kivlehan,CIN,115,178,23,37,5,1,9,26,22,61,1,2,.208,.304,.399,.703
Gerardo G Parra L,COL,115,392,56,121,24,1,10,71,20,67,2,5,.309,.341,.452,.793
Cameron C Maybin,HOU,114,395,63,90,20,2,10,35,51,94,33,8,.228,.318,.365,.683
Eduardo E Núñez,BOS,114,467,60,146,33,0,12,58,18,54,24,7,.313,.341,.460,.801
Miguel M Sanó,MIN,114,424,75,112,15,2,28,77,54,173,0,0,.264,.352,.507,.859
Mike M Trout C,LAA,114,402,92,123,25,3,33,72,94,90,22,4,.306,.442,.629,1.071
Jorge J Bonifacio R,KC,113,384,55,98,15,1,17,40,35,118,1,1,.255,.320,.432,.752
Josh J Donaldson,TOR,113,415,65,112,21,0,33,78,76,111,2,2,.270,.385,.559,.944
Alex A Avila,CHC,112,311,41,82,13,1,14,49,62,120,0,1,.264,.387,.447,.834
Starlin S Castro,NYY,112,443,66,133,18,1,16,63,23,93,2,0,.300,.338,.454,.792
Jacoby J Ellsbury C,NYY,112,356,65,94,20,4,7,39,41,63,22,3,.264,.348,.402,.750
A J Pollock C,ARI,112,425,73,113,33,6,14,49,35,71,20,6,.266,.330,.471,.801
Travis Td' Arnaudd' Arnaud,NYM,112,348,39,85,19,1,16,57,23,59,0,0,.244,.293,.443,.735
Jarrod J Dyson C,SEA,111,346,56,87,13,3,5,30,28,55,28,7,.251,.324,.350,.674
Bryce B Harper R,WSH,111,420,95,134,27,1,29,87,68,99,4,2,.319,.413,.595,1.008
Joey J Rickard R,BAL,111,261,29,63,15,0,4,19,9,63,8,1,.241,.276,.345,.621
Seth S Smith R,BAL,111,330,50,85,19,0,13,32,36,79,2,0,.258,.340,.433,.774
Neil N Walker,MIL,111,385,59,102,21,2,14,49,55,77,0,2,.265,.362,.439,.801
Jason J Castro,MIN,110,356,49,86,22,0,10,47,45,108,0,0,.242,.333,.388,.720
Wilmer W Flores,NYM,110,336,42,91,17,1,18,52,17,54,1,1,.271,.307,.488,.795
Brad B Miller,TB,110,338,43,68,13,3,9,40,63,110,5,3,.201,.327,.337,.664
Addison A Russell S,CHC,110,352,52,84,21,3,12,43,29,91,2,1,.239,.304,.418,.722
Pat P Valaika,COL,110,182,28,47,11,0,13,40,7,53,0,0,.258,.284,.533,.817
Norichika N Aoki R,NYM,109,336,48,93,20,2,5,35,29,44,10,2,.277,.335,.393,.728
Michael M Conforto L,NYM,109,373,72,104,20,1,27,68,57,113,2,0,.279,.384,.555,.939
Carlos C Correa S,HOU,109,422,82,133,25,1,24,84,53,92,2,1,.315,.391,.550,.941
Mikie M Mahtook C,DET,109,348,50,96,15,6,12,38,23,79,6,0,.276,.330,.457,.787
Ben B Revere L,LAA,109,291,37,80,13,2,1,20,15,25,21,6,.275,.308,.344,.652
Erick E Aybar S,SD,108,333,37,78,15,1,7,22,28,57,11,4,.234,.300,.348,.648
Justin J Bour,MIA,108,377,52,109,18,0,25,83,47,95,1,0,.289,.366,.536,.902
Paul P De Jong S,STL,108,417,55,119,26,1,25,65,21,124,1,0,.285,.325,.532,.857
Gregory G Polanco R,PIT,108,379,39,95,20,0,11,35,27,60,8,1,.251,.305,.391,.695
Ronald R Torreyes,NYY,108,315,35,92,15,1,3,36,11,43,2,0,.292,.314,.375,.689
Kolten K Wong,STL,108,354,55,101,27,3,4,42,41,60,8,2,.285,.376,.412,.788
Aaron A Altherr L,PHI,107,372,58,101,24,5,19,65,32,104,5,4,.272,.340,.516,.856
Victor V Martinez D,DET,107,392,38,100,16,0,10,47,36,63,0,0,.255,.324,.372,.697
Manny M Piña Pina,MIL,107,330,45,92,21,0,9,43,20,79,2,0,.279,.327,.424,.751
Stephen S Piscotty R,STL,107,341,40,80,16,1,9,39,52,87,3,6,.235,.342,.367,.708
Alen A Hanson,CWS,106,217,36,48,9,3,4,11,12,52,11,3,.221,.262,.346,.607
Chris C Herrmann,ARI,106,226,35,41,7,0,10,27,29,67,5,0,.181,.273,.345,.619
Jake J Marisnick C,HOU,106,230,50,56,10,0,16,35,20,90,9,4,.243,.319,.496,.815
Jose J Martínez,STL,106,272,47,84,13,1,14,46,32,60,4,0,.309,.379,.518,.898
James J Mc Cann,DET,106,352,39,89,14,2,13,49,26,89,1,0,.253,.318,.415,.733
Yan Y Gomes,CLE,105,341,43,79,15,0,14,56,31,99,0,0,.232,.309,.399,.708
Carlos C Gómez Gomez,TEX,105,368,51,94,23,1,17,51,31,127,13,5,.255,.340,.462,.802
Matt M Holliday D,NYY,105,373,50,86,18,0,19,64,46,114,1,0,.231,.316,.432,.748
Dustin D Pedroia,BOS,105,406,46,119,19,0,7,62,49,48,4,3,.293,.369,.392,.760
Adam A Rosales,ARI,105,289,25,65,16,0,7,36,11,100,1,2,.225,.260,.353,.613
Brandon B Belt,SF,104,382,63,92,27,3,18,51,66,104,3,2,.241,.355,.469,.823
Ryan R Braun L,MIL,104,380,58,102,28,2,17,52,38,76,12,4,.268,.336,.487,.823
Tyler T Moore,MIA,104,187,17,43,14,0,6,30,10,56,0,0,.230,.267,.401,.668
Jose J Osuna,PIT,104,215,31,50,13,4,7,30,9,40,0,0,.233,.269,.428,.697
Kelby K Tomlinson,SF,104,194,32,50,4,2,1,11,23,46,9,1,.258,.332,.314,.646
Austin A Barnes,LAD,102,218,35,63,15,2,8,38,39,43,4,1,.289,.408,.486,.895
Joc J Pederson C,LAD,102,273,44,58,20,0,11,35,39,68,4,3,.212,.331,.407,.738
Nick N Hundley,SF,101,287,27,70,23,0,9,35,12,81,0,0,.244,.272,.418,.690
Bradley B Zimmer C,CLE,101,299,41,72,15,2,8,39,26,99,18,1,.241,.307,.385,.692
Peter P Bourjos L,TB,100,188,27,42,9,3,5,15,12,53,5,4,.223,.272,.383,.655
Allen A Córdoba Cordoba L,SD,100,202,17,42,2,2,4,15,18,54,2,2,.208,.282,.297,.579
C. J. C Cron,LAA,100,339,39,84,14,1,16,56,22,96,3,2,.248,.305,.437,.741
Trevor T Plouffe,TB,100,283,31,56,7,0,9,19,28,88,1,2,.198,.272,.318,.590
Tyler T Flowers,ATL,99,317,41,89,16,0,12,49,31,82,0,1,.281,.378,.445,.823
Christian C Vázquez Vazquez,BOS,99,324,43,94,18,2,5,32,17,64,7,2,.290,.330,.404,.735
Stephen S Vogt,MIL,99,279,25,65,15,1,12,40,21,56,0,1,.233,.285,.423,.708
Kevin K Kiermaier C,TB,98,380,56,105,15,3,15,39,31,99,16,7,.276,.338,.450,.788
Trea T Turner S,WSH,98,412,75,117,24,6,11,45,30,80,46,8,.284,.338,.451,.789
Adam A Engel C,CWS,97,301,34,50,11,3,6,21,19,117,8,1,.166,.235,.282,.517
Adeiny A Hechavarria S,TB,97,330,37,86,14,5,8,30,13,67,4,1,.261,.289,.406,.695
Brian B Mc Cann,HOU,97,349,47,84,12,1,18,62,38,58,1,0,.241,.323,.436,.759
Chris C Owings S,ARI,97,362,41,97,25,1,12,51,17,87,12,2,.268,.299,.442,.742
Alexi A Amarista,COL,96,168,22,40,10,0,3,19,7,38,1,0,.238,.269,.351,.620
Welington W Castillo,BAL,96,341,44,96,11,0,20,53,22,97,0,0,.282,.323,.490,.813
Mitch M Haniger R,SEA,96,369,58,104,25,2,16,47,31,93,5,4,.282,.352,.491,.843
Hyun Soo H Kim,PHI,96,212,20,49,8,1,1,14,22,46,0,0,.231,.307,.292,.599
Ian I Desmond L,COL,95,339,47,93,11,1,7,40,24,87,15,4,.274,.326,.375,.701
Adrian A Beltré,TEX,94,340,47,106,22,1,17,71,39,52,1,0,.312,.383,.532,.915
Juan J Lagares C,NYM,94,252,37,63,16,2,3,15,14,56,7,3,.250,.296,.365,.661
Eric E Sogard,MIL,94,249,37,68,15,1,3,18,45,37,3,3,.273,.393,.378,.770
Danny D Espinosa,TB,93,266,30,46,10,0,6,31,21,109,4,5,.173,.245,.278,.523
Taylor T Motter S,SEA,92,258,29,51,12,0,7,26,21,62,12,1,.198,.257,.326,.583
Steve S Pearce L,TOR,92,313,38,79,17,1,13,37,27,68,0,0,.252,.319,.438,.757
Howie H Kendrick L,WSH,91,305,40,96,16,3,9,41,22,68,12,5,.315,.368,.475,.844
Russell R Martin,TOR,91,307,49,68,12,0,13,35,50,83,1,2,.221,.343,.388,.731
Gregor G Blanco L,ARI,90,224,43,55,10,3,3,13,31,59,15,1,.246,.337,.357,.694
Michael M Brantley L,CLE,90,338,47,101,20,1,9,52,31,50,11,1,.299,.357,.444,.801
Jason J Kipnis,CLE,90,336,43,78,25,0,12,35,28,71,6,2,.232,.291,.414,.705
Omar O Narváez Narvaez,CWS,90,253,23,70,10,0,2,14,38,45,0,0,.277,.373,.340,.713
Miguel M Rojas S,MIA,90,272,37,79,16,2,1,26,27,32,2,1,.290,.361,.375,.736
Chris C Young L,BOS,90,243,30,57,12,2,7,25,30,55,3,2,.235,.322,.387,.709
Carlos C Asuaje,SD,89,307,28,83,14,1,4,21,28,76,0,1,.270,.334,.362,.696
Yunel Y Escobar,LAA,89,350,43,96,20,1,7,31,29,51,1,4,.274,.333,.397,.730
Chris C Iannetta,ARI,89,272,38,69,19,0,17,43,37,87,0,0,.254,.354,.511,.866
Caleb C Joseph,BAL,89,254,31,65,14,1,8,28,10,72,0,0,.256,.287,.413,.700
Jace J Peterson L,ATL,89,186,15,40,9,2,2,17,27,48,3,0,.215,.318,.317,.635
Robinson R Chirinos,TEX,88,263,46,67,13,1,17,38,34,79,1,0,.255,.360,.506,.866
Aaron A Hicks C,NYY,88,301,54,80,18,0,15,52,51,67,10,5,.266,.372,.475,.847
Cameron C Rupp,PHI,88,295,35,64,17,0,14,34,34,114,1,0,.217,.299,.417,.716
Leury L García Garcia C,CWS,87,300,41,81,15,2,9,33,13,69,8,5,.270,.316,.423,.739
Cliff C Pennington,LAA,87,194,23,49,6,0,3,21,16,58,3,1,.253,.306,.330,.636
Chad C Pinder R,OAK,87,282,36,67,15,1,15,42,18,92,2,1,.238,.292,.457,.750
Kevan K Smith,CWS,87,276,23,78,17,0,4,30,9,46,0,0,.283,.309,.388,.697
Lane L Adams,ATL,85,109,19,30,4,1,5,20,10,37,10,0,.275,.339,.468,.807
Austin A Jackson C,CLE,85,280,46,89,19,3,7,35,33,64,3,1,.318,.387,.482,.869
Sandy S Leon,BOS,85,271,32,61,14,0,7,39,25,74,0,0,.225,.290,.354,.644
Marcus M Semien S,OAK,85,342,53,85,19,1,10,40,38,85,12,1,.249,.325,.398,.722
Matt M Chapman,OAK,84,290,39,68,23,2,14,40,32,92,0,3,.234,.313,.472,.785
Evan E Gattis,HOU,84,300,41,79,22,0,12,55,18,50,0,1,.263,.311,.457,.767
Jose J Pirela L,SD,83,312,43,90,25,4,10,40,27,71,4,3,.288,.347,.490,.837
Nick N Williams R,PHI,83,313,45,90,14,4,12,55,20,97,1,2,.288,.338,.473,.811
Tony T Wolters,COL,83,229,30,55,8,1,0,16,33,55,0,1,.240,.341,.284,.625
Johan J Camargo,ATL,82,241,30,72,21,2,4,27,12,51,0,0,.299,.331,.452,.783
Lonnie L Chisenhall R,CLE,82,236,34,68,17,1,12,53,25,55,2,2,.288,.360,.521,.881
Danny D Santana L,ATL,82,168,19,34,10,2,4,23,8,41,7,0,.202,.243,.357,.600
Francisco F Cervelli,PIT,81,265,31,66,13,2,5,31,32,65,0,2,.249,.342,.370,.712
Yoenis Y Céspedes Cespedes L,NYM,81,291,46,85,17,2,17,42,26,61,0,1,.292,.352,.540,.892
Mallex M Smith C,TB,81,256,33,69,8,4,2,12,23,62,16,5,.270,.329,.355,.684
Kurt K Suzuki,ATL,81,276,38,78,13,0,19,50,17,39,0,0,.283,.351,.536,.887
Andres A Blanco,PHI,80,130,10,25,4,0,3,13,12,34,1,0,.192,.257,.292,.549
Daniel D Nava L,PHI,80,183,21,55,8,1,4,21,26,38,1,0,.301,.393,.421,.813
Austin Au Romine,NYY,80,229,19,50,9,1,2,21,16,57,0,0,.218,.272,.293,.565
Aledmys A Díaz Diaz S,STL,79,286,31,74,17,0,7,20,13,42,4,1,.259,.290,.392,.682
Tyler T Saladino,CWS,79,253,23,45,9,2,0,10,23,67,5,4,.178,.254,.229,.484
Pablo P Sandoval,SF,79,259,27,57,11,0,9,32,16,53,0,1,.220,.265,.367,.632
Kennys K Vargas,MIN,78,241,33,61,13,0,11,41,20,77,0,0,.253,.314,.444,.758
Craig C Gentry R,BAL,77,101,17,26,5,1,2,11,11,24,5,4,.257,.333,.386,.720
Starling S Marte L,PIT,77,309,48,85,7,2,7,31,20,63,21,4,.275,.333,.379,.712
Bruce B Maxwell,OAK,76,219,21,52,12,0,3,22,31,63,0,0,.237,.329,.333,.663
Miguel M Montero,TOR,76,185,24,40,6,0,6,16,23,47,1,0,.216,.310,.346,.656
Drew D Butera,KC,75,163,18,37,4,1,3,14,12,41,0,0,.227,.284,.319,.603
Daniel D Robertson,TB,75,218,22,45,7,2,5,19,29,73,1,1,.206,.308,.326,.634
Hector H Sánchez Sanchez,SD,75,137,14,30,4,0,8,25,5,41,0,0,.219,.245,.423,.668
Chris C Gimenez,MIN,74,186,28,41,9,0,7,16,33,60,1,0,.220,.350,.382,.732
Brian B Goodwin C,WSH,74,251,41,63,21,1,13,30,23,69,6,0,.251,.313,.498,.811
Rene R Rivera,CHC,74,218,23,55,9,0,10,35,14,70,0,1,.252,.305,.431,.736
J. J Hardy S,BAL,73,254,24,55,13,1,4,24,12,48,0,1,.217,.255,.323,.578
Tommy T La Stella,CHC,73,125,18,36,8,0,5,22,20,18,0,0,.288,.389,.472,.861
Dixon D Machado S,DET,73,166,17,43,5,1,1,11,10,32,1,0,.259,.302,.319,.621
Ketel K Marte S,ARI,73,223,30,58,11,2,5,18,29,37,3,1,.260,.345,.395,.740
Roberto R Pérez Perez,CLE,73,217,22,45,12,0,8,38,26,71,0,1,.207,.291,.373,.664
T. J. T Rivera,NYM,73,214,27,62,13,1,5,27,9,32,1,0,.290,.330,.430,.760
Michael M Saunders,TOR,73,218,26,44,9,2,6,21,15,55,0,1,.202,.256,.344,.600
Matt M Bowman,STL,71,0,0,0,0,0,0,0,0,0,0,0,.000,.000,.000,.000
Adrian A González,LAD,71,231,14,56,17,0,3,30,16,43,0,1,.242,.287,.355,.642
Corey C Knebel,MIL,71,0,0,0,0,0,0,0,0,0,0,0,.000,.000,.000,.000
Deven D Marrero,BOS,71,171,32,36,9,0,4,27,12,61,5,0,.211,.259,.333,.593
Hector H Neris,PHI,71,0,0,0,0,0,0,0,0,0,0,0,.000,.000,.000,.000
Alex A Presley R,DET,71,245,30,77,10,3,3,20,15,49,5,0,.314,.354,.416,.770
Ehire E Adrianza S,MIN,70,162,30,43,9,2,2,24,16,25,8,1,.265,.324,.383,.707
Arismendy A Alcántara Alcantara,CIN,70,105,13,18,3,1,1,7,2,38,2,0,.171,.187,.248,.434
Jerry J Blevins,NYM,70,0,0,0,0,0,0,0,0,0,0,0,.000,.000,.000,.000
Brandon B Guyer R,CLE,70,165,23,39,7,1,2,20,15,43,2,0,.236,.326,.327,.654
Ty T Kelly,PHI,70,89,11,17,7,0,2,14,8,25,0,0,.191,.257,.337,.594
Michael M Lorenzen,CIN,70,12,1,2,0,0,1,1,0,5,0,0,.167,.167,.417,.583
J T Riddle S,MIA,70,228,20,57,13,1,3,31,12,50,0,2,.250,.282,.355,.637
Raimel R Tapia,COL,70,160,27,46,12,2,2,16,8,36,5,2,.288,.329,.425,.754
Jayson J Werth L,WSH,70,252,35,57,10,1,10,29,35,69,4,3,.226,.322,.393,.715
Abraham A Almonte R,CLE,69,172,26,40,8,3,3,14,20,46,2,1,.233,.314,.366,.681
Juan J Nicasio,STL,69,1,0,0,0,0,0,0,0,0,0,0,.000,.000,.000,.000
Brandon B Nimmo L,NYM,69,177,26,46,11,1,5,21,33,60,2,0,.260,.379,.418,.797
Jacob J Barnes,MIL,68,0,0,0,0,0,0,0,1,0,0,0,.000,1.000,.000,1.000
Brett B Cecil,STL,68,1,0,0,0,0,0,0,0,0,0,0,.000,.000,.000,.000
Andrew A Chafin,ARI,68,0,0,0,0,0,0,0,0,0,0,0,.000,.000,.000,.000
Carl C Edwards,CHC,68,1,1,0,0,0,0,0,0,1,0,0,.000,.000,.000,.000
Matt M Reynolds,NYM,68,113,12,26,1,2,1,5,14,37,0,1,.230,.326,.301,.626
Tony T Watson,LAD,68,1,0,0,0,0,0,0,0,1,0,0,.000,.000,.000,.000
Gio G Urshela,CLE,67,156,14,35,7,0,1,15,8,22,0,0,.224,.262,.288,.551
Nick N Franklin,LAA,66,106,9,19,3,1,2,12,10,22,2,0,.179,.269,.283,.552
Cory C Gearrin,SF,66,2,0,0,0,0,0,0,0,2,0,0,.000,.000,.000,.000
Brad B Hand,SD,66,1,0,0,0,0,0,0,0,0,0,0,.000,.000,.000,.000
Pat P Neshek,COL,66,0,0,0,0,0,0,0,0,0,0,0,.000,.000,.000,.000
Wandy W Peralta,CIN,66,0,0,0,0,0,0,0,0,0,0,0,.000,.000,.000,.000
Hunter H Strickland,SF,66,0,0,0,0,0,0,0,0,0,0,0,.000,.000,.000,.000
Troy T Tulowitzki S,TOR,66,241,16,60,10,0,7,26,17,40,0,1,.249,.300,.378,.678
Felipe F Vázquez Vazquez,PIT,66,0,0,0,0,0,0,0,0,0,0,0,.000,.000,.000,.000
Brian B Duensing,CHC,65,4,0,0,0,0,0,0,0,3,0,0,.000,.000,.000,.000
Daniel D Hudson,PIT,65,0,0,0,0,0,0,0,0,0,0,0,.000,.000,.000,.000
Scott S Oberg,COL,65,0,0,0,0,0,0,0,0,0,0,0,.000,.000,.000,.000
Pedro P Strop,CHC,65,1,0,0,0,0,0,0,0,0,0,0,.000,.000,.000,.000
Jorge J De La Rosa,ARI,64,0,1,0,0,0,0,0,0,0,0,0,.000,.000,.000,.000
Elias E Díaz Diaz,PIT,64,188,18,42,14,0,1,19,11,38,1,0,.223,.265,.314,.579
Rey R Fuentes C,ARI,64,136,19,32,1,2,3,9,8,35,4,1,.235,.278,.338,.616
Jarlin J García Garcia,MIA,64,0,0,0,0,0,0,0,0,0,0,0,.000,.000,.000,.000
Brock B Holt,BOS,64,140,20,28,6,0,0,7,19,34,2,1,.200,.305,.243,.548
Jose J Ramírez Ramirez,ATL,64,0,0,0,0,0,0,0,0,0,0,0,.000,.000,.000,.000
Wilson W Ramos,TB,64,208,19,54,6,0,11,35,10,36,0,0,.260,.290,.447,.737
Carlos C Torres,MIL,64,0,0,0,0,0,0,0,0,0,0,0,.000,.000,.000,.000
Mike M Dunn,COL,63,0,0,0,0,0,0,0,0,0,0,0,.000,.000,.000,.000
Luis L García Garcia,PHI,63,0,0,0,0,0,0,0,0,0,0,0,.000,.000,.000,.000
Jared J Hughes,MIL,63,0,0,0,0,0,0,0,0,0,0,0,.000,.000,.000,.000
Ryan R Rua L,TEX,63,129,17,28,6,0,3,12,14,52,2,2,.217,.294,.333,.627
Kyle K Barraclough,MIA,62,1,0,0,0,0,0,0,0,1,0,0,.000,.000,.000,.000
Chris C Carter,NYY,62,184,20,37,5,1,8,26,20,76,0,0,.201,.284,.370,.653
Jesus J Sucre,TB,62,176,20,45,6,0,7,29,7,35,2,0,.256,.289,.409,.699
Luke L Voit,STL,62,114,18,28,9,0,4,18,7,31,0,0,.246,.306,.430,.736
Pedro P Báez Baez,LAD,61,1,0,0,0,0,0,1,1,1,0,0,.000,.500,.000,.500
Jabari J Blash R,SD,61,164,24,35,6,0,5,16,28,66,1,2,.213,.333,.341,.675
Dustin D Mc Gowan,MIA,61,6,0,0,0,0,0,0,0,6,0,0,.000,.000,.000,.000
Jett J Bandy,MIL,60,169,14,35,6,0,6,18,15,51,1,0,.207,.287,.349,.636
Archie A Bradley,ARI,60,4,0,1,0,0,0,1,0,2,0,0,.250,.250,.250,.500
Erik E González,CLE,60,110,18,28,6,0,4,11,3,37,1,2,.255,.272,.418,.690
John J Hicks,DET,60,173,25,46,12,0,6,22,13,51,2,1,.266,.326,.439,.766
Raisel R Iglesias,CIN,60,1,0,1,1,0,0,0,0,0,0,0,1.000,1.000,2.000,3.000
Jeff J Mathis,ARI,60,186,13,40,10,2,2,11,14,61,1,0,.215,.277,.323,.600
Seunghwan S Oh,STL,60,0,0,0,0,0,0,0,0,0,0,0,.000,.000,.000,.000
Matt M Albers,WSH,59,0,0,0,0,0,0,0,0,0,0,0,.000,.000,.000,.000
Kenley K Jansen,LAD,59,4,0,2,1,0,0,1,0,0,0,0,.500,.500,.750,1.250
George G Kontos,PIT,59,2,0,0,0,0,0,0,0,1,0,0,.000,.000,.000,.000
Matt M Olson,OAK,59,189,33,49,2,0,24,45,22,60,0,0,.259,.352,.651,1.003
Adam A Ottavino,COL,59,0,0,0,0,0,0,0,0,0,0,0,.000,.000,.000,.000
Hector H Rondón Rondon,CHC,59,2,0,1,0,0,0,0,0,0,0,0,.500,.500,.500,1.000
Luis L Avilán Avilan,LAD,58,2,0,0,0,0,0,0,0,1,0,0,.000,.000,.000,.000
Cheslor C Cuthbert,KC,58,143,10,33,7,0,2,18,9,39,0,0,.231,.275,.322,.596
Rafael R Devers,BOS,58,222,34,63,14,0,10,30,18,57,3,1,.284,.338,.482,.820
Oliver O Drake,MIL,58,0,0,0,0,0,0,0,0,0,0,0,.000,.000,.000,.000
Jake J Mc Gee,COL,58,0,0,0,0,0,0,0,0,0,0,0,.000,.000,.000,.000
Ozzie O Albies,ATL,57,217,34,62,9,5,6,28,21,36,8,1,.286,.354,.456,.810
Mark M Canha R,OAK,57,173,16,36,13,1,5,14,7,56,2,0,.208,.262,.382,.644
Josh J Phegley,OAK,57,149,14,30,11,0,3,10,9,26,0,1,.201,.255,.336,.590
Fernando F Rodney,ARI,57,0,0,0,0,0,0,0,0,0,0,0,.000,.000,.000,.000
Craig C Stammen,SD,57,6,2,3,1,0,0,0,2,2,0,0,.500,.625,.667,1.292
Jose J Torres,SD,57,1,1,1,0,0,0,0,0,0,0,0,1.000,1.000,1.000,2.000
Wade W Davis,CHC,56,0,0,0,0,0,0,0,0,0,0,0,.000,.000,.000,.000
Jim J Johnson,ATL,56,0,0,0,0,0,0,0,0,0,0,0,.000,.000,.000,.000
Ja Coby J Jones C,DET,56,141,14,24,3,1,3,13,9,65,6,2,.170,.240,.270,.510
Andrew A Knapp,PHI,56,171,26,44,8,1,3,13,31,56,1,0,.257,.368,.368,.736
Devin D Mesoraco,CIN,56,141,17,30,5,1,6,14,18,38,1,0,.213,.321,.390,.711
Max M Moroff,PIT,56,120,19,24,4,1,3,21,16,43,0,1,.200,.302,.325,.627
A J Ramos,NYM,56,0,0,0,0,0,0,0,0,0,0,0,.000,.000,.000,.000
Edubray E Ramos,PHI,56,1,0,0,0,0,0,0,0,1,0,0,.000,.000,.000,.000
Paul P Sewald,NYM,56,2,0,0,0,0,0,0,0,1,0,0,.000,.000,.000,.000
Luis L Torrens,SD,56,123,7,20,3,1,0,7,12,30,0,0,.163,.243,.203,.446
Arodys A Vizcaíno Vizcaino,ATL,56,0,0,0,0,0,0,0,0,0,0,0,.000,.000,.000,.000
Josh J Fields,LAD,55,0,0,0,0,0,0,0,0,0,0,0,.000,.000,.000,.000
Greg G Holland,COL,55,0,0,0,0,0,0,0,0,0,0,0,.000,.000,.000,.000
Drew D Storen,CIN,55,1,0,0,0,0,0,0,0,0,0,0,.000,.000,.000,.000
Kirby K Yates,SD,55,0,0,0,0,0,0,0,0,0,0,0,.000,.000,.000,.000
Sam S Freeman,ATL,54,2,0,0,0,0,0,0,0,1,0,0,.000,.000,.000,.000
Yoan Y Moncada,CWS,54,199,31,46,8,2,8,22,29,74,3,2,.231,.338,.412,.750
Sean S Rodríguez,PIT,54,132,18,22,2,0,5,8,16,57,1,0,.167,.276,.295,.572
Chris C Rusin,COL,54,9,1,3,0,0,0,0,0,3,0,0,.333,.333,.333,.667
Nick N Ahmed S,ARI,53,167,24,42,8,1,6,21,10,39,3,4,.251,.298,.419,.717
Derek D Fisher L,HOU,53,146,21,31,4,1,5,17,17,54,3,3,.212,.307,.356,.663
Ryder R Jones,SF,53,150,12,26,5,2,2,5,10,52,1,0,.173,.244,.273,.517
Derek D Norris,TB,53,179,21,36,5,0,9,24,12,48,1,0,.201,.258,.380,.638
Carlos C Ruiz,SEA,53,125,14,27,8,0,3,11,14,38,1,0,.216,.313,.352,.664
Rio R Ruiz,ATL,53,150,22,29,5,0,4,19,19,41,1,0,.193,.283,.307,.590
Ryan R Schimpf,SD,53,165,24,26,2,0,14,25,27,70,0,0,.158,.284,.424,.708
Junichi J Tazawa,MIA,53,1,0,0,0,0,0,0,0,0,0,0,.000,.000,.000,.000
Adonis A García,ATL,52,173,19,41,4,0,5,19,7,23,4,0,.237,.273,.347,.620
Boog B Powell C,OAK,52,117,24,33,5,0,3,12,15,30,0,1,.282,.358,.402,.760
Rob R Refsnyder,TOR,52,88,8,15,2,1,0,0,8,17,4,1,.170,.247,.216,.463
Blake B Wood,CIN,52,1,0,0,0,0,0,0,0,1,0,0,.000,.000,.000,.000
A. J. A Ellis,MIA,51,143,17,30,5,0,6,14,12,29,0,0,.210,.298,.371,.669
Jose J Lobatón Lobaton,WSH,51,141,11,24,3,0,4,11,14,35,0,0,.170,.248,.277,.525
Josh J Osich,SF,51,0,0,0,0,0,0,0,0,0,0,0,.000,.000,.000,.000
Jarrett J Parker L,SF,51,166,14,41,12,2,4,23,10,54,2,1,.247,.294,.416,.709
Brock B Stassi,PHI,51,78,6,13,2,1,2,7,12,22,0,0,.167,.278,.295,.573
Chris C Stewart,PIT,51,131,8,24,1,2,0,4,9,22,0,0,.183,.241,.221,.462
Brad B Ziegler,MIA,51,0,0,0,0,0,0,0,0,0,0,0,.000,.000,.000,.000
Kaleb K Cowart,LAA,50,102,18,23,5,1,3,11,10,28,4,2,.225,.313,.382,.695
Rhys R Hoskins L,PHI,50,170,37,44,7,0,18,48,37,46,2,0,.259,.396,.618,1.014
Enny E Romero,WSH,50,1,0,0,0,0,0,0,0,1,0,0,.000,.000,.000,.000
Devon D Travis,TOR,50,185,22,48,18,0,5,24,7,38,4,2,.259,.291,.438,.729
Tyler T Collins C,DET,49,150,18,29,4,1,5,14,18,55,0,4,.193,.278,.333,.611
Yandy Y Díaz,CLE,49,156,25,41,8,1,0,13,21,35,2,0,.263,.352,.327,.679
J. J Hoover,ARI,49,0,0,0,0,0,0,0,0,0,0,0,.000,.000,.000,.000
Leonys L Martin C,CHC,49,128,14,22,3,1,3,9,8,33,7,4,.172,.232,.281,.513
Dominic Do Smith,NYM,49,167,17,33,6,0,9,26,14,49,0,0,.198,.262,.395,.658
Josh J Smoker,NYM,49,3,0,0,0,0,0,0,0,2,0,0,.000,.000,.000,.000
Joaquin J Benoit,PIT,48,0,0,0,0,0,0,0,0,0,0,0,.000,.000,.000,.000
Greg G Bird,NYY,48,147,20,28,7,0,9,28,19,42,0,0,.190,.288,.422,.710
Joe J Blanton,WSH,48,0,0,0,0,0,0,0,1,0,0,0,.000,1.000,.000,1.000
Jaycob J Brugman C,OAK,48,143,12,38,2,0,3,12,18,38,1,2,.266,.346,.343,.688
Juan J Graterol,LAA,48,84,5,17,4,0,0,10,1,13,0,0,.202,.207,.250,.457
Justin J Grimm,CHC,48,3,0,0,0,0,0,0,0,1,0,0,.000,.000,.000,.000
Ian I Krol,ATL,48,1,0,0,0,0,0,0,0,0,0,0,.000,.000,.000,.000
Tyler T Lyons,STL,48,1,0,0,0,0,0,0,1,1,0,0,.000,.500,.000,.500
Addison A Reed,BOS,48,0,0,0,0,0,0,0,0,0,0,0,.000,.000,.000,.000
Drew D Robinson,TEX,48,107,11,24,5,0,6,13,14,42,0,2,.224,.314,.439,.753
Trevor T Rosenthal,STL,48,0,0,0,0,0,0,0,0,0,0,0,.000,.000,.000,.000
Ross R Stripling,LAD,48,9,2,0,0,0,0,0,0,4,0,0,.000,.000,.000,.000
Tomas T Telis,MIA,48,104,13,25,5,3,0,9,3,10,0,0,.240,.279,.346,.625
Oliver O Pérez Perez,WSH,47,0,0,0,0,0,0,0,0,0,0,0,.000,.000,.000,.000
Yasmany Y Tomás Tomas L,ARI,47,166,19,40,11,1,8,32,13,50,0,0,.241,.294,.464,.758
Jesse J Winker R,CIN,47,121,21,36,7,0,7,15,15,24,1,1,.298,.375,.529,.904
Eric E Young Jr.,LAA,47,110,24,29,5,0,4,16,5,31,12,3,.264,.336,.418,.754
John J Brebbia,STL,46,1,0,0,0,0,0,0,0,0,0,0,.000,.000,.000,.000
Stephen S Drew,WSH,46,95,9,24,7,0,1,17,8,21,0,0,.253,.302,.358,.660
Wade W Le Blanc,PIT,46,5,0,1,0,0,0,1,0,3,0,0,.200,.200,.200,.400
Luke L Maile,TOR,46,130,10,19,5,0,2,7,3,35,1,0,.146,.176,.231,.407
Amed A Rosario S,NYM,46,165,16,41,4,4,4,10,3,49,7,3,.248,.271,.394,.664
Fernando F Salas,NYM,46,2,0,1,0,0,0,0,0,1,0,0,.500,.500,.500,1.000
Jefry J Marte,LAA,45,127,10,22,5,0,4,14,13,34,1,0,.173,.269,.307,.576
Koji K Uehara,CHC,45,0,0,0,0,0,0,0,0,0,0,0,.000,.000,.000,.000
Josh J Edgin,NYM,44,0,0,0,0,0,0,0,0,0,0,0,.000,.000,.000,.000
Willy W García Garcia R,CWS,44,105,15,25,5,3,2,12,11,31,0,0,.238,.305,.400,.705
Conor C Gillaspie,SF,44,80,8,13,4,0,2,8,5,10,0,0,.163,.218,.288,.506
Phil P Maton,SD,44,0,0,0,0,0,0,0,0,0,0,0,.000,.000,.000,.000
David D Phelps,SEA,44,1,0,0,0,0,0,0,0,1,0,0,.000,.000,.000,.000
Tony T Cingrani,LAD,43,0,0,0,0,0,0,0,0,0,0,0,.000,.000,.000,.000
Nicky N Delmonico L,CWS,43,141,25,37,4,0,9,23,23,31,2,0,.262,.373,.482,.856
Brandon B Morrow,LAD,43,0,0,0,0,0,0,0,0,0,0,0,.000,.000,.000,.000
Hansel H Robles,NYM,43,0,0,0,0,0,0,0,0,0,0,0,.000,.000,.000,.000
Kevin K Siegrist,PHI,43,0,0,0,0,0,0,0,0,0,0,0,.000,.000,.000,.000
Jason J Motte,ATL,42,0,0,0,0,0,0,0,0,0,0,0,.000,.000,.000,.000
Cameron C Perkins,PHI,42,88,9,16,5,0,1,8,5,23,0,0,.182,.237,.273,.510
Dustin D Garneau,OAK,41,112,10,21,8,0,2,9,12,36,0,0,.188,.272,.313,.584
Jeremy J Hazelbaker,ARI,41,52,10,18,2,2,2,10,9,20,1,0,.346,.443,.577,1.020
Luke L Jackson,ATL,41,2,0,0,0,0,0,0,0,0,0,0,.000,.000,.000,.000
T. J. T Mc Farland,ARI,41,5,0,1,0,0,0,0,0,3,0,0,.200,.200,.200,.400
Steven S Okert,SF,41,1,0,0,0,0,0,0,0,1,0,0,.000,.000,.000,.000
Ruben R Tejada S,BAL,41,113,17,26,6,0,0,5,8,15,0,0,.230,.293,.283,.576
Brian B Ellington,MIA,40,1,0,0,0,0,0,0,0,0,0,0,.000,.000,.000,.000
Phil P Gosselin,TEX,40,48,3,7,2,0,0,2,2,12,0,1,.146,.180,.188,.368
Zack Z Granite C,MIN,40,93,14,22,2,0,1,13,12,9,2,2,.237,.321,.290,.611
Mike M Montgomery,CHC,40,27,5,5,1,0,1,3,0,10,0,0,.185,.185,.333,.518
Ryan R Buchter,KC,39,0,0,0,0,0,0,0,0,0,0,0,.000,.000,.000,.000
Clint C Frazier L,NYY,39,134,16,31,9,4,4,17,7,43,1,0,.231,.268,.448,.715
Matt M Grace,WSH,39,5,0,0,0,0,0,0,0,4,0,0,.000,.000,.000,.000
Pete P Kozma,TEX,39,45,6,5,0,0,1,2,3,20,0,1,.111,.200,.178,.378
Derek D Law,SF,39,0,0,0,0,0,0,0,0,0,0,0,.000,.000,.000,.000
Jhan J Mariñez Marinez,PIT,39,6,0,1,1,0,0,0,0,4,0,0,.167,.167,.333,.500
Brandon B Maurer,KC,39,0,0,0,0,0,0,0,0,0,0,0,.000,.000,.000,.000
Paulo P Orlando R,KC,39,86,9,17,3,0,2,6,1,20,1,1,.198,.225,.302,.527
Blake B Treinen,OAK,39,0,0,0,0,0,0,0,0,0,0,0,.000,.000,.000,.000
Emilio E Bonifácio Bonifacio,ATL,38,38,2,5,1,1,0,3,1,9,0,0,.132,.150,.211,.360
Jeimer J Candelario,DET,38,127,18,36,9,0,3,16,13,30,0,0,.283,.359,.425,.784
Chris C Heisey L,WSH,38,74,8,12,3,1,1,5,5,22,0,0,.162,.215,.270,.486
Mike M Aviles S,MIA,37,86,5,20,2,0,1,8,6,15,0,0,.233,.298,.291,.589
Jordan J Lyles,SD,37,13,1,3,0,0,0,3,1,6,0,0,.231,.286,.231,.516
Hoby H Milner,PHI,37,2,0,0,0,0,0,0,0,2,0,0,.000,.000,.000,.000
Brett B Phillips C,MIL,37,87,9,24,3,0,4,12,9,34,5,0,.276,.351,.448,.799
Kevin K Plawecki,NYM,37,100,11,26,5,0,3,13,14,17,1,0,.260,.364,.400,.764
Martin M Prado,MIA,37,140,13,35,9,0,2,12,6,22,0,0,.250,.279,.357,.636
Colby C Rasmus L,TB,37,121,17,34,7,1,9,23,7,45,1,0,.281,.318,.579,.896
Josh J Rutledge,BOS,37,107,10,24,2,1,0,9,9,31,1,0,.224,.297,.262,.558
Andrew A Stevenson R,WSH,37,57,5,9,2,0,0,1,7,20,1,0,.158,.250,.193,.443
Stuart S Turner,CIN,37,82,4,11,3,0,2,7,5,22,0,0,.134,.182,.244,.426
Rickie R Weeks Jr. D,TB,37,97,13,21,6,0,2,8,12,49,1,0,.216,.321,.340,.662
Ty T Blach,SF,36,44,5,10,2,0,1,7,4,21,0,0,.227,.286,.341,.627
Chris C Coghlan,TOR,36,75,7,15,2,0,1,5,9,22,0,0,.200,.299,.267,.566
Sam S Dyson,SF,36,0,0,0,0,0,0,0,0,0,0,0,.000,.000,.000,.000
Jared J Hoying C,TEX,36,72,13,16,3,0,1,7,4,23,3,0,.222,.260,.306,.565
Adam A Morgan,PHI,36,2,0,1,0,0,0,0,1,1,0,0,.500,.667,.500,1.167
Mike M Freeman S,CHC,35,60,6,6,2,0,1,1,6,19,0,0,.100,.182,.183,.365
Franklin F Gutierrez,LAD,35,56,8,13,3,0,1,8,7,16,0,1,.232,.317,.339,.657
Jorge J Soler R,KC,35,97,7,14,5,0,2,6,12,36,0,0,.144,.245,.258,.503
Drew D Steckenrider,MIA,35,0,0,0,0,0,0,0,0,0,0,0,.000,.000,.000,.000
Julio J Teheran,ATL,35,57,4,8,0,0,0,6,1,17,0,0,.140,.167,.140,.307
Chase Cd' Arnaudd' Arnaud S,SD,35,58,12,11,2,0,1,3,4,20,5,1,.190,.242,.276,.518
Christian C Arroyo,SF,34,125,9,24,5,0,3,14,8,32,1,2,.192,.244,.304,.548
Eric E Fryer,STL,34,71,7,11,3,0,0,3,11,18,0,0,.155,.277,.197,.474
Aaron A Hill,SF,34,68,7,9,2,1,1,7,11,13,0,0,.132,.250,.235,.485
Carson C Kelly,STL,34,69,5,12,3,0,0,6,5,11,0,0,.174,.240,.217,.457
Adrian A Sanchez,WSH,34,71,6,19,7,0,0,11,1,25,0,2,.268,.288,.366,.654
Austin A Slater L,SF,34,117,15,33,3,1,3,16,8,29,0,0,.282,.339,.402,.740
Sam S Tuivailala,STL,34,0,0,0,0,0,0,0,0,0,0,0,.000,.000,.000,.000
Nick N Wittgren,MIA,34,4,0,0,0,0,0,0,0,1,0,0,.000,.000,.000,.000
Jacob Jde Gromde Grom,NYM,34,71,6,15,1,0,1,4,2,22,1,0,.211,.233,.268,.500
Jhoulys J Chacín Chacin,SD,33,54,0,12,2,0,0,4,0,11,1,0,.222,.222,.259,.482
Tyler T Chatwood,COL,33,39,5,6,1,0,0,2,1,9,0,0,.154,.175,.179,.354
Patrick P Corbin,ARI,33,56,6,7,0,1,0,0,6,28,0,0,.125,.210,.161,.370
Kyle K Freeland,COL,33,52,3,8,1,0,1,2,1,30,0,0,.154,.170,.231,.401
Ryan R Hanigan,COL,33,101,9,27,2,0,2,12,8,26,0,0,.267,.324,.347,.671
Jeff J Samardzija,SF,33,64,3,6,2,0,1,2,0,25,0,0,.094,.094,.172,.266
Antonio A Senzatela,COL,33,32,1,4,1,0,0,5,0,20,0,0,.125,.125,.156,.281
Ramon R Torres,KC,33,74,9,18,3,0,0,4,4,12,1,0,.243,.291,.284,.575
Sam S Travis,BOS,33,76,13,20,6,0,0,1,6,23,1,0,.263,.325,.342,.667
Harrison H Bader C,STL,32,85,10,20,3,0,3,10,5,24,2,1,.235,.283,.376,.659
Gavin G Cecchini,NYM,32,77,4,16,2,0,1,7,4,19,0,1,.208,.256,.273,.529
Gerrit G Cole,PIT,32,55,3,9,1,0,1,3,1,21,0,0,.164,.179,.236,.415
Zach Z Davies,MIL,32,48,7,6,2,0,0,3,7,15,0,0,.125,.236,.167,.403
Carlos C Estévez Estevez,COL,32,0,0,0,0,0,0,0,0,0,0,0,.000,.000,.000,.000
Josh J Hader,MIL,32,4,0,0,0,0,0,0,0,2,0,0,.000,.000,.000,.000
Rafael R Montero,NYM,32,25,1,2,0,0,0,1,0,10,0,0,.080,.080,.080,.160
Daniel D Robertson R,CLE,32,80,9,18,4,1,1,7,7,3,0,1,.225,.287,.338,.625
Sergio S Romo,TB,32,0,0,0,0,0,0,0,0,0,0,0,.000,.000,.000,.000
Jose J Ureña Urena,MIA,32,48,3,5,1,0,0,2,0,28,0,0,.104,.104,.125,.229
Victor V Caratini,CHC,31,59,6,15,3,0,1,2,4,13,0,0,.254,.333,.356,.689
Miguel M Diaz,SD,31,3,0,0,0,0,0,0,0,0,0,0,.000,.000,.000,.000
Shawn S Kelley,WSH,31,0,0,0,0,0,0,0,0,0,0,0,.000,.000,.000,.000
John J Lackey,CHC,31,53,2,7,1,0,0,1,3,23,1,1,.132,.179,.151,.330
Lance L Lynn,STL,31,54,2,4,2,0,0,0,1,25,0,0,.074,.107,.111,.218
Carlos C Martínez Martinez,STL,31,62,5,11,3,0,0,11,1,19,0,0,.177,.203,.226,.429
Mark M Melancon,SF,31,0,0,0,0,0,0,0,0,0,0,0,.000,.000,.000,.000
Matt M Moore,SF,31,47,3,6,0,0,0,4,2,19,0,0,.128,.163,.128,.291
Clayton C Richard,SD,31,57,2,7,1,0,1,4,1,31,0,0,.123,.167,.193,.360
Dan D Straily,MIA,31,55,2,4,1,0,0,1,1,33,0,0,.073,.089,.091,.180
Mike M Tauchman,COL,31,27,2,6,0,1,0,2,5,10,1,2,.222,.344,.296,.640
Andrew A Toles L,LAD,31,96,17,26,3,0,5,15,5,16,0,1,.271,.314,.458,.772
Franchy F Cordero C,SD,30,92,15,21,3,3,3,9,6,44,1,1,.228,.276,.424,.699
R. A. R Dickey,ATL,30,61,0,9,0,0,0,5,0,12,0,0,.148,.148,.148,.295
Neftali N Feliz,KC,30,0,0,0,0,0,0,0,0,0,0,0,.000,.000,.000,.000
Erik E Goeddel,NYM,30,0,0,0,0,0,0,0,0,0,0,0,.000,.000,.000,.000
Gio G Gonzalez,WSH,30,66,3,6,0,0,0,5,4,29,0,0,.091,.143,.091,.234
Zack Z Greinke,ARI,30,62,4,13,4,0,0,4,2,18,0,0,.210,.246,.274,.520
Brandon B Kintzler,WSH,30,0,0,0,0,0,0,0,0,0,0,0,.000,.000,.000,.000
Chad C Kuhl,PIT,30,48,2,5,2,0,0,3,1,16,0,0,.104,.122,.146,.268
Jon J Lester,CHC,30,54,5,8,3,0,1,6,4,26,1,0,.148,.203,.259,.463
Shane S Peterson L,TB,30,79,9,20,5,0,2,11,5,21,2,0,.253,.310,.392,.703
Tanner T Roark,WSH,30,55,1,5,1,0,0,0,1,22,0,0,.091,.107,.109,.216
Max M Scherzer,WSH,30,62,4,10,0,0,1,5,4,16,0,0,.161,.212,.210,.422
A. J. A Schugel,PIT,30,1,0,0,0,0,0,0,1,0,0,0,.000,.500,.000,.500
Anthony A Swarzak,MIL,30,0,0,0,0,0,0,0,0,0,0,0,.000,.000,.000,.000
Tyler T Wade,NYY,30,58,7,9,4,0,0,2,5,19,1,1,.155,.222,.224,.446
Trevor T Williams,PIT,30,41,1,2,0,0,0,0,2,17,0,0,.049,.093,.049,.142
Jim J Adduci R,DET,29,83,14,20,6,2,1,10,10,27,1,1,.241,.323,.398,.720
Jorge J Alfaro,PHI,29,107,12,34,6,0,5,14,3,33,0,0,.318,.360,.514,.874
Jake J Arrieta,CHC,29,61,2,8,0,1,1,5,1,32,0,0,.131,.145,.213,.358
Orlando O Calixte L,SF,29,49,5,7,1,0,0,6,3,16,1,0,.143,.185,.163,.348
Alex A Mejia,STL,29,46,6,5,0,0,1,3,2,13,0,0,.109,.146,.174,.320
Ivan I Nova,PIT,29,51,0,1,0,0,0,0,0,31,0,0,.020,.020,.020,.039
Luis L Sardinas,SD,29,49,3,8,0,0,0,1,4,11,1,0,.163,.226,.163,.390
Sammy S Solís Solis,WSH,29,0,0,0,0,0,0,0,0,0,0,0,.000,.000,.000,.000
Scott S Van Slyke,LAD,29,41,6,5,1,0,2,3,7,15,1,0,.122,.250,.293,.543
Jake J Barrett,ARI,28,0,0,0,0,0,0,0,0,0,0,0,.000,.000,.000,.000
Alejandro A De Aza R,WSH,28,62,8,12,2,3,0,9,3,16,1,0,.194,.224,.323,.546
Phillip P Ervin,CIN,28,58,8,15,2,0,3,10,4,15,4,1,.259,.317,.448,.766
Mike M Foltynewicz,ATL,28,42,1,2,0,0,0,0,0,27,0,0,.048,.048,.048,.095
Kenta K Maeda,LAD,28,39,2,5,1,0,0,4,0,3,0,0,.128,.128,.154,.282
Carlos C Moncrief,SF,28,38,4,8,1,0,0,5,3,15,0,0,.211,.256,.237,.493
Gift G Ngoepe,PIT,28,54,10,12,2,1,0,6,8,26,0,0,.222,.323,.296,.619
Neil N Ramírez Ramirez,NYM,28,1,0,0,0,0,0,0,0,1,0,0,.000,.000,.000,.000
Michael M Wacha,STL,28,46,3,2,0,0,0,3,1,22,0,0,.043,.063,.043,.106
Mac M Williamson R,SF,28,68,8,16,2,0,3,6,5,25,1,1,.235,.288,.397,.685
Tim T Adleman,CIN,27,29,0,3,1,0,0,2,0,10,0,0,.103,.103,.138,.241
Rex R Brothers,ATL,27,0,0,0,0,0,0,0,0,0,0,0,.000,.000,.000,.000
Dusty D Coleman S,SD,27,66,6,15,3,0,4,9,2,33,1,0,.227,.268,.455,.722
Kyle K Crick,SF,27,0,0,0,0,0,0,0,0,0,0,0,.000,.000,.000,.000
Sean S Doolittle,WSH,27,0,0,0,0,0,0,0,0,0,0,0,.000,.000,.000,.000
Robert R Gsellman,NYM,27,34,2,5,0,0,0,4,6,14,0,0,.147,.268,.147,.415
Teoscar T Hernández Hernandez L,TOR,27,88,16,23,6,0,8,20,6,36,0,1,.261,.305,.602,.908
Travis T Jankowski L,SD,27,75,10,14,2,0,0,1,9,28,4,0,.187,.282,.213,.496
Jordan J Luplow R,PIT,27,78,6,16,3,1,3,11,6,22,0,1,.205,.276,.385,.660
Michael M Martinez,TB,27,37,2,6,1,0,0,0,5,15,0,1,.162,.262,.189,.451
Jimmy J Nelson,MIL,27,57,0,6,0,0,0,2,1,35,0,0,.105,.121,.105,.226
Luis L Perdomo,SD,27,46,3,5,1,4,0,3,1,20,0,0,.109,.128,.304,.432
Robbie R Ray,ARI,27,53,5,13,2,0,0,2,3,23,0,0,.245,.286,.283,.569
Trayce T Thompson C,LAD,27,49,6,6,2,1,1,2,6,23,0,0,.122,.218,.265,.484
Tom T Wilhelmsen,ARI,27,1,0,0,0,0,0,0,0,1,0,0,.000,.000,.000,.000
Alex A Wood,LAD,27,52,1,3,0,0,0,4,2,29,0,0,.058,.093,.058,.150
Grant G Dayton,LAD,26,0,0,0,0,0,0,0,0,0,0,0,.000,.000,.000,.000
Mike M Leake,STL,26,47,2,8,1,0,0,4,3,15,0,0,.170,.220,.191,.412
German G Márquez Marquez,COL,26,45,4,8,2,0,0,5,0,18,0,0,.178,.178,.222,.400
Joely J Rodríguez Rodriguez,PHI,26,0,0,0,0,0,0,0,0,0,0,0,.000,.000,.000,.000
Kevin K Shackelford,CIN,26,3,0,1,0,0,0,0,0,1,0,0,.333,.333,.333,.667
Stephen S Strasburg,WSH,26,54,5,7,0,0,2,3,2,14,0,0,.130,.161,.241,.402
Travis T Taijeron R,NYM,26,52,3,9,2,0,1,3,5,24,0,0,.173,.271,.269,.540
Greg G Allen C,CLE,25,35,7,8,1,0,1,6,2,8,1,0,.229,.282,.343,.625
Brian B Anderson,MIA,25,84,11,22,7,1,0,8,10,28,0,0,.262,.337,.369,.706
Franklin F Barreto S,OAK,25,71,10,14,1,2,2,6,5,33,2,0,.197,.250,.352,.602
Chasen C Bradford,NYM,25,1,0,0,0,0,0,0,0,1,0,0,.000,.000,.000,.000
Johnny J Cueto,SF,25,46,3,4,0,0,0,3,1,15,0,0,.087,.104,.087,.191
Randall R Delgado,ARI,25,8,0,0,0,0,0,0,0,3,0,0,.000,.000,.000,.000
Zach Z Duke,STL,25,0,0,0,0,0,0,0,0,0,0,0,.000,.000,.000,.000
Jeurys J Familia,NYM,25,1,0,0,0,0,0,0,0,1,0,0,.000,.000,.000,.000
Zack Z Godley,ARI,25,42,1,2,0,0,0,2,2,26,0,0,.048,.091,.048,.138
Chris C Hatcher,OAK,25,0,0,0,0,0,0,0,0,0,0,0,.000,.000,.000,.000
David D Hernandez,ARI,25,0,0,0,0,0,0,0,0,0,0,0,.000,.000,.000,.000
Tzu- Wei T Lin,BOS,25,56,7,15,0,2,0,2,9,17,1,1,.268,.369,.339,.708
Adalberto A Mondesi,KC,25,53,4,9,1,0,1,3,3,22,5,2,.170,.214,.245,.460
Aaron A Nola,PHI,25,48,3,4,0,0,0,1,4,25,0,0,.083,.154,.083,.237
Ricardo R Pinto,PHI,25,1,1,0,0,0,0,0,0,1,0,0,.000,.000,.000,.000
Nick N Pivetta,PHI,25,44,3,3,0,0,0,0,0,21,0,0,.068,.068,.068,.136
Ryan R Raburn L,WSH,25,65,7,17,1,2,2,6,4,25,0,1,.262,.304,.431,.735
Robert R Stephenson,CIN,25,23,1,1,0,0,0,0,0,15,0,0,.043,.043,.043,.087
Taijuan T Walker,ARI,25,52,6,12,1,0,1,5,1,19,0,0,.231,.245,.308,.553
Vance V Worley,MIA,25,22,0,4,0,0,0,3,0,8,0,0,.182,.182,.182,.364
Chase C Anderson,MIL,24,52,1,7,1,0,0,3,0,29,0,0,.135,.135,.154,.288
Matt M Cain,SF,24,32,1,5,2,0,0,2,0,20,0,0,.156,.156,.219,.375
Christian C Colón,MIA,24,50,4,8,1,0,0,0,5,10,0,0,.160,.236,.180,.416
J. D. J Davis,HOU,24,62,8,14,4,0,4,7,4,20,1,1,.226,.279,.484,.763
Kyle K Hendricks,CHC,24,50,3,5,1,0,0,5,0,28,0,0,.100,.100,.120,.220
Clayton C Kershaw,LAD,24,49,6,9,1,0,0,2,4,13,0,0,.184,.245,.204,.449
Raffy R Lopez,TOR,24,54,9,12,1,0,4,12,7,21,0,0,.222,.306,.463,.769
Michael M Morse,SF,24,36,1,7,1,0,1,3,3,14,0,0,.194,.250,.306,.556
Dovydas D Neverauskas,PIT,24,0,0,0,0,0,0,0,0,0,0,0,.000,.000,.000,.000
Felix F Peña Pena,CHC,24,3,0,0,0,0,0,0,1,1,0,0,.000,.250,.000,.250
Adam A Wainwright,STL,24,42,7,11,2,0,2,11,1,15,0,0,.262,.279,.452,.732
Justin J Wilson,CHC,24,0,0,0,0,0,0,0,0,0,0,0,.000,.000,.000,.000
Johnny J Barbato,PIT,23,1,0,0,0,0,0,0,0,0,0,0,.000,.000,.000,.000
J. P. J Crawford,PHI,23,70,8,15,4,1,0,6,16,22,1,0,.214,.356,.300,.656
Adam A Eaton C,WSH,23,91,24,27,7,1,2,13,14,18,3,1,.297,.393,.462,.854
Ryan R Flaherty,BAL,23,38,5,8,1,0,0,4,4,10,0,0,.211,.302,.237,.539
Mitch M Garver,MIN,23,46,5,9,1,3,0,3,6,15,0,0,.196,.288,.348,.636
Matt M Garza,MIL,23,35,1,3,0,0,0,1,0,13,0,0,.086,.111,.086,.197
Rich R Hill,LAD,23,45,1,5,1,0,0,4,0,18,0,0,.111,.146,.133,.279
Jeff J Hoffman,COL,23,33,1,3,1,0,0,1,0,17,0,0,.091,.091,.121,.212
Mark M Leiter,PHI,23,25,0,2,0,0,0,0,0,12,0,0,.080,.080,.080,.160
Efren E Navarro,DET,23,61,9,14,1,1,2,2,8,21,0,1,.230,.319,.377,.696
Hyun Jin H Ryu,LAD,23,30,3,4,1,0,0,0,3,18,0,0,.133,.235,.167,.402
Jameson J Taillon,PIT,23,38,2,6,0,0,0,0,0,15,0,0,.158,.158,.158,.316
Asher A Wojciechowski,CIN,23,14,0,1,0,0,0,0,0,11,0,0,.071,.071,.071,.143
Buddy B Baumann,SD,22,0,0,0,0,0,0,0,0,0,0,0,.000,.000,.000,.000
Juan J Centeno,HOU,22,52,5,12,0,0,2,4,4,12,0,0,.231,.286,.346,.632
Andre A Ethier,LAD,22,34,3,8,1,0,2,3,4,10,0,0,.235,.316,.441,.757
Koda K Glover,WSH,22,0,0,0,0,0,0,0,0,0,0,0,.000,.000,.000,.000
Miguel M Gómez Gomez,SF,22,33,3,8,2,0,0,2,0,6,0,0,.242,.235,.303,.538
Will W Middlebrooks,TEX,22,38,5,8,2,2,0,3,1,14,0,0,.211,.231,.368,.599
Eric E O' Flaherty,ATL,22,0,0,0,0,0,0,0,0,0,0,0,.000,.000,.000,.000
Jurickson J Profar L,TEX,22,58,8,10,2,0,0,5,9,14,1,1,.172,.294,.207,.501
Magneuris M Sierra R,STL,22,60,10,19,0,0,0,5,4,14,2,2,.317,.359,.317,.676
Tyler T White,HOU,22,61,7,17,6,0,3,10,4,16,0,1,.279,.328,.525,.853
Austin A Brice,CIN,21,4,0,0,0,0,0,0,0,2,0,0,.000,.000,.000,.000
Lewis L Brinson,MIL,21,47,2,5,0,1,2,3,7,17,1,0,.106,.236,.277,.513
Jerad J Eickhoff,PHI,21,31,3,5,1,0,0,0,0,13,0,0,.161,.161,.194,.355
Marco M Hernandez,BOS,21,58,7,16,3,0,0,2,1,15,0,1,.276,.300,.328,.628
Jeremy J Jeffress,MIL,21,2,0,0,0,0,0,0,0,2,0,0,.000,.000,.000,.000
Rymer R Liriano L,CWS,21,41,4,9,2,0,1,6,5,14,1,0,.220,.304,.341,.646
Brett B Nicholas,TEX,21,63,7,15,4,0,2,11,2,13,0,0,.238,.262,.397,.658
Jhonny J Peralta,STL,21,54,3,11,0,0,0,0,4,13,0,0,.204,.259,.204,.462
Brent B Suter,MIL,21,18,1,3,0,0,0,1,0,8,0,0,.167,.211,.167,.377
Richard R Ureña Urena S,TOR,21,68,6,14,4,0,1,4,6,28,1,0,.206,.270,.309,.579
Tyler T Austin,NYY,20,40,4,9,2,0,2,8,4,17,0,0,.225,.283,.425,.708
Christopher C Bostick,PIT,20,27,6,8,2,0,0,1,4,9,0,1,.296,.406,.370,.777
Adam A Conley,MIA,20,24,3,3,0,0,0,0,2,14,0,0,.125,.192,.125,.317
Kyle K Farmer,LAD,20,20,1,6,1,0,0,2,0,3,0,0,.300,.300,.350,.650
Scott S Feldman,CIN,20,34,0,1,0,0,0,0,0,16,0,0,.029,.029,.029,.059
Junior J Guerra,MIL,20,16,0,0,0,0,0,0,0,4,0,0,.000,.000,.000,.000
Austin A Hays R,BAL,20,60,4,13,3,0,1,8,2,16,0,0,.217,.238,.317,.555
Jeremy J Hellickson,PHI,20,33,1,3,1,1,0,2,3,9,0,0,.091,.167,.182,.348
Bryan B Morris,SF,20,0,0,0,0,0,0,0,0,0,0,0,.000,.000,.000,.000
Justin J Nicolino,MIA,20,11,0,0,0,0,0,0,0,2,0,0,.000,.000,.000,.000
Shane S Robinson R,LAA,20,31,7,6,0,0,0,1,3,5,2,0,.194,.257,.194,.451
Matt M Wisler,ATL,20,2,0,0,0,0,0,0,0,0,0,0,.000,.000,.000,.000
Cody C Asche D,CWS,19,57,5,6,1,0,1,4,3,21,0,0,.105,.177,.175,.353
Jonathan J Broxton,STL,19,0,0,0,0,0,0,0,0,0,0,0,.000,.000,.000,.000
Phillip P Evans,NYM,19,33,4,10,2,0,0,1,4,8,0,0,.303,.395,.364,.758
Jon J Gray,COL,19,38,3,3,0,0,1,3,1,27,0,0,.079,.103,.158,.260
Dinelson D Lamet,SD,19,35,0,3,0,0,0,0,0,22,0,0,.086,.086,.086,.171
Ryan R Madson,WSH,19,0,0,0,0,0,0,0,0,0,0,0,.000,.000,.000,.000
Tyler T Naquin C,CLE,19,37,4,8,2,0,0,1,2,9,0,1,.216,.250,.270,.520
Sean S Newcomb,ATL,19,27,1,1,0,0,0,0,2,17,0,0,.037,.103,.037,.140
Joe J Ross,WSH,19,33,1,6,2,0,0,1,1,16,0,0,.182,.206,.242,.448
Justin J Ruggiano R,SF,19,60,2,13,1,0,2,4,1,17,1,1,.217,.238,.333,.571
Edgar E Santana,PIT,19,0,0,0,0,0,0,0,0,0,0,0,.000,.000,.000,.000
Odrisamer O Despaigne,MIA,18,19,0,2,0,0,0,1,0,5,0,0,.105,.105,.105,.210
Tyler T Glasnow,PIT,18,17,1,5,0,0,0,3,4,7,0,0,.294,.455,.294,.749
Matt M Harvey,NYM,18,34,2,2,0,0,0,1,1,13,0,0,.059,.086,.059,.144
Jae- Gyun J Hwang,SF,18,52,2,8,1,0,1,5,5,15,0,0,.154,.228,.231,.459
Micah M Johnson,ATL,18,10,2,2,0,0,0,0,0,4,1,0,.200,.200,.200,.400
Seth S Lugo,NYM,18,29,4,4,2,0,1,2,0,10,0,0,.138,.138,.310,.448
Brandon B Mc Carthy,LAD,18,23,2,1,0,0,0,0,3,16,0,0,.043,.154,.043,.197
Wily W Peralta,MIL,18,13,0,3,0,0,0,1,1,4,0,0,.231,.286,.231,.516
Kevin K Quackenbush,SD,18,1,0,0,0,0,0,0,0,1,0,0,.000,.000,.000,.000
Chad C Qualls,COL,18,0,0,0,0,0,0,0,0,0,0,0,.000,.000,.000,.000
Rob R Scahill,MIL,18,1,0,0,0,0,0,0,0,1,0,0,.000,.000,.000,.000
Tyler T Anderson,COL,17,26,1,1,0,0,0,0,1,17,0,0,.038,.074,.038,.112
Homer H Bailey,CIN,17,28,4,7,2,0,0,0,0,11,0,0,.250,.250,.321,.571
Rafael R Bautista,WSH,17,25,2,4,0,0,0,0,2,5,0,0,.160,.222,.160,.382
Silvino S Bracho,ARI,17,0,0,0,0,0,0,0,0,0,0,0,.000,.000,.000,.000
Jaff J Decker C,OAK,17,50,4,10,1,1,0,1,8,17,1,1,.200,.322,.260,.582
Brett B Eibner L,LAD,17,33,3,6,0,0,2,6,2,17,0,0,.182,.250,.364,.614
Taylor T Featherston,TB,17,39,6,7,1,0,2,6,5,15,1,0,.179,.277,.359,.636
Jeanmar J Gómez Gomez,PHI,17,0,0,0,0,0,0,0,0,0,0,0,.000,.000,.000,.000
Ariel A Hernández Hernandez,CIN,17,2,0,0,0,0,0,0,0,1,0,0,.000,.000,.000,.000
Edwin E Jackson,WSH,17,21,3,2,0,0,0,0,0,15,0,0,.095,.095,.095,.190
Tony T Kemp L,HOU,17,37,6,8,1,0,0,4,1,5,1,0,.216,.256,.243,.500
Steven S Matz,NYM,17,21,1,3,0,0,0,1,0,7,0,0,.143,.143,.143,.286
Ryan R Mc Mahon,COL,17,19,2,3,1,0,0,1,5,5,0,0,.158,.333,.211,.544
Cesar C Puello L,TB,17,34,6,7,0,0,0,3,4,12,2,0,.206,.308,.206,.514
Pedro P Severino,WSH,17,29,0,5,1,0,0,3,2,10,0,0,.172,.226,.207,.433
Albert A Suárez Suarez,SF,17,2,0,0,0,0,0,0,0,0,0,0,.000,.000,.000,.000
Zack Z Wheeler,NYM,17,27,1,2,1,0,0,0,1,12,0,0,.074,.107,.111,.218
Jaime J García Garcia,NYY,16,33,2,5,1,0,1,7,1,8,0,0,.152,.176,.273,.449
Javy J Guerra,MIA,16,1,0,0,0,0,0,0,0,1,0,0,.000,.000,.000,.000
Kyle K Mc Grath,SD,16,0,0,0,0,0,0,0,0,0,0,0,.000,.000,.000,.000
Tommy T Milone,NYM,16,9,0,1,0,0,0,1,2,5,0,0,.111,.273,.111,.384
A. J. A Minter,ATL,16,0,0,0,0,0,0,0,0,0,0,0,.000,.000,.000,.000
Kirk K Nieuwenhuis,MIL,16,26,3,3,1,0,1,1,4,15,0,0,.115,.258,.269,.527
Sal S Romano,CIN,16,24,0,1,1,0,0,0,1,15,0,0,.042,.080,.083,.163
Jake J Smolinski C,OAK,16,27,1,7,1,0,0,0,1,6,0,0,.259,.310,.296,.607
Brock B Stewart,LAD,16,4,0,1,0,0,0,1,0,2,0,0,.250,.250,.250,.500
Jacob J Turner,WSH,16,5,0,0,0,0,0,0,1,2,0,0,.000,.167,.000,.167
Vince V Velasquez,PHI,16,24,1,6,0,0,0,1,1,4,0,0,.250,.280,.250,.530
Daniel D Vogelbach,SEA,16,28,0,6,1,0,0,2,3,9,0,0,.214,.290,.250,.540
Dan D Winkler,ATL,16,0,0,0,0,0,0,0,0,0,0,0,.000,.000,.000,.000
Bronson B Arroyo,CIN,15,26,0,4,0,0,0,0,0,10,0,0,.154,.154,.154,.308
Madison M Bumgarner,SF,15,34,4,7,0,0,3,5,2,11,0,0,.206,.250,.471,.721
Stephen S Cardullo,COL,15,28,2,4,0,0,0,3,3,7,0,0,.143,.250,.143,.393
Charlie C Culberson S,LAD,15,13,0,2,1,0,0,1,2,4,0,0,.154,.267,.231,.497
Pedro P Florimón Florimon C,PHI,15,46,6,16,4,1,0,6,3,16,0,0,.348,.388,.478,.866
Amir A Garrett,CIN,15,19,1,1,1,0,0,1,0,6,0,0,.053,.053,.105,.158
Chris C Marrero L,SF,15,38,2,5,0,0,1,5,2,9,0,0,.132,.171,.211,.381
Jacob J May C,CWS,15,36,2,2,0,0,0,3,3,17,0,0,.056,.150,.056,.206
Jose J Quintana,CHC,15,25,2,2,0,0,0,4,1,17,0,0,.080,.111,.080,.191
Alex A Verdugo C,LAD,15,23,1,4,0,0,1,1,2,4,0,1,.174,.240,.304,.544
Edinson E Vólquez Volquez,MIA,15,26,0,5,0,0,0,1,1,11,0,0,.192,.214,.192,.407
Luke L Weaver,STL,15,19,2,3,0,0,0,1,1,9,0,0,.158,.200,.158,.358
Pedro P Álvarez Alvarez D,BAL,14,32,4,10,1,0,1,4,2,10,0,0,.313,.353,.438,.790
Luis L Castillo,CIN,14,29,0,2,0,0,0,1,1,11,0,0,.069,.100,.069,.169
Paul P Janish S,BAL,14,26,0,2,0,0,0,3,1,6,0,0,.077,.111,.077,.188
Ben B Lively,PHI,14,26,2,6,0,0,2,8,0,9,0,0,.231,.231,.462,.692
Kristopher K Negrón Negron S,ARI,14,25,3,4,1,0,0,1,4,7,0,0,.160,.300,.200,.500
Josh J Ravin,LAD,14,1,0,0,0,0,0,0,0,0,0,0,.000,.000,.000,.000
Lucas L Sims,ATL,14,15,1,1,0,0,0,0,0,8,0,0,.067,.067,.067,.133
Max M Stassi,HOU,14,24,5,4,1,0,2,4,6,4,0,0,.167,.323,.458,.781
Jesen J Therrien,PHI,14,2,0,0,0,0,0,0,0,2,0,0,.000,.000,.000,.000
Travis T Wood,SD,14,18,3,4,0,0,2,6,0,7,0,0,.222,.222,.556,.778
Rob R Brantly,CWS,13,31,4,9,1,0,2,5,3,14,0,0,.290,.389,.516,.905
Willie W Calhoun L,TEX,13,34,3,9,0,0,1,4,2,7,0,0,.265,.324,.353,.677
Garrett G Cooper,NYY,13,43,3,14,5,1,0,6,1,12,0,0,.326,.333,.488,.822
Tim T Federowicz,SF,13,13,3,3,0,0,2,3,1,4,0,0,.231,.286,.692,.978
Chris C Flexen,NYM,13,13,0,2,1,0,0,0,0,7,0,0,.154,.154,.231,.385
Cam C Gallagher,KC,13,24,2,6,1,0,1,5,3,4,0,0,.250,.333,.417,.750
Bryan B Holaday,DET,13,29,1,7,2,0,0,2,0,1,0,0,.241,.241,.310,.552
Chris C O' Grady,MIA,13,8,0,0,0,0,0,0,0,5,0,0,.000,.000,.000,.000
Yacksel Y Ríos Rios,PHI,13,1,0,0,0,0,0,0,0,1,0,0,.000,.000,.000,.000
Victor V Robles R,WSH,13,24,2,6,1,2,0,4,0,6,0,1,.250,.308,.458,.766
Anthony A Santander R,BAL,13,30,1,8,3,0,0,2,0,8,0,0,.267,.258,.367,.625
Rob R Segedin,LAD,13,20,3,4,2,0,0,1,0,7,0,0,.200,.200,.300,.500
Ryan R Sherriff,STL,13,0,0,0,0,0,0,0,0,0,0,0,.000,.000,.000,.000
Miguel M Socolovich,STL,13,1,0,0,0,0,0,0,0,0,0,0,.000,.000,.000,.000
Geovany G Soto,CWS,13,42,5,8,0,0,3,9,4,10,0,0,.190,.271,.405,.676
Cristhian C Adames,COL,12,13,1,0,0,0,0,0,1,6,0,0,.000,.071,.000,.071
Steven S Brault,PIT,12,13,2,3,1,0,0,2,0,0,0,0,.231,.231,.308,.538
Eddie E Butler,CHC,12,15,0,1,0,0,0,0,1,6,0,0,.067,.125,.067,.192
Bartolo B Colon,MIN,12,19,1,0,0,0,0,0,0,10,0,0,.000,.000,.000,.000
Nolan N Fontana,LAA,12,20,1,1,0,0,1,1,3,8,1,1,.050,.174,.200,.374
Terrance T Gore,KC,12,4,2,0,0,0,0,0,1,2,2,2,.000,.200,.000,.200
Chad C Huffman,STL,12,14,3,4,0,1,0,0,1,6,0,0,.286,.333,.429,.762
Tom T Murphy,COL,12,24,1,1,1,0,0,1,2,9,0,0,.042,.115,.083,.199
Cody C Reed,CIN,12,2,0,0,0,0,0,0,0,2,0,0,.000,.000,.000,.000
Dwight D Smith Jr. L,TOR,12,27,2,10,2,0,0,1,1,10,1,0,.370,.414,.444,.858
Chris C Stratton,SF,12,14,1,2,0,0,0,0,0,3,0,0,.143,.143,.143,.286
Jose A. J Váldez Valdez,SD,12,0,0,0,0,0,0,0,0,0,0,0,.000,.000,.000,.000
Ildemaro I Vargas,ARI,12,13,4,4,1,0,0,4,0,3,0,0,.308,.308,.385,.692
Christian C Villanueva,SD,12,32,5,11,1,0,4,7,0,10,0,0,.344,.344,.750,1.094
Gordon G Beckham,SEA,11,17,2,3,0,0,0,0,1,2,1,0,.176,.222,.176,.399
Carter C Capps,SD,11,0,0,0,0,0,0,0,0,0,0,0,.000,.000,.000,.000
A. J. A Cole,WSH,11,14,0,2,0,0,0,0,2,5,0,0,.143,.250,.143,.393
Niko N Goodrum,MIN,11,17,1,1,0,0,0,0,1,10,0,0,.059,.111,.059,.170
Tuffy T Gosewisch,SEA,11,28,1,2,0,0,0,0,1,14,0,0,.071,.103,.071,.175
Jacob J Hannemann,SEA,11,20,3,3,0,0,1,1,0,4,0,1,.150,.150,.300,.450
Tom T Koehler,MIA,11,21,0,1,0,0,0,0,0,15,0,0,.048,.048,.048,.095
Francisco F Mejía Mejia,CLE,11,13,1,2,0,0,0,1,1,3,0,0,.154,.214,.154,.368
Carlos C Pérez Perez,LAA,11,20,1,2,0,0,1,3,1,6,0,0,.100,.143,.250,.393
Jake J Thompson,PHI,11,12,1,2,1,0,0,0,1,5,0,0,.167,.231,.250,.481
Christian C Walker,ARI,11,12,2,3,1,0,2,2,1,5,0,0,.250,.400,.833,1.233
Victor V Arano,PHI,10,0,0,0,0,0,0,0,0,0,0,0,.000,.000,.000,.000
Trevor T Cahill,KC,10,14,1,4,1,0,0,2,1,4,0,0,.286,.333,.357,.690
Josh J Collmenter,ATL,10,0,0,0,0,0,0,0,0,0,0,0,.000,.000,.000,.000
Zach Z Eflin,PHI,10,21,1,3,0,0,0,2,0,13,0,0,.143,.143,.143,.286
Max M Fried,ATL,10,7,1,0,0,0,0,0,1,3,0,0,.000,.125,.000,.125
Edward E Paredes,LAD,10,0,0,0,0,0,0,0,0,0,0,0,.000,.000,.000,.000
Zac Z Rosscup,COL,10,0,0,0,0,0,0,0,0,0,0,0,.000,.000,.000,.000
Jarrod J Saltalamacchia,TOR,10,25,1,1,0,0,0,0,1,16,0,0,.040,.077,.040,.117
James J Sherfy,ARI,10,0,0,0,0,0,0,0,0,0,0,0,.000,.000,.000,.000
Chance C Sisco,BAL,10,18,3,6,2,0,2,4,3,7,0,0,.333,.455,.778,1.232
Tyler T Smith S,SEA,10,16,2,3,1,0,0,1,1,8,0,0,.188,.263,.250,.513
Drew D Stubbs C,SF,10,22,0,2,0,0,0,0,2,9,0,0,.091,.167,.091,.258
Chad C Bettis,COL,9,11,1,1,0,0,0,1,1,6,0,0,.091,.167,.091,.258
Curt C Casali,TB,9,9,2,3,0,0,1,3,3,3,0,0,.333,.462,.667,1.128
Yu Y Darvish,LAD,9,17,0,1,0,0,0,0,1,14,0,0,.059,.111,.059,.170
Rubby R De La Rosa,ARI,9,0,0,0,0,0,0,0,0,0,0,0,.000,.000,.000,.000
Luke L Farrell,CIN,9,0,0,0,0,0,0,0,0,0,0,0,.000,.000,.000,.000
Kyle K Higashioka,NYY,9,18,2,0,0,0,0,0,2,6,0,0,.000,.100,.000,.100
Jason J Hursh,ATL,9,0,0,0,0,0,0,0,0,0,0,0,.000,.000,.000,.000
Danny D Ortiz R,PIT,9,12,1,1,0,0,0,0,1,1,0,0,.083,.154,.083,.237
Braden B Shipley,ARI,9,6,0,0,0,0,0,0,0,2,0,0,.000,.000,.000,.000
Zach Z Vincej,CIN,9,9,2,1,0,0,0,0,1,5,0,0,.111,.333,.111,.444
Sandy S Alcantara,STL,8,0,0,0,0,0,0,0,0,0,0,0,.000,.000,.000,.000
Antonio A Bastardo,PIT,8,0,0,0,0,0,0,0,1,0,0,0,.000,1.000,.000,1.000
Christian C Bethancourt,SD,8,7,0,1,0,0,0,0,0,3,0,0,.143,.143,.143,.286
Walker W Buehler,LAD,8,0,0,0,0,0,0,0,0,0,0,0,.000,.000,.000,.000
Jamie J Callahan,NYM,8,0,0,0,0,0,0,0,0,0,0,0,.000,.000,.000,.000
Wei- Yin W Chen,MIA,8,8,0,1,0,0,0,0,0,3,0,0,.125,.125,.125,.250
Taylor T Davis,CHC,8,13,1,3,1,0,0,1,0,4,0,0,.231,.231,.308,.538
Kevin K Mc Gowan,NYM,8,0,0,0,0,0,0,0,0,0,0,0,.000,.000,.000,.000
Akeel A Morris,ATL,8,0,0,0,0,0,0,0,0,0,0,0,.000,.000,.000,.000
Renato R Núñez Nunez L,OAK,8,15,1,3,0,0,1,3,1,8,0,0,.200,.250,.400,.650
Raudy R Read,WSH,8,11,1,3,0,0,0,0,0,3,0,0,.273,.273,.273,.546
Jacob J Rhame,NYM,8,0,0,0,0,0,0,0,0,0,0,0,.000,.000,.000,.000
Dan D Runzler,PIT,8,0,0,0,0,0,0,0,0,0,0,0,.000,.000,.000,.000
Angel A Sánchez Sanchez,PIT,8,1,0,0,0,0,0,0,0,0,0,0,.000,.000,.000,.000
Steve S Selsky D,BOS,8,9,0,1,1,0,0,0,0,5,0,0,.111,.111,.222,.333
Andrew A Susac,MIL,8,12,0,1,0,0,0,0,0,6,0,0,.083,.083,.083,.167
Wei- Chung W Wang,MIL,8,0,0,0,0,0,0,0,0,0,0,0,.000,.000,.000,.000
Jered J Weaver,SD,8,10,0,0,0,0,0,0,0,6,0,0,.000,.000,.000,.000
Joey J Wendle,OAK,8,13,3,4,1,0,1,5,1,3,0,0,.308,.357,.615,.972
Anthony A Banda,ARI,7,5,0,0,0,0,0,0,0,3,0,0,.000,.000,.000,.000
Quintin Q Berry,MIL,7,3,0,0,0,0,0,0,0,2,2,1,.000,.000,.000,.000
Lisalverto L Bonilla,CIN,7,6,0,1,0,0,0,0,1,3,0,0,.167,.375,.167,.542
Billy B Burns C,KC,7,6,1,1,0,0,0,0,0,1,0,1,.167,.167,.167,.333
Aroldis A Chapman,NYY,7,0,0,0,0,0,0,0,0,0,0,0,.000,.000,.000,.000
Alex A Claudio,TEX,7,0,0,0,0,0,0,0,0,0,0,0,.000,.000,.000,.000
Tyler T Clippard,HOU,7,0,0,0,0,0,0,0,0,0,0,0,.000,.000,.000,.000
Jarred J Cosart,SD,7,4,0,0,0,0,0,0,0,2,0,0,.000,.000,.000,.000
Danny D Coulombe,OAK,7,0,0,0,0,0,0,0,0,0,0,0,.000,.000,.000,.000
Rookie R Davis,CIN,7,6,0,1,1,0,0,0,0,5,0,0,.167,.286,.333,.619
O' Koyea O Dickson L,LAD,7,7,0,1,0,0,0,0,2,2,0,0,.143,.333,.143,.476
John J Gant,STL,7,3,0,0,0,0,0,0,0,0,0,0,.000,.000,.000,.000
Johnny J Giavotella,BAL,7,10,0,1,0,0,0,0,0,4,1,0,.100,.100,.100,.200
Shane S Greene,DET,7,0,0,0,0,0,0,0,0,0,0,0,.000,.000,.000,.000
A. J. A Jimenez,TEX,7,12,0,1,0,0,0,0,0,7,0,0,.083,.083,.083,.167
Jack J Leathersich,PIT,7,0,0,0,0,0,0,0,0,0,0,0,.000,.000,.000,.000
Jeff J Locke,MIA,7,10,0,0,0,0,0,0,1,9,0,0,.000,.091,.000,.091
Boone B Logan,CLE,7,0,0,0,0,0,0,0,0,0,0,0,.000,.000,.000,.000
Colin C Moran,HOU,7,11,3,4,0,1,1,3,1,1,0,0,.364,.417,.818,1.235
Peter P Moylan,KC,7,0,0,0,0,0,0,0,0,0,0,0,.000,.000,.000,.000
Mike M Ohlman,TOR,7,13,1,3,0,0,0,1,0,3,0,0,.231,.231,.231,.462
Tyler T Pill,NYM,7,5,0,0,0,0,0,0,0,1,0,0,.000,.000,.000,.000
Jackson J Stephens,CIN,7,6,1,2,0,0,0,2,0,2,0,0,.333,.333,.333,.667
Noah N Syndergaard,NYM,7,9,0,2,0,0,0,0,3,5,0,0,.222,.417,.222,.639
Brandon B Woodruff,MIL,7,10,2,2,0,0,0,0,1,2,0,0,.200,.273,.200,.473
Mark M Zagunis R,CHC,7,14,0,0,0,0,0,1,4,6,2,0,.000,.222,.000,.222
Austin A Adams,WSH,6,0,0,0,0,0,0,0,0,0,0,0,.000,.000,.000,.000
Brett B Anderson,CHC,6,7,0,1,0,0,0,1,1,3,0,0,.143,.250,.143,.393
Barrett B Astin,CIN,6,1,0,0,0,0,0,0,0,1,0,0,.000,.000,.000,.000
Matt M Belisle,MIN,6,0,0,0,0,0,0,0,0,0,0,0,.000,.000,.000,.000
Dellin D Betances,NYY,6,0,0,0,0,0,0,0,0,0,0,0,.000,.000,.000,.000
Alejandro A Chacin,CIN,6,0,0,0,0,0,0,0,0,0,0,0,.000,.000,.000,.000
Ji- Man J Choi,NYY,6,15,2,4,1,0,2,5,2,5,0,0,.267,.333,.733,1.067
Alex A Colomé Colome,TB,6,0,0,0,0,0,0,0,0,0,0,0,.000,.000,.000,.000
Edwin E Díaz Diaz,SEA,6,1,0,0,0,0,0,0,0,1,0,0,.000,.000,.000,.000
Paolo P Espino,MIL,6,4,0,1,0,0,0,0,0,1,0,0,.250,.250,.250,.500
Jack J Flaherty,STL,6,6,0,0,0,0,0,0,0,2,0,0,.000,.000,.000,.000
David D Freitas,ATL,6,17,2,4,2,0,0,2,0,4,0,0,.235,.235,.353,.588
Kelvin K Herrera,KC,6,0,0,0,0,0,0,0,0,0,0,0,.000,.000,.000,.000
Dan D Jennings,TB,6,0,0,0,0,0,0,0,0,0,0,0,.000,.000,.000,.000
Craig C Kimbrel,BOS,6,0,0,0,0,0,0,0,0,0,0,0,.000,.000,.000,.000
Ryan R Lavarnway,OAK,6,11,0,3,1,0,0,2,1,3,0,0,.273,.385,.364,.748
Deck D Mc Guire,CIN,6,3,0,0,0,0,0,1,0,1,0,0,.000,.000,.000,.000
Reyes R Moronta,SF,6,0,0,0,0,0,0,0,0,0,0,0,.000,.000,.000,.000
Dillon D Peters,MIA,6,9,1,0,0,0,0,0,0,8,0,0,.000,.000,.000,.000
Anthony A Recker,ATL,6,7,1,1,0,0,0,0,0,1,0,0,.143,.143,.143,.286
Marc M Rzepczynski,SEA,6,0,0,0,0,0,0,0,0,0,0,0,.000,.000,.000,.000
Robby R Scott,BOS,6,0,0,0,0,0,0,0,0,0,0,0,.000,.000,.000,.000
Bryan B Shaw,CLE,6,0,0,0,0,0,0,0,0,0,0,0,.000,.000,.000,.000
Daniel D Stumpf,DET,6,0,0,0,0,0,0,0,0,0,0,0,.000,.000,.000,.000
Blake B Swihart,BOS,6,5,1,1,0,0,0,0,2,3,0,0,.200,.429,.200,.629
Ryan R Tepera,TOR,6,1,0,0,0,0,0,0,0,1,0,0,.000,.000,.000,.000
Nick N Vincent,SEA,6,0,0,0,0,0,0,0,0,0,0,0,.000,.000,.000,.000
Chad C Wallach,CIN,6,11,0,1,0,0,0,0,0,5,0,0,.091,.091,.091,.182
Alex A Wilson,DET,6,0,0,0,0,0,0,0,0,0,0,0,.000,.000,.000,.000
Cody C Allen,CLE,5,0,0,0,0,0,0,0,0,0,0,0,.000,.000,.000,.000
Dan D Altavilla,SEA,5,0,0,0,0,0,0,0,0,0,0,0,.000,.000,.000,.000
Jose J Álvarez Alvarez,LAA,5,0,0,0,0,0,0,0,0,0,0,0,.000,.000,.000,.000
Miguel M Andújar Andujar D,NYY,5,7,0,4,2,0,0,4,1,0,1,0,.571,.625,.857,1.482
Chris C Beck,CWS,5,0,0,0,0,0,0,0,0,0,0,0,.000,.000,.000,.000
Michael M Blazek,MIL,5,2,0,0,0,0,0,0,0,1,0,0,.000,.000,.000,.000
Brad B Brach,BAL,5,0,0,0,0,0,0,0,0,0,0,0,.000,.000,.000,.000
Santiago S Casilla,OAK,5,0,0,0,0,0,0,0,0,0,0,0,.000,.000,.000,.000
Brandon B Finnegan,CIN,5,5,0,0,0,0,0,0,0,1,0,0,.000,.000,.000,.000
Luiz L Gohara,ATL,5,9,0,0,0,0,0,0,0,7,0,0,.000,.000,.000,.000
Luke L Gregerson,HOU,5,0,0,0,0,0,0,0,0,0,0,0,.000,.000,.000,.000
Jason J Grilli,TEX,5,0,0,0,0,0,0,0,0,0,0,0,.000,.000,.000,.000
David D Holmberg,CWS,5,0,0,0,0,0,0,0,0,0,0,0,.000,.000,.000,.000
Tommy T Hunter,TB,5,0,0,0,0,0,0,0,0,0,0,0,.000,.000,.000,.000
Tommy T Kahnle,NYY,5,0,0,0,0,0,0,0,0,0,0,0,.000,.000,.000,.000
Joe J Kelly,BOS,5,0,0,0,0,0,0,0,0,0,0,0,.000,.000,.000,.000
Dominic D Leone,TOR,5,0,0,0,0,0,0,0,0,0,0,0,.000,.000,.000,.000
Aaron A Loup,TOR,5,0,0,0,0,0,0,0,0,0,0,0,.000,.000,.000,.000
Josh J Lucas,STL,5,0,0,0,0,0,0,0,0,0,0,0,.000,.000,.000,.000
Dillon D Maples,CHC,5,0,0,0,0,0,0,0,0,0,0,0,.000,.000,.000,.000
Mike M Marjama,SEA,5,9,1,3,1,0,1,1,0,1,0,0,.333,.333,.778,1.111
Cory C Mazzoni,SD,5,0,0,0,0,0,0,0,0,0,0,0,.000,.000,.000,.000
Keynan K Middleton,LAA,5,0,0,0,0,0,0,0,0,0,0,0,.000,.000,.000,.000
Andrew A Miller,CLE,5,1,0,0,0,0,0,0,0,1,0,0,.000,.000,.000,.000
John Ryan J Murphy,ARI,5,7,0,1,1,0,0,1,0,1,0,0,.143,.143,.286,.429
Tomas T Nido,NYM,5,10,0,3,1,0,0,3,0,2,0,0,.300,.300,.400,.700
Dan D Otero,CLE,5,0,0,0,0,0,0,0,0,0,0,0,.000,.000,.000,.000
Francisco F Peña Pena,BAL,5,10,3,5,0,0,2,2,0,3,0,0,.500,.500,1.100,1.600
David D Robertson,NYY,5,0,0,0,0,0,0,0,0,0,0,0,.000,.000,.000,.000
Tony T Sipp,HOU,5,1,0,0,0,0,0,0,0,0,0,0,.000,.000,.000,.000
Jacob J Stallings,PIT,5,14,3,5,2,0,0,3,2,2,0,0,.357,.438,.500,.938
Julio J Urías Urias,LAD,5,6,0,1,0,0,0,0,0,4,0,0,.167,.167,.167,.333
Breyvic B Valera,STL,5,10,0,1,0,0,0,0,1,0,0,0,.100,.182,.100,.282
Mason M Williams C,NYY,5,16,3,4,0,0,0,1,1,2,2,0,.250,.294,.250,.544
Taylor T Williams,MIL,5,0,0,0,0,0,0,0,0,0,0,0,.000,.000,.000,.000
Fernando F Abad,BOS,4,0,0,0,0,0,0,0,0,0,0,0,.000,.000,.000,.000
Scott S Alexander,KC,4,3,0,0,0,0,0,0,0,1,0,0,.000,.000,.000,.000
Anthony A Alford L,TOR,4,8,0,1,1,0,0,0,0,3,0,0,.125,.125,.250,.375
Danny D Barnes,TOR,4,0,0,0,0,0,0,0,0,0,0,0,.000,.000,.000,.000
Matt M Barnes,BOS,4,0,0,0,0,0,0,0,0,0,0,0,.000,.000,.000,.000
Joe J Biagini,TOR,4,2,0,0,0,0,0,1,0,0,0,0,.000,.000,.000,.000
Jake J Buchanan,CIN,4,2,1,1,0,0,0,1,1,1,0,0,.500,.667,.500,1.167
Hunter H Cervenka,MIA,4,0,0,0,0,0,0,0,0,0,0,0,.000,.000,.000,.000
Jesse J Chavez,LAA,4,5,0,0,0,0,0,0,0,5,0,0,.000,.000,.000,.000
Jairo J Díaz Diaz,COL,4,0,0,0,0,0,0,0,0,0,0,0,.000,.000,.000,.000
Ken K Giles,HOU,4,0,0,0,0,0,0,0,0,0,0,0,.000,.000,.000,.000
Mychal M Givens,BAL,4,0,0,0,0,0,0,0,0,0,0,0,.000,.000,.000,.000
Miguel M González Gonzalez,TEX,4,6,1,0,0,0,0,0,1,2,0,0,.000,.143,.000,.143
Trevor T Gott,WSH,4,0,0,0,0,0,0,0,0,0,0,0,.000,.000,.000,.000
Donnie D Hart,BAL,4,0,0,0,0,0,0,0,0,0,0,0,.000,.000,.000,.000
Heath H Hembree,BOS,4,0,0,0,0,0,0,0,0,0,0,0,.000,.000,.000,.000
Liam L Hendriks,OAK,4,0,0,0,0,0,0,0,0,0,0,0,.000,.000,.000,.000
Jonathan J Holder,NYY,4,0,0,0,0,0,0,0,0,0,0,0,.000,.000,.000,.000
Gregory G Infante,CWS,4,0,0,0,0,0,0,0,0,0,0,0,.000,.000,.000,.000
Erik E Kratz,NYY,4,2,0,2,1,0,0,2,0,0,0,0,1.000,1.000,1.500,2.500
Adam A Liberatore,LAD,4,0,0,0,0,0,0,0,0,0,0,0,.000,.000,.000,.000
Josh J Lindblom,PIT,4,2,0,0,0,0,0,0,0,1,0,0,.000,.000,.000,.000
Tyler T Mahle,CIN,4,7,1,1,0,0,0,0,0,2,0,0,.143,.250,.143,.393
Shelby S Miller,ARI,4,6,2,0,0,0,0,0,2,3,0,0,.000,.333,.000,.333
Mike M Minor,KC,4,0,0,0,0,0,0,0,0,0,0,0,.000,.000,.000,.000
Ariel A Miranda,SEA,4,6,1,0,0,0,0,0,0,3,0,0,.000,.000,.000,.000
Bryan B Mitchell,NYY,4,0,0,0,0,0,0,0,0,0,0,0,.000,.000,.000,.000
Joe J Musgrove,HOU,4,5,0,0,0,0,0,0,0,1,0,0,.000,.000,.000,.000
Bud B Norris,LAA,4,0,0,0,0,0,0,0,0,0,0,0,.000,.000,.000,.000
Roberto R Osuna,TOR,4,0,0,0,0,0,0,0,0,0,0,0,.000,.000,.000,.000
Blake B Parker,LAA,4,0,0,0,0,0,0,0,0,0,0,0,.000,.000,.000,.000
James J Pazos,SEA,4,0,0,0,0,0,0,0,0,0,0,0,.000,.000,.000,.000
Brad B Peacock,HOU,4,7,1,2,1,0,0,2,1,3,0,0,.286,.375,.429,.804
Erasmo E Ramírez Ramirez,SEA,4,3,0,2,0,0,0,1,0,1,0,0,.667,.667,.667,1.333
Warwick W Saupold,DET,4,0,0,0,0,0,0,0,0,0,0,0,.000,.000,.000,.000
Joe J Smith,TOR,4,0,0,0,0,0,0,0,0,0,0,0,.000,.000,.000,.000
Adam A Warren,NYY,4,0,0,0,0,0,0,0,0,0,0,0,.000,.000,.000,.000
Chase C Whitley,TB,4,0,0,0,0,0,0,0,0,0,0,0,.000,.000,.000,.000
Rob R Zastryzny,CHC,4,3,0,1,0,0,0,0,0,0,0,0,.333,.333,.333,.667
Tony T Zych,SEA,4,0,0,0,0,0,0,0,0,0,0,0,.000,.000,.000,.000
Matthew Mden Dekkerden Dekker R,DET,4,7,1,1,0,0,0,0,1,4,0,0,.143,.250,.143,.393
Henderson H Alvarez,PHI,3,6,0,0,0,0,0,0,0,2,0,0,.000,.000,.000,.000
Chris C Archer,TB,3,8,1,2,0,0,0,1,0,3,0,0,.250,.250,.250,.500
Shawn S Armstrong,CLE,3,0,0,0,0,0,0,0,0,0,0,0,.000,.000,.000,.000
John J Axford,OAK,3,0,0,0,0,0,0,0,0,0,0,0,.000,.000,.000,.000
Tony T Barnette,TEX,3,0,0,0,0,0,0,0,0,0,0,0,.000,.000,.000,.000
Jose J Berríos Berrios,MIN,3,5,0,1,0,0,0,0,0,2,0,0,.200,.200,.200,.400
Richard R Bleier,BAL,3,0,0,0,0,0,0,0,0,0,0,0,.000,.000,.000,.000
Buddy B Boshers,MIN,3,0,0,0,0,0,0,0,0,0,0,0,.000,.000,.000,.000
Brad B Boxberger,TB,3,0,0,0,0,0,0,0,0,0,0,0,.000,.000,.000,.000
Alan A Busenitz,MIN,3,0,0,0,0,0,0,0,0,0,0,0,.000,.000,.000,.000
Shane S Carle,COL,3,0,0,0,0,0,0,0,0,0,0,0,.000,.000,.000,.000
Simon S Castro,OAK,3,0,0,0,0,0,0,0,0,0,0,0,.000,.000,.000,.000
Darrell D Ceciliani,TOR,3,5,2,2,1,0,1,3,0,0,0,0,.400,.400,1.200,1.600
Zac Z Curtis,PHI,3,0,0,0,0,0,0,0,0,0,0,0,.000,.000,.000,.000
Chris C Devenski,HOU,3,1,0,0,0,0,0,0,0,1,0,0,.000,.000,.000,.000
Ryan R Dull,OAK,3,0,0,0,0,0,0,0,0,0,0,0,.000,.000,.000,.000
Erick E Fedde,WSH,3,4,0,0,0,0,0,0,0,3,0,0,.000,.000,.000,.000
Michael M Feliz,HOU,3,1,0,0,0,0,0,0,0,1,0,0,.000,.000,.000,.000
Casey C Fien,PHI,3,0,0,0,0,0,0,0,0,0,0,0,.000,.000,.000,.000
Ramon R Flores,LAA,3,8,0,1,0,0,0,1,0,1,0,0,.125,.111,.125,.236
Dylan D Floro,CHC,3,4,0,0,0,0,0,0,0,2,0,0,.000,.000,.000,.000
Wilmer W Font,LAD,3,0,0,0,0,0,0,0,0,0,0,0,.000,.000,.000,.000
Rocky R Gale,SD,3,10,1,1,0,0,1,2,0,2,0,0,.100,.100,.400,.500
Roberto R Gómez Gomez,SF,3,0,0,0,0,0,0,0,0,0,0,0,.000,.000,.000,.000
Nick N Goody,CLE,3,0,0,0,0,0,0,0,0,0,0,0,.000,.000,.000,.000
Daniel D Gossett,OAK,3,5,1,1,0,0,0,0,0,4,0,0,.200,.200,.200,.400
A. J. A Griffin,TEX,3,5,0,0,0,0,0,0,1,5,0,0,.000,.167,.000,.167
Jason J Hammel,KC,3,8,0,0,0,0,0,0,0,2,0,0,.000,.000,.000,.000
James J Hoyt,HOU,3,1,0,0,0,0,0,0,0,1,0,0,.000,.000,.000,.000
Ubaldo U Jiménez Jimenez,BAL,3,5,0,1,0,0,0,0,0,3,0,0,.200,.200,.200,.400
Keone K Kela,TEX,3,0,0,0,0,0,0,0,0,0,0,0,.000,.000,.000,.000
Ryan R La Marre C,OAK,3,7,0,0,0,0,0,0,1,3,0,0,.000,.125,.000,.125
Tommy T Layne,NYY,3,0,0,0,0,0,0,0,0,0,0,0,.000,.000,.000,.000
Jose J Leclerc,TEX,3,0,0,0,0,0,0,0,0,0,0,0,.000,.000,.000,.000
Zach Z Lee,SD,3,3,0,0,0,0,0,0,0,0,0,0,.000,.000,.000,.000
Tim T Locastro L,LAD,3,1,0,0,0,0,0,0,0,0,1,0,.000,.000,.000,.000
Mike M Mayers,STL,3,0,0,0,0,0,0,0,0,0,0,0,.000,.000,.000,.000
Zach Z Mc Allister,CLE,3,0,0,0,0,0,0,0,0,0,0,0,.000,.000,.000,.000
Wade W Miley,BAL,3,4,0,1,0,0,0,0,0,1,0,0,.250,.250,.250,.500
Juan J Minaya,CWS,3,0,0,0,0,0,0,0,0,0,0,0,.000,.000,.000,.000
Ricky R Nolasco,LAA,3,5,0,0,0,0,0,0,2,2,0,0,.000,.286,.000,.286
Ian I Parmley L,TOR,3,3,0,0,0,0,0,0,0,1,0,0,.000,.000,.000,.000
Carlos C Rodón Rodon,CWS,3,6,0,2,1,0,0,2,0,2,0,0,.333,.333,.500,.833
Eduardo E Rodriguez,BOS,3,7,0,0,0,0,0,0,0,2,0,0,.000,.000,.000,.000
Chaz C Roe,ATL,3,0,0,0,0,0,0,0,0,0,0,0,.000,.000,.000,.000
Taylor T Rogers,MIN,3,0,0,0,0,0,0,0,0,0,0,0,.000,.000,.000,.000
Alberto A Rosario,STL,3,3,0,0,0,0,0,0,0,1,0,0,.000,.000,.000,.000
Ervin E Santana,MIN,3,10,3,2,1,0,0,5,0,3,0,0,.200,.200,.300,.500
Chasen C Shreve,NYY,3,2,0,0,0,0,0,0,0,1,0,0,.000,.000,.000,.000
Blake B Snell,TB,3,5,0,0,0,0,0,0,1,1,0,0,.000,.167,.000,.167
Joakim J Soria,KC,3,0,0,0,0,0,0,0,0,0,0,0,.000,.000,.000,.000
Marcus M Stroman,TOR,3,7,2,2,1,0,1,1,0,4,0,0,.286,.286,.857,1.143
Josh J Tomlin,CLE,3,7,0,1,0,0,0,0,0,3,0,0,.143,.143,.143,.286
David D Washington R,BAL,3,6,0,0,0,0,0,0,0,5,0,0,.000,.000,.000,.000
Aaron A Wilkerson,MIL,3,4,0,0,0,0,0,0,0,1,0,0,.000,.000,.000,.000
Jordan J Zimmermann,DET,3,6,0,1,0,0,0,0,0,1,0,0,.167,.167,.167,.333
Alec A Asher,BAL,2,1,0,0,0,0,0,0,0,0,0,0,.000,.000,.000,.000
Trevor T Bauer,CLE,2,3,0,0,0,0,0,0,0,1,0,0,.000,.000,.000,.000
Cam C Bedrosian,LAA,2,0,0,0,0,0,0,0,0,0,0,0,.000,.000,.000,.000
Austin A Bibens- Dirkx,TEX,2,3,0,0,0,0,0,0,0,3,0,0,.000,.000,.000,.000
Matthew M Boyd,DET,2,3,0,1,0,0,0,0,0,0,0,0,.333,.333,.333,.667
Craig C Breslow,MIN,2,0,0,0,0,0,0,0,0,0,0,0,.000,.000,.000,.000
Clay C Buchholz,PHI,2,2,0,0,0,0,0,0,0,2,0,0,.000,.000,.000,.000
Aaron A Bummer,CWS,2,0,0,0,0,0,0,0,0,0,0,0,.000,.000,.000,.000
Carlos C Carrasco,CLE,2,4,1,0,0,0,0,0,1,1,0,0,.000,.200,.000,.200
Andrew A Cashner,TEX,2,5,0,1,0,0,0,1,0,2,0,0,.200,.167,.200,.367
Fabio F Castillo,LAD,2,0,0,0,0,0,0,0,0,0,0,0,.000,.000,.000,.000
Miguel M Castro,BAL,2,0,0,0,0,0,0,0,0,0,0,0,.000,.000,.000,.000
Steve S Cishek,TB,2,0,0,0,0,0,0,0,0,0,0,0,.000,.000,.000,.000
Mike M Clevinger,CLE,2,2,0,0,0,0,0,0,0,1,0,0,.000,.000,.000,.000
Alex A Cobb,TB,2,6,0,0,0,0,0,0,0,4,0,0,.000,.000,.000,.000
Jumbo J Diaz,TB,2,0,0,0,0,0,0,0,0,0,0,0,.000,.000,.000,.000
Tyler T Duffey,MIN,2,0,0,0,0,0,0,0,0,0,0,0,.000,.000,.000,.000
Marco M Estrada,TOR,2,4,0,0,0,0,0,0,0,3,0,0,.000,.000,.000,.000
Danny D Farquhar,TB,2,0,0,0,0,0,0,0,0,0,0,0,.000,.000,.000,.000
Mike M Fiers,HOU,2,1,1,0,0,0,0,0,0,1,0,0,.000,.000,.000,.000
Michael M Fulmer,DET,2,5,0,0,0,0,0,0,0,2,0,0,.000,.000,.000,.000
Nick N Gardewine,TEX,2,0,0,0,0,0,0,0,0,0,0,0,.000,.000,.000,.000
Kevin K Gausman,BAL,2,2,0,0,0,0,0,0,0,1,0,0,.000,.000,.000,.000
Sam S Gaviglio,SEA,2,5,1,1,0,0,0,0,0,2,0,0,.200,.200,.200,.400
Sean S Gilmartin,NYM,2,1,1,1,1,0,0,1,0,0,0,0,1.000,1.000,2.000,3.000
Marco M Gonzales,SEA,2,2,0,1,0,0,0,0,0,1,0,0,.500,.500,.500,1.000
Kendall K Graveman,OAK,2,1,0,0,0,0,0,0,0,1,0,0,.000,.000,.000,.000
Grant G Green,WSH,2,3,0,0,0,0,0,0,0,2,0,0,.000,.000,.000,.000
Deolis D Guerra,LAA,2,0,0,0,0,0,0,0,0,0,0,0,.000,.000,.000,.000
Blaine B Hardy,DET,2,0,0,0,0,0,0,0,0,0,0,0,.000,.000,.000,.000
Will W Harris,HOU,2,0,0,0,0,0,0,0,0,0,0,0,.000,.000,.000,.000
J. P. J Howell,TOR,2,0,0,0,0,0,0,0,0,0,0,0,.000,.000,.000,.000
Ian I Kennedy,KC,2,3,0,1,0,0,0,0,1,0,0,0,.333,.500,.333,.833
Adam A Kolarek,TB,2,0,0,0,0,0,0,0,0,0,0,0,.000,.000,.000,.000
Casey C Lawrence,SEA,2,2,0,0,0,0,0,0,0,1,0,0,.000,.000,.000,.000
Steve S Lombardozzi,MIA,2,8,0,0,0,0,0,0,0,2,0,0,.000,.000,.000,.000
Sean S Manaea,OAK,2,3,0,0,0,0,0,0,1,2,0,0,.000,.250,.000,.250
Francis F Martes,HOU,2,0,0,0,0,0,0,0,0,0,0,0,.000,.000,.000,.000
Nick N Martínez Martinez,TEX,2,1,0,0,0,0,0,0,1,1,0,0,.000,.500,.000,.500
Kevin K Mc Carthy,KC,2,0,0,0,0,0,0,0,0,0,0,0,.000,.000,.000,.000
Keury K Mella,CIN,2,0,0,0,0,0,0,0,0,0,0,0,.000,.000,.000,.000
Tim T Melville,SD,2,0,0,0,0,0,0,0,0,0,0,0,.000,.000,.000,.000
Jordan J Montgomery,NYY,2,3,0,0,0,0,0,0,2,2,0,0,.000,.400,.000,.400
Zach Z Neal,OAK,2,0,0,0,0,0,0,0,0,0,0,0,.000,.000,.000,.000
Darren D O' Day,BAL,2,0,0,0,0,0,0,0,0,0,0,0,.000,.000,.000,.000
Jake J Odorizzi,TB,2,3,0,1,0,0,0,1,0,0,0,0,.333,.333,.333,.667
Dillon D Overton,SD,2,1,0,0,0,0,0,0,0,1,0,0,.000,.000,.000,.000
Emilio E Pagán Pagan,SEA,2,2,0,0,0,0,0,0,0,1,0,0,.000,.000,.000,.000
Martin M Pérez Perez,TEX,2,6,0,0,0,0,0,0,0,6,0,0,.000,.000,.000,.000
Yusmeiro Y Petit,LAA,2,0,0,0,0,0,0,0,0,0,0,0,.000,.000,.000,.000
Jake J Petricka,CWS,2,0,0,0,0,0,0,0,0,0,0,0,.000,.000,.000,.000
Michael M Pineda,NYY,2,3,0,1,0,0,0,0,0,2,0,0,.333,.333,.333,.667
Rick R Porcello,BOS,2,4,0,0,0,0,0,0,0,3,0,0,.000,.000,.000,.000
Ryan R Pressly,MIN,2,0,0,0,0,0,0,0,0,0,0,0,.000,.000,.000,.000
A J Reed,HOU,2,6,0,0,0,0,0,0,0,1,0,0,.000,.000,.000,.000
Jack J Reinheimer S,ARI,2,5,0,0,0,0,0,0,0,3,0,0,.000,.000,.000,.000
C Sabathia,NYY,2,3,0,0,0,0,0,0,1,2,0,0,.000,.250,.000,.250
Anibal A Sánchez Sanchez,DET,2,2,0,0,0,0,0,0,0,1,0,0,.000,.000,.000,.000
Luis L Severino,NYY,2,5,1,1,0,0,0,0,0,1,0,0,.200,.200,.200,.400
Chris C Smith,OAK,2,1,0,0,0,0,0,0,0,0,0,0,.000,.000,.000,.000
Ben B Taylor,BOS,2,0,0,0,0,0,0,0,0,0,0,0,.000,.000,.000,.000
Jen- Ho J Tseng,CHC,2,1,0,0,0,0,0,1,0,0,0,0,.000,.000,.000,.000
Drew D Ver Hagen,DET,2,0,0,0,0,0,0,0,0,0,0,0,.000,.000,.000,.000
Justin J Verlander,DET,2,6,0,1,0,0,0,1,0,4,0,0,.167,.167,.167,.333
Tyler T Webb,MIL,2,0,0,0,0,0,0,0,0,0,0,0,.000,.000,.000,.000
Tyler T Wilson,BAL,2,0,0,0,0,0,0,0,0,0,0,0,.000,.000,.000,.000
Mike M Wright Jr.,BAL,2,0,0,0,0,0,0,0,0,0,0,0,.000,.000,.000,.000
Jimmy J Yacabonis,BAL,2,2,0,0,0,0,0,1,0,1,0,0,.000,.000,.000,.000
Chris C Young,KC,2,0,0,0,0,0,0,0,0,0,0,0,.000,.000,.000,.000
Andrew A Albers,SEA,1,1,0,1,0,0,0,1,0,0,0,0,1.000,1.000,1.000,2.000
Al A Alburquerque,KC,1,0,0,0,0,0,0,0,0,0,0,0,.000,.000,.000,.000
Drew D Anderson,PHI,1,0,0,0,0,0,0,0,0,0,0,0,.000,.000,.000,.000
Jayson J Aquino,BAL,1,2,0,0,0,0,0,0,0,2,0,0,.000,.000,.000,.000
Andrew A Bailey,LAA,1,0,0,0,0,0,0,0,0,0,0,0,.000,.000,.000,.000
Pedro P Beato,PHI,1,0,0,0,0,0,0,0,0,0,0,0,.000,.000,.000,.000
Chad C Bell,DET,1,0,0,0,0,0,0,0,0,0,0,0,.000,.000,.000,.000
Christian C Bergman,SEA,1,1,0,0,0,0,0,0,0,0,0,0,.000,.000,.000,.000
Paul P Blackburn,OAK,1,3,0,0,0,0,0,0,0,2,0,0,.000,.000,.000,.000
Aaron A Blair,ATL,1,1,0,1,0,0,0,0,1,0,0,0,1.000,1.000,1.000,2.000
John J Bormann,PIT,1,1,0,0,0,0,0,0,0,1,0,0,.000,.000,.000,.000
Zack Z Britton,BAL,1,0,0,0,0,0,0,0,0,0,0,0,.000,.000,.000,.000
Matt M Bush,TEX,1,0,0,0,0,0,0,0,0,0,0,0,.000,.000,.000,.000
Jharel J Cotton,OAK,1,2,0,0,0,0,0,0,0,1,0,0,.000,.000,.000,.000
Dylan D Covey,CWS,1,1,0,0,0,0,0,0,0,1,0,0,.000,.000,.000,.000
Kyle K Crockett,CLE,1,0,0,0,0,0,0,0,0,0,0,0,.000,.000,.000,.000
Matt M Dermody,TOR,1,0,0,0,0,0,0,0,0,0,0,0,.000,.000,.000,.000
Jake J Diekman,TEX,1,0,0,0,0,0,0,0,0,0,0,0,.000,.000,.000,.000
Danny D Duffy,KC,1,2,0,1,0,0,0,0,0,1,0,0,.500,.500,.500,1.000
Dietrich D Enns,MIN,1,2,0,1,0,0,0,0,0,1,0,0,.500,.500,.500,1.000
Jake J Esch,SD,1,0,0,0,0,0,0,0,0,0,0,0,.000,.000,.000,.000
Jeff J Ferrell,DET,1,0,0,0,0,0,0,0,0,0,0,0,.000,.000,.000,.000
Doug D Fister,BOS,1,2,0,0,0,0,0,0,0,0,0,0,.000,.000,.000,.000
Dustin D Fowler R,NYY,1,0,0,0,0,0,0,0,0,0,0,0,.000,.000,.000,.000
Seth S Frankoff,CHC,1,0,0,0,0,0,0,0,0,0,0,0,.000,.000,.000,.000
Yovani Y Gallardo,SEA,1,2,0,1,0,0,0,0,0,0,0,0,.500,.500,.500,1.000
David D Goforth,MIL,1,0,0,0,0,0,0,0,0,0,0,0,.000,.000,.000,.000
Chad C Green,NYY,1,0,0,0,0,0,0,0,0,0,0,0,.000,.000,.000,.000
Jeremy J Guthrie,WSH,1,0,0,0,0,0,0,0,0,0,0,0,.000,.000,.000,.000
Justin J Haley,MIN,1,0,0,0,0,0,0,0,0,0,0,0,.000,.000,.000,.000
Cole C Hamels,TEX,1,3,0,0,0,0,0,1,0,1,0,0,.000,.000,.000,.000
J. A. J Happ,TOR,1,2,0,0,0,0,0,0,0,1,0,0,.000,.000,.000,.000
Chris C Heston,MIN,1,0,0,0,0,0,0,0,0,0,0,0,.000,.000,.000,.000
Trevor T Hildenberger,MIN,1,0,0,0,0,0,0,0,0,0,0,0,.000,.000,.000,.000
Derek D Holland,CWS,1,1,0,1,0,0,0,0,0,0,0,0,1.000,1.000,1.000,2.000
Brian B Johnson,BOS,1,2,0,0,0,0,0,0,0,0,0,0,.000,.000,.000,.000
Pierce P Johnson,CHC,1,0,0,0,0,0,0,0,0,0,0,0,.000,.000,.000,.000
Taylor T Jungmann,MIL,1,0,0,0,0,0,0,0,0,0,0,0,.000,.000,.000,.000
Jakob J Junis,KC,1,3,0,0,0,0,0,0,0,3,0,0,.000,.000,.000,.000
Kyle K Kendrick,BOS,1,1,0,0,0,0,0,0,0,1,0,0,.000,.000,.000,.000
Dallas D Keuchel,HOU,1,3,0,0,0,0,0,0,0,2,0,0,.000,.000,.000,.000
Corey C Kluber,CLE,1,2,0,1,0,0,0,0,0,0,0,0,.500,.500,.500,1.000
Matt M Koch,ARI,1,0,0,0,0,0,0,0,0,0,0,0,.000,.000,.000,.000
Mat M Latos,TOR,1,3,0,0,0,0,0,0,0,0,0,0,.000,.000,.000,.000
Francisco F Liriano,HOU,1,0,0,0,0,0,0,0,0,0,0,0,.000,.000,.000,.000
Kyle K Lloyd,SD,1,1,0,0,0,0,0,0,0,0,0,0,.000,.000,.000,.000
Jorge J López Lopez,MIL,1,0,0,0,0,0,0,0,0,0,0,0,.000,.000,.000,.000
Jean J Machi,SEA,1,1,0,0,0,0,0,0,0,1,0,0,.000,.000,.000,.000
Tim T Mayza,TOR,1,0,0,0,0,0,0,0,0,0,0,0,.000,.000,.000,.000
Lance L Mc Cullers,HOU,1,3,0,0,0,0,0,0,0,0,0,0,.000,.000,.000,.000
Collin C Mc Hugh,HOU,1,2,0,0,0,0,0,0,0,2,0,0,.000,.000,.000,.000
Daniel D Mengden,OAK,1,2,1,1,0,0,0,0,1,0,0,0,.500,.667,.500,1.167
Alex A Meyer,LAA,1,2,0,1,0,0,0,0,0,1,0,0,.500,.500,.500,1.000
Frankie F Montas,OAK,1,0,0,0,0,0,0,0,0,0,0,0,.000,.000,.000,.000
Mike M Morin,LAA,1,0,0,0,0,0,0,0,0,0,0,0,.000,.000,.000,.000
Charlie C Morton,HOU,1,3,0,0,0,0,0,0,0,0,0,0,.000,.000,.000,.000
Edward E Mujica,DET,1,0,0,0,0,0,0,0,0,0,0,0,.000,.000,.000,.000
Vidal V Nuño Nuno,BAL,1,1,0,0,0,0,0,0,0,0,0,0,.000,.000,.000,.000
Eduardo E Paredes,LAA,1,0,0,0,0,0,0,0,0,0,0,0,.000,.000,.000,.000
Mike M Pelfrey,CWS,1,0,0,0,0,0,0,0,0,0,0,0,.000,.000,.000,.000
Drew D Pomeranz,BOS,1,1,0,0,0,0,0,0,0,1,0,0,.000,.000,.000,.000
David D Price,BOS,1,1,0,1,0,0,0,0,0,0,0,0,1.000,1.000,1.000,2.000
Austin A Pruitt,TB,1,0,0,0,0,0,0,0,0,0,0,0,.000,.000,.000,.000
J C Ramírez Ramirez,LAA,1,3,0,0,0,0,0,0,0,1,0,0,.000,.000,.000,.000
Yadiel Y Rivera,MIL,1,2,0,0,0,0,0,0,0,1,0,0,.000,.000,.000,.000
Bruce B Rondón Rondon,DET,1,0,0,0,0,0,0,0,0,0,0,0,.000,.000,.000,.000
Robbie R Ross,BOS,1,0,0,0,0,0,0,0,0,0,0,0,.000,.000,.000,.000
Tyson T Ross,TEX,1,0,0,0,0,0,0,0,0,0,0,0,.000,.000,.000,.000
Jose J Ruiz,SD,1,0,0,0,0,0,0,0,0,0,0,0,.000,.000,.000,.000
Chris C Sale,BOS,1,3,0,1,1,0,0,0,0,1,0,0,.333,.333,.667,1.000
Tony T Sanchez,ATL,1,1,0,0,0,0,0,0,0,1,0,0,.000,.000,.000,.000
Matt M Shoemaker,LAA,1,2,0,0,0,0,0,0,0,1,0,0,.000,.000,.000,.000
Tyler T Skaggs,LAA,1,1,0,0,0,0,0,0,0,1,0,0,.000,.000,.000,.000
Eric E Skoglund,KC,1,0,0,0,0,0,0,0,0,0,0,0,.000,.000,.000,.000
Dan D Slania,SF,1,0,0,0,0,0,0,0,0,0,0,0,.000,.000,.000,.000
Caleb C Smith,NYY,1,0,0,0,0,0,0,0,0,0,0,0,.000,.000,.000,.000
Carson C Smith,BOS,1,0,0,0,0,0,0,0,0,0,0,0,.000,.000,.000,.000
Josh A. J Smith,OAK,1,0,0,0,0,0,0,0,0,0,0,0,.000,.000,.000,.000
Matt M Strahm,KC,1,0,0,0,0,0,0,0,0,0,0,0,.000,.000,.000,.000
Huston H Street,LAA,1,0,0,0,0,0,0,0,0,0,0,0,.000,.000,.000,.000
Masahiro M Tanaka,NYY,1,2,0,0,0,0,0,0,0,2,0,0,.000,.000,.000,.000
Nick N Tepesch,TOR,1,2,0,0,0,0,0,0,0,2,0,0,.000,.000,.000,.000
Ashur A Tolliver,HOU,1,0,0,0,0,0,0,0,0,0,0,0,.000,.000,.000,.000
Nik N Turley,MIN,1,2,0,0,0,0,0,0,0,0,0,0,.000,.000,.000,.000
Jason J Vargas,KC,1,4,0,1,0,0,0,0,0,1,0,0,.250,.250,.250,.500
Hector H Velázquez Velazquez,BOS,1,1,0,0,0,0,0,0,0,0,0,0,.000,.000,.000,.000
Adam A Wilk,NYM,1,1,0,0,0,0,0,0,0,0,0,0,.000,.000,.000,.000
Alex A Wimmers,MIN,1,0,0,0,0,0,0,0,0,0,0,0,.000,.000,.000,.000
Brandon B Workman,BOS,1,0,0,0,0,0,0,0,0,0,0,0,.000,.000,.000,.000
Gabriel G Ynoa,BAL,1,1,0,0,0,0,0,0,0,0,0,0,.000,.000,.000,.000
Michael M Ynoa,CWS,1,0,0,0,0,0,0,0,0,0,0,0,.000,.000,.000,.000
