PLAYER,TEAM,W,L,ERA,GS,CG,SHO,SV,SVO,IP,H,R,ER,HR,HB,BB,SO,WHIP,AVG
Curt C Leskanic,COL,6,3,3.40,76,0,0,0,10,10,98.0,83,38,37,7,0,33,107,1.18,.226
Dave D Veres,HOU,5,1,2.26,72,0,0,0,1,1,103.1,89,29,26,5,4,30,94,1.15,.241
Steve S Reed,COL,5,2,2.14,71,0,0,0,3,3,84.0,61,24,20,8,1,21,79,0.98,.203
Yorkis Y Perez,FLA,2,6,5.21,69,0,0,0,1,1,46.2,35,29,27,6,2,28,47,1.35,.203
Darren D Holmes,COL,6,1,3.24,68,0,0,0,14,14,66.2,59,26,24,3,1,28,61,1.31,.237
Todd T Jones,HOU,6,5,3.07,68,0,0,0,15,15,99.2,89,38,34,8,6,52,96,1.41,.237
Mike M Perez,CHC,2,6,3.66,68,0,0,0,2,2,71.1,72,30,29,8,4,27,49,1.39,.268
Greg G Mc Michael,ATL,7,2,2.79,67,0,0,0,2,2,80.2,64,27,25,8,0,32,74,1.19,.213
Jesse J Orosco,BAL,2,4,3.26,65,0,0,0,3,3,49.2,28,19,18,4,1,27,58,1.11,.169
Mark M Wohlers,ATL,7,3,2.09,65,0,0,0,25,25,64.2,51,16,15,2,1,24,90,1.16,.211
Hector H Carrasco,CIN,2,7,4.12,64,0,0,0,5,5,87.1,86,45,40,1,2,46,64,1.51,.257
Roger R Mc Dowell,TEX,7,4,4.02,64,0,0,0,4,4,85.0,86,39,38,5,6,34,49,1.41,.277
Mike M Munoz,COL,2,4,7.42,64,0,0,0,2,2,43.2,54,38,36,9,1,27,37,1.85,.307
Bobby B Ayala,SEA,6,5,4.44,63,0,0,0,19,19,71.0,73,42,35,9,6,30,77,1.45,.262
Stan S Belinda,BOS,8,1,3.10,63,0,0,0,10,10,69.2,51,25,24,5,4,28,57,1.13,.205
Jason J Christiansen,PIT,1,3,4.15,63,0,0,0,0,0,56.1,49,28,26,5,3,34,53,1.47,.234
Bob B Wickman,NYY,2,4,4.05,63,1,0,0,1,1,80.0,77,38,36,6,5,33,51,1.38,.253
Ricky R Bottalico,PHI,5,3,2.46,62,0,0,0,1,1,87.2,50,25,24,7,4,42,87,1.05,.167
Jose J Mesa,CLE,3,0,1.13,62,0,0,0,46,46,64.0,49,9,8,3,0,17,58,1.03,.216
Jeff J Nelson,SEA,7,3,2.17,62,0,0,0,2,2,78.2,58,21,19,4,6,27,96,1.08,.209
Robb R Nen,FLA,0,7,3.29,62,0,0,0,23,23,65.2,62,26,24,6,1,23,68,1.29,.244
Bob B Patterson,CAL,5,2,3.04,62,0,0,0,0,0,53.1,48,18,18,6,1,13,41,1.14,.246
Troy T Percival,CAL,3,2,1.95,62,0,0,0,3,3,74.0,37,19,16,6,1,26,94,0.85,.147
Tim T Scott,MON,2,0,3.98,62,0,0,0,2,2,63.1,52,30,28,6,6,23,57,1.18,.222
Heathcliff H Slocumb,PHI,5,6,2.89,61,0,0,0,32,32,65.1,64,26,21,2,1,35,63,1.52,.257
Rod R Beck,SF,5,6,4.45,60,0,0,0,33,33,58.2,60,31,29,7,2,21,42,1.38,.267
Joe J Boever,DET,5,7,6.39,60,0,0,0,3,3,98.2,128,74,70,17,3,44,71,1.74,.319
Mark M Guthrie,LA,5,5,4.21,60,0,0,0,0,0,62.0,66,33,29,6,2,25,67,1.47,.274
Roberto R Hernandez,CWS,3,7,3.92,60,0,0,0,32,32,59.2,63,30,26,9,3,28,84,1.53,.266
John J Wetteland,NYY,1,5,2.93,60,0,0,0,31,31,61.1,40,22,20,6,0,14,66,0.88,.185
Brad B Clontz,ATL,8,1,3.65,59,0,0,0,4,4,69.0,71,29,28,5,4,22,55,1.35,.269
John J Habyan,CAL,4,4,3.44,59,0,0,0,0,0,73.1,68,34,28,2,2,27,60,1.30,.249
Xavier X Hernandez,CIN,7,2,4.60,59,0,0,0,3,3,90.0,95,47,46,8,4,31,84,1.40,.273
Jeff J Parrett,STL,4,7,3.64,59,0,0,0,0,0,76.2,71,33,31,8,1,28,71,1.29,.243
Mel M Rojas,MON,1,4,4.12,59,0,0,0,30,30,67.2,69,32,31,2,7,29,61,1.45,.262
Jeff J Shaw,CWS,1,6,4.88,59,0,0,0,3,3,72.0,70,42,39,6,4,27,51,1.35,.259
Todd T Worrell,LA,4,1,2.02,59,0,0,0,32,32,62.1,50,15,14,4,1,19,61,1.11,.221
Jerry J Dipoto,NYM,4,6,3.78,58,0,0,0,2,2,78.2,77,41,33,2,4,29,49,1.35,.267
Tony T Fossas,STL,3,0,1.47,58,0,0,0,0,0,36.2,28,6,6,1,1,10,40,1.04,.214
Dan D Miceli,PIT,4,4,4.66,58,0,0,0,21,21,58.0,61,30,30,7,4,28,56,1.53,.270
Dan D Plesac,PIT,4,4,3.58,58,0,0,0,3,3,60.1,53,26,24,3,1,27,57,1.33,.237
Terry T Mathews,FLA,4,4,3.38,57,0,0,0,3,3,82.2,70,32,31,9,1,27,72,1.17,.235
Randy R Myers,CHC,1,2,3.88,57,0,0,0,38,38,55.2,49,25,24,7,0,28,59,1.38,.237
Julian J Tavarez,CLE,10,2,2.44,57,0,0,0,0,0,85.0,76,36,23,7,3,21,68,1.14,.235
Jeff J Brantley,CIN,3,2,2.82,56,0,0,0,28,28,70.1,53,22,22,11,1,20,62,1.04,.206
Rich R De Lucia,STL,8,7,3.39,56,1,0,0,0,0,82.1,63,38,31,9,3,36,76,1.20,.213
Jim J Dougherty,HOU,8,4,4.92,56,0,0,0,0,0,67.2,76,37,37,7,3,25,49,1.49,.292
Bryan B Hickerson,COL,3,3,8.57,56,0,0,0,1,1,48.1,69,52,46,8,1,28,40,2.01,.332
Steve S Howe,NYY,6,3,4.96,56,0,0,0,2,2,49.0,66,29,27,7,4,17,28,1.69,.324
Eric E Plunk,CLE,6,2,2.67,56,0,0,0,2,2,64.0,48,19,19,5,4,27,71,1.17,.211
Dave D Stevens,MIN,5,4,5.07,56,0,0,0,10,10,65.2,74,40,37,14,1,32,47,1.61,.285
Tony T Castillo,TOR,1,5,3.22,55,0,0,0,13,13,72.2,64,27,26,7,3,24,38,1.21,.243
Norm N Charlton,SEA,4,6,3.36,55,0,0,0,14,14,69.2,46,31,26,4,4,31,70,1.11,.189
Mike M Dyer,PIT,4,5,4.34,55,0,0,0,0,0,74.2,81,40,36,9,5,30,53,1.49,.281
Trevor T Hoffman,SD,7,4,3.88,55,0,0,0,31,31,53.1,48,25,23,10,0,14,52,1.16,.235
Kirk K Mc Caskill,CWS,6,4,4.89,55,1,0,0,2,2,81.0,97,50,44,10,5,33,50,1.60,.302
Jeff J Mc Curry,PIT,1,4,5.02,55,0,0,0,1,1,61.0,82,38,34,9,5,30,27,1.84,.337
Jeff J Montgomery,KC,2,3,3.43,54,0,0,0,31,31,65.2,60,27,25,7,2,25,49,1.29,.252
Rick R Aguilera,BOS,3,3,2.60,52,0,0,0,32,32,55.1,46,16,16,6,1,13,52,1.07,.225
Shawn S Barton,SF,4,1,4.26,52,0,0,0,1,1,44.1,37,22,21,3,2,19,22,1.26,.237
Jose J Bautista,SF,3,8,6.44,52,6,0,0,0,0,100.2,120,77,72,24,5,26,45,1.45,.295
Brian B Bohanon,DET,1,1,5.54,52,10,0,0,1,1,105.2,121,68,65,10,4,41,63,1.53,.285
Dave D Burba,CIN,10,4,3.97,52,9,1,1,0,0,106.2,90,50,47,9,0,51,96,1.32,.228
Dennis D Eckersley,OAK,4,6,4.83,52,0,0,0,29,29,50.1,53,29,27,5,1,11,40,1.27,.269
Tom T Henke,STL,1,1,1.82,52,0,0,0,36,36,54.1,42,11,11,2,0,18,48,1.10,.209
Rick R Honeycutt,NYY,5,1,2.96,52,0,0,0,2,2,45.2,39,16,15,6,1,10,21,1.07,.236
Doug D Jones,BAL,0,4,5.01,52,0,0,0,22,22,46.2,55,30,26,6,2,16,42,1.52,.286
Lee L Smith,CAL,0,5,3.47,52,0,0,0,37,37,49.1,42,19,19,3,1,25,43,1.36,.237
Eddie E Guardado,MIN,4,9,5.12,51,5,0,0,2,2,91.1,99,54,52,13,0,45,71,1.58,.280
Doug D Henry,NYM,3,6,2.96,51,0,0,0,4,4,67.0,48,23,22,7,1,25,62,1.09,.198
Toby T Borland,PHI,1,3,3.77,50,0,0,0,6,6,74.0,81,37,31,3,5,37,59,1.59,.277
Mike M Henneman,HOU,0,2,2.15,50,0,0,0,26,26,50.1,45,12,12,1,2,13,43,1.15,.241
Dave D Leiper,MON,1,3,3.22,50,0,0,0,2,2,44.2,39,18,16,5,1,19,22,1.30,.231
Eric E Gunderson,BOS,3,2,4.17,49,0,0,0,0,0,36.2,38,17,17,2,3,17,28,1.50,.277
Rusty R Meacham,KC,4,3,4.98,49,0,0,0,2,2,59.2,72,36,33,6,1,19,30,1.53,.304
Pedro P Astacio,LA,7,8,4.24,48,11,1,1,0,0,104.0,103,53,49,12,4,29,80,1.27,.261
Billy B Brewer,KC,2,4,5.56,48,0,0,0,0,0,45.1,54,28,28,9,2,20,31,1.63,.290
Rheal R Cormier,BOS,7,5,4.07,48,12,0,0,0,0,115.0,131,60,52,12,3,31,69,1.41,.294
John J Doherty,DET,5,9,5.10,48,2,0,0,6,6,113.0,130,66,64,10,6,37,46,1.48,.288
John J Franco,NYM,5,3,2.44,48,0,0,0,29,29,51.2,48,17,14,4,0,17,41,1.26,.251
Mike M Stanton,BOS,2,1,4.24,48,0,0,0,1,1,40.1,48,23,19,6,1,14,23,1.54,.300
Paul P Assenmacher,CLE,6,2,2.82,47,0,0,0,0,0,38.1,32,13,12,3,3,12,40,1.15,.225
Bryce B Florie,SD,2,2,3.01,47,0,0,0,1,1,68.2,49,30,23,8,4,38,68,1.27,.202
Pat P Mahomes,MIN,4,10,6.37,47,7,0,0,3,3,94.2,100,74,67,22,2,47,67,1.55,.271
Randy R Veres,FLA,4,4,3.88,47,0,0,0,1,1,48.2,46,25,21,6,1,22,31,1.40,.251
Dennis D Cook,TEX,0,2,4.53,46,1,0,0,2,2,57.2,63,32,29,9,2,26,53,1.54,.289
Mike M James,CAL,3,0,3.88,46,0,0,0,1,1,55.2,49,27,24,6,3,26,36,1.35,.238
Scott S Radinsky,CWS,2,1,5.45,46,0,0,0,1,1,38.0,46,23,23,7,0,17,14,1.66,.309
Jose J De Leon,MON,5,4,5.45,45,0,0,0,0,0,76.0,67,48,46,12,7,35,65,1.34,.238
Greg G Harris,MON,2,3,2.61,45,0,0,0,0,0,48.1,45,18,14,6,1,16,47,1.26,.245
Chris C Hook,SF,5,1,5.50,45,0,0,0,0,0,52.1,55,33,32,7,3,29,40,1.61,.274
Bill B Risley,SEA,2,1,3.13,45,0,0,0,1,1,60.1,55,21,21,7,1,18,65,1.21,.244
Armando A Benitez,BAL,1,5,5.66,44,0,0,0,2,2,47.2,37,33,30,8,5,37,56,1.55,.213
Mike M Maddux,BOS,5,1,4.10,44,4,0,0,1,1,98.2,100,49,45,5,2,18,69,1.20,.258
Chuck C Mc Elroy,CIN,3,4,6.02,44,0,0,0,0,0,40.1,46,29,27,5,1,15,27,1.51,.291
Alejandro A Pena,ATL,3,1,4.72,44,0,0,0,0,0,55.1,55,32,29,8,0,19,64,1.34,.251
Hipolito H Pichardo,KC,8,4,4.36,44,0,0,0,1,1,64.0,66,34,31,4,4,30,43,1.50,.265
Ed E Vosberg,TEX,5,5,3.00,44,0,0,0,4,4,36.0,32,15,12,3,0,16,36,1.33,.241
Brian B Williams,SD,3,10,6.00,44,6,0,0,0,0,72.0,79,54,48,3,8,38,75,1.63,.279
Mark M Acre,OAK,1,2,5.71,43,0,0,0,0,0,52.0,52,35,33,7,2,28,47,1.54,.256
Turk T Wendell,CHC,3,1,4.92,43,0,0,0,0,0,60.1,71,35,33,11,2,24,50,1.57,.298
Larry L Casian,CHC,1,0,1.93,42,0,0,0,0,0,23.1,23,6,5,1,0,15,11,1.63,.258
Jim J Poole,CLE,3,3,3.75,42,0,0,0,0,0,50.1,40,22,21,7,2,17,41,1.13,.217
Mike M Walker,CHC,1,3,3.22,42,0,0,0,1,1,44.2,45,21,16,2,0,24,20,1.54,.259
Rene R Arocha,STL,3,5,3.99,41,0,0,0,0,0,49.2,55,24,22,6,3,18,25,1.47,.297
Pedro P Borbon,ATL,2,2,3.09,41,0,0,0,2,2,32.0,29,12,11,2,1,17,33,1.44,.240
Terry T Clark,BAL,2,5,3.59,41,0,0,0,1,1,42.2,43,17,17,3,1,20,20,1.48,.272
Brian B Maxcy,DET,4,5,6.88,41,0,0,0,0,0,52.1,61,48,40,6,2,31,20,1.76,.293
Willie W Blair,SD,7,5,4.34,40,12,0,0,0,0,114.0,112,60,55,11,2,45,83,1.38,.262
Mike M Butcher,CAL,6,1,4.73,40,0,0,0,0,0,51.1,49,28,27,7,1,31,29,1.56,.257
Mike M Fetters,MIL,0,3,3.38,40,0,0,0,22,22,34.2,40,16,13,3,0,20,33,1.73,.286
Dean D Hartgraves,HOU,2,0,3.22,40,0,0,0,0,0,36.1,30,14,13,2,0,16,24,1.27,.227
Gil G Heredia,MON,5,6,4.31,40,18,0,0,1,1,119.0,137,60,57,7,5,21,74,1.33,.291
Michael M Jackson,CIN,6,1,2.39,40,0,0,0,2,2,49.0,38,13,13,5,1,19,41,1.16,.213
Carlos C Reyes,OAK,4,6,5.09,40,1,0,0,0,0,69.0,71,43,39,10,5,28,48,1.43,.264
Matt M Whiteside,TEX,5,4,4.08,40,0,0,0,3,3,53.0,48,24,24,5,1,19,46,1.26,.242
Roger R Bailey,COL,7,6,4.98,39,6,0,0,0,0,81.1,88,49,45,9,1,39,33,1.56,.283
John J Cummings,LA,3,1,4.06,39,0,0,0,0,0,44.1,46,24,20,3,0,17,25,1.42,.267
Mark M Gardner,FLA,5,5,4.49,39,11,1,1,1,1,102.1,109,60,51,14,5,43,87,1.49,.272
Joe J Hudson,BOS,0,1,4.11,39,0,0,0,1,1,46.0,53,21,21,2,2,23,29,1.65,.301
Mark M Lee,BAL,2,0,4.86,39,0,0,0,1,1,33.1,31,18,18,5,1,18,27,1.47,.246
Antonio A Osuna,LA,2,4,4.43,39,0,0,0,0,0,44.2,39,22,22,5,1,20,46,1.32,.241
Jim J Corsi,OAK,2,4,2.20,38,0,0,0,2,2,45.0,31,14,11,2,2,26,26,1.27,.203
Ron R Villone,SD,2,3,5.80,38,0,0,0,1,1,45.0,44,31,29,11,1,34,63,1.73,.254
Andres A Berumen,SD,2,3,5.68,37,0,0,0,1,1,44.1,37,29,28,3,3,36,42,1.65,.226
Tim T Fortugno,CWS,1,3,5.59,37,0,0,0,0,0,38.2,30,24,24,7,0,19,24,1.27,.213
Buddy B Groom,FLA,2,5,7.44,37,4,0,0,1,1,55.2,81,47,46,8,2,32,35,2.03,.343
Felipe F Lira,DET,9,13,4.31,37,22,0,0,1,1,146.1,151,74,70,17,8,56,89,1.41,.271
Bruce B Ruffin,COL,0,1,2.12,37,0,0,0,11,11,34.0,26,8,8,1,0,19,23,1.32,.222
Jeff J Russell,TEX,1,0,3.03,37,0,0,0,20,20,32.2,36,12,11,3,0,9,21,1.38,.277
Erik E Schullstrom,MIN,0,0,6.89,37,0,0,0,0,0,47.0,66,36,36,8,1,22,21,1.87,.332
Rudy R Seanez,LA,1,3,6.75,37,0,0,0,3,3,34.2,39,27,26,5,1,18,29,1.64,.285
Bill B Wegman,MIL,5,7,5.35,37,4,0,0,2,2,70.2,89,45,42,14,3,21,50,1.56,.312
Doug D Brocail,HOU,6,4,4.19,36,7,0,0,1,1,77.1,87,40,36,10,4,22,39,1.41,.280
Mike M Christopher,DET,4,0,3.82,36,0,0,0,1,1,61.1,71,28,26,8,2,14,34,1.39,.292
Todd T Van Poppel,OAK,4,8,4.88,36,14,1,0,0,0,138.1,125,77,75,16,4,56,122,1.31,.244
Mike M Mimbs,PHI,9,7,4.15,35,19,2,1,1,1,136.2,127,70,63,10,6,75,93,1.48,.250
Blas B Minor,NYM,4,2,3.66,35,0,0,0,1,1,46.2,44,21,19,6,1,13,43,1.22,.253
Luis L Aquino,SF,0,3,5.10,34,0,0,0,2,2,42.1,57,34,24,6,3,13,26,1.65,.315
Doug D Bochtler,SD,4,4,3.57,34,0,0,0,1,1,45.1,38,18,18,5,0,19,45,1.26,.239
Chris C Nabholz,CHC,0,1,5.40,34,0,0,0,0,0,23.1,22,15,14,4,0,14,21,1.54,.253
Ron R Rightnowar,MIL,2,1,5.40,34,0,0,0,1,1,36.2,35,23,22,3,5,18,22,1.45,.271
Jeff J Tabaka,HOU,1,0,3.23,34,0,0,0,0,0,30.2,27,11,11,2,0,17,25,1.43,.243
Mark M Gubicza,KC,12,14,3.75,33,33,3,2,0,0,213.1,222,97,89,21,6,62,81,1.33,.272
Graeme G Lloyd,MIL,0,5,4.22,33,0,0,0,4,4,32.0,28,15,15,4,0,8,13,1.13,.246
Bob B Mac Donald,NYY,1,1,4.86,33,0,0,0,0,0,46.1,50,25,25,7,1,22,41,1.55,.282
Lance L Painter,COL,3,0,4.37,33,1,0,0,1,1,45.1,55,23,22,9,2,10,36,1.43,.296
Paul P Quantrill,PHI,11,12,4.67,33,29,0,0,0,0,179.1,212,102,93,20,6,44,103,1.43,.295
Steve S Sparks,MIL,9,11,4.63,33,27,3,0,0,0,202.0,210,111,104,17,5,86,96,1.47,.274
Russ R Springer,PHI,1,2,5.29,33,6,0,0,1,1,78.1,82,48,46,16,7,35,70,1.49,.270
Greg G Swindell,HOU,10,9,4.47,33,26,1,1,0,0,153.0,180,86,76,21,2,39,96,1.43,.297
Kevin K Tapani,LA,10,13,4.96,33,31,3,1,0,0,190.2,227,116,105,29,5,48,131,1.44,.295
Ismael I Valdez,LA,13,11,3.05,33,27,6,2,1,1,197.2,168,76,67,17,1,51,150,1.11,.228
Paul P Wagner,PIT,5,16,4.80,33,25,3,1,1,1,165.0,174,96,88,18,7,72,120,1.49,.273
Mike M Williams,PHI,3,3,3.29,33,8,0,0,0,0,87.2,78,37,32,10,3,29,57,1.22,.239
Ricky R Bones,MIL,10,12,4.63,32,31,3,0,0,0,200.1,218,108,103,26,4,83,77,1.50,.281
Scott S Erickson,BAL,13,10,4.81,32,31,7,2,0,0,196.1,213,108,105,18,5,67,106,1.43,.281
Chuck C Finley,CAL,15,12,4.21,32,32,2,1,0,0,203.0,192,106,95,20,7,93,195,1.40,.249
Esteban E Loaiza,PIT,8,9,5.16,32,31,1,0,0,0,172.2,205,115,99,21,5,55,85,1.51,.300
Mike M Mussina,BAL,19,9,3.29,32,32,7,4,0,0,221.2,187,86,81,24,1,50,158,1.07,.226
Anthony A Young,CHC,3,4,3.70,32,1,0,0,2,2,41.1,47,20,17,5,3,14,15,1.48,.288
Kevin K Appier,KC,15,10,3.89,31,31,4,1,0,0,201.1,163,90,87,14,8,80,185,1.21,.221
Andy A Ashby,SD,12,10,2.94,31,31,2,2,0,0,192.2,180,79,63,17,11,62,150,1.26,.253
Andy A Benes,SEA,11,9,4.76,31,31,1,1,0,0,181.2,193,107,96,18,6,78,171,1.49,.271
Chris C Bosio,SEA,10,8,4.92,31,31,0,0,0,0,170.0,211,98,93,18,5,69,85,1.65,.313
Tim T Crabtree,TOR,0,2,3.09,31,0,0,0,0,0,32.0,30,16,11,1,2,13,21,1.34,.240
Rob R Dibble,MIL,1,2,7.18,31,0,0,0,1,1,26.1,16,21,21,2,3,46,26,2.35,.188
Doug D Drabek,HOU,10,9,4.77,31,31,2,1,0,0,185.0,205,104,98,18,8,54,143,1.40,.282
Steve S Frey,PHI,0,4,3.18,31,0,0,0,1,1,28.1,26,14,10,2,1,10,14,1.27,.252
Tom T Gordon,KC,12,12,4.43,31,31,2,0,0,0,189.0,204,110,93,12,4,89,119,1.55,.279
Kevin K Gross,TEX,9,15,5.54,31,30,4,0,0,0,183.2,200,124,113,27,8,89,106,1.57,.280
Joey J Hamilton,SD,6,9,3.08,31,30,2,2,0,0,204.1,189,89,70,17,11,56,123,1.20,.246
Matt M Karchner,CWS,4,2,1.69,31,0,0,0,0,0,32.0,33,8,6,2,1,12,24,1.41,.275
Mark M Langston,CAL,15,7,4.63,31,31,2,1,0,0,200.1,212,109,103,21,3,64,142,1.38,.272
Denny D Neagle,PIT,13,8,3.43,31,31,5,1,0,0,209.2,221,91,80,20,3,45,150,1.27,.273
Roger R Pavlik,TEX,10,10,4.37,31,31,2,1,0,0,191.2,174,96,93,19,4,90,149,1.38,.243
Andy A Pettitte,NYY,12,9,4.17,31,26,3,0,0,0,175.0,183,86,81,15,1,63,114,1.41,.272
Mark M Portugal,CIN,11,10,4.01,31,31,1,0,0,0,181.2,185,91,81,17,4,56,96,1.33,.262
Kevin K Ritz,COL,11,11,4.21,31,28,0,0,2,2,173.1,171,91,81,16,6,65,120,1.36,.259
Kenny K Rogers,TEX,17,7,3.38,31,31,3,1,0,0,208.0,192,87,78,26,2,76,140,1.29,.243
Todd T Stottlemyre,OAK,14,7,4.55,31,31,2,0,0,0,209.2,228,117,106,26,6,80,205,1.47,.276
Mike M Timlin,TOR,4,3,2.14,31,0,0,0,5,5,42.0,38,13,10,1,2,17,36,1.31,.242
Jim J Abbott,CAL,11,8,3.70,30,30,4,1,0,0,197.0,209,93,81,14,2,64,86,1.39,.274
John J Burkett,FLA,14,14,4.30,30,30,4,0,0,0,188.1,208,95,90,22,6,57,126,1.41,.282
Tom T Candiotti,LA,7,14,3.50,30,30,1,1,0,0,190.1,187,93,74,18,9,58,141,1.29,.255
David D Cone,NYY,18,8,3.57,30,30,6,2,0,0,229.1,195,95,91,24,6,88,191,1.23,.228
Jeff J Fassero,MON,13,14,4.33,30,30,1,0,0,0,189.0,207,102,91,15,2,74,164,1.49,.283
Alex A Fernandez,CWS,12,8,3.80,30,30,5,2,0,0,203.2,200,98,86,19,0,65,159,1.30,.255
Kevin K Foster,CHC,12,11,4.51,30,28,0,0,0,0,167.2,149,90,84,32,6,65,146,1.28,.240
Pat P Hentgen,TOR,10,14,5.11,30,30,2,0,0,0,200.2,236,129,114,24,5,90,135,1.62,.290
Ken K Hill,CLE,10,8,4.62,30,29,1,0,0,0,185.0,202,107,95,21,1,77,98,1.51,.279
Randy R Johnson,SEA,18,2,2.48,30,30,6,3,0,0,214.1,159,65,59,12,6,65,294,1.05,.201
Bobby B Jones,NYM,10,10,4.19,30,30,3,1,0,0,195.2,209,107,91,20,7,53,127,1.34,.274
Mark M Leiter,SF,10,12,3.82,30,29,7,1,0,0,195.2,185,91,83,19,17,55,129,1.23,.254
Pedro P Martinez,MON,14,10,3.51,30,30,2,2,0,0,194.2,158,79,76,21,11,66,174,1.15,.227
Ramon R Martinez,LA,17,7,3.66,30,30,4,2,0,0,206.1,176,95,84,19,5,81,138,1.25,.231
Jack J Mc Dowell,NYY,15,10,3.93,30,30,8,2,0,0,217.2,211,106,95,25,5,78,157,1.33,.254
Angel A Miranda,MIL,4,5,5.23,30,10,0,0,1,1,74.0,83,47,43,8,0,49,45,1.78,.291
Shane S Reynolds,HOU,10,11,3.47,30,30,3,2,0,0,189.1,196,87,73,15,2,37,175,1.23,.263
Steve S Trachsel,CHC,7,13,5.15,30,29,2,0,0,0,160.2,174,104,92,25,0,76,117,1.56,.277
Bob B Wells,SEA,4,3,5.75,30,4,0,0,0,0,76.2,88,51,49,11,3,39,38,1.66,.284
Wilson W Alvarez,CWS,8,11,4.32,29,29,3,0,0,0,175.0,171,96,84,21,2,93,118,1.51,.258
Steve S Avery,ATL,7,13,4.67,29,29,3,1,0,0,173.1,165,92,90,22,6,52,141,1.25,.252
Steve S Bedrosian,ATL,1,2,6.11,29,0,0,0,0,0,28.0,40,21,19,6,1,12,22,1.86,.354
Frank F Castillo,CHC,11,10,3.21,29,29,2,2,0,0,188.0,179,75,67,22,6,52,135,1.23,.248
Tom T Glavine,ATL,16,7,3.08,29,29,3,1,0,0,198.2,182,76,68,9,5,66,127,1.25,.246
Erik E Hanson,BOS,15,5,4.24,29,29,1,1,0,0,186.2,187,94,88,17,1,59,139,1.32,.258
Kent K Mercker,ATL,7,8,4.15,29,26,0,0,0,0,143.0,140,73,66,16,3,61,102,1.41,.258
Dave D Mlicki,NYM,9,7,4.26,29,25,0,0,0,0,160.2,160,82,76,23,4,54,123,1.33,.256
Terry T Mulholland,SF,5,13,5.80,29,24,2,0,0,0,149.0,190,112,96,25,4,38,65,1.53,.313
Charles C Nagy,CLE,16,6,4.55,29,29,2,1,0,0,178.0,194,95,90,20,6,61,139,1.43,.278
Jaime J Navarro,CHC,14,6,3.28,29,29,1,1,0,0,200.1,194,79,73,19,3,56,128,1.25,.251
Brad B Radke,MIN,11,14,5.32,29,28,2,1,0,0,181.0,195,112,107,32,4,47,75,1.34,.275
Pete P Schourek,CIN,18,7,3.22,29,29,2,0,0,0,190.1,158,72,68,17,8,45,160,1.07,.228
John J Smoltz,ATL,12,7,3.18,29,29,2,1,0,0,192.2,166,76,68,15,4,72,193,1.24,.232
Fernando F Valenzuela,SD,8,3,4.98,29,15,0,0,0,0,90.1,101,53,50,16,0,34,57,1.49,.289
David D Wells,CIN,16,8,3.24,29,29,6,0,0,0,203.0,194,88,73,23,2,53,133,1.22,.251
Kevin K Wickander,MIL,0,0,1.93,29,0,0,0,1,1,23.1,19,6,5,1,1,12,11,1.33,.229
Bobby B Witt,TEX,5,11,4.13,29,29,2,0,0,0,172.0,185,87,79,12,3,68,141,1.47,.278
Joe J Ausanio,NYY,2,0,5.73,28,0,0,0,1,1,37.2,42,24,24,9,0,23,36,1.73,.286
Tim T Belcher,SEA,10,12,4.52,28,28,1,0,0,0,179.1,188,101,90,19,5,88,96,1.54,.269
Sean S Bergman,DET,7,10,5.12,28,28,1,1,0,0,135.1,169,95,77,19,4,67,86,1.74,.307
Terry T Burrows,TEX,2,2,6.45,28,3,0,0,1,1,44.2,60,37,32,11,2,19,22,1.77,.323
Omar O Daal,LA,4,0,7.20,28,0,0,0,0,0,20.0,29,16,16,1,1,15,11,2.20,.354
Al A Leiter,TOR,11,11,3.64,28,28,2,1,0,0,183.0,162,80,74,15,6,108,153,1.48,.238
Derek D Lilliquist,BOS,2,1,6.26,28,0,0,0,0,0,23.0,27,17,16,7,0,9,9,1.57,.303
Greg G Maddux,ATL,19,2,1.63,28,28,10,3,0,0,209.2,147,39,38,8,4,23,181,0.81,.197
Mike M Magnante,KC,1,1,4.23,28,0,0,0,0,0,44.2,45,23,21,6,2,16,28,1.37,.268
Dennis D Martinez,CLE,12,5,3.08,28,28,3,2,0,0,187.0,174,71,64,17,12,46,99,1.18,.247
Mike M Mohler,OAK,1,1,3.04,28,0,0,0,1,1,23.2,16,8,8,0,0,18,15,1.44,.198
Hideo H Nomo,LA,13,6,2.54,28,28,4,3,0,0,191.1,124,63,54,14,5,78,236,1.06,.182
Carlos C Perez,MON,10,8,3.69,28,23,2,1,0,0,141.1,142,61,58,18,5,28,106,1.20,.257
Tim T Pugh,CIN,6,5,3.84,28,12,0,0,0,0,98.1,100,46,42,13,1,32,38,1.34,.267
Pat P Rapp,FLA,14,7,3.44,28,28,3,2,0,0,167.1,158,72,64,10,7,76,102,1.40,.253
Ken K Ryan,BOS,0,4,4.96,28,0,0,0,7,7,32.2,34,20,18,4,1,24,34,1.78,.268
Scott S Service,SF,3,1,3.19,28,0,0,0,0,0,31.0,18,11,11,4,2,20,30,1.23,.176
John J Smiley,CIN,12,5,3.46,28,27,1,0,0,0,176.2,173,72,68,11,4,39,124,1.20,.263
David D Weathers,FLA,4,5,5.98,28,15,0,0,0,0,90.1,104,68,60,8,5,52,60,1.73,.295
Jason J Bere,CWS,8,15,7.19,27,27,1,0,0,0,137.2,151,120,110,21,6,106,110,1.87,.277
Mark M Dewey,SF,1,0,3.13,27,0,0,0,0,0,31.2,30,12,11,2,0,17,32,1.48,.254
Sterling S Hitchcock,NYY,11,10,4.70,27,27,4,1,0,0,168.1,155,91,88,22,5,68,121,1.32,.245
Jamie J Moyer,BAL,8,6,5.21,27,18,0,0,0,0,115.2,117,70,67,18,3,30,65,1.27,.265
Mike M Oquist,BAL,2,1,4.17,27,0,0,0,0,0,54.0,51,27,25,6,2,41,27,1.70,.246
Ross R Powell,PIT,0,2,6.98,27,3,0,0,0,0,29.2,36,26,23,6,2,21,20,1.92,.298
Al A Reyes,MIL,1,1,2.70,27,0,0,0,1,1,33.1,19,10,10,3,3,18,29,1.11,.167
Tim T Wakefield,BOS,16,8,2.95,27,27,6,1,0,0,195.1,163,76,64,22,9,68,119,1.18,.227
Scott S Watkins,MIN,0,0,5.40,27,0,0,0,0,0,21.2,22,14,13,2,0,11,11,1.52,.278
Kevin K Brown,BAL,10,9,3.60,26,26,3,1,0,0,172.1,155,73,69,10,9,48,117,1.18,.241
Tyler T Green,PHI,8,9,5.31,26,25,4,2,0,0,140.2,157,86,83,15,4,66,85,1.59,.290
Mike M Harkey,CAL,8,9,5.44,26,20,1,0,0,0,127.1,155,78,77,24,4,47,56,1.59,.302
Dustin D Hermanson,SD,3,1,6.82,26,0,0,0,0,0,31.2,35,26,24,8,1,22,19,1.80,.280
Orel O Hershiser,CLE,16,6,3.87,26,26,1,1,0,0,167.1,151,76,72,21,5,51,111,1.21,.244
Mark M Petkovsek,STL,6,6,4.00,26,21,1,1,0,0,137.1,136,71,61,11,6,35,71,1.25,.262
Sid S Roberson,MIL,6,4,5.76,26,13,0,0,0,0,84.1,102,55,54,16,8,37,40,1.65,.307
Willie W Banks,FLA,2,6,5.66,25,15,0,0,0,0,90.2,106,71,57,14,2,58,62,1.81,.294
Bryan B Eversgerd,MON,0,0,5.14,25,0,0,0,0,0,21.0,22,13,12,2,1,9,8,1.48,.268
Dave D Fleming,KC,1,6,5.96,25,12,1,0,0,0,80.0,84,61,53,19,2,53,40,1.71,.269
Jim J Gott,PIT,2,4,6.03,25,0,0,0,3,3,31.1,38,26,21,2,1,12,19,1.60,.288
Chris C Hammond,FLA,9,6,3.80,25,24,3,2,0,0,161.0,157,73,68,17,9,47,126,1.27,.256
Mike M Ignasiak,MIL,4,1,5.90,25,0,0,0,0,0,39.2,51,27,26,5,2,23,26,1.87,.325
Scott S Karl,MIL,6,7,4.14,25,18,1,0,0,0,124.0,141,65,57,10,3,50,59,1.54,.288
Darryl D Kile,HOU,4,12,4.96,25,21,0,0,0,0,127.0,114,81,70,5,12,73,113,1.47,.240
Pedro P Martinez,HOU,0,0,7.40,25,0,0,0,0,0,20.2,29,18,17,3,2,16,17,2.18,.330
Mike M Moore,DET,5,15,7.53,25,25,1,0,0,0,132.2,179,118,111,24,2,68,64,1.86,.323
Rich R Robertson,MIN,2,0,3.83,25,4,1,0,0,0,51.2,48,28,22,4,0,31,38,1.53,.253
Frankie F Rodriguez,MIN,5,8,6.13,25,18,0,0,0,0,105.2,114,83,72,11,5,57,59,1.62,.277
Bret B Saberhagen,COL,7,6,4.18,25,25,3,0,0,0,153.0,165,78,71,21,10,33,100,1.29,.273
Jim J Bullinger,CHC,12,8,4.14,24,24,1,1,0,0,150.0,152,80,69,14,9,65,93,1.45,.265
Danny D Cox,TOR,1,3,7.40,24,0,0,0,0,0,45.0,57,40,37,4,1,33,38,2.00,.317
Juan J Guzman,TOR,4,14,6.32,24,24,3,0,0,0,135.1,151,101,95,13,3,73,94,1.66,.281
Mike M Hampton,HOU,9,8,3.35,24,24,0,0,0,0,150.2,141,73,56,13,4,49,115,1.26,.247
Gene G Harris,BAL,2,2,4.30,24,0,0,0,0,0,23.0,23,11,11,2,0,9,13,1.39,.261
Mark M Kiefer,MIL,4,1,3.44,24,0,0,0,0,0,49.2,37,20,19,6,0,27,41,1.29,.203
Scott S Klingenbeck,MIN,2,4,7.12,24,9,0,0,0,0,79.2,101,65,63,22,4,42,42,1.79,.314
Zane Z Smith,BOS,8,8,5.61,24,21,0,0,0,0,110.2,144,78,69,7,1,23,47,1.51,.316
Dilson D Torres,KC,1,2,6.09,24,2,0,0,0,0,44.1,56,30,30,6,1,17,28,1.65,.311
Tom T Urbani,STL,3,5,3.70,24,13,0,0,0,0,82.2,99,40,34,11,2,21,52,1.45,.305
Roger R Clemens,BOS,10,5,4.18,23,23,0,0,0,0,140.0,141,70,65,15,14,60,132,1.44,.259
Alan A Embree,CLE,3,2,5.11,23,0,0,0,1,1,24.2,23,16,14,2,0,16,23,1.58,.253
Vaughn V Eshelman,BOS,6,3,4.85,23,14,0,0,0,0,81.2,86,47,44,3,1,36,41,1.49,.272
Lee L Guetterman,SEA,0,0,6.88,23,0,0,0,1,1,17.0,21,13,13,1,3,11,11,1.88,.300
Brian B Keyser,CWS,5,6,4.97,23,10,0,0,0,0,92.1,114,53,51,10,2,27,48,1.53,.306
Josias J Manzanillo,NYY,1,2,4.86,23,0,0,0,0,0,33.1,37,19,18,4,2,15,25,1.56,.276
T. J. T Mathews,STL,1,1,1.52,23,0,0,0,2,2,29.2,21,7,5,1,0,11,28,1.08,.200
Gregg G Olson,KC,3,3,4.09,23,0,0,0,3,3,33.0,28,15,15,4,0,19,21,1.42,.235
Woody W Williams,TOR,1,2,3.69,23,3,0,0,0,0,53.2,44,23,22,6,2,28,41,1.34,.220
Mike M Bielecki,CAL,4,6,5.97,22,11,0,0,0,0,75.1,80,56,50,15,3,31,45,1.47,.273
Mark M Clark,CLE,9,7,5.27,22,21,2,0,0,0,124.2,143,77,73,13,4,42,68,1.48,.288
Willie W Fraser,MON,2,1,5.61,22,0,0,0,2,2,25.2,25,17,16,6,3,9,12,1.32,.248
Marvin M Freeman,COL,3,7,5.89,22,18,0,0,0,0,94.2,122,64,62,15,2,41,61,1.72,.318
Steve S Ontiveros,OAK,9,6,4.37,22,22,2,1,0,0,129.2,144,75,63,12,4,38,77,1.40,.283
Ron R Darling,OAK,4,7,6.23,21,21,1,0,0,0,104.0,124,79,72,16,4,46,69,1.63,.296
Butch B Henry,MON,7,9,2.84,21,21,1,1,0,0,126.2,133,47,40,11,2,28,60,1.27,.275
Richie R Lewis,FLA,0,1,3.75,21,1,0,0,0,0,36.0,30,15,15,9,1,15,32,1.25,.224
Jon J Lieber,PIT,4,7,6.32,21,12,0,0,0,0,72.2,103,56,51,7,4,14,45,1.61,.346
Paul P Menhart,TOR,1,4,4.92,21,9,1,0,0,0,78.2,72,49,43,9,6,47,50,1.51,.248
Alan A Mills,BAL,3,0,7.43,21,0,0,0,0,0,23.0,30,20,19,4,2,18,16,2.09,.309
Mike M Morgan,STL,7,7,3.56,21,21,1,0,0,0,131.1,133,56,52,12,6,34,61,1.27,.271
Ken K Robinson,TOR,1,2,3.69,21,0,0,0,0,0,39.0,25,21,16,7,2,22,31,1.21,.179
Bob B Tewksbury,TEX,8,7,4.58,21,21,4,1,0,0,129.2,169,75,66,8,3,20,53,1.46,.319
Mark M Thompson,COL,2,3,6.53,21,5,0,0,0,0,51.0,73,42,37,7,1,22,30,1.86,.349
Allen A Watson,STL,7,9,4.96,21,19,0,0,0,0,114.1,126,68,63,17,5,41,49,1.46,.285
Scott S Bankhead,NYY,1,1,6.00,20,1,0,0,0,0,39.0,44,26,26,9,0,16,20,1.54,.278
Shawn S Boskie,CAL,7,7,5.64,20,20,1,0,0,0,111.2,127,73,70,16,7,25,51,1.36,.281
Danny D Darwin,TEX,3,10,7.45,20,15,1,0,0,0,99.0,131,87,82,25,4,31,58,1.64,.323
Greg G Hansell,LA,0,1,7.45,20,0,0,0,0,0,19.1,29,17,16,5,2,6,13,1.81,.349
Jason J Jacome,KC,4,10,6.34,20,19,1,0,0,0,105.0,134,76,74,18,2,36,50,1.62,.312
C. J. C Nitkowski,DET,2,7,6.66,20,18,0,0,0,0,71.2,94,57,53,11,5,35,31,1.80,.322
Chad C Ogea,CLE,8,3,3.05,20,14,1,0,0,0,106.1,95,38,36,11,1,29,57,1.17,.234
Vicente V Palacios,STL,2,3,5.80,20,5,0,0,0,0,40.1,48,29,26,7,2,19,34,1.66,.300
Jose J Parra,MIN,1,5,7.13,20,12,0,0,0,0,72.0,93,67,57,13,3,28,36,1.68,.306
Armando A Reynoso,COL,7,7,5.32,20,18,0,0,0,0,93.0,116,61,55,12,5,36,40,1.63,.316
Salomon S Torres,SEA,3,9,6.30,20,14,1,0,0,0,80.0,100,61,56,16,2,49,47,1.86,.301
Mike M Trombley,MIN,4,8,5.62,20,18,0,0,0,0,97.2,107,68,61,18,3,42,68,1.53,.273
Mitch M Williams,CAL,1,2,6.75,20,0,0,0,0,0,10.2,13,10,8,1,2,21,9,3.19,.317
Glenn G Dishman,SD,4,8,5.01,19,16,0,0,0,0,97.0,104,60,54,11,4,34,43,1.42,.278
John J Ericks,PIT,3,9,4.58,19,18,1,0,0,0,106.0,108,59,54,7,2,50,80,1.49,.263
Sid S Fernandez,PHI,6,5,4.56,19,18,0,0,0,0,92.2,84,51,47,20,1,38,110,1.32,.235
Brian B Givens,MIL,5,7,4.95,19,19,0,0,0,0,107.1,116,71,59,11,3,54,73,1.58,.275
John J Hudek,HOU,2,2,5.40,19,0,0,0,7,7,20.0,19,12,12,3,0,5,29,1.20,.247
Danny D Jackson,STL,2,12,5.90,19,19,2,1,0,0,100.2,120,82,66,10,6,48,52,1.67,.303
Kevin K Jarvis,CIN,3,4,5.70,19,11,1,1,0,0,79.0,91,56,50,13,3,32,33,1.56,.292
Donovan D Osborne,STL,4,6,3.81,19,19,0,0,0,0,113.1,112,58,48,17,2,34,82,1.29,.260
Arthur A Rhodes,BAL,2,5,6.21,19,9,0,0,0,0,75.1,68,53,52,13,0,48,77,1.54,.239
Mariano M Rivera,NYY,5,3,5.51,19,10,0,0,0,0,67.0,71,43,41,11,2,30,51,1.51,.266
Jimmy J Rogers,TOR,2,4,5.70,19,0,0,0,0,0,23.2,21,15,15,4,0,18,13,1.65,.239
Bill B Swift,COL,9,3,4.94,19,19,0,0,0,0,105.2,122,62,58,12,1,43,68,1.56,.296
Don D Wengert,OAK,1,1,3.34,19,0,0,0,0,0,29.2,30,14,11,3,1,12,16,1.42,.263
Gabe G White,MON,1,2,7.01,19,1,0,0,0,0,25.2,26,21,20,7,1,9,25,1.36,.260
Kyle K Abbott,PHI,2,0,3.81,18,0,0,0,0,0,28.1,28,12,12,3,0,16,21,1.55,.267
Terry T Adams,CHC,1,1,6.50,18,0,0,0,1,1,18.0,22,15,13,0,0,10,15,1.78,.289
Brian B Anderson,CAL,6,8,5.87,18,17,1,0,0,0,99.2,110,66,65,24,3,30,45,1.40,.282
Reid R Cornelius,NYM,3,7,5.54,18,10,0,0,0,0,66.2,75,44,41,11,3,30,39,1.58,.288
Rich R Garces,FLA,0,2,4.44,18,0,0,0,0,0,24.1,25,15,12,1,0,11,22,1.48,.260
Pat P Gomez,SF,0,0,5.14,18,0,0,0,0,0,14.0,16,8,8,2,0,12,15,2.00,.276
Pete P Harnisch,NYM,2,8,3.68,18,18,0,0,0,0,110.0,111,55,45,13,3,24,82,1.23,.261
William W Van Landingham,SF,6,3,3.67,18,18,1,0,0,0,122.2,124,58,50,14,2,40,95,1.34,.264
Juan J Acevedo,COL,4,6,6.44,17,11,0,0,0,0,65.2,82,53,47,15,6,20,40,1.55,.317
Paul P Byrd,NYM,2,0,2.05,17,0,0,0,0,0,22.0,18,6,5,1,1,7,26,1.14,.222
Joey J Eischen,LA,0,0,3.10,17,0,0,0,0,0,20.1,19,9,7,1,2,11,15,1.48,.232
Joe J Grahe,COL,4,3,5.08,17,9,0,0,0,0,56.2,69,42,32,6,3,27,27,1.69,.301
Darren D Hall,TOR,0,2,4.41,17,0,0,0,3,3,16.1,21,9,8,2,0,9,11,1.84,.309
Scott S Kamieniecki,NYY,7,6,4.01,17,16,1,0,0,0,89.2,83,43,40,8,3,49,43,1.47,.246
Darren D Oliver,TEX,4,2,4.22,17,7,0,0,0,0,49.0,47,25,23,3,1,32,39,1.61,.257
Bill B Pulsipher,NYM,5,7,3.98,17,17,2,0,0,0,126.2,122,58,56,11,4,45,81,1.32,.255
Scott S Sanders,SD,5,5,4.30,17,15,1,0,0,0,90.0,79,46,43,14,2,31,88,1.22,.228
Bob B Scanlan,MIL,4,7,6.59,17,14,0,0,0,0,83.1,101,66,61,9,7,44,29,1.74,.304
Curt C Schilling,PHI,7,5,3.57,17,17,1,0,0,0,116.0,96,52,46,12,3,26,114,1.05,.220
Larry L Thomas,CWS,0,0,1.32,17,0,0,0,0,0,13.2,8,2,2,1,0,6,12,1.02,.167
Trevor T Wilson,SF,3,4,3.92,17,17,0,0,0,0,82.2,82,42,36,8,4,38,38,1.45,.269
John J Briscoe,OAK,0,1,8.35,16,0,0,0,0,0,18.1,25,17,17,4,2,21,19,2.51,.347
Chris C Haney,KC,3,4,3.65,16,13,1,0,0,0,81.1,78,35,33,7,2,33,31,1.36,.262
Omar O Olivares,PHI,1,4,6.91,16,6,0,0,0,0,41.2,55,34,32,5,3,23,22,1.87,.333
Dave D Stewart,OAK,3,7,6.89,16,16,0,0,0,0,81.0,101,65,62,11,2,39,58,1.73,.305
Todd T Williams,LA,2,2,5.12,16,0,0,0,0,0,19.1,19,11,11,3,0,7,8,1.34,.264
Rafael R Carmona,SEA,2,4,5.66,15,3,0,0,1,1,47.2,55,31,30,9,2,34,28,1.87,.293
Jim J Converse,KC,1,3,6.56,15,1,0,0,1,1,23.1,28,17,17,2,0,16,14,1.89,.308
Jason J Grimsley,CLE,0,0,6.09,15,2,0,0,1,1,34.0,37,24,23,4,2,32,25,2.03,.289
Ricardo R Jordan,TOR,1,0,6.60,15,0,0,0,1,1,15.0,18,11,11,3,2,13,10,2.07,.305
Jose J Lima,DET,3,9,6.11,15,15,0,0,0,0,73.2,85,52,50,10,4,18,37,1.40,.288
Steve S Parris,PIT,6,6,5.38,15,15,1,1,0,0,82.0,89,49,49,12,7,33,61,1.49,.283
Bryan B Rekar,COL,4,6,4.98,15,14,1,0,0,0,85.0,95,51,47,11,3,24,60,1.40,.282
Rick R White,PIT,2,3,4.75,15,9,0,0,0,0,55.0,66,33,29,3,2,18,29,1.53,.299
Ben B Blomdahl,DET,0,0,7.77,14,0,0,0,1,1,24.1,36,21,21,5,0,13,15,2.01,.356
Don D Florence,NYM,3,0,1.50,14,0,0,0,0,0,12.0,17,3,2,0,0,6,5,1.92,.340
John J Frascatore,STL,1,1,4.41,14,4,0,0,0,0,32.2,39,19,16,3,2,16,21,1.68,.298
Edwin E Hurtado,TOR,5,2,5.45,14,10,1,0,0,0,77.2,81,50,47,11,5,40,33,1.56,.275
Jason J Isringhausen,NYM,9,2,2.81,14,14,1,0,0,0,93.0,88,29,29,6,2,31,55,1.28,.254
Ben B Mc Donald,BAL,3,6,4.16,14,13,1,0,0,0,80.0,67,40,37,10,3,38,62,1.31,.224
Steve S Mintz,SF,1,2,7.45,14,0,0,0,0,0,19.1,26,16,16,4,2,12,7,1.97,.329
Rob R Murphy,FLA,1,2,10.95,14,0,0,0,0,0,12.1,14,16,15,3,0,8,7,1.78,.292
Brad B Pennington,CIN,0,1,6.61,14,0,0,0,0,0,16.1,12,15,12,1,1,22,17,2.08,.218
Ariel A Prieto,OAK,2,6,4.97,14,9,1,0,0,0,58.0,57,35,32,4,5,32,37,1.53,.264
Jose J Rijo,CIN,5,4,4.17,14,14,0,0,0,0,69.0,76,33,32,6,0,22,62,1.42,.285
Bill B Simas,CWS,1,1,2.57,14,0,0,0,0,0,14.0,15,5,4,1,1,10,16,1.79,.273
Steve S Wojciechowski,OAK,2,3,5.18,14,7,0,0,0,0,48.2,51,28,28,7,1,28,13,1.62,.273
Jamie J Brewington,SF,6,4,4.54,13,13,0,0,0,0,75.1,68,38,38,8,4,45,45,1.50,.245
Melvin M Bunch,KC,1,3,5.63,13,5,0,0,0,0,40.0,42,25,25,11,0,14,19,1.40,.261
Atlee A Hammaker,CWS,0,0,12.79,13,0,0,0,0,0,6.1,11,9,9,2,1,8,3,3.00,.393
Jeff J Juden,PHI,2,4,4.02,13,10,1,0,0,0,62.2,53,31,28,6,5,31,47,1.34,.235
Rick R Krivda,BAL,2,7,4.54,13,13,1,0,0,0,75.1,76,40,38,9,4,25,53,1.34,.266
Mike M Myers,DET,1,0,7.56,13,0,0,0,0,0,8.1,11,7,7,1,2,7,4,2.16,.344
Chris C Nichting,TEX,0,0,7.03,13,0,0,0,0,0,24.1,36,19,19,1,1,13,6,2.01,.343
Melido M Perez,NYY,5,5,5.58,13,12,1,0,0,0,69.1,70,46,43,10,1,31,44,1.46,.261
Sergio S Valdez,SF,4,5,4.75,13,11,1,0,0,0,66.1,78,43,35,12,3,17,29,1.43,.298
Pete P Walker,NYM,1,0,4.58,13,0,0,0,0,0,17.2,24,9,9,3,0,5,5,1.64,.329
Jose J Alberro,TEX,0,0,7.40,12,0,0,0,0,0,20.2,26,18,17,2,1,12,10,1.84,.299
Giovanni G Carrara,TOR,2,4,7.21,12,7,1,0,0,0,48.2,64,46,39,10,1,25,27,1.83,.322
Mark M Holzemer,CAL,0,1,5.40,12,0,0,0,0,0,8.1,11,6,5,1,1,7,5,2.16,.306
Bill B Krueger,SEA,2,1,6.18,12,5,0,0,0,0,27.2,50,23,19,5,0,8,16,2.10,.397
Matt M Mantei,FLA,0,1,4.73,12,0,0,0,0,0,13.1,12,8,7,1,0,13,15,1.88,.245
Jeff J Pierce,BOS,0,3,6.60,12,0,0,0,0,0,15.0,16,12,11,0,0,14,12,2.00,.286
Joe J Slusarski,MIL,1,1,5.40,12,0,0,0,0,0,15.0,21,11,9,3,2,6,6,1.80,.333
Bud B Black,CLE,4,2,6.85,11,10,0,0,0,0,47.1,63,42,36,8,0,16,34,1.67,.317
Mark M Brandenburg,TEX,0,1,5.93,11,0,0,0,0,0,27.1,36,18,18,5,1,7,21,1.57,.316
Tommy T Greene,PHI,0,5,8.29,11,6,0,0,0,0,33.2,45,32,31,6,3,20,24,1.93,.319
Lee L Hancock,PIT,0,0,1.93,11,0,0,0,0,0,14.0,10,3,3,0,0,2,6,0.86,.196
Doug D Johns,OAK,5,3,4.61,11,9,1,1,0,0,54.2,44,32,28,5,5,26,25,1.28,.226
Craig C Mc Murtry,HOU,0,1,7.84,11,0,0,0,0,0,10.1,15,11,9,0,1,9,4,2.32,.357
Felix F Rodriguez,LA,1,1,2.53,11,0,0,0,0,0,10.2,11,3,3,2,0,5,5,1.50,.275
Mo M Sanford,MIN,0,0,5.30,11,0,0,0,0,0,18.2,16,11,11,7,2,16,17,1.71,.225
Curt C Schmidt,MON,0,0,6.97,11,0,0,0,0,0,10.1,15,8,8,1,2,9,7,2.32,.357
Pete P Smith,CIN,1,2,6.66,11,2,0,0,0,0,24.1,30,19,18,8,1,7,14,1.52,.319
Carlos C Valdez,SF,0,1,6.14,11,0,0,0,0,0,14.2,19,10,10,1,1,8,7,1.84,.322
Paul P Fletcher,PHI,1,0,5.40,10,0,0,0,0,0,13.1,15,8,8,2,1,9,10,1.80,.288
Greg G Gohr,DET,1,0,0.87,10,0,0,0,0,0,10.1,9,1,1,0,0,3,12,1.16,.243
Dwayne D Henry,DET,1,0,6.23,10,0,0,0,5,5,8.2,11,6,6,0,0,10,9,2.42,.306
Jamie J Mc Andrew,MIL,2,3,4.71,10,4,0,0,0,0,36.1,37,21,19,2,1,12,19,1.35,.266
Oscar O Munoz,MIN,2,1,5.60,10,3,0,0,0,0,35.1,40,28,22,6,1,17,25,1.61,.276
Dave D Righetti,CWS,3,2,4.20,10,9,0,0,0,0,49.1,65,24,23,6,0,18,29,1.68,.325
Johnny J Ruffin,CIN,0,0,1.35,10,0,0,0,0,0,13.1,4,3,2,0,0,11,11,1.13,.093
A. J. A Sager,COL,0,0,7.36,10,0,0,0,0,0,14.2,19,16,12,1,0,7,10,1.77,.311
Gary G Wilson,PIT,0,1,5.02,10,0,0,0,0,0,14.1,13,8,8,2,2,5,8,1.26,.241
Brian B Barber,STL,2,1,5.22,9,4,0,0,0,0,29.1,31,17,17,4,0,16,27,1.60,.279
Jim J Bruske,LA,0,0,4.50,9,0,0,0,1,1,10.0,12,7,5,0,1,4,5,1.60,.300
Mike M Gardiner,DET,0,0,14.59,9,0,0,0,0,0,12.1,27,20,20,5,0,2,7,2.35,.458
Rich R Monteleone,CAL,1,0,2.00,9,0,0,0,0,0,9.0,8,2,2,1,0,3,5,1.22,.267
Jay J Powell,FLA,0,0,1.08,9,0,0,0,0,0,8.1,7,2,1,0,2,6,4,1.56,.241
Joe J Rosselli,SF,2,1,8.70,9,5,0,0,0,0,30.0,39,29,29,5,0,20,7,1.97,.342
Kirk K Rueter,MON,5,3,3.23,9,9,1,1,0,0,47.1,38,17,17,3,1,9,28,0.99,.224
Jason J Schmidt,ATL,2,2,5.76,9,2,0,0,0,0,25.0,27,17,16,2,1,18,19,1.80,.287
Brad B Woodall,ATL,1,1,6.10,9,0,0,0,0,0,10.1,13,10,7,1,0,8,5,2.03,.310
Tim T Worrell,SD,1,0,4.73,9,0,0,0,0,0,13.1,16,7,7,2,1,6,13,1.65,.291
Tavo T Alvarez,MON,1,5,6.75,8,8,0,0,0,0,37.1,46,30,28,2,3,14,17,1.61,.297
Rodney R Bolton,CWS,0,2,8.18,8,3,0,0,0,0,22.0,33,23,20,4,0,14,10,2.14,.351
Jeff J Bronkey,MIL,0,0,3.65,8,0,0,0,0,0,12.1,15,6,5,0,0,6,5,1.70,.313
Matt M Dunbar,FLA,0,1,11.57,8,0,0,0,0,0,7.0,12,9,9,0,1,11,5,3.29,.387
Kenny K Greer,SF,0,2,5.25,8,0,0,0,0,0,12.0,15,12,7,3,1,5,7,1.67,.288
Mike M Hartley,BAL,1,0,5.14,8,0,0,0,0,0,14.0,13,8,8,1,2,3,6,1.14,.265
Jeff J Suppan,BOS,1,2,5.96,8,3,0,0,0,0,22.2,29,15,15,4,0,5,19,1.50,.312
David D West,PHI,3,2,3.79,8,8,0,0,0,0,38.0,34,17,16,5,1,19,25,1.39,.241
Brian B Boehringer,NYY,0,3,13.75,7,3,0,0,0,0,17.2,24,27,27,5,1,22,10,2.60,.320
Ken K Edenfield,CAL,0,0,4.26,7,0,0,0,0,0,12.2,15,7,6,1,0,5,6,1.58,.300
Greg G Harris,MIN,0,5,8.82,7,6,0,0,0,0,32.2,50,35,32,5,0,16,21,2.02,.355
Jeremy J Hernandez,FLA,0,0,11.57,7,0,0,0,0,0,7.0,12,9,9,2,1,3,5,2.14,.400
Rick R Huisman,KC,0,0,7.45,7,0,0,0,0,0,9.2,14,8,8,2,0,1,12,1.55,.333
Doug D Linton,KC,0,1,7.25,7,2,0,0,0,0,22.1,22,21,18,4,2,10,13,1.43,.256
Isidro I Marquez,CWS,0,1,6.75,7,0,0,0,0,0,6.2,9,5,5,3,0,2,8,1.65,.321
Mike M Remlinger,CIN,0,1,6.75,7,0,0,0,0,0,6.2,9,6,5,1,0,5,7,2.10,.321
Chuck C Ricci,PHI,1,0,1.80,7,0,0,0,0,0,10.0,9,2,2,0,1,3,9,1.20,.273
Roberto R Rivera,CHC,0,0,5.40,7,0,0,0,0,0,5.0,8,3,3,1,0,2,2,2.00,.381
Scott S Sanderson,CAL,1,3,4.12,7,7,0,0,0,0,39.1,48,23,18,6,2,4,23,1.32,.298
Paul P Shuey,CLE,0,2,4.26,7,0,0,0,0,0,6.1,5,4,3,0,0,5,5,1.58,.238
Aaron A Small,FLA,1,0,1.42,7,0,0,0,0,0,6.1,7,2,1,1,0,6,5,2.05,.269
Dave D Swartzbaugh,CHC,0,0,0.00,7,0,0,0,0,0,7.1,5,2,0,0,0,3,5,1.09,.208
Dave D Telgheder,NYM,1,2,5.61,7,4,0,0,0,0,25.2,34,18,16,4,0,7,16,1.60,.318
Ugueth U Urbina,MON,2,2,6.17,7,4,0,0,0,0,23.1,26,17,16,6,0,14,15,1.71,.280
Bob B Wolcott,SEA,3,2,4.42,7,6,0,0,0,0,36.2,43,18,18,6,2,14,19,1.55,.297
Scott S Anderson,KC,1,0,5.33,6,4,0,0,0,0,25.1,29,15,15,3,1,8,6,1.46,.290
James J Baldwin,CWS,0,1,12.89,6,4,0,0,0,0,14.2,32,22,21,6,0,9,10,2.80,.444
Joe J Borowski,BAL,0,0,1.23,6,0,0,0,0,0,7.1,5,1,1,0,0,4,3,1.23,.192
Kevin K Campbell,MIN,0,0,4.66,6,0,0,0,0,0,9.2,8,5,5,0,0,5,5,1.34,.235
Doug D Creek,STL,0,0,0.00,6,0,0,0,0,0,6.2,2,0,0,0,0,3,10,0.75,.095
Jim J Dedrick,BAL,0,0,2.35,6,0,0,0,0,0,7.2,8,2,2,1,1,6,3,1.83,.308
Chris C Eddy,OAK,0,0,7.36,6,0,0,0,0,0,3.2,7,3,3,0,2,2,2,2.45,.438
La Troy L Hawkins,MIN,2,3,8.67,6,6,1,0,0,0,27.0,39,29,26,3,1,12,9,1.89,.339
Wilson W Heredia,TEX,0,1,3.75,6,0,0,0,0,0,12.0,9,5,5,2,0,15,6,2.00,.225
Vince V Horsman,MIN,0,0,7.00,6,0,0,0,0,0,9.0,12,8,7,2,0,4,4,1.78,.333
Kevin K Lomon,NYM,0,1,6.75,6,0,0,0,0,0,9.1,17,8,7,0,0,5,6,2.36,.405
Albie A Lopez,CLE,0,0,3.13,6,2,0,0,0,0,23.0,17,8,8,4,1,7,22,1.04,.205
Matt M Murray,BOS,0,3,9.64,6,2,0,0,0,0,14.0,21,18,15,4,1,8,4,2.07,.350
Rich R Scheid,FLA,0,0,6.10,6,0,0,0,0,0,10.1,14,7,7,1,0,7,10,2.03,.341
Aaron A Sele,BOS,3,1,3.06,6,6,0,0,0,0,32.1,32,14,11,3,3,14,21,1.42,.252
Mike M Sirotka,CWS,1,2,4.19,6,6,0,0,0,0,34.1,39,16,16,2,0,17,19,1.63,.298
Clint C Sodowsky,DET,2,2,5.01,6,6,0,0,0,0,23.1,24,15,13,4,0,18,14,1.80,.258
Donne D Wall,HOU,3,1,5.55,6,5,0,0,0,0,24.1,33,19,15,5,0,5,16,1.56,.320
Luis L Andujar,CWS,2,1,3.26,5,5,0,0,0,0,30.1,26,12,11,4,1,14,9,1.32,.230
Enrique E Burgos,SF,0,0,8.64,5,0,0,0,0,0,8.1,14,8,8,1,1,6,12,2.40,.378
Brad B Cornett,TOR,0,0,9.00,5,0,0,0,0,0,5.0,9,6,5,1,1,3,4,2.40,.429
Tim T Davis,SEA,2,1,6.38,5,5,0,0,0,0,24.0,30,21,17,2,0,18,19,2.00,.306
Tom T Edens,CHC,1,0,6.00,5,0,0,0,0,0,3.0,6,4,2,0,0,3,2,3.00,.400
Hector H Fajardo,TEX,0,0,7.80,5,0,0,0,0,0,15.0,19,13,13,2,1,5,9,1.60,.311
Jimmy J Key,NYY,1,2,5.64,5,5,0,0,0,0,30.1,40,20,19,3,0,6,14,1.52,.323
Andrew A Lorraine,CWS,0,0,3.38,5,0,0,0,0,0,8.0,3,3,3,0,1,2,5,0.63,.111
Ravelo R Manzanillo,PIT,0,0,4.91,5,0,0,0,0,0,3.2,3,3,2,0,1,2,1,1.36,.231
Tim T Mauser,SD,0,1,9.53,5,0,0,0,0,0,5.2,4,6,6,0,0,9,9,2.29,.190
Jose J Mercedes,MIL,0,1,9.82,5,0,0,0,0,0,7.1,12,9,8,1,0,8,6,2.73,.375
Ramon R Morel,PIT,0,1,2.84,5,0,0,0,0,0,6.1,6,2,2,0,0,2,3,1.26,.300
Rod R Nichols,ATL,0,0,5.40,5,0,0,0,0,0,6.2,14,11,4,3,0,5,3,2.85,.424
Dennis D Rasmussen,KC,0,1,9.00,5,1,0,0,0,0,10.0,13,10,10,3,0,8,6,2.10,.302
Jeff J Ware,TOR,2,1,5.47,5,5,0,0,0,0,26.1,28,18,16,2,1,21,18,1.86,.277
John J Wasdin,OAK,1,1,4.67,5,2,0,0,0,0,17.1,14,9,9,4,1,3,6,0.98,.215
Pat P Ahearne,DET,0,2,11.70,4,3,0,0,0,0,10.0,20,13,13,2,0,5,4,2.50,.400
Mike M Bertotti,CWS,1,1,12.56,4,4,0,0,0,0,14.1,23,20,20,6,3,11,15,2.37,.365
Mike M Birkbeck,NYM,0,1,1.63,4,4,0,0,0,0,27.2,22,5,5,2,0,2,14,0.87,.220
Ryan R Bowen,FLA,2,0,3.78,4,3,0,0,0,0,16.2,23,11,7,3,0,12,15,2.10,.329
Andy A Carter,PHI,0,0,6.14,4,0,0,0,0,0,7.1,4,5,5,3,1,2,6,0.82,.167
Dave D Eiland,NYY,1,1,6.30,4,1,0,0,0,0,10.0,16,10,7,1,1,3,6,1.90,.348
Cal C Eldred,MIL,1,1,3.42,4,4,0,0,0,0,23.2,24,10,9,4,1,10,18,1.44,.261
Jimmy J Haynes,BAL,2,1,2.25,4,3,0,0,0,0,24.0,11,6,6,2,0,12,22,0.96,.136
Chris C Howard,TEX,0,0,0.00,4,0,0,0,0,0,4.0,3,0,0,0,0,1,2,1.00,.231
Joel J Johnston,BOS,0,1,11.25,4,0,0,0,0,0,4.0,2,5,5,1,1,3,4,1.25,.143
John J Johnstone,FLA,0,0,3.86,4,0,0,0,0,0,4.2,7,2,2,1,0,2,3,1.93,.333
Dave D Pavlas,NYY,0,0,3.18,4,0,0,0,0,0,5.2,8,2,2,0,0,0,3,1.41,.333
Rick R Reed,CIN,0,0,5.82,4,3,0,0,0,0,17.0,18,12,11,5,0,3,10,1.24,.273
Scott S Ruffcorn,CWS,0,0,7.88,4,0,0,0,0,0,8.0,10,7,7,0,2,13,5,2.88,.333
Dennis D Springer,PHI,0,3,4.84,4,4,0,0,0,0,22.1,21,15,12,3,1,9,15,1.34,.256
J. J Thobe,MON,0,0,9.00,4,0,0,0,0,0,4.0,6,4,4,0,0,3,0,2.25,.333
Tim T Van Egmond,BOS,0,1,9.45,4,1,0,0,0,0,6.2,9,7,7,2,0,6,5,2.25,.310
Duane D Ward,TOR,0,1,27.00,4,0,0,0,0,0,2.2,11,10,8,0,1,5,3,6.00,.579
Cory C Bailey,STL,0,0,7.36,3,0,0,0,0,0,3.2,2,3,3,0,0,2,5,1.09,.154
Brian B Bark,BOS,0,0,0.00,3,0,0,0,0,0,2.1,2,0,0,0,0,1,0,1.29,.286
Alan A Benes,STL,1,2,8.44,3,3,0,0,0,0,16.0,24,15,15,2,1,4,20,1.75,.343
Scott S Davison,SEA,0,0,6.23,3,0,0,0,0,0,4.1,7,3,3,1,0,1,3,1.85,.350
Shawn S Estes,SF,0,3,6.75,3,3,0,0,0,0,17.1,16,14,13,2,1,5,14,1.21,.229
Rick R Helling,TEX,0,2,6.57,3,3,0,0,0,0,12.1,17,11,9,2,2,8,5,2.03,.340
John J Hope,PIT,0,0,30.86,3,0,0,0,0,0,2.1,8,8,8,0,3,4,2,5.14,.615
Brian B Looney,BOS,0,1,17.36,3,1,0,0,0,0,4.2,12,9,9,1,0,4,2,3.43,.545
Bobby B Munoz,PHI,0,2,5.74,3,3,0,0,0,0,15.2,15,13,10,2,3,9,6,1.53,.268
Jeff J Patterson,NYY,0,0,2.70,3,0,0,0,0,0,3.1,3,1,1,1,0,3,3,1.80,.231
Robert R Person,NYM,1,0,0.75,3,1,0,0,0,0,12.0,5,1,1,1,0,2,10,0.58,.119
John J Roper,SF,0,0,12.38,3,2,0,0,0,0,8.0,15,12,11,3,0,6,6,2.63,.417
Scott S Sullivan,CIN,0,0,4.91,3,0,0,0,0,0,3.2,4,2,2,0,0,2,2,1.64,.286
Scott S Taylor,TEX,1,2,9.39,3,3,0,0,0,0,15.1,25,16,16,6,0,5,10,1.96,.379
Tom T Thobe,ATL,0,0,10.80,3,0,0,0,0,0,3.1,7,4,4,0,0,0,2,2.10,.412
Marc M Valdes,FLA,0,0,14.14,3,3,0,0,0,0,7.0,17,13,11,1,1,9,2,3.71,.459
Frank F Viola,CIN,0,1,6.28,3,3,0,0,0,0,14.1,20,11,10,3,0,3,4,1.60,.333
Terrell T Wade,ATL,0,1,4.50,3,0,0,0,0,0,4.0,3,2,2,1,0,4,3,1.75,.214
Carl C Willis,MIN,0,0,94.50,3,0,0,0,0,0,0.2,5,7,7,0,0,5,0,15.00,.833
Tom T Browning,KC,0,2,8.10,2,2,0,0,0,0,10.0,13,9,9,2,0,5,3,1.80,.302
John J De Silva,BAL,1,0,7.27,2,2,0,0,0,0,8.2,8,7,7,3,1,7,1,1.73,.258
Jim J Deshaies,PHI,0,1,20.25,2,2,0,0,0,0,5.1,15,12,12,3,0,1,6,3.00,.484
Mike M Grace,PHI,1,1,3.18,2,2,0,0,0,0,11.1,10,4,4,0,0,4,7,1.24,.238
Matt M Grott,CIN,0,0,21.60,2,0,0,0,0,0,1.2,6,4,4,1,0,0,2,3.60,.545
Kevin K King,SEA,0,0,12.27,2,0,0,0,0,0,3.2,7,5,5,0,1,1,3,2.18,.412
Marc M Kroon,SD,0,1,10.80,2,0,0,0,0,0,1.2,1,2,2,0,0,2,2,1.80,.200
Darrell D May,ATL,0,0,11.25,2,0,0,0,0,0,4.0,10,5,5,0,0,0,1,2.50,.500
Jim J Mecir,SEA,0,0,0.00,2,0,0,0,0,0,4.2,5,1,0,0,0,2,3,1.50,.263
David D Nied,COL,0,0,20.77,2,0,0,0,0,0,4.1,11,10,10,2,0,3,3,3.23,.458
Chan Ho C Park,LA,0,0,4.50,2,1,0,0,0,0,4.0,2,2,2,1,0,2,7,1.00,.143
Keith K Shepherd,BOS,0,0,36.00,2,0,0,0,0,0,1.0,4,4,4,0,0,2,0,6.00,.571
Tanyon T Sturtze,CHC,0,0,9.00,2,0,0,0,0,0,2.0,2,2,2,1,0,1,0,1.50,.250
Sean S Whiteside,DET,0,0,14.73,2,0,0,0,0,0,3.2,7,6,6,1,0,4,2,3.00,.438
Scott S Baker,OAK,0,0,9.82,1,0,0,0,0,0,3.2,5,4,4,0,1,5,3,2.73,.333
Erik E Bennett,CAL,0,0,0.00,1,0,0,0,0,0,0.1,0,0,0,0,0,0,0,0.00,.000
John J Cangelosi C,HOU,0,0,0.00,1,0,0,0,0,0,1.0,0,0,0,0,0,1,0,1.00,.000
John J Courtright,CIN,0,0,9.00,1,0,0,0,0,0,1.0,2,1,1,0,0,0,0,2.00,.500
John J Dettmer,TEX,0,0,27.00,1,0,0,0,0,0,0.1,2,1,1,0,0,0,0,6.00,.667
Donnie D Elliott,SD,0,0,0.00,1,0,0,0,0,0,2.0,2,0,0,0,0,1,3,1.50,.250
John J Farrell,CLE,0,0,3.86,1,0,0,0,0,0,4.2,7,4,2,0,0,0,4,1.50,.368
Ramon R Fermin,OAK,0,0,13.50,1,0,0,0,0,0,1.1,4,2,2,0,0,1,0,3.75,.500
Tim T Harikkala,SEA,0,0,16.20,1,0,0,0,0,0,3.1,7,6,6,1,0,1,1,2.40,.412
Bryan B Harvey,FLA,0,0,-.--,1,0,0,0,0,0,0.0,2,3,3,1,0,1,0,-.--,1.000
Ryan R Karp,PHI,0,0,4.50,1,0,0,0,0,0,2.0,1,1,1,0,0,3,2,2.00,.143
Dennis D Konuszewski,PIT,0,0,54.00,1,0,0,0,0,0,0.1,3,2,2,0,0,1,0,12.00,1.000
Dave D Martinez R,CWS,0,0,0.00,1,0,0,0,0,0,1.0,0,0,0,0,0,2,0,2.00,.000
Steve S Phoenix,OAK,0,0,32.40,1,0,0,0,0,0,1.2,3,6,6,1,0,3,3,3.60,.429
Jim J Pittsley,KC,0,0,13.50,1,1,0,0,0,0,3.1,7,5,5,3,0,1,0,2.40,.438
Joe J Roa,CLE,0,1,6.00,1,1,0,0,0,0,6.0,9,4,4,1,0,2,0,1.83,.360
Rich R Rodriguez,STL,0,0,0.00,1,0,0,0,0,0,1.2,0,0,0,0,0,0,0,0.00,.000
Mike M Thomas,MIL,0,0,0.00,1,0,0,0,0,0,1.1,2,0,0,0,0,1,0,2.25,.333
Billy B Wagner,HOU,0,0,0.00,1,0,0,0,0,0,0.1,0,0,0,0,0,0,0,0.00,.000
