PLAYER,TEAM,W,L,ERA,GS,CG,SHO,SV,SVO,IP,H,R,ER,HR,HB,BB,SO,WHIP,AVG
Joe J Boever,HOU,3,6,2.51,81,0,0,0,2,2,111.1,103,38,31,3,4,45,67,1.33,.248
Kenny K Rogers,TEX,3,6,3.09,81,0,0,0,6,6,78.2,80,32,27,7,0,26,70,1.35,.261
Doug D Jones,HOU,11,8,1.85,80,0,0,0,36,36,111.2,96,29,23,5,5,17,93,1.01,.235
Duane D Ward,TOR,7,4,1.95,79,0,0,0,12,12,101.1,76,27,22,5,1,39,103,1.13,.207
Xavier X Hernandez,HOU,9,1,2.11,77,0,0,0,7,7,111.0,81,31,26,5,3,42,96,1.11,.200
Mike M Perez,STL,9,3,1.84,77,0,0,0,0,0,93.0,70,23,19,4,1,32,46,1.10,.210
Jeff J Innis,NYM,6,9,2.86,76,0,0,0,1,1,88.0,85,32,28,4,6,36,39,1.38,.266
Cris C Carpenter,STL,5,4,2.97,73,0,0,0,1,1,88.0,69,29,29,10,4,27,46,1.09,.220
Chuck C Mc Elroy,CHC,4,7,3.55,72,0,0,0,6,6,83.2,73,40,33,5,0,51,83,1.48,.237
Steve S Olin,CLE,8,5,2.34,72,0,0,0,29,29,88.1,80,25,23,8,4,27,47,1.21,.249
Derek D Lilliquist,CLE,5,3,1.75,71,0,0,0,6,6,61.2,39,13,12,5,2,18,47,0.92,.187
Bob B Mc Clure,STL,2,2,3.17,71,0,0,0,0,0,54.0,52,21,19,6,2,25,24,1.43,.261
Paul P Assenmacher,CHC,4,4,4.10,70,0,0,0,8,8,68.0,72,32,31,6,3,26,67,1.44,.271
Jeff J Fassero,MON,8,7,2.84,70,0,0,0,1,1,85.2,81,35,27,1,2,34,63,1.34,.249
Greg G Harris,BOS,4,9,2.51,70,2,1,0,4,4,107.2,82,38,30,6,4,60,73,1.32,.215
Lee L Smith,STL,4,9,3.12,70,0,0,0,43,43,75.0,62,28,26,4,0,26,60,1.17,.221
Dennis D Eckersley,OAK,7,1,1.91,69,0,0,0,51,51,80.0,62,17,17,5,1,11,93,0.91,.211
Bob B Scanlan,CHC,3,6,2.89,69,0,0,0,14,14,87.1,76,32,28,4,1,30,42,1.21,.235
Jim J Gott,LA,3,3,2.45,68,0,0,0,6,6,88.0,72,27,24,4,1,41,75,1.28,.225
Doug D Henry,MIL,1,4,4.02,68,0,0,0,29,29,65.0,64,34,29,6,0,24,52,1.35,.256
Scott S Radinsky,CWS,3,7,2.73,68,0,0,0,15,15,59.1,54,21,18,3,2,34,48,1.48,.243
Mel M Rojas,MON,7,1,1.43,68,0,0,0,10,10,100.2,71,17,16,2,2,34,70,1.04,.199
Michael M Jackson,SF,6,6,3.73,67,0,0,0,2,2,82.0,76,35,34,7,4,33,80,1.33,.252
John J Wetteland,MON,4,4,2.92,67,0,0,0,37,37,83.1,64,27,27,6,4,36,99,1.20,.213
Todd T Worrell,STL,5,3,2.11,67,0,0,0,3,3,64.0,45,15,15,4,1,25,64,1.09,.198
Randy R Myers,SD,3,6,4.29,66,0,0,0,38,38,79.2,84,38,38,7,1,34,66,1.48,.279
Jeff J Nelson,SEA,1,7,3.44,66,0,0,0,6,6,81.0,71,34,31,7,6,44,46,1.42,.245
Al A Osuna,HOU,6,3,4.23,66,0,0,0,0,0,61.2,52,29,29,8,1,38,37,1.46,.236
Jeff J Parrett,OAK,9,1,3.02,66,0,0,0,0,0,98.1,81,35,33,7,2,42,78,1.25,.226
Mitch M Williams,PHI,5,8,3.78,66,0,0,0,29,29,81.0,69,39,34,4,6,64,74,1.64,.240
Rod R Beck,SF,3,3,1.76,65,0,0,0,17,17,92.0,62,20,18,4,2,15,87,0.84,.190
Mark M Eichhorn,TOR,4,4,3.08,65,0,0,0,2,2,87.2,86,34,30,3,2,25,61,1.27,.255
Todd T Frohwirth,BAL,4,3,2.46,65,0,0,0,4,4,106.0,97,33,29,4,3,41,58,1.30,.247
Roger R Mason,PIT,5,7,4.09,65,0,0,0,8,8,88.0,80,41,40,11,4,33,56,1.28,.246
Roger R Mc Dowell,LA,6,10,4.09,65,0,0,0,14,14,83.2,103,46,38,3,1,42,50,1.73,.306
Jeff J Montgomery,KC,1,6,2.18,65,0,0,0,39,39,82.2,61,23,20,5,3,27,69,1.06,.205
Mike M Munoz,DET,1,2,3.00,65,0,0,0,2,2,48.0,44,16,16,3,0,25,23,1.44,.246
Mike M Stanton,ATL,5,4,4.10,65,0,0,0,8,8,63.2,59,32,29,6,2,20,44,1.24,.247
Rick R Aguilera,MIN,2,6,2.84,64,0,0,0,41,41,66.2,60,28,21,7,1,17,52,1.16,.238
Norm N Charlton,CIN,4,2,2.99,64,0,0,0,26,26,81.1,79,39,27,7,3,26,90,1.29,.262
Rusty R Meacham,KC,10,4,2.74,64,0,0,0,2,2,101.2,88,39,31,5,1,21,64,1.07,.233
Ted T Power,CLE,3,3,2.54,64,0,0,0,6,6,99.1,88,33,28,7,4,35,51,1.24,.248
Rob R Dibble,CIN,3,5,3.07,63,0,0,0,25,25,70.1,48,26,24,3,2,31,110,1.12,.193
Bryan B Hickerson,SF,5,3,3.09,61,1,0,0,0,0,87.1,74,31,30,7,1,21,68,1.09,.236
Barry B Jones,NYM,7,6,5.68,61,0,0,0,1,1,69.2,85,46,44,3,2,35,30,1.72,.308
Rich R Rodriguez,SD,6,3,2.37,61,1,0,0,0,0,91.0,77,28,24,4,0,29,64,1.16,.229
Tony T Fossas,BOS,1,2,2.43,60,0,0,0,2,2,29.2,31,9,8,1,1,14,19,1.52,.279
Mike M Henneman,DET,2,6,3.96,60,0,0,0,24,24,77.1,75,36,34,6,0,20,58,1.23,.256
Dwayne D Henry,CIN,3,3,3.33,60,0,0,0,0,0,83.2,59,31,31,4,1,44,72,1.23,.199
Gregg G Olson,BAL,1,5,2.05,60,0,0,0,36,36,61.1,46,14,14,3,0,24,58,1.14,.211
Bob B Patterson,PIT,6,3,2.92,60,0,0,0,9,9,64.2,59,22,21,7,0,23,43,1.27,.246
Jeff J Reardon,ATL,5,2,3.41,60,0,0,0,30,30,58.0,67,22,22,6,2,9,39,1.31,.291
Steve S Wilson,LA,2,5,4.19,60,0,0,0,0,0,66.2,74,37,31,6,1,29,54,1.55,.282
Stan S Belinda,PIT,6,4,3.15,59,0,0,0,18,18,71.1,58,26,25,8,0,29,57,1.22,.223
Rob R Murphy,HOU,3,1,4.04,59,0,0,0,0,0,55.2,56,28,25,2,0,21,42,1.38,.260
Jesse J Orosco,MIL,3,1,3.23,59,0,0,0,1,1,39.0,33,15,14,5,1,13,40,1.18,.232
Jeff J Russell,OAK,4,3,1.63,59,0,0,0,30,30,66.1,55,14,12,3,2,25,48,1.21,.224
Carl C Willis,MIN,7,3,2.72,59,0,0,0,1,1,79.1,73,25,24,4,0,11,45,1.06,.246
Marvin M Freeman,ATL,7,5,3.22,58,0,0,0,3,3,64.1,61,26,23,7,1,29,41,1.40,.251
Lee L Guetterman,NYM,4,5,7.09,58,0,0,0,2,2,66.0,92,52,52,10,1,27,20,1.80,.335
Vince V Horsman,OAK,2,1,2.49,58,0,0,0,1,1,43.1,39,13,12,3,0,21,18,1.38,.252
Eric E Plunk,CLE,9,6,3.64,58,0,0,0,4,4,71.2,61,31,29,5,0,38,50,1.38,.229
Chuck C Crim,CAL,7,6,5.17,57,0,0,0,1,1,87.0,100,56,50,11,6,29,30,1.48,.293
Tom T Henke,TOR,3,2,2.26,57,0,0,0,34,34,55.2,40,19,14,5,0,22,46,1.11,.197
Scott S Ruskin,CIN,4,3,5.03,57,0,0,0,0,0,53.2,56,31,30,6,1,20,43,1.42,.275
Jeff J Brantley,SF,7,7,2.95,56,4,0,0,7,7,91.2,67,32,30,8,3,45,86,1.22,.207
John J Habyan,NYY,5,6,3.84,56,0,0,0,7,7,72.2,84,32,31,6,2,21,44,1.44,.295
Jose J Melendez,SD,6,7,2.92,56,3,0,0,0,0,89.1,82,32,29,9,3,20,82,1.14,.249
Denny D Neagle,PIT,4,6,4.48,55,6,0,0,2,2,86.1,81,46,43,9,2,43,77,1.44,.247
Russ R Swan,SEA,3,10,4.74,55,9,1,0,9,9,104.1,104,60,55,8,3,45,45,1.43,.262
Bobby B Thigpen,CWS,1,3,4.75,55,0,0,0,22,22,55.0,58,29,29,4,3,33,45,1.65,.275
Scott S Bankhead,CIN,10,4,2.93,54,0,0,0,1,1,70.2,57,26,23,4,3,29,53,1.22,.218
Mark M Guthrie,MIN,2,3,2.88,54,0,0,0,5,5,75.0,59,27,24,7,0,23,76,1.09,.215
Rick R Honeycutt,OAK,1,4,3.69,54,0,0,0,3,3,39.0,41,19,16,2,3,10,32,1.31,.272
Dave D Righetti,SF,2,7,5.06,54,4,0,0,3,3,78.1,79,47,44,4,0,36,47,1.47,.269
Kent K Mercker,ATL,3,2,3.42,53,0,0,0,6,6,68.1,51,27,26,4,3,35,49,1.26,.207
Mike M Schooler,SEA,2,7,4.70,53,0,0,0,13,13,51.2,55,29,27,7,1,24,33,1.53,.275
Tom T Edens,MIN,6,3,2.83,52,0,0,0,3,3,76.1,65,26,24,1,2,36,57,1.32,.236
Bill B Sampen,KC,1,6,3.25,52,2,0,0,0,0,83.0,83,32,30,4,4,32,37,1.39,.274
Anthony A Young,NYM,2,14,4.17,52,13,1,0,15,15,121.0,134,66,56,8,1,31,64,1.36,.285
Danny D Darwin,BOS,9,9,3.96,51,15,2,0,3,3,161.1,159,76,71,11,5,53,124,1.31,.257
Steve S Frey,CAL,4,2,3.57,51,0,0,0,4,4,45.1,39,18,18,6,2,22,24,1.35,.238
Terry T Leach,CWS,6,5,1.95,51,0,0,0,0,0,73.2,57,17,16,2,4,20,22,1.05,.215
John J Candelaria,LA,2,5,2.84,50,0,0,0,5,5,25.1,20,9,8,1,0,13,23,1.30,.220
Pat P Clements,BAL,4,1,2.98,50,0,0,0,0,0,48.1,48,19,16,0,4,23,20,1.47,.270
Steve S Farr,NYY,2,2,1.56,50,0,0,0,30,30,52.0,34,10,9,2,2,19,37,1.02,.186
Mike M Fetters,MIL,5,1,1.87,50,0,0,0,2,2,62.2,38,15,13,3,7,24,43,0.99,.185
Mike M Maddux,SD,2,2,2.37,50,1,0,0,5,5,79.2,71,25,21,2,0,24,60,1.19,.236
Tim T Crews,LA,0,3,5.19,49,2,0,0,0,0,78.0,95,46,45,6,2,20,43,1.47,.310
Ed E Nunez,TEX,1,3,4.85,49,0,0,0,3,3,59.1,63,34,32,6,2,22,49,1.43,.268
Dennis D Powell,SEA,4,2,4.58,49,0,0,0,0,0,57.0,49,30,29,5,3,29,35,1.37,.238
Jeff J Robinson,CHC,4,3,3.00,49,5,0,0,1,1,78.0,76,29,26,5,2,40,46,1.49,.263
Storm S Davis,BAL,7,3,3.43,48,2,0,0,4,4,89.1,79,35,34,5,2,36,53,1.29,.244
Kurt K Knudsen,DET,2,3,4.58,48,1,0,0,5,5,70.2,70,39,36,9,1,41,51,1.57,.264
Jim J Austin,MIL,5,2,1.85,47,0,0,0,0,0,58.1,38,13,12,2,2,32,30,1.20,.191
Juan J Berenguer,KC,4,5,5.42,47,2,0,0,1,1,78.0,77,52,47,10,2,36,45,1.45,.257
John J Doherty,DET,7,4,3.88,47,11,0,0,3,3,116.0,131,61,50,4,4,25,37,1.34,.287
Rich R Monteleone,NYY,7,3,3.30,47,0,0,0,0,0,92.2,82,35,34,7,0,27,62,1.18,.235
Greg G Cadaret,NYY,4,8,4.25,46,11,1,1,1,1,103.2,104,53,49,12,2,74,73,1.72,.267
Joe J Grahe,CAL,5,6,3.52,46,7,0,0,21,21,94.2,85,37,37,5,6,39,39,1.31,.246
Mike M Hartley,PHI,7,6,3.44,46,0,0,0,0,0,55.0,54,23,21,5,2,23,53,1.40,.255
Mike M Magnante,KC,4,9,4.94,44,12,0,0,0,0,89.1,115,53,49,5,2,35,31,1.68,.325
Dan D Plesac,MIL,5,4,2.96,44,4,0,0,1,1,79.0,64,28,26,5,3,35,54,1.25,.229
Wally W Whitehurst,NYM,3,9,3.62,44,11,0,0,0,0,97.0,99,45,39,4,4,33,70,1.36,.264
Kevin K Wickander,CLE,2,0,3.07,44,0,0,0,1,1,41.0,39,14,14,1,4,28,38,1.63,.260
Paul P Gibson,NYM,0,1,5.23,43,1,0,0,0,0,62.0,70,37,36,7,0,25,49,1.53,.287
Roberto R Hernandez,CWS,7,3,1.65,43,0,0,0,12,12,71.0,45,15,13,4,4,20,68,0.92,.180
Mike M Flanagan,BAL,0,0,8.05,42,0,0,0,0,0,34.2,50,34,31,3,5,23,17,2.11,.338
Curt C Schilling,PHI,14,11,2.35,42,26,10,4,2,2,226.1,165,67,59,11,1,59,147,0.99,.201
Darren D Holmes,MIL,4,4,2.55,41,0,0,0,6,6,42.1,35,12,12,1,2,11,31,1.09,.224
Jay J Howell,LA,1,3,1.54,41,0,0,0,4,4,46.2,41,9,8,2,1,18,36,1.26,.230
Les L Lancaster,DET,3,4,6.33,41,1,0,0,0,0,86.2,101,66,61,11,3,51,35,1.75,.294
Alejandro A Pena,ATL,1,6,4.07,41,0,0,0,15,15,42.0,40,19,19,7,0,13,34,1.26,.255
Gary G Wayne,MIN,3,3,2.63,41,0,0,0,0,0,48.0,46,18,14,2,3,19,29,1.35,.260
David D Wells,TOR,7,9,5.40,41,14,0,0,2,2,120.0,138,84,72,16,8,36,62,1.45,.289
Tom T Gordon,KC,6,10,4.59,40,11,0,0,0,0,117.2,116,67,60,9,4,55,98,1.45,.258
Terry T Mathews,TEX,2,4,5.95,40,0,0,0,0,0,42.1,48,29,28,4,1,31,26,1.87,.294
Wally W Ritchie,PHI,2,1,3.00,40,0,0,0,1,1,39.0,44,17,13,3,0,17,19,1.56,.288
Juan J Agosto,SEA,2,4,6.12,39,1,0,0,0,0,50.0,66,36,34,2,3,12,25,1.56,.325
Jim J Bullinger,CHC,2,8,4.66,39,9,1,0,7,7,85.0,72,49,44,9,4,54,36,1.48,.233
John J Kiely,DET,4,2,2.13,39,0,0,0,0,0,55.0,44,14,13,2,0,28,18,1.31,.224
Donn D Pall,CWS,5,2,4.93,39,0,0,0,1,1,73.0,79,43,40,9,2,27,27,1.45,.272
Tim T Burke,NYY,3,4,4.15,38,0,0,0,0,0,43.1,52,29,20,3,1,18,15,1.62,.299
Calvin C Jones,SEA,3,5,5.69,38,1,0,0,0,0,61.2,50,39,39,8,2,47,49,1.57,.226
Tom T Bolton,CIN,4,5,4.54,37,9,0,0,0,0,75.1,86,39,38,9,4,37,50,1.63,.285
Kelly K Downs,OAK,6,7,3.37,37,20,0,0,0,0,144.1,137,63,54,8,7,70,71,1.43,.254
Floyd F Bannister,TEX,1,1,6.32,36,0,0,0,0,0,37.0,39,27,26,3,3,21,30,1.62,.281
Bill B Krueger,MON,10,8,4.53,36,29,2,2,0,0,178.2,189,95,90,18,4,53,99,1.35,.269
Mike M Moore,OAK,17,12,4.12,36,36,2,0,0,0,223.0,229,113,102,20,8,103,117,1.49,.269
Rick R Sutcliffe,BAL,16,15,4.47,36,36,5,2,0,0,237.1,251,123,118,20,7,74,109,1.37,.273
Walt W Terrell,DET,7,10,5.20,36,14,1,0,0,0,136.2,163,86,79,14,3,48,61,1.54,.298
Bob B Walk,PIT,10,6,3.20,36,19,1,0,2,2,135.0,132,54,48,10,6,43,60,1.30,.258
Jack J Armstrong,CLE,6,15,4.64,35,23,1,0,0,0,166.2,176,100,86,23,3,67,114,1.46,.269
Steve S Avery,ATL,11,11,3.20,35,35,2,2,0,0,233.2,216,95,83,14,0,71,129,1.23,.246
Tim T Belcher,CIN,15,14,3.91,35,34,2,1,0,0,227.2,201,104,99,17,3,80,149,1.23,.238
Kevin K Brown,TEX,21,11,3.32,35,35,11,1,0,0,265.2,262,117,98,11,10,76,173,1.27,.260
Todd T Burns,TEX,3,5,3.84,35,10,0,0,1,1,103.0,97,54,44,8,4,32,55,1.25,.249
David D Cone,TOR,17,10,2.85,35,34,7,5,0,0,249.2,201,91,79,15,12,111,261,1.25,.219
Mark M Leiter,DET,8,5,4.18,35,14,1,0,0,0,112.0,116,57,52,9,3,43,75,1.42,.277
Greg G Maddux,CHC,20,11,2.18,35,35,9,4,0,0,268.0,201,68,65,7,14,70,199,1.01,.210
Ben B Mc Donald,BAL,13,13,4.24,35,35,4,2,0,0,227.0,213,113,107,32,9,74,158,1.26,.247
Alan A Mills,BAL,10,4,2.61,35,3,0,0,2,2,103.1,78,33,30,5,1,54,60,1.28,.215
John J Smoltz,ATL,15,12,2.85,35,35,9,3,0,0,246.2,206,90,78,17,5,80,215,1.16,.224
Randy R Tomlin,PIT,14,9,3.41,35,33,1,1,0,0,208.2,226,85,79,11,5,42,90,1.28,.282
Frank F Viola,BOS,13,12,3.44,35,35,6,1,0,0,238.0,214,99,91,13,7,89,121,1.27,.242
Bill B Wegman,MIL,13,14,3.20,35,35,7,0,0,0,261.2,251,104,93,28,9,55,127,1.17,.250
Wilson W Alvarez,CWS,5,3,5.20,34,9,0,0,1,1,100.1,103,64,58,12,4,65,66,1.67,.272
Larry L Andersen,SD,1,1,3.34,34,0,0,0,2,2,35.0,26,14,13,2,1,8,35,0.97,.202
Andy A Benes,SD,13,14,3.35,34,34,2,2,0,0,231.1,230,90,86,14,5,61,169,1.26,.264
Doug D Drabek,PIT,15,11,2.77,34,34,10,4,0,0,256.2,218,84,79,17,6,54,177,1.06,.231
Kevin K Gross,LA,8,13,3.17,34,30,4,3,0,0,204.2,182,82,72,11,3,77,158,1.27,.241
Bill B Gullickson,DET,14,13,4.34,34,34,4,1,0,0,221.2,228,109,107,35,0,50,64,1.25,.267
Pete P Harnisch,HOU,9,10,3.70,34,34,0,0,0,0,206.2,182,92,85,18,5,64,164,1.19,.234
Danny D Jackson,PIT,8,13,3.84,34,34,0,0,0,0,201.1,211,99,86,6,4,77,97,1.43,.272
Kirk K Mc Caskill,CWS,12,13,4.18,34,34,0,0,0,0,209.0,193,116,97,11,6,95,109,1.38,.242
Jack J Mc Dowell,CWS,20,10,3.18,34,34,13,1,0,0,260.2,247,95,92,21,7,75,178,1.24,.251
Mike M Morgan,CHC,16,8,2.55,34,34,6,1,0,0,240.0,203,80,68,14,3,79,123,1.18,.234
Jack J Morris,TOR,21,6,4.04,34,34,6,1,0,0,240.2,222,114,108,18,10,80,132,1.25,.246
Jaime J Navarro,MIL,17,11,3.33,34,34,5,3,0,0,246.0,224,98,91,14,6,64,100,1.17,.246
Donovan D Osborne,STL,11,9,3.77,34,29,0,0,0,0,179.0,193,91,75,14,2,38,104,1.29,.275
Tim T Scott,SD,4,1,5.26,34,0,0,0,0,0,37.2,39,24,22,4,1,21,30,1.59,.267
Steve S Shifflett,KC,1,4,2.60,34,0,0,0,0,0,52.0,55,15,15,6,2,17,25,1.38,.279
John J Smiley,MIN,16,9,3.21,34,34,5,2,0,0,241.0,205,93,86,17,6,65,163,1.12,.231
Kevin K Tapani,MIN,16,11,3.97,34,34,4,1,0,0,220.0,226,103,97,17,5,48,138,1.25,.269
Chris C Bosio,MIL,16,6,3.62,33,33,4,2,0,0,231.1,223,100,93,21,4,44,120,1.15,.254
Frank F Castillo,CHC,10,11,3.46,33,33,0,0,0,0,205.1,179,91,79,19,6,63,135,1.18,.232
Ron R Darling,OAK,15,10,3.66,33,33,4,3,0,0,206.1,198,98,84,15,4,72,99,1.31,.253
Dave D Fleming,SEA,17,10,3.39,33,33,7,4,0,0,228.1,225,95,86,13,4,60,112,1.25,.257
Mark M Gardner,MON,12,10,4.36,33,30,0,0,0,0,179.2,179,91,87,15,9,60,132,1.33,.259
Tom T Glavine,ATL,20,8,2.76,33,33,7,5,0,0,225.0,197,81,69,6,2,70,129,1.19,.235
Jose J Guzman,TEX,16,11,3.66,33,33,5,0,0,0,224.0,229,103,91,17,4,73,179,1.35,.268
Orel O Hershiser,LA,10,15,3.67,33,33,1,0,0,0,210.2,209,101,86,15,8,69,130,1.32,.257
Ken K Hill,MON,16,9,2.68,33,33,3,3,0,0,218.0,187,76,65,13,3,75,150,1.20,.230
Jimmy J Key,TOR,13,13,3.53,33,33,4,2,0,0,216.2,205,88,85,24,4,59,117,1.22,.248
Charles C Nagy,CLE,17,10,2.96,33,33,10,3,0,0,252.0,245,91,83,11,2,57,169,1.20,.260
Melido M Perez,NYY,13,16,2.87,33,33,10,1,0,0,247.2,212,94,79,16,5,93,218,1.23,.235
Jose J Rijo,CIN,15,10,2.56,33,33,2,0,0,0,211.0,185,67,60,15,3,44,171,1.09,.238
Scott S Sanderson,NYY,12,11,4.93,33,33,2,1,0,0,193.1,220,116,106,28,4,64,104,1.47,.286
Bob B Tewksbury,STL,16,5,2.16,33,32,5,0,0,0,233.0,217,63,56,15,3,20,91,1.02,.248
Scott S Bailes,CAL,3,1,7.45,32,0,0,0,0,0,38.2,59,34,32,7,1,28,25,2.25,.351
John J Burkett,SF,13,9,3.84,32,32,3,1,0,0,189.2,194,96,81,13,4,45,107,1.26,.264
Kevin K Campbell,OAK,2,3,5.12,32,5,0,0,1,1,65.0,66,39,37,4,0,45,38,1.71,.267
Tom T Candiotti,LA,11,15,3.00,32,30,6,2,0,0,203.2,177,78,68,13,3,63,152,1.18,.237
Roger R Clemens,BOS,18,11,2.41,32,32,11,5,0,0,246.2,203,80,66,11,9,62,208,1.07,.224
Dennis D Cook,CLE,5,7,3.82,32,25,1,0,0,0,158.0,156,79,67,29,2,50,96,1.30,.255
Jim J Corsi,OAK,4,2,1.43,32,0,0,0,0,0,44.0,44,12,7,2,0,18,19,1.41,.275
Jose J De Leon,PHI,2,8,4.37,32,18,0,0,0,0,117.1,111,63,57,7,2,48,79,1.36,.250
Scott S Erickson,MIN,13,12,3.40,32,32,5,3,0,0,212.0,197,86,80,18,8,83,101,1.32,.252
Sid S Fernandez,NYM,14,11,2.73,32,32,5,2,0,0,214.2,162,67,65,12,4,67,193,1.07,.210
Neal N Heaton,MIL,3,1,4.07,32,0,0,0,0,0,42.0,43,21,19,5,1,23,31,1.57,.269
Bruce B Hurst,SD,14,9,3.85,32,32,6,4,0,0,217.1,223,96,93,22,0,51,131,1.26,.267
Mark M Langston,CAL,13,14,3.66,32,32,9,2,0,0,229.0,206,103,93,14,6,74,174,1.22,.242
Craig C Lefferts,BAL,14,12,3.76,32,32,1,0,0,0,196.1,214,95,82,19,0,41,104,1.30,.282
Charlie C Leibrandt,ATL,15,7,3.36,32,31,5,2,0,0,193.0,191,78,72,9,5,42,104,1.21,.258
Dennis D Martinez,MON,16,11,2.47,32,32,6,0,0,0,226.1,172,75,62,12,9,60,147,1.03,.211
Terry T Mulholland,PHI,13,11,3.81,32,32,11,2,0,0,229.0,227,101,97,14,3,46,125,1.19,.261
Mike M Mussina,BAL,18,5,2.54,32,32,8,4,0,0,241.0,212,70,68,16,2,48,130,1.08,.239
Chris C Nabholz,MON,11,12,3.32,32,32,1,1,0,0,195.0,176,80,72,11,5,74,130,1.28,.244
Omar O Olivares,STL,9,9,3.84,32,30,1,0,0,0,197.0,189,84,84,20,4,63,124,1.28,.257
Ken K Patterson,CHC,2,3,3.89,32,1,0,0,0,0,41.2,41,25,18,7,1,27,23,1.63,.268
Frank F Tanana,DET,13,11,4.39,32,31,3,0,0,0,186.2,188,102,91,22,7,90,91,1.49,.267
Mark M Wohlers,ATL,1,2,2.55,32,0,0,0,4,4,35.1,28,11,10,0,1,14,17,1.19,.235
Kyle K Abbott,PHI,1,14,5.13,31,19,0,0,0,0,133.1,147,80,76,20,1,45,88,1.44,.283
Ricky R Bones,MIL,9,10,4.57,31,28,0,0,0,0,163.1,169,90,83,27,9,48,65,1.33,.264
Rheal R Cormier,STL,10,10,3.68,31,30,3,0,0,0,186.0,194,83,76,15,5,33,117,1.22,.269
Chuck C Finley,CAL,7,12,3.96,31,31,4,1,0,0,204.1,212,99,90,24,3,98,124,1.52,.278
Steve S Foster,CIN,1,1,2.88,31,1,0,0,2,2,50.0,52,16,16,4,0,13,34,1.30,.275
John J Franco,NYM,6,2,1.64,31,0,0,0,15,15,33.0,24,6,6,1,0,11,20,1.06,.209
Dwight D Gooden,NYM,10,13,3.67,31,31,3,0,0,0,206.0,197,93,84,11,3,70,145,1.30,.255
Erik E Hanson,SEA,8,17,4.82,31,30,6,1,0,0,186.2,209,110,100,14,7,57,112,1.43,.287
Greg G Hibbard,CWS,10,7,4.40,31,28,0,0,1,1,176.0,187,92,86,17,7,57,69,1.39,.277
Randy R Johnson,SEA,12,14,3.77,31,31,6,2,0,0,210.1,154,104,88,13,18,144,241,1.42,.206
Hipolito H Pichardo,KC,9,6,3.95,31,24,1,1,0,0,143.2,148,71,63,9,3,49,59,1.37,.267
Dave D Stewart,OAK,12,10,3.66,31,31,2,0,0,0,199.1,175,96,81,25,8,79,130,1.27,.237
Greg G Swindell,CIN,12,8,2.70,31,30,5,3,0,0,213.2,210,72,64,14,2,41,138,1.17,.260
Bobby B Witt,OAK,10,14,4.29,31,31,0,0,0,0,193.0,183,99,92,16,2,114,125,1.54,.256
Kevin K Appier,KC,15,8,2.46,30,30,3,0,0,0,208.1,167,59,57,10,2,68,150,1.13,.217
Bob B Ayrault,PHI,2,2,3.12,30,0,0,0,0,0,43.1,32,16,15,0,1,17,27,1.13,.209
Rich R De Lucia,SEA,3,6,5.49,30,11,0,0,1,1,83.2,100,55,51,13,2,35,66,1.61,.293
Rich R Gossage,OAK,0,2,2.84,30,0,0,0,0,0,38.0,32,13,12,5,2,19,26,1.34,.230
Joe J Hesketh,BOS,8,9,4.36,30,25,1,0,1,1,148.2,162,84,72,15,2,58,104,1.48,.276
Rod R Nichols,CLE,4,3,4.53,30,9,0,0,0,0,105.1,114,58,53,13,2,31,56,1.38,.273
Heathcliff H Slocumb,CHC,0,3,6.50,30,0,0,0,1,1,36.0,52,27,26,3,1,21,27,2.03,.351
Bill B Swift,SF,10,4,2.08,30,22,3,2,1,1,164.2,144,41,38,6,3,43,77,1.14,.239
Julio J Valera,CAL,8,11,3.73,30,28,4,2,0,0,188.0,188,82,78,15,2,64,113,1.34,.262
Jim J Abbott,CAL,7,15,2.77,29,29,7,0,0,0,211.0,208,73,65,12,4,68,130,1.31,.263
Willie W Blair,HOU,5,7,4.00,29,8,0,0,0,0,78.2,74,47,35,5,2,25,48,1.26,.249
Mike M Boddicker,KC,1,4,4.98,29,8,0,0,3,3,86.2,92,50,48,5,8,37,47,1.49,.270
Alex A Fernandez,CWS,8,11,4.27,29,29,4,2,0,0,187.2,199,100,89,21,8,50,95,1.33,.270
Bob B Ojeda,LA,6,9,3.63,29,29,2,1,0,0,166.1,169,80,67,8,1,81,94,1.50,.268
Bud B Black,SF,10,12,3.97,28,28,2,1,0,0,177.0,178,88,78,23,1,59,82,1.34,.263
Cliff C Brantley,PHI,2,6,4.60,28,9,0,0,0,0,76.1,71,45,39,6,4,58,32,1.69,.251
Mike M Gardiner,BOS,4,10,4.75,28,18,0,0,0,0,130.2,126,78,69,12,2,58,79,1.41,.253
Juan J Guzman,TOR,16,5,2.64,28,28,1,0,0,0,180.2,135,56,53,6,1,72,165,1.15,.207
Chris C Hammond,CIN,7,10,4.21,28,26,0,0,0,0,147.1,149,75,69,13,3,55,79,1.38,.266
Butch B Henry,HOU,6,9,4.02,28,28,2,1,0,0,165.2,185,81,74,16,1,41,96,1.36,.285
Pat P Hentgen,TOR,5,2,5.36,28,2,0,0,0,0,50.1,49,30,30,7,0,32,39,1.61,.254
Scott S Kamieniecki,NYY,6,14,4.36,28,28,4,0,0,0,188.0,193,100,91,13,5,74,88,1.42,.269
Jose J Mesa,CLE,7,12,4.59,28,27,1,1,0,0,160.2,169,86,82,14,4,70,62,1.49,.273
Gene G Nelson,OAK,3,1,6.45,28,2,0,0,0,0,51.2,68,37,37,5,0,22,23,1.74,.335
Ben B Rivera,PHI,7,4,3.07,28,14,4,1,0,0,117.1,99,40,40,9,4,45,77,1.23,.230
Todd T Stottlemyre,TOR,12,11,4.50,28,27,6,2,0,0,174.0,175,99,87,20,10,63,98,1.37,.262
Matt M Young,BOS,0,4,4.58,28,8,1,0,0,0,70.2,69,42,36,7,3,42,57,1.57,.257
Mark M Davis,ATL,2,3,7.13,27,6,0,0,0,0,53.0,64,44,42,9,1,41,34,1.98,.300
Charlie C Hough,CWS,7,12,3.93,27,27,4,0,0,0,176.1,160,88,77,19,7,66,76,1.28,.239
Bob B Mac Donald,TOR,1,0,4.37,27,0,0,0,0,0,47.1,50,24,23,4,1,16,26,1.39,.270
Paul P Quantrill,BOS,2,3,2.19,27,0,0,0,1,1,49.1,55,18,12,1,1,15,24,1.42,.288
Nolan N Ryan,TEX,5,9,3.72,27,27,2,0,0,0,157.1,138,75,65,9,12,69,157,1.32,.238
Sergio S Valdez,MON,0,2,2.41,27,0,0,0,0,0,37.1,25,12,10,2,0,12,32,0.99,.185
Jeremy J Hernandez,SD,1,4,4.17,26,0,0,0,1,1,36.2,39,17,17,4,1,11,25,1.36,.291
Shawn S Hillegas,OAK,1,8,5.23,26,9,1,1,0,0,86.0,104,57,50,13,0,37,49,1.64,.303
Tim T Leary,SEA,8,10,5.36,26,23,3,0,0,0,141.0,131,89,84,12,9,87,46,1.55,.256
Mike M Timlin,TOR,0,2,4.12,26,0,0,0,1,1,43.2,45,23,20,0,1,20,35,1.49,.271
Trevor T Wilson,SF,8,14,4.21,26,26,1,1,0,0,154.0,152,82,72,18,6,64,88,1.40,.265
Bert B Blyleven,CAL,8,12,4.74,25,24,1,0,0,0,133.0,150,76,70,17,5,29,70,1.35,.285
Danny D Cox,PIT,5,3,4.60,25,7,0,0,3,3,62.2,66,37,32,5,0,27,48,1.48,.272
John J Dopson,BOS,7,11,4.08,25,25,0,0,0,0,141.1,159,78,64,17,2,38,55,1.39,.287
Bryan B Harvey,CAL,0,4,2.83,25,0,0,0,13,13,28.2,22,12,9,4,0,11,34,1.15,.208
Jimmy J Jones,HOU,10,6,4.07,25,23,0,0,0,0,139.1,135,64,63,13,5,39,69,1.25,.258
Bob B Kipper,MIN,3,3,4.42,25,0,0,0,0,0,38.2,40,23,19,8,3,14,22,1.40,.268
Ramon R Martinez,LA,8,11,4.00,25,25,1,1,0,0,150.2,141,82,67,11,5,69,101,1.39,.245
Jim J Pena,SF,1,1,3.48,25,2,0,0,0,0,44.0,49,19,17,4,1,20,32,1.57,.282
Bruce B Ruffin,MIL,1,6,6.67,25,6,1,0,0,0,58.0,66,43,43,7,0,41,45,1.84,.293
Jeff J Robinson,PIT,7,5,5.16,24,11,0,0,0,0,82.0,83,48,47,8,1,36,32,1.45,.265
Shawn S Boskie,CHC,5,11,5.01,23,18,0,0,0,0,91.2,96,55,51,14,4,36,39,1.44,.284
Dave D Burba,SF,2,7,4.97,23,11,0,0,0,0,70.2,80,43,39,4,2,31,47,1.57,.287
Jerry Don J Gleaton,PIT,1,0,4.26,23,0,0,0,0,0,31.2,34,16,15,4,0,19,18,1.67,.283
Mark M Grant,SEA,2,4,3.89,23,10,0,0,0,0,81.0,100,39,35,6,2,22,42,1.51,.311
Rob R Mallicoat,HOU,0,0,7.23,23,0,0,0,0,0,23.2,26,19,19,2,5,19,20,1.90,.283
Bob B Milacki,BAL,6,8,5.68,23,20,0,0,1,1,115.2,140,78,73,16,2,44,51,1.59,.297
Kevin K Ritz,DET,2,5,5.60,23,11,0,0,0,0,80.1,88,52,50,4,3,44,57,1.64,.278
Scott S Scudder,CLE,6,10,5.28,23,22,0,0,0,0,109.0,134,80,64,10,2,55,66,1.73,.303
Zane Z Smith,PIT,8,8,3.06,23,22,4,3,0,0,141.0,138,56,48,8,2,19,56,1.11,.261
Curt C Young,NYY,4,2,3.99,23,7,0,0,0,0,67.2,80,35,30,2,2,17,20,1.43,.296
Brian B Fisher,SEA,4,3,4.53,22,14,0,0,1,1,91.1,80,49,46,9,1,47,26,1.39,.234
Gene G Harris,SD,0,2,4.15,22,1,0,0,0,0,30.1,23,15,14,3,1,15,25,1.25,.207
Darryl D Kile,HOU,5,10,3.95,22,22,2,0,0,0,125.1,124,61,55,8,4,63,90,1.49,.261
Pete P Schourek,NYM,6,8,3.64,22,21,0,0,0,0,136.0,137,60,55,9,2,44,60,1.33,.261
Brian B Barnes,MON,6,6,2.97,21,17,0,0,0,0,100.0,77,34,33,9,3,46,65,1.23,.213
Daryl D Irvine,BOS,3,4,6.11,21,0,0,0,0,0,28.0,31,20,19,1,2,14,10,1.61,.287
Dennis D Lamp,PIT,1,1,5.14,21,0,0,0,0,0,28.0,33,16,16,3,2,9,15,1.50,.292
Scott S Lewis,CAL,4,0,3.99,21,2,0,0,0,0,38.1,36,18,17,3,2,14,18,1.30,.255
Dave D Stieb,TOR,4,6,5.04,21,14,1,0,0,0,96.1,98,58,54,9,4,43,45,1.46,.275
Mark M Clark,STL,3,10,4.45,20,20,1,1,0,0,113.1,117,59,56,12,0,36,44,1.35,.265
Mark M Dewey,NYM,1,0,4.32,20,0,0,0,0,0,33.1,37,16,16,2,0,10,24,1.41,.280
Greg G Harris,SD,4,8,4.12,20,20,1,0,0,0,118.0,113,62,54,13,2,35,66,1.25,.252
Gil G Heredia,MON,2,3,4.23,20,5,0,0,0,0,44.2,44,23,21,4,1,20,22,1.43,.270
Steve S Howe,NYY,3,0,2.45,20,0,0,0,6,6,22.0,9,7,6,1,0,3,12,0.55,.122
Jerry J Nielsen,NYY,1,0,4.58,20,0,0,0,0,0,19.2,17,10,10,1,0,18,12,1.78,.243
Vicente V Palacios,PIT,3,2,4.25,20,8,0,0,0,0,53.0,56,25,25,1,0,27,33,1.57,.280
Bob B Welch,OAK,11,7,3.27,20,20,0,0,0,0,123.2,114,47,45,13,2,43,47,1.27,.247
Matt M Whiteside,TEX,1,1,1.93,20,0,0,0,4,4,28.0,26,8,6,1,0,11,13,1.32,.245
Mike M Bielecki,ATL,2,4,2.57,19,14,1,1,0,0,80.2,77,27,23,2,1,27,62,1.29,.254
Mike M Butcher,CAL,2,2,3.25,19,0,0,0,0,0,27.2,29,11,10,3,2,13,24,1.52,.264
Rick R Reed,KC,3,7,3.68,19,18,1,1,0,0,100.1,105,47,41,10,5,20,49,1.25,.271
Frank F Seminara,SD,9,4,3.68,19,18,0,0,0,0,100.1,98,46,41,5,3,46,61,1.44,.258
Brian B Bohanon,TEX,1,1,6.31,18,7,0,0,0,0,45.2,57,38,32,7,1,25,29,1.80,.297
Mark M Gubicza,KC,7,6,3.72,18,18,2,1,0,0,111.1,110,47,46,8,1,36,81,1.31,.259
Bill B Landrum,MON,1,1,7.20,18,0,0,0,0,0,20.0,27,16,16,3,2,9,7,1.80,.325
Dave D Otto,CLE,5,9,7.06,18,16,0,0,0,0,80.1,110,64,63,12,1,33,32,1.78,.333
Mark M Portugal,HOU,6,3,2.66,18,16,1,1,0,0,101.1,76,32,30,7,1,41,62,1.15,.213
Steve S Reed,SF,1,0,2.30,18,0,0,0,0,0,15.2,13,5,4,2,1,3,11,1.02,.220
Jim J Acker,SEA,0,0,5.28,17,0,0,0,0,0,30.2,45,19,18,4,0,12,11,1.86,.338
Eric E King,DET,4,6,5.22,17,14,0,0,1,1,79.1,90,47,46,12,1,28,45,1.49,.285
Bret B Saberhagen,NYM,3,5,3.50,17,15,1,1,0,0,97.2,84,39,38,6,4,27,81,1.14,.233
Scott S Aldred,DET,3,8,6.78,16,13,0,0,0,0,65.0,80,51,49,12,3,33,34,1.74,.307
Willie W Banks,MIN,4,4,5.70,16,12,0,0,0,0,71.0,80,46,45,6,2,37,37,1.65,.288
Tom T Browning,CIN,6,5,5.07,16,16,0,0,0,0,87.0,108,49,49,6,2,28,33,1.56,.311
Kip K Gross,LA,1,1,4.18,16,1,0,0,0,0,23.2,32,14,11,1,0,10,14,1.77,.323
Chris C Haney,KC,4,6,4.61,16,13,2,2,0,0,80.0,75,43,41,11,4,26,54,1.26,.248
Francisco F Oliveras,SF,0,3,3.63,16,7,0,0,0,0,44.2,41,19,18,11,1,10,17,1.14,.250
Brian B Williams,HOU,7,6,3.92,16,16,0,0,0,0,96.1,92,44,42,10,0,42,54,1.39,.255
Luis L Aquino,KC,3,6,4.52,15,13,0,0,0,0,67.2,81,35,34,5,1,20,11,1.49,.303
Jim J Deshaies,SD,4,7,3.28,15,15,0,0,0,0,96.0,92,40,35,6,1,33,46,1.30,.258
Danny D Leon,TEX,1,1,5.89,15,0,0,0,0,0,18.1,18,14,12,5,3,10,15,1.53,.254
Arthur A Rhodes,BAL,7,5,3.63,15,15,2,1,0,0,94.1,87,39,38,6,1,38,77,1.33,.250
Joe J Slusarski,OAK,5,5,5.45,15,14,0,0,0,0,76.0,85,52,46,15,6,27,38,1.47,.284
Shawn S Barton,SEA,0,1,2.92,14,0,0,0,0,0,12.1,10,5,4,1,0,7,4,1.38,.238
Cal C Eldred,MIL,11,2,1.79,14,14,2,1,0,0,100.1,76,21,20,4,2,23,62,0.99,.207
Tim T Fortugno,CAL,1,1,5.18,14,5,1,1,1,1,41.2,37,24,24,5,0,19,31,1.34,.236
Milt M Hill,CIN,0,0,3.15,14,0,0,0,1,1,20.0,15,9,7,1,1,5,10,1.00,.211
Pat P Mahomes,MIN,3,4,5.04,14,13,0,0,0,0,69.2,73,41,39,5,0,37,44,1.58,.279
Greg G Mathews,PHI,2,3,5.16,14,7,0,0,0,0,52.1,54,31,30,7,1,24,27,1.49,.270
Russ R Springer,NYY,0,0,6.19,14,0,0,0,0,0,16.0,18,11,11,0,1,10,12,1.75,.281
Tommy T Greene,PHI,3,3,5.32,13,12,0,0,0,0,64.1,75,39,38,5,0,34,39,1.69,.291
Jeff J Johnson,NYY,2,3,6.66,13,8,0,0,0,0,52.2,71,44,39,4,2,23,14,1.78,.329
Roger R Pavlik,TEX,4,4,4.21,13,12,1,0,0,0,62.0,66,32,29,3,3,34,45,1.61,.280
Bryn B Smith,STL,4,2,4.64,13,1,0,0,0,0,21.1,20,11,11,3,3,5,9,1.17,.247
Tim T Wakefield,PIT,8,1,2.15,13,13,4,1,0,0,92.0,76,26,22,3,1,35,51,1.21,.232
Pete P Young,MON,0,0,3.98,13,0,0,0,0,0,20.1,18,9,9,0,1,9,11,1.33,.247
Buddy B Groom,DET,0,5,5.82,12,7,0,0,1,1,38.2,48,28,25,4,0,22,15,1.81,.320
Dave D Haas,DET,5,3,3.94,12,11,1,1,0,0,61.2,68,30,27,8,1,16,29,1.36,.276
Keith K Shepherd,PHI,1,1,3.27,12,0,0,0,2,2,22.0,19,10,8,0,0,6,10,1.14,.247
Pete P Smith,ATL,7,0,2.05,12,11,2,1,0,0,79.0,63,19,18,3,0,28,43,1.15,.217
Mark M Williamson,BAL,0,0,0.96,12,0,0,0,1,1,18.2,16,3,2,1,0,10,14,1.39,.239
Pedro P Astacio,LA,5,5,1.98,11,11,4,4,0,0,82.0,80,23,18,1,2,20,43,1.22,.255
Ryan R Bowen,HOU,0,7,10.96,11,9,0,0,0,0,33.2,48,43,41,8,2,30,22,2.32,.333
Steve S Cooke,PIT,2,0,3.52,11,0,0,0,1,1,23.0,22,9,9,2,0,4,10,1.13,.253
Eric E Hillman,NYM,2,2,5.33,11,8,0,0,0,0,52.1,67,31,31,9,2,10,16,1.47,.318
Don D Robinson,PHI,2,4,5.10,11,11,0,0,0,0,60.0,68,36,34,7,1,7,26,1.25,.291
Dave D Smith,CHC,0,0,2.51,11,0,0,0,0,0,14.1,15,4,4,0,0,4,3,1.33,.273
Andy A Ashby,PHI,1,3,7.54,10,8,0,0,0,0,37.0,42,31,31,6,1,21,24,1.70,.290
Kent K Bottenfield,MON,1,2,2.23,10,4,0,0,1,1,32.1,26,9,8,1,1,11,14,1.14,.217
Mike M Christopher,CLE,0,0,3.00,10,0,0,0,0,0,18.0,17,8,6,2,0,10,13,1.50,.254
Steve S Searcy,PHI,0,0,6.10,10,0,0,0,0,0,10.1,13,9,7,0,0,8,5,2.03,.325
Randy R St. Claire,ATL,0,0,5.87,10,0,0,0,0,0,15.1,17,11,10,1,0,8,7,1.63,.283
Mike M Trombley,MIN,3,2,3.30,10,7,0,0,0,0,46.1,43,20,17,5,1,17,38,1.29,.247
Frank F Di Pino,STL,0,0,1.64,9,0,0,0,0,0,11.0,9,2,2,0,0,3,8,1.09,.220
Tom T Filer,NYM,0,1,2.05,9,1,0,0,0,0,22.0,18,8,5,2,0,6,9,1.09,.222
Eric E Gunderson,SEA,2,1,8.68,9,0,0,0,0,0,9.1,12,12,9,1,1,5,2,1.82,.324
Sam S Militello,NYY,3,3,3.45,9,9,0,0,0,0,60.0,43,24,23,6,2,32,42,1.25,.195
David D West,MIN,1,3,6.99,9,3,0,0,0,0,28.1,32,24,22,3,1,20,19,1.84,.276
Brad B Arnsberg,CLE,0,0,11.81,8,0,0,0,0,0,10.2,13,14,14,6,2,11,5,2.25,.317
Jay J Baller,PHI,0,0,8.18,8,0,0,0,0,0,11.0,10,10,10,5,0,10,9,1.82,.250
Denis D Boucher,CLE,2,2,6.37,8,7,0,0,0,0,41.0,48,29,29,9,1,20,17,1.66,.302
Brad B Brink,PHI,0,4,4.14,8,7,0,0,0,0,41.1,53,27,19,2,1,13,16,1.60,.308
Victor V Cole,PIT,0,2,5.48,8,4,0,0,0,0,23.0,23,14,14,1,0,14,12,1.61,.261
Doug D Linton,TOR,1,3,8.63,8,3,0,0,0,0,24.0,31,23,23,5,0,17,16,2.00,.323
Clay C Parker,SEA,0,2,7.56,8,6,0,0,0,0,33.1,47,28,28,6,2,11,20,1.74,.338
Mike M Raczka,OAK,0,0,8.53,8,0,0,0,0,0,6.1,8,7,6,0,0,5,2,2.05,.308
Dennis D Rasmussen,KC,4,1,2.53,8,6,1,1,0,0,42.2,32,13,12,2,1,8,12,0.94,.218
Shane S Reynolds,HOU,1,3,7.11,8,5,0,0,0,0,25.1,42,22,20,2,0,6,10,1.89,.385
Ron R Robinson,MIL,1,4,5.86,8,8,0,0,0,0,35.1,51,26,23,3,2,14,12,1.84,.331
Rich R Sauveur,KC,0,1,4.40,8,0,0,0,0,0,14.1,15,7,7,1,2,8,7,1.60,.273
Bob B Wickman,NYY,6,1,4.11,8,8,0,0,0,0,50.1,51,25,23,2,2,20,21,1.41,.273
Kerry K Woodson,SEA,0,1,3.29,8,1,0,0,0,0,13.2,12,7,5,0,2,11,6,1.68,.245
Eric E Bell,CLE,0,2,7.63,7,1,0,0,0,0,15.1,22,13,13,1,1,9,10,2.02,.349
Dave D Eiland,SD,0,2,5.67,7,7,0,0,0,0,27.0,33,21,17,1,0,5,10,1.41,.287
Mike M Harkey,CHC,4,0,1.89,7,7,0,0,0,0,38.0,34,13,8,4,1,15,21,1.29,.243
Tim T Pugh,CIN,4,2,2.58,7,7,0,0,0,0,45.1,47,15,13,2,1,13,18,1.32,.276
Ken K Ryan,BOS,0,0,6.43,7,0,0,0,1,1,7.0,4,5,5,2,0,5,5,1.29,.174
Rich R Scheid,HOU,0,1,6.00,7,1,0,0,0,0,12.0,14,8,8,2,0,6,8,1.67,.280
Doug D Simons,MON,0,0,23.63,7,0,0,0,0,0,5.1,15,14,14,3,1,2,6,3.19,.500
Bruce B Walton,OAK,0,0,9.90,7,0,0,0,0,0,10.0,17,11,11,1,0,3,7,2.00,.378
Paul P Abbott,MIN,0,0,3.27,6,0,0,0,0,0,11.0,12,4,4,1,1,5,13,1.55,.279
Larry L Carter,SF,1,5,4.64,6,6,0,0,0,0,33.0,34,17,17,6,0,18,21,1.58,.270
Larry L Casian,MIN,1,0,2.70,6,0,0,0,0,0,6.2,7,2,2,0,0,1,2,1.20,.259
Mike M Jeffcoat,TEX,0,1,7.32,6,3,0,0,0,0,19.2,28,17,16,2,0,5,6,1.68,.350
Paul P Miller,PIT,1,0,2.38,6,0,0,0,0,0,11.1,11,3,3,0,0,1,5,1.06,.256
David D Nied,ATL,3,0,1.17,6,2,0,0,0,0,23.0,10,3,3,0,0,5,19,0.65,.130
Jim J Poole,BAL,0,0,0.00,6,0,0,0,0,0,3.1,3,3,0,0,0,1,3,1.20,.231
Kevin K Rogers,SF,0,2,4.24,6,6,0,0,0,0,34.0,37,17,16,4,1,13,26,1.47,.280
Wayne W Rosenthal,TEX,0,0,7.71,6,0,0,0,0,0,4.2,7,4,4,1,0,2,1,1.93,.333
Paul P Wagner,PIT,2,0,0.69,6,1,0,0,0,0,13.0,9,1,1,0,0,5,5,1.08,.191
Bobby B Ayala,CIN,2,1,4.34,5,5,0,0,0,0,29.0,33,15,14,1,1,13,23,1.59,.297
Brian B Drahman,CWS,0,0,2.57,5,0,0,0,0,0,7.0,6,3,2,0,0,2,1,1.14,.222
Peter P Hoy,BOS,0,0,7.36,5,0,0,0,0,0,3.2,8,3,3,0,0,2,2,2.73,.471
Joel J Johnston,KC,0,0,13.50,5,0,0,0,0,0,2.2,3,4,4,2,0,2,0,1.88,.273
Joe J Magrane,STL,1,2,4.02,5,5,0,0,0,0,31.1,34,15,14,2,2,15,20,1.56,.279
Lance L Mc Cullers,TEX,1,0,5.40,5,0,0,0,0,0,5.0,1,4,3,0,0,8,3,1.80,.067
Dennis D Moeller,KC,0,3,7.00,5,4,0,0,0,0,18.0,24,17,14,5,0,11,6,1.94,.333
Scott S Service,MON,0,0,14.14,5,0,0,0,0,0,7.0,15,11,11,1,0,5,11,2.86,.417
Mike M Walker,SEA,0,3,7.36,5,3,0,0,0,0,14.2,21,14,12,4,0,9,5,2.05,.333
Mike M Williams,PHI,1,1,5.34,5,5,1,0,0,0,28.2,29,20,17,3,0,7,5,1.26,.259
Scott S Chiamparino,TEX,0,4,3.55,4,4,0,0,0,0,25.1,25,11,10,2,0,5,13,1.18,.260
Pat P Combs,PHI,1,1,7.71,4,4,0,0,0,0,18.2,20,16,16,0,0,12,11,1.71,.278
Mike M Dunne,CWS,2,0,4.26,4,1,0,0,0,0,12.2,12,7,6,0,1,6,6,1.42,.255
Alan A Embree,CLE,0,2,7.00,4,4,0,0,0,0,18.0,19,14,14,3,1,8,12,1.50,.271
Jeff J Hartsock,CHC,0,0,6.75,4,0,0,0,0,0,9.1,15,7,7,2,0,4,6,2.04,.375
Jessie J Hollins,CHC,0,0,13.50,4,0,0,0,0,0,4.2,8,7,7,1,0,5,0,2.79,.400
Randy R Kramer,SEA,0,1,7.71,4,4,0,0,0,0,16.1,30,14,14,2,1,7,6,2.27,.400
Dave D Mlicki,CLE,0,2,4.98,4,4,0,0,0,0,21.2,23,14,12,3,1,16,16,1.80,.280
Dan D Smith,TEX,0,3,5.02,4,2,0,0,0,0,14.1,18,8,8,1,0,8,5,1.81,.321
Scott S Taylor,BOS,1,1,4.91,4,1,0,0,0,0,14.2,13,8,8,4,0,4,7,1.16,.245
Gerald G Alexander,TEX,1,0,27.00,3,0,0,0,0,0,1.2,5,5,5,1,0,1,1,3.60,.500
Doug D Brocail,SD,0,0,6.43,3,3,0,0,0,0,14.0,17,10,10,2,0,5,15,1.57,.298
Steve S Fireovid,TEX,1,0,4.05,3,0,0,0,0,0,6.2,10,5,3,0,0,4,0,2.10,.370
Sterling S Hitchcock,NYY,0,2,8.31,3,3,0,0,0,0,13.0,23,12,12,2,1,6,6,2.23,.377
Jonathan J Hurst,MON,1,1,5.51,3,3,0,0,0,0,16.1,18,10,10,1,1,7,4,1.53,.281
Barry B Manuel,TEX,1,0,4.76,3,0,0,0,0,0,5.2,6,3,3,2,1,1,9,1.24,.261
Tony T Menendez,CIN,1,0,1.93,3,0,0,0,0,0,4.2,1,1,1,1,0,0,5,0.21,.067
Jeff J Mutis,CLE,0,2,9.53,3,2,0,0,0,0,11.1,24,14,12,4,0,6,8,2.65,.429
Pat P Rapp,SF,0,2,7.20,3,2,0,0,0,0,10.0,8,8,8,0,1,6,3,1.40,.235
Armando A Reynoso,ATL,1,0,4.70,3,1,0,0,1,1,7.2,11,4,4,2,1,2,2,1.70,.393
Dave D Schmidt,SEA,0,0,18.90,3,0,0,0,0,0,3.1,7,7,7,1,0,3,1,3.00,.438
Joe J Vitko,NYM,0,1,13.50,3,1,0,0,0,0,4.2,12,11,7,1,0,1,6,2.79,.444
Pedro P Borbon,ATL,0,1,6.75,2,0,0,0,0,0,1.1,2,1,1,0,0,1,1,2.25,.333
John J Briscoe,OAK,0,1,6.43,2,2,0,0,0,0,7.0,12,6,5,0,0,9,4,3.00,.400
Keith K Brown,CIN,0,1,4.50,2,2,0,0,0,0,8.0,10,5,4,2,0,5,5,1.88,.313
Kevin K Brown,SEA,0,0,9.00,2,0,0,0,0,0,3.0,4,3,3,1,0,3,2,2.33,.333
Don D Carman,TEX,0,0,7.71,2,0,0,0,0,0,2.1,4,3,2,0,0,0,2,1.71,.364
Mauro M Gozzo,MIN,0,0,27.00,2,0,0,0,0,0,1.2,7,5,5,2,0,0,1,4.20,.583
Johnny J Guzman,OAK,0,0,12.00,2,0,0,0,0,0,3.0,8,4,4,0,1,0,0,2.67,.471
Hilly H Hathaway,CAL,0,0,7.94,2,1,0,0,0,0,5.2,8,5,5,1,0,3,1,1.94,.333
Richie R Lewis,BAL,1,1,10.80,2,2,0,0,0,0,6.2,13,8,8,1,0,7,4,3.00,.406
Pedro P Martinez,LA,0,1,2.25,2,1,0,0,0,0,8.0,6,2,2,0,0,1,8,0.88,.200
Matt M Maysey,MON,0,0,3.86,2,0,0,0,0,0,2.1,4,1,1,1,1,0,1,1.71,.364
Ed E Pierce,KC,0,0,3.38,2,1,0,0,0,0,5.1,9,2,2,1,0,4,3,2.44,.429
Todd T Revenig,OAK,0,0,0.00,2,0,0,0,0,0,2.0,2,0,0,0,0,0,1,1.00,.286
Jeff J Shaw,CLE,0,1,8.22,2,1,0,0,0,0,7.2,7,7,7,2,0,4,3,1.43,.259
Ricky R Trlicek,TOR,0,0,10.80,2,0,0,0,0,0,1.2,2,2,2,0,0,2,1,2.40,.286
David D Weathers,TOR,0,0,8.10,2,0,0,0,0,0,3.1,5,3,3,1,0,2,3,2.10,.385
Miguel M Batista,PIT,0,0,9.00,1,0,0,0,0,0,2.0,4,2,2,1,0,3,1,3.50,.400
Mike M Birkbeck,NYM,0,1,9.00,1,1,0,0,0,0,7.0,12,7,7,3,0,1,2,1.86,.387
Mike M Campbell,TEX,0,1,9.82,1,0,0,0,0,0,3.2,3,4,4,1,0,2,2,1.36,.231
Darrin D Chapin,PHI,0,0,9.00,1,0,0,0,0,0,2.0,2,2,2,1,0,0,1,1.00,.250
Al A Leiter,TOR,0,0,9.00,1,0,0,0,0,0,1.0,1,1,1,0,0,2,0,3.00,.200
Blas B Minor,PIT,0,0,4.50,1,0,0,0,0,0,2.0,3,2,1,0,0,0,0,1.50,.333
Bill B Pecota,NYM,0,0,9.00,1,0,0,0,0,0,1.0,1,1,1,1,0,0,0,1.00,.250
Bill B Risley,MON,1,0,1.80,1,1,0,0,0,0,5.0,4,1,1,0,0,1,2,1.00,.235
Mickey M Weston,PHI,0,1,12.27,1,1,0,0,0,0,3.2,7,5,5,1,1,1,0,2.18,.412
