PLAYER,TEAM,AB,R,H,2B,3B,HR,RBI,BB,SO,SB,CS,AVG,OBP,SLG,OPS
Jeff J Francoeur R,ATL,162,642,84,188,40,0,19,105,42,129,5,2,.293,.338,.444,.782
Carlos C Lee L,HOU,162,627,93,190,43,1,32,119,53,63,10,5,.303,.354,.528,.882
Juan J Pierre C,LAD,162,668,96,196,24,8,0,41,33,37,64,15,.293,.331,.353,.685
Jimmy J Rollins S,PHI,162,716,139,212,38,20,30,94,49,85,41,6,.296,.344,.531,.875
Grady G Sizemore C,CLE,162,628,118,174,34,5,24,78,101,155,33,10,.277,.390,.462,.852
Delmon D Young R,TB,162,645,65,186,38,0,13,93,26,127,10,3,.288,.316,.408,.724
Ryan R Zimmerman,WSH,162,653,99,174,43,5,24,91,61,125,4,1,.266,.330,.458,.788
Adrian A González,SD,161,646,101,182,46,3,30,100,65,140,0,0,.282,.347,.502,.849
Austin A Kearns R,WSH,161,587,84,156,35,1,16,74,71,106,2,2,.266,.355,.411,.765
Nick N Markakis R,BAL,161,637,97,191,43,3,23,112,61,112,18,6,.300,.362,.485,.848
Alex A Rios R,TOR,161,643,114,191,43,7,24,85,55,103,17,4,.297,.354,.498,.852
Aaron A Rowand C,PHI,161,612,105,189,45,0,27,89,47,119,6,3,.309,.374,.515,.889
Ichiro I Suzuki C,SEA,161,678,111,238,22,7,6,68,49,77,37,8,.351,.396,.431,.827
Eric E Byrnes L,ARI,160,626,103,179,30,8,21,83,57,98,50,7,.286,.353,.460,.813
Robinson R Canó,NYY,160,617,93,189,41,7,19,97,39,85,4,5,.306,.353,.488,.841
Aaron A Hill,TOR,160,608,87,177,47,2,17,78,41,102,4,3,.291,.333,.459,.792
Torii T Hunter C,MIN,160,600,94,172,45,1,28,107,40,101,18,9,.287,.334,.505,.839
Jose J Reyes S,NYM,160,681,119,191,36,12,12,57,77,78,78,21,.280,.354,.421,.775
David D Wright,NYM,160,604,113,196,42,1,30,107,94,115,34,5,.325,.416,.546,.963
Dan D Uggla,FLA,159,632,113,155,49,3,31,88,68,167,2,1,.245,.326,.479,.805
Bobby B Abreu R,NYY,158,605,123,171,40,5,16,101,84,115,25,8,.283,.369,.445,.814
Prince P Fielder,MIL,158,573,109,165,35,2,50,119,90,121,2,2,.288,.395,.618,1.013
Curtis C Granderson,DET,158,612,122,185,38,23,23,74,52,141,26,1,.302,.361,.552,.913
Matt M Holliday L,COL,158,636,120,216,50,6,36,137,63,126,11,4,.340,.405,.607,1.012
Brandon B Phillips,CIN,158,650,107,187,26,6,30,94,33,109,32,8,.288,.331,.485,.816
Albert A Pujols,STL,158,565,99,185,38,1,32,103,99,58,2,6,.327,.429,.568,.997
Alex A Rodriguez,NYY,158,583,143,183,31,0,54,156,95,120,24,4,.314,.422,.645,1.067
Garrett G Atkins,COL,157,605,83,182,35,1,25,111,67,96,3,1,.301,.367,.486,.853
Miguel M Cabrera,FLA,157,588,91,188,38,2,34,119,79,127,2,1,.320,.401,.565,.965
David D De Jesus C,KC,157,605,101,157,29,9,7,58,64,83,10,4,.260,.351,.372,.722
Justin J Morneau,MIN,157,590,84,160,31,3,31,111,64,91,1,1,.271,.343,.492,.834
Magglio M Ordonez R,DET,157,595,117,216,54,0,28,139,76,79,4,1,.363,.434,.595,1.029
Casey C Blake,CLE,156,588,81,159,36,4,18,78,54,123,4,5,.270,.339,.437,.776
Derek D Jeter S,NYY,156,639,102,206,39,4,12,73,56,100,15,8,.322,.388,.452,.840
Brian B Roberts,BAL,156,621,103,180,42,5,12,57,89,99,50,7,.290,.377,.432,.808
Michael M Young S,TEX,156,639,80,201,37,1,9,94,47,107,13,3,.315,.366,.418,.783
Yuniesky Y Betancourt S,SEA,155,536,72,155,38,2,9,67,15,48,5,4,.289,.308,.418,.726
Pat P Burrell L,PHI,155,472,77,121,26,0,30,97,114,120,0,0,.256,.400,.502,.902
Orlando O Cabrera S,LAA,155,638,101,192,35,1,8,86,44,64,20,4,.301,.345,.397,.742
Frank F Thomas D,TOR,155,531,63,147,30,0,26,95,81,94,0,0,.277,.377,.480,.857
Troy T Tulowitzki S,COL,155,609,104,177,33,5,24,99,57,130,7,6,.291,.359,.479,.838
Randy R Winn,SF,155,593,73,178,42,1,14,65,44,85,15,3,.300,.353,.445,.798
Todd T Helton,COL,154,557,86,178,42,2,17,91,116,74,0,1,.320,.434,.494,.928
Andruw A Jones C,ATL,154,572,83,127,27,2,26,94,70,138,5,2,.222,.311,.413,.724
Felipe F Lopez S,WSH,154,603,70,148,25,6,9,50,53,109,24,9,.245,.308,.352,.659
Mike M Lowell,BOS,154,589,79,191,37,2,21,120,53,71,3,2,.324,.378,.501,.879
Hanley H Ramirez S,FLA,154,639,125,212,48,6,29,81,52,95,51,14,.332,.386,.562,.948
Lance L Berkman,HOU,153,561,95,156,24,2,34,102,94,125,7,3,.278,.386,.510,.896
Andre A Ethier R,LAD,153,447,50,127,32,2,13,64,46,68,0,4,.284,.350,.452,.802
Khalil K Greene S,SD,153,611,89,155,44,3,27,97,32,128,4,0,.254,.291,.468,.759
Jose J Guillen R,SEA,153,593,84,172,28,2,23,99,41,118,5,1,.290,.353,.460,.813
Adam A Dunn L,CIN,152,522,101,138,27,2,40,106,101,165,9,2,.264,.386,.554,.940
Travis T Hafner D,CLE,152,545,80,145,25,2,24,100,102,115,1,1,.266,.385,.451,.837
Brad B Hawpe R,COL,152,516,80,150,33,4,29,116,81,137,0,2,.291,.387,.539,.926
Adam A La Roche,PIT,152,563,71,153,42,0,21,88,62,131,1,1,.272,.345,.458,.803
Tony T Pena S,KC,152,509,58,136,25,7,2,47,10,78,5,6,.267,.284,.356,.640
Jhonny J Peralta S,CLE,152,574,87,155,27,1,21,72,61,146,4,4,.270,.341,.430,.771
Mike M Cameron C,SD,151,571,88,138,33,6,21,78,67,160,18,5,.242,.328,.431,.759
Alex A Gordon,KC,151,543,60,134,36,4,15,60,41,137,14,4,.247,.314,.411,.724
Carlos C Guillen S,DET,151,564,86,167,35,9,21,102,55,93,13,8,.296,.357,.502,.859
J. J Hardy S,MIL,151,592,89,164,30,1,26,80,40,73,2,3,.277,.323,.463,.786
Aubrey A Huff D,BAL,151,550,68,154,34,5,15,72,48,87,1,1,.280,.337,.442,.778
Brandon B Inge,DET,151,508,64,120,25,2,14,71,47,150,9,2,.236,.312,.376,.688
Paul P Konerko,CWS,151,549,71,142,34,0,31,90,78,102,0,1,.259,.351,.490,.841
Russell R Martin,LAD,151,540,87,158,32,3,19,87,67,89,21,9,.293,.374,.469,.843
Melky M Cabrera C,NYY,150,545,66,149,24,8,8,73,43,68,13,5,.273,.327,.391,.718
Stephen S Drew,ARI,150,543,60,129,28,4,12,60,60,100,9,0,.238,.313,.370,.683
Mark M Ellis,OAK,150,583,84,161,33,3,19,76,44,94,9,4,.276,.336,.441,.777
Pedro P Feliz,SF,150,557,61,141,28,2,20,72,29,70,2,2,.253,.290,.418,.708
Vladimir V Guerrero R,LAA,150,574,89,186,45,1,27,125,71,62,2,3,.324,.403,.547,.950
Derrek D Lee,CHC,150,567,91,180,43,1,22,82,71,114,6,5,.317,.400,.513,.913
Nick N Punto,MIN,150,472,53,99,18,4,1,25,55,90,16,6,.210,.291,.271,.562
Nick N Swisher R,OAK,150,539,84,141,36,1,22,78,100,131,3,2,.262,.381,.455,.836
Juan J Uribe S,CWS,150,513,55,120,18,2,20,68,34,112,1,9,.234,.284,.394,.678
Adrian A Beltré,SEA,149,595,87,164,41,2,26,99,38,104,14,2,.276,.319,.482,.802
Mark M De Rosa,CHC,149,502,64,147,28,3,10,72,58,93,1,2,.293,.371,.420,.792
Raul R Ibanez L,SEA,149,573,80,167,35,5,21,105,53,97,0,0,.291,.351,.480,.831
Jose J Lopez,SEA,149,524,58,132,17,2,11,62,20,64,2,3,.252,.284,.355,.639
David D Ortiz,BOS,149,549,116,182,52,1,35,117,111,103,3,1,.332,.445,.621,1.066
Vernon V Wells C,TOR,149,584,85,143,36,4,16,80,49,89,10,4,.245,.304,.402,.706
Carlos C Pena,TB,148,490,99,138,29,1,46,121,103,142,1,0,.282,.411,.627,1.037
Ryan R Theriot S,CHC,148,537,80,143,30,2,3,45,49,50,28,4,.266,.326,.346,.672
Ty T Wigginton,HOU,148,547,71,152,33,0,22,67,41,113,3,4,.278,.333,.459,.792
Chris C Young,ARI,148,569,85,135,29,3,32,68,43,141,27,6,.237,.295,.467,.763
Ronnie R Belliard,WSH,147,511,57,148,35,1,11,58,34,72,3,0,.290,.332,.427,.759
Kelly K Johnson,ATL,147,521,91,144,26,10,16,68,79,117,9,5,.276,.375,.457,.831
Julio J Lugo S,BOS,147,570,71,135,36,2,8,73,48,82,33,6,.237,.294,.349,.643
Victor V Martinez,CLE,147,562,78,169,40,0,25,114,62,76,0,0,.301,.374,.505,.879
Freddy F Sanchez,PIT,147,602,77,183,42,4,11,81,32,76,0,1,.304,.343,.442,.784
Jose J Vidro D,SEA,147,548,78,172,26,0,6,59,63,57,0,0,.314,.381,.394,.775
Shannon S Stewart L,OAK,146,576,79,167,22,1,12,48,47,60,11,3,.290,.345,.394,.739
Jason J Bay L,PIT,145,538,78,133,25,2,21,84,59,141,4,1,.247,.327,.418,.746
Coco C Crisp,BOS,145,526,85,141,28,7,6,60,50,84,28,6,.268,.330,.382,.712
Kevin K Kouzmanoff,SD,145,484,57,133,30,2,18,74,32,94,1,0,.275,.329,.457,.786
Omar O Vizquel S,SF,145,513,54,126,18,3,4,51,44,48,14,6,.246,.305,.316,.621
Kevin K Youkilis,BOS,145,528,85,152,35,2,16,83,77,105,4,2,.288,.390,.453,.843
Carlos C Beltrán Beltran,NYM,144,554,93,153,33,3,33,112,69,111,23,2,.276,.353,.525,.878
Ryan R Church L,WSH,144,470,57,128,43,1,15,70,49,107,3,2,.272,.349,.464,.813
Michael M Cuddyer R,MIN,144,547,87,151,28,5,16,81,64,107,5,0,.276,.356,.433,.790
Ken K Griffey R,CIN,144,528,78,146,24,1,30,93,85,99,6,1,.277,.372,.496,.869
Ryan R Howard,PHI,144,529,94,142,26,0,47,136,107,199,1,0,.268,.392,.584,.976
Jorge J Posada,NYY,144,506,91,171,42,1,20,90,74,98,2,0,.338,.426,.543,.970
Mark M Teahen R,KC,144,544,78,155,31,8,7,60,55,127,13,5,.285,.353,.410,.763
Josh J Willingham L,FLA,144,521,75,138,32,4,21,89,66,122,8,1,.265,.364,.463,.827
Sean S Casey,DET,143,453,40,134,30,1,4,54,39,42,2,2,.296,.353,.393,.746
Carl C Crawford L,TB,143,584,93,184,37,9,11,80,32,112,50,10,.315,.355,.466,.820
Hideki H Matsui L,NYY,143,547,100,156,28,4,25,103,73,73,4,2,.285,.367,.488,.855
Jose J Bautista,PIT,142,532,75,135,36,2,15,63,68,101,6,3,.254,.339,.414,.753
Greg G Dobbs,PHI,142,324,45,88,20,4,10,55,29,67,3,0,.272,.330,.451,.780
Placido P Polanco,DET,142,587,105,200,36,3,9,67,37,30,7,3,.341,.388,.458,.846
Craig C Biggio,HOU,141,517,68,130,31,3,10,50,23,112,4,3,.251,.285,.381,.666
Johnny J Damon D,NYY,141,533,93,144,27,2,12,63,66,79,27,3,.270,.351,.396,.747
Jason J Bartlett S,MIN,140,510,75,135,20,7,5,43,50,73,23,3,.265,.339,.361,.699
J. D. J Drew R,BOS,140,466,84,126,30,4,11,64,79,100,4,2,.270,.373,.423,.796
Corey C Hart R,MIL,140,505,86,149,33,9,24,81,36,99,23,7,.295,.353,.539,.892
Gary G Matthews C,LAA,140,516,79,130,26,3,18,72,55,102,18,4,.252,.323,.419,.742
Kevin K Millar,BAL,140,476,63,121,26,1,17,63,76,94,1,1,.254,.365,.420,.785
Carlos C Delgado,NYM,139,538,71,139,30,0,24,87,52,118,4,0,.258,.333,.448,.781
Edwin E Encarnación,CIN,139,502,66,145,25,1,16,76,39,86,8,1,.289,.356,.438,.794
Luis L Gonzalez,LAD,139,464,70,129,23,2,15,68,56,56,6,2,.278,.359,.433,.792
Orlando O Hudson,ARI,139,517,69,152,28,9,10,63,70,87,10,2,.294,.376,.441,.817
Brian B Mc Cann,ATL,139,504,51,136,38,0,18,92,35,74,0,1,.270,.320,.452,.772
Dustin D Pedroia,BOS,139,520,86,165,39,1,8,50,47,42,7,1,.317,.380,.442,.822
Ray R Durham,SF,138,464,56,101,21,2,11,71,53,75,10,2,.218,.295,.343,.638
Jermaine J Dye R,CWS,138,508,68,129,34,0,28,78,45,107,2,1,.254,.317,.486,.804
Rafael R Furcal S,LAD,138,581,87,157,23,4,6,47,55,68,25,6,.270,.333,.355,.687
Ryan R Garko,CLE,138,484,62,140,29,1,21,61,34,94,0,1,.289,.359,.483,.842
Brendan B Harris S,TB,137,521,72,149,35,3,12,59,42,96,4,1,.286,.343,.434,.777
Jason J Kendall,CHC,137,466,45,113,20,1,3,41,31,42,3,4,.242,.301,.309,.610
Casey C Kotchman,LAA,137,443,64,131,37,3,11,68,53,43,2,4,.296,.372,.467,.840
Nate N Mc Louth C,PIT,137,329,62,85,21,3,13,38,39,77,22,1,.258,.351,.459,.810
Bill B Hall C,MIL,136,452,59,115,35,0,14,63,40,128,4,5,.254,.315,.425,.740
Jeff J Kent,LAD,136,494,78,149,36,1,20,79,57,61,1,3,.302,.375,.500,.875
Kenny K Lofton L,CLE,136,490,86,145,25,6,7,38,56,51,23,7,.296,.367,.414,.781
Abraham O. A Nunez,PHI,136,252,24,59,10,1,0,16,30,48,2,0,.234,.318,.282,.600
A. J. A Pierzynski,CWS,136,472,54,124,24,0,14,50,25,66,1,1,.263,.309,.403,.712
Reggie R Willits L,LAA,136,430,74,126,20,1,0,34,69,83,27,8,.293,.391,.344,.735
Dmitri D Young,WSH,136,460,57,147,38,1,13,74,44,74,0,0,.320,.378,.491,.869
Luis L Castillo,NYM,135,548,91,165,19,5,1,38,53,45,19,6,.301,.362,.359,.721
Matt M Diaz L,ATL,135,358,44,121,21,0,12,45,16,63,4,0,.338,.368,.497,.865
Tadahito T Iguchi,PHI,135,465,67,124,27,4,9,43,57,88,14,2,.267,.347,.400,.746
Kenji K Johjima,SEA,135,485,52,139,29,0,14,61,15,41,0,2,.287,.322,.433,.755
Jacque J Jones C,CHC,135,453,52,129,33,2,5,66,34,70,6,3,.285,.335,.400,.735
Alfonso A Soriano L,CHC,135,579,97,173,42,5,33,70,31,130,19,6,.299,.337,.560,.897
Jack J Wilson S,PIT,135,477,67,141,29,2,12,56,38,46,2,5,.296,.350,.440,.791
Chipper C Jones,ATL,134,513,108,173,42,4,29,102,82,75,5,1,.337,.425,.604,1.029
Bengie B Molina,SF,134,497,38,137,19,1,19,81,15,53,0,0,.276,.298,.433,.731
Alfredo A Amezaga C,FLA,133,400,46,105,14,9,2,30,35,52,13,7,.263,.324,.358,.682
Mark M Loretta S,HOU,133,460,52,132,23,2,4,41,44,41,1,2,.287,.352,.372,.724
Aaron A Miles,STL,133,414,55,120,16,1,2,32,25,40,2,1,.290,.328,.348,.676
Ronny R Paulino,PIT,133,457,56,120,25,0,11,55,33,79,2,2,.263,.314,.389,.703
Manny M Ramirez L,BOS,133,483,84,143,33,1,20,88,71,92,0,0,.296,.388,.493,.881
Gary G Sheffield D,DET,133,494,107,131,20,1,25,75,84,71,22,5,.265,.378,.462,.839
Miguel M Tejada S,BAL,133,514,72,152,19,1,18,81,41,55,2,1,.296,.357,.442,.799
Geoff G Jenkins L,MIL,132,420,45,107,24,2,21,64,32,116,2,2,.255,.319,.471,.790
Corey C Patterson,BAL,132,461,65,124,26,2,8,45,21,65,37,9,.269,.304,.386,.690
Aramis A Ramirez,CHC,132,506,72,157,35,4,26,101,43,66,0,0,.310,.366,.549,.915
Luke L Scott R,HOU,132,369,49,94,28,5,18,64,53,95,3,1,.255,.351,.504,.855
Mark M Teixeira,ATL,132,494,86,151,33,2,30,105,72,112,0,0,.306,.400,.563,.963
Chase C Utley,PHI,132,530,104,176,48,5,22,103,50,89,9,1,.332,.410,.566,.976
Jay J Payton L,BAL,131,434,48,111,21,5,7,58,22,42,5,2,.256,.292,.376,.668
Jason J Varitek,BOS,131,435,57,111,15,3,17,68,71,122,1,2,.255,.367,.421,.788
Shane S Victorino R,PHI,131,456,78,128,23,3,12,46,37,62,37,4,.281,.347,.423,.770
Josh J Barfield,CLE,130,420,53,102,19,3,3,50,14,90,14,5,.243,.270,.324,.594
Shawn S Green R,NYM,130,446,62,130,30,1,10,46,37,62,11,1,.291,.352,.430,.782
Conor C Jackson,ARI,130,415,56,118,29,1,15,60,53,50,2,2,.284,.368,.467,.836
Ian I Kinsler,TEX,130,483,96,127,22,2,20,61,62,83,23,2,.263,.355,.441,.796
So S Taguchi C,STL,130,307,48,89,15,0,3,30,23,32,7,4,.290,.350,.368,.718
Jim J Thome D,CWS,130,432,79,119,19,0,35,96,95,134,0,1,.275,.410,.563,.973
Ivan I Rodriguez,DET,129,502,50,141,31,3,11,63,9,96,2,2,.281,.294,.420,.714
Brian B Schneider,WSH,129,408,33,96,21,1,6,54,56,56,0,0,.235,.326,.336,.661
B. J. B Upton C,TB,129,474,86,142,25,1,24,82,65,154,22,8,.300,.386,.508,.894
Jason J Kubel L,MIN,128,418,49,114,31,2,13,65,41,79,5,0,.273,.335,.450,.785
Chris C Duncan L,STL,127,375,51,97,20,0,21,70,55,123,2,1,.259,.354,.480,.834
Barry B Bonds L,SF,126,340,75,94,14,0,28,66,132,54,5,0,.276,.480,.565,1.045
Melvin M Mora,BAL,126,467,67,128,23,1,14,58,47,83,9,3,.274,.341,.418,.759
Ryan R Langerhans L,WSH,125,210,27,35,7,2,6,23,29,81,3,1,.167,.272,.305,.576
Xavier X Nady R,PIT,125,431,55,120,23,1,20,72,23,101,3,1,.278,.330,.476,.805
Matt M Stairs,TOR,125,357,58,103,28,1,21,64,44,66,2,1,.289,.368,.549,.917
Jack J Cust D,OAK,124,395,61,101,18,1,26,82,105,164,0,2,.256,.408,.504,.912
Mike M Lamb,HOU,124,311,45,90,14,2,11,40,36,45,0,0,.289,.366,.453,.820
Edgar E Renteria S,ATL,124,494,87,164,30,1,12,57,46,77,11,2,.332,.390,.470,.860
Jeremy J Hermida R,FLA,123,429,54,127,32,1,18,63,47,105,3,4,.296,.369,.501,.870
Akinori A Iwamura,TB,123,491,82,140,21,10,7,34,58,114,12,8,.285,.359,.411,.770
John J Mc Donald S,TOR,123,327,32,82,20,2,1,31,11,48,7,2,.251,.279,.333,.612
Geoff G Blum,SD,122,330,34,83,21,1,5,33,32,52,0,0,.252,.319,.367,.686
Craig C Counsell,MIL,122,282,31,62,12,2,3,24,41,47,4,2,.220,.323,.309,.632
Craig C Monroe R,CHC,122,392,53,86,23,0,12,59,26,107,0,4,.219,.268,.370,.638
Miguel M Olivo,FLA,122,452,43,107,20,4,16,60,14,123,3,2,.237,.262,.405,.667
Lyle L Overbay,TOR,122,425,49,102,30,2,10,44,47,78,2,0,.240,.315,.391,.706
Wilson W Betemit,NYY,121,240,33,55,12,0,14,50,38,82,0,0,.229,.333,.454,.788
Nomar N Garciaparra,LAD,121,431,39,122,17,0,7,59,31,41,3,1,.283,.328,.371,.700
Esteban E German,KC,121,348,49,92,15,6,4,37,43,60,11,7,.264,.351,.376,.727
Brian B Giles R,SD,121,483,72,131,27,2,13,51,64,61,4,6,.271,.361,.416,.777
Norris N Hopper C,CIN,121,307,51,101,14,2,0,14,20,33,14,6,.329,.371,.388,.758
Richie R Sexson,SEA,121,434,58,89,21,0,21,63,51,100,1,0,.205,.295,.399,.694
Johnny J Estrada,MIL,120,442,40,123,25,0,10,54,12,43,0,0,.278,.296,.403,.699
Gerald G Laird,TEX,120,407,48,91,18,3,9,47,30,103,6,2,.224,.278,.349,.626
Ryan R Ludwick L,STL,120,303,42,81,22,0,14,52,26,72,4,4,.267,.339,.479,.818
Scott S Thorman,ATL,120,287,37,62,18,0,11,36,14,70,1,1,.216,.258,.394,.652
Paul P Lo Duca,NYM,119,445,46,121,18,1,9,54,24,33,2,0,.272,.311,.378,.689
Dioner D Navarro,TB,119,388,46,88,19,2,9,44,33,67,3,1,.227,.286,.356,.641
Brad B Wilkerson,TEX,119,338,54,79,17,1,20,62,43,107,4,1,.234,.319,.467,.786
Josh J Bard,SD,118,389,42,111,27,2,5,51,50,58,0,1,.285,.364,.404,.768
Robert R Fick,WSH,118,197,24,46,6,1,2,16,19,42,0,1,.234,.309,.305,.614
Nook N Logan C,WSH,118,325,39,86,18,4,0,21,19,86,23,5,.265,.304,.345,.649
Rickie R Weeks Jr.,MIL,118,409,87,96,21,6,16,36,78,116,25,2,.235,.374,.433,.806
Brad B Ausmus,HOU,117,349,38,82,16,3,3,25,37,74,6,1,.235,.318,.324,.642
David D Eckstein S,STL,117,434,58,134,23,0,3,31,24,22,10,1,.309,.356,.382,.739
Jim J Edmonds C,STL,117,365,39,92,15,2,12,53,41,75,0,2,.252,.325,.403,.728
Willie W Harris L,ATL,117,344,56,93,20,8,2,32,40,71,17,11,.270,.349,.392,.741
Dan D Johnson,OAK,117,416,53,98,20,1,18,62,72,77,0,0,.236,.349,.418,.768
Marcus M Giles,SD,116,420,52,96,19,3,4,39,44,82,10,3,.229,.304,.317,.621
Mark M Grudzielanek,KC,116,453,70,137,32,3,6,51,23,60,1,2,.302,.346,.426,.772
Scott S Hatteberg,CIN,116,361,50,112,27,1,10,47,49,35,0,0,.310,.394,.474,.868
Ryan R Klesko,SF,116,362,51,94,27,3,6,44,46,68,5,1,.260,.344,.401,.744
Morgan M Ensberg,SD,115,282,47,65,13,0,12,39,38,67,0,1,.230,.320,.404,.724
Chone C Figgins,LAA,115,442,81,146,24,6,3,58,51,81,41,12,.330,.393,.432,.825
Troy T Glaus,TOR,115,385,60,101,19,1,20,62,61,102,0,1,.262,.366,.473,.839
Todd T Linden,FLA,115,184,21,45,8,1,1,11,19,59,4,0,.245,.319,.315,.634
Carlos C Ruiz,PHI,115,374,42,97,29,2,6,54,42,49,6,1,.259,.340,.396,.735
Mike M Jacobs,FLA,114,426,57,113,27,2,17,54,31,101,1,2,.265,.317,.458,.775
Dave D Roberts C,SF,114,396,61,103,17,9,2,23,42,66,31,5,.260,.331,.364,.695
Sammy S Sosa D,TEX,114,412,53,104,24,1,21,92,34,112,0,0,.252,.311,.468,.779
Jason J Tyner L,MIN,114,304,42,87,14,2,1,22,16,26,8,3,.286,.331,.355,.687
Ryan R Braun,MIL,113,451,91,146,26,6,34,97,29,112,15,5,.324,.370,.634,1.004
Emil E Brown L,KC,113,366,44,94,13,1,6,62,24,71,12,2,.257,.300,.347,.647
John J Buck,KC,113,347,41,77,18,0,18,48,36,92,0,1,.222,.308,.429,.738
Tony T Clark,ARI,113,221,31,55,5,1,17,51,21,59,0,0,.249,.310,.511,.822
Rob R Mackowiak,SD,113,293,40,77,14,2,6,38,26,71,4,1,.263,.337,.386,.723
Yorvit Y Torrealba,COL,113,396,47,101,22,1,8,47,34,73,2,1,.255,.323,.376,.699
Wes W Helms,PHI,112,280,21,69,19,0,5,39,19,62,0,0,.246,.297,.368,.665
Scott S Rolen,STL,112,392,55,104,24,2,8,58,37,56,5,3,.265,.331,.398,.729
David D Ross,CIN,112,311,32,63,10,0,17,39,30,92,0,0,.203,.271,.399,.670
Chris C Burke,HOU,111,319,39,73,19,2,6,28,27,52,9,3,.229,.304,.357,.662
Yadier Y Molina,STL,111,353,30,97,15,0,6,40,34,43,1,1,.275,.340,.368,.708
Mark M Reynolds,ARI,111,366,62,102,20,4,17,62,37,129,0,1,.279,.349,.495,.843
Alex A Gonzalez S,CIN,110,393,55,107,27,1,16,55,24,75,0,1,.272,.325,.468,.793
Cesar C Izturis S,PIT,110,314,31,81,14,2,0,16,19,19,3,3,.258,.302,.315,.618
Wily Mo W Peña Pena L,WSH,110,289,42,73,13,1,13,39,22,94,2,1,.253,.319,.439,.758
Chris C Snyder,ARI,110,326,37,82,20,0,13,47,40,67,0,1,.252,.342,.433,.775
Gregg G Zaun,TOR,110,331,43,80,24,1,10,52,51,55,0,0,.242,.341,.411,.752
Marlon M Byrd C,TEX,109,414,60,127,17,8,10,70,29,88,5,3,.307,.355,.459,.814
Kevin K Frandsen,SF,109,264,26,71,12,1,5,31,21,24,4,3,.269,.331,.379,.710
Joe J Mauer,MIN,109,406,62,119,27,3,7,60,57,51,7,1,.293,.382,.426,.808
Garret G Anderson L,LAA,108,417,67,124,31,1,16,80,27,54,1,0,.297,.336,.492,.827
Jamey J Carroll,COL,108,227,45,51,9,1,2,22,28,34,6,2,.225,.317,.300,.616
Cliff C Floyd R,CHC,108,282,40,80,10,1,9,45,35,47,0,0,.284,.373,.422,.795
Hunter H Pence C,HOU,108,456,57,147,30,9,17,69,26,95,11,5,.322,.360,.539,.899
Jonny J Gomes D,TB,107,348,48,85,20,2,17,49,35,126,12,4,.244,.322,.460,.782
Scott S Hairston L,SD,107,263,37,64,18,2,11,36,26,55,2,0,.243,.313,.452,.765
Ramon R Hernandez,BAL,106,364,40,94,18,0,9,62,36,59,1,3,.258,.333,.382,.714
Mark M Sweeney,LAD,106,123,20,32,9,0,2,13,14,29,2,0,.260,.350,.382,.732
Michael M Bourn L,PHI,105,119,29,33,3,3,1,6,13,21,18,1,.277,.348,.378,.727
Jason J Michaels L,CLE,105,267,43,72,11,1,7,39,20,50,3,4,.270,.324,.397,.721
Josh J Wilson S,TB,105,282,28,67,15,3,2,24,17,57,6,2,.238,.290,.333,.623
Kazuo K Matsui,COL,104,410,84,118,24,6,4,37,34,69,32,4,.288,.342,.405,.746
Marco M Scutaro S,OAK,104,338,49,88,13,0,7,41,35,40,2,1,.260,.332,.361,.692
Ramon R Vázquez,TEX,104,300,42,69,13,3,8,28,29,72,1,0,.230,.300,.373,.674
Frank F Catalanotto L,TEX,103,331,52,86,20,4,11,44,28,37,2,1,.260,.337,.444,.781
Ross R Gload,KC,102,320,37,92,22,3,7,51,16,39,2,2,.288,.318,.441,.758
Maicer M Izturis,LAA,102,336,47,97,17,2,6,51,33,39,7,1,.289,.349,.405,.753
Michael M Barrett,SD,101,344,29,84,17,0,9,41,19,57,2,2,.244,.281,.372,.653
Jeff J Conine,NYM,101,256,25,65,13,1,6,37,27,36,4,0,.254,.317,.383,.700
Kevin K Mench L,MIL,101,288,39,77,20,3,8,37,16,21,3,1,.267,.305,.441,.746
Orlando O Palmeiro,HOU,101,103,12,24,3,0,0,6,16,8,0,1,.233,.342,.262,.604
Jason J Ellison L,CIN,100,94,16,22,1,0,1,2,6,27,4,3,.234,.287,.277,.564
Josh J Fields,CWS,100,373,54,91,17,1,23,67,35,125,1,1,.244,.308,.480,.788
Franklin F Gutierrez R,CLE,100,271,41,72,13,2,13,36,21,77,8,3,.266,.318,.472,.790
Terrmel T Sledge L,SD,100,200,22,42,9,0,7,23,27,60,1,2,.210,.310,.360,.670
Rich R Aurilia,SF,99,329,40,83,19,2,5,33,22,45,0,0,.252,.304,.368,.672
Ben B Broussard,SEA,99,240,27,66,10,0,7,29,17,50,2,0,.275,.330,.404,.734
Trot T Nixon R,CLE,99,307,30,77,17,0,3,31,44,59,0,0,.251,.342,.336,.677
Ruben R Gotay,NYM,98,190,25,56,12,0,4,24,16,42,3,3,.295,.351,.421,.772
Matt M Kemp R,LAD,98,292,47,100,12,5,10,42,16,66,10,5,.342,.373,.521,.894
Jason J Wood,FLA,98,117,11,28,6,0,3,26,8,38,0,0,.239,.286,.368,.653
Ryan R Spilborghs C,COL,97,264,40,79,14,1,11,51,28,45,4,1,.299,.363,.485,.848
Willy W Taveras C,COL,97,372,64,119,13,2,2,24,21,55,33,9,.320,.367,.382,.748
Javier J Valentin,CIN,97,243,19,67,21,0,2,34,19,25,0,0,.276,.328,.387,.715
Nelson N Cruz R,TEX,96,307,35,72,15,2,9,34,21,87,2,4,.235,.287,.384,.671
James J Loney,LAD,96,344,41,114,18,4,15,67,28,48,0,1,.331,.381,.538,.919
Yunel Y Escobar S,ATL,94,319,54,104,25,0,5,28,27,44,5,3,.326,.385,.451,.837
Matt M Murton R,CHC,94,235,35,66,13,0,8,22,26,39,1,0,.281,.352,.438,.791
Josh J Phelps,PIT,94,157,21,48,6,2,7,31,20,42,0,0,.306,.399,.503,.902
Jayson J Werth R,PHI,94,255,43,76,11,3,8,49,44,73,7,1,.298,.404,.459,.863
Bobby B Crosby S,OAK,93,349,40,79,16,0,8,31,23,62,10,2,.226,.278,.341,.619
Gabe G Gross R,MIL,93,183,28,43,12,2,7,24,25,37,3,1,.235,.329,.437,.766
Jerry J Owens C,CWS,93,356,44,95,9,2,1,17,27,63,32,8,.267,.324,.312,.636
Jarrod J Saltalamacchia,TEX,93,308,39,82,13,1,11,33,19,75,0,0,.266,.310,.422,.732
Billy B Butler D,KC,92,329,38,96,23,2,8,52,27,55,0,0,.292,.347,.447,.794
Chris C Gomez,CLE,92,222,21,66,12,1,1,21,10,26,1,2,.297,.325,.374,.699
Olmedo O Saenz,LAD,92,110,9,21,5,0,4,18,16,25,0,0,.191,.295,.345,.641
Chris C Woodward,ATL,92,136,16,27,6,1,1,8,10,29,1,0,.199,.252,.279,.531
Willie W Bloomquist,SEA,91,173,28,48,3,0,2,13,10,35,7,5,.277,.321,.329,.650
Jose J Cruz L,SD,91,256,37,60,12,3,6,21,31,65,6,1,.234,.316,.375,.691
Eric E Chavez,OAK,90,341,43,82,21,2,15,46,34,76,4,2,.240,.306,.446,.752
Josh J Hamilton C,CIN,90,298,52,87,17,2,19,47,33,65,3,3,.292,.368,.554,.922
Russell R Branyan,STL,89,163,22,32,5,1,10,26,28,69,1,0,.196,.320,.423,.743
Adam A Lind L,TOR,89,290,34,69,14,0,11,46,16,65,1,2,.238,.278,.400,.678
Howie H Kendrick,LAA,88,338,55,109,24,2,5,39,9,61,5,4,.322,.347,.450,.796
Skip S Schumaker,STL,88,177,19,59,12,2,2,19,8,20,1,1,.333,.358,.458,.816
Moises M Alou L,NYM,87,328,51,112,19,1,13,49,27,30,3,0,.341,.392,.524,.916
Jose J Castillo,PIT,87,221,18,54,18,1,0,24,6,48,0,0,.244,.270,.335,.604
Darin D Erstad C,CWS,87,310,33,77,13,1,4,32,28,44,7,2,.248,.310,.335,.645
Adam A Kennedy,STL,87,279,27,61,9,1,3,18,22,33,6,2,.219,.282,.290,.572
Felix F Pie C,CHC,87,177,26,38,9,3,2,20,14,43,8,1,.215,.271,.333,.604
Mike M Fontenot,CHC,86,234,32,65,12,4,3,29,22,43,5,4,.278,.336,.402,.738
Tony T Graffanino,MIL,86,231,34,55,8,0,9,30,24,44,0,1,.238,.315,.390,.705
Marcus M Thames L,DET,86,269,37,65,15,0,18,54,13,72,2,1,.242,.278,.498,.776
Jeff J Baker,COL,85,144,17,32,2,2,4,12,13,40,0,0,.222,.296,.347,.643
Joe J Borchard,FLA,85,179,20,35,9,0,4,19,21,60,4,0,.196,.287,.313,.600
Jay J Gibbons L,BAL,84,270,28,62,14,0,6,28,15,52,0,0,.230,.272,.348,.621
Eric E Hinske,BOS,84,186,25,38,12,3,6,21,28,54,3,0,.204,.317,.398,.714
Miguel M Montero,ARI,84,214,30,48,7,0,10,37,20,35,0,0,.224,.292,.397,.689
Alex A Cora,BOS,83,207,30,51,10,5,3,18,7,23,1,1,.246,.298,.386,.684
Ryan R Doumit,PIT,83,252,33,69,19,2,9,32,22,59,1,2,.274,.341,.472,.813
Jason J Giambi D,NYY,83,254,31,60,8,0,14,39,40,66,1,0,.236,.356,.433,.790
Mike M Piazza D,OAK,83,309,33,85,17,1,8,44,18,61,0,0,.275,.313,.414,.727
Jon J Rauch,WSH,83,3,0,0,0,0,0,0,0,2,0,0,.000,.000,.000,.000
Travis T Buck R,OAK,82,285,41,82,22,5,7,34,39,66,4,1,.288,.377,.474,.850
Miguel M Cairo,STL,82,174,20,44,9,2,0,15,11,24,10,2,.253,.303,.328,.631
Mike M Redmond,MIN,82,272,23,80,13,0,1,38,18,23,0,0,.294,.346,.353,.699
Jonathan J Broxton,LAD,81,0,0,0,0,0,0,0,0,0,0,0,.000,.000,.000,.000
Carlos C Quentin R,ARI,81,229,29,49,16,0,5,31,18,54,2,2,.214,.298,.349,.647
Scott S Spiezio,STL,81,223,31,60,14,0,4,31,27,40,0,1,.269,.354,.386,.740
Tony T Batista,WSH,80,101,10,26,3,0,2,16,12,14,0,0,.257,.347,.347,.694
Joe J Beimel,LAD,80,1,0,0,0,0,0,0,0,1,0,0,.000,.000,.000,.000
Eric E Bruntlett S,HOU,80,138,16,34,5,0,0,14,20,27,6,3,.246,.346,.283,.628
Saul S Rivera,WSH,80,1,0,0,0,0,0,0,1,0,0,0,.000,.500,.000,.500
Erick E Aybar,LAA,79,194,18,46,5,1,1,19,10,32,4,4,.237,.279,.289,.568
Jesus J Flores,WSH,79,180,21,44,9,0,4,25,14,48,0,1,.244,.310,.361,.671
Aaron A Heilman,NYM,79,0,0,0,0,0,0,0,0,0,0,0,.000,.000,.000,.000
Reed R Johnson L,TOR,79,275,31,65,13,2,2,14,16,56,4,2,.236,.305,.320,.625
Robb R Quinlan,LAA,79,178,21,44,9,0,3,21,14,27,3,2,.247,.304,.348,.652
Daryle D Ward,CHC,79,110,16,36,13,0,3,19,22,23,0,0,.327,.436,.527,.963
Heath H Bell,SD,78,0,0,0,0,0,0,0,0,0,0,0,.000,.000,.000,.000
Jeff J Cirillo,ARI,78,193,24,48,13,2,2,27,19,19,2,0,.249,.316,.368,.684
Juan J Encarnacion R,STL,78,283,43,80,17,1,9,47,18,43,2,2,.283,.324,.445,.769
Matt M Kata,PIT,78,158,21,35,9,1,3,16,5,33,1,0,.222,.255,.348,.603
Cla C Meredith,SD,78,1,0,0,0,0,0,0,0,0,0,0,.000,.000,.000,.000
Royce R Clayton,BOS,77,195,24,48,14,0,1,12,14,53,2,1,.246,.296,.333,.629
Peter P Moylan,ATL,77,4,0,0,0,0,0,0,1,3,0,0,.000,.200,.000,.200
Damion D Easley,NYM,76,193,24,54,6,0,10,26,19,35,0,1,.280,.358,.466,.824
Pedro P Feliciano,NYM,76,0,0,0,0,0,0,0,0,0,0,0,.000,.000,.000,.000
Chad C Tracy,ARI,76,227,30,60,18,2,7,35,29,43,0,0,.264,.346,.454,.800
Rajai R Davis C,SF,75,190,32,53,11,2,1,9,21,28,22,6,.279,.361,.374,.735
Ryan R Freel C,CIN,75,277,44,68,13,3,3,16,18,47,15,8,.245,.308,.347,.654
Mike M Napoli,LAA,75,219,40,54,11,1,10,34,33,63,5,2,.247,.351,.443,.794
Greg G Norton D,TB,75,202,25,49,9,0,4,23,37,55,1,1,.243,.358,.347,.705
Chad C Qualls,HOU,75,0,0,0,0,0,0,0,0,0,0,0,.000,.000,.000,.000
Manny M Corpas,COL,74,0,0,0,0,0,0,0,0,0,0,0,.000,.000,.000,.000
Joey J Gathright L,KC,74,228,28,70,8,0,0,19,20,36,9,8,.307,.371,.342,.713
Bob B Howry,CHC,74,0,0,0,0,0,0,0,0,0,0,0,.000,.000,.000,.000
Mike M Sweeney D,KC,74,265,26,69,15,1,7,38,17,29,0,0,.260,.315,.404,.719
Jerry J Hairston C,TEX,73,159,22,30,7,0,3,16,11,24,5,1,.189,.249,.289,.538
Shea S Hillenbrand,LAD,73,267,25,67,5,2,4,31,7,30,0,3,.251,.270,.330,.599
D' Angelo D Jimenez,WSH,73,102,14,25,7,0,2,10,21,22,2,1,.245,.379,.373,.752
Jeremy J Affeldt,COL,72,0,0,0,0,0,0,0,0,0,0,0,.000,.000,.000,.000
Matt M Capps,PIT,72,1,0,1,0,0,0,0,0,0,0,0,1.000,1.000,1.000,2.000
Doug D Mientkiewicz,NYY,72,166,26,46,12,0,5,24,16,23,0,0,.277,.349,.440,.789
Ramon R Pena,ARI,72,4,1,1,0,0,0,1,0,2,0,0,.250,.250,.250,.500
Russ R Springer,STL,72,1,0,0,0,0,0,0,0,1,0,0,.000,.000,.000,.000
Cory C Sullivan,COL,72,140,19,40,6,1,2,14,9,25,2,0,.286,.336,.386,.721
Derrick D Turnbow,MIL,72,0,0,0,0,0,0,0,0,0,0,0,.000,.000,.000,.000
Tyler T Yates,ATL,72,1,0,0,0,0,0,0,0,1,0,0,.000,.000,.000,.000
Endy E Chavez L,NYM,71,150,20,43,7,2,1,17,9,16,5,2,.287,.325,.380,.705
Chad C Cordero,WSH,71,1,0,0,0,0,0,0,0,1,0,0,.000,.000,.000,.000
Jason J Lane C,SD,71,171,18,30,5,0,8,27,16,31,1,1,.175,.254,.345,.599
Trever T Miller,HOU,71,0,0,0,0,0,0,0,0,0,0,0,.000,.000,.000,.000
Angel A Pagán Pagan C,CHC,71,148,21,39,10,2,4,21,10,32,4,1,.264,.306,.439,.745
Michael M Wuertz,CHC,71,2,0,0,0,0,0,0,0,1,0,0,.000,.000,.000,.000
Freddie F Bynum,BAL,70,96,21,25,8,2,2,11,2,30,8,1,.260,.290,.448,.738
Chris C Duffy,PIT,70,241,31,60,11,3,3,22,21,43,13,4,.249,.313,.357,.670
Scott S Linebrink,MIL,70,1,0,0,0,0,0,0,0,1,0,0,.000,.000,.000,.000
Brandon B Lyon,ARI,70,0,0,0,0,0,0,0,0,0,0,0,.000,.000,.000,.000
Brian B Shouse,MIL,70,0,0,0,0,0,0,0,0,0,0,0,.000,.000,.000,.000
Aaron A Boone,FLA,69,189,27,54,11,0,5,28,21,41,2,0,.286,.388,.423,.811
Kevin K Gregg,FLA,69,2,0,0,0,0,0,0,0,2,0,0,.000,.000,.000,.000
Tony A Gwynn Jr.,MIL,69,123,13,32,3,2,0,10,12,24,8,1,.260,.326,.317,.643
Jose J Molina,NYY,69,191,18,49,13,0,1,19,5,43,2,1,.257,.274,.340,.614
Jason J Smith S,KC,69,141,16,28,3,2,6,18,6,53,0,0,.199,.235,.376,.611
Alex A Cintron,CWS,68,185,23,45,7,1,2,19,9,35,2,1,.243,.281,.324,.605
Brady B Clark C,SD,68,107,13,28,5,2,0,11,14,18,1,3,.262,.352,.346,.698
Brad B Hennessey,SF,68,1,0,0,0,0,0,0,0,0,0,0,.000,.000,.000,.000
Luis Antonio L Rodriguez,MIN,68,155,18,34,5,1,2,12,12,14,1,0,.219,.281,.303,.584
Scott S Schoeneweis,NYM,68,0,0,0,0,0,0,0,0,0,0,0,.000,.000,.000,.000
Rudy R Seanez,LAD,68,1,0,0,0,0,0,0,0,1,0,0,.000,.000,.000,.000
Kurt K Suzuki,OAK,68,213,27,53,13,0,7,39,24,39,0,0,.249,.327,.408,.735
Andy A Gonzalez,CWS,67,189,17,35,6,0,2,11,25,61,1,5,.185,.280,.249,.529
Chris C Iannetta,COL,67,197,22,43,8,3,4,27,29,58,0,0,.218,.330,.350,.681
Jeff J Keppinger S,CIN,67,241,39,80,16,2,5,32,24,12,2,1,.332,.400,.477,.877
Steve S Kline,SF,67,1,0,0,0,0,0,0,0,1,0,0,.000,.000,.000,.000
Matt M Lindstrom,FLA,67,1,0,0,0,0,0,0,0,1,0,0,.000,.000,.000,.000
Ramon R Martinez,LAD,67,129,10,25,4,0,0,27,11,15,1,0,.194,.248,.225,.473
Brendan B Ryan S,STL,67,180,30,52,9,0,4,12,15,19,7,0,.289,.347,.406,.752
Rafael R Soriano,ATL,67,0,0,0,0,0,0,0,0,0,0,0,.000,.000,.000,.000
Mike M Stanton,CIN,67,2,0,0,0,0,0,0,0,0,0,0,.000,.000,.000,.000
David D Weathers,CIN,67,0,0,0,0,0,0,0,0,0,0,0,.000,.000,.000,.000
Marlon M Anderson,NYM,66,95,17,28,7,0,3,27,8,17,4,1,.295,.343,.463,.806
Adam A Everett S,HOU,66,220,18,51,11,1,2,15,14,31,4,2,.232,.281,.318,.599
Randy R Flores,STL,66,1,0,0,0,0,0,0,0,1,0,0,.000,.000,.000,.000
Omar O Infante,DET,66,166,24,45,6,1,2,17,9,29,4,1,.271,.307,.355,.662
Jason J La Rue,KC,66,169,14,25,9,0,4,13,17,66,1,0,.148,.240,.272,.512
Cody C Ross,FLA,66,173,35,58,19,0,12,39,20,38,2,0,.335,.411,.653,1.064
Brad B Lidge,HOU,65,0,0,0,0,0,0,0,0,0,0,0,.000,.000,.000,.000
Doug D Brocail,SD,64,2,0,1,0,0,0,0,0,1,0,0,.500,.500,.500,1.000
Ryan R Dempster,CHC,64,1,0,0,0,0,0,0,0,0,0,0,.000,.000,.000,.000
Ryan R Franklin,STL,64,2,0,1,0,0,0,1,0,1,0,0,.500,.500,.500,1.000
Jorge J Julio,COL,64,0,0,0,0,0,0,0,2,0,0,0,.000,1.000,.000,1.000
Taylor T Tankersley,FLA,64,0,0,0,0,0,0,0,0,0,0,0,.000,.000,.000,.000
Billy B Wagner,NYM,64,0,0,0,0,0,0,0,0,0,0,0,.000,.000,.000,.000
Ray R King,MIL,63,0,0,0,0,0,0,0,0,0,0,0,.000,.000,.000,.000
Jose J Valverde,ARI,63,0,0,0,0,0,0,0,0,0,0,0,.000,.000,.000,.000
Dave D Borkowski,HOU,62,2,0,0,0,0,0,0,0,1,0,0,.000,.000,.000,.000
Damaso D Marte,PIT,62,2,0,0,0,0,0,0,0,1,0,0,.000,.000,.000,.000
Daniel D Ortmeier L,SF,62,157,20,45,7,4,6,16,7,41,2,1,.287,.317,.497,.814
Scott S Podsednik L,CWS,62,214,30,52,13,4,2,11,13,36,12,5,.243,.299,.369,.668
Rob R Bowen,OAK,61,156,21,36,10,0,4,18,27,61,1,2,.231,.344,.372,.716
Milton M Bradley L,SD,61,209,37,64,9,1,13,37,31,41,5,2,.306,.402,.545,.947
Shawn S Chacon,PIT,61,11,1,3,0,0,0,0,0,2,0,0,.273,.273,.273,.546
Francisco F Cordero,MIL,61,0,0,0,0,0,0,0,0,0,0,0,.000,.000,.000,.000
Brian B Fuentes,COL,61,0,0,0,0,0,0,0,0,0,0,0,.000,.000,.000,.000
Lee L Gardner,FLA,61,4,0,0,0,0,0,0,0,3,0,0,.000,.000,.000,.000
Andy A Phillips,NYY,61,185,27,54,7,1,2,25,12,26,0,3,.292,.338,.373,.711
Luis L Terrero C,CWS,61,117,18,27,2,0,5,12,12,35,4,3,.231,.348,.376,.724
Antonio A Alfonseca,PHI,60,1,0,0,0,0,0,0,0,0,0,0,.000,.000,.000,.000
Paul P Bako,BAL,60,156,13,32,3,1,1,8,15,50,0,1,.205,.277,.256,.534
Jon J Coutlangus,CIN,60,0,0,0,0,0,0,0,0,0,0,0,.000,.000,.000,.000
Trevor T Hoffman,SD,60,0,0,0,0,0,0,0,0,0,0,0,.000,.000,.000,.000
Jason J Isringhausen,STL,60,0,0,0,0,0,0,0,0,0,0,0,.000,.000,.000,.000
Takashi T Saito,LAD,60,0,0,0,0,0,0,0,0,0,0,0,.000,.000,.000,.000
Jack J Taschner,SF,60,1,0,0,0,0,0,0,0,0,0,0,.000,.000,.000,.000
Tony T Abreu,LAD,59,166,19,45,14,1,2,17,7,21,0,0,.271,.309,.404,.713
Gary G Bennett,STL,59,155,12,39,7,0,2,17,8,16,1,1,.252,.286,.335,.621
John J Grabow,PIT,59,1,0,0,0,0,0,0,0,0,0,0,.000,.000,.000,.000
La Troy L Hawkins,COL,59,1,0,0,0,0,0,0,0,1,0,0,.000,.000,.000,.000
Jeff J Mathis,LAA,59,171,24,36,12,0,4,23,15,49,0,1,.211,.276,.351,.627
Randy R Messenger,SF,59,1,0,0,0,0,0,0,0,1,0,0,.000,.000,.000,.000
Lastings L Milledge R,NYM,59,184,27,50,9,1,7,29,13,42,3,2,.272,.341,.446,.787
Kelly K Shoppach,CLE,59,161,26,42,13,0,7,30,11,56,0,0,.261,.310,.472,.782
Hank H Blalock,TEX,58,208,32,61,16,3,10,33,21,38,4,1,.293,.358,.543,.901
Carlos C Gómez Gomez L,NYM,58,125,14,29,3,0,2,12,8,27,12,3,.232,.288,.304,.592
Fred F Lewis R,SF,58,157,34,45,6,2,3,19,19,32,5,1,.287,.374,.408,.782
Damian D Miller,MIL,58,186,19,44,9,0,4,24,14,39,1,0,.237,.296,.349,.646
Justin J Miller,FLA,58,2,0,0,0,0,0,0,0,0,0,0,.000,.000,.000,.000
Doug D Slaten,ARI,58,0,0,0,0,0,0,0,0,0,0,0,.000,.000,.000,.000
Kevin K Correia,SF,57,15,0,1,0,0,0,0,1,4,0,0,.067,.125,.067,.192
Travis T Metcalf,TEX,57,161,25,41,12,1,5,21,13,41,0,1,.255,.307,.435,.742
Augie A Ojeda,ARI,57,113,16,31,2,2,1,12,15,13,1,0,.274,.354,.354,.708
Pete P Orr,ATL,57,65,11,13,1,0,0,2,3,14,1,0,.200,.235,.215,.451
Alberto A Callaspo,ARI,56,144,10,31,8,0,0,7,9,14,1,1,.215,.265,.271,.535
Alexi A Casilla,MIN,56,189,15,42,5,1,0,9,9,29,11,1,.222,.256,.259,.516
Todd T Coffey,CIN,56,0,0,0,0,0,0,0,0,0,0,0,.000,.000,.000,.000
Jesus J Colome,WSH,56,1,0,0,0,0,0,0,0,1,0,0,.000,.000,.000,.000
David D Dellucci L,CLE,56,178,25,41,11,2,4,20,17,40,2,1,.230,.296,.382,.678
Mark M Kotsay C,OAK,56,206,20,44,14,0,1,20,19,20,1,1,.214,.279,.296,.575
Carlos C Marmol,CHC,56,6,0,0,0,0,0,0,0,3,0,0,.000,.000,.000,.000
David D Newhan,NYM,56,74,9,15,1,1,1,6,8,19,2,0,.203,.289,.284,.573
Danny D Richar,CWS,56,187,30,43,9,3,6,15,16,33,1,3,.230,.289,.406,.696
Carlos C Villanueva,MIL,56,13,1,1,0,0,0,0,0,3,0,0,.077,.077,.077,.154
Vinnie V Chulk,SF,55,3,0,1,0,0,0,0,0,0,0,0,.333,.333,.333,.667
Shane S Costa,KC,55,103,13,23,6,1,0,12,5,23,0,1,.223,.257,.301,.558
Lew L Ford,MIN,55,116,13,27,6,0,3,14,11,24,3,1,.233,.315,.362,.678
Julio J Franco,ATL,55,90,8,20,3,0,1,16,14,23,2,1,.222,.321,.289,.610
Jason J Phillips,TOR,55,144,11,30,7,0,1,12,10,21,0,1,.208,.269,.278,.547
Salomon S Torres,PIT,55,0,0,0,0,0,0,0,0,0,0,0,.000,.000,.000,.000
Matt M Treanor,FLA,55,171,16,46,7,1,4,19,19,29,0,0,.269,.357,.392,.749
Bob B Wickman,ARI,55,0,0,0,0,0,0,0,0,0,0,0,.000,.000,.000,.000
Juan J Castro,CIN,54,89,5,16,5,0,0,5,4,21,0,0,.180,.211,.236,.446
Scott S Eyre,CHC,54,1,0,0,0,0,0,0,0,0,0,0,.000,.000,.000,.000
Geoff G Geary,PHI,54,4,0,0,0,0,0,0,0,3,0,0,.000,.000,.000,.000
Renyel R Pinto,FLA,54,3,0,0,0,0,0,0,0,2,0,0,.000,.000,.000,.000
Armando A Benitez,FLA,53,0,0,0,0,0,0,0,0,0,0,0,.000,.000,.000,.000
Will W Ohman,CHC,53,0,0,0,0,0,0,0,0,0,0,0,.000,.000,.000,.000
Matt M Wise,MIL,53,1,0,1,0,0,0,0,0,0,0,0,1.000,1.000,1.000,2.000
Jorge J Cantu,CIN,52,115,12,29,9,0,1,13,12,26,0,0,.252,.331,.357,.687
Ramon R Castro,NYM,52,144,24,41,6,0,11,31,10,39,0,0,.285,.331,.556,.887
Elijah E Dukes C,TB,52,184,27,35,3,2,10,21,33,44,2,4,.190,.318,.391,.710
Ryan R Shealy,KC,52,172,18,38,6,0,3,21,13,53,0,0,.221,.286,.308,.594
Joe J Smith,NYM,52,1,0,0,0,0,0,0,0,1,0,0,.000,.000,.000,.000
Tyler T Johnson,STL,51,0,0,0,0,0,0,0,0,0,0,0,.000,.000,.000,.000
Brett B Myers,PHI,51,6,1,0,0,0,0,0,2,4,0,0,.000,.250,.000,.250
Mike M Rabelo,DET,51,168,14,43,10,2,1,18,6,41,0,0,.256,.300,.357,.657
J. C. J Romero,PHI,51,1,0,0,0,0,0,0,0,0,0,0,.000,.000,.000,.000
Jose J Valentin,NYM,51,166,18,40,11,1,3,18,15,28,2,1,.241,.302,.373,.676
Jamie J Burke,SEA,50,113,19,34,8,0,1,12,7,17,0,1,.301,.363,.398,.761
Juan J Cruz,ARI,50,2,0,0,0,0,0,0,0,2,0,0,.000,.000,.000,.000
Guillermo G Mota,NYM,50,1,0,0,0,0,0,0,0,0,0,0,.000,.000,.000,.000
Eric E Munson,HOU,50,132,14,31,4,0,4,15,16,15,0,0,.235,.313,.356,.669
Ryan R Raburn,DET,49,138,28,42,12,2,4,27,8,33,3,0,.304,.340,.507,.847
Rod R Barajas,PHI,48,122,16,28,8,0,4,10,21,24,0,1,.230,.352,.393,.745
Jason J Botts L,TEX,48,167,19,40,8,1,2,14,19,59,1,0,.240,.326,.335,.662
Chris C Coste,PHI,48,129,15,36,3,0,5,22,4,20,0,0,.279,.311,.419,.730
Doug D Mirabelli,BOS,48,114,9,23,3,0,5,16,11,41,0,0,.202,.278,.360,.637
Oscar O Villarreal,ATL,48,4,0,1,0,0,0,0,0,1,0,0,.250,.250,.250,.500
Rick R Ankiel,STL,47,172,31,49,8,1,11,39,13,41,1,0,.285,.328,.535,.863
Kevin K Cameron,SD,47,4,0,0,0,0,0,0,0,3,0,0,.000,.000,.000,.000
Joe J Crede,CWS,47,167,13,36,5,0,4,22,10,24,0,1,.216,.258,.317,.576
Curtis C Thigpen,TOR,47,101,13,24,5,0,0,11,8,17,2,0,.238,.294,.287,.581
Cristian C Guzman S,WSH,46,174,31,57,6,6,2,14,15,21,2,0,.328,.380,.466,.846
David D Murphy L,TEX,46,105,17,36,12,2,2,14,7,20,0,0,.343,.384,.552,.936
Jared J Burton,CIN,45,0,0,0,0,0,0,0,0,0,0,0,.000,.000,.000,.000
Asdrubal A Cabrera,CLE,45,159,30,45,9,2,3,22,17,29,0,0,.283,.354,.421,.775
Alejandro A De Aza C,FLA,45,144,14,33,8,2,0,8,6,37,2,0,.229,.261,.313,.574
Chris C Spurling,MIL,45,0,0,0,0,0,0,0,0,0,0,0,.000,.000,.000,.000
Luis L Ayala,WSH,44,0,0,0,0,0,0,0,0,0,0,0,.000,.000,.000,.000
Tom T Gordon,PHI,44,0,0,0,0,0,0,0,0,0,0,0,.000,.000,.000,.000
Steve S Finley C,COL,43,94,9,17,3,0,1,2,8,4,0,0,.181,.245,.245,.490
Kendrys K Morales,LAA,43,119,12,35,10,0,4,15,6,21,0,1,.294,.333,.479,.812
Justin J Upton R,ARI,43,140,17,31,8,3,2,11,11,37,2,0,.221,.283,.364,.647
Donnie D Murphy S,OAK,42,118,21,26,8,0,6,21,10,35,1,0,.220,.290,.441,.731
Brad B Thompson,STL,42,24,1,4,0,0,0,0,0,11,0,0,.167,.167,.167,.333
Dan D Wheeler,HOU,42,0,0,0,0,0,0,0,0,0,0,0,.000,.000,.000,.000
Chad C Billingsley,LAD,41,36,1,4,1,0,0,2,1,19,0,0,.111,.135,.139,.274
Jack J Hannahan,OAK,41,144,16,40,12,0,3,24,21,39,1,0,.278,.369,.424,.793
Adam A Jones L,SEA,41,65,16,16,2,1,2,4,4,21,2,1,.246,.300,.400,.700
Mike M Rouse,CLE,41,67,7,8,1,0,0,4,7,20,1,1,.119,.200,.134,.334
Jorge J Sosa,NYM,41,25,0,5,2,0,0,1,3,9,0,0,.200,.286,.280,.566
Wilson W Valdez,LAD,41,74,12,16,2,1,0,7,4,12,1,0,.216,.263,.270,.533
Brandon B Fahey,BAL,40,54,10,9,1,1,0,1,2,9,2,1,.167,.196,.222,.419
Nathan N Haynes,LAA,40,45,10,12,0,1,0,1,3,11,1,2,.267,.313,.311,.624
Brian B Moehler,HOU,40,5,0,1,0,0,0,0,0,3,0,0,.200,.200,.200,.400
Tike T Redman C,BAL,40,132,23,42,9,2,2,16,5,18,7,1,.318,.341,.462,.803
Jeff J Da Vanon C,OAK,39,89,14,19,3,1,0,6,12,27,1,1,.213,.308,.270,.577
Joe J Dillon,MIL,39,76,12,26,8,2,0,10,5,14,0,0,.342,.390,.500,.890
Jason J Marquis,CHC,39,72,9,10,3,0,1,4,1,24,0,0,.139,.151,.222,.373
Guillermo G Rodriguez,SF,39,87,10,22,6,0,1,14,10,17,0,1,.253,.327,.356,.683
Nate N Schierholtz R,SF,39,112,9,34,5,3,0,10,2,19,3,1,.304,.316,.402,.718
Taylor T Buchholz,COL,38,23,0,3,0,0,0,1,2,11,0,0,.130,.200,.130,.330
Ronny R Cedeno S,CHC,38,74,6,15,2,0,4,13,3,18,2,1,.203,.231,.392,.623
Clay C Condrey,PHI,38,4,0,0,0,0,0,0,0,3,0,0,.000,.000,.000,.000
Toby T Hall,CWS,38,116,8,24,4,0,0,3,3,12,0,0,.207,.225,.241,.466
Mike M Lieberthal,LAD,38,77,6,18,2,0,0,1,4,11,0,0,.234,.280,.260,.540
Jose J Mesa,PHI,38,0,0,0,0,0,0,0,0,0,0,0,.000,.000,.000,.000
Chad C Paronto,ATL,38,0,0,0,0,0,0,0,0,0,0,0,.000,.000,.000,.000
Jeff J Salazar R,ARI,38,94,13,26,6,1,1,10,9,19,2,0,.277,.340,.394,.733
Brett B Tomko,SD,38,31,0,0,0,0,0,1,1,20,0,0,.000,.031,.000,.031
Rondell R White D,MIN,38,109,8,19,4,0,4,20,6,19,0,0,.174,.235,.321,.556
Victor V Diaz R,TEX,37,104,13,25,4,0,9,25,1,33,0,0,.240,.259,.538,.798
Justin J Hampson,SD,37,4,0,0,0,0,0,0,0,1,0,0,.000,.000,.000,.000
Chad C Moeller,LAD,37,56,8,9,1,0,1,2,0,18,0,0,.161,.175,.232,.408
Scott S Proctor,LAD,37,3,0,0,0,0,0,0,0,3,0,0,.000,.000,.000,.000
Chris C Schroder,WSH,37,2,0,0,0,0,0,0,0,1,0,0,.000,.000,.000,.000
Koyie K Hill,CHC,36,93,7,15,4,0,2,12,8,18,0,0,.161,.231,.269,.500
Ryan R Madson,PHI,36,3,0,0,0,0,0,0,0,2,0,0,.000,.000,.000,.000
Dustin D Nippert,ARI,36,2,0,0,0,0,0,0,0,1,0,0,.000,.000,.000,.000
Jake J Peavy,SD,36,73,8,17,4,1,0,7,2,14,0,0,.233,.250,.315,.565
Adam A Wainwright,STL,36,62,4,18,3,0,1,6,3,18,0,1,.290,.323,.387,.710
Dontrelle D Willis,FLA,36,63,11,18,2,3,2,7,5,13,0,1,.286,.348,.508,.856
Carlos C Zambrano,CHC,36,81,9,20,2,0,2,5,0,29,0,0,.247,.247,.346,.593
Reggie R Abercrombie C,FLA,35,76,16,15,3,0,2,5,2,22,7,1,.197,.238,.316,.553
Rocco R Baldelli C,TB,35,137,16,28,6,0,5,12,9,35,4,1,.204,.268,.358,.626
Mark M Hendrickson,LAD,35,27,1,1,1,0,0,1,2,10,0,0,.037,.103,.074,.178
Matt M Herges,COL,35,6,0,0,0,0,0,0,0,5,0,0,.000,.000,.000,.000
Andy A La Roche,LAD,35,93,16,21,5,0,1,10,20,24,2,1,.226,.365,.312,.677
Adam A Melhuse,TEX,35,94,8,20,4,0,1,9,7,26,0,0,.213,.275,.287,.562
Josh J Paul,TB,35,105,8,20,3,0,1,9,6,30,1,0,.190,.234,.248,.482
Ian I Stewart,COL,35,43,3,9,4,0,1,9,1,17,0,0,.209,.261,.372,.633
Jonah J Bayliss,PIT,34,0,0,0,0,0,0,0,0,0,0,0,.000,.000,.000,.000
Shelley S Duncan D,NYY,34,74,16,19,1,0,7,17,8,20,0,0,.257,.329,.554,.883
Adam A Eaton,PHI,34,62,4,13,1,0,1,5,3,22,0,0,.210,.246,.274,.520
Robby R Hammock,ARI,34,45,5,11,2,0,0,0,3,7,0,0,.244,.306,.289,.595
Chuck C James,ATL,34,53,3,6,1,0,0,2,2,16,0,0,.113,.145,.132,.278
Micah M Owings,ARI,34,60,9,20,7,1,4,15,2,16,0,0,.333,.349,.683,1.033
Troy T Percival,STL,34,4,0,0,0,0,0,0,0,4,0,0,.000,.000,.000,.000
Kirk K Saarloos,CIN,34,5,1,1,1,0,0,2,0,1,0,0,.200,.200,.400,.600
Ian I Snell,PIT,34,57,6,5,0,0,0,2,3,23,0,0,.088,.133,.088,.221
Kip K Wells,STL,34,53,7,17,1,0,1,5,0,19,0,0,.321,.321,.396,.717
Bronson B Arroyo,CIN,33,70,5,10,2,0,1,3,2,30,0,0,.143,.178,.214,.392
Hiram H Bocachica R,SD,33,80,11,16,4,0,2,5,7,18,3,2,.200,.261,.325,.586
Brian B Buscher,MIN,33,82,8,20,1,0,2,10,10,16,1,0,.244,.323,.329,.652
Jacoby J Ellsbury L,BOS,33,116,20,41,7,1,3,18,8,15,9,0,.353,.394,.509,.902
Jeff J Francis,COL,33,64,2,12,3,0,0,3,2,20,0,0,.188,.212,.234,.446
Tom T Glavine,NYM,33,56,3,12,1,0,0,4,6,5,0,0,.214,.286,.232,.518
Aaron A Harang,CIN,33,74,0,7,1,0,0,2,1,28,0,0,.095,.117,.108,.225
Livan L Hernandez,ARI,33,75,9,16,1,0,1,5,0,7,0,0,.213,.211,.267,.477
Bobby B Kielty L,BOS,33,87,10,19,3,0,1,12,8,26,0,0,.218,.287,.287,.574
Ted T Lilly,CHC,33,73,5,10,1,0,0,5,1,32,1,0,.137,.149,.151,.299
Noah N Lowry,SF,33,57,3,5,2,0,1,5,1,15,0,1,.088,.103,.175,.279
Greg G Maddux,SD,33,62,2,9,2,0,0,0,1,19,1,0,.145,.159,.177,.336
John J Maine,NYM,33,55,4,6,0,0,1,3,5,28,0,0,.109,.194,.164,.357
Jamie J Moyer,PHI,33,73,4,9,2,0,0,2,2,26,0,0,.123,.147,.151,.297
Neifi N Perez S,DET,33,64,5,11,3,0,1,6,4,8,0,0,.172,.221,.266,.486
Jeff J Suppan,MIL,33,61,4,8,0,0,0,2,3,16,0,0,.131,.172,.131,.303
Woody W Williams,HOU,33,59,3,6,0,0,1,2,0,25,0,0,.102,.102,.153,.254
Dave D Bush,MIL,32,55,2,7,2,0,0,2,0,11,0,0,.127,.143,.164,.306
Doug D Davis,ARI,32,58,3,4,0,0,0,1,1,21,0,0,.069,.085,.069,.154
Tim T Hudson,ATL,32,76,6,20,3,0,0,9,3,18,0,0,.263,.291,.303,.594
Kyle K Lohse,PHI,32,49,1,8,0,0,0,2,2,12,0,0,.163,.208,.163,.371
Gary G Majewski,CIN,32,2,0,0,0,0,0,0,0,2,0,0,.000,.000,.000,.000
Scott S Olsen,FLA,32,51,3,9,3,0,0,3,1,23,0,0,.176,.192,.235,.428
Roy R Oswalt,HOU,32,64,2,8,1,0,0,3,3,21,0,0,.125,.176,.141,.317
Ramon R Santiago S,DET,32,67,10,19,5,1,0,7,1,10,3,0,.284,.324,.388,.712
Brandon B Webb,ARI,32,73,1,6,2,0,0,3,1,31,0,0,.082,.095,.110,.204
Barry B Zito,SF,32,62,2,7,0,0,0,3,2,16,0,0,.113,.141,.113,.254
Matt M Albers,HOU,31,29,0,2,0,0,0,0,0,17,0,0,.069,.069,.069,.138
Howie H Clark,TOR,31,49,6,10,2,0,0,2,7,5,1,0,.204,.298,.245,.543
Rich R Hill,CHC,31,63,0,8,2,0,0,5,1,33,0,0,.127,.141,.159,.299
Garrett G Jones D,MIN,31,77,7,16,2,1,2,5,6,20,1,1,.208,.262,.338,.600
Derek D Lowe,LAD,31,59,2,7,0,0,0,1,5,17,0,0,.119,.185,.119,.303
Ron R Mahay,ATL,31,1,0,0,0,0,0,0,0,0,0,0,.000,.000,.000,.000
Brad B Penny,LAD,31,65,7,16,6,0,0,7,1,23,0,0,.246,.279,.338,.618
Jonathan J Sánchez Sanchez,SF,31,6,0,1,1,0,0,1,0,3,0,0,.167,.167,.333,.500
Aaron A Sele,NYM,31,4,0,0,0,0,0,0,1,1,0,0,.000,.200,.000,.200
Ben B Zobrist S,TB,31,97,8,15,2,0,1,9,3,21,2,0,.155,.184,.206,.391
Matt M Cain,SF,30,57,3,4,0,0,2,4,2,32,0,0,.070,.102,.175,.277
Matt M Chico,WSH,30,48,1,8,0,0,0,3,0,11,0,0,.167,.167,.167,.333
Edgar E Gonzalez,ARI,30,21,0,4,0,0,0,0,0,4,0,0,.190,.190,.190,.381
Luis L Hernandez S,BAL,30,69,5,20,2,0,1,7,1,10,2,2,.290,.300,.362,.662
Kelvin K Jimenez,STL,30,2,0,0,0,0,0,0,1,2,0,0,.000,.333,.000,.333
Brandon B Medders,ARI,30,0,0,0,0,0,0,0,0,0,0,0,.000,.000,.000,.000
Matt M Morris,PIT,30,57,6,13,2,0,1,3,1,17,0,0,.228,.241,.316,.557
Wandy W Rodriguez,HOU,30,49,2,6,1,0,0,2,2,15,0,0,.122,.157,.143,.300
Victor V Santos,CIN,30,3,0,0,0,0,0,0,0,1,0,0,.000,.000,.000,.000
John J Smoltz,ATL,30,54,1,5,1,0,0,2,1,19,0,0,.093,.109,.111,.220
Chris C Snelling,OAK,30,69,10,17,1,1,1,7,14,15,0,1,.246,.395,.333,.729
Tony T Armas,PIT,29,26,0,3,1,0,0,2,0,12,0,0,.115,.115,.154,.269
Raul R Casanova,TB,29,79,12,20,1,1,6,11,7,17,0,0,.253,.315,.519,.834
Tom T Gorzelanny,PIT,29,63,1,4,0,0,0,3,2,31,0,0,.063,.106,.063,.170
Cole C Hamels,PHI,29,64,7,9,2,0,0,2,2,26,0,0,.141,.164,.172,.336
Braden B Looper,STL,29,53,6,10,2,0,0,6,4,19,0,0,.189,.259,.226,.485
Mark M Mc Lemore,HOU,29,0,0,0,0,0,0,0,0,0,0,0,.000,.000,.000,.000
Timo T Perez L,DET,29,90,12,35,9,2,0,13,6,6,1,1,.389,.427,.533,.960
Humberto H Quintero,HOU,29,53,2,12,2,0,0,1,2,13,0,0,.226,.281,.264,.545
David D Wells,LAD,29,53,3,8,1,0,0,1,0,18,0,0,.151,.151,.170,.321
Chris C Young,SD,29,46,2,6,1,0,0,2,5,15,0,0,.130,.231,.152,.383
Matt M Belisle,CIN,28,50,2,3,1,0,0,1,3,32,1,0,.060,.113,.080,.193
Micah M Bowie,WSH,28,11,0,1,0,0,0,1,0,4,0,0,.091,.091,.091,.182
Chris C Capuano,MIL,28,41,2,9,0,0,1,3,2,16,0,0,.220,.256,.293,.548
Josh J Fogg,COL,28,53,3,7,0,0,0,1,1,19,0,0,.132,.148,.132,.280
John J Mabry,COL,28,34,4,4,1,0,1,5,5,10,0,0,.118,.231,.235,.466
Nyjer N Morgan C,PIT,28,107,15,32,3,4,1,7,9,19,7,3,.299,.359,.430,.789
Martin M Prado,ATL,28,59,5,17,3,0,0,2,3,6,0,0,.288,.323,.339,.662
Chris C Roberson R,PHI,28,28,6,8,0,0,0,1,1,4,2,0,.286,.310,.286,.596
Russ R Adams,TOR,27,60,14,14,3,0,2,12,7,14,2,1,.233,.313,.383,.697
Mike M Bacsik,WSH,27,29,1,3,1,0,0,1,1,6,0,0,.103,.133,.138,.271
Clint C Barmes,COL,27,37,5,8,3,0,0,1,1,13,0,0,.216,.237,.297,.534
Orlando O Hernandez,NYM,27,48,1,8,2,0,0,3,0,18,2,0,.167,.167,.208,.375
Paul P Maholm,PIT,27,59,4,11,1,0,0,5,1,29,0,0,.186,.200,.203,.403
Ray R Olmedo S,TOR,27,51,6,11,4,0,0,1,2,9,0,0,.216,.245,.294,.539
Pablo P Ozuna,CWS,27,78,9,19,3,0,0,3,3,9,3,0,.244,.280,.282,.562
Oliver O Pérez Perez,NYM,27,56,6,9,0,0,0,1,0,15,0,1,.161,.161,.161,.321
Omar O Quintanilla,COL,27,70,6,16,4,0,0,5,5,15,0,0,.229,.280,.286,.566
Claudio C Vargas,MIL,27,38,1,5,1,0,0,0,0,10,0,0,.132,.132,.158,.290
Eliezer E Alfonzo,SF,26,64,5,16,2,1,1,6,2,23,0,2,.250,.284,.359,.643
Byung- Hyun B Kim,FLA,26,33,0,2,1,0,0,1,2,12,0,0,.061,.114,.091,.205
Wil W Nieves,NYY,26,61,6,10,4,0,0,8,2,9,0,0,.164,.190,.230,.420
Royce R Ring,ATL,26,0,0,0,0,0,0,0,0,0,0,0,.000,.000,.000,.000
Kelly K Stinnett,STL,26,82,7,13,3,0,1,5,5,22,0,0,.159,.207,.232,.439
Ben B Francisco L,CLE,25,62,10,17,5,0,3,12,3,19,0,2,.274,.303,.500,.803
Don D Kelly,PIT,25,27,2,4,0,0,0,0,3,3,0,0,.148,.281,.148,.429
Franquelis F Osoria,PIT,25,4,0,0,0,0,0,0,0,2,0,0,.000,.000,.000,.000
Anthony A Reyes,STL,25,26,1,2,0,0,0,1,0,10,0,0,.077,.077,.077,.154
Preston P Wilson R,STL,25,64,6,14,3,0,1,5,4,17,2,1,.219,.265,.313,.577
Winston W Abreu,WSH,24,2,0,0,0,0,0,0,0,1,0,0,.000,.000,.000,.000
Justin J Germano,SD,24,32,2,5,1,0,0,2,3,13,0,0,.156,.229,.188,.416
Chris C Heintz,MIN,24,56,0,14,0,0,0,7,3,12,0,0,.250,.288,.250,.538
Roberto R Hernandez,LAD,24,0,0,0,0,0,0,0,0,0,0,0,.000,.000,.000,.000
Pete P Laforest,PHI,24,36,9,10,1,0,1,4,7,12,0,0,.278,.395,.389,.784
Tim T Lincecum,SF,24,43,2,4,1,0,0,0,2,21,0,0,.093,.133,.116,.250
Cameron C Maybin L,DET,24,49,8,7,3,0,1,2,3,21,5,0,.143,.208,.265,.473
Sergio S Mitre,FLA,24,38,0,3,1,0,0,0,2,19,0,0,.079,.125,.105,.230
Oscar O Robles,SD,24,26,0,6,0,0,0,2,2,4,0,0,.231,.286,.231,.516
Reggie R Sanders D,KC,24,73,12,23,7,0,2,11,11,15,0,1,.315,.412,.493,.905
Joey J Votto,CIN,24,84,11,27,7,0,4,17,5,15,1,0,.321,.360,.548,.907
Brian B Wilson,SF,24,0,0,0,0,0,0,0,0,0,0,0,.000,.000,.000,.000
Craig C Wilson,ATL,24,58,6,10,2,0,1,2,8,25,0,0,.172,.304,.259,.563
Brian B Barden,STL,23,35,6,6,1,0,0,0,2,7,0,0,.171,.216,.200,.416
Brett B Carroll C,FLA,23,49,10,9,1,0,0,2,3,15,0,0,.184,.231,.204,.435
Aaron A Cook,COL,23,42,8,10,3,0,0,1,4,14,0,0,.238,.319,.310,.629
Wilfredo W Ledezma,SD,23,2,1,0,0,0,0,0,0,0,0,0,.000,.000,.000,.000
Tom T Martin,COL,23,1,0,0,0,0,0,0,0,0,0,0,.000,.000,.000,.000
Steve S Pearce R,PIT,23,68,13,20,5,1,0,6,5,12,2,1,.294,.342,.397,.740
Billy B Traber,WSH,23,4,0,0,0,0,0,0,0,3,0,0,.000,.000,.000,.000
Mike M Zagurski,PHI,23,0,0,0,0,0,0,0,0,0,0,0,.000,.000,.000,.000
Scott S Atchison,SF,22,2,0,0,0,0,0,0,0,1,0,0,.000,.000,.000,.000
Jason J Bergmann,WSH,22,37,2,5,0,0,0,0,1,17,0,0,.135,.158,.135,.293
Henry H Blanco,CHC,22,54,3,9,3,0,0,4,2,12,0,0,.167,.193,.222,.415
Mike M Gosling,CIN,22,5,0,0,0,0,0,0,0,3,0,0,.000,.000,.000,.000
Hector H Luna,TOR,22,42,5,7,0,0,1,4,2,10,2,0,.167,.217,.238,.456
Henry H Owens,FLA,22,0,0,0,0,0,0,0,0,0,0,0,.000,.000,.000,.000
Ramon E R Ramirez,COL,22,0,0,0,0,0,0,0,0,0,0,0,.000,.000,.000,.000
Brad B Salmon,CIN,22,0,0,0,0,0,0,0,0,0,0,0,.000,.000,.000,.000
Chris C Sampson,HOU,22,26,5,4,0,0,0,0,0,10,0,0,.154,.154,.154,.308
Ben B Sheets,MIL,22,45,1,3,0,0,0,0,0,25,0,0,.067,.067,.067,.133
Joe J Thatcher,SD,22,0,0,0,0,0,0,0,0,0,0,0,.000,.000,.000,.000
Kevin K Thompson C,OAK,22,35,4,5,3,0,0,3,3,13,0,0,.143,.211,.229,.439
Kerry K Wood,CHC,22,1,0,0,0,0,0,0,0,1,0,0,.000,.000,.000,.000
Manny M Acosta,ATL,21,0,0,0,0,0,0,0,0,0,0,0,.000,.000,.000,.000
Josh J Anderson C,HOU,21,67,10,24,3,0,0,11,5,6,1,1,.358,.413,.403,.816
Buddy B Carlyle,ATL,21,36,4,5,0,0,0,3,0,12,0,0,.139,.139,.139,.278
Francisco F Del Rosario,PHI,21,0,0,0,0,0,0,0,0,0,0,0,.000,.000,.000,.000
Marcus M Mc Beth,CIN,21,0,0,0,0,0,0,0,0,0,0,0,.000,.000,.000,.000
Buck B Coats,CIN,20,34,2,7,4,0,0,2,3,15,0,0,.206,.263,.324,.587
Zach Z Duke,PIT,20,32,3,8,0,0,0,3,0,12,0,0,.250,.250,.250,.500
Yovani Y Gallardo,MIL,20,40,5,10,3,0,2,6,1,10,0,0,.250,.268,.475,.743
Andy A Marte,CLE,20,57,3,11,4,0,1,8,2,9,0,0,.193,.233,.316,.549
Paul P Mc Anulty,SD,20,40,5,8,1,0,1,5,3,10,0,0,.200,.256,.300,.556
Tommy T Murphy R,LAA,20,38,2,7,1,0,0,2,0,9,0,0,.184,.205,.211,.416
Ryan R Speier,COL,20,0,0,0,0,0,0,0,0,0,0,0,.000,.000,.000,.000
Chin-hui C Tsao,LAD,20,0,0,0,0,0,0,0,0,0,0,0,.000,.000,.000,.000
Rick R White,HOU,20,1,0,0,0,0,0,0,0,1,0,0,.000,.000,.000,.000
Bill B Bray,CIN,19,0,0,0,0,0,0,0,0,0,0,0,.000,.000,.000,.000
J. D. J Durbin,PHI,19,19,3,5,1,0,0,0,0,5,0,0,.263,.263,.316,.579
Brad B Eldred R,PIT,19,46,3,5,1,0,2,3,1,16,0,0,.109,.128,.261,.388
J. R. J House,BAL,19,38,5,8,2,0,3,3,1,11,0,0,.211,.268,.500,.768
Jason J Jennings,HOU,19,26,1,2,0,0,0,1,3,8,0,0,.077,.172,.077,.249
Kyle K Kendrick,PHI,19,39,6,6,0,0,0,2,3,17,0,0,.154,.244,.154,.398
Sean S Marshall,CHC,19,29,1,3,1,0,0,0,1,13,0,0,.103,.133,.138,.271
Scott S Moore,BAL,19,52,2,12,2,0,1,11,1,17,0,1,.231,.236,.327,.563
Cody C Ransom S,HOU,19,35,9,8,2,0,1,3,9,9,0,0,.229,.413,.371,.784
Randy R Wolf,LAD,19,30,1,5,2,0,0,2,4,13,0,0,.167,.265,.233,.498
Delwyn D Young,LAD,19,34,4,13,1,1,2,3,2,5,1,0,.382,.417,.647,1.064
Daric D Barton,OAK,18,72,16,25,9,0,4,8,10,11,1,0,.347,.429,.639,1.067
Michael M Gonzalez,ATL,18,0,0,0,0,0,0,0,0,0,0,0,.000,.000,.000,.000
D. J. D Houlton,LAD,18,0,0,0,0,0,0,0,0,0,0,0,.000,.000,.000,.000
Pat P Misch,SF,18,9,0,1,0,0,0,0,0,3,0,0,.111,.111,.111,.222
Eric E Reed,FLA,18,20,3,2,0,0,0,0,1,6,1,0,.100,.143,.100,.243
Geovany G Soto,CHC,18,54,12,21,6,0,3,8,5,14,0,0,.389,.433,.667,1.100
Todd T Walker,OAK,18,48,5,13,1,0,0,4,2,4,0,0,.271,.288,.292,.580
Todd T Wellemeyer,STL,18,16,1,2,0,0,0,1,0,9,0,0,.125,.125,.125,.250
Ambiorix A Burgos,NYM,17,0,0,0,0,0,0,0,0,0,0,0,.000,.000,.000,.000
Elmer E Dessens,COL,17,6,2,0,0,0,0,0,2,2,0,0,.000,.250,.000,.250
Mike M Hessman,DET,17,51,7,12,0,0,4,12,5,17,0,0,.235,.298,.471,.769
Jason J Hirsh,COL,17,31,0,3,0,0,0,2,1,17,0,0,.097,.125,.097,.222
Joe J Koshansky,COL,17,12,0,1,1,0,0,2,2,5,0,0,.083,.200,.167,.367
Ricky R Ledee L,NYM,17,36,6,8,3,0,1,6,5,10,1,0,.222,.310,.389,.698
Mike M Maroth,STL,17,14,2,3,1,0,0,1,0,2,1,0,.214,.214,.286,.500
Gustavo G Molina,BAL,17,27,1,3,1,0,0,1,1,7,0,0,.111,.138,.148,.286
Juan Pablo J Perez,PIT,17,0,0,0,0,0,0,0,0,0,0,0,.000,.000,.000,.000
Levale L Speigner,WSH,17,4,0,0,0,0,0,0,1,2,0,0,.000,.200,.000,.200
Chris C Stewart,TEX,17,37,4,9,2,0,0,3,3,6,0,0,.243,.300,.297,.597
Rick R Van Den Hurk,FLA,17,23,1,1,0,0,0,0,1,12,0,0,.043,.083,.043,.127
Daniel D Barone,FLA,16,9,1,1,0,0,0,0,0,7,0,0,.111,.111,.111,.222
Kory K Casto L,WSH,16,54,1,7,2,0,0,3,2,17,0,0,.130,.158,.167,.325
Neal N Cotts,CHC,16,0,0,0,0,0,0,0,0,0,0,0,.000,.000,.000,.000
Kyle K Davies,ATL,16,26,3,5,1,0,1,4,2,12,0,0,.192,.250,.346,.596
Mike M Di Felice,NYM,16,40,1,10,2,1,0,5,2,12,0,0,.250,.311,.350,.661
Brian B Falkenborg,STL,16,1,0,0,0,0,0,0,0,1,0,0,.000,.000,.000,.000
Sal S Fasano,TOR,16,45,5,8,3,0,1,4,2,19,0,0,.178,.229,.311,.540
J. J Furmaniak,OAK,16,17,5,3,1,0,0,1,3,8,0,0,.176,.364,.235,.599
Joel J Guzman,TB,16,37,5,9,1,2,0,4,2,10,0,0,.243,.282,.378,.660
Shawn S Hill,WSH,16,26,2,2,0,0,0,0,3,10,0,0,.077,.200,.077,.277
Wes W Obermueller,FLA,16,16,1,1,1,0,0,0,0,4,0,0,.063,.063,.125,.188
Jailen J Peguero,ARI,16,0,0,0,0,0,0,0,0,0,0,0,.000,.000,.000,.000
Brayan B Peña Pena,ATL,16,33,2,7,0,0,1,3,0,3,0,1,.212,.212,.303,.515
Joel J Pineiro,STL,16,18,2,1,0,0,0,0,2,13,0,0,.056,.150,.056,.206
Romulo R Sanchez,PIT,16,1,0,0,0,0,0,0,0,1,0,0,.000,.000,.000,.000
Shane S Youman,PIT,16,12,1,1,0,0,0,0,1,5,0,0,.083,.154,.083,.237
Greg G Aquino,MIL,15,0,0,0,0,0,0,0,0,0,0,0,.000,.000,.000,.000
Andy A Cavazos,STL,15,0,0,0,0,0,0,0,0,0,0,0,.000,.000,.000,.000
Eddie E Guardado,CIN,15,0,0,0,0,0,0,0,0,0,0,0,.000,.000,.000,.000
Ubaldo U Jiménez Jimenez,COL,15,24,0,2,0,0,0,0,3,6,0,0,.083,.185,.083,.268
Justin J Maxwell,WSH,15,26,5,7,0,0,2,5,1,8,0,0,.269,.296,.500,.796
Brandon B Moss L,BOS,15,25,6,7,2,1,0,1,4,6,0,0,.280,.379,.440,.819
Mike M Pelfrey,NYM,15,21,1,2,1,0,0,0,1,9,0,0,.095,.136,.143,.279
Tim T Redding,WSH,15,28,1,2,1,0,0,2,0,11,0,0,.071,.071,.107,.179
Michael M Restovich,WSH,15,28,0,4,1,0,0,1,1,8,0,0,.143,.172,.179,.351
Ryan R Sweeney L,CWS,15,45,5,9,3,0,1,5,4,5,0,1,.200,.265,.333,.599
Tyler T Walker,SF,15,0,0,0,0,0,0,0,0,0,0,0,.000,.000,.000,.000
Jonathan J Albaladejo,WSH,14,0,0,0,0,0,0,0,0,0,0,0,.000,.000,.000,.000
Troy T Cate,STL,14,1,0,0,0,0,0,0,0,0,0,0,.000,.000,.000,.000
Sam S Fuld,CHC,14,6,3,0,0,0,0,0,3,3,0,0,.000,.333,.000,.333
Masumi M Kuwata,PIT,14,0,0,0,0,0,0,0,0,0,0,0,.000,.000,.000,.000
Pedro P Lopez S,CIN,14,45,1,8,2,0,0,0,1,10,0,0,.178,.213,.222,.435
Seth S Mc Clung,MIL,14,0,0,0,0,0,0,0,0,0,0,0,.000,.000,.000,.000
Yusmeiro Y Petit,ARI,14,16,2,1,0,0,0,0,0,8,0,0,.063,.063,.063,.125
Josh J Rabe D,MIN,14,31,2,6,0,0,0,2,0,7,0,0,.194,.194,.194,.387
Desi D Relaford,TEX,14,26,2,3,0,0,0,0,2,6,0,1,.115,.179,.115,.294
Jo- Jo J Reyes,ATL,14,19,1,3,0,0,0,0,0,7,0,0,.158,.158,.158,.316
Juan J Rivera D,LAA,14,43,3,12,1,0,2,8,1,4,0,0,.279,.295,.442,.737
J. R. J Towles,HOU,14,40,9,15,5,0,1,12,3,1,0,1,.375,.432,.575,1.007
Jorge J Velandia,TB,14,50,7,16,4,0,2,11,8,17,0,0,.320,.424,.520,.944
Eugenio E Velez,SF,14,11,5,3,0,2,0,2,2,3,4,0,.273,.385,.636,1.021
Ryan R Wagner,WSH,14,0,0,0,0,0,0,0,0,0,0,0,.000,.000,.000,.000
Ross R Wolf,FLA,14,1,0,0,0,0,0,0,0,1,0,0,.000,.000,.000,.000
Brian B Anderson D,CWS,13,17,3,2,1,0,0,0,2,7,0,0,.118,.211,.176,.387
Jose J Ascanio,ATL,13,0,0,0,0,0,0,0,0,0,0,0,.000,.000,.000,.000
Mark M Bellhorn,CIN,13,14,2,1,0,0,0,1,4,5,0,0,.071,.278,.071,.349
Brent B Clevlen L,DET,13,10,2,1,0,0,0,0,0,7,0,0,.100,.100,.100,.200
Clay C Hensley,SD,13,14,0,3,0,0,0,2,0,8,1,0,.214,.214,.214,.429
Rodrigo R Lopez,COL,13,22,0,1,0,0,0,0,1,13,0,0,.045,.087,.045,.132
Carlos C Maldonado,PIT,13,24,2,5,1,0,2,4,5,8,0,0,.208,.333,.500,.833
Macay M Mc Bride,ATL,13,0,0,0,0,0,0,0,0,0,0,0,.000,.000,.000,.000
Arnie A Munoz,WSH,13,0,0,0,0,0,0,0,0,0,0,0,.000,.000,.000,.000
Jeremy J Reed,SEA,13,17,2,3,0,1,0,0,0,3,0,0,.176,.176,.294,.471
Eric E Stults,LAD,13,12,1,4,2,0,0,0,0,5,0,0,.333,.333,.500,.833
Brandon B Wood,LAA,13,33,2,5,1,0,1,3,0,12,0,0,.152,.152,.273,.424
Ryan R Budde,LAA,12,18,0,3,1,0,0,1,0,6,0,0,.167,.167,.222,.389
Kevin K Cash,BOS,12,27,2,3,1,0,0,4,4,13,0,0,.111,.242,.148,.391
Rocky R Cherry,CHC,12,1,0,0,0,0,0,0,0,0,0,0,.000,.000,.000,.000
Octavio O Dotel,ATL,12,0,0,0,0,0,0,0,0,0,0,0,.000,.000,.000,.000
Alberto A Gonzalez S,NYY,12,14,3,1,0,0,0,1,1,1,0,1,.071,.133,.071,.205
Angel A Guzman,CHC,12,7,0,0,0,0,0,0,0,2,0,0,.000,.000,.000,.000
Joel J Hanrahan,WSH,12,14,3,4,2,1,0,3,0,5,0,0,.286,.286,.571,.857
Yoel Y Hernandez,PHI,12,0,0,0,0,0,0,0,0,0,0,0,.000,.000,.000,.000
Chin- Lung C Hu S,LAD,12,29,5,7,0,1,2,5,0,8,0,0,.241,.241,.517,.759
Jon J Lieber,PHI,12,17,2,1,0,0,0,1,4,8,0,0,.059,.238,.059,.297
Zach Z Mc Clellan,COL,12,1,0,0,0,0,0,0,0,1,0,0,.000,.000,.000,.000
Corky C Miller,ATL,12,27,3,7,2,0,1,4,1,5,0,0,.259,.310,.444,.755
Scott S Munter,SF,12,0,0,0,0,0,0,0,0,0,0,0,.000,.000,.000,.000
Brian B Myrow,SD,12,10,0,1,1,0,0,1,1,4,0,0,.100,.250,.200,.450
Ramon R Ortiz,COL,12,4,1,1,0,0,0,1,1,1,0,0,.250,.400,.250,.650
Russ R Ortiz,SF,12,17,0,3,1,0,0,3,0,4,0,0,.176,.176,.235,.412
Stephen S Randolph,HOU,12,0,0,0,0,0,0,0,0,0,0,0,.000,.000,.000,.000
John J Wasdin,PIT,12,4,0,0,0,0,0,0,0,1,0,0,.000,.000,.000,.000
Emilio E Bonifácio,ARI,11,23,2,5,1,0,0,2,4,3,0,1,.217,.333,.261,.594
Alberto A Castillo,BAL,11,31,5,5,2,0,1,3,3,10,0,0,.161,.229,.323,.551
Kane K Davis,PHI,11,0,0,0,0,0,0,0,0,0,0,0,.000,.000,.000,.000
Charlton C Jimerson,SEA,11,2,5,2,0,0,1,1,0,0,2,0,1.000,1.000,2.500,3.500
Bobby B Livingston,CIN,11,25,3,7,0,0,0,2,2,7,0,0,.280,.333,.280,.613
Lance L Niekro,SF,11,17,0,3,0,0,0,0,1,5,0,0,.176,.222,.176,.399
Danny D Putnam C,OAK,11,28,3,6,0,0,1,2,3,11,0,0,.214,.290,.321,.612
Mike M Rivera,MIL,11,13,2,3,0,0,2,3,1,3,0,0,.231,.286,.692,.978
Brian B Sanches,PHI,11,0,0,0,0,0,0,0,0,0,0,0,.000,.000,.000,.000
Jason J Simontacchi,WSH,11,19,1,1,0,0,0,0,0,5,0,0,.053,.053,.053,.105
Craig C Stansberry,SD,11,7,1,2,0,0,0,1,0,3,0,0,.286,.375,.286,.661
Fabio F Castro,PHI,10,0,0,0,0,0,0,0,0,0,0,0,.000,.000,.000,.000
Lance L Cormier,ATL,10,16,0,0,0,0,0,0,1,7,0,0,.000,.059,.000,.059
Joey J Devine,ATL,10,0,0,0,0,0,0,0,0,0,0,0,.000,.000,.000,.000
Freddy F Garcia,PHI,10,17,1,4,1,0,0,2,2,7,0,0,.235,.300,.294,.594
Randy R Johnson,ARI,10,15,0,1,0,0,0,0,1,7,0,0,.067,.125,.067,.192
Bill B Murphy,ARI,10,0,0,0,0,0,0,0,0,0,0,0,.000,.000,.000,.000
Laynce L Nix,MIL,10,12,0,0,0,0,0,0,0,4,0,0,.000,.000,.000,.000
Mark M Redman,COL,10,13,1,0,0,0,0,0,1,4,0,0,.000,.071,.000,.071
Bronson B Sardinha,NYY,10,9,6,3,0,0,0,2,2,1,0,0,.333,.417,.333,.750
John J Van Benschoten,PIT,10,7,1,1,1,0,0,0,1,3,0,0,.143,.250,.286,.536
Denny D Bautista,COL,9,1,0,0,0,0,0,0,0,1,0,0,.000,.000,.000,.000
Angel A Berroa,KC,9,11,0,1,0,0,0,1,0,4,0,1,.091,.167,.091,.258
Jeff J Clement,SEA,9,16,4,6,1,0,2,3,3,3,0,0,.375,.474,.813,1.286
Ben B Johnson L,NYM,9,27,2,5,1,0,0,1,2,11,0,0,.185,.233,.222,.456
Logan L Kensing,FLA,9,1,0,0,0,0,0,0,0,0,0,0,.000,.000,.000,.000
Michael M Morse,SEA,9,18,1,8,2,0,0,3,1,4,0,0,.444,.500,.556,1.056
Manny M Parra,MIL,9,9,1,2,2,0,0,2,0,3,0,0,.222,.222,.444,.667
Guillermo G Quiroz,TEX,9,10,1,4,1,0,0,2,1,2,0,0,.400,.455,.500,.954
Matt M Smith,PHI,9,0,0,0,0,0,0,0,0,0,0,0,.000,.000,.000,.000
Mel M Stocker L,MIL,9,3,0,0,0,0,0,0,0,0,4,0,.000,.000,.000,.000
Tommy T Watkins,MIN,9,28,2,10,0,0,0,0,4,4,1,0,.357,.438,.357,.795
Sandy S Alomar,NYM,8,22,1,3,1,0,0,0,0,3,0,0,.136,.136,.182,.318
Homer H Bailey,CIN,8,11,3,3,1,0,0,2,0,5,0,0,.273,.273,.364,.636
Dee D Brown L,OAK,8,3,0,0,0,0,0,0,0,2,0,0,.000,.000,.000,.000
Fernando F Cortez,KC,8,14,3,4,1,0,0,1,1,0,0,0,.286,.333,.357,.690
Terry T Evans,LAA,8,11,3,1,0,0,1,2,2,4,0,0,.091,.231,.364,.594
Sean S Gallagher,CHC,8,1,0,0,0,0,0,0,0,0,0,0,.000,.500,.000,.500
Harvey H Garcia,FLA,8,0,0,0,0,0,0,0,0,0,0,0,.000,.000,.000,.000
Dan D Giese,SF,8,0,0,0,0,0,0,0,0,0,0,0,.000,.000,.000,.000
Freddy F Guzman,TEX,8,6,2,1,0,0,1,1,0,2,0,1,.167,.167,.667,.833
Josh J Hancock,STL,8,1,0,0,0,0,0,0,0,0,0,0,.000,.000,.000,.000
Kevin K Hart,CHC,8,0,0,0,0,0,0,0,0,0,0,0,.000,.000,.000,.000
Chase C Headley,SD,8,18,1,4,1,0,0,0,2,4,0,0,.222,.333,.278,.611
Justin J Huber,KC,8,10,2,1,0,0,0,0,0,2,0,0,.100,.100,.100,.200
Donny D Lucy,CWS,8,15,0,3,0,0,0,0,0,6,0,0,.200,.200,.200,.400
Scott S Mc Clain,SF,8,11,1,2,0,0,0,0,0,2,0,0,.182,.182,.182,.364
Franklin F Morales,COL,8,13,1,4,0,0,0,1,1,5,0,0,.308,.357,.308,.665
Billy B Petrick,CHC,8,0,0,0,0,0,0,0,0,0,0,0,.000,.000,.000,.000
Paul P Phillips,KC,8,14,2,2,1,0,0,2,1,1,0,0,.143,.200,.214,.414
Ryan R Roberts,TOR,8,13,2,1,0,0,0,0,2,7,0,0,.077,.250,.077,.327
Vinny V Rottino,MIL,8,9,0,2,1,0,0,3,0,1,0,0,.222,.222,.333,.556
Robert R Andino,FLA,7,13,0,5,1,0,0,0,0,2,0,0,.385,.385,.462,.846
Brandon B Backe,HOU,7,10,5,4,1,0,1,1,1,3,0,0,.400,.455,.800,1.255
Steve S Colyer,ATL,7,0,0,0,0,0,0,0,0,0,0,0,.000,.000,.000,.000
Jake J Fox R,CHC,7,14,3,2,2,0,0,1,1,2,0,0,.143,.200,.286,.486
Juan J Gutierrez,HOU,7,6,1,0,0,0,0,0,0,4,0,0,.000,.000,.000,.000
Jon J Knott D,BAL,7,14,3,3,0,0,1,4,4,3,0,0,.214,.368,.429,.797
Matthew M Le Croy,MIN,7,20,1,3,1,0,0,0,0,4,0,0,.150,.150,.200,.350
Kevin K Mahar C,TEX,7,18,2,3,1,0,0,1,0,7,0,0,.167,.167,.222,.389
Dustan D Mohr L,TB,7,16,1,2,0,0,1,2,0,6,0,1,.125,.125,.313,.438
Eric E Patterson,CHC,7,8,0,2,1,0,0,0,0,3,0,0,.250,.250,.375,.625
John J Patterson,WSH,7,10,0,0,0,0,0,0,0,7,0,0,.000,.000,.000,.000
Justin J Ruggiano C,TB,7,14,2,3,0,0,0,3,1,5,0,0,.214,.267,.214,.481
Dennis D Sarfate,HOU,7,0,0,0,0,0,0,0,0,0,0,0,.000,.000,.000,.000
Chris C Seddon,FLA,7,3,0,0,0,0,0,0,0,2,0,0,.000,.000,.000,.000
Tom T Shearn,CIN,7,11,0,0,0,0,0,0,1,4,0,0,.000,.083,.000,.083
Seth S Smith,COL,7,8,4,5,0,1,0,0,0,1,0,0,.625,.625,.875,1.500
Mike M Thompson,SD,7,2,0,0,0,0,0,0,0,1,0,0,.000,.000,.000,.000
Steve S Trachsel,CHC,7,12,0,1,0,0,0,0,0,4,0,0,.083,.083,.083,.167
Alberto A Arias,COL,6,2,0,0,0,0,0,0,0,2,0,0,.000,.000,.000,.000
Brian B Bruney,NYY,6,0,0,0,0,0,0,0,0,0,0,0,.000,.000,.000,.000
Santiago S Casilla,OAK,6,0,0,0,0,0,0,0,0,0,0,0,.000,.000,.000,.000
Jack J Cassel,SD,6,8,2,1,0,0,0,0,0,3,0,0,.125,.125,.125,.250
Shin- Soo S Choo L,CLE,6,17,5,5,0,0,0,5,2,5,0,1,.294,.350,.294,.644
Willie W Collazo,NYM,6,0,0,0,0,0,0,0,0,0,0,0,.000,.000,.000,.000
Rheal R Cormier,CIN,6,0,0,0,0,0,0,0,0,0,0,0,.000,.000,.000,.000
Phil P Dumatrait,CIN,6,6,0,0,0,0,0,0,0,4,0,0,.000,.000,.000,.000
Luis L Figueroa,SF,6,5,1,1,0,0,0,0,0,0,0,0,.200,.200,.200,.400
Ron R Flores,OAK,6,0,0,0,0,0,0,0,0,0,0,0,.000,.000,.000,.000
Nick N Green S,SEA,6,7,0,0,0,0,0,0,0,3,0,0,.000,.000,.000,.000
Sean S Green,SEA,6,0,0,0,0,0,0,0,0,0,0,0,.000,.000,.000,.000
John- Ford J Griffin D,TOR,6,10,4,3,1,0,1,3,3,5,0,0,.300,.429,.700,1.129
Rob R Johnson,SEA,6,3,1,1,0,0,0,0,0,0,1,0,.333,.333,.333,.667
John J Lannan,WSH,6,13,1,2,1,0,0,1,0,5,0,0,.154,.154,.231,.385
Brian B Lawrence,NYM,6,12,1,3,0,0,0,3,0,4,0,0,.250,.250,.250,.500
Eric E Milton,CIN,6,7,0,1,0,0,0,2,0,2,0,0,.143,.143,.143,.286
Mike M Myers,NYY,6,1,0,0,0,0,0,0,0,0,0,0,.000,.000,.000,.000
Al A Reyes,TB,6,0,0,0,0,0,0,0,0,0,0,0,.000,.000,.000,.000
Anibal A Sánchez Sanchez,FLA,6,11,1,1,0,0,0,0,2,7,0,0,.091,.231,.091,.322
Jason J Schmidt,LAD,6,7,1,1,0,0,1,1,0,4,0,0,.143,.143,.571,.714
Joakim J Soria,KC,6,0,0,0,0,0,0,0,0,0,0,0,.000,.000,.000,.000
Mitch M Stetter,MIL,6,0,0,0,0,0,0,0,0,0,0,0,.000,.000,.000,.000
Brian B Stokes,TB,6,0,0,0,0,0,0,0,0,0,0,0,.000,.000,.000,.000
Ron R Villone,NYY,6,0,0,0,0,0,0,0,0,0,0,0,.000,.000,.000,.000
Luis L Vizcaino,NYY,6,2,0,0,0,0,0,0,0,2,0,0,.000,.000,.000,.000
Jerome J Williams,WSH,6,7,0,1,0,0,0,0,0,4,0,0,.143,.250,.143,.393
Chris C Basak,NYY,5,1,0,0,0,0,0,0,0,0,0,0,.000,.000,.000,.000
Joe J Borowski,CLE,5,0,0,0,0,0,0,0,0,0,0,0,.000,.000,.000,.000
Craig C Brazell,KC,5,4,1,1,0,0,0,0,1,1,0,0,.250,.400,.250,.650
Bryan B Bullington,PIT,5,3,1,1,0,0,0,0,0,0,0,0,.333,.333,.333,.667
Shawn S Camp,TB,5,0,0,0,0,0,0,0,0,0,0,0,.000,.000,.000,.000
Hector H Carrasco,LAA,5,0,0,0,0,0,0,0,0,0,0,0,.000,.000,.000,.000
Humberto H Cota,PIT,5,14,1,4,1,0,0,3,2,2,0,0,.286,.389,.357,.746
Jason J Davis,SEA,5,0,0,0,0,0,0,0,0,0,0,0,.000,.000,.000,.000
Scott S Downs,TOR,5,0,0,0,0,0,0,0,0,0,0,0,.000,.000,.000,.000
Dana D Eveland,ARI,5,0,0,0,0,0,0,0,0,0,0,0,.000,.000,.000,.000
Casey C Fossum,TB,5,0,0,0,0,0,0,0,0,0,0,0,.000,.000,.000,.000
Geronimo G Gil,COL,5,14,1,1,0,0,0,0,1,5,0,0,.071,.133,.071,.205
Gary G Glover,TB,5,0,0,0,0,0,0,0,0,0,0,0,.000,.000,.000,.000
Matt M Guerrier,MIN,5,0,0,0,0,0,0,0,0,0,0,0,.000,.000,.000,.000
Ryan R Hanigan,CIN,5,10,3,3,1,0,0,2,1,2,0,0,.300,.364,.400,.764
Eric E Hull,LAD,5,0,0,0,0,0,0,0,0,0,0,0,.000,.000,.000,.000
Casey C Janssen,TOR,5,0,0,0,0,0,0,0,0,0,0,0,.000,.000,.000,.000
Brandon B Jones L,ATL,5,19,0,3,1,0,0,4,0,8,0,0,.158,.190,.211,.401
Todd T Jones,DET,5,0,0,0,0,0,0,0,0,0,0,0,.000,.000,.000,.000
Joe J Kennedy,ARI,5,3,1,1,1,0,0,2,0,0,0,0,.333,.333,.667,1.000
Hung- Chih H Kuo,LAD,5,6,1,1,0,0,1,1,0,3,0,0,.167,.167,.667,.833
Colby C Lewis,OAK,5,0,0,0,0,0,0,0,0,0,0,0,.000,.000,.000,.000
Esteban E Loaiza,LAD,5,7,0,1,0,0,0,2,0,2,0,0,.143,.143,.143,.286
Pedro P Martinez,NYM,5,9,1,1,1,0,0,0,0,6,0,0,.111,.111,.222,.333
Tom T Mastny,CLE,5,0,0,0,0,0,0,0,0,0,0,0,.000,.000,.000,.000
Jon J Meloan,LAD,5,0,0,0,0,0,0,0,0,0,0,0,.000,.000,.000,.000
Dustin D Moseley,LAA,5,0,0,0,0,0,0,0,0,0,0,0,.000,.000,.000,.000
Joe J Nathan,MIN,5,0,0,0,0,0,0,0,0,0,0,0,.000,.000,.000,.000
Pat P Neshek,MIN,5,0,0,0,0,0,0,0,0,0,0,0,.000,.000,.000,.000
Ricky R Nolasco,FLA,5,6,0,0,0,0,0,0,0,3,0,0,.000,.000,.000,.000
Darren D Oliver,LAA,5,0,0,0,0,0,0,0,0,0,0,0,.000,.000,.000,.000
John J Parrish,BAL,5,0,0,0,0,0,0,0,0,0,0,0,.000,.000,.000,.000
Felipe F Paulino,HOU,5,6,0,0,0,0,0,0,0,4,0,0,.000,.000,.000,.000
Joel J Peralta,KC,5,1,1,1,1,0,0,2,0,0,0,0,1.000,1.000,2.000,3.000
David D Riske,KC,5,0,0,0,0,0,0,0,0,0,0,0,.000,.000,.000,.000
Mariano M Rivera,NYY,5,0,0,0,0,0,0,0,0,0,0,0,.000,.000,.000,.000
Josh J Sharpless,PIT,5,0,0,0,0,0,0,0,0,0,0,0,.000,.000,.000,.000
Scot S Shields,LAA,5,0,0,0,0,0,0,0,0,0,0,0,.000,.000,.000,.000
Ricky R Stone,CIN,5,0,0,0,0,0,0,0,0,0,0,0,.000,.000,.000,.000
Brian B Tallet,TOR,5,0,0,0,0,0,0,0,0,0,0,0,.000,.000,.000,.000
Matt M Thornton,CWS,5,1,0,0,0,0,0,0,0,1,0,0,.000,.000,.000,.000
Jamie J Walker,BAL,5,0,0,0,0,0,0,0,0,0,0,0,.000,.000,.000,.000
Brandon B Watson C,WSH,5,18,2,5,1,0,0,2,1,1,1,0,.278,.316,.333,.649
Dewayne D Wise C,CIN,5,5,1,1,0,1,0,1,1,1,0,0,.200,.333,.600,.933
Rafael R Betancourt,CLE,4,1,0,0,0,0,0,0,0,1,0,0,.000,.000,.000,.000
Blaine B Boyer,ATL,4,0,0,0,0,0,0,0,0,0,0,0,.000,.000,.000,.000
Chad C Bradford,BAL,4,0,0,0,0,0,0,0,0,0,0,0,.000,.000,.000,.000
Yhency Y Brazoban,LAD,4,0,0,0,0,0,0,0,0,0,0,0,.000,.000,.000,.000
Matthew M Brown,LAA,4,5,0,0,0,0,0,0,2,1,1,0,.000,.286,.000,.286
Jose J Capellan,MIL,4,0,0,0,0,0,0,0,0,0,0,0,.000,.000,.000,.000
Alan A Embree,OAK,4,0,0,0,0,0,0,0,0,0,0,0,.000,.000,.000,.000
Kyle K Farnsworth,NYY,4,0,0,0,0,0,0,0,0,0,0,0,.000,.000,.000,.000
Frank F Francisco,TEX,4,0,0,0,0,0,0,0,0,0,0,0,.000,.000,.000,.000
Jimmy J Gobble,KC,4,0,0,0,0,0,0,0,0,0,0,0,.000,.000,.000,.000
Anderson A Hernandez,NYM,4,3,1,1,0,0,0,0,0,1,0,0,.333,.333,.333,.667
Ryan R Jorgensen,CIN,4,15,3,3,0,0,2,6,0,5,0,0,.200,.200,.600,.800
Randy R Keisler,STL,4,6,1,1,0,0,0,0,0,2,0,0,.167,.167,.167,.333
Bob B Keppel,COL,4,0,0,0,0,0,0,0,0,0,0,0,.000,.000,.000,.000
Boone B Logan,CWS,4,0,0,0,0,0,0,0,0,0,0,0,.000,.000,.000,.000
Darnell D Mc Donald R,MIN,4,10,0,1,0,0,0,0,1,3,0,0,.100,.182,.100,.282
Dustin D Mc Gowan,TOR,4,7,1,2,0,0,0,0,0,3,0,0,.286,.286,.286,.571
Marty M Mc Leary,PIT,4,2,0,0,0,0,0,0,0,0,0,0,.000,.000,.000,.000
Juan J Morillo,COL,4,0,0,0,0,0,0,0,0,0,0,0,.000,.000,.000,.000
Brandon B Morrow,SEA,4,0,0,0,0,0,0,0,0,0,0,0,.000,.000,.000,.000
Eric E O' Flaherty,SEA,4,1,0,0,0,0,0,0,0,1,0,0,.000,.000,.000,.000
Jonathan J Papelbon,BOS,4,0,0,0,0,0,0,0,0,0,0,0,.000,.000,.000,.000
Carmen C Pignatiello,CHC,4,0,0,0,0,0,0,0,0,0,0,0,.000,.000,.000,.000
J. J Putz,SEA,4,0,0,0,0,0,0,0,0,0,0,0,.000,.000,.000,.000
Elizardo E Ramirez,CIN,4,5,2,1,0,0,0,0,0,0,1,0,.200,.200,.200,.400
Erasmo E Ramirez,FLA,4,0,0,0,0,0,0,0,0,0,0,0,.000,.000,.000,.000
Chris C Ray,BAL,4,0,0,0,0,0,0,0,0,0,0,0,.000,.000,.000,.000
Luis L Rivas,CLE,4,11,3,3,0,1,1,4,0,0,0,0,.273,.273,.727,1.000
Fernando F Rodney,DET,4,0,0,0,0,0,0,0,0,0,0,0,.000,.000,.000,.000
Francisco F Rodríguez Rodriguez,LAA,4,0,0,0,0,0,0,0,0,0,0,0,.000,.000,.000,.000
Bobby B Seay,DET,4,1,0,0,0,0,0,0,0,1,0,0,.000,.000,.000,.000
George G Sherrill,SEA,4,0,0,0,0,0,0,0,0,0,0,0,.000,.000,.000,.000
Paul P Shuey,BAL,4,0,0,0,0,0,0,0,0,0,0,0,.000,.000,.000,.000
Mike M Timlin,BOS,4,0,0,0,0,0,0,0,0,0,0,0,.000,.000,.000,.000
C. J. C Wilson,TEX,4,0,0,0,0,0,0,0,0,0,0,0,.000,.000,.000,.000
Mauro M Zarate,FLA,4,0,0,0,0,0,0,0,0,0,0,0,.000,.000,.000,.000
Jeremy J Accardo,TOR,3,0,0,0,0,0,0,0,0,0,0,0,.000,.000,.000,.000
Chip C Ambres,NYM,3,3,0,1,0,0,0,1,0,1,0,0,.333,.333,.333,.667
Jeff J Bailey,BOS,3,9,1,1,0,0,1,1,0,1,0,0,.111,.111,.444,.556
Wladimir W Balentien R,SEA,3,3,1,2,1,0,1,4,0,0,0,0,.667,.500,2.000,2.500
Grant G Balfour,MIL,3,0,0,0,0,0,0,0,0,0,0,0,.000,.000,.000,.000
Sean S Barker,COL,3,2,0,0,0,0,0,0,0,1,0,0,.000,.333,.000,.333
Miguel M Batista,SEA,3,6,0,0,0,0,0,0,0,1,0,0,.000,.000,.000,.000
Josh J Beckett,BOS,3,11,1,2,1,0,0,1,0,1,0,0,.182,.182,.273,.454
Edwin E Bellorin,COL,3,2,0,0,0,0,0,0,0,0,0,0,.000,.000,.000,.000
Jeff J Bennett,ATL,3,4,0,0,0,0,0,0,0,2,0,0,.000,.000,.000,.000
Joaquin J Benoit,TEX,3,0,0,0,0,0,0,0,0,0,0,0,.000,.000,.000,.000
Chris C Booker,WSH,3,0,0,0,0,0,0,0,0,0,0,0,.000,.000,.000,.000
Ryan R Bukvich,CWS,3,0,0,0,0,0,0,0,0,0,0,0,.000,.000,.000,.000
Tim T Byrdak,DET,3,0,0,0,0,0,0,0,0,0,0,0,.000,.000,.000,.000
Kiko K Calero,OAK,3,0,0,0,0,0,0,0,0,0,0,0,.000,.000,.000,.000
Marcos M Carvajal,FLA,3,0,0,0,0,0,0,0,0,0,0,0,.000,.000,.000,.000
Frankie F De La Cruz,DET,3,0,0,0,0,0,0,0,0,0,0,0,.000,.000,.000,.000
Jorge J De La Rosa,KC,3,5,0,0,0,0,0,0,0,1,0,0,.000,.000,.000,.000
Dennis D Dove,STL,3,0,0,0,0,0,0,0,0,0,0,0,.000,.000,.000,.000
John J Ennis,PHI,3,3,0,1,0,0,0,0,0,1,0,0,.333,.333,.333,.667
Scott S Feldman,TEX,3,0,0,0,0,0,0,0,0,0,0,0,.000,.000,.000,.000
Jason J Frasor,TOR,3,0,0,0,0,0,0,0,0,0,0,0,.000,.000,.000,.000
Eric E Gagne,TEX,3,0,0,0,0,0,0,0,0,0,0,0,.000,.000,.000,.000
John J Gall,FLA,3,4,0,0,0,0,0,0,0,1,0,0,.000,.200,.000,.200
Zack Z Greinke,KC,3,1,0,0,0,0,0,0,0,1,0,0,.000,.000,.000,.000
Jason J Grilli,DET,3,0,0,0,0,0,0,0,0,0,0,0,.000,.000,.000,.000
Paul P Hoover,FLA,3,8,1,3,0,0,0,0,0,2,0,0,.375,.375,.375,.750
Philip P Humber,NYM,3,1,0,0,0,0,0,0,0,0,0,0,.000,.000,.000,.000
Josh J Johnson,FLA,3,2,0,0,0,0,0,0,0,1,0,0,.000,.000,.000,.000
Javier J López Lopez,BOS,3,0,0,0,0,0,0,0,0,0,0,0,.000,.000,.000,.000
Mike M Mac Dougal,CWS,3,0,0,0,0,0,0,0,0,0,0,0,.000,.000,.000,.000
Jay J Marshall,OAK,3,0,0,0,0,0,0,0,0,0,0,0,.000,.000,.000,.000
Nick N Masset,CWS,3,1,0,0,0,0,0,0,0,1,0,0,.000,.000,.000,.000
Wade W Miller,CHC,3,4,0,1,0,0,0,0,0,0,0,0,.250,.250,.250,.500
Mark M Mulder,STL,3,2,0,1,0,0,0,0,0,1,0,0,.500,.500,.500,1.000
Neal N Musser,KC,3,1,0,0,0,0,0,0,0,0,0,0,.000,.000,.000,.000
Hideki H Okajima,BOS,3,0,0,0,0,0,0,0,0,0,0,0,.000,.000,.000,.000
Akinori A Otsuka,TEX,3,0,0,0,0,0,0,0,0,0,0,0,.000,.000,.000,.000
Troy T Patton,HOU,3,3,0,1,0,0,0,0,0,1,0,0,.333,.333,.333,.667
Dennys D Reyes,MIN,3,0,0,0,0,0,0,0,0,0,0,0,.000,.000,.000,.000
Shawn S Riggans,TB,3,10,1,1,0,0,0,2,0,1,0,0,.100,.100,.100,.200
Brian B Rogers,PIT,3,0,0,0,0,0,0,0,0,0,0,0,.000,.000,.000,.000
Dan D Serafini,COL,3,0,0,0,0,0,0,0,0,0,0,0,.000,.000,.000,.000
James J Shields,TB,3,6,1,1,0,0,0,0,0,0,0,0,.167,.167,.167,.333
Kyle K Snyder,BOS,3,0,0,0,0,0,0,0,0,0,0,0,.000,.000,.000,.000
Erick E Threets,SF,3,0,0,0,0,0,0,0,0,0,0,0,.000,.000,.000,.000
Javier J Vazquez,CWS,3,6,0,0,0,0,0,0,0,2,0,0,.000,.000,.000,.000
Jay J Witasick,TB,3,0,0,0,0,0,0,0,0,0,0,0,.000,.000,.000,.000
David D Aardsma,CWS,2,0,0,0,0,0,0,0,0,0,0,0,.000,.000,.000,.000
Danys D Baez,BAL,2,0,0,0,0,0,0,0,0,0,0,0,.000,.000,.000,.000
Scott S Baker,MIN,2,6,0,0,0,0,0,0,0,1,0,0,.000,.000,.000,.000
Brian B Bannister,KC,2,3,0,1,0,0,0,0,0,1,0,0,.333,.500,.333,.833
Erik E Bedard,BAL,2,5,0,2,0,0,0,1,0,1,0,0,.400,.400,.400,.800
Rob R Bell,BAL,2,0,0,0,0,0,0,0,0,0,0,0,.000,.000,.000,.000
Joe J Bisenius,PHI,2,0,0,0,0,0,0,0,0,0,0,0,.000,.000,.000,.000
Travis T Blackley,SF,2,3,0,1,0,0,0,0,0,1,0,0,.333,.333,.333,.667
Joe J Blanton,OAK,2,4,0,0,0,0,0,0,0,3,0,0,.000,.000,.000,.000
Jeremy J Bonderman,DET,2,6,1,1,0,0,0,0,0,3,0,0,.167,.167,.167,.333
Boof B Bonser,MIN,2,3,0,0,0,0,0,0,0,1,0,0,.000,.000,.000,.000
Chris C Bootcheck,LAA,2,0,0,0,0,0,0,0,0,0,0,0,.000,.000,.000,.000
Mark M Buehrle,CWS,2,5,0,0,0,0,0,0,0,4,0,0,.000,.000,.000,.000
Randy R Choate,ARI,2,0,0,0,0,0,0,0,0,0,0,0,.000,.000,.000,.000
Darren D Clarke,COL,2,0,0,0,0,0,0,0,0,0,0,0,.000,.000,.000,.000
Roger R Clemens,NYY,2,2,0,1,0,0,0,0,0,0,0,0,.500,.500,.500,1.000
Bartolo B Colon,LAA,2,3,0,0,0,0,0,0,0,0,0,0,.000,.000,.000,.000
David D Davidson,PIT,2,0,0,0,0,0,0,0,0,0,0,0,.000,.000,.000,.000
Manny M Delcarmen,BOS,2,0,0,0,0,0,0,0,0,0,0,0,.000,.000,.000,.000
Lenny L Di Nardo,OAK,2,4,0,1,0,0,0,0,0,2,0,0,.250,.250,.250,.500
Brendan B Donnelly,BOS,2,0,0,0,0,0,0,0,0,0,0,0,.000,.000,.000,.000
Travis T Driskill,HOU,2,0,0,0,0,0,0,0,0,0,0,0,.000,.000,.000,.000
Brandon B Duckworth,KC,2,1,0,1,0,0,0,0,0,0,0,0,1.000,1.000,1.000,2.000
Chad C Durbin,DET,2,4,0,0,0,0,0,1,0,0,0,0,.000,.000,.000,.000
Kelvim K Escobar,LAA,2,6,0,2,0,0,0,0,0,2,0,0,.333,.333,.333,.667
Willie W Eyre,TEX,2,0,0,0,0,0,0,0,0,0,0,0,.000,.000,.000,.000
Aaron A Fultz,CLE,2,0,0,0,0,0,0,0,0,0,0,0,.000,.000,.000,.000
Chad C Gaudin,OAK,2,3,1,0,0,0,0,0,1,2,0,0,.000,.250,.000,.250
Nick N Gorneault L,LAA,2,4,1,0,0,0,0,0,1,1,0,0,.000,.200,.000,.200
Jeremy J Guthrie,BAL,2,7,0,0,0,0,0,0,0,4,0,0,.000,.000,.000,.000
Felix F Hernández Hernandez,SEA,2,4,0,1,0,0,0,1,0,3,0,0,.250,.250,.250,.500
Roberto R Hernandez,CLE,2,4,0,0,0,0,0,0,0,3,0,0,.000,.000,.000,.000
J. P. J Howell,TB,2,6,1,2,0,0,0,1,0,2,0,0,.333,.333,.333,.667
Joe J Inglett,TOR,2,5,0,3,0,1,0,2,0,0,1,0,.600,.600,1.000,1.600
Edwin E Jackson,TB,2,2,0,1,0,0,0,0,0,1,0,0,.500,.500,.500,1.000
Bobby B Jenks,CWS,2,0,0,0,0,0,0,0,0,0,0,0,.000,.000,.000,.000
Dan D Kolb,PIT,2,0,0,0,0,0,0,0,0,0,0,0,.000,.000,.000,.000
Cliff C Lee,CLE,2,5,0,0,0,0,0,0,0,2,0,0,.000,.000,.000,.000
Anthony A Lerew,ATL,2,3,0,0,0,0,0,0,0,0,0,0,.000,.000,.000,.000
Wes W Littleton,TEX,2,1,0,0,0,0,0,0,0,1,0,0,.000,.000,.000,.000
Shaun S Marcum,TOR,2,4,0,0,0,0,0,0,1,2,0,0,.000,.200,.000,.200
Carlos C Martinez,FLA,2,1,0,0,0,0,0,0,0,1,0,0,.000,.000,.000,.000
Daisuke D Matsuzaka,BOS,2,4,0,0,0,0,0,0,0,2,0,0,.000,.000,.000,.000
Gil G Meche,KC,2,4,0,0,0,0,0,0,0,2,0,0,.000,.000,.000,.000
Andrew A Miller,DET,2,5,0,0,0,0,0,0,0,5,0,0,.000,.000,.000,.000
Matt M Miller,CLE,2,0,0,0,0,0,0,0,0,0,0,0,.000,.000,.000,.000
Kevin K Millwood,TEX,2,4,0,0,0,0,0,0,0,4,0,0,.000,.000,.000,.000
Carlos C Muniz,NYM,2,0,0,0,0,0,0,0,0,0,0,0,.000,.000,.000,.000
Mike M Mussina,NYY,2,2,0,0,0,0,0,0,1,0,0,0,.000,.333,.000,.333
Josh J Newman,COL,2,0,0,0,0,0,0,0,0,0,0,0,.000,.000,.000,.000
Odalis O Perez,KC,2,5,1,1,0,0,0,0,0,2,0,0,.200,.200,.200,.400
Rafael R Perez,CLE,2,0,0,0,0,0,0,0,0,0,0,0,.000,.000,.000,.000
Andy A Pettitte,NYY,2,4,0,0,0,0,0,0,0,3,0,0,.000,.000,.000,.000
Juan J Rincon,MIN,2,0,0,0,0,0,0,0,0,0,0,0,.000,.000,.000,.000
Clint C Sammons,ATL,2,3,0,2,1,0,0,0,0,0,0,0,.667,.667,1.000,1.667
Ervin E Santana,LAA,2,5,1,1,1,0,0,2,0,3,0,0,.200,.200,.400,.600
Johan J Santana,MIN,2,7,2,2,1,1,0,1,1,0,0,0,.286,.375,.714,1.089
Carlos C Silva,MIN,2,4,0,0,0,0,0,0,0,1,0,0,.000,.000,.000,.000
Andy A Sonnanstine,TB,2,5,1,2,0,0,0,1,0,2,0,0,.400,.400,.400,.800
Tim T Stauffer,SD,2,4,1,1,0,0,0,2,0,2,0,0,.250,.250,.250,.500
Adam A Stern C,BAL,2,0,0,0,0,0,0,0,0,0,0,0,.000,.000,.000,.000
Julian J Tavarez,BOS,2,4,0,1,0,0,0,0,1,3,0,0,.250,.400,.250,.650
Robinson R Tejeda,TEX,2,3,0,0,0,0,0,0,0,3,0,0,.000,.000,.000,.000
Josh J Towers,TOR,2,1,0,0,0,0,0,0,0,0,0,0,.000,.000,.000,.000
Lino L Urdaneta,NYM,2,0,0,0,0,0,0,0,0,0,0,0,.000,.000,.000,.000
Jason J Vargas,NYM,2,2,0,0,0,0,0,0,0,0,0,0,.000,.000,.000,.000
Justin J Verlander,DET,2,4,0,0,0,0,0,0,0,3,0,0,.000,.000,.000,.000
Jarrod J Washburn,SEA,2,2,0,1,0,0,0,1,1,1,0,0,.500,.667,.500,1.167
Jeff J Weaver,SEA,2,1,1,0,0,0,0,0,0,0,0,0,.000,.500,.000,.500
Jered J Weaver,LAA,2,4,0,1,0,0,0,0,0,1,0,0,.250,.250,.250,.500
Dave D Williams,NYM,2,1,0,0,0,0,0,0,0,1,0,0,.000,.000,.000,.000
Scott S Williamson,BAL,2,0,0,0,0,0,0,0,0,0,0,0,.000,.000,.000,.000
Jon J Adkins,NYM,1,0,0,0,0,0,0,0,0,0,0,0,.000,.000,.000,.000
Cha Seung C Baek,SEA,1,1,0,0,0,0,0,0,0,1,0,0,.000,.000,.000,.000
Kevin K Barry,ATL,1,0,0,0,0,0,0,0,0,0,0,0,.000,.000,.000,.000
Yorman Y Bazardo,DET,1,0,0,0,0,0,0,0,0,0,0,0,.000,.000,.000,.000
A. J. A Burnett,TOR,1,2,0,0,0,0,0,0,0,0,0,0,.000,.000,.000,.000
Brian B Burres,BAL,1,2,0,1,0,0,0,1,0,1,0,0,.500,.500,.500,1.000
Paul P Byrd,CLE,1,2,0,0,0,0,0,0,0,0,0,0,.000,.000,.000,.000
Daniel D Cabrera,BAL,1,3,0,0,0,0,0,0,0,3,0,0,.000,.000,.000,.000
Fernando F Cabrera,CLE,1,0,0,0,0,0,0,0,0,0,0,0,.000,.000,.000,.000
Chris C Carpenter,STL,1,1,0,0,0,0,0,0,0,0,0,0,.000,.000,.000,.000
Joba J Chamberlain,NYY,1,0,0,0,0,0,0,0,0,0,0,0,.000,.000,.000,.000
Tyler T Clippard,NYY,1,2,0,1,1,0,0,0,0,1,0,0,.500,.500,1.000,1.500
Jose J Contreras,CWS,1,1,0,0,0,0,0,0,0,1,0,0,.000,.000,.000,.000
Tim T Corcoran,TB,1,0,0,0,0,0,0,0,0,0,0,0,.000,.000,.000,.000
Enrique E Cruz S,CIN,1,1,0,0,0,0,0,0,0,0,0,0,.000,.000,.000,.000
John J Danks,CWS,1,2,0,0,0,0,0,0,0,2,0,0,.000,.000,.000,.000
Dewon D Day,CWS,1,0,0,0,0,0,0,0,0,0,0,0,.000,.000,.000,.000
Jordan J De Jong,TOR,1,0,0,0,0,0,0,0,0,0,0,0,.000,.000,.000,.000
Ross R Detwiler,WSH,1,0,0,0,0,0,0,0,0,0,0,0,.000,.000,.000,.000
Scott S Elarton,KC,1,1,0,0,0,0,0,0,0,1,0,0,.000,.000,.000,.000
Brian B Esposito,STL,1,0,0,0,0,0,0,0,0,0,0,0,.000,.000,.000,.000
Ryan R Feierabend,SEA,1,0,0,0,0,0,0,0,0,0,0,0,.000,.000,.000,.000
Nate N Field,FLA,1,0,0,0,0,0,0,0,0,0,0,0,.000,.000,.000,.000
Anderson A Garcia,PHI,1,0,0,0,0,0,0,0,0,0,0,0,.000,.000,.000,.000
Jon J Garland,CWS,1,0,0,0,0,0,0,0,0,0,0,0,.000,.000,.000,.000
Matt M Garza,MIN,1,2,0,0,0,0,0,0,0,1,0,0,.000,.000,.000,.000
Jerry J Gil,CIN,1,0,0,0,0,0,0,0,0,0,0,0,.000,.000,.000,.000
Enrique E Gonzalez,ARI,1,0,0,0,0,0,0,0,0,0,0,0,.000,.000,.000,.000
Roy R Halladay,TOR,1,4,0,2,0,0,0,1,0,2,0,0,.500,.500,.500,1.000
Jason J Hammel,TB,1,1,0,1,1,0,0,1,0,0,0,0,1.000,1.000,2.000,3.000
J. A. J Happ,PHI,1,1,0,0,0,0,0,0,0,1,0,0,.000,.000,.000,.000
Rich R Harden,OAK,1,0,0,0,0,0,0,0,0,0,0,0,.000,.000,.000,.000
Dan D Haren,OAK,1,4,0,0,0,0,0,0,0,1,0,0,.000,.000,.000,.000
Tim T Harikkala,COL,1,1,0,1,0,0,0,1,0,0,0,0,1.000,1.000,1.000,2.000
Sean S Henn,NYY,1,1,0,0,0,0,0,0,0,1,0,0,.000,.000,.000,.000
Kei K Igawa,NYY,1,0,0,0,0,0,0,0,1,0,0,0,.000,1.000,.000,1.000
Scott S Kazmir,TB,1,2,0,1,0,0,0,1,0,0,0,0,.500,.500,.500,1.000
John J Koronka,TEX,1,2,0,0,0,0,0,0,0,2,0,0,.000,.000,.000,.000
John J Lackey,LAA,1,2,0,0,0,0,0,0,0,0,0,0,.000,.000,.000,.000
Jesse J Litsch,TOR,1,1,0,0,0,0,0,0,0,0,0,0,.000,.000,.000,.000
Kameron K Loe,TEX,1,2,1,1,0,0,0,0,1,0,0,0,.500,.667,.500,1.167
Drew D Macias,SD,1,0,1,0,0,0,0,0,0,0,0,0,.000,.000,.000,.000
Brandon B Mc Carthy,TEX,1,2,0,0,0,0,0,0,0,2,0,0,.000,.000,.000,.000
Kevin K Melillo,OAK,1,0,0,0,0,0,0,0,1,0,0,0,.000,1.000,.000,1.000
Jose J Morales,MIN,1,3,1,3,1,0,0,0,0,0,0,0,1.000,1.000,1.333,2.333
Colt C Morton,SD,1,1,0,0,0,0,0,0,0,0,0,0,.000,.000,.000,.000
Chad C Orvella,TB,1,0,0,0,0,0,0,0,0,0,0,0,.000,.000,.000,.000
Vicente V Padilla,TEX,1,2,1,1,0,0,0,0,0,1,0,0,.500,.500,.500,1.000
Chan Ho C Park,NYM,1,1,0,0,0,0,0,0,0,1,0,0,.000,.000,.000,.000
Heath H Phillips,CWS,1,0,0,0,0,0,0,0,0,0,0,0,.000,.000,.000,.000
Bret B Prinz,CWS,1,0,0,0,0,0,0,0,0,0,0,0,.000,.000,.000,.000
Aaron A Rakers,SD,1,0,0,0,0,0,0,0,0,0,0,0,.000,.000,.000,.000
Clay C Rapada,CHC,1,0,0,0,0,0,0,0,0,0,0,0,.000,.000,.000,.000
Darrell D Rasner,NYY,1,0,0,0,0,0,0,0,0,0,0,0,.000,.000,.000,.000
Chris C Reitsma,SEA,1,0,0,0,0,0,0,0,0,0,0,0,.000,.000,.000,.000
Kenny K Rogers,DET,1,2,0,0,0,0,0,0,0,1,0,0,.000,.000,.000,.000
C Sabathia,CLE,1,3,0,2,0,0,0,0,0,0,0,0,.667,.667,.667,1.333
Donnie D Sadler,ARI,1,1,0,0,0,0,0,0,0,0,0,0,.000,.000,.000,.000
Curt C Schilling,BOS,1,2,0,1,0,0,0,0,0,1,0,0,.500,.500,.500,1.000
Mike M Schultz,ARI,1,0,0,0,0,0,0,0,0,0,0,0,.000,.000,.000,.000
Zack Z Segovia,PHI,1,2,0,0,0,0,0,0,0,0,0,0,.000,.000,.000,.000
Andrew A Sisco,CWS,1,0,0,0,0,0,0,0,0,0,0,0,.000,.000,.000,.000
Jeremy J Sowers,CLE,1,1,1,1,0,0,0,0,1,0,0,0,1.000,1.000,1.000,2.000
Jason J Standridge,KC,1,0,0,0,0,0,0,0,0,0,0,0,.000,.000,.000,.000
Jason J Stanford,CLE,1,2,0,0,0,0,0,0,0,2,0,0,.000,.000,.000,.000
Tim T Wakefield,BOS,1,2,0,0,0,0,0,0,0,2,0,0,.000,.000,.000,.000
Chien- Ming C Wang,NYY,1,3,0,0,0,0,0,0,0,3,0,0,.000,.000,.000,.000
Jake J Westbrook,CLE,1,2,0,0,0,0,0,0,0,2,0,0,.000,.000,.000,.000
Jake J Woods,SEA,1,0,0,0,0,0,0,0,0,0,0,0,.000,.000,.000,.000
Jamey J Wright,TEX,1,1,0,0,0,0,0,0,0,1,0,0,.000,.000,.000,.000
